1398 4195 140 14

0 30 5485
1 60 11465
2 90 17976
3 120 25050
4 150 32728
5 180 41048
6 210 50054
7 240 59789
8 270 70302
9 300 81643
10 330 93865
11 360 107025
12 390 121183
13 420 136401

0 19946
1 30707
2 19260
3 18562
4 22458
5 25751
6 29331
7 17194
8 23863
9 26966
10 30217
11 20774
12 19865
13 24714
14 25843
15 26330
16 23039
17 20003
18 14359
19 19275
20 24614
21 29108
22 33710
23 28663
24 17131
25 22374
26 23486
27 32724
28 19728
29 20568
30 25290
31 21147
32 22014
33 23212
34 15388
35 28741
36 21220
37 24620
38 25607
39 23889
40 21515
41 20148
42 28090
43 27454
44 25734
45 24583
46 22439
47 20586
48 22996
49 30553
50 25585
51 19951
52 26458
53 22143
54 23849
55 26515
56 31435
57 32065
58 29095
59 27502
60 22609
61 20691
62 26441
63 21183
64 23968
65 20935
66 17730
67 26812
68 25456
69 21304
70 22852
71 25321
72 30426
73 25333
74 23590
75 27655
76 24792
77 27982
78 25175
79 19299
80 24303
81 26780
82 23922
83 23953
84 17656
85 22084
86 20568
87 30013
88 22183
89 26413
90 21340
91 30663
92 19599
93 25113
94 18682
95 18451
96 19961
97 24651
98 24686
99 25095
100 23042
101 20427
102 22212
103 25178
104 25982
105 27863
106 21688
107 24064
108 22062
109 23021
110 23057
111 25178
112 22224
113 30935
114 23351
115 27648
116 34977
117 22215
118 23605
119 25292
120 21921
121 27553
122 26610
123 21631
124 32070
125 23903
126 25347
127 23652
128 27667
129 23836
130 20302
131 17859
132 28687
133 23022
134 20389
135 22852
136 28024
137 24729
138 27381
139 27759
140 24666
141 20167
142 17515
143 23274
144 28796
145 27028
146 26936
147 25155
148 21954
149 24715
150 26570
151 22136
152 29425
153 23426
154 16565
155 24947
156 27325
157 21169
158 25836
159 20288
160 19330
161 21071
162 27863
163 25573
164 21843
165 16636
166 30018
167 34443
168 34706
169 32456
170 26645
171 29068
172 24661
173 23075
174 14871
175 21548
176 28824
177 21680
178 25032
179 24323
180 20528
181 25614
182 26225
183 21365
184 24387
185 31346
186 31402
187 21846
188 22111
189 26029
190 19976
191 24357
192 24114
193 25496
194 26806
195 25213
196 25353
197 27184
198 23377
199 24129
200 24532
201 29836
202 14706
203 22395
204 25091
205 23384
206 30780
207 12100
208 21429
209 18571
210 29630
211 26971
212 24159
213 23859
214 26562
215 24877
216 19658
217 18140
218 27419
219 28295
220 19819
221 22044
222 17870
223 27433
224 22182
225 26836
226 26564
227 24499
228 18878
229 23181
230 26891
231 19736
232 18579
233 22052
234 23296
235 27316
236 23683
237 18444
238 22472
239 20872
240 20182
241 24845
242 29340
243 25884
244 21846
245 17779
246 29587
247 25146
248 25835
249 18982
250 23415
251 22260
252 20884
253 29010
254 25861
255 25445
256 28448
257 26262
258 24216
259 21067
260 24913
261 22425
262 23891
263 22878
264 29551
265 23885
266 19151
267 20411
268 19170
269 20958
270 23366
271 21658
272 22982
273 25691
274 23324
275 29862
276 29372
277 23741
278 21053
279 25534
280 16576
281 18423
282 23533
283 23030
284 33471
285 30146
286 25445
287 22947
288 21343
289 23116
290 16732
291 27452
292 24500
293 23600
294 26095
295 24685
296 20492
297 30695
298 21833
299 25614
300 25267
301 23299
302 21927
303 20614
304 22471
305 24572
306 27366
307 25402
308 20617
309 30219
310 25515
311 27217
312 21004
313 25761
314 19019
315 25632
316 27817
317 27106
318 24522
319 34907
320 22938
321 16277
322 22283
323 21587
324 20934
325 28907
326 34302
327 20190
328 15976
329 30348
330 21991
331 19442
332 22852
333 22944
334 22264
335 28738
336 23749
337 24852
338 22822
339 25513
340 24388
341 18130
342 24258
343 22766
344 26522
345 25458
346 13374
347 27069
348 23413
349 24222
350 22271
351 25535
352 19259
353 28636
354 30725
355 29345
356 27969
357 30016
358 27164
359 26264
360 19970
361 23803
362 24342
363 19826
364 24315
365 23984
366 25761
367 21038
368 25701
369 25023
370 21015
371 16680
372 24913
373 22799
374 24463
375 24389
376 30380
377 30470
378 25605
379 22430
380 24255
381 21836
382 19606
383 18464
384 26862
385 24081
386 27462
387 19464
388 25774
389 24462
390 26941
391 21048
392 30429
393 27814
394 22436
395 21840
396 25250
397 24996
398 23965
399 24288
400 30232
401 19910
402 26397
403 20100
404 23112
405 22982
406 16502
407 26422
408 23138
409 31541
410 22037
411 24768
412 26965
413 25355
414 33146
415 24592
416 21559
417 25532
418 26481
419 21488
420 22965
421 22376
422 20620
423 26335
424 20631
425 26261
426 27976
427 21441
428 21496
429 22783
430 28033
431 24540
432 22168
433 24852
434 23249
435 22669
436 30389
437 27692
438 19117
439 23129
440 24151
441 20993
442 24910
443 25406
444 21625
445 26617
446 20237
447 37356
448 28353
449 17434
450 22130
451 27791
452 26256
453 16303
454 27268
455 22041
456 25062
457 21988
458 21904
459 27781
460 24261
461 22205
462 18541
463 20265
464 21559
465 27587
466 23692
467 28029
468 23343
469 23774
470 16355
471 25060
472 19289
473 25421
474 19892
475 27309
476 22151
477 26007
478 21745
479 21223
480 22962
481 21797
482 26466
483 35751
484 25229
485 24768
486 24899
487 22726
488 25190
489 30478
490 27365
491 24371
492 24453
493 23344
494 12100
495 24727
496 26253
497 16527
498 15753
499 25763
500 18866
501 21621
502 22034
503 25077
504 30303
505 17040
506 25623
507 20042
508 26543
509 14979
510 27727
511 28517
512 23328
513 27385
514 28462
515 25695
516 24646
517 28707
518 22022
519 27384
520 26296
521 22128
522 18394
523 24631
524 15976
525 26051
526 24521
527 26770
528 21010
529 28070
530 27135
531 19689
532 20597
533 18583
534 28547
535 27355
536 20487
537 25493
538 27344
539 25266
540 31876
541 24485
542 19698
543 31347
544 25856
545 23614
546 26836
547 26468
548 17747
549 27277
550 20473
551 31597
552 30366
553 26705
554 30202
555 21954
556 28039
557 20509
558 21222
559 27234
560 27804
561 26230
562 29274
563 29619
564 30400
565 24214
566 20744
567 19909
568 31030
569 18617
570 22490
571 27767
572 31482
573 24589
574 21932
575 26059
576 23469
577 31451
578 26081
579 24659
580 22274
581 33428
582 18709
583 24030
584 20279
585 21967
586 23478
587 21605
588 25911
589 25587
590 33734
591 33566
592 30427
593 23303
594 22419
595 15482
596 23423
597 30616
598 26383
599 20444
600 19944
601 32178
602 17296
603 18603
604 30157
605 21378
606 27191
607 23620
608 23818
609 22563
610 23515
611 20056
612 29238
613 18745
614 25830
615 27642
616 18477
617 27480
618 23574
619 31386
620 29885
621 18741
622 22261
623 23179
624 22457
625 25714
626 19955
627 26454
628 21400
629 24109
630 20296
631 19433
632 27937
633 28461
634 24075
635 33134
636 22839
637 25929
638 22850
639 20066
640 25520
641 20577
642 27806
643 22387
644 21000
645 25546
646 27143
647 24015
648 24312
649 24495
650 28764
651 28793
652 25798
653 17810
654 21836
655 26299
656 22146
657 25502
658 27016
659 22457
660 28115
661 25357
662 23588
663 18906
664 26583
665 20390
666 23582
667 19267
668 20042
669 20161
670 27836
671 28502
672 33743
673 29556
674 20770
675 24617
676 25571
677 20479
678 28382
679 27073
680 24090
681 24281
682 26877
683 19554
684 26804
685 23053
686 18609
687 25305
688 16394
689 24016
690 23926
691 21367
692 19321
693 22368
694 28712
695 23618
696 28608
697 18268
698 19910
699 33655
700 27791
701 20739
702 26368
703 24014
704 28072
705 28079
706 28272
707 19415
708 26569
709 27229
710 26739
711 28239
712 19491
713 19455
714 24085
715 27056
716 28552
717 31270
718 23808
719 26396
720 20330
721 19977
722 24615
723 21191
724 37263
725 19074
726 24040
727 30549
728 26814
729 28335
730 25521
731 26876
732 25439
733 22367
734 20189
735 26712
736 25043
737 27156
738 13759
739 21368
740 25635
741 24544
742 23358
743 20527
744 20221
745 21522
746 23542
747 17940
748 33748
749 26910
750 28889
751 26820
752 22351
753 28071
754 24931
755 29907
756 25043
757 17449
758 28150
759 23971
760 24521
761 19394
762 22664
763 23957
764 23818
765 30860
766 27062
767 19963
768 28122
769 14424
770 27311
771 25306
772 29072
773 27855
774 25902
775 20869
776 26721
777 21273
778 19329
779 26588
780 24368
781 28142
782 30560
783 22341
784 24709
785 18730
786 18779
787 24392
788 20694
789 15899
790 28773
791 19433
792 27766
793 27883
794 19311
795 21138
796 15521
797 20392
798 28483
799 34805
800 21444
801 26675
802 25445
803 28926
804 16494
805 22282
806 26092
807 32979
808 25713
809 25238
810 22528
811 30338
812 23381
813 30638
814 19520
815 23842
816 27479
817 31783
818 25508
819 15504
820 19179
821 25820
822 25040
823 29002
824 18291
825 24388
826 24460
827 25945
828 23670
829 19027
830 15866
831 18921
832 25632
833 29946
834 22985
835 21831
836 26527
837 25816
838 18477
839 29101
840 32609
841 21686
842 30853
843 21069
844 23557
845 31599
846 23614
847 27889
848 20925
849 21492
850 24372
851 26800
852 24179
853 17842
854 26302
855 25534
856 25740
857 21542
858 24104
859 22126
860 22973
861 27719
862 23351
863 19041
864 32052
865 22936
866 24676
867 26496
868 19604
869 24895
870 28602
871 15967
872 22466
873 30823
874 33512
875 20179
876 22061
877 27312
878 30826
879 22467
880 27564
881 21982
882 28162
883 27278
884 22559
885 25224
886 20160
887 29905
888 29057
889 20402
890 21945
891 36695
892 27163
893 21600
894 23403
895 21996
896 36759
897 29204
898 20844
899 27392
900 26455
901 28386
902 23114
903 29573
904 23941
905 24339
906 24313
907 18182
908 19670
909 22309
910 25572
911 24712
912 19324
913 25208
914 18831
915 32193
916 23289
917 21789
918 25088
919 20094
920 30096
921 21356
922 21722
923 18108
924 26032
925 22008
926 17845
927 23322
928 21099
929 18911
930 33531
931 18190
932 15501
933 25675
934 22728
935 23073
936 30701
937 31114
938 29148
939 22150
940 22650
941 26878
942 23020
943 24544
944 24975
945 25293
946 21940
947 24769
948 18470
949 21123
950 20640
951 21902
952 18932
953 23650
954 24558
955 24020
956 16882
957 26768
958 25491
959 19022
960 24000
961 26766
962 34010
963 25238
964 25089
965 28308
966 31430
967 16993
968 17466
969 26021
970 25249
971 18863
972 25393
973 23852
974 23215
975 32042
976 28974
977 29947
978 23564
979 22181
980 16332
981 14938
982 19617
983 24328
984 22236
985 24073
986 21153
987 23682
988 29118
989 18119
990 24730
991 30684
992 20103
993 19822
994 20867
995 29013
996 25777
997 25094
998 25085
999 31559
1000 24148
1001 21119
1002 23497
1003 19896
1004 25653
1005 26159
1006 16657
1007 23569
1008 27080
1009 19933
1010 23033
1011 30420
1012 23798
1013 30485
1014 27576
1015 20953
1016 29137
1017 26345
1018 29675
1019 16187
1020 22399
1021 21021
1022 20150
1023 26452
1024 23747
1025 25352
1026 27879
1027 17925
1028 17806
1029 19352
1030 22005
1031 23152
1032 25145
1033 26943
1034 24124
1035 17676
1036 20534
1037 28151
1038 24331
1039 26086
1040 21675
1041 22031
1042 21244
1043 24541
1044 18856
1045 26701
1046 29851
1047 27045
1048 27671
1049 24847
1050 28585
1051 27259
1052 16393
1053 30142
1054 22556
1055 19895
1056 19564
1057 19152
1058 28841
1059 20316
1060 32041
1061 31948
1062 29016
1063 23411
1064 25543
1065 24572
1066 12588
1067 20876
1068 26868
1069 25198
1070 22996
1071 20499
1072 26802
1073 25887
1074 21663
1075 28519
1076 20756
1077 30729
1078 30169
1079 26471
1080 22790
1081 22842
1082 24164
1083 24311
1084 19754
1085 25369
1086 18641
1087 23234
1088 18755
1089 24865
1090 27016
1091 16135
1092 25836
1093 20846
1094 20477
1095 28876
1096 32136
1097 24259
1098 26031
1099 27183
1100 24424
1101 19528
1102 21646
1103 16080
1104 30665
1105 30977
1106 28801
1107 31506
1108 24890
1109 23584
1110 24399
1111 25520
1112 32495
1113 24391
1114 16212
1115 31503
1116 24863
1117 19958
1118 29349
1119 32975
1120 25437
1121 19785
1122 27402
1123 22339
1124 21410
1125 15463
1126 24917
1127 33337
1128 26426
1129 25820
1130 33790
1131 22424
1132 22523
1133 24084
1134 19661
1135 22820
1136 23153
1137 25840
1138 25232
1139 22268
1140 23037
1141 27621
1142 21424
1143 22400
1144 19207
1145 22076
1146 20659
1147 25182
1148 26932
1149 28619
1150 31872
1151 32949
1152 20194
1153 20965
1154 21977
1155 28933
1156 21722
1157 21046
1158 20607
1159 27785
1160 26173
1161 19653
1162 25841
1163 28551
1164 23510
1165 34343
1166 27876
1167 22563
1168 23033
1169 28810
1170 22007
1171 28591
1172 19282
1173 36530
1174 25335
1175 25717
1176 25080
1177 28112
1178 21652
1179 18930
1180 24762
1181 25531
1182 25851
1183 20588
1184 28795
1185 19052
1186 23011
1187 25226
1188 24040
1189 25154
1190 22778
1191 32670
1192 26381
1193 22015
1194 21513
1195 21084
1196 23014
1197 31926
1198 18680
1199 24993
1200 23715
1201 21934
1202 23595
1203 19022
1204 26265
1205 21186
1206 29418
1207 22693
1208 25825
1209 19056
1210 16299
1211 30820
1212 19962
1213 21417
1214 22899
1215 24517
1216 26006
1217 30301
1218 32061
1219 25727
1220 26874
1221 26132
1222 23870
1223 26780
1224 30902
1225 24430
1226 27729
1227 23277
1228 29208
1229 23648
1230 21364
1231 19622
1232 26521
1233 31991
1234 27766
1235 18101
1236 20764
1237 27515
1238 22564
1239 16668
1240 20372
1241 23557
1242 23458
1243 24733
1244 25766
1245 29516
1246 20425
1247 24147
1248 20732
1249 27798
1250 25821
1251 24765
1252 24561
1253 26009
1254 24198
1255 16084
1256 23995
1257 16730
1258 21468
1259 24908
1260 27110
1261 26960
1262 21620
1263 23785
1264 22725
1265 18688
1266 19470
1267 26653
1268 24973
1269 22760
1270 21078
1271 26543
1272 27053
1273 25376
1274 23862
1275 25049
1276 23703
1277 25227
1278 24371
1279 24502
1280 29194
1281 24721
1282 26392
1283 22172
1284 21520
1285 23168
1286 22714
1287 26660
1288 27740
1289 19083
1290 24973
1291 23107
1292 23909
1293 20561
1294 21952
1295 12387
1296 27382
1297 20474
1298 26128
1299 28203
1300 23343
1301 20631
1302 21528
1303 18570
1304 22903
1305 19258
1306 20548
1307 26284
1308 19625
1309 21843
1310 24570
1311 29355
1312 22973
1313 21416
1314 17849
1315 28192
1316 23169
1317 27031
1318 21362
1319 26488
1320 23383
1321 26081
1322 22599
1323 25279
1324 24647
1325 23073
1326 25826
1327 22860
1328 26522
1329 16345
1330 25601
1331 22078
1332 22892
1333 21545
1334 23908
1335 21901
1336 15995
1337 21851
1338 26281
1339 22201
1340 23122
1341 24789
1342 26632
1343 23866
1344 27756
1345 21984
1346 23792
1347 22077
1348 20624
1349 22079
1350 26874
1351 25094
1352 26309
1353 26494
1354 23362
1355 27667
1356 28019
1357 18627
1358 25563
1359 26648
1360 24018
1361 18199
1362 26769
1363 28623
1364 28819
1365 16287
1366 24466
1367 27488
1368 17587
1369 28139
1370 17420
1371 24409
1372 25461
1373 23654
1374 22603
1375 24404
1376 24583
1377 19713
1378 25675
1379 23565
1380 23080
1381 19716
1382 25010
1383 28686
1384 26552
1385 23085
1386 23547
1387 26806
1388 24376
1389 26517
1390 26371
1391 28378
1392 30617
1393 21133
1394 24258
1395 24164
1396 16864
1397 18121

0 511 31 13
0 514 19 9
0 737 20 8
0 844 58 8
0 860 12 15
0 903 38 12
0 1006 57 11
0 1014 39 7
0 1132 23 6
0 1240 31 8
0 1296 8 4
1 36 34 14
1 232 6 3
1 327 3 5
1 580 52 15
1 737 18 1
1 860 20 9
1 887 38 10
1 1296 59 3
1 1349 39 9
2 58 23 13
2 422 17 9
2 524 25 10
2 737 9 14
2 752 4 11
2 801 15 7
2 860 13 5
2 1201 7 12
2 1270 39 4
2 1296 19 4
3 245 52 10
3 269 32 2
3 295 40 13
3 758 40 11
4 134 39 10
4 420 33 7
4 581 60 13
4 865 38 13
4 1012 13 3
4 1088 39 10
4 1329 53 12
5 141 14 4
5 509 60 15
6 118 42 4
6 241 39 4
6 406 41 7
6 1016 39 4
6 1052 53 12
6 1134 56 11
7 23 15 5
7 313 50 1
7 337 20 3
7 511 34 1
7 563 27 14
7 572 4 3
7 715 44 1
7 982 48 15
7 1124 6 3
7 1206 36 3
7 1340 14 15
8 40 5 13
8 302 31 13
8 443 14 1
8 822 11 1
8 1032 54 7
8 1037 37 9
8 1120 41 7
8 1203 17 3
8 1271 39 13
9 60 35 12
9 1016 55 2
9 1349 17 6
10 339 41 3
10 355 32 8
10 374 24 13
10 820 48 15
10 995 10 15
10 1202 32 14
10 1309 46 11
10 1326 3 9
11 12 31 14
11 672 27 1
11 820 36 1
11 1110 8 10
12 52 12 11
12 230 59 11
12 418 30 15
12 682 29 2
12 704 55 10
12 776 11 14
12 792 16 2
12 913 34 1
12 1250 41 4
12 1317 28 3
13 106 57 7
13 190 44 1
13 334 48 2
13 444 16 9
13 604 27 4
13 657 42 6
13 842 15 14
13 894 27 7
13 1165 47 11
14 232 44 12
14 327 57 7
14 816 10 5
14 847 27 12
14 1377 40 1
15 86 53 3
15 249 2 5
15 273 60 5
15 389 26 12
15 508 28 4
15 878 31 11
15 1251 21 6
15 1280 1 1
15 1327 36 7
16 335 51 1
16 496 40 10
16 916 14 14
16 1045 8 6
16 1123 35 2
16 1242 35 3
16 1275 28 9
17 100 44 8
17 893 35 8
17 1024 41 11
17 1145 8 8
18 255 46 10
18 522 43 7
18 936 8 10
19 371 58 4
19 902 49 9
19 1196 54 2
20 540 5 12
20 890 52 11
21 52 58 15
21 79 58 6
21 147 57 4
21 178 19 8
21 242 31 1
21 422 34 3
21 646 2 14
21 849 21 1
21 1157 40 11
21 1325 50 3
22 31 13 6
22 591 24 10
22 652 49 8
22 665 6 10
22 803 44 9
22 1163 36 4
22 1343 57 4
22 1395 52 14
23 125 51 10
23 190 45 9
23 372 28 8
23 498 43 12
23 639 50 2
23 731 19 13
23 1061 1 2
23 1152 5 10
24 547 27 2
24 1346 42 15
24 1386 18 2
25 302 42 9
25 382 23 3
25 684 1 6
25 754 31 3
25 774 7 1
25 919 51 13
25 1092 33 11
25 1148 12 4
25 1217 27 1
25 1338 24 5
26 1209 59 6
26 1218 35 3
27 60 44 12
27 159 12 11
27 392 41 4
28 36 23 12
28 512 23 13
28 516 35 8
28 946 1 5
29 323 43 11
29 731 57 13
29 733 9 11
30 278 35 7
30 287 38 2
30 468 12 6
30 585 22 15
30 636 6 1
31 570 37 15
31 818 19 14
31 1222 42 11
31 1224 37 8
32 279 38 15
32 813 6 3
32 1009 44 14
32 1267 12 9
33 165 27 13
33 215 29 11
33 231 18 13
33 656 29 11
33 689 45 2
33 1256 59 11
34 315 12 1
34 448 7 9
34 532 36 5
34 823 28 2
34 1378 53 10
35 57 7 5
35 70 2 14
35 296 8 13
35 1136 60 9
35 1328 46 13
36 96 41 8
36 126 31 6
36 229 20 12
36 369 60 9
36 401 32 9
36 430 4 1
37 396 30 13
37 478 20 9
37 541 4 1
37 544 3 9
37 678 47 12
37 1063 33 8
37 1115 59 10
37 1131 20 4
38 79 7 9
38 316 51 5
38 1081 8 13
38 1368 16 7
39 281 8 9
39 288 50 15
39 335 49 7
39 432 58 9
39 513 24 6
39 697 9 13
39 1196 60 6
39 1223 3 3
40 47 20 2
40 207 54 1
40 916 40 8
41 501 25 2
41 675 46 14
41 731 41 13
41 771 24 1
41 918 17 8
41 1073 11 6
42 78 11 15
42 773 6 6
42 847 56 5
42 997 38 7
42 1180 9 10
43 778 49 3
43 835 40 8
43 1250 4 5
44 98 32 9
44 1115 17 10
45 56 56 6
45 97 48 2
45 619 41 13
45 1003 34 3
45 1303 16 8
46 51 54 14
46 581 50 4
46 612 37 8
46 692 16 2
46 1064 8 1
46 1145 54 13
46 1299 1 14
47 709 30 11
47 873 42 2
48 257 35 8
48 259 50 3
48 717 46 13
48 765 53 2
48 768 44 12
48 1038 33 15
48 1086 1 15
49 293 20 3
49 537 44 6
49 1346 36 5
50 148 29 6
50 203 54 3
50 597 45 13
50 621 19 10
50 993 5 12
50 1023 34 6
50 1347 1 8
51 250 50 1
51 866 32 9
51 1220 4 2
52 800 29 6
52 806 43 12
52 846 41 13
52 876 2 5
52 890 55 8
52 908 24 8
52 977 27 13
52 1163 24 2
52 1256 4 2
53 260 31 9
53 586 29 15
53 825 56 10
53 866 19 4
53 1024 42 5
53 1087 27 11
53 1313 36 12
54 1037 59 9
54 1131 9 15
54 1383 32 4
55 199 7 14
55 249 13 6
55 502 24 12
55 625 58 14
55 1097 30 6
55 1213 25 11
55 1345 16 11
55 1361 58 1
56 67 46 1
56 228 52 6
56 459 11 9
56 734 37 15
56 896 35 5
56 904 2 10
56 1069 37 7
56 1228 2 14
56 1247 56 5
57 156 37 2
57 245 31 10
57 789 39 3
57 997 56 9
58 787 14 8
58 870 43 5
58 1037 12 4
58 1107 27 1
58 1265 37 10
59 149 36 3
59 279 40 11
59 1069 55 14
59 1222 6 10
59 1365 50 2
60 90 15 8
60 127 18 7
60 397 53 2
60 609 1 13
60 672 22 2
60 795 55 6
60 822 39 13
60 944 45 7
60 1211 26 9
61 172 18 5
61 730 47 10
61 744 7 13
61 809 11 4
61 820 30 13
61 902 15 8
62 137 12 9
62 455 43 8
62 518 50 10
62 621 58 12
62 702 7 5
62 757 52 2
62 807 42 13
62 1099 34 6
62 1198 23 6
63 534 34 5
63 679 19 1
63 787 49 2
63 984 21 10
63 1211 26 15
64 279 54 4
64 591 32 15
64 996 4 15
64 1160 53 2
65 106 53 14
65 139 34 6
65 516 9 1
65 577 44 12
65 618 48 2
65 1069 59 13
65 1138 16 3
65 1306 48 2
66 431 53 10
66 840 59 9
66 1149 22 7
66 1337 24 14
67 318 48 8
67 520 49 10
67 753 19 6
67 899 2 12
67 987 2 12
67 1014 22 7
67 1048 36 9
67 1258 45 4
68 509 59 6
69 322 17 15
69 439 24 5
69 665 3 10
69 1062 11 14
69 1146 18 7
70 487 18 5
70 846 48 2
70 995 5 4
70 1216 34 7
70 1346 10 7
71 119 39 6
71 150 35 13
71 706 51 15
71 1249 52 13
71 1277 6 8
71 1308 31 15
72 295 45 15
72 598 10 14
72 638 45 14
72 856 35 5
72 943 48 4
72 988 51 14
72 1259 25 13
73 111 22 13
73 441 43 2
73 759 46 10
73 827 35 10
73 1387 5 11
73 1397 41 11
74 295 9 3
74 422 57 10
74 448 29 11
74 848 4 15
74 850 57 3
74 888 7 15
74 951 43 10
75 206 24 12
75 470 17 7
75 993 5 4
75 1016 28 5
75 1120 5 10
75 1178 7 7
76 165 15 15
76 797 10 15
76 1139 22 6
76 1164 2 8
76 1373 55 9
77 347 19 10
77 653 12 7
77 706 28 4
77 768 1 4
77 957 52 2
78 148 26 10
78 185 14 1
78 827 12 11
78 895 5 11
78 1053 47 2
78 1261 24 6
78 1308 1 10
78 1332 42 6
79 319 26 14
80 787 22 13
80 914 34 14
81 227 50 7
81 398 47 15
81 799 15 5
82 561 8 13
82 833 28 7
82 996 45 15
82 1156 27 4
82 1283 48 11
82 1365 4 2
83 161 44 15
83 205 10 14
84 163 48 9
84 170 33 14
84 212 32 7
84 234 21 6
84 303 21 12
84 346 58 11
84 701 43 5
84 856 42 15
84 986 7 3
84 1104 30 6
84 1155 7 7
84 1192 50 9
84 1293 35 7
84 1349 57 13
85 279 7 4
85 281 7 9
85 472 12 11
85 1078 17 12
85 1099 32 12
86 126 54 10
86 376 20 7
86 975 44 2
87 137 35 9
87 615 38 13
87 1396 42 15
88 382 30 9
88 1218 28 9
88 1297 36 9
89 278 56 4
89 331 31 7
89 1061 30 2
90 562 60 5
90 570 7 1
90 848 12 11
90 1027 9 6
90 1300 20 6
90 1383 40 13
91 361 52 3
91 481 10 11
91 586 26 10
91 714 25 8
91 1074 46 9
92 251 48 4
92 462 27 6
92 551 28 3
92 649 34 15
92 837 12 1
92 1097 30 6
92 1185 56 15
93 148 9 4
93 543 10 2
93 720 9 7
93 872 39 1
93 971 3 6
93 1137 40 14
94 700 50 3
94 888 6 11
94 1040 25 10
94 1228 24 13
94 1342 1 10
95 179 58 2
95 335 44 14
95 1006 22 15
95 1044 35 12
95 1147 37 6
95 1165 29 9
95 1285 38 3
95 1289 38 10
95 1362 52 10
96 180 43 7
96 215 48 13
96 312 43 5
96 951 37 5
96 1080 59 4
96 1171 33 10
96 1259 18 7
97 236 13 2
97 456 53 2
97 1004 39 4
97 1205 37 2
97 1293 4 11
98 841 17 7
98 1014 33 3
98 1111 52 3
98 1154 53 13
98 1207 56 11
98 1352 26 4
99 287 26 7
99 560 23 12
99 567 46 14
99 590 17 8
99 647 50 1
99 902 59 7
100 142 22 10
100 419 7 1
100 477 1 8
100 825 40 12
100 1026 55 13
101 369 43 10
101 388 44 1
101 715 1 9
101 731 36 14
101 919 26 14
101 961 29 2
101 966 57 2
102 336 31 12
102 754 55 11
102 1107 40 14
102 1127 47 4
102 1198 31 4
102 1231 1 14
102 1337 58 15
103 162 35 9
103 390 23 10
103 1346 13 5
103 1361 31 14
104 282 17 14
104 288 29 10
104 1075 35 2
105 531 41 8
105 591 29 10
105 898 49 3
105 1223 34 2
105 1310 19 15
106 271 53 2
106 287 11 15
106 304 41 7
106 436 4 15
106 519 48 10
106 648 39 5
106 788 9 8
106 829 34 6
107 412 21 10
107 660 52 11
107 1373 12 15
108 206 31 9
108 295 51 15
108 345 16 15
108 504 35 12
108 556 53 4
108 604 16 14
108 1007 35 13
109 124 55 8
109 127 28 11
109 345 6 11
109 646 37 7
109 980 31 2
109 1082 19 2
109 1115 28 15
110 285 37 5
110 637 47 11
110 654 33 5
110 863 41 2
110 1137 59 3
110 1388 14 10
111 129 7 8
111 715 42 13
111 1054 24 7
112 159 54 2
112 302 9 7
112 436 28 9
112 1153 9 7
112 1271 54 5
113 479 5 13
113 1063 41 8
113 1136 15 5
113 1218 36 7
113 1321 22 9
114 213 11 14
114 358 38 8
114 386 5 14
114 396 4 6
114 508 38 3
114 514 8 5
114 1040 42 12
115 281 9 1
115 709 57 5
115 726 12 2
115 1112 27 8
115 1132 42 7
115 1280 11 2
116 540 2 5
116 973 53 1
116 1144 31 6
117 399 48 3
117 445 13 2
117 487 30 2
117 760 13 2
117 1099 51 11
117 1327 22 13
118 499 51 12
118 1259 33 2
118 1289 8 2
119 159 32 1
119 268 48 8
119 999 4 15
119 1043 45 14
120 220 25 12
120 255 10 12
120 306 42 14
120 800 49 13
120 1170 13 7
121 159 31 2
121 1318 8 7
121 1336 7 11
122 549 3 12
122 743 9 1
122 871 14 5
122 885 49 6
122 1075 31 10
122 1288 22 14
123 222 14 3
123 426 7 14
123 432 39 14
123 551 33 8
123 589 26 3
123 661 49 6
123 883 39 7
123 1224 11 11
124 129 18 3
124 605 14 11
124 1329 11 13
125 359 45 8
125 407 57 11
125 586 7 13
125 709 24 6
126 329 10 14
126 835 45 11
127 132 32 7
127 262 57 4
127 344 25 12
127 437 28 13
127 1110 50 10
127 1147 26 1
127 1358 35 1
128 743 6 7
128 917 51 1
128 1221 32 5
129 141 48 8
129 458 45 15
129 459 17 6
129 580 35 8
129 626 43 14
129 740 13 1
129 809 17 6
129 929 38 3
129 1011 35 3
129 1064 38 5
130 206 3 2
130 236 43 12
130 688 45 14
130 763 32 1
130 857 28 2
130 1064 60 5
130 1251 53 8
131 194 20 7
131 550 15 12
131 636 11 7
131 900 16 10
131 965 54 15
131 1030 44 11
131 1042 35 3
131 1215 2 8
132 268 26 12
132 342 54 3
132 551 51 10
132 934 47 15
132 944 10 4
132 1165 60 3
132 1183 13 7
133 207 31 7
133 340 56 2
133 672 1 15
133 823 36 2
133 831 17 15
133 1079 59 8
134 223 23 5
134 281 11 3
134 315 3 12
134 320 11 8
134 401 35 7
134 609 39 14
134 752 46 10
134 880 18 13
135 300 21 7
135 503 30 15
135 525 44 12
135 542 52 15
135 564 6 14
135 1116 20 7
135 1306 55 3
136 269 43 4
136 681 51 9
137 236 29 1
137 351 20 15
137 390 40 4
137 1017 53 5
137 1182 56 3
137 1198 52 5
138 220 37 10
138 587 30 5
138 667 31 3
138 677 9 9
138 907 31 4
138 1385 59 6
139 361 15 5
139 438 14 11
139 467 33 15
139 636 49 3
139 711 23 11
139 1027 43 8
139 1145 15 14
140 496 3 15
140 904 15 14
141 356 53 2
141 413 5 5
141 464 19 7
141 575 33 6
141 754 40 10
142 604 11 3
142 1015 10 5
142 1039 55 8
142 1308 6 11
143 197 44 6
143 356 10 4
143 623 40 13
143 791 51 13
143 830 48 15
143 1029 55 10
143 1154 33 9
143 1158 22 9
143 1220 29 11
144 347 22 4
144 394 31 4
144 509 38 6
144 924 32 3
145 312 19 5
145 420 38 4
145 777 8 6
145 1227 40 9
146 171 47 7
146 676 7 13
146 747 1 15
146 1044 19 6
146 1333 43 9
147 363 29 9
147 581 31 14
148 222 17 3
148 280 44 1
148 494 39 11
148 1079 36 15
149 427 59 4
149 458 31 5
149 529 19 6
149 1061 20 8
149 1242 31 2
150 510 24 9
150 997 9 2
150 1224 46 2
150 1321 60 9
151 255 36 3
151 553 27 9
151 1374 50 6
152 227 43 8
152 243 1 5
152 377 9 5
152 473 15 3
152 594 5 14
152 680 60 13
152 706 33 7
152 754 26 15
152 811 5 11
152 984 36 15
152 1363 5 1
152 1386 49 3
152 1396 52 6
153 281 41 12
153 1027 56 4
153 1172 19 7
153 1397 33 8
154 397 46 15
154 439 58 12
154 534 37 12
154 627 22 6
154 639 3 7
154 688 48 7
154 841 16 10
154 1252 59 3
155 164 48 10
155 241 40 4
155 615 16 15
155 639 14 6
155 919 53 2
155 1074 18 3
155 1104 55 7
155 1165 17 1
155 1175 2 13
155 1244 9 15
156 294 21 12
156 645 32 2
156 649 32 14
156 920 13 4
156 930 43 6
156 1360 26 14
157 325 3 5
157 455 53 5
157 665 32 12
157 746 10 10
157 1013 27 11
157 1069 9 13
157 1112 50 12
157 1118 3 2
157 1148 24 6
158 178 57 11
158 305 52 13
158 673 2 3
158 969 50 6
158 1311 44 9
159 415 52 13
159 710 55 14
159 831 56 11
159 980 42 9
159 1244 1 11
159 1366 18 1
160 181 52 13
160 336 5 3
160 1161 50 15
161 400 18 14
161 479 43 3
161 674 8 11
161 1153 47 12
163 369 15 7
163 463 7 10
163 648 28 15
163 1006 26 1
163 1078 40 7
164 305 10 9
164 331 50 15
164 534 53 9
164 648 23 8
164 668 26 13
164 1208 8 7
165 303 10 11
165 501 14 3
165 918 51 12
165 1222 42 1
166 446 27 11
166 497 50 8
166 765 12 4
166 791 18 15
166 846 35 12
166 1171 44 12
166 1317 37 8
167 534 30 14
167 536 2 14
167 627 13 15
167 846 32 13
167 862 15 12
167 903 38 15
167 1203 36 9
167 1261 19 15
167 1266 48 7
167 1396 12 1
168 274 59 1
168 591 58 7
168 623 32 15
168 626 9 9
168 979 11 12
168 1163 50 6
169 342 13 3
169 723 31 15
169 925 1 2
169 1345 29 10
170 741 3 3
170 891 50 3
171 328 51 1
171 766 20 14
171 1078 36 4
171 1148 53 5
172 265 4 4
172 333 31 14
172 520 9 2
172 679 29 11
172 738 33 4
172 998 45 4
173 344 45 4
173 354 59 14
173 475 16 12
173 981 24 5
173 1210 23 13
173 1273 47 4
173 1284 24 11
173 1381 30 1
174 184 27 1
174 225 13 2
174 451 25 15
174 547 5 15
174 885 23 4
174 1099 12 7
175 597 12 15
175 605 27 7
175 653 2 15
175 863 52 6
175 1285 10 1
176 669 45 6
176 1206 18 10
177 261 42 5
177 513 49 5
177 1114 45 5
177 1155 56 7
177 1254 13 3
177 1273 54 10
177 1393 6 5
178 211 36 10
178 395 8 2
178 483 43 11
178 1060 53 4
178 1065 45 5
178 1210 33 1
178 1282 31 9
179 730 54 13
179 896 33 3
179 1093 41 15
179 1106 37 3
179 1112 48 5
179 1308 49 3
180 394 39 5
180 430 48 13
180 448 31 15
180 526 35 9
180 1164 13 6
180 1266 17 15
181 460 5 5
181 506 44 11
181 979 56 8
182 349 58 15
182 832 22 10
182 1009 46 9
182 1029 59 15
182 1101 15 9
183 293 23 12
183 775 59 14
183 918 4 14
183 1385 33 11
184 686 43 4
185 208 23 4
185 624 54 13
185 633 60 11
185 712 9 4
185 918 15 1
185 994 40 4
185 1112 16 15
185 1185 45 13
186 247 52 11
186 1338 11 15
187 243 46 4
187 392 30 7
187 395 29 2
187 459 59 5
187 987 32 2
187 1118 19 1
187 1148 12 1
188 279 6 6
188 564 14 3
188 593 1 3
189 407 16 2
189 511 38 3
189 1281 21 15
190 1118 23 12
190 1148 50 13
190 1203 20 10
190 1216 29 5
190 1259 58 15
191 505 42 12
191 763 34 4
191 950 2 11
192 285 2 11
193 199 10 6
193 350 2 9
193 373 44 7
193 597 56 4
193 635 18 14
193 674 13 10
193 999 21 10
194 274 49 15
194 345 42 2
194 683 60 2
194 894 37 13
194 899 24 9
194 1340 47 11
195 513 24 14
195 931 31 1
195 1065 5 1
196 282 8 1
196 354 45 3
196 440 27 7
196 506 7 15
196 704 23 4
196 731 60 5
196 792 21 2
196 828 49 10
196 862 32 7
196 898 19 7
196 1196 27 2
196 1345 19 9
197 310 30 7
197 326 44 3
197 364 26 3
197 546 11 10
197 814 4 10
197 1220 18 15
198 221 14 12
198 334 18 8
198 610 17 10
198 634 16 12
198 635 33 7
198 739 11 11
198 872 29 6
198 1152 25 4
199 264 12 3
199 320 25 8
199 561 26 5
199 613 3 13
199 636 53 6
199 694 1 1
199 820 10 6
200 225 20 7
200 352 23 14
200 911 13 9
200 916 6 1
200 1170 55 6
200 1347 50 9
201 254 58 2
201 276 31 3
201 277 25 6
201 458 13 8
201 899 56 8
201 1253 24 7
201 1321 44 2
202 271 22 12
202 298 27 14
202 544 1 8
202 638 47 12
202 789 39 10
203 215 1 2
203 310 37 2
203 677 49 9
203 822 46 3
203 984 4 9
203 1042 43 14
203 1158 58 10
203 1254 40 3
203 1349 56 4
204 560 20 13
204 674 29 15
204 687 57 14
204 1096 8 8
204 1276 45 7
205 855 16 9
205 984 29 4
206 268 20 9
206 591 47 7
206 1301 32 10
206 1309 3 6
206 1339 57 8
207 289 34 8
207 713 9 6
207 803 33 15
207 832 27 12
207 954 8 12
208 322 9 15
208 422 11 10
208 506 19 1
208 596 49 13
208 1201 56 11
209 445 29 7
209 626 55 1
209 701 36 5
209 895 31 11
209 1076 22 7
209 1155 27 9
210 321 43 13
210 575 52 2
210 828 5 4
210 924 26 14
210 1012 53 2
210 1213 33 2
211 391 27 7
211 884 17 9
211 1352 40 9
212 380 13 10
212 386 11 7
212 735 54 15
212 838 23 13
212 1113 32 4
212 1223 19 12
213 750 11 1
213 899 40 1
213 1096 28 5
213 1215 35 14
214 217 7 4
214 343 26 1
214 344 4 14
214 894 7 12
214 955 53 10
215 297 58 15
215 353 46 11
215 421 4 1
215 1360 48 1
215 1388 18 8
216 300 52 15
216 523 36 6
216 569 4 5
216 772 13 14
216 868 57 8
216 968 2 1
216 979 30 8
216 1055 33 15
217 254 2 14
217 543 32 2
217 744 49 15
218 1068 31 9
219 341 37 10
219 844 15 14
219 949 51 1
219 1039 11 6
219 1097 51 13
220 805 26 9
220 1298 13 6
221 519 20 2
221 546 38 8
221 997 44 3
221 1122 17 4
222 531 47 6
222 693 13 2
222 710 11 11
222 811 43 15
222 921 46 15
222 1187 51 12
222 1366 18 1
223 270 17 7
223 293 20 3
223 465 55 8
223 568 14 11
223 728 39 6
223 1045 3 2
223 1260 38 14
223 1362 25 11
224 314 15 11
224 401 40 3
224 440 54 10
224 740 17 5
224 1389 44 8
225 568 36 14
225 593 47 10
225 654 5 13
225 800 12 12
225 951 23 6
225 1028 49 12
225 1067 12 5
225 1116 26 8
225 1124 36 8
225 1197 60 12
226 466 37 7
226 594 58 7
226 836 26 3
226 1032 29 2
226 1299 50 13
226 1360 17 7
227 229 23 12
227 437 38 10
227 606 6 15
227 812 49 14
228 349 8 10
228 593 30 12
228 1008 14 4
228 1272 48 4
229 1219 43 14
229 1237 20 4
230 372 1 8
230 412 19 2
230 821 1 11
230 845 18 1
230 1013 27 11
231 346 1 4
231 364 24 8
231 399 56 2
231 572 20 8
231 829 45 15
231 1046 4 2
232 579 40 6
232 677 37 5
232 1001 14 1
232 1009 39 2
232 1238 46 15
233 261 52 3
233 585 10 9
233 674 18 1
233 868 13 2
233 1075 1 9
233 1317 13 13
234 369 15 14
234 644 27 8
234 1082 53 12
234 1264 60 12
235 414 28 15
235 856 9 8
235 999 6 15
235 1207 43 8
235 1359 41 5
236 787 18 12
236 918 17 9
236 923 5 6
236 1019 19 14
236 1213 24 4
237 401 10 7
237 547 36 13
237 632 36 3
237 992 17 1
238 594 36 13
238 627 33 8
238 779 44 6
238 891 31 7
238 1073 16 11
238 1162 2 2
238 1210 32 13
238 1277 16 10
238 1312 36 6
239 277 48 5
239 349 53 1
239 396 36 2
239 736 18 14
239 880 7 4
239 1011 44 13
239 1269 20 6
239 1300 18 14
240 708 14 14
240 759 34 2
240 864 9 1
240 875 54 9
240 1066 14 10
240 1093 45 4
241 663 18 14
241 803 44 5
241 880 47 3
241 1333 38 2
242 735 47 9
242 1059 56 15
242 1383 57 8
243 270 50 14
243 554 52 5
243 1238 6 5
243 1269 41 6
244 637 37 7
244 766 56 11
244 929 1 13
245 703 39 4
245 937 60 15
245 1251 46 15
246 402 50 1
246 608 58 11
246 1009 43 1
246 1182 4 3
246 1198 57 5
247 506 15 8
247 827 37 13
247 882 9 9
247 914 55 11
247 929 45 9
248 291 7 11
248 1199 25 9
248 1232 24 1
249 333 26 7
249 560 35 8
249 913 27 3
249 1115 28 14
249 1201 19 8
249 1236 1 2
249 1371 36 14
250 583 10 6
250 590 23 13
250 614 25 13
250 815 9 8
251 451 50 14
251 487 18 2
251 524 20 8
251 1057 24 14
251 1172 34 15
252 598 12 9
252 714 27 7
252 733 11 9
252 1054 6 1
252 1209 34 5
252 1219 32 8
253 359 42 3
253 485 36 2
253 636 39 1
253 936 44 14
253 1287 24 13
254 1292 25 7
254 1308 42 3
255 259 33 1
255 524 17 13
255 825 45 12
255 879 25 5
255 1073 44 1
255 1300 50 9
256 422 8 12
256 1051 55 9
256 1094 2 13
257 394 14 6
257 577 23 11
257 583 41 12
257 911 29 11
257 1114 42 6
258 1230 35 14
258 1328 51 1
258 1371 13 10
258 1382 48 15
259 317 17 14
259 1002 35 15
259 1121 13 10
259 1214 51 14
260 369 49 4
260 783 57 4
260 833 53 8
261 357 24 2
261 757 42 8
261 812 19 15
261 904 34 11
261 950 8 13
261 1036 7 8
261 1153 18 13
262 389 13 6
262 713 24 1
262 969 2 5
263 388 37 2
263 806 39 9
263 867 55 14
263 1364 19 10
264 309 22 15
264 321 30 9
264 450 24 7
264 474 26 5
264 482 52 12
264 640 29 13
264 912 46 6
264 1126 17 15
265 436 14 11
265 625 2 13
265 1384 7 9
266 322 60 1
266 566 43 2
266 567 49 5
266 861 43 6
266 908 33 1
266 934 28 4
266 1074 55 5
267 540 36 4
267 708 6 4
268 310 31 15
268 364 14 9
268 675 4 11
268 783 45 13
268 892 19 14
269 713 22 10
269 1385 39 7
270 724 16 14
270 1354 5 15
270 1385 32 7
271 622 44 13
271 818 46 10
271 977 46 3
271 1019 44 6
271 1025 38 15
271 1041 3 8
272 405 39 4
272 824 31 5
272 972 9 6
272 1076 51 10
272 1336 19 4
273 288 45 4
273 401 53 7
273 526 14 6
273 636 55 15
273 879 7 1
273 1126 13 15
273 1160 12 1
273 1274 14 12
274 276 40 5
274 401 39 13
274 409 27 2
274 431 9 4
274 586 41 2
274 669 1 9
274 870 50 8
274 892 47 12
274 1038 33 4
274 1231 41 13
274 1238 52 1
274 1318 11 13
275 314 30 10
275 867 46 12
275 973 43 8
275 1181 57 11
276 596 53 15
276 604 15 3
276 627 10 11
276 630 41 6
276 692 14 3
277 539 41 3
277 847 8 10
277 931 38 1
277 941 8 11
277 982 20 6
277 1258 23 13
278 378 57 15
278 412 35 11
278 1358 46 14
279 320 8 4
279 385 53 15
279 393 31 5
279 716 14 15
279 720 1 2
279 954 40 3
279 1024 3 12
279 1205 53 9
279 1279 32 8
279 1347 54 14
280 379 55 3
280 406 26 1
280 467 34 1
280 644 24 10
280 670 30 6
280 677 4 14
280 845 8 1
281 897 56 8
281 1048 28 15
281 1113 51 7
281 1190 14 5
281 1237 52 5
281 1339 29 8
282 424 30 14
282 481 38 13
282 522 6 6
282 665 17 11
282 1385 10 3
283 418 23 11
283 804 8 14
283 1096 37 9
283 1282 1 1
283 1290 56 8
283 1298 39 5
284 816 27 1
284 915 48 4
284 916 21 9
284 1152 15 2
285 703 8 8
285 823 24 2
285 1072 27 1
286 961 3 9
287 309 23 7
287 497 55 8
287 567 13 6
287 857 16 15
287 904 39 10
287 1192 24 13
288 318 52 12
288 345 40 10
288 363 5 2
288 370 14 3
288 562 20 5
288 1000 42 13
288 1392 1 11
289 466 4 14
289 884 38 14
289 954 58 8
289 1137 43 15
289 1238 28 7
290 406 7 8
290 652 60 7
290 741 33 9
291 319 33 2
291 597 12 2
291 628 58 1
291 973 18 12
291 1086 39 5
291 1340 35 2
291 1349 24 11
292 752 56 6
292 901 50 5
292 1356 59 15
293 391 12 3
293 1055 40 7
293 1123 11 2
293 1142 38 5
294 422 41 14
294 618 11 1
294 935 33 7
294 1192 7 6
294 1251 54 4
295 504 59 12
295 512 34 10
295 629 56 10
295 1386 11 7
296 385 37 15
296 432 6 8
296 606 49 12
296 702 39 11
296 758 23 12
296 1046 6 10
296 1129 55 15
296 1311 39 11
297 494 6 10
297 620 49 5
297 674 16 4
297 683 16 5
298 874 35 4
298 984 13 1
298 1279 50 3
299 426 50 8
299 446 2 7
299 534 6 15
299 667 33 3
299 928 32 11
299 1083 26 10
299 1167 32 10
299 1248 42 10
299 1270 28 5
299 1303 22 12
300 397 40 13
300 581 6 11
300 682 24 15
300 714 39 13
300 1149 15 2
300 1210 41 2
300 1301 45 1
300 1312 22 11
301 365 41 4
301 470 1 7
301 588 37 10
301 666 6 6
301 736 20 4
301 890 4 1
301 1108 40 4
302 590 33 4
302 618 60 13
302 707 60 4
302 929 29 9
303 412 53 8
303 657 60 10
303 848 54 12
303 1230 22 9
304 769 18 2
304 826 5 9
304 1184 43 8
304 1193 48 9
304 1234 8 5
305 391 8 11
305 1180 51 12
305 1298 26 7
306 400 21 11
306 515 12 11
306 1010 34 1
306 1314 48 14
307 696 15 1
307 701 37 3
307 797 8 14
307 803 1 4
308 415 25 1
308 542 17 2
308 702 23 7
308 761 14 11
308 1267 37 3
309 410 60 3
309 433 22 4
309 480 21 1
309 1089 37 8
309 1264 16 14
310 420 13 6
310 601 3 10
310 1269 41 15
311 753 11 8
311 1143 21 12
311 1217 56 15
312 421 1 9
312 441 42 5
312 450 17 5
312 878 35 14
312 980 39 3
312 1061 24 2
312 1321 19 11
312 1374 10 5
312 1381 6 13
313 413 14 11
313 1012 49 1
313 1027 6 6
313 1037 54 12
313 1229 54 3
313 1344 28 9
314 407 32 14
314 492 12 4
314 683 6 8
314 767 53 15
314 1251 4 15
315 421 54 12
315 494 39 14
315 554 1 8
315 807 55 2
315 862 60 15
315 1060 50 1
315 1233 6 1
315 1270 6 2
316 696 2 6
316 843 10 14
316 966 24 5
316 1034 50 8
317 686 12 7
317 938 16 13
317 1319 44 1
318 722 4 13
318 1180 39 5
319 484 56 6
319 1122 24 14
319 1395 60 3
320 327 8 3
320 495 53 6
320 684 57 10
320 735 37 5
320 1023 14 11
320 1211 37 14
320 1332 59 10
321 834 60 3
321 977 21 4
321 1008 49 10
321 1226 27 6
321 1335 50 14
322 472 41 2
322 552 2 9
322 835 43 14
323 942 42 5
323 957 22 15
323 1166 54 1
324 770 44 7
324 817 45 6
324 974 29 11
324 1193 33 1
325 828 28 6
325 953 38 6
325 961 28 13
325 1358 3 8
326 483 59 6
326 577 53 14
326 579 39 7
326 630 13 3
326 684 38 10
326 707 40 11
326 747 24 9
326 749 55 5
326 927 23 5
326 930 54 13
326 956 9 1
326 1364 48 10
327 565 15 14
327 925 20 11
327 940 30 7
327 1200 6 10
327 1267 37 11
328 404 48 5
328 584 57 9
328 659 42 15
328 1268 55 10
328 1365 51 1
330 440 2 6
330 470 45 1
330 498 55 15
330 971 28 13
331 377 40 11
331 718 59 9
331 793 16 9
331 1137 7 1
331 1236 8 9
331 1278 49 6
332 414 29 14
332 638 47 10
332 645 27 12
332 847 26 12
332 1107 1 8
333 726 59 3
333 794 38 7
333 1237 21 5
333 1362 5 12
334 335 57 5
334 454 39 11
334 678 21 1
335 391 3 11
335 414 54 5
335 498 38 4
335 687 31 8
335 808 6 1
335 1387 47 1
336 627 52 11
336 699 27 15
336 716 22 4
336 724 47 10
336 1146 58 15
336 1384 18 12
337 713 4 5
337 805 10 5
338 513 57 12
338 790 15 1
338 862 36 9
338 1264 24 9
338 1318 28 5
339 1068 60 7
339 1113 37 13
340 407 45 12
340 970 24 9
341 945 25 1
341 1001 34 5
342 546 10 14
342 611 56 8
342 822 15 11
342 858 2 9
342 865 15 1
342 1008 48 5
342 1093 43 14
342 1393 33 7
343 518 14 14
343 529 34 8
343 536 1 9
343 710 2 4
343 948 19 8
343 997 1 13
343 1100 10 12
344 445 48 14
344 598 46 13
344 1266 8 2
345 1074 28 4
345 1252 2 11
346 578 10 14
346 760 2 11
346 801 36 12
346 960 43 14
346 1004 32 6
346 1184 38 10
346 1218 17 11
348 1090 39 11
348 1158 6 6
349 471 52 11
349 567 16 11
349 808 6 9
349 1213 52 4
349 1230 26 15
350 414 4 8
350 749 29 11
350 780 8 12
350 1049 43 2
350 1231 56 7
350 1395 30 3
351 426 11 2
351 521 58 1
351 582 49 11
351 658 35 8
351 824 52 10
351 1069 45 11
352 819 35 14
352 958 49 6
352 1309 29 6
353 512 49 7
353 682 52 1
353 763 56 3
353 978 5 15
353 1237 33 6
353 1356 13 4
353 1393 27 4
354 397 23 8
354 686 49 4
354 1124 37 10
355 1141 2 10
355 1380 47 7
356 394 34 2
356 411 2 1
356 521 56 6
356 629 48 11
356 698 32 3
356 787 18 7
357 511 46 10
357 657 55 15
357 719 52 1
357 802 49 15
357 1044 32 1
357 1310 17 11
358 799 32 5
358 889 8 11
358 1026 12 3
358 1076 10 12
358 1077 53 1
358 1092 3 11
359 487 26 7
359 576 31 15
359 654 30 5
359 794 42 7
359 1023 2 6
359 1069 1 14
359 1370 19 8
360 563 28 6
360 586 45 2
360 790 59 14
360 903 48 5
360 1342 35 2
361 605 43 11
361 949 48 9
362 509 58 10
362 549 49 10
362 957 39 14
362 1271 3 13
363 702 52 15
363 1042 36 5
363 1100 41 1
363 1118 6 14
363 1191 1 2
364 912 31 2
364 1026 33 7
364 1229 39 14
364 1319 58 7
365 472 34 13
365 919 47 8
365 1001 33 2
365 1035 24 14
365 1395 57 1
366 466 45 9
366 529 9 1
367 695 36 14
367 816 36 15
367 896 18 11
367 1028 50 8
367 1342 44 1
368 467 8 11
368 531 18 9
368 771 57 1
368 880 7 3
368 1384 31 14
369 731 26 4
369 970 32 7
370 552 47 11
370 805 50 2
370 1029 50 2
371 433 55 11
371 878 56 14
371 927 59 10
371 1386 26 1
372 422 48 14
372 654 32 10
372 1154 58 10
372 1303 30 6
373 421 38 15
373 476 19 12
373 1123 6 15
373 1343 31 11
374 651 43 11
374 952 31 1
375 478 33 12
375 923 8 3
375 951 20 14
376 466 18 15
376 471 59 12
376 590 12 7
376 591 28 5
376 1133 55 5
376 1243 54 15
377 822 44 9
377 865 46 1
377 899 50 13
377 1021 40 3
377 1176 37 7
377 1178 24 7
377 1212 10 4
378 425 58 1
378 1060 50 3
378 1102 39 1
378 1172 19 2
378 1223 30 8
379 494 35 15
379 1295 18 8
380 429 55 14
380 531 59 11
380 757 18 11
380 1122 57 2
380 1192 4 3
381 705 34 15
381 774 3 1
381 986 35 15
381 1035 48 6
382 1056 14 15
382 1125 33 12
382 1250 60 13
383 550 25 4
383 657 33 11
383 953 43 15
384 424 39 14
384 570 43 3
384 844 34 14
384 964 51 2
384 1123 11 11
385 905 54 7
385 955 37 12
386 578 55 12
386 637 39 12
386 647 23 12
386 798 43 1
386 1315 46 8
387 548 16 15
387 855 53 11
387 1143 15 12
387 1188 51 4
387 1373 34 5
388 936 16 7
388 1370 52 11
389 470 21 11
389 845 23 6
389 875 60 13
389 891 46 6
389 1068 2 9
389 1176 5 4
389 1284 48 1
389 1352 46 8
390 537 24 7
390 892 45 15
390 1257 39 3
391 547 19 2
391 911 34 4
391 1025 10 12
391 1281 42 1
392 893 28 1
393 501 59 14
393 548 24 11
394 515 49 3
394 678 51 10
394 785 35 12
394 805 47 4
394 826 10 15
394 1035 36 12
394 1080 20 10
395 402 8 10
395 655 33 11
395 946 14 2
395 955 49 3
396 950 25 11
396 1274 50 5
397 398 33 13
397 530 6 4
397 580 35 13
397 1284 26 12
398 660 38 12
398 712 56 5
398 809 1 5
399 1178 37 13
400 456 50 7
400 486 45 12
400 489 44 9
400 903 7 14
401 568 18 14
402 545 50 14
402 836 5 5
403 425 6 6
403 475 19 5
403 1326 1 6
404 647 55 8
404 1260 11 11
405 672 36 14
405 882 39 14
406 486 41 3
406 698 36 11
406 864 33 1
406 1060 15 2
407 433 51 12
407 491 23 15
407 626 41 15
408 437 50 7
408 678 24 10
408 725 10 4
408 991 56 12
408 1112 53 15
408 1218 48 3
409 551 42 13
410 442 48 11
410 558 54 1
410 1050 6 11
410 1165 53 14
410 1300 6 11
411 655 44 15
411 1169 34 6
412 778 9 12
412 1161 50 7
412 1246 57 3
412 1353 2 13
412 1378 33 7
413 563 4 2
413 961 53 13
414 565 10 4
414 611 33 1
414 892 56 5
414 1314 22 9
415 585 9 11
415 808 44 13
415 1161 24 3
415 1305 9 7
416 577 31 13
416 1065 46 13
416 1111 21 15
416 1165 19 15
416 1257 6 15
416 1280 18 7
416 1328 25 3
417 695 59 1
417 998 38 10
417 1098 36 9
417 1111 5 15
417 1161 5 15
418 476 31 5
418 558 4 1
418 758 23 6
418 771 25 5
418 792 28 4
418 829 46 8
418 929 20 13
418 1357 11 9
419 537 16 14
419 552 24 5
419 1049 2 3
419 1166 13 4
419 1344 8 8
420 525 24 6
420 750 40 10
420 1315 60 13
421 609 29 11
421 754 6 8
421 896 34 13
421 999 4 2
421 1118 15 12
421 1138 55 3
421 1204 45 6
422 444 56 4
422 584 11 3
422 961 9 10
422 1330 25 1
423 492 52 5
423 1071 37 8
423 1092 14 15
424 641 21 7
424 1226 2 10
425 468 11 14
425 714 40 8
425 801 2 12
425 1050 12 15
425 1112 39 15
425 1261 47 14
425 1368 11 12
425 1379 28 5
425 1385 36 3
426 434 2 6
426 547 44 8
426 621 45 9
426 744 46 13
426 1057 42 2
427 683 45 11
427 858 35 11
427 1046 12 8
427 1047 55 1
428 447 32 7
428 494 51 15
428 595 44 14
428 828 37 13
428 1056 29 5
428 1061 34 8
428 1183 27 4
428 1277 43 8
429 706 22 1
429 762 21 6
429 903 18 9
429 909 22 11
429 990 36 4
429 1063 40 9
429 1394 16 2
430 433 17 15
430 775 22 5
430 823 50 10
430 931 14 14
430 1006 54 15
430 1098 23 8
430 1291 17 6
431 551 46 2
431 1023 58 12
431 1379 52 2
432 709 15 6
432 868 41 5
432 888 47 13
432 999 23 1
432 1253 57 4
433 797 4 14
433 1112 48 12
434 740 46 15
434 1032 5 8
434 1133 24 14
434 1141 16 2
435 436 1 12
435 566 3 1
435 625 51 14
435 842 6 1
435 1050 2 2
436 703 2 14
436 977 18 13
436 1054 49 5
436 1079 20 4
436 1171 49 11
436 1308 25 6
436 1384 26 9
437 523 13 5
437 535 5 7
437 1018 18 2
437 1159 57 15
437 1306 22 8
438 809 34 7
438 876 43 15
438 892 14 6
438 1306 41 15
438 1383 44 5
439 769 40 4
439 1020 21 8
439 1211 23 12
439 1290 17 6
439 1338 45 1
440 912 39 5
440 951 37 11
440 995 16 14
440 1085 56 12
440 1324 46 2
441 463 40 5
441 498 40 15
441 816 5 9
441 827 15 12
441 1189 25 7
441 1245 6 7
442 476 24 9
442 691 9 15
442 723 7 5
442 744 52 14
442 838 38 12
442 902 23 2
442 983 55 11
443 624 20 14
444 904 7 2
445 1158 6 3
446 461 59 7
446 639 25 4
446 1052 25 9
447 518 50 15
448 966 15 10
448 979 9 10
448 1007 37 3
448 1063 6 5
448 1101 26 13
448 1173 52 9
448 1200 51 10
448 1333 3 1
449 704 22 13
449 771 27 5
449 1006 21 11
449 1057 23 9
449 1196 11 4
450 623 31 7
450 806 4 1
450 938 37 7
450 1215 26 9
451 1188 13 13
451 1260 42 5
452 593 9 15
452 1229 20 4
452 1338 43 13
452 1391 33 4
453 490 53 14
453 611 18 8
453 643 42 5
453 667 7 5
453 912 29 13
454 589 16 10
454 783 18 10
455 465 9 8
455 939 49 8
455 1241 1 6
456 550 25 2
456 700 44 9
456 731 17 15
456 1000 25 6
457 1381 41 5
458 671 31 6
458 1057 3 4
458 1089 41 9
459 537 4 11
459 1159 33 7
460 633 28 14
460 1113 26 14
460 1184 29 1
460 1341 54 13
460 1397 58 1
461 823 41 6
461 850 45 5
463 474 31 12
463 662 52 5
463 842 38 8
463 1078 39 13
463 1369 41 13
464 924 43 4
465 531 4 7
465 713 52 13
465 797 54 1
465 1228 17 2
465 1300 8 4
466 740 42 8
466 1336 33 9
467 962 29 7
468 472 34 7
468 533 36 7
468 543 7 14
468 905 4 5
468 1234 10 12
468 1285 7 13
468 1370 48 15
469 685 26 1
469 941 46 5
469 1202 31 4
470 556 20 13
470 716 14 12
470 779 42 11
470 1026 6 10
470 1248 30 14
470 1250 11 3
470 1308 58 4
471 477 27 6
471 550 7 1
471 621 36 7
471 681 30 1
471 811 23 8
471 828 31 7
471 1207 16 5
471 1334 53 10
471 1352 43 4
471 1379 41 10
472 901 23 7
472 1212 12 3
472 1348 29 4
473 1184 32 4
473 1382 33 1
474 482 27 1
474 493 40 5
474 971 17 8
475 1004 21 10
475 1302 43 7
476 800 17 13
477 504 53 9
477 851 38 10
477 1028 12 5
477 1133 24 4
477 1272 5 2
477 1387 36 1
478 562 37 11
478 942 32 2
478 991 5 13
478 1063 22 14
479 488 18 6
479 529 9 13
479 1009 7 9
480 529 16 9
480 1153 41 5
480 1348 13 1
481 582 22 9
481 917 40 5
482 569 59 9
482 599 57 2
482 932 19 7
482 954 44 5
482 1346 45 15
483 1173 34 3
484 530 36 9
484 953 27 14
485 690 28 1
485 705 9 1
485 808 47 8
485 828 11 8
485 904 20 2
485 1365 26 8
486 670 48 12
486 1187 24 15
486 1266 15 2
486 1283 5 3
486 1393 30 13
487 1159 59 3
487 1174 19 15
487 1188 18 10
487 1283 4 3
488 568 46 2
488 821 17 4
488 851 32 15
489 996 56 14
489 1093 51 7
489 1345 5 11
490 734 1 8
490 875 5 15
490 972 31 12
490 1040 2 3
490 1375 5 7
491 757 59 7
491 826 15 13
492 494 43 6
492 632 57 10
492 693 38 1
492 1001 16 9
492 1251 37 7
493 616 1 5
493 662 26 15
493 930 40 1
493 1193 41 2
494 524 56 13
494 890 19 2
494 1038 35 10
494 1096 24 13
495 515 12 4
495 764 55 7
495 814 7 15
496 731 59 2
496 1180 32 1
496 1227 22 10
496 1290 55 12
497 786 40 3
497 1209 54 1
498 615 32 6
498 926 44 11
498 1038 50 2
498 1058 13 2
498 1100 23 12
498 1395 60 1
499 783 21 6
499 1016 5 8
500 781 55 1
500 1091 56 8
500 1162 41 6
501 528 51 15
501 539 32 4
501 712 20 5
501 763 49 15
501 1102 12 2
502 553 28 14
502 810 58 14
502 1073 54 13
502 1155 6 3
503 519 30 9
503 804 13 14
503 987 46 3
503 1322 18 13
504 601 26 3
504 629 5 4
504 760 52 11
504 1019 14 13
504 1038 4 3
504 1193 25 6
504 1220 29 4
505 577 1 4
505 642 18 10
505 683 16 1
505 1203 16 5
506 919 32 12
506 1020 4 1
506 1346 3 1
507 562 22 11
507 592 57 3
508 540 13 2
508 632 10 4
508 965 47 11
508 1363 10 14
509 901 17 6
509 902 1 15
509 955 53 7
509 1014 15 9
509 1185 41 4
509 1218 58 12
510 567 27 13
510 640 38 10
510 1113 16 11
510 1200 49 6
511 731 24 11
511 896 21 5
511 1040 7 12
513 683 2 2
513 984 10 5
513 1016 7 4
514 549 51 5
514 844 52 10
514 1176 42 10
514 1279 23 8
515 550 16 6
515 886 27 9
515 1250 45 12
515 1396 14 12
516 527 2 13
516 1188 53 8
517 1019 9 3
518 538 31 4
518 621 24 5
518 642 31 11
519 576 9 8
519 586 31 15
519 721 41 5
519 1014 17 11
519 1137 6 5
520 792 27 6
520 914 3 12
520 1093 18 6
520 1226 14 11
521 537 17 6
521 712 19 3
521 721 34 13
521 808 48 5
521 1039 51 3
523 646 17 7
523 1229 35 14
525 876 23 2
525 1120 14 8
525 1155 10 9
526 613 57 7
526 682 21 11
526 1082 49 15
526 1176 36 1
526 1223 15 3
527 670 7 9
527 828 48 6
527 958 58 12
527 971 29 7
527 1372 21 7
528 682 55 12
528 709 26 4
528 832 13 15
528 1174 19 3
528 1258 60 3
529 577 46 5
529 991 42 11
529 1156 39 11
529 1304 44 3
529 1376 41 1
530 800 54 12
531 595 39 10
531 625 36 1
531 980 34 2
531 1231 23 8
531 1385 27 6
532 965 10 1
532 1118 44 15
532 1136 53 10
532 1257 7 6
533 588 53 3
533 693 43 3
533 876 46 3
533 1058 44 3
534 869 58 8
534 1095 59 5
535 916 49 2
536 555 34 8
536 742 13 10
536 831 18 14
537 561 53 15
537 595 31 2
537 676 49 12
537 829 4 2
537 871 26 7
537 1241 45 7
537 1324 17 11
538 562 12 6
538 690 21 4
538 822 36 5
538 854 19 7
538 1239 24 15
538 1343 34 15
539 873 44 15
540 580 57 13
540 740 7 4
540 785 37 14
540 842 29 14
540 929 29 10
540 1157 12 9
541 592 3 9
541 690 24 5
541 1101 29 2
541 1318 36 15
542 756 38 12
542 757 20 1
543 705 5 12
543 827 55 3
543 830 36 10
543 1255 45 7
543 1301 52 9
544 772 57 9
544 899 41 13
544 1079 46 6
544 1186 49 10
545 722 46 2
545 952 36 3
546 1122 35 4
546 1317 32 2
547 631 57 14
548 577 12 1
548 678 19 3
548 838 34 7
548 1252 60 15
548 1332 51 6
549 751 51 15
549 814 20 3
549 826 10 1
549 887 22 2
550 601 42 1
550 618 57 13
550 668 56 10
550 675 32 14
550 1139 50 8
550 1161 13 11
550 1388 46 5
551 1104 9 15
551 1239 32 7
552 863 50 3
552 1094 26 13
552 1276 49 12
553 755 39 9
553 762 29 3
553 829 13 10
553 996 44 8
553 1100 26 10
553 1147 35 13
554 686 27 10
554 766 1 8
554 867 17 9
554 1176 13 11
554 1189 39 12
555 1091 22 11
555 1131 53 5
556 623 45 7
556 872 29 3
556 976 11 6
556 1331 57 8
556 1332 18 1
557 604 31 4
557 852 46 5
557 1054 8 3
557 1196 31 5
558 770 30 9
558 886 42 13
558 1007 25 8
559 1034 6 3
559 1252 5 2
559 1299 55 6
560 616 59 15
560 637 25 9
560 730 26 13
560 1261 25 11
561 694 12 14
561 829 46 10
561 941 26 15
562 945 2 11
563 858 20 9
563 1163 9 12
564 960 10 8
564 1027 2 4
564 1144 33 12
564 1162 60 4
565 573 36 11
565 620 34 12
565 1070 56 7
566 908 10 13
566 976 3 11
567 799 9 6
567 844 4 11
567 926 29 12
567 1053 57 8
567 1384 1 15
568 627 31 14
568 776 44 11
568 801 4 10
568 1003 33 3
569 682 43 2
569 1023 60 1
569 1144 17 6
569 1146 25 6
569 1309 14 8
570 1229 4 9
570 1249 54 2
570 1373 33 4
570 1374 5 2
570 1380 59 7
571 640 54 8
571 735 19 8
571 822 20 8
571 927 38 12
571 992 28 1
571 1264 30 3
571 1311 13 6
572 1247 31 13
573 672 29 1
573 824 20 7
573 1129 56 8
573 1241 21 7
574 798 55 3
574 937 54 3
574 1088 37 6
574 1347 9 5
575 721 9 7
575 1321 52 10
576 703 28 7
576 721 32 5
576 949 14 10
576 1176 54 10
577 605 1 5
577 665 21 5
577 895 48 13
577 918 33 3
577 1094 23 11
577 1271 24 14
578 727 60 15
578 733 45 3
578 826 31 2
578 864 28 12
578 937 45 11
578 1073 7 14
578 1321 27 5
579 679 18 2
579 766 52 7
580 1110 8 10
581 634 47 10
581 728 39 4
581 1103 53 9
581 1216 45 6
581 1354 8 9
582 640 30 12
582 704 6 5
582 967 35 5
582 994 48 5
582 1003 49 3
582 1115 24 7
582 1306 51 10
582 1324 43 13
582 1334 6 8
582 1380 34 10
583 933 46 14
583 957 29 13
583 1071 12 5
583 1186 44 14
583 1225 38 1
583 1227 26 15
583 1335 14 4
583 1357 2 1
584 1249 24 10
585 687 16 14
585 847 24 11
585 878 3 2
585 1097 11 5
585 1260 14 3
585 1322 19 11
585 1337 52 14
585 1395 21 13
586 761 34 8
586 959 39 9
586 1370 60 7
587 596 49 3
587 836 52 6
587 1257 49 12
588 625 48 13
588 1137 7 15
588 1341 25 14
589 600 22 6
589 702 37 15
589 815 6 1
589 840 18 6
589 857 31 10
589 918 20 1
589 1169 49 7
589 1273 50 2
589 1312 37 11
590 659 24 4
590 729 40 14
590 736 9 13
590 874 22 1
590 898 1 13
590 1351 53 2
591 693 4 10
591 718 22 10
591 834 39 8
591 1258 42 6
591 1280 31 13
592 867 52 4
592 1025 38 2
592 1314 53 11
593 621 16 7
593 757 36 6
593 799 55 1
593 988 17 14
594 782 55 7
594 1188 21 8
594 1234 20 5
595 820 33 1
595 831 23 7
595 842 13 8
595 1004 18 9
595 1174 8 4
595 1186 24 7
596 736 13 10
596 817 59 14
598 1152 1 2
598 1249 53 8
598 1330 29 9
599 683 15 7
599 916 41 3
599 984 16 12
599 1202 18 14
599 1303 44 1
599 1326 5 13
600 675 45 4
600 740 28 13
600 809 33 6
600 985 1 6
600 1029 8 12
600 1259 40 1
601 1044 41 11
601 1087 26 1
601 1158 6 12
601 1275 2 11
602 610 8 9
602 644 59 7
602 663 4 11
602 676 13 2
603 1002 31 10
603 1109 28 6
604 691 38 15
604 745 20 7
604 907 24 5
604 1269 49 4
604 1292 19 12
605 690 14 8
605 1138 42 6
606 683 29 5
606 1054 25 11
606 1194 40 13
607 1076 9 1
607 1235 56 3
607 1250 38 14
607 1367 30 10
608 748 41 8
608 822 25 14
608 1177 3 12
608 1379 35 12
608 1397 19 10
609 840 25 9
609 986 48 15
609 1134 24 2
610 639 18 12
610 1355 2 12
610 1369 24 4
611 708 12 2
611 779 17 8
611 876 5 10
611 1005 41 15
611 1174 40 9
611 1321 18 10
612 838 24 10
612 1059 8 10
613 749 38 13
613 1236 2 4
613 1273 34 12
613 1378 38 12
614 770 42 5
614 1077 45 5
614 1092 22 8
614 1337 29 4
614 1365 17 9
615 839 43 1
615 947 9 15
615 960 16 7
616 835 7 3
616 960 32 11
616 1213 8 1
617 993 24 6
618 1126 50 5
618 1205 29 3
619 640 58 12
619 1183 21 4
620 869 2 10
620 1025 21 2
620 1045 16 3
620 1055 30 4
621 1274 51 7
621 1395 47 1
622 653 29 5
622 1162 19 10
623 755 30 1
623 964 34 9
623 1010 2 6
624 808 30 3
624 837 52 15
624 867 15 1
624 964 53 6
624 991 52 8
624 1172 8 4
624 1238 7 14
625 757 49 1
625 1017 44 12
625 1172 38 6
627 813 25 12
627 912 14 13
627 1146 60 2
628 867 59 13
628 895 44 7
628 941 41 13
628 974 18 15
628 1010 39 1
628 1220 3 5
630 844 5 7
630 988 18 4
630 1147 1 3
630 1354 41 2
631 661 28 5
631 1124 1 7
631 1144 40 13
632 869 45 3
633 676 51 5
633 785 4 11
633 986 13 8
633 1188 6 9
633 1267 35 12
634 754 22 15
634 849 33 7
634 1252 8 14
635 1305 49 1
636 730 35 8
636 785 60 13
636 823 2 7
636 1108 55 3
636 1163 12 8
636 1397 42 9
637 762 46 15
637 902 18 10
637 991 26 10
637 1123 30 10
637 1245 59 4
638 683 20 2
638 705 59 2
638 960 52 15
638 1334 31 2
639 699 14 13
639 1270 23 15
639 1303 19 2
639 1393 49 14
640 767 60 15
640 852 20 12
641 828 2 6
641 1308 43 3
643 1138 6 2
644 1026 60 9
644 1137 49 12
645 768 13 11
645 795 38 1
645 913 21 4
645 1141 18 12
646 946 17 5
646 1148 38 12
647 926 17 8
647 1056 21 15
647 1292 8 4
648 756 40 15
648 770 30 11
648 844 19 10
648 868 10 7
648 1343 58 14
649 793 5 8
649 817 24 10
649 931 37 4
649 1011 28 5
649 1123 29 13
649 1153 15 13
649 1204 1 10
649 1267 50 15
650 829 50 8
651 1242 24 8
652 668 29 1
652 729 50 6
652 740 10 12
652 843 47 6
652 1011 46 7
652 1184 7 14
653 743 45 10
653 1047 4 2
654 1208 1 15
654 1283 41 2
655 732 30 8
655 774 51 9
655 938 11 13
655 941 56 7
655 1260 23 11
656 693 10 11
657 842 5 10
657 1112 20 6
657 1126 42 15
658 769 15 13
658 836 15 5
658 946 29 1
658 1026 19 9
658 1382 12 7
659 688 34 12
659 792 5 4
659 937 35 13
659 1105 47 6
660 980 20 14
661 755 53 5
661 915 2 8
661 971 53 12
661 1002 37 1
661 1063 54 6
661 1234 47 1
661 1350 34 15
661 1377 27 5
662 708 47 12
662 1010 59 13
662 1047 38 1
663 725 49 7
663 753 41 1
663 822 20 13
663 866 27 14
663 1256 8 7
663 1323 59 3
663 1344 34 8
664 667 54 4
664 736 39 13
664 897 60 7
664 1008 18 15
665 970 51 4
665 1135 28 9
665 1346 50 7
666 905 56 8
666 977 20 7
667 870 24 1
667 930 10 12
667 1068 27 4
667 1124 37 14
667 1215 13 7
667 1300 9 11
668 733 28 7
668 802 31 10
668 1258 49 6
669 1127 44 13
670 739 37 14
670 849 58 2
670 1024 55 6
670 1240 25 1
671 949 51 11
671 1034 48 1
671 1257 13 10
672 781 20 4
672 905 1 4
672 1338 6 12
673 920 39 12
673 955 59 2
673 1080 22 10
674 759 59 3
674 763 1 9
674 856 2 13
674 1346 3 3
676 738 14 5
676 894 44 5
676 981 48 2
676 1197 29 2
676 1367 55 7
676 1379 10 12
677 721 39 11
677 802 15 4
677 870 30 13
677 1265 51 9
677 1343 39 9
677 1345 33 4
678 1304 4 11
679 998 34 13
679 1145 54 9
679 1165 7 5
679 1390 57 9
680 704 9 11
680 733 23 12
680 1058 32 11
680 1199 43 9
682 718 1 5
682 734 4 7
682 1152 7 14
682 1366 49 5
683 995 14 2
683 1159 51 2
683 1279 6 11
683 1387 5 12
684 829 51 4
684 955 12 7
684 1322 10 7
684 1390 48 2
685 877 4 14
685 964 27 4
685 988 28 14
685 1067 18 15
685 1254 50 5
685 1261 34 6
687 1292 33 12
688 708 16 5
688 744 47 4
688 1147 37 11
688 1190 49 6
688 1256 7 1
689 890 5 6
689 910 1 1
689 1216 5 6
689 1251 38 10
689 1266 3 11
689 1355 32 14
690 775 59 7
690 929 15 1
690 1279 21 9
690 1314 38 13
690 1348 37 14
691 755 10 2
691 939 44 9
691 1006 23 10
691 1020 4 15
691 1053 23 4
691 1285 45 3
691 1307 30 13
691 1334 55 2
692 1051 58 2
693 1055 22 3
693 1230 16 5
693 1241 1 11
694 998 33 9
694 1183 57 7
695 793 18 15
695 851 27 4
695 1129 25 12
695 1235 24 4
696 706 5 9
696 948 2 10
697 731 18 3
697 780 9 6
697 876 4 9
697 971 54 5
697 1127 54 3
697 1216 20 10
697 1241 31 7
698 1142 30 15
698 1281 31 15
699 1048 32 2
699 1178 43 11
699 1208 54 15
699 1344 5 9
700 790 51 13
700 864 40 7
700 877 8 5
700 1137 16 3
700 1292 1 10
701 766 31 12
701 896 6 3
701 1003 25 6
701 1065 1 12
701 1182 54 6
701 1203 10 14
701 1350 59 8
702 714 1 4
702 745 34 15
702 909 33 12
702 1079 20 11
702 1145 2 12
702 1357 14 2
703 849 43 1
703 872 54 3
703 1093 52 1
703 1352 40 14
703 1367 39 10
704 912 32 8
704 988 18 14
704 1352 42 2
705 707 36 13
705 801 9 6
706 748 41 9
706 857 56 7
706 949 8 11
706 1082 3 7
706 1216 59 14
706 1264 55 3
706 1267 56 3
707 795 24 9
707 829 5 8
707 842 11 6
707 1289 13 3
708 952 39 12
708 1193 3 2
708 1386 52 9
709 1185 18 8
709 1293 45 15
710 718 9 4
710 929 14 2
710 986 41 1
711 739 49 13
711 833 35 3
711 961 3 3
711 1086 41 14
711 1157 57 14
711 1305 7 8
711 1368 36 9
714 813 57 4
714 1139 20 13
715 769 41 15
715 874 47 9
716 763 1 6
716 1106 52 1
717 769 50 7
717 923 2 3
718 849 52 4
718 1262 12 8
718 1279 33 3
718 1295 52 2
719 1060 38 4
719 1070 44 4
719 1207 28 11
719 1314 37 8
720 739 20 9
720 785 37 7
720 1004 55 6
720 1257 52 1
721 990 34 7
721 1020 43 8
721 1377 19 8
722 1029 31 11
722 1133 13 5
722 1165 48 12
722 1345 41 1
723 742 43 13
723 909 28 6
723 1021 31 13
723 1183 20 15
723 1363 9 7
724 840 17 11
724 979 24 5
724 1006 58 6
724 1092 33 4
725 781 8 12
725 996 33 8
725 1124 46 9
725 1133 39 3
725 1276 28 13
726 1046 7 12
727 774 37 8
727 814 34 2
727 1036 38 14
727 1216 57 3
728 747 41 5
728 791 59 14
729 961 33 1
729 1022 46 3
729 1110 9 8
729 1207 26 14
730 909 45 2
730 1366 12 3
731 934 17 14
731 1375 4 12
732 908 41 7
732 1107 56 2
733 833 58 1
733 1038 59 3
733 1066 39 14
733 1124 52 13
734 845 32 10
734 1076 33 10
734 1112 60 11
734 1138 4 8
736 1208 28 15
736 1221 49 4
736 1301 27 2
738 825 37 2
738 1040 33 2
738 1225 6 15
738 1260 32 7
738 1282 49 6
739 826 35 11
739 1000 50 7
739 1016 60 1
739 1332 39 14
740 978 10 9
740 1009 60 4
741 908 51 10
741 960 60 8
741 1079 29 9
741 1369 17 13
742 1169 19 12
743 788 40 11
743 1029 54 7
743 1067 56 7
744 992 2 15
744 1100 51 9
744 1119 56 8
744 1310 40 3
744 1331 20 12
745 928 11 12
746 1099 37 14
746 1102 17 9
747 1035 9 10
747 1245 51 14
747 1358 15 13
748 1074 14 14
748 1212 48 7
748 1351 14 4
749 763 49 11
749 769 41 8
749 1149 21 7
749 1268 10 2
750 798 9 15
750 848 51 9
750 885 38 15
750 1047 25 9
750 1274 43 12
750 1284 15 3
751 803 31 10
751 804 46 1
751 1159 13 11
751 1246 28 9
751 1252 38 6
752 1134 8 9
752 1212 49 10
753 1379 17 11
754 841 53 7
754 913 57 7
754 1242 19 13
754 1263 34 8
754 1350 46 9
755 936 21 10
755 974 14 2
755 1206 54 5
755 1231 11 9
756 888 4 1
759 1024 21 3
759 1169 12 7
759 1233 42 1
759 1290 11 12
760 894 38 8
760 1118 8 8
760 1310 47 10
761 1164 21 14
762 1055 17 8
762 1386 38 8
763 881 50 8
763 1158 51 6
763 1203 22 2
763 1235 39 13
763 1238 50 8
763 1388 28 8
764 880 41 1
764 1028 50 8
764 1306 21 3
765 841 44 11
765 1096 45 15
765 1168 56 4
765 1215 53 10
766 979 11 15
766 1051 33 12
766 1217 20 5
766 1289 44 15
767 887 8 7
767 888 28 8
767 1015 52 12
767 1054 5 11
767 1083 55 15
767 1097 2 6
768 816 26 14
768 1075 46 8
769 1083 37 1
769 1173 22 8
769 1353 9 10
770 897 6 14
770 965 6 2
770 973 18 4
770 1077 34 8
770 1197 54 7
770 1336 52 4
770 1351 22 15
771 933 31 7
771 1135 58 15
772 882 34 11
772 1325 43 1
773 809 34 15
773 920 32 10
773 1384 43 7
774 794 26 8
774 819 14 15
774 847 9 12
774 938 47 2
774 943 8 12
774 1001 50 6
774 1020 57 11
774 1040 41 9
774 1126 39 8
774 1158 29 7
774 1192 20 9
774 1300 6 5
775 1146 16 11
776 977 10 3
777 973 44 10
777 993 56 13
777 1043 50 14
777 1084 52 10
779 869 36 10
779 1222 46 5
779 1326 57 6
780 908 23 5
780 953 11 14
780 1334 39 7
780 1364 59 10
781 1263 30 8
781 1364 41 8
782 789 24 6
782 1020 46 11
782 1257 54 13
782 1386 22 4
784 880 19 12
784 1243 59 9
785 788 30 7
785 955 13 5
785 1076 58 14
786 964 18 9
786 1091 51 6
786 1144 29 2
786 1320 45 7
787 796 51 7
787 1037 34 8
788 797 31 2
788 878 39 14
788 1366 38 14
789 1042 17 15
790 820 55 1
790 896 28 12
791 1028 6 1
791 1216 31 2
792 1383 35 9
793 1113 41 14
794 926 22 11
794 957 40 14
794 1030 23 11
794 1207 6 6
794 1241 2 3
795 874 27 14
795 1033 2 14
795 1162 8 10
796 1069 59 9
796 1307 59 5
797 1032 7 13
797 1061 54 10
797 1093 49 15
798 973 33 10
798 1293 5 12
798 1334 40 12
799 957 16 4
800 823 39 11
800 1257 27 12
800 1358 39 10
801 1002 56 9
801 1014 46 7
801 1167 37 15
801 1198 8 14
801 1276 54 5
801 1362 7 14
802 811 45 14
802 1347 48 13
803 1171 12 5
803 1267 20 10
804 953 37 8
805 1003 28 9
805 1106 57 5
806 1312 11 8
806 1388 35 13
806 1389 10 9
807 816 51 2
807 819 12 15
807 1304 17 15
808 985 4 7
809 1251 54 9
810 858 51 4
810 981 32 5
811 903 39 9
812 866 26 12
813 1096 8 5
813 1317 54 8
813 1342 6 4
813 1378 37 10
814 884 23 5
814 1019 16 3
814 1090 32 15
814 1120 37 4
814 1243 7 1
815 984 1 7
815 1036 9 15
815 1260 33 13
815 1343 47 12
815 1358 5 2
816 897 16 10
818 949 59 3
818 1092 4 11
819 958 59 7
819 990 41 8
819 1005 51 1
820 893 20 15
820 986 32 7
821 1003 21 3
821 1166 27 9
821 1358 18 15
823 903 21 12
823 992 5 15
823 1258 14 2
824 855 23 5
824 1093 41 14
824 1150 27 5
825 1199 28 7
826 1280 15 5
827 988 59 13
828 958 58 6
828 1339 39 13
829 1291 51 4
830 848 48 3
830 989 33 11
831 1243 25 2
831 1317 47 7
831 1347 44 2
832 976 44 7
832 1135 59 5
832 1328 46 12
833 1029 58 2
833 1230 39 13
834 839 12 1
835 967 3 13
835 996 43 11
835 1047 28 8
835 1265 51 7
836 962 11 10
836 1329 24 15
837 1130 37 13
837 1185 56 14
839 982 21 14
839 1259 58 3
839 1285 58 10
840 959 13 6
840 1237 4 6
841 1095 1 4
841 1190 4 15
841 1261 54 6
842 1205 6 2
842 1318 49 11
843 982 31 9
843 1204 3 11
843 1294 35 10
843 1379 31 4
844 874 59 9
845 1147 22 3
845 1303 27 3
846 1095 54 14
846 1160 4 7
846 1200 21 9
846 1305 11 13
846 1329 52 2
847 1014 40 10
847 1137 59 2
847 1240 45 13
848 861 31 5
848 1032 3 14
848 1175 54 7
848 1225 7 4
849 1015 32 4
849 1104 45 4
849 1317 3 3
850 1069 49 11
850 1393 29 5
851 928 2 2
851 1010 34 3
851 1295 57 15
852 1205 37 14
852 1289 11 1
852 1327 6 15
853 1138 38 4
853 1377 51 10
853 1387 46 4
855 1261 37 3
855 1305 6 12
855 1331 9 12
856 1185 42 1
857 938 25 6
857 1299 43 11
858 876 55 11
858 1092 9 13
858 1094 15 13
859 1178 6 14
859 1180 44 1
859 1355 54 7
861 945 46 4
861 990 40 7
861 1245 29 8
861 1379 31 9
862 906 18 9
863 1196 57 11
864 907 31 10
865 979 17 11
865 1141 57 14
866 952 26 8
866 1369 52 10
867 1200 41 1
868 911 15 6
868 1388 58 1
869 885 21 7
869 1124 39 6
870 961 8 3
870 1024 50 7
870 1188 52 14
870 1205 56 12
870 1223 44 9
870 1267 1 5
871 1284 6 4
871 1349 36 8
873 1042 27 13
873 1102 5 3
874 1055 14 15
874 1358 58 7
875 933 10 7
875 1042 23 9
876 1225 6 1
876 1288 58 3
877 1135 47 9
878 1079 20 14
879 1155 53 15
881 1150 26 6
881 1298 30 14
881 1306 31 12
882 990 44 4
884 899 39 6
884 1219 54 13
885 1212 60 11
886 898 18 4
888 909 35 8
888 988 31 2
888 1131 18 13
888 1172 21 2
888 1263 6 13
888 1278 28 8
890 924 17 10
890 1366 9 4
891 1270 14 3
893 987 35 1
893 1290 48 1
894 954 32 1
894 992 45 11
894 1194 44 3
894 1325 44 8
895 1001 43 9
895 1146 23 9
895 1272 3 9
896 1008 12 11
896 1147 22 13
897 905 48 12
897 1215 27 11
898 903 35 9
898 1368 37 10
899 975 31 10
899 1008 38 12
899 1039 45 2
899 1135 43 5
900 952 28 5
900 980 27 8
900 1100 6 4
902 1134 56 11
902 1279 41 11
904 1173 6 8
904 1234 29 5
905 1335 38 5
905 1370 57 11
906 1159 29 4
906 1287 51 14
907 1317 12 3
908 1318 32 3
909 1171 15 1
909 1206 58 5
909 1275 1 6
909 1311 7 15
910 953 25 8
910 1051 29 10
910 1062 38 6
910 1071 1 3
910 1318 12 4
911 924 37 10
912 999 16 13
912 1268 12 14
912 1379 4 8
913 1055 53 13
913 1326 34 15
914 1099 10 4
915 981 34 1
916 945 25 4
916 1009 18 7
916 1140 11 10
917 961 41 5
917 962 12 2
917 1070 26 4
917 1316 50 4
917 1371 24 4
919 947 19 3
919 1074 14 9
919 1082 46 3
919 1160 30 4
919 1331 50 12
920 1021 32 13
920 1153 49 1
922 1005 17 3
923 994 7 12
923 1025 35 13
923 1088 5 15
924 958 29 3
924 1009 12 6
924 1192 14 13
925 1075 41 4
925 1257 51 9
926 1120 16 12
927 1126 24 6
927 1221 25 15
927 1246 52 15
928 973 34 4
928 1145 36 10
928 1176 18 2
929 1344 6 7
929 1360 56 13
930 1208 32 14
931 1123 60 14
931 1181 23 12
931 1270 13 3
931 1286 59 3
932 936 12 5
932 1137 45 4
932 1290 30 9
932 1351 58 10
933 1053 36 10
933 1365 46 9
935 983 9 1
935 1281 36 2
936 1171 60 8
936 1319 38 10
937 966 56 4
937 1014 20 2
937 1038 4 6
937 1211 56 10
938 1165 28 1
939 1010 58 12
939 1212 46 2
940 1194 57 8
941 1077 58 14
941 1109 24 3
941 1306 52 5
942 983 54 15
942 1098 10 7
942 1289 54 6
942 1395 16 8
943 976 26 13
943 1229 55 8
943 1234 7 11
944 1262 35 9
945 1016 41 6
945 1107 36 13
945 1202 53 9
946 1092 9 9
946 1239 34 11
947 1234 21 11
948 1041 6 15
948 1071 16 12
949 950 24 2
950 1208 53 14
951 1037 2 5
954 1151 53 11
954 1329 8 2
954 1379 20 14
955 1104 51 5
955 1187 34 12
956 978 10 12
956 999 21 10
956 1170 11 7
956 1220 8 13
956 1293 25 7
956 1370 36 5
957 1189 41 12
957 1397 8 5
960 1148 31 1
960 1234 15 7
961 1148 41 4
961 1302 13 6
962 1355 30 10
963 1011 43 4
963 1018 27 15
963 1142 26 12
963 1271 55 14
964 996 59 13
964 1140 55 2
965 1181 54 8
966 981 29 5
966 1219 33 15
967 1115 10 5
967 1204 20 1
967 1377 43 10
968 1158 27 3
970 1133 42 5
970 1348 34 14
972 1357 29 1
973 1111 22 12
973 1134 55 11
973 1194 23 12
974 1111 49 6
975 1055 52 11
975 1128 21 5
975 1144 26 10
975 1249 57 7
975 1351 9 10
975 1380 57 13
976 1264 42 9
977 1049 55 9
977 1391 17 5
978 1297 51 4
979 981 38 13
979 1283 44 13
980 1103 24 4
980 1211 13 2
980 1262 2 2
980 1318 12 14
981 1007 14 8
981 1081 34 4
981 1210 25 14
981 1360 30 4
982 1265 26 13
983 1018 18 9
983 1047 39 5
983 1118 23 11
983 1395 57 5
984 1382 44 1
985 1110 45 6
985 1393 53 2
986 993 3 11
986 1352 16 5
987 1110 21 13
987 1173 53 9
988 1069 60 3
990 1155 4 7
990 1194 20 2
991 1037 1 12
991 1250 13 11
991 1318 17 3
992 1037 57 10
992 1238 5 7
992 1260 41 4
993 1098 15 9
993 1272 2 9
994 1302 42 8
994 1386 31 10
996 1052 51 14
996 1194 27 8
998 1100 9 8
999 1261 39 12
1000 1008 11 11
1000 1025 55 7
1000 1324 25 5
1001 1319 48 8
1001 1392 59 4
1002 1275 2 6
1002 1376 26 3
1003 1164 16 10
1004 1010 36 8
1004 1143 9 10
1004 1371 38 13
1005 1297 30 15
1006 1310 1 5
1006 1373 25 14
1007 1044 56 10
1008 1212 21 9
1009 1022 58 8
1009 1394 15 6
1010 1195 24 13
1012 1094 38 11
1012 1113 5 5
1012 1397 51 12
1013 1118 30 8
1013 1188 40 15
1014 1388 39 13
1015 1186 52 12
1015 1350 1 1
1016 1184 19 13
1017 1245 15 4
1017 1361 41 4
1018 1056 8 9
1018 1152 41 6
1018 1256 51 14
1018 1313 52 4
1019 1148 50 8
1019 1151 13 1
1019 1315 50 14
1019 1375 20 3
1019 1394 2 11
1020 1133 59 12
1020 1137 28 6
1020 1179 35 8
1021 1258 60 5
1021 1361 29 11
1021 1380 8 12
1024 1287 31 4
1025 1191 20 4
1027 1287 3 7
1027 1370 4 10
1029 1154 18 8
1030 1038 6 2
1030 1058 16 8
1030 1252 3 6
1031 1095 58 15
1031 1138 5 8
1031 1173 35 6
1032 1219 37 10
1033 1203 1 13
1033 1238 9 3
1033 1258 26 5
1033 1358 14 12
1033 1379 50 3
1034 1340 47 9
1034 1378 29 11
1035 1051 17 4
1036 1040 58 2
1036 1126 25 2
1037 1202 30 11
1038 1074 44 6
1038 1219 27 1
1038 1265 47 12
1038 1303 29 10
1039 1337 45 8
1041 1069 58 7
1041 1364 33 13
1045 1286 5 13
1046 1164 55 5
1048 1090 54 12
1049 1241 32 15
1049 1374 2 15
1050 1344 34 4
1050 1384 60 5
1051 1057 24 1
1051 1181 50 2
1051 1277 19 9
1051 1334 49 3
1052 1139 55 9
1053 1186 8 12
1053 1218 29 12
1053 1308 20 8
1054 1067 18 1
1056 1210 43 1
1057 1131 44 14
1057 1154 55 1
1057 1323 33 3
1058 1196 34 15
1058 1263 42 13
1060 1234 49 7
1061 1378 22 1
1063 1282 22 11
1064 1137 1 7
1064 1173 10 4
1064 1213 48 4
1067 1314 22 11
1067 1353 13 9
1068 1106 50 6
1068 1152 55 11
1069 1364 35 11
1073 1218 17 1
1073 1380 24 13
1075 1190 42 13
1075 1241 8 3
1076 1111 5 9
1076 1362 55 13
1077 1088 58 11
1077 1207 57 1
1077 1303 3 14
1078 1220 53 11
1079 1330 34 14
1080 1269 13 5
1080 1285 24 2
1082 1106 6 4
1082 1113 41 14
1082 1341 26 11
1082 1366 13 2
1083 1090 49 15
1083 1161 17 1
1084 1165 43 10
1085 1219 13 7
1086 1122 1 12
1086 1181 36 10
1086 1310 50 1
1086 1376 11 9
1087 1262 38 13
1087 1303 54 9
1087 1332 4 7
1088 1353 34 6
1090 1292 35 5
1090 1313 47 15
1092 1124 16 10
1092 1260 7 5
1093 1211 38 8
1093 1339 12 13
1095 1225 6 3
1095 1386 8 11
1096 1330 11 8
1097 1163 29 9
1098 1369 34 5
1099 1239 55 5
1099 1264 25 8
1099 1295 49 7
1101 1155 29 7
1102 1269 29 10
1102 1319 12 15
1102 1366 11 3
1103 1122 16 12
1103 1133 19 11
1103 1215 51 6
1105 1262 18 6
1109 1319 52 5
1109 1337 44 15
1110 1329 4 14
1115 1397 59 1
1117 1271 47 2
1117 1325 35 11
1118 1141 58 15
1118 1160 51 7
1118 1182 29 6
1119 1169 33 7
1119 1260 22 7
1120 1195 51 13
1120 1210 39 9
1120 1374 5 2
1121 1178 17 3
1122 1226 16 8
1122 1362 56 6
1123 1137 59 2
1123 1225 58 4
1126 1192 3 10
1129 1213 60 9
1130 1234 4 12
1131 1237 35 6
1133 1291 4 4
1133 1383 22 3
1134 1342 51 8
1134 1380 40 5
1136 1210 26 6
1137 1203 20 4
1138 1292 51 4
1139 1239 33 4
1139 1253 57 6
1141 1203 60 6
1141 1250 35 12
1141 1301 3 12
1142 1244 1 8
1143 1147 28 6
1144 1336 44 4
1145 1318 50 5
1146 1277 25 9
1148 1246 10 8
1148 1254 10 9
1149 1180 42 3
1149 1256 41 10
1152 1202 5 5
1152 1341 32 14
1152 1342 58 7
1154 1223 35 11
1154 1226 10 7
1156 1364 23 13
1159 1165 56 5
1159 1189 40 11
1162 1192 14 9
1162 1265 60 8
1163 1316 3 11
1163 1376 34 1
1163 1396 32 6
1164 1318 15 4
1164 1343 40 2
1166 1180 40 12
1170 1269 31 8
1170 1288 11 5
1172 1248 26 5
1172 1372 30 14
1173 1235 21 4
1175 1244 39 8
1176 1341 21 10
1177 1184 26 9
1178 1244 47 14
1178 1277 39 6
1178 1314 55 12
1179 1258 36 6
1179 1305 39 7
1179 1332 14 2
1180 1193 15 13
1182 1217 49 4
1182 1280 19 4
1183 1361 32 13
1184 1304 56 11
1185 1204 39 15
1185 1259 51 7
1186 1278 38 1
1187 1266 40 13
1188 1381 9 15
1188 1394 10 8
1189 1198 44 4
1191 1233 52 7
1192 1282 55 10
1192 1364 44 11
1193 1254 42 14
1194 1327 39 13
1195 1313 2 15
1195 1331 20 2
1196 1245 18 7
1196 1330 24 5
1197 1199 17 1
1197 1316 20 13
1197 1345 14 2
1198 1379 54 5
1199 1220 50 12
1199 1285 7 11
1202 1293 1 8
1202 1325 39 6
1202 1335 30 15
1205 1210 17 9
1205 1266 54 3
1207 1350 17 9
1208 1261 58 2
1210 1211 24 3
1210 1236 52 9
1210 1247 12 2
1210 1285 50 15
1210 1297 7 7
1210 1359 31 11
1211 1261 36 3
1213 1291 51 6
1214 1379 20 11
1216 1368 45 8
1217 1286 46 8
1217 1353 16 6
1218 1265 37 13
1222 1337 27 11
1224 1234 22 8
1224 1334 59 8
1225 1290 8 13
1226 1246 7 15
1229 1280 58 11
1231 1280 34 7
1231 1338 38 9
1232 1300 12 13
1234 1236 59 7
1234 1314 24 1
1238 1241 60 13
1240 1357 7 9
1240 1376 27 10
1240 1396 1 9
1241 1250 41 4
1241 1369 40 3
1243 1316 47 1
1243 1365 30 4
1244 1248 39 15
1245 1311 3 12
1250 1268 58 4
1250 1396 35 8
1251 1313 51 5
1252 1366 47 5
1252 1387 21 15
1253 1300 58 4
1253 1353 14 5
1254 1343 38 1
1258 1269 27 7
1258 1275 35 8
1258 1365 44 4
1259 1337 31 5
1261 1272 12 1
1263 1327 20 12
1263 1344 29 9
1266 1367 25 8
1267 1318 37 9
1268 1278 7 15
1268 1287 55 1
1268 1394 3 14
1269 1354 3 15
1270 1302 57 6
1271 1356 52 13
1275 1363 27 12
1277 1290 35 10
1280 1295 3 15
1284 1352 8 4
1286 1382 49 13
1291 1292 54 3
1295 1363 2 15
1299 1347 15 11
1299 1369 3 13
1302 1312 49 10
1304 1321 28 15
1307 1319 16 7
1309 1360 20 9
1309 1388 6 14
1310 1340 5 1
1314 1324 10 12
1317 1343 25 10
1318 1346 32 3
1330 1366 28 15
1331 1388 35 7
1334 1371 33 5
1337 1390 9 8
1338 1370 6 6
1347 1359 49 3
1349 1381 6 4
1362 1373 11 11
1370 1394 29 6
1375 1377 21 1

0 3 40
1 7 20
2 19 46
3 24 20
4 25 21
5 28 8
6 31 18
7 36 12
8 38 43
9 39 17
10 45 14
11 52 3
12 53 5
13 68 5
14 74 36
15 121 28
16 123 21
17 159 34
18 167 17
19 168 47
20 191 35
21 200 39
22 204 43
23 205 28
24 217 32
25 235 30
26 247 46
27 269 19
28 271 2
29 280 20
30 300 3
31 304 14
32 310 22
33 315 29
34 318 31
35 321 24
36 330 3
37 335 18
38 342 3
39 353 45
40 358 3
41 363 1
42 381 27
43 385 32
44 386 43
45 397 32
46 400 16
47 409 4
48 422 7
49 426 3
50 435 48
51 452 4
52 463 39
53 478 30
54 482 49
55 488 39
56 501 32
57 502 38
58 507 7
59 514 33
60 524 46
61 525 11
62 581 29
63 586 14
64 598 49
65 603 34
66 611 36
67 625 20
68 633 32
69 634 34
70 648 34
71 664 19
72 687 38
73 689 26
74 721 8
75 725 28
76 739 46
77 744 24
78 751 6
79 759 46
80 774 37
81 782 15
82 786 30
83 796 40
84 799 47
85 800 22
86 812 14
87 813 37
88 817 8
89 821 33
90 829 16
91 839 10
92 857 46
93 859 12
94 863 23
95 885 44
96 889 26
97 923 30
98 940 42
99 943 10
100 947 21
101 951 14
102 959 4
103 962 3
104 966 43
105 967 37
106 973 23
107 979 36
108 993 35
109 995 34
110 1011 40
111 1023 3
112 1024 35
113 1058 28
114 1063 22
115 1083 5
116 1101 45
117 1138 21
118 1150 21
119 1154 17
120 1158 30
121 1166 46
122 1221 44
123 1251 12
124 1252 11
125 1257 50
126 1260 31
127 1263 21
128 1286 30
129 1292 31
130 1299 3
131 1306 25
132 1325 50
133 1328 21
134 1332 45
135 1362 18
136 1369 7
137 1371 22
138 1374 23
139 1394 22
