1207 3617 120 10

0 30 5789
1 60 12620
2 90 20631
3 120 29982
4 150 40847
5 180 53423
6 210 67930
7 240 84613
8 270 103748
9 300 125639

0 4261
1 4494
2 5324
3 5523
4 4973
5 5506
6 4373
7 4606
8 4988
9 3845
10 4283
11 5379
12 4578
13 4973
14 4353
15 4026
16 5056
17 5538
18 5082
19 5183
20 4199
21 2871
22 5686
23 4134
24 4535
25 3754
26 4198
27 5435
28 4354
29 4259
30 5704
31 5081
32 4735
33 5622
34 3884
35 4337
36 5413
37 5792
38 3978
39 5940
40 4624
41 3855
42 4114
43 4658
44 4476
45 4651
46 4983
47 4540
48 5353
49 4760
50 5103
51 2792
52 4137
53 3841
54 5097
55 4641
56 3110
57 4726
58 4296
59 5401
60 5336
61 5709
62 4953
63 4972
64 5262
65 4320
66 5533
67 4691
68 5822
69 3988
70 4918
71 5639
72 4230
73 3997
74 5321
75 4802
76 5045
77 4918
78 3544
79 4272
80 5027
81 4285
82 4267
83 3474
84 5143
85 4282
86 4375
87 4354
88 5128
89 4347
90 3628
91 4768
92 4639
93 3865
94 5284
95 4390
96 4831
97 4367
98 4656
99 5055
100 5048
101 5536
102 3694
103 4058
104 4732
105 4490
106 6485
107 4446
108 3972
109 4850
110 5084
111 4353
112 4965
113 3649
114 5274
115 3913
116 4662
117 5642
118 5427
119 5828
120 4859
121 5063
122 4412
123 5883
124 5580
125 3872
126 4296
127 5177
128 4528
129 5152
130 5985
131 3731
132 5057
133 5991
134 4033
135 5660
136 4315
137 4574
138 4916
139 5669
140 4265
141 6201
142 4571
143 3724
144 3000
145 5734
146 5844
147 2678
148 4371
149 5989
150 2931
151 3197
152 4560
153 2936
154 6073
155 6285
156 4314
157 5522
158 4470
159 4301
160 6201
161 5163
162 5303
163 4223
164 4372
165 5397
166 4475
167 5260
168 4253
169 3739
170 4276
171 6004
172 4853
173 3912
174 2644
175 4344
176 4621
177 5133
178 3091
179 6134
180 5132
181 6665
182 5312
183 4282
184 3110
185 6287
186 4100
187 5016
188 4770
189 5238
190 4354
191 5438
192 5600
193 5480
194 4149
195 4816
196 5542
197 4027
198 5251
199 6033
200 5083
201 5975
202 4863
203 4723
204 5652
205 4790
206 5124
207 4164
208 5633
209 4278
210 4616
211 4676
212 4871
213 4443
214 3855
215 4745
216 5031
217 4564
218 4798
219 3884
220 5822
221 4381
222 3632
223 5040
224 4375
225 4680
226 4673
227 4134
228 5375
229 4409
230 4446
231 3797
232 4501
233 3328
234 3773
235 4557
236 4374
237 5229
238 3490
239 5404
240 3446
241 6433
242 4769
243 4111
244 4026
245 4222
246 5698
247 3585
248 4166
249 5197
250 4822
251 4754
252 5105
253 3123
254 2582
255 5676
256 4776
257 5845
258 5031
259 4438
260 3459
261 3968
262 5580
263 4616
264 4000
265 4309
266 6201
267 4585
268 3894
269 5367
270 5350
271 4646
272 3803
273 5550
274 3918
275 5151
276 5141
277 4727
278 3889
279 3733
280 4481
281 3224
282 4514
283 4284
284 5772
285 4600
286 5457
287 4900
288 4636
289 4654
290 5262
291 4995
292 4439
293 4806
294 5157
295 3912
296 6227
297 4763
298 5074
299 4611
300 5086
301 5440
302 3628
303 4693
304 4025
305 5883
306 5158
307 4601
308 3393
309 3600
310 5239
311 5735
312 3938
313 5358
314 5633
315 4704
316 4405
317 3523
318 4605
319 4688
320 5914
321 4162
322 5174
323 5698
324 3988
325 6178
326 4354
327 4492
328 4303
329 4147
330 5686
331 5014
332 5842
333 5283
334 4795
335 4955
336 4577
337 3943
338 4360
339 4792
340 3628
341 4227
342 4864
343 3956
344 5139
345 3849
346 5031
347 3871
348 4947
349 5037
350 5982
351 6436
352 4981
353 4544
354 4515
355 5279
356 3206
357 5305
358 5657
359 4865
360 4193
361 5395
362 4467
363 4381
364 5434
365 5532
366 4100
367 4991
368 4798
369 5874
370 5091
371 2714
372 4586
373 5784
374 4163
375 4809
376 6347
377 3549
378 6472
379 4484
380 5593
381 5269
382 3948
383 4303
384 4801
385 5018
386 4643
387 5812
388 5197
389 4672
390 5068
391 4077
392 4410
393 4881
394 6291
395 5128
396 4012
397 6135
398 4663
399 4630
400 4841
401 5276
402 4224
403 5376
404 4506
405 4225
406 5283
407 5524
408 3620
409 3986
410 4284
411 3222
412 5270
413 4323
414 4572
415 4786
416 5287
417 4633
418 6505
419 4266
420 4937
421 5083
422 4713
423 3683
424 4928
425 3295
426 3336
427 5603
428 4128
429 4469
430 4212
431 5104
432 3655
433 5392
434 5601
435 7498
436 5871
437 3606
438 5217
439 3773
440 3696
441 5617
442 5814
443 5333
444 5497
445 5145
446 6166
447 5030
448 4494
449 3957
450 4848
451 4791
452 4842
453 3118
454 5633
455 6140
456 4699
457 5285
458 4121
459 5779
460 6211
461 5152
462 4354
463 4367
464 4840
465 5032
466 3644
467 5291
468 4590
469 4302
470 4185
471 4331
472 6455
473 2819
474 4818
475 5495
476 6370
477 4937
478 5898
479 4639
480 4861
481 4390
482 4665
483 4357
484 4917
485 6043
486 5441
487 3391
488 4574
489 5363
490 4405
491 4560
492 4337
493 6505
494 4424
495 5945
496 3301
497 4802
498 5457
499 5577
500 5411
501 4030
502 4972
503 4683
504 3988
505 5942
506 5158
507 4160
508 3367
509 4200
510 4398
511 4009
512 4289
513 3619
514 4731
515 4726
516 3418
517 4191
518 5156
519 6350
520 4399
521 4915
522 5056
523 4633
524 4830
525 4199
526 3739
527 4252
528 5560
529 6006
530 5478
531 6344
532 3843
533 4847
534 5231
535 3610
536 5865
537 5887
538 5681
539 4895
540 5223
541 5670
542 3777
543 5706
544 4509
545 6399
546 6463
547 4267
548 3083
549 5963
550 6047
551 3586
552 4442
553 5019
554 4168
555 4274
556 5273
557 4607
558 4556
559 5898
560 3931
561 6007
562 4167
563 5485
564 4398
565 5515
566 4178
567 5075
568 4176
569 4244
570 5147
571 4326
572 5236
573 4339
574 4715
575 3911
576 4768
577 5479
578 4511
579 4636
580 4172
581 4208
582 4934
583 5174
584 3562
585 5125
586 5104
587 4265
588 3963
589 3979
590 5193
591 3793
592 6080
593 5610
594 3578
595 4181
596 5154
597 4618
598 5596
599 4756
600 5580
601 6280
602 4017
603 4696
604 6286
605 4313
606 3339
607 4830
608 4550
609 4531
610 3876
611 3440
612 4291
613 4502
614 3926
615 4223
616 4761
617 4383
618 5303
619 4104
620 4059
621 4937
622 5562
623 5800
624 4667
625 3208
626 4748
627 3461
628 4019
629 4430
630 3621
631 4200
632 5596
633 4338
634 5038
635 5598
636 4889
637 4748
638 5446
639 4457
640 4849
641 5286
642 4410
643 4960
644 4245
645 5877
646 5672
647 4991
648 5193
649 4491
650 3742
651 4624
652 5056
653 4519
654 4849
655 4447
656 4678
657 4898
658 4677
659 4337
660 3973
661 5093
662 3153
663 5366
664 5322
665 4138
666 4815
667 4228
668 5434
669 5650
670 4827
671 4783
672 4856
673 5739
674 5845
675 5056
676 5068
677 4630
678 4223
679 5556
680 5837
681 6491
682 4379
683 4994
684 3684
685 4205
686 4388
687 3958
688 6050
689 3660
690 5615
691 5470
692 4911
693 3539
694 4135
695 5311
696 5689
697 4363
698 4490
699 5677
700 3396
701 4661
702 5593
703 4929
704 3924
705 5671
706 4201
707 5648
708 5230
709 3424
710 3829
711 5124
712 4280
713 3781
714 4386
715 3399
716 5174
717 4656
718 3810
719 5244
720 3296
721 4057
722 5669
723 3584
724 4040
725 4123
726 4914
727 4183
728 4337
729 5532
730 4170
731 5529
732 4730
733 3957
734 4558
735 3722
736 5336
737 5011
738 3572
739 4137
740 5217
741 4861
742 4840
743 6336
744 5805
745 4904
746 4532
747 4877
748 6638
749 3964
750 5915
751 4769
752 5978
753 5607
754 3805
755 3204
756 5804
757 4925
758 5141
759 3572
760 4165
761 3953
762 5723
763 5245
764 4083
765 5043
766 3393
767 5062
768 4081
769 4282
770 5686
771 4713
772 4262
773 3616
774 3787
775 3364
776 3818
777 3706
778 5433
779 4719
780 4681
781 3861
782 5150
783 2889
784 4700
785 3750
786 4986
787 5011
788 3829
789 6494
790 4226
791 5486
792 4756
793 4804
794 5121
795 5330
796 5302
797 3770
798 5194
799 5082
800 3985
801 3822
802 4093
803 4298
804 5080
805 5116
806 4692
807 4433
808 3740
809 4698
810 5616
811 4853
812 4714
813 3890
814 3967
815 3961
816 3529
817 5332
818 4421
819 5446
820 4025
821 4887
822 3798
823 5986
824 4216
825 4620
826 4006
827 3569
828 4792
829 5114
830 5494
831 4558
832 3636
833 4829
834 5185
835 4561
836 6507
837 4551
838 5311
839 4316
840 4956
841 4176
842 4764
843 4536
844 6378
845 4131
846 4877
847 5350
848 5342
849 4645
850 3590
851 4798
852 5324
853 5051
854 5336
855 3653
856 4745
857 6521
858 5322
859 4975
860 5043
861 5280
862 4990
863 4409
864 4829
865 4432
866 4898
867 6310
868 4167
869 5114
870 4230
871 4834
872 5999
873 4061
874 5898
875 4475
876 6002
877 4652
878 4228
879 4915
880 4753
881 2991
882 4368
883 4576
884 5904
885 5271
886 3798
887 4095
888 5066
889 5688
890 4738
891 4598
892 3778
893 5980
894 6184
895 3817
896 5115
897 5339
898 3970
899 5115
900 4278
901 5278
902 3774
903 5233
904 3686
905 3136
906 5740
907 6178
908 4256
909 4953
910 3305
911 4122
912 4837
913 5094
914 4688
915 4498
916 3693
917 4060
918 3409
919 4992
920 6019
921 5389
922 5988
923 4158
924 4184
925 5213
926 4329
927 3262
928 5543
929 4371
930 4026
931 4457
932 3750
933 5173
934 4642
935 4553
936 4899
937 5545
938 5028
939 5007
940 4743
941 4791
942 5447
943 5785
944 5701
945 5119
946 3954
947 3136
948 5390
949 6333
950 5811
951 5085
952 4351
953 3932
954 4370
955 5557
956 4666
957 3745
958 4520
959 3466
960 4470
961 4673
962 5367
963 3863
964 4875
965 4648
966 4931
967 4799
968 4312
969 5018
970 3123
971 5341
972 4907
973 4471
974 4970
975 5668
976 4383
977 5505
978 4643
979 5271
980 4093
981 3859
982 5418
983 4200
984 3747
985 4425
986 5906
987 5317
988 3886
989 5000
990 5140
991 5073
992 4603
993 4417
994 4302
995 4193
996 4738
997 4634
998 3558
999 3890
1000 4744
1001 6696
1002 5912
1003 4804
1004 5675
1005 5217
1006 5079
1007 4190
1008 5399
1009 3661
1010 4028
1011 5203
1012 4810
1013 6264
1014 5375
1015 4525
1016 6463
1017 6603
1018 4916
1019 5351
1020 4604
1021 5135
1022 4895
1023 5623
1024 4461
1025 4056
1026 5266
1027 4113
1028 5280
1029 4567
1030 4690
1031 5147
1032 4636
1033 3639
1034 4854
1035 3543
1036 2435
1037 5397
1038 5899
1039 3578
1040 3671
1041 3784
1042 3747
1043 4953
1044 5103
1045 5620
1046 5964
1047 4828
1048 4525
1049 3751
1050 5309
1051 3488
1052 4178
1053 4035
1054 4450
1055 5370
1056 6506
1057 4464
1058 3737
1059 4945
1060 4945
1061 3754
1062 5275
1063 4538
1064 4805
1065 3874
1066 4034
1067 4673
1068 5082
1069 4654
1070 3082
1071 5761
1072 3770
1073 4457
1074 5906
1075 3899
1076 4061
1077 4719
1078 5117
1079 4455
1080 4402
1081 3019
1082 3079
1083 4404
1084 4751
1085 5485
1086 5297
1087 4953
1088 6752
1089 5528
1090 4443
1091 5178
1092 4133
1093 4428
1094 4650
1095 6288
1096 4028
1097 4718
1098 5229
1099 5934
1100 4232
1101 4616
1102 3869
1103 5886
1104 5197
1105 4537
1106 4823
1107 4023
1108 3921
1109 4336
1110 4785
1111 4728
1112 3786
1113 3741
1114 4680
1115 4134
1116 4554
1117 4913
1118 5363
1119 4202
1120 5886
1121 3502
1122 4408
1123 4509
1124 5598
1125 3835
1126 4826
1127 4036
1128 4805
1129 3538
1130 4454
1131 5928
1132 3863
1133 4728
1134 4955
1135 3644
1136 4122
1137 5635
1138 5216
1139 5001
1140 4764
1141 5050
1142 4601
1143 4495
1144 3917
1145 5623
1146 4879
1147 4930
1148 5500
1149 5168
1150 6991
1151 5834
1152 4337
1153 5603
1154 5411
1155 4484
1156 3887
1157 4897
1158 5038
1159 4578
1160 2971
1161 3795
1162 4669
1163 2829
1164 4294
1165 3567
1166 3211
1167 5076
1168 4203
1169 4140
1170 3875
1171 5405
1172 4237
1173 4680
1174 6155
1175 4847
1176 5765
1177 4288
1178 6756
1179 4918
1180 4812
1181 5186
1182 4653
1183 5379
1184 3278
1185 6033
1186 3811
1187 5300
1188 4530
1189 4250
1190 4454
1191 5340
1192 4710
1193 5253
1194 4714
1195 4553
1196 4800
1197 4690
1198 4748
1199 4168
1200 3144
1201 5338
1202 6061
1203 3145
1204 3996
1205 4716
1206 5055

0 163 44 4
0 210 41 1
0 279 27 12
0 555 28 12
0 556 34 5
0 595 46 7
0 693 30 10
0 766 11 5
0 1085 8 12
1 163 19 2
1 245 1 13
1 314 7 1
1 362 31 15
1 556 52 7
1 763 55 14
1 766 15 5
1 969 24 7
1 1048 35 13
1 1154 39 3
2 163 27 1
2 556 13 4
2 580 50 4
2 590 2 12
2 733 8 5
2 766 36 5
2 912 25 6
2 1111 56 7
2 1114 22 10
3 321 2 14
3 336 11 11
3 393 57 6
3 425 7 8
3 512 3 13
3 709 33 1
3 870 6 15
3 1042 38 5
4 930 22 1
4 1000 25 10
5 296 3 1
5 346 51 6
5 612 40 6
5 721 50 1
5 931 54 7
6 505 54 5
6 602 54 6
6 932 22 3
6 956 34 5
7 53 55 6
7 80 38 14
7 283 11 13
7 727 19 5
7 820 45 12
7 912 50 3
7 995 40 3
7 1011 39 4
7 1142 57 13
8 170 5 2
8 500 2 6
9 327 22 5
9 342 43 5
9 487 53 15
9 655 8 15
9 661 42 6
9 802 4 2
9 931 24 1
9 1150 56 8
9 1166 40 6
10 40 5 4
10 269 18 2
10 498 28 1
10 621 20 15
10 989 48 4
11 369 1 6
11 415 47 13
11 453 37 3
11 457 7 5
11 606 12 5
11 1105 37 5
12 81 48 3
12 108 59 13
12 516 60 14
12 565 4 5
12 640 15 2
12 851 27 15
12 1075 42 8
13 139 23 5
13 321 25 7
13 570 19 6
13 627 20 13
13 743 51 12
13 857 25 13
14 198 25 15
14 300 26 10
14 394 14 15
14 398 19 13
14 779 50 2
14 1015 9 7
15 41 8 9
15 164 52 10
15 396 12 7
15 422 23 3
15 466 28 3
15 472 20 11
15 695 5 9
15 1026 16 9
16 209 18 7
16 393 36 8
16 816 20 7
16 868 42 6
16 878 44 5
16 1017 21 3
17 42 35 7
17 424 55 13
17 585 2 13
17 645 6 1
17 866 7 14
17 888 15 12
17 1038 45 3
17 1068 3 11
18 170 54 6
18 724 28 11
18 726 11 13
18 782 43 5
18 840 24 2
18 848 41 10
18 897 59 5
18 1057 24 11
18 1115 56 1
19 124 39 9
19 351 9 6
19 372 21 11
19 577 8 3
19 587 7 7
19 681 30 5
19 746 31 2
19 815 25 13
19 994 1 4
19 1160 21 10
20 105 27 6
20 243 36 13
20 554 28 10
20 595 11 2
20 960 19 2
20 1143 9 14
21 85 42 7
21 282 52 14
21 380 43 14
21 466 2 13
21 763 8 4
21 1167 30 15
22 42 29 9
22 178 57 9
22 319 25 7
22 826 49 7
22 1164 40 11
23 357 31 13
23 780 41 1
23 853 29 3
23 911 31 2
23 1018 21 2
23 1103 13 6
24 241 28 2
24 621 12 7
24 893 2 14
24 990 1 11
24 1102 1 14
24 1141 10 15
25 115 40 14
25 454 54 6
25 536 20 10
25 828 14 14
25 931 9 2
25 954 8 15
25 966 54 3
26 59 52 13
26 325 48 15
26 533 4 9
26 779 48 2
26 850 15 10
26 952 31 2
26 959 38 4
26 1121 1 15
27 183 30 6
27 796 13 2
27 883 34 12
27 924 51 15
28 136 10 7
28 208 11 9
28 366 3 3
28 528 19 1
28 604 28 9
28 783 37 2
28 921 3 7
28 1115 54 2
29 157 39 5
29 277 13 12
29 312 2 1
29 383 23 12
29 403 35 2
29 467 13 15
29 588 34 10
29 823 34 10
29 948 12 15
30 89 59 12
30 342 59 10
30 418 35 3
30 550 39 6
30 946 35 14
30 1019 54 3
31 154 20 4
31 667 43 11
31 671 53 8
31 687 35 10
32 509 60 11
33 108 12 4
33 641 48 14
33 695 34 3
33 1015 36 15
33 1055 5 1
33 1060 25 13
33 1064 12 14
33 1093 18 4
33 1137 47 10
34 503 53 13
34 851 52 11
34 894 23 12
34 1011 33 4
34 1017 5 9
34 1077 8 6
34 1123 45 1
34 1195 29 9
35 122 56 12
35 126 38 6
35 144 4 5
35 325 57 9
35 346 19 11
35 349 5 5
35 376 4 6
35 433 26 10
35 721 11 4
35 861 35 6
35 951 20 11
36 194 11 7
36 229 48 13
36 291 19 9
36 328 6 7
36 419 23 4
36 849 31 7
36 1161 41 15
37 124 60 3
37 182 41 3
37 270 19 13
37 413 20 4
37 560 31 8
37 838 41 5
37 1033 17 7
37 1045 60 12
38 64 8 8
38 178 33 1
38 264 21 4
38 298 34 9
38 392 18 8
38 466 20 6
38 731 9 11
38 746 6 8
38 978 22 4
38 1004 9 13
38 1043 17 3
38 1050 40 10
39 193 31 12
39 287 32 14
39 817 54 5
39 976 58 15
39 1083 2 12
40 140 31 7
40 210 9 2
40 488 44 9
40 522 11 7
40 544 4 9
40 609 59 2
40 685 58 1
40 956 57 10
40 1003 15 4
40 1133 3 12
41 195 23 9
41 840 44 3
41 960 10 10
41 1083 49 7
42 477 33 1
42 509 36 14
42 674 43 6
42 716 56 11
42 721 23 13
42 904 2 13
42 1109 13 13
42 1164 38 10
43 310 3 7
43 468 23 3
43 621 38 4
43 822 54 9
43 975 1 13
44 191 29 10
44 320 32 3
44 497 40 12
44 566 1 10
44 597 60 7
44 667 1 2
44 874 14 11
44 949 58 15
44 1089 4 7
44 1167 6 3
45 259 49 12
45 491 17 15
45 717 52 5
45 860 47 7
45 975 22 3
45 996 30 7
45 1020 34 15
46 133 58 13
46 294 16 4
46 367 47 3
47 409 60 4
47 578 33 12
47 964 2 9
48 262 6 6
48 276 21 4
48 888 55 3
48 943 56 14
48 972 27 7
49 106 36 13
49 181 3 3
49 271 48 1
49 540 25 8
49 649 9 12
49 799 27 1
49 962 51 9
49 1104 59 2
50 75 44 1
50 135 60 12
50 222 9 8
50 229 33 5
50 304 21 4
50 587 55 10
50 589 60 13
50 744 23 8
50 1037 16 14
50 1045 31 10
50 1072 25 15
50 1083 1 9
51 61 6 5
51 180 45 15
51 182 30 9
51 651 1 14
51 853 41 14
51 896 54 9
51 980 22 12
51 1016 22 13
51 1119 58 8
52 283 14 2
52 351 29 12
52 357 2 15
52 424 46 12
52 538 12 13
52 715 49 4
52 1021 3 14
53 223 26 2
53 574 14 4
53 636 23 10
53 856 15 7
53 968 49 11
53 1013 36 14
53 1014 14 2
54 282 38 7
54 335 15 12
54 585 32 3
54 651 52 15
54 1000 7 12
54 1041 12 3
55 492 41 12
55 597 22 2
55 712 15 13
55 836 11 2
55 867 51 11
55 968 20 13
55 1014 49 10
56 302 2 8
56 799 20 10
56 1116 19 7
56 1144 19 12
56 1188 11 10
57 174 13 8
57 413 59 2
57 457 3 4
57 475 26 5
57 506 20 4
57 675 30 9
57 1052 39 4
57 1054 53 2
57 1181 59 10
58 529 59 4
58 880 25 9
58 933 50 1
59 142 23 4
59 853 54 3
59 889 16 8
60 92 42 8
60 209 46 5
60 282 28 1
60 391 26 5
61 144 37 10
61 615 45 7
61 650 41 4
61 883 7 9
61 923 12 7
61 956 53 4
61 1103 41 11
61 1121 43 9
61 1168 46 7
62 145 25 1
62 226 40 7
62 242 36 12
62 246 29 6
62 372 37 14
63 153 19 12
63 366 59 8
63 410 26 8
63 547 29 7
63 677 45 7
63 1109 31 15
63 1142 6 15
64 494 36 11
64 551 15 3
64 750 6 13
64 883 17 5
64 1167 4 6
65 500 56 12
65 587 32 1
65 776 59 1
65 898 35 11
66 286 31 13
66 357 32 14
66 366 11 11
66 401 47 12
66 407 8 14
66 446 59 9
66 642 46 6
66 711 51 3
66 743 29 14
67 372 60 7
67 380 52 11
68 694 52 8
68 842 60 9
69 143 7 8
69 329 40 9
69 349 14 13
69 355 43 13
69 410 52 13
69 694 12 2
69 786 43 15
69 810 60 13
69 888 4 15
70 251 22 10
70 386 22 2
70 541 41 3
70 847 45 14
71 327 7 11
71 443 41 3
71 480 22 12
71 523 14 15
71 624 24 15
71 1043 16 14
72 138 6 13
72 171 49 9
72 379 40 10
72 520 46 10
72 652 16 7
72 722 1 2
72 858 24 13
72 902 37 7
72 917 25 5
72 924 10 10
72 925 26 12
72 1007 13 5
72 1031 42 2
72 1053 29 4
73 207 44 6
73 232 48 14
74 228 59 3
74 294 7 3
74 446 30 9
74 467 50 15
74 601 31 15
74 778 24 1
74 1027 60 10
75 182 23 8
75 559 3 12
75 783 40 11
75 1192 4 2
76 219 27 4
76 795 17 8
76 815 43 10
77 87 25 8
77 348 58 5
77 585 7 5
78 88 40 12
78 461 57 1
78 473 23 6
78 689 43 2
78 910 17 1
78 938 47 2
78 956 13 15
78 1166 39 7
79 725 1 13
79 830 48 10
79 882 30 10
79 982 41 9
80 215 54 3
80 325 15 15
80 510 3 14
80 531 56 3
80 575 39 3
80 727 59 11
80 871 15 15
80 960 18 3
81 181 23 13
81 332 10 7
81 426 5 7
81 561 33 4
81 609 58 3
81 759 32 13
81 764 13 3
82 596 42 7
82 1077 31 3
83 383 31 5
83 409 60 12
83 875 50 12
83 912 12 11
83 1015 19 1
84 837 47 12
84 1149 54 8
85 192 2 3
85 306 33 4
85 467 13 12
85 837 16 4
85 1119 33 12
85 1121 16 11
85 1154 27 2
86 657 13 13
86 730 34 5
87 122 32 13
87 439 28 13
87 540 10 6
87 783 14 12
87 881 14 11
87 1049 17 14
87 1142 51 2
88 185 40 5
88 440 8 7
88 557 35 12
88 686 9 13
88 721 3 9
88 935 49 4
89 161 38 6
89 162 27 6
89 233 8 8
89 627 5 5
89 652 41 6
89 709 53 10
89 838 8 13
89 916 17 6
89 969 17 2
89 1175 59 4
90 581 25 3
90 674 43 10
90 679 4 15
90 835 13 8
91 201 16 13
91 411 42 7
91 1157 15 7
92 343 1 5
92 665 11 2
92 789 2 10
92 951 5 14
92 1003 39 3
92 1094 25 5
92 1203 30 1
93 234 41 7
93 334 53 2
93 417 6 12
93 420 20 11
93 818 6 5
93 969 1 12
93 1001 38 9
93 1173 6 11
94 208 8 14
94 263 40 11
94 271 1 8
94 320 1 4
94 449 38 9
94 836 40 7
94 978 51 11
95 176 58 11
95 297 11 6
95 742 32 13
95 994 39 3
96 194 49 3
96 404 31 4
96 1055 18 7
97 121 48 15
97 148 23 12
97 501 23 6
97 531 56 6
97 847 53 14
97 869 46 6
97 982 28 9
97 1011 40 15
98 155 14 7
98 356 16 15
98 406 50 11
98 451 30 5
98 484 21 14
98 627 53 15
98 844 8 11
98 1006 32 7
99 180 2 7
99 383 23 14
99 439 46 1
99 1054 41 14
100 550 36 10
100 821 22 11
100 932 60 1
101 667 30 15
101 894 37 9
101 1028 49 6
101 1191 56 3
102 135 26 13
102 567 12 5
102 616 47 14
102 905 23 13
102 1039 44 2
102 1163 51 14
103 683 49 14
103 850 36 11
103 1054 20 12
103 1116 37 8
103 1134 41 3
103 1171 14 12
104 129 53 9
104 210 25 10
104 488 30 10
104 798 11 8
105 686 50 15
105 843 26 3
105 1064 14 9
105 1097 23 6
106 653 44 14
106 1046 30 2
107 246 10 9
107 350 24 9
107 390 33 1
107 606 46 15
107 812 51 3
108 330 47 7
108 378 50 5
108 764 49 13
108 1137 39 13
108 1168 48 8
109 215 15 3
109 504 15 9
109 700 27 15
109 741 30 4
109 802 33 9
110 377 40 3
110 446 49 8
110 475 51 11
110 602 26 7
110 641 10 14
110 881 30 12
111 170 24 13
111 419 55 13
111 549 32 2
111 623 29 5
111 797 24 12
111 904 32 11
111 915 3 2
111 1063 4 7
111 1192 13 3
112 116 23 6
112 179 41 9
112 187 56 7
112 619 12 14
112 813 12 3
112 1009 58 8
112 1106 21 7
113 222 9 2
113 264 15 13
113 306 5 14
113 439 35 7
113 495 45 11
113 675 60 2
113 836 26 13
113 1001 42 8
113 1179 43 4
114 184 37 4
114 289 50 14
114 414 36 11
114 426 27 14
114 452 11 8
114 975 38 3
114 1166 18 11
115 433 25 10
115 741 10 13
115 786 53 2
115 933 17 7
115 1110 28 12
116 154 45 4
116 404 20 10
116 408 44 13
116 435 41 8
116 829 23 6
117 240 12 13
117 959 33 6
117 1019 24 9
118 624 21 6
118 874 38 6
119 145 31 8
119 383 10 15
119 481 55 6
119 516 8 6
119 528 48 5
119 541 12 13
119 1117 55 13
120 182 5 4
120 483 33 12
120 540 1 8
120 831 55 6
120 894 17 1
120 959 48 3
120 1091 23 13
121 315 44 6
121 338 60 5
121 765 35 6
121 830 22 6
121 844 4 3
121 927 5 10
121 1037 29 13
121 1185 27 1
122 132 7 1
122 288 35 8
122 382 11 11
122 687 24 8
122 936 53 1
123 247 41 1
123 250 53 12
123 268 7 12
123 431 14 5
123 531 36 13
123 553 29 15
123 603 59 6
123 1046 3 8
123 1082 10 11
124 290 51 10
124 402 13 1
124 568 51 7
124 724 8 7
124 1023 46 5
125 417 45 7
125 539 8 3
125 1194 9 2
126 474 15 9
126 482 43 10
126 575 44 9
126 828 57 5
126 842 11 1
127 438 7 6
127 572 4 11
127 583 14 12
128 299 7 8
128 319 27 3
129 381 45 10
129 630 49 12
129 717 47 11
129 885 17 8
129 985 59 10
129 1103 41 5
130 272 42 3
130 305 37 12
130 962 10 6
130 1141 8 5
131 595 56 12
131 876 18 2
131 989 14 13
131 1005 52 1
132 179 1 14
132 335 39 8
133 221 23 5
133 382 24 2
133 738 14 4
133 1065 7 11
133 1083 17 10
134 183 44 9
134 267 18 11
134 278 3 2
134 343 59 15
134 420 49 4
134 872 31 15
135 164 51 12
135 708 8 12
135 753 44 8
136 170 18 9
136 223 55 11
136 767 48 13
136 843 21 4
136 878 15 11
136 906 59 15
136 1137 29 5
137 464 47 12
137 513 24 14
137 619 52 8
138 576 18 1
139 173 1 2
139 602 30 14
139 623 58 12
139 730 57 10
139 1094 32 9
139 1119 41 2
140 145 14 15
140 303 23 9
140 672 14 13
140 709 7 14
140 826 38 8
140 846 48 4
140 1114 41 1
141 194 28 15
141 241 45 10
141 403 31 1
141 874 24 6
141 948 31 1
142 701 52 13
142 730 51 6
142 1051 3 13
143 276 52 8
143 815 56 5
143 819 54 13
143 1047 43 15
144 399 5 8
144 593 41 6
145 577 16 6
145 993 47 13
145 1093 42 9
145 1125 51 14
145 1193 41 13
146 570 26 10
146 758 15 5
146 899 46 15
146 1079 38 3
147 351 55 14
147 385 22 8
147 393 28 8
147 1017 54 7
147 1053 50 12
147 1134 52 6
148 550 53 3
148 696 5 11
148 768 31 2
148 950 46 7
148 966 17 15
148 1010 42 6
148 1134 3 7
149 372 26 10
149 396 32 9
149 714 53 15
149 774 58 15
149 806 36 1
149 828 32 7
149 1078 13 15
149 1177 35 7
150 154 5 14
150 178 40 11
150 331 42 4
150 868 2 2
150 975 1 11
150 1146 36 5
151 451 16 15
151 487 16 6
151 515 22 4
151 597 43 15
151 1078 46 1
152 234 29 9
152 353 50 7
152 432 55 4
152 477 43 1
152 632 32 6
152 804 36 10
152 895 42 9
153 552 1 1
153 871 35 9
153 1012 59 13
153 1050 26 14
154 248 13 10
154 253 45 5
154 478 7 11
154 534 29 2
154 838 37 5
154 1035 19 13
154 1192 36 10
155 258 37 3
155 661 3 3
155 875 45 4
155 988 33 4
155 1120 44 5
155 1179 37 2
156 189 30 9
156 398 40 14
156 718 2 4
156 978 56 4
156 1006 53 12
156 1159 19 1
156 1174 8 7
157 299 21 1
157 345 10 12
157 633 50 7
157 1140 27 15
157 1141 46 2
158 247 12 15
158 541 44 5
158 642 1 2
158 890 57 3
158 928 18 7
158 1047 27 13
159 316 20 7
159 441 9 15
159 917 53 15
159 975 36 13
159 1195 26 5
160 319 9 2
160 397 49 15
160 592 50 5
160 806 38 2
160 969 56 14
160 1127 40 6
161 408 21 11
161 599 27 2
161 1052 20 6
161 1094 28 3
162 369 44 3
162 417 37 11
162 1126 40 4
164 352 14 3
164 586 58 6
164 669 50 5
164 1139 4 4
164 1156 48 9
165 279 46 6
165 328 8 11
165 420 52 7
165 968 55 9
165 1084 44 6
165 1182 9 14
166 307 5 2
166 853 13 1
166 981 28 12
166 1004 58 11
167 533 31 12
167 676 6 6
167 1161 2 7
168 481 43 15
168 530 39 4
168 532 16 11
168 583 22 2
168 610 53 10
168 647 48 6
168 680 37 2
168 696 16 5
168 1184 48 14
169 494 21 1
169 496 29 10
169 696 40 5
169 718 46 8
169 926 4 5
169 946 19 6
169 1147 28 2
170 189 51 3
170 222 32 12
170 577 6 3
170 737 57 8
171 244 43 5
171 383 29 14
171 480 39 3
171 992 2 1
171 1019 24 9
171 1198 9 2
172 364 36 7
172 688 56 1
172 709 19 15
172 726 5 12
172 866 16 7
172 893 15 11
172 1134 28 14
172 1138 55 12
173 300 35 2
173 518 52 15
173 539 60 5
174 347 19 11
174 725 55 14
174 1133 22 3
174 1149 59 1
175 196 51 10
175 506 14 8
175 631 15 9
175 773 46 13
175 1003 34 14
175 1097 46 12
175 1173 59 6
176 496 33 5
176 638 36 2
177 339 46 15
177 621 26 10
177 838 8 5
178 665 14 10
178 727 1 12
178 1183 27 2
179 757 52 10
180 529 8 13
180 616 14 3
180 690 41 12
180 917 59 6
180 1067 7 4
181 246 21 3
181 251 27 11
181 539 50 15
181 699 59 5
181 921 2 1
182 760 49 12
182 780 45 12
182 813 6 12
183 430 38 6
183 505 6 11
183 713 37 13
183 778 16 4
183 1050 1 8
184 727 36 5
184 900 28 10
184 1120 17 7
185 455 22 10
185 741 11 12
185 879 22 4
186 313 44 6
186 513 56 15
186 647 32 13
186 667 13 12
186 921 54 10
186 994 28 3
186 1031 47 3
186 1071 8 4
187 195 9 13
187 456 34 3
187 747 1 5
187 1060 21 4
188 510 6 1
188 585 54 14
188 600 24 4
188 679 2 10
188 746 38 6
188 1030 2 8
188 1113 26 3
189 767 58 4
190 279 42 3
190 608 12 10
190 722 45 7
190 885 12 15
190 1060 26 11
191 266 18 13
191 325 43 13
191 437 17 13
191 542 23 6
191 593 53 12
191 920 34 10
191 1175 14 14
192 328 60 2
192 408 44 13
192 445 8 12
192 568 10 3
192 589 18 9
192 597 40 6
192 841 2 1
192 979 31 7
192 997 53 2
192 1190 32 7
193 396 47 12
193 462 53 5
193 704 49 9
193 719 25 7
194 210 18 8
194 402 5 1
194 487 25 10
194 559 13 15
194 575 3 11
194 1191 57 10
195 224 35 1
195 228 32 5
195 368 43 13
195 612 55 5
195 619 20 4
195 725 20 8
195 1113 13 4
196 416 60 13
196 648 11 2
196 733 54 7
196 808 46 1
196 983 27 15
196 1192 3 9
197 200 4 4
197 398 14 7
197 713 56 15
198 627 34 6
198 915 10 7
199 217 31 11
199 545 53 12
199 980 14 9
200 217 28 4
200 319 12 15
200 732 16 15
200 741 23 7
200 764 21 15
200 945 48 1
200 1118 56 10
200 1191 23 12
201 212 8 1
201 459 39 15
201 788 42 12
201 917 46 14
201 1009 44 15
201 1021 19 15
202 356 57 5
202 420 29 1
202 1016 3 2
203 493 10 8
203 531 37 2
203 890 3 15
204 322 57 11
204 336 16 8
204 847 10 10
204 967 36 7
204 1140 15 13
205 224 9 1
205 279 53 13
205 402 33 9
205 594 2 4
206 348 12 4
206 537 34 4
206 744 50 1
206 954 38 11
207 369 28 12
207 536 43 9
207 1127 15 8
207 1205 14 7
208 567 40 10
208 599 8 8
208 801 42 2
208 819 55 1
208 1194 2 11
208 1196 34 9
209 299 20 15
209 417 11 15
209 1132 45 14
210 506 4 11
210 830 26 13
210 1118 14 3
211 287 55 5
211 337 41 4
211 573 31 11
212 217 38 12
212 300 14 13
212 928 22 5
212 981 39 14
213 323 22 13
213 363 26 6
213 504 46 10
213 581 19 12
213 759 32 5
213 783 33 8
213 811 44 13
213 1055 31 2
214 379 34 10
214 623 12 11
214 874 8 14
214 1138 14 10
214 1195 37 11
215 497 7 13
215 732 33 15
215 1031 31 11
216 304 47 4
216 340 27 4
216 376 40 11
216 685 3 2
216 810 44 9
216 913 50 4
216 1106 11 5
217 298 17 1
217 387 38 5
218 238 52 15
218 247 12 4
218 270 3 12
218 354 11 11
218 355 53 8
218 366 46 9
218 594 27 2
218 670 40 12
219 295 45 3
219 646 52 3
220 394 8 6
220 530 2 1
220 574 19 8
220 821 57 3
220 915 44 9
220 938 10 8
220 1037 60 8
221 435 31 3
221 786 40 4
221 821 15 9
221 955 12 14
221 1033 2 10
221 1114 11 9
221 1199 24 7
222 260 53 3
222 452 42 9
222 458 9 10
222 987 4 13
222 1049 47 3
223 336 34 9
223 360 56 11
223 420 22 5
223 791 50 8
223 1047 18 10
224 291 48 3
224 641 49 11
224 684 23 6
224 1014 36 14
225 255 22 11
225 1103 39 12
226 371 20 6
226 526 28 6
226 788 29 7
226 996 8 12
226 1203 40 7
227 489 24 9
227 1070 47 10
227 1177 19 10
228 232 8 12
228 249 34 14
228 459 60 11
228 834 54 2
228 850 12 10
228 906 50 14
228 1110 37 14
228 1156 45 9
229 571 18 6
229 941 20 5
230 497 1 12
230 828 29 11
230 887 38 15
230 1070 38 1
230 1181 40 12
231 415 40 5
231 739 26 8
231 856 38 12
232 236 39 12
232 625 6 11
232 756 8 5
232 962 51 2
233 323 19 6
233 399 11 15
233 563 2 8
233 989 51 9
234 300 5 7
234 308 29 13
234 602 2 13
234 632 56 11
234 634 4 1
234 651 1 3
234 802 1 10
234 1145 47 6
235 342 19 4
235 549 21 15
235 634 19 9
236 267 54 7
236 343 36 13
236 442 49 11
236 484 27 1
236 657 11 7
236 827 55 13
236 832 5 15
236 937 50 13
236 1075 46 9
236 1099 56 1
236 1141 37 12
237 492 33 1
237 595 31 14
237 601 33 14
239 347 10 2
239 396 26 4
239 524 32 5
239 573 24 7
239 742 20 7
239 846 58 12
239 847 23 14
240 439 50 14
240 441 48 15
240 633 3 9
240 647 28 5
240 891 37 2
240 1076 37 1
240 1140 25 14
240 1191 25 14
241 502 7 13
241 660 40 8
241 912 38 2
241 928 50 2
241 1015 46 15
242 435 52 2
242 668 1 2
242 988 21 9
243 697 53 15
243 731 46 2
243 884 26 13
243 932 29 10
243 1085 34 9
243 1089 12 5
243 1135 4 5
244 524 36 13
244 569 50 15
244 717 10 8
244 1033 24 6
245 298 22 3
245 385 43 12
245 472 57 6
245 495 24 5
246 266 2 2
246 335 30 14
246 666 52 14
246 712 21 11
246 872 27 7
246 933 46 3
246 973 33 3
247 316 50 6
247 318 25 3
247 493 16 2
247 696 12 4
247 957 40 4
247 997 40 6
247 1115 49 13
247 1149 2 2
248 381 43 13
248 467 17 9
248 699 5 1
248 905 32 4
248 1041 9 13
249 251 46 7
249 637 15 15
250 506 11 5
250 706 13 1
250 822 17 3
250 1043 45 4
250 1147 11 14
251 258 17 3
251 710 42 1
251 920 29 7
251 1116 4 11
252 533 38 15
252 686 23 8
252 975 52 11
252 995 11 5
252 1077 1 2
252 1123 45 1
253 343 16 11
253 577 58 5
253 631 31 4
253 713 10 15
253 936 3 15
253 949 6 2
253 990 33 9
253 1148 54 11
254 264 59 15
254 338 14 9
254 393 50 9
254 451 38 8
254 470 56 13
254 526 18 8
254 874 32 13
254 1128 13 2
255 420 59 8
255 595 24 14
255 787 17 8
255 911 45 11
255 1000 31 1
256 469 7 1
257 437 2 11
257 539 41 8
257 682 41 1
257 920 1 8
257 966 26 8
258 278 17 13
258 405 4 14
258 452 52 8
258 678 34 12
258 684 24 2
258 750 54 12
258 961 22 9
258 992 27 5
258 1031 27 10
258 1076 48 6
258 1089 40 1
259 282 14 2
259 458 53 5
259 491 13 13
259 597 32 15
260 797 53 8
260 908 12 4
260 985 50 13
261 274 53 12
261 414 41 5
261 598 33 7
261 608 22 13
261 659 31 10
261 715 22 14
261 899 50 1
261 1078 35 8
262 426 40 8
262 719 23 10
262 748 4 2
262 771 32 2
262 861 32 2
262 873 30 10
262 883 25 2
263 1016 47 2
263 1167 41 12
264 277 42 11
264 353 42 3
264 922 23 12
264 1139 25 10
264 1198 1 15
265 564 19 4
265 751 46 3
265 876 50 13
265 1118 15 13
265 1157 53 12
265 1199 12 13
266 388 6 1
266 626 29 2
266 874 50 1
266 1103 19 2
267 411 47 10
267 687 9 11
267 1026 32 2
268 455 21 11
268 765 35 12
268 1119 14 6
269 351 55 10
269 606 33 4
269 747 32 5
270 461 23 4
270 474 8 15
270 522 31 8
270 572 52 11
270 1006 27 9
270 1072 30 14
270 1162 42 3
271 580 58 2
271 617 29 1
271 871 60 7
271 928 51 12
271 1158 58 14
271 1166 50 12
272 439 27 9
272 657 53 14
272 782 12 4
272 798 38 7
272 891 60 15
272 952 35 1
272 966 35 3
272 1001 50 15
272 1182 50 7
273 456 36 14
273 684 29 14
273 737 27 7
273 882 17 15
274 285 25 6
274 570 60 10
274 595 16 11
274 757 54 10
274 768 12 7
274 776 59 13
274 862 17 10
274 1021 13 15
274 1124 15 12
275 559 18 12
275 729 49 7
275 773 35 1
275 973 21 13
275 1199 16 7
276 1010 8 5
276 1067 40 1
276 1097 1 2
277 295 56 12
277 296 20 6
277 787 59 8
277 958 39 13
278 315 12 11
278 317 33 11
278 415 41 7
278 513 14 13
278 656 59 14
278 825 35 8
278 938 30 1
278 961 3 4
278 1020 43 11
278 1166 43 13
279 578 54 9
279 691 19 3
279 811 29 5
279 986 35 3
280 888 16 3
280 997 60 4
280 1106 34 9
280 1150 22 13
280 1162 34 2
280 1163 3 6
281 371 23 12
281 485 23 1
281 530 48 11
281 842 10 5
281 973 46 11
281 1025 55 9
281 1088 21 14
281 1156 45 3
282 312 5 7
282 460 57 7
282 563 57 15
282 960 18 15
282 1013 5 4
282 1160 5 13
283 564 19 14
283 566 38 5
283 619 49 10
283 836 18 4
283 884 20 10
283 915 41 4
283 1074 32 8
284 683 56 5
284 898 58 12
284 970 40 4
284 1015 12 14
284 1137 46 14
285 402 17 13
285 635 10 8
285 740 26 3
285 1030 7 14
285 1120 38 14
286 438 12 3
286 978 53 12
287 445 26 13
287 549 51 1
287 569 43 8
287 670 16 13
287 1112 60 7
287 1150 42 14
287 1192 6 13
288 702 48 2
288 891 31 10
288 947 14 8
289 466 22 13
289 496 51 12
289 816 39 2
289 834 23 5
289 1079 24 4
289 1113 6 2
290 393 28 1
290 659 26 6
290 715 14 4
291 567 54 1
291 686 11 8
291 823 33 13
292 402 19 11
292 421 43 7
292 602 14 10
292 728 8 11
292 915 24 7
293 313 29 14
293 364 12 7
293 462 26 15
293 523 8 1
293 673 22 2
293 952 9 10
294 455 14 9
294 517 18 2
294 892 12 4
295 804 14 12
295 841 57 6
295 842 34 15
295 1022 12 3
295 1140 13 5
296 417 20 11
296 1065 22 9
297 516 56 5
297 577 47 4
297 636 4 14
297 970 27 13
297 1146 3 7
298 425 49 4
298 534 14 5
298 810 16 15
298 1037 40 10
298 1206 43 8
299 383 42 1
299 716 57 4
299 864 16 9
299 968 33 2
299 993 46 10
299 1013 4 4
300 717 17 10
300 981 34 12
300 1083 56 13
300 1119 23 1
300 1160 48 11
300 1184 23 6
301 972 35 12
302 456 28 3
302 501 44 7
302 561 51 9
302 669 48 1
302 697 30 15
302 954 31 9
302 1162 45 7
303 381 50 7
303 393 35 5
303 571 33 3
303 746 1 2
303 807 42 2
303 864 60 13
303 1018 27 12
303 1088 18 2
304 518 14 10
304 1188 19 1
305 730 38 12
305 1009 29 9
305 1029 5 15
305 1068 59 4
306 688 8 12
306 832 25 8
306 1019 44 5
306 1091 10 9
307 1074 50 8
307 1094 56 4
307 1170 28 9
307 1205 40 15
308 316 18 4
308 374 17 13
308 559 25 1
308 855 7 2
309 741 10 14
309 878 51 3
309 884 42 2
310 386 52 1
310 691 5 15
310 976 51 13
311 573 20 15
311 655 2 10
311 675 16 2
312 353 33 3
312 462 28 6
312 647 43 11
312 648 22 8
312 807 45 5
312 1026 50 4
313 346 6 4
313 371 27 1
313 416 30 13
313 764 50 10
313 932 59 2
313 983 49 13
313 1098 10 14
313 1169 45 6
314 665 50 5
314 774 23 3
314 846 2 2
314 993 1 13
315 458 26 7
315 631 59 13
315 819 42 8
315 870 56 1
315 1072 55 14
316 346 48 9
316 380 56 6
316 485 23 12
316 589 47 5
316 895 39 8
317 530 27 14
317 651 17 13
317 814 38 11
317 1056 38 14
317 1142 33 14
318 511 43 13
318 635 7 9
318 970 59 7
318 1033 33 15
318 1101 3 1
319 422 36 10
319 578 12 8
319 1067 43 9
319 1132 7 5
320 385 28 13
320 401 25 5
320 460 27 1
320 562 24 10
320 618 34 6
320 701 15 6
320 807 19 1
321 323 1 3
321 332 52 8
321 429 46 8
321 657 47 13
321 1140 55 12
322 424 33 5
322 722 5 7
322 794 13 14
322 812 29 9
322 901 51 7
322 1022 27 3
322 1101 56 4
323 700 46 1
323 838 52 11
323 891 16 3
323 1180 51 3
324 450 44 9
324 459 43 6
324 746 54 9
324 801 32 6
324 984 31 3
324 1025 5 5
324 1169 36 11
324 1187 24 1
325 403 17 1
325 675 10 14
325 937 7 5
325 973 57 13
325 1006 41 5
325 1065 30 7
326 404 31 9
326 644 41 9
327 347 24 13
327 818 37 9
327 963 24 9
327 1054 34 5
328 433 46 5
328 813 38 13
328 961 32 15
328 1156 31 15
329 574 51 7
329 603 23 7
329 637 25 13
329 776 45 14
329 960 41 14
329 998 28 5
330 477 33 7
331 436 50 10
331 762 17 5
331 889 2 15
331 1129 23 13
332 645 4 3
332 1144 33 10
333 994 42 1
333 1055 31 7
333 1092 4 12
334 369 37 7
334 387 32 10
334 1072 15 2
335 365 54 3
335 488 1 4
335 697 53 12
335 991 30 3
335 1130 22 11
336 608 43 8
336 699 11 7
336 906 16 10
336 1127 23 3
337 735 53 15
337 891 34 5
337 902 11 15
337 921 21 14
338 726 52 2
338 787 29 3
338 1080 45 6
339 385 15 12
339 442 36 15
339 515 32 4
339 544 18 7
340 644 54 6
340 893 55 5
340 1008 17 6
340 1111 59 4
340 1147 26 10
341 441 26 6
341 478 58 3
341 669 21 8
341 764 40 11
341 1032 52 15
341 1075 52 11
342 832 14 14
342 1023 42 14
343 487 30 10
343 584 6 9
344 1010 24 15
344 1196 28 13
345 359 36 10
345 718 56 4
346 428 29 6
346 881 23 7
346 939 1 1
347 527 16 10
347 813 53 8
347 814 58 10
347 822 24 1
348 486 4 7
348 820 36 7
348 910 56 1
348 1051 11 14
348 1095 56 7
349 584 4 12
349 737 55 3
349 1050 11 1
350 408 43 11
350 532 38 5
350 593 20 11
350 602 33 1
350 754 36 12
350 922 28 14
350 1135 27 13
351 431 8 12
351 487 20 12
351 504 7 15
351 672 24 11
351 696 38 1
351 725 34 10
351 738 53 8
351 787 50 9
351 947 2 2
352 416 51 1
352 519 24 15
352 692 44 13
352 709 31 1
352 791 8 8
352 926 8 14
353 682 6 3
353 869 36 8
353 888 59 1
353 1094 13 3
354 653 55 8
354 916 36 2
354 985 31 6
354 1037 1 5
355 624 31 5
355 648 20 4
355 768 8 11
355 810 16 9
355 1110 21 1
355 1116 48 9
356 663 12 15
356 789 20 10
356 862 56 9
357 388 34 3
357 418 38 12
358 1135 35 12
358 1163 50 6
358 1184 33 12
359 408 57 9
359 557 37 14
359 643 5 8
360 387 43 15
360 806 22 14
360 882 35 3
360 971 55 14
361 954 16 4
361 976 49 6
362 605 59 7
362 970 47 2
362 1091 59 10
363 437 57 12
363 560 41 5
363 940 47 13
363 1071 5 3
364 505 2 2
364 821 28 13
364 993 54 1
364 1080 60 4
364 1152 41 2
365 427 13 10
365 654 11 6
365 850 17 8
365 1138 58 4
366 631 59 6
366 665 40 11
367 615 58 14
367 665 46 14
367 856 11 4
368 577 56 12
369 500 44 10
369 624 16 9
369 768 22 3
369 959 48 9
369 1023 27 2
369 1062 35 4
370 462 15 4
370 803 30 13
370 1012 55 13
371 405 55 14
371 1074 44 15
371 1146 49 11
372 426 15 1
372 433 12 7
372 583 7 15
372 875 47 3
372 974 46 13
372 1034 24 1
372 1120 25 11
373 408 50 2
374 647 59 10
374 981 18 4
375 703 45 5
375 763 46 6
376 683 12 9
377 667 26 12
377 700 4 10
377 830 52 2
377 933 10 11
378 523 16 6
379 647 3 5
379 667 7 5
379 711 18 13
379 764 17 1
379 905 49 11
379 1176 20 15
380 690 20 2
381 419 52 12
381 610 44 12
381 747 46 13
381 941 49 11
381 1042 22 14
382 633 55 2
382 841 23 4
382 849 37 13
382 988 40 13
382 995 37 5
383 400 45 6
383 631 26 9
383 774 49 8
383 972 39 12
383 1118 49 14
384 734 47 11
384 770 54 6
384 922 43 6
384 955 56 12
384 1074 27 1
385 419 13 6
385 570 44 5
385 694 47 10
385 887 31 14
385 1034 17 3
386 479 58 9
386 647 56 10
386 714 48 1
387 461 56 3
387 676 9 13
388 476 42 10
388 595 28 15
388 731 32 14
388 1191 38 13
389 403 1 8
389 418 28 6
389 545 12 4
389 707 11 2
389 1143 10 15
390 640 54 10
390 820 44 13
390 1104 50 9
391 451 2 1
391 799 30 7
391 808 41 7
391 869 49 13
391 1128 55 4
392 583 40 4
392 615 40 4
392 706 53 4
392 977 3 8
392 1139 54 3
393 1021 10 4
393 1031 46 1
393 1052 1 6
393 1076 33 1
393 1173 18 1
394 1024 51 8
395 752 27 11
395 989 17 15
396 419 47 3
396 553 10 2
396 604 50 4
396 726 29 9
396 894 33 1
396 902 57 14
396 1068 8 11
396 1204 40 13
397 722 9 8
397 770 34 13
397 830 26 9
397 986 31 1
397 1058 55 2
398 411 47 8
398 432 9 15
398 454 8 1
398 540 57 13
399 716 2 5
399 1188 50 13
400 932 30 12
400 1087 60 3
400 1115 20 10
402 550 37 15
402 814 24 12
402 1009 48 7
402 1118 45 1
402 1176 8 10
403 474 40 15
403 550 36 15
403 603 16 9
403 984 14 8
404 840 33 2
404 1133 59 7
404 1177 37 5
405 433 51 6
405 486 24 10
405 636 25 10
405 682 16 5
405 694 3 14
405 742 5 4
406 612 56 1
406 677 4 3
406 790 32 11
406 879 59 13
406 969 19 14
406 1040 55 1
407 516 54 7
407 708 39 13
407 1063 50 12
408 641 50 4
408 1024 58 7
408 1109 53 10
409 444 38 2
409 478 41 8
409 1042 29 12
410 1030 34 7
410 1059 15 13
411 742 52 3
411 864 45 9
411 956 19 3
412 479 44 11
412 792 57 11
412 1042 46 6
412 1135 49 12
413 553 34 12
413 630 48 6
413 685 11 14
413 811 55 8
414 755 23 5
414 1002 12 15
414 1045 7 2
414 1107 30 4
415 492 21 12
415 843 29 4
415 853 22 11
415 965 1 3
415 1023 38 4
416 522 7 1
416 962 20 1
417 562 47 4
417 664 25 10
417 808 18 2
417 869 30 1
417 882 42 13
417 890 24 14
418 859 59 2
419 480 42 14
419 943 44 4
420 429 2 6
420 465 30 7
420 495 58 5
420 741 58 7
420 787 24 13
420 859 44 4
421 662 14 2
421 765 22 7
421 791 53 8
421 1187 13 10
422 457 45 12
422 470 15 9
422 655 9 10
422 965 15 5
423 453 14 4
423 517 35 4
423 655 53 14
423 753 33 10
424 450 26 14
424 548 48 11
424 577 34 10
424 621 18 12
424 867 21 11
425 696 46 8
426 775 57 4
427 491 14 9
427 754 2 10
428 537 54 10
428 734 19 6
428 929 43 4
428 1064 34 6
428 1090 35 11
428 1133 43 14
429 582 50 3
429 827 24 6
430 1151 7 2
431 550 14 7
431 562 57 5
431 757 26 15
431 826 11 11
432 447 32 5
432 524 13 12
432 722 6 10
433 1206 9 9
434 588 31 13
434 916 38 8
434 1004 11 15
434 1082 48 11
434 1154 50 3
435 1119 16 4
435 1162 45 10
436 476 26 6
436 519 21 2
436 569 7 13
436 632 51 1
436 931 36 6
436 951 19 12
436 1119 26 9
437 1178 13 15
438 809 27 8
438 848 16 2
439 522 53 13
439 680 22 15
439 711 32 8
439 977 55 5
440 992 47 9
441 603 56 6
441 801 1 8
441 1149 14 9
441 1192 18 6
441 1195 36 13
442 587 15 5
442 661 39 3
442 972 18 4
442 1160 6 15
442 1206 47 13
443 734 10 14
443 880 9 2
444 597 29 8
444 759 3 1
444 1028 1 4
444 1080 52 12
444 1122 27 1
445 668 36 4
445 724 36 3
445 743 34 14
445 828 12 4
445 835 42 4
446 472 48 15
446 886 3 8
447 724 25 2
447 845 29 10
447 878 23 5
447 897 53 11
447 964 29 5
447 1060 17 12
447 1090 31 14
447 1096 53 9
448 596 46 3
448 632 48 2
448 794 53 7
448 811 33 4
448 940 9 15
448 961 11 12
448 1068 20 13
449 634 25 9
449 1062 49 14
449 1075 40 4
449 1124 32 1
450 518 45 4
450 781 19 5
450 820 50 6
450 1070 2 5
450 1190 4 5
451 515 39 15
451 607 36 11
451 615 31 4
451 1018 42 1
451 1135 22 10
453 750 4 3
453 771 21 9
453 890 6 13
453 980 9 13
454 623 13 15
454 988 15 11
455 499 47 5
455 771 40 13
455 866 60 8
455 1183 56 5
456 696 51 14
456 914 21 4
456 1065 31 8
457 731 19 2
457 998 11 9
457 1141 41 3
458 547 33 4
458 789 57 4
458 866 29 2
458 1187 5 2
459 647 28 6
459 871 31 13
459 979 24 14
460 591 4 13
460 611 39 1
460 681 11 14
460 722 33 13
460 872 10 3
460 985 53 14
460 1171 11 12
460 1201 14 14
461 497 23 6
461 518 58 1
461 801 24 10
461 826 22 15
461 942 42 14
461 969 27 6
461 1095 22 6
462 516 35 10
462 564 54 12
462 693 16 3
462 725 58 11
462 831 13 12
462 877 11 15
462 1045 33 10
463 482 55 8
463 601 12 8
463 860 37 6
463 878 35 14
463 905 6 1
463 1112 21 9
463 1131 19 5
464 618 40 13
464 631 42 3
464 729 6 4
464 762 46 13
464 963 59 8
464 1023 2 12
465 506 35 11
465 525 51 9
465 624 59 1
465 639 13 2
465 656 43 4
465 994 5 8
465 1048 21 10
466 926 8 15
467 824 13 5
467 870 57 7
468 1039 28 12
468 1074 3 5
468 1094 20 1
469 611 37 3
469 779 19 10
469 1110 47 10
470 1172 50 15
470 1199 35 4
471 479 4 4
471 517 24 9
471 724 52 9
471 764 6 6
471 803 37 10
472 652 13 6
472 681 14 2
472 721 13 5
472 732 32 6
472 990 49 7
473 505 13 9
473 526 54 12
473 828 55 13
473 862 31 4
473 984 57 15
474 576 12 12
474 579 22 3
474 699 20 13
474 784 51 9
474 807 11 9
474 1150 20 13
475 493 19 13
475 606 2 14
475 643 22 2
475 647 3 2
475 675 60 14
475 960 15 2
475 1034 43 8
475 1118 6 13
475 1204 19 9
476 587 14 1
476 860 58 8
476 1143 51 1
477 499 22 3
477 512 34 7
477 1047 45 7
478 530 16 5
478 682 20 9
479 730 45 12
479 778 14 11
479 809 57 12
479 850 17 2
479 1120 38 1
480 749 12 13
480 909 24 11
481 516 13 9
481 535 51 4
481 646 47 6
481 891 18 12
481 1059 15 1
481 1128 37 10
482 650 2 3
482 858 10 15
482 920 11 8
482 1011 25 4
482 1101 16 2
483 599 13 3
483 864 37 8
483 959 3 4
483 1039 28 12
483 1123 42 3
484 526 47 5
484 656 56 6
484 752 35 12
485 508 47 13
485 592 56 13
485 599 14 5
485 651 27 3
485 1040 12 2
485 1128 22 2
486 497 25 5
486 617 51 10
486 661 15 9
486 945 25 10
486 1028 32 8
486 1094 50 12
486 1105 39 2
487 489 47 15
487 744 26 4
487 746 20 14
487 941 52 12
487 1160 44 10
487 1174 23 5
488 672 34 9
489 588 45 13
489 808 9 10
489 1086 2 14
489 1125 21 2
490 630 17 6
490 866 22 1
491 644 30 11
492 547 45 3
492 581 56 6
492 614 34 5
492 775 59 4
493 573 31 2
493 606 58 8
493 710 12 12
493 810 45 15
493 879 4 5
493 974 37 2
493 1094 50 3
494 572 49 7
494 642 27 9
494 692 31 15
494 805 30 4
494 1009 20 12
494 1201 27 5
495 646 26 11
495 983 4 3
495 1126 23 11
496 510 51 14
496 609 29 9
496 772 24 13
496 832 42 9
496 1204 18 13
497 500 55 13
497 521 5 2
497 650 5 6
497 761 3 13
497 1063 50 7
497 1116 20 15
498 851 6 3
498 911 41 3
498 1035 33 11
499 584 25 10
499 589 53 12
499 691 17 15
499 1005 14 8
500 985 34 6
500 1132 13 12
501 624 1 8
501 1080 51 6
502 515 1 14
502 765 35 6
502 968 6 3
503 536 10 13
503 542 13 11
503 628 16 3
503 702 57 1
503 1083 42 2
503 1141 39 2
504 549 55 3
504 1085 41 14
505 940 42 13
505 1044 7 15
506 567 32 1
506 781 4 8
506 841 14 9
507 716 49 2
508 589 22 11
508 810 58 10
508 837 57 13
508 853 58 10
508 943 58 5
508 1076 13 9
509 552 49 15
509 807 58 4
509 822 54 6
509 841 27 1
509 951 49 12
510 555 28 8
510 571 24 9
510 735 30 3
510 956 50 7
511 574 1 12
511 785 17 3
511 852 26 11
511 976 11 9
511 1096 31 4
512 514 5 7
512 519 34 6
512 636 21 2
512 882 14 8
512 961 42 1
512 991 31 5
512 993 55 1
512 1167 9 4
513 746 31 2
513 783 47 15
513 788 52 8
513 924 24 13
514 538 19 4
514 789 2 3
514 941 15 14
514 1068 31 8
515 726 60 5
515 1069 14 9
516 789 15 11
516 798 32 11
516 1192 17 11
517 525 9 6
517 624 47 2
517 699 9 15
517 761 18 11
517 892 46 3
517 1163 22 10
518 909 38 10
518 1180 35 12
519 770 45 9
519 986 56 10
519 1090 19 1
520 752 50 6
520 1062 53 8
520 1147 4 4
521 733 11 10
521 777 13 5
521 785 17 1
522 698 48 14
522 720 12 2
522 926 30 7
522 1119 58 1
523 630 19 3
523 685 5 5
523 871 23 8
523 1063 9 11
524 680 49 7
524 984 22 7
524 1054 32 4
524 1077 42 15
525 655 15 1
525 745 19 9
525 840 36 6
525 1142 58 14
526 645 10 13
526 685 52 1
526 847 35 15
526 1084 25 1
527 673 38 7
527 703 23 5
527 731 36 2
527 775 15 10
528 575 20 4
528 689 18 15
528 960 46 10
529 577 43 11
529 814 17 9
529 865 20 14
530 618 30 3
530 1186 2 3
531 943 42 9
531 965 42 15
532 1033 19 9
532 1088 21 10
533 574 4 10
533 819 50 11
533 1123 52 8
533 1124 18 15
535 917 33 14
535 1038 39 10
535 1096 35 14
535 1142 18 10
536 900 38 11
536 926 9 4
536 1084 11 8
536 1106 13 3
537 567 21 9
537 678 21 8
537 702 30 1
537 805 55 12
537 896 35 6
537 976 57 2
538 579 2 5
538 612 1 3
538 676 53 6
538 1119 2 14
539 576 34 7
539 1109 16 2
539 1196 6 8
540 669 39 9
540 822 31 13
541 577 41 12
541 663 14 1
541 1051 5 13
541 1203 4 14
542 655 48 6
542 870 57 4
542 1177 41 9
543 863 42 2
543 908 3 10
543 913 3 1
543 1080 9 9
544 562 25 9
544 636 40 14
544 772 40 6
544 1049 58 6
545 642 40 10
545 680 59 14
545 746 26 6
545 849 13 4
545 1028 19 6
546 761 51 6
546 789 33 7
546 1143 32 1
546 1147 41 6
547 602 15 15
547 967 4 6
547 1052 60 5
547 1167 36 14
548 597 18 10
548 743 46 1
548 769 42 4
548 830 56 6
548 951 59 1
549 562 51 2
549 684 8 14
549 803 28 14
549 809 26 5
549 1056 60 7
550 650 28 14
550 1171 45 1
551 601 8 7
551 639 45 7
551 756 11 2
551 795 24 5
551 892 13 7
551 930 58 15
552 753 17 8
552 789 51 7
553 842 34 6
555 1057 2 13
557 835 40 8
557 1109 49 14
557 1143 50 5
558 868 28 9
558 982 48 6
558 1066 28 9
559 635 59 10
559 730 7 1
559 844 43 4
559 958 51 6
560 578 57 8
560 579 38 5
560 720 38 8
560 1011 59 7
562 868 48 1
562 1081 17 12
562 1105 26 9
562 1117 17 3
563 601 52 12
563 674 20 4
563 735 9 3
563 736 49 5
563 905 51 10
564 850 60 6
564 1160 13 3
565 960 44 15
566 938 42 15
566 1158 11 1
567 649 42 10
567 870 38 11
567 945 57 5
567 1111 35 8
568 819 20 6
568 1025 28 6
569 600 30 4
569 736 11 2
569 894 16 5
570 712 22 4
570 783 35 11
570 967 56 12
570 1140 50 5
570 1145 60 8
571 609 30 13
571 958 38 7
572 737 34 2
572 832 28 12
572 900 25 3
572 1206 57 14
573 814 9 15
573 941 24 4
573 1188 50 14
574 754 3 5
574 864 30 12
575 739 44 3
576 701 41 2
576 958 9 2
576 976 44 7
576 1069 36 12
577 917 55 12
577 1009 59 13
577 1196 34 15
577 1198 15 10
578 684 6 11
579 787 37 8
579 886 18 6
580 605 26 6
580 852 45 10
580 1021 50 6
581 760 33 13
581 939 46 5
583 587 13 10
583 713 20 8
583 1064 8 6
583 1126 50 2
583 1146 6 6
584 1008 58 15
584 1070 37 6
584 1074 9 10
584 1127 41 6
586 628 50 7
586 668 12 5
586 686 26 12
586 789 37 9
586 833 21 4
586 1034 18 2
586 1118 21 10
586 1123 16 8
587 933 3 2
587 988 11 14
587 1094 50 10
588 700 18 13
589 674 49 5
589 926 38 10
589 1168 38 7
590 630 10 1
590 764 39 8
590 924 54 2
590 1058 12 13
590 1184 5 8
591 604 10 14
591 671 20 11
591 975 46 4
592 1192 17 3
593 733 3 8
593 757 21 10
593 1110 43 13
593 1185 53 6
594 780 3 6
594 819 11 6
594 958 46 1
594 1172 21 11
595 872 42 12
596 688 43 9
596 732 1 2
596 951 55 3
596 1056 46 1
597 847 36 12
598 886 16 7
598 1126 49 6
598 1135 18 13
599 739 8 4
599 799 55 6
599 879 59 12
599 1079 35 15
600 618 18 9
600 831 7 14
600 1074 53 2
601 800 21 8
601 817 35 12
601 896 59 8
601 1101 33 12
602 912 12 10
602 988 56 13
602 1126 55 15
603 653 5 11
603 676 36 5
603 852 24 15
603 1002 6 7
604 997 36 3
606 718 52 3
606 779 1 11
606 1026 52 12
606 1164 13 7
607 707 21 13
607 783 53 10
607 1132 25 1
607 1169 56 7
608 885 28 4
610 1200 9 3
611 661 27 2
611 946 52 14
611 1149 1 11
612 818 34 14
612 899 2 14
612 1041 57 14
612 1100 20 13
613 838 32 3
613 913 51 8
613 924 21 11
613 977 58 8
615 879 6 12
616 842 2 5
616 895 8 7
616 1068 16 10
616 1088 39 5
616 1153 46 8
617 631 57 9
617 638 2 11
617 644 42 1
617 988 56 13
618 759 7 7
618 900 46 15
618 943 52 11
619 895 17 3
619 1032 15 3
619 1077 31 15
619 1171 25 12
620 622 8 10
620 955 43 15
620 1138 43 4
621 849 22 3
622 917 50 13
622 1018 29 12
622 1064 24 8
623 847 35 14
623 997 34 14
623 1026 7 9
623 1060 37 7
624 1094 10 5
625 772 15 15
625 781 50 9
625 1039 21 10
625 1190 35 9
626 873 43 10
626 898 7 15
626 1172 27 14
627 740 6 3
627 833 49 2
628 683 1 2
628 706 12 13
628 1182 37 13
629 652 24 9
629 720 47 3
629 801 12 10
630 695 8 8
630 1095 23 6
630 1096 53 12
631 688 32 4
631 805 20 11
631 990 46 1
632 633 27 4
632 754 18 13
632 874 5 7
632 954 8 13
632 1152 12 14
633 750 37 15
633 1136 2 14
633 1160 7 12
634 643 10 13
634 710 57 14
634 807 4 7
634 960 54 13
634 973 26 13
634 1103 24 12
635 709 59 8
635 1045 16 8
635 1117 48 2
636 742 52 4
636 960 7 9
636 1004 12 15
637 673 37 10
637 838 42 7
638 752 3 2
638 979 18 11
639 898 56 9
639 1000 47 5
641 1194 60 6
642 660 1 13
642 1160 44 7
643 1041 40 4
643 1182 24 4
644 704 16 5
644 726 44 4
644 980 45 9
644 1053 55 6
645 895 14 10
645 1003 39 1
645 1102 40 1
645 1173 44 5
647 974 26 13
648 878 6 10
649 807 3 2
649 832 34 1
650 823 18 3
651 714 46 14
651 848 44 9
652 832 12 5
653 731 41 7
653 737 45 7
653 903 53 1
654 805 34 12
654 1022 13 3
654 1193 9 1
655 659 34 13
655 854 43 5
655 881 19 7
655 1001 4 1
656 1001 29 2
656 1157 30 10
656 1160 31 4
657 740 5 11
657 829 22 9
657 991 49 14
657 1128 35 8
657 1142 60 8
657 1204 57 7
658 1070 23 1
659 780 37 11
659 830 4 12
659 989 17 13
660 989 53 8
660 1063 40 9
661 665 4 2
661 973 26 15
661 976 8 10
662 806 60 6
664 738 22 7
664 758 2 14
665 893 50 13
665 971 44 15
665 1059 47 11
665 1089 24 7
665 1127 37 10
666 1072 14 15
667 725 13 13
667 962 33 8
668 734 22 13
668 851 25 9
668 944 57 11
668 1089 20 14
669 796 9 3
669 1156 13 4
670 729 46 10
670 916 6 10
670 1017 52 4
670 1187 50 11
671 691 29 12
671 1011 35 3
672 874 23 5
672 990 55 15
672 1116 59 12
673 745 5 4
674 903 38 11
674 1172 16 3
675 751 31 5
675 783 29 6
675 886 46 7
675 1177 17 9
676 781 26 4
676 1195 9 6
677 694 22 10
677 734 51 8
677 835 15 6
678 688 22 7
678 879 22 15
678 892 7 6
678 925 52 14
678 960 11 3
679 683 53 12
679 712 23 14
679 771 56 14
679 818 46 3
679 1156 46 12
681 824 40 5
682 910 33 1
682 942 59 11
683 1128 33 6
684 736 13 15
684 794 41 10
684 1071 14 5
684 1099 29 11
685 691 16 13
685 1019 56 9
685 1050 11 5
686 857 9 6
686 1095 7 5
686 1122 24 13
687 905 10 7
687 1115 2 3
687 1120 9 7
688 691 42 3
688 958 41 9
689 1031 49 15
689 1093 25 7
690 1085 54 3
690 1141 25 5
691 1062 26 3
692 916 7 5
692 1129 35 10
693 716 18 8
693 934 54 15
693 1001 9 9
694 787 50 11
694 902 46 10
695 839 54 15
695 1054 14 15
696 974 44 2
696 987 49 12
696 1082 54 8
697 733 11 11
697 880 1 10
698 791 12 4
698 892 55 1
698 905 19 4
699 707 42 7
699 717 41 9
700 736 44 12
700 896 22 3
701 774 21 11
701 823 58 12
701 907 30 7
701 1044 32 15
701 1151 48 11
703 962 49 3
703 1045 21 12
704 1149 24 9
705 828 37 3
705 915 42 14
705 1008 1 9
706 795 25 4
706 818 1 11
706 963 27 12
707 907 49 6
708 830 1 12
708 841 18 3
708 914 24 13
708 998 58 11
708 1037 11 8
709 873 47 9
709 1093 27 2
710 894 39 12
710 981 2 5
711 778 25 10
711 1205 22 12
712 724 53 12
712 746 37 10
713 1131 34 9
714 789 42 13
714 856 37 12
714 910 56 7
715 1158 35 10
716 726 31 5
716 832 41 6
716 1017 37 5
717 997 59 12
718 953 3 4
719 857 54 1
719 1170 41 6
720 735 9 6
720 861 9 13
720 1101 16 10
721 913 2 3
721 1139 32 10
722 1164 37 2
723 902 23 13
724 905 56 12
724 1097 31 2
725 817 37 13
725 1069 54 9
726 1044 3 1
726 1054 45 3
727 821 17 10
727 836 33 10
727 1047 1 1
727 1113 55 10
728 773 57 2
728 1071 48 6
728 1082 45 8
729 837 25 6
729 1091 36 2
730 760 52 14
730 793 21 12
730 883 25 13
730 1023 33 15
730 1085 18 13
731 757 47 10
731 937 19 3
731 1202 41 2
732 888 14 5
732 988 2 13
732 1068 53 13
732 1100 17 6
732 1182 35 5
733 841 47 14
733 895 25 14
733 897 26 15
733 950 5 6
733 1052 37 6
734 769 10 11
735 780 34 14
735 1055 46 12
735 1198 56 12
736 834 56 9
736 1030 3 13
736 1073 6 6
737 890 60 6
737 1056 7 9
737 1154 34 2
738 773 13 4
738 813 49 13
738 937 43 14
738 946 31 5
738 991 53 8
739 771 47 1
739 902 12 6
739 981 51 15
739 1003 51 8
739 1176 5 13
740 952 41 15
740 1006 37 9
740 1073 18 4
740 1174 60 13
741 1092 53 14
741 1111 30 9
742 1118 59 5
743 907 18 1
743 1067 48 13
744 1095 55 5
746 897 56 4
746 922 46 11
747 918 10 2
748 1094 46 15
748 1117 19 13
750 980 7 6
750 1013 19 6
750 1158 45 11
751 1165 30 10
752 1097 22 9
753 963 34 8
754 762 16 1
754 802 39 10
754 1165 55 2
755 822 16 9
755 858 46 2
755 966 59 3
755 1039 15 7
755 1103 1 6
756 854 24 14
756 1073 49 10
756 1196 22 3
757 885 52 2
758 783 53 12
758 883 27 3
759 990 41 3
759 1015 11 2
759 1035 5 5
760 789 44 3
760 802 31 15
760 931 43 12
760 967 58 14
762 767 38 9
762 875 50 7
762 904 54 13
764 808 24 6
764 847 33 2
764 1115 34 15
764 1119 13 15
765 981 29 6
765 1039 50 2
765 1106 14 2
767 823 36 1
767 1048 24 2
767 1056 51 12
768 803 47 12
768 830 52 13
768 905 27 10
768 925 8 9
768 980 18 12
768 1097 8 7
769 889 22 2
769 1118 58 12
769 1200 29 5
770 836 28 12
770 1136 1 9
771 797 42 2
773 793 36 11
773 906 10 3
774 935 46 15
774 986 1 13
774 994 24 13
774 1113 2 8
774 1121 25 15
774 1127 9 12
775 989 34 2
775 1011 49 9
776 965 44 10
776 988 45 9
777 814 20 4
778 1018 30 6
779 798 1 4
779 832 20 6
779 921 2 1
779 1002 40 11
779 1041 8 2
779 1085 38 2
781 1133 56 2
782 824 12 12
782 903 11 10
782 1007 25 8
782 1098 42 1
782 1200 58 14
783 849 9 12
783 993 60 15
783 1143 26 8
784 953 42 6
785 830 37 1
785 1055 12 10
785 1106 18 10
786 1028 59 11
786 1098 55 13
787 924 2 14
787 942 54 15
787 1023 12 9
787 1056 42 5
788 952 45 4
788 1144 36 2
789 865 14 13
789 893 21 2
789 991 30 5
789 1000 39 15
789 1061 34 15
789 1073 57 3
789 1146 9 3
791 873 47 15
791 893 14 13
791 911 26 15
791 1156 40 9
791 1188 56 7
791 1197 19 2
793 847 9 7
793 1013 43 13
793 1062 4 2
795 930 1 2
797 1088 39 1
797 1106 26 2
798 865 31 11
798 1026 58 1
799 952 17 1
800 840 54 10
800 960 14 1
800 1082 33 6
800 1164 33 5
801 859 13 8
801 1038 12 15
802 1078 37 5
802 1185 47 4
803 941 9 2
803 1043 46 4
805 1040 58 4
806 839 22 14
807 931 20 2
809 819 11 1
810 963 2 3
811 1100 46 12
811 1143 10 5
812 910 10 2
812 967 33 8
813 1074 45 14
813 1125 15 12
814 933 10 5
814 1027 53 12
815 816 7 15
815 1100 10 10
817 1021 3 4
817 1068 26 4
817 1072 34 13
817 1188 40 15
818 843 38 1
818 861 28 8
818 914 4 6
819 999 57 2
820 858 30 11
820 1121 44 1
820 1166 44 10
821 912 32 8
821 1069 26 13
821 1156 15 5
822 1105 25 15
822 1172 45 11
823 887 30 9
823 1025 14 9
823 1056 56 3
823 1152 17 11
825 889 25 4
826 886 47 5
826 1079 48 14
826 1087 4 5
826 1183 33 10
827 984 42 12
828 892 13 13
828 1127 28 15
829 1094 21 6
831 847 28 9
831 871 51 5
832 847 15 14
832 1154 39 7
833 1147 45 13
834 965 55 9
834 1027 28 1
834 1200 14 14
835 1088 21 5
835 1202 56 15
836 1116 52 10
838 885 45 7
838 1130 11 8
838 1176 25 3
839 852 59 15
839 1120 32 5
842 1154 48 2
842 1180 2 1
844 851 49 13
844 901 18 4
845 898 48 13
845 920 38 12
845 955 28 15
846 868 31 8
846 1178 4 8
847 1098 43 5
849 893 51 7
850 880 59 14
850 912 50 4
850 937 10 11
850 975 50 1
851 889 13 15
851 1189 54 11
853 1015 50 11
853 1067 34 4
853 1199 29 14
854 1100 42 10
855 991 3 12
855 1037 40 7
857 974 57 6
857 1047 5 15
857 1130 1 5
858 1130 36 9
860 910 10 3
860 1156 20 9
861 1033 33 13
861 1036 18 8
862 1135 27 1
863 870 60 14
863 1118 14 4
865 1159 36 15
866 995 50 14
869 1179 3 10
871 1159 16 1
872 1021 41 15
872 1109 26 9
872 1184 55 12
873 1095 41 15
874 1101 21 2
874 1132 3 12
875 1029 40 7
876 941 7 12
877 911 29 1
878 1131 37 1
880 884 28 4
880 967 12 6
880 1015 44 4
881 1020 3 11
881 1159 16 3
881 1204 23 4
883 986 46 15
884 1174 4 2
885 888 46 5
885 1056 49 11
886 961 4 9
887 1042 58 4
889 925 2 5
889 1093 38 13
890 908 23 10
890 950 28 15
891 1061 38 10
893 1156 43 8
896 1182 37 14
897 946 52 12
898 1165 24 10
898 1168 44 10
899 1051 2 12
900 902 56 6
900 1035 27 10
900 1077 8 14
901 1143 54 4
901 1204 52 7
902 1072 5 12
903 1060 51 14
903 1084 37 15
903 1197 8 6
904 1200 16 13
906 1009 47 6
906 1178 53 3
906 1198 16 5
908 920 60 11
908 945 37 11
908 987 56 6
908 1025 41 5
909 1023 16 2
909 1153 7 5
910 943 49 12
910 1052 49 5
910 1122 8 9
910 1170 49 13
910 1184 13 9
911 1079 9 12
911 1180 30 8
912 959 9 2
912 1072 20 14
913 1007 59 8
914 1010 31 8
914 1166 46 4
915 1074 1 9
915 1143 20 14
915 1185 13 1
916 956 56 13
916 1076 40 8
917 1002 27 7
917 1202 18 13
918 957 9 6
918 987 34 5
918 1095 58 6
919 947 2 3
919 1037 52 9
919 1167 53 15
920 932 50 10
920 941 31 7
920 1021 3 6
920 1025 51 4
920 1166 8 8
920 1201 18 1
921 974 46 12
922 1165 5 15
923 1147 50 1
923 1166 22 4
924 1174 47 5
925 973 22 14
925 1034 1 4
926 1177 6 5
928 1184 5 11
929 1046 24 9
929 1147 58 3
930 1118 36 7
931 951 26 4
931 1033 37 2
932 1011 37 1
932 1122 4 9
933 1157 29 8
934 1116 14 13
935 971 25 10
936 1082 48 13
937 1018 33 6
938 939 6 9
938 1090 31 1
938 1109 12 8
939 1009 45 11
939 1151 31 4
940 943 7 14
940 1133 17 5
940 1204 43 7
942 1066 33 15
945 1022 18 4
946 971 47 7
946 1028 44 12
947 1009 47 9
947 1011 36 15
948 1173 35 1
949 950 45 8
949 1001 5 11
949 1087 28 10
949 1097 34 15
951 1022 26 10
952 966 20 10
953 995 15 5
953 1066 1 1
953 1119 45 9
955 1120 26 6
956 1078 39 8
956 1152 57 10
956 1196 56 10
957 1126 39 11
957 1191 23 14
958 1131 17 5
958 1137 10 4
958 1142 56 6
958 1180 7 5
958 1204 43 2
959 1118 20 8
961 1081 31 12
963 1114 2 1
965 1111 37 4
965 1199 50 11
967 977 3 6
967 1052 8 1
967 1136 3 13
967 1155 15 15
967 1176 13 1
968 1036 37 11
968 1175 3 1
968 1188 48 6
972 1010 2 4
974 994 24 10
974 1066 41 4
974 1125 50 7
974 1134 47 11
975 981 31 5
975 1101 54 15
977 1026 32 15
978 980 34 6
978 1027 42 1
981 1034 29 7
981 1068 36 7
981 1086 47 4
981 1186 40 4
982 1119 12 5
983 1028 58 12
984 1026 2 4
984 1152 54 3
985 1006 38 9
985 1106 5 9
986 1024 8 6
989 1114 26 6
990 1204 24 3
991 1125 6 14
991 1131 53 8
992 1021 7 14
992 1153 8 8
992 1176 38 6
993 1115 23 8
994 1137 8 6
995 1025 45 8
995 1127 40 7
995 1152 58 5
995 1156 2 8
996 1107 38 9
996 1131 45 9
999 1156 38 3
1000 1185 43 15
1001 1129 29 15
1003 1071 40 11
1004 1009 17 1
1005 1058 36 2
1006 1123 33 13
1007 1121 11 4
1009 1175 54 1
1010 1154 6 15
1011 1034 13 7
1012 1022 11 14
1014 1162 57 13
1014 1191 37 5
1016 1108 10 4
1018 1142 8 2
1019 1077 18 1
1020 1061 31 12
1021 1039 3 2
1021 1195 43 8
1022 1144 34 6
1023 1057 36 11
1023 1134 35 11
1026 1054 39 12
1026 1099 32 1
1027 1114 38 8
1028 1076 14 10
1029 1044 25 8
1030 1178 59 8
1034 1091 30 12
1034 1111 44 1
1038 1054 52 3
1038 1091 42 11
1043 1108 7 11
1045 1084 29 1
1045 1114 24 6
1045 1139 33 4
1047 1056 47 11
1047 1185 25 7
1049 1152 16 5
1049 1177 49 4
1054 1147 48 9
1055 1128 30 8
1057 1107 34 13
1063 1074 16 6
1063 1079 43 15
1064 1069 46 11
1064 1088 26 2
1064 1100 49 3
1064 1183 58 2
1073 1161 20 11
1075 1178 49 7
1076 1114 56 12
1079 1124 30 6
1080 1192 41 2
1081 1112 21 9
1083 1175 20 9
1086 1192 53 11
1087 1154 56 1
1089 1188 6 1
1090 1177 23 6
1095 1141 25 12
1095 1150 39 9
1098 1151 59 6
1099 1132 26 12
1100 1143 39 2
1106 1202 19 2
1107 1183 48 8
1108 1119 52 11
1108 1151 35 2
1108 1194 17 2
1114 1133 1 14
1114 1148 60 6
1114 1198 45 12
1115 1119 57 1
1118 1163 30 6
1119 1206 27 6
1120 1162 7 14
1123 1152 5 4
1123 1174 12 4
1125 1193 8 1
1126 1132 28 5
1129 1158 2 11
1132 1176 38 8
1137 1163 20 1
1138 1164 34 10
1138 1170 54 9
1139 1193 48 15
1140 1165 43 11
1141 1161 22 4
1142 1147 59 7
1143 1173 14 6
1148 1189 29 12
1150 1172 11 14
1150 1173 50 9
1151 1157 5 7
1153 1164 7 2
1155 1158 16 4
1158 1206 57 1
1160 1179 33 10
1161 1205 57 15
1164 1179 42 1
1165 1170 4 9
1178 1186 19 15
1181 1186 53 4
1184 1206 37 14

0 3 20
1 16 7
2 22 19
3 27 34
4 71 32
5 72 45
6 87 39
7 91 19
8 93 50
9 99 16
10 108 40
11 151 30
12 156 33
13 158 50
14 180 13
15 186 36
16 191 5
17 199 45
18 204 17
19 206 3
20 225 37
21 230 28
22 231 22
23 247 7
24 254 22
25 256 13
26 268 41
27 270 6
28 272 38
29 287 12
30 300 33
31 301 19
32 305 32
33 323 49
34 331 47
35 335 18
36 347 24
37 355 23
38 365 17
39 374 27
40 382 28
41 418 15
42 429 36
43 450 12
44 465 33
45 466 50
46 496 46
47 505 13
48 519 21
49 522 10
50 523 34
51 529 24
52 537 18
53 563 8
54 566 37
55 576 25
56 582 49
57 585 19
58 589 13
59 592 12
60 599 15
61 620 38
62 625 38
63 626 30
64 644 38
65 656 17
66 657 10
67 671 25
68 701 17
69 704 36
70 709 47
71 721 33
72 732 49
73 735 42
74 749 45
75 750 28
76 753 13
77 757 45
78 760 22
79 766 46
80 776 20
81 796 32
82 799 50
83 805 33
84 807 30
85 830 12
86 840 50
87 843 38
88 845 30
89 857 40
90 864 32
91 881 1
92 893 1
93 900 43
94 931 34
95 938 32
96 945 46
97 963 30
98 966 27
99 972 17
100 980 48
101 981 50
102 997 34
103 1000 38
104 1007 1
105 1009 27
106 1013 17
107 1030 1
108 1052 25
109 1075 27
110 1084 2
111 1127 8
112 1142 16
113 1146 16
114 1156 29
115 1160 40
116 1173 38
117 1178 47
118 1179 26
119 1206 36
