1837 5511 184 11

0 30 5900
1 60 11289
2 90 16199
3 120 20661
4 150 24707
5 180 28362
6 210 31654
7 240 34607
8 270 37244
9 300 39587
10 330 41657

0 40706
1 35039
2 34278
3 33066
4 43882
5 38136
6 39607
7 34935
8 36070
9 29221
10 33284
11 45062
12 39498
13 32745
14 39840
15 23587
16 33735
17 40846
18 47106
19 27203
20 31996
21 42425
22 42726
23 41449
24 45085
25 32677
26 45407
27 31275
28 25883
29 41805
30 33331
31 40082
32 41513
33 45459
34 61394
35 37099
36 27241
37 36965
38 39046
39 37806
40 39169
41 46321
42 35997
43 34938
44 37008
45 38558
46 42355
47 29540
48 32788
49 41936
50 39632
51 39044
52 39946
53 31838
54 36347
55 45369
56 32480
57 47066
58 31884
59 43372
60 31866
61 37197
62 35604
63 31987
64 33644
65 40118
66 42626
67 39322
68 26707
69 36237
70 44080
71 36796
72 40201
73 48580
74 41225
75 33442
76 41996
77 34451
78 41262
79 30502
80 35794
81 46480
82 28261
83 40622
84 36292
85 37693
86 45874
87 42034
88 36120
89 41061
90 38839
91 35509
92 34389
93 45349
94 44300
95 33229
96 39446
97 38309
98 42581
99 31247
100 42926
101 35414
102 42957
103 25406
104 36222
105 43603
106 39256
107 43040
108 44122
109 26354
110 36152
111 39413
112 37223
113 33976
114 29064
115 25547
116 50001
117 39961
118 38927
119 32231
120 36753
121 43283
122 28146
123 37908
124 30387
125 38643
126 38322
127 37250
128 32519
129 43621
130 37233
131 39357
132 30266
133 37329
134 22549
135 30145
136 43065
137 30204
138 34810
139 36430
140 41924
141 39853
142 32828
143 31383
144 31109
145 37794
146 37559
147 48601
148 36442
149 25304
150 45402
151 35773
152 30324
153 33221
154 41007
155 35820
156 31421
157 33342
158 45728
159 31183
160 28842
161 43261
162 54789
163 38125
164 28292
165 26308
166 34413
167 35460
168 32220
169 36428
170 41130
171 41188
172 43412
173 43845
174 33796
175 39347
176 38418
177 40783
178 37933
179 36461
180 32173
181 39698
182 29737
183 41881
184 34519
185 38430
186 39746
187 28003
188 35257
189 40347
190 48662
191 37618
192 42217
193 34933
194 45040
195 31416
196 29025
197 35669
198 39033
199 39090
200 38817
201 31188
202 38492
203 34785
204 34542
205 28611
206 43310
207 29936
208 35815
209 29669
210 38978
211 45584
212 33541
213 21852
214 44504
215 24868
216 41785
217 40002
218 30315
219 32567
220 28101
221 36938
222 41421
223 34411
224 34199
225 48412
226 47471
227 39168
228 37262
229 35171
230 28221
231 43875
232 32412
233 38753
234 44881
235 33036
236 41572
237 29273
238 49006
239 40905
240 40181
241 39485
242 35901
243 37034
244 41945
245 38826
246 31786
247 35319
248 37597
249 33791
250 44255
251 33361
252 37873
253 33206
254 41967
255 39874
256 38760
257 33058
258 32948
259 44639
260 44020
261 46453
262 42621
263 30131
264 36430
265 39416
266 45137
267 41525
268 42631
269 38238
270 37566
271 35681
272 43453
273 42639
274 32984
275 40343
276 33136
277 31973
278 29441
279 37513
280 35549
281 31319
282 49365
283 34963
284 38237
285 39497
286 25960
287 23048
288 48372
289 38235
290 48049
291 35646
292 39572
293 38580
294 25858
295 45859
296 37293
297 36971
298 39044
299 40078
300 25988
301 37128
302 49981
303 37021
304 29003
305 44487
306 24683
307 36609
308 32064
309 38991
310 27440
311 48634
312 37023
313 42789
314 36185
315 31293
316 41780
317 44417
318 42959
319 41691
320 45005
321 34739
322 37465
323 45461
324 35170
325 42777
326 34548
327 42482
328 47767
329 34739
330 36813
331 44335
332 35572
333 34391
334 47857
335 36763
336 38443
337 32468
338 32221
339 33354
340 42115
341 39819
342 41727
343 36482
344 44169
345 40452
346 45163
347 37858
348 26614
349 40355
350 42479
351 28304
352 43652
353 25607
354 36963
355 44485
356 36689
357 43962
358 33762
359 37099
360 28430
361 40804
362 37083
363 44934
364 46919
365 33193
366 38825
367 34390
368 36768
369 31671
370 38875
371 33049
372 40643
373 42383
374 35287
375 39950
376 41778
377 34132
378 25081
379 40895
380 40152
381 38320
382 38906
383 41249
384 29438
385 37276
386 23582
387 40770
388 29726
389 31061
390 33786
391 36327
392 34717
393 36552
394 40717
395 30809
396 47952
397 30499
398 34958
399 40934
400 28635
401 47783
402 34099
403 31957
404 40485
405 27013
406 36018
407 39533
408 38955
409 37562
410 37292
411 43091
412 32504
413 38738
414 29083
415 40102
416 40598
417 36924
418 31095
419 41537
420 30821
421 35085
422 37909
423 50115
424 42166
425 39696
426 39273
427 43107
428 37455
429 35179
430 49597
431 32233
432 32163
433 30106
434 35469
435 29459
436 38157
437 38278
438 38958
439 52279
440 42200
441 29115
442 29162
443 39950
444 37161
445 48607
446 31276
447 42810
448 36851
449 32600
450 45202
451 42442
452 43059
453 31286
454 41520
455 37131
456 37182
457 47102
458 39712
459 38170
460 39265
461 37217
462 39606
463 34805
464 33277
465 33280
466 28777
467 37646
468 30619
469 28533
470 42328
471 28032
472 25667
473 45652
474 43045
475 37722
476 34118
477 41007
478 25794
479 42449
480 40186
481 27386
482 44795
483 38403
484 39129
485 39118
486 35505
487 34428
488 35944
489 44477
490 36160
491 43320
492 31429
493 34299
494 35451
495 28928
496 33718
497 43008
498 32776
499 36972
500 41338
501 35916
502 45822
503 37310
504 31495
505 42541
506 44808
507 32804
508 45650
509 32380
510 43319
511 34690
512 38561
513 41727
514 43243
515 43948
516 42606
517 52349
518 33440
519 34088
520 30498
521 41672
522 42766
523 30716
524 23680
525 43560
526 34648
527 34825
528 50750
529 33561
530 30015
531 36008
532 37787
533 30662
534 34050
535 34099
536 34469
537 49639
538 32315
539 41444
540 34363
541 37817
542 36503
543 39988
544 45687
545 38668
546 38735
547 37973
548 39540
549 39109
550 36202
551 48996
552 32427
553 27501
554 37937
555 39657
556 36957
557 39206
558 36075
559 34695
560 25189
561 47558
562 36917
563 40652
564 37079
565 25294
566 46145
567 37331
568 26767
569 43405
570 30810
571 39720
572 37537
573 26868
574 53915
575 37871
576 36167
577 37687
578 38984
579 34256
580 43489
581 38422
582 36511
583 31071
584 23061
585 29853
586 31473
587 34983
588 38373
589 37288
590 34016
591 35955
592 38633
593 37302
594 35699
595 45194
596 39728
597 38110
598 38299
599 43050
600 33074
601 31765
602 33425
603 36664
604 28040
605 37626
606 19789
607 44052
608 29958
609 41251
610 35392
611 39484
612 44740
613 40513
614 44001
615 40002
616 36967
617 36069
618 35907
619 39291
620 40383
621 45978
622 39372
623 46441
624 36411
625 33522
626 29165
627 43487
628 34415
629 37877
630 39442
631 38943
632 38565
633 43977
634 24685
635 38550
636 34826
637 35978
638 36335
639 31147
640 39048
641 27082
642 25031
643 39524
644 38245
645 28426
646 32438
647 41140
648 32631
649 33812
650 52512
651 36494
652 28858
653 55542
654 31477
655 31037
656 32955
657 36568
658 37559
659 43398
660 41330
661 29636
662 37123
663 40521
664 35318
665 39792
666 36536
667 50715
668 37420
669 30211
670 33539
671 33676
672 32971
673 31458
674 34721
675 45180
676 41157
677 45102
678 32831
679 48160
680 36884
681 34951
682 42207
683 41717
684 42625
685 40810
686 41164
687 31667
688 44314
689 38237
690 38978
691 44198
692 41662
693 32485
694 38131
695 34691
696 37446
697 37682
698 42652
699 49194
700 33948
701 35749
702 36488
703 36766
704 39205
705 44229
706 34496
707 46816
708 33117
709 40001
710 41415
711 31842
712 46931
713 35261
714 30655
715 38416
716 28362
717 35055
718 33236
719 41536
720 33054
721 32214
722 26976
723 41145
724 43772
725 38954
726 52223
727 46713
728 35873
729 31530
730 33109
731 25815
732 43282
733 28715
734 33894
735 30883
736 43810
737 45204
738 32645
739 40921
740 37374
741 39103
742 38865
743 41987
744 34071
745 36960
746 36652
747 49974
748 43346
749 39541
750 36010
751 46493
752 34933
753 40140
754 37274
755 34327
756 33028
757 27986
758 36471
759 42257
760 31216
761 37668
762 46391
763 25672
764 32217
765 44908
766 47259
767 48153
768 38901
769 27994
770 39584
771 45223
772 37680
773 24588
774 39511
775 46508
776 39578
777 38576
778 40837
779 47917
780 37550
781 32111
782 40583
783 43017
784 31116
785 40335
786 36971
787 37862
788 32401
789 41815
790 32850
791 27956
792 39681
793 30080
794 34540
795 46619
796 47033
797 33156
798 37950
799 43352
800 35779
801 34256
802 35282
803 30465
804 34471
805 38918
806 44367
807 46425
808 43572
809 32313
810 34561
811 47064
812 20266
813 38007
814 38747
815 34089
816 31126
817 45474
818 41413
819 40257
820 32731
821 47581
822 36079
823 26600
824 25813
825 45308
826 38176
827 34008
828 44914
829 44700
830 26064
831 35042
832 31470
833 30764
834 28998
835 38414
836 38505
837 27858
838 35911
839 31699
840 36065
841 34081
842 40499
843 38990
844 45432
845 39340
846 34763
847 40910
848 50676
849 38938
850 34387
851 41003
852 43152
853 41729
854 44316
855 38221
856 43902
857 36695
858 27377
859 47981
860 38666
861 28506
862 37200
863 46257
864 27602
865 33885
866 47799
867 37487
868 28214
869 40506
870 28627
871 39243
872 40715
873 41104
874 36754
875 48777
876 42651
877 31535
878 29191
879 40595
880 26436
881 43080
882 27594
883 49190
884 32361
885 42664
886 37913
887 37228
888 39478
889 47358
890 35656
891 31163
892 31350
893 40726
894 21970
895 49213
896 33678
897 32764
898 26780
899 37600
900 46555
901 25449
902 23303
903 32574
904 38177
905 39044
906 33208
907 29429
908 27889
909 30428
910 47507
911 36038
912 43211
913 35793
914 34110
915 44585
916 33971
917 27427
918 37873
919 37828
920 33881
921 36072
922 44009
923 40470
924 33726
925 35149
926 27806
927 39295
928 33465
929 30265
930 42251
931 35412
932 40169
933 35944
934 23116
935 41428
936 39493
937 37580
938 41619
939 28442
940 42137
941 30141
942 29016
943 38170
944 43421
945 41044
946 39312
947 33873
948 31881
949 35343
950 26567
951 39131
952 43557
953 20313
954 39005
955 36024
956 20894
957 50787
958 46828
959 46247
960 50919
961 33790
962 30521
963 31567
964 39604
965 40242
966 42109
967 32299
968 43322
969 41272
970 42841
971 38953
972 46838
973 37829
974 37879
975 36311
976 40040
977 44405
978 32544
979 32151
980 30237
981 31184
982 40748
983 43700
984 41362
985 41393
986 42744
987 33513
988 39066
989 33231
990 43762
991 42232
992 34889
993 32906
994 33991
995 36589
996 39099
997 32035
998 56256
999 31556
1000 40335
1001 46936
1002 41455
1003 36241
1004 44187
1005 27648
1006 32349
1007 31553
1008 37159
1009 42219
1010 35787
1011 37399
1012 35050
1013 44721
1014 34467
1015 38264
1016 31666
1017 42689
1018 47590
1019 35459
1020 38691
1021 33048
1022 32152
1023 45697
1024 35436
1025 46218
1026 35569
1027 38040
1028 39674
1029 48463
1030 41453
1031 30033
1032 28815
1033 20441
1034 33661
1035 43057
1036 37136
1037 44011
1038 29367
1039 40111
1040 44251
1041 38761
1042 42790
1043 35704
1044 26084
1045 37476
1046 36300
1047 36021
1048 44731
1049 41616
1050 42176
1051 41343
1052 29087
1053 26781
1054 37181
1055 38840
1056 39228
1057 36709
1058 45747
1059 37089
1060 33204
1061 29779
1062 33068
1063 34376
1064 29118
1065 30682
1066 38179
1067 39925
1068 21052
1069 39621
1070 36909
1071 34650
1072 36936
1073 46385
1074 36464
1075 37317
1076 36929
1077 35391
1078 33157
1079 40082
1080 30718
1081 36340
1082 32534
1083 37020
1084 32810
1085 45585
1086 43867
1087 32835
1088 48025
1089 43466
1090 37205
1091 39944
1092 33936
1093 43672
1094 43307
1095 37934
1096 40063
1097 36832
1098 45274
1099 34508
1100 35842
1101 48841
1102 40881
1103 40363
1104 34764
1105 40375
1106 41345
1107 37199
1108 41728
1109 35942
1110 25803
1111 46970
1112 50700
1113 40307
1114 42474
1115 54405
1116 49646
1117 43511
1118 43736
1119 26766
1120 28531
1121 39787
1122 38458
1123 32086
1124 33600
1125 33544
1126 39826
1127 39170
1128 36137
1129 37460
1130 34768
1131 41251
1132 43979
1133 36066
1134 34798
1135 35300
1136 35744
1137 47497
1138 49525
1139 35203
1140 39774
1141 38541
1142 41902
1143 48932
1144 34678
1145 31259
1146 29978
1147 41892
1148 42207
1149 42970
1150 33839
1151 35136
1152 30940
1153 28456
1154 39486
1155 43160
1156 35978
1157 36018
1158 40228
1159 32436
1160 39307
1161 24461
1162 31924
1163 38214
1164 39313
1165 42882
1166 42513
1167 45892
1168 40879
1169 33445
1170 37826
1171 44487
1172 41705
1173 34691
1174 52476
1175 38198
1176 31580
1177 37137
1178 47039
1179 42902
1180 26282
1181 39312
1182 40178
1183 43026
1184 44880
1185 36298
1186 33680
1187 41679
1188 37643
1189 38398
1190 30781
1191 19625
1192 36871
1193 43278
1194 41581
1195 39877
1196 29973
1197 32388
1198 44727
1199 44195
1200 34943
1201 42197
1202 46182
1203 26718
1204 33499
1205 40392
1206 30197
1207 39367
1208 36171
1209 41840
1210 42859
1211 26757
1212 32214
1213 35352
1214 38599
1215 34875
1216 32010
1217 38898
1218 34681
1219 37558
1220 38917
1221 30245
1222 41449
1223 26964
1224 30356
1225 37912
1226 27467
1227 31588
1228 36463
1229 18765
1230 32879
1231 33145
1232 25017
1233 43406
1234 35722
1235 41115
1236 37642
1237 38712
1238 32352
1239 34956
1240 45974
1241 46836
1242 45891
1243 32778
1244 38908
1245 35193
1246 34559
1247 37226
1248 42859
1249 34138
1250 36687
1251 32294
1252 26616
1253 42280
1254 53079
1255 43056
1256 42471
1257 30054
1258 31115
1259 38724
1260 35080
1261 33064
1262 53282
1263 38020
1264 39002
1265 30787
1266 33253
1267 41787
1268 36516
1269 33929
1270 29949
1271 32933
1272 37015
1273 34314
1274 39338
1275 34336
1276 45633
1277 35068
1278 32806
1279 36641
1280 40137
1281 35930
1282 41082
1283 51683
1284 42524
1285 30670
1286 38739
1287 30985
1288 32423
1289 25828
1290 43196
1291 34004
1292 38566
1293 37785
1294 28085
1295 28579
1296 31347
1297 42519
1298 43189
1299 30603
1300 54102
1301 25241
1302 34821
1303 38867
1304 43799
1305 35218
1306 38560
1307 36075
1308 50457
1309 36283
1310 38179
1311 40094
1312 39167
1313 38387
1314 36847
1315 46899
1316 38576
1317 34392
1318 38518
1319 47235
1320 30603
1321 34852
1322 45539
1323 29162
1324 35367
1325 33928
1326 26822
1327 43101
1328 32424
1329 24507
1330 40352
1331 38425
1332 45955
1333 45926
1334 50080
1335 32492
1336 36156
1337 40963
1338 37958
1339 36484
1340 38983
1341 44496
1342 43108
1343 36669
1344 36463
1345 39915
1346 39204
1347 31157
1348 27784
1349 48204
1350 48364
1351 41404
1352 40763
1353 48740
1354 40016
1355 47059
1356 42863
1357 41624
1358 36121
1359 32639
1360 37528
1361 36630
1362 40262
1363 33305
1364 36027
1365 33143
1366 39882
1367 34542
1368 57772
1369 24728
1370 41299
1371 41887
1372 35531
1373 40791
1374 37757
1375 37210
1376 31170
1377 25561
1378 38334
1379 28190
1380 38001
1381 49718
1382 31775
1383 33654
1384 28613
1385 28911
1386 31820
1387 32460
1388 32938
1389 37618
1390 34028
1391 40719
1392 38452
1393 27353
1394 31198
1395 33014
1396 26122
1397 44030
1398 28985
1399 41653
1400 33786
1401 35604
1402 33404
1403 36070
1404 43063
1405 22595
1406 28407
1407 18765
1408 37103
1409 36074
1410 43952
1411 48847
1412 55014
1413 25318
1414 47982
1415 34301
1416 36437
1417 48931
1418 50974
1419 48767
1420 36794
1421 39162
1422 48412
1423 50448
1424 34426
1425 41537
1426 41227
1427 42095
1428 42756
1429 35372
1430 42596
1431 30379
1432 29865
1433 43719
1434 38222
1435 43522
1436 25875
1437 37022
1438 30150
1439 29944
1440 35609
1441 36676
1442 33112
1443 24032
1444 35163
1445 32094
1446 50487
1447 31767
1448 40418
1449 41951
1450 35042
1451 36343
1452 38901
1453 43853
1454 45418
1455 48226
1456 33691
1457 26510
1458 42221
1459 33268
1460 36325
1461 35398
1462 30474
1463 31424
1464 40202
1465 36488
1466 35730
1467 40588
1468 41375
1469 27302
1470 31124
1471 37453
1472 36766
1473 39452
1474 36417
1475 40327
1476 31610
1477 33768
1478 32069
1479 37395
1480 33787
1481 47094
1482 28102
1483 36351
1484 40979
1485 33155
1486 40285
1487 45965
1488 38780
1489 47615
1490 47491
1491 34142
1492 37736
1493 31723
1494 42859
1495 42296
1496 35195
1497 32119
1498 30954
1499 41508
1500 39076
1501 34925
1502 42105
1503 35226
1504 36354
1505 35936
1506 38671
1507 38559
1508 36599
1509 45741
1510 29116
1511 40467
1512 42361
1513 27535
1514 35058
1515 37345
1516 41018
1517 44304
1518 46604
1519 32246
1520 43878
1521 44816
1522 38660
1523 45404
1524 34170
1525 41338
1526 49772
1527 37282
1528 34130
1529 42560
1530 39090
1531 30665
1532 31598
1533 30337
1534 32768
1535 42333
1536 49047
1537 33929
1538 34674
1539 41709
1540 33426
1541 38765
1542 42194
1543 30926
1544 32713
1545 44861
1546 20688
1547 30288
1548 35705
1549 42224
1550 42759
1551 33729
1552 35283
1553 29823
1554 41301
1555 30338
1556 30976
1557 38542
1558 40167
1559 31895
1560 41614
1561 41643
1562 37860
1563 41526
1564 30937
1565 37007
1566 28482
1567 38459
1568 40289
1569 49203
1570 43128
1571 31145
1572 35884
1573 49645
1574 33089
1575 34500
1576 33793
1577 33765
1578 37748
1579 27646
1580 35743
1581 29363
1582 34766
1583 36374
1584 43802
1585 30290
1586 49882
1587 39963
1588 37953
1589 35980
1590 37483
1591 28713
1592 39323
1593 34959
1594 42123
1595 28389
1596 40383
1597 40636
1598 35510
1599 47421
1600 38362
1601 31744
1602 43240
1603 45645
1604 31846
1605 48464
1606 34915
1607 36901
1608 34653
1609 28715
1610 29684
1611 30439
1612 43757
1613 41552
1614 37569
1615 39264
1616 42800
1617 34469
1618 26385
1619 37368
1620 28169
1621 45228
1622 36890
1623 39780
1624 28169
1625 38710
1626 40633
1627 36261
1628 34835
1629 30146
1630 26372
1631 42735
1632 39257
1633 29581
1634 29286
1635 29120
1636 41479
1637 40907
1638 31040
1639 44055
1640 33713
1641 32302
1642 39268
1643 37034
1644 31424
1645 37113
1646 44055
1647 50150
1648 35138
1649 31064
1650 49914
1651 42536
1652 35833
1653 32712
1654 42197
1655 39089
1656 36980
1657 31412
1658 39881
1659 42244
1660 27652
1661 40654
1662 41581
1663 40488
1664 39202
1665 40242
1666 38329
1667 29822
1668 35641
1669 32554
1670 39257
1671 44307
1672 27965
1673 39571
1674 30932
1675 34953
1676 43310
1677 37537
1678 38778
1679 43526
1680 39558
1681 27198
1682 33120
1683 38807
1684 38506
1685 29648
1686 29094
1687 34242
1688 35874
1689 45746
1690 51678
1691 41646
1692 42587
1693 35109
1694 38827
1695 51726
1696 39011
1697 35274
1698 32016
1699 39755
1700 33807
1701 36871
1702 40851
1703 37985
1704 39430
1705 30947
1706 21460
1707 32143
1708 43951
1709 43271
1710 26334
1711 35926
1712 41072
1713 46556
1714 41130
1715 34239
1716 38813
1717 47095
1718 42285
1719 31993
1720 28348
1721 39781
1722 37437
1723 29609
1724 42834
1725 28436
1726 41398
1727 37077
1728 34878
1729 36979
1730 30147
1731 31941
1732 53435
1733 38588
1734 39373
1735 31356
1736 42403
1737 38770
1738 33696
1739 28453
1740 23738
1741 41964
1742 30313
1743 35940
1744 42572
1745 37474
1746 36871
1747 36992
1748 38663
1749 25664
1750 30887
1751 44914
1752 42606
1753 33389
1754 45311
1755 51268
1756 32225
1757 26586
1758 37991
1759 41403
1760 46413
1761 32322
1762 42202
1763 30494
1764 39069
1765 36771
1766 50065
1767 26710
1768 48873
1769 35733
1770 40198
1771 32147
1772 22978
1773 40565
1774 36927
1775 38963
1776 38210
1777 39746
1778 32545
1779 35996
1780 33155
1781 34852
1782 40194
1783 29879
1784 35716
1785 46491
1786 33072
1787 41833
1788 32890
1789 30216
1790 34749
1791 30620
1792 41638
1793 37240
1794 35905
1795 46309
1796 35266
1797 28882
1798 32032
1799 24519
1800 31853
1801 35039
1802 25068
1803 29117
1804 37432
1805 36172
1806 35610
1807 46168
1808 40584
1809 34348
1810 29567
1811 42818
1812 38164
1813 38013
1814 39040
1815 25993
1816 36948
1817 36056
1818 41526
1819 30217
1820 35926
1821 41747
1822 28112
1823 40073
1824 28067
1825 51148
1826 42055
1827 41251
1828 31982
1829 30826
1830 41964
1831 29890
1832 30169
1833 27655
1834 37257
1835 37548
1836 26476

0 348 4 6
0 683 1 14
0 765 29 1
0 778 23 15
0 946 52 12
0 971 32 9
0 1102 36 9
0 1361 21 5
0 1616 54 15
0 1706 25 15
0 1810 58 12
1 5 23 15
1 348 25 15
1 546 55 4
1 765 7 10
1 1098 34 14
1 1102 43 15
1 1616 38 13
1 1628 18 10
1 1680 4 13
2 348 58 8
2 392 26 8
2 598 33 13
2 765 29 11
2 1102 57 2
2 1124 17 3
2 1172 22 3
2 1465 54 1
2 1616 31 13
2 1660 6 1
2 1697 46 2
2 1815 25 13
3 110 35 2
3 532 6 10
3 1218 48 15
3 1495 43 8
3 1600 20 13
4 383 9 10
4 509 26 8
4 557 20 1
4 667 16 6
4 957 32 14
4 1273 29 13
4 1437 7 2
5 858 47 14
6 95 58 8
6 608 28 4
6 698 59 9
6 1713 43 15
7 303 31 8
7 338 38 3
7 666 22 14
7 898 54 11
8 1188 14 5
8 1223 44 2
8 1829 21 12
9 150 44 6
9 260 40 3
9 386 50 4
9 477 42 13
9 509 43 12
9 811 37 1
9 825 11 15
9 1633 38 7
10 137 6 14
10 282 5 14
10 407 60 11
10 415 54 4
10 554 47 14
10 695 46 6
10 856 33 5
10 1153 43 5
10 1361 57 2
10 1680 59 15
10 1718 15 13
11 71 39 1
11 852 48 1
11 1646 25 3
12 400 56 10
12 636 20 7
12 1155 43 3
12 1287 31 11
12 1582 24 2
12 1708 19 6
13 46 20 8
13 706 29 9
13 1328 45 7
13 1398 12 14
13 1684 24 1
13 1696 16 8
14 69 25 12
14 143 36 3
14 526 49 8
14 549 6 7
14 578 60 10
14 833 37 4
14 1222 26 5
14 1429 15 1
14 1671 26 13
15 179 39 11
15 639 54 7
15 1673 16 1
16 385 52 11
16 513 8 9
16 1272 2 13
16 1365 7 5
16 1526 18 5
16 1663 8 1
17 151 5 6
17 211 27 12
17 278 31 13
17 442 22 14
17 528 27 12
17 629 55 2
17 1123 42 15
18 59 2 10
18 93 42 8
18 360 56 10
18 620 45 3
18 920 55 6
18 1046 39 10
18 1307 9 11
19 717 52 6
19 739 4 8
19 1141 34 14
19 1167 30 10
19 1210 6 12
19 1327 59 4
19 1643 10 3
19 1657 26 11
20 133 50 11
20 561 44 6
20 631 52 8
20 855 37 13
20 1225 45 12
20 1540 57 11
21 97 54 3
21 137 20 13
21 527 40 1
21 918 19 10
22 110 44 5
22 317 41 10
22 344 40 1
22 359 7 3
22 745 58 3
22 912 32 5
22 1234 46 15
22 1455 12 6
22 1665 26 2
23 60 1 8
23 1341 5 1
23 1741 54 9
24 164 40 13
24 1248 24 15
24 1446 46 4
24 1503 58 11
25 1046 39 14
25 1228 40 13
26 97 54 11
26 572 6 5
26 733 18 4
26 891 10 12
26 1215 59 5
26 1405 34 6
27 568 9 3
27 626 51 7
27 723 23 2
27 731 5 2
27 1030 34 2
27 1113 52 5
27 1169 38 8
27 1264 11 13
27 1268 50 2
27 1442 13 3
27 1725 49 6
28 376 37 5
28 1158 10 14
28 1761 43 14
29 238 26 4
29 250 25 9
29 657 5 15
29 784 46 11
29 926 32 6
29 1034 48 3
29 1051 20 13
29 1248 37 7
29 1364 60 10
29 1460 12 7
29 1533 35 2
30 469 2 2
30 479 29 2
30 492 24 3
30 676 6 3
30 1309 14 3
30 1410 34 2
30 1518 12 3
30 1674 56 4
31 265 12 11
31 276 46 8
31 299 34 11
31 670 1 6
31 862 5 3
32 50 17 3
32 552 14 10
32 594 21 12
32 791 27 4
32 856 56 7
32 1104 35 14
32 1487 30 15
32 1546 17 6
33 35 28 13
33 271 24 1
33 434 3 13
33 515 12 6
33 525 7 3
33 1025 22 1
33 1034 27 2
33 1594 55 5
34 561 49 4
34 1084 51 3
34 1757 43 6
35 520 14 4
35 549 60 5
35 591 27 15
35 852 47 8
35 1811 42 13
36 70 49 4
36 221 13 4
36 520 26 4
36 699 31 7
36 1178 29 2
36 1218 6 3
36 1221 1 1
36 1463 23 11
36 1532 59 6
36 1773 49 10
37 46 46 4
37 189 35 11
37 465 47 7
37 959 2 1
37 999 56 4
37 1046 10 1
37 1244 30 6
37 1310 52 2
37 1657 12 15
37 1791 8 3
38 580 52 15
38 1823 6 4
39 374 48 9
39 531 31 12
39 592 21 14
39 769 49 9
39 1214 28 9
39 1276 41 5
39 1396 28 10
39 1419 44 3
39 1432 38 7
39 1474 13 10
40 764 5 4
40 777 20 3
40 825 38 11
40 1052 60 13
40 1134 6 6
41 533 37 10
42 165 32 2
42 481 11 12
42 498 26 4
42 522 2 3
42 1270 31 12
42 1418 5 11
42 1446 30 5
42 1754 23 4
43 97 15 7
43 509 5 10
43 951 35 11
43 1511 51 5
43 1539 6 7
43 1689 19 2
44 449 30 5
44 544 42 5
44 837 41 9
44 1125 8 5
44 1383 28 6
44 1444 58 1
44 1537 30 13
44 1570 48 6
44 1610 50 12
44 1702 40 6
44 1790 59 15
44 1827 14 7
45 143 11 15
45 539 50 12
45 1168 45 4
45 1805 34 15
46 113 52 8
46 434 7 4
46 435 19 10
46 777 9 14
46 1042 36 4
46 1082 26 14
46 1225 39 8
46 1812 7 15
47 63 2 11
47 283 48 12
47 490 3 10
47 863 33 6
47 1074 22 3
47 1147 21 15
47 1251 54 15
47 1796 38 7
47 1816 6 9
48 633 34 1
48 753 29 9
48 935 55 5
48 1320 12 7
49 222 49 13
49 428 5 4
49 718 30 4
50 308 41 13
50 919 8 2
50 979 45 6
50 1134 41 1
50 1143 14 3
50 1467 16 10
50 1646 60 1
50 1674 44 3
51 283 50 10
51 478 60 8
51 618 9 15
51 1370 19 4
51 1590 46 3
51 1626 51 7
52 165 16 15
52 537 27 11
52 560 14 2
53 281 42 1
53 511 52 2
53 858 56 4
53 1799 28 4
54 944 9 2
54 1257 22 9
55 469 54 2
55 534 51 14
55 752 9 5
55 1706 6 11
56 147 24 9
56 350 35 9
56 755 34 8
56 909 50 6
56 1271 50 8
56 1368 60 12
57 168 22 12
57 1226 11 13
57 1726 59 5
58 128 8 11
58 166 29 9
58 401 3 3
58 1384 40 11
58 1472 3 8
59 472 2 2
59 634 58 10
59 789 57 13
59 851 44 4
59 1069 14 6
59 1487 13 8
59 1610 4 6
60 259 3 12
60 426 11 4
60 507 57 7
60 1564 50 2
60 1607 24 15
61 311 32 4
61 963 51 4
61 980 10 11
62 209 27 14
62 250 52 1
62 511 25 3
62 1067 29 9
62 1269 53 12
62 1434 22 8
63 175 40 7
63 525 14 13
63 836 33 8
63 990 40 12
63 1163 12 5
63 1239 35 12
64 218 22 12
64 1408 41 15
64 1686 42 11
65 173 31 9
65 291 20 13
65 517 8 5
65 982 28 4
65 1049 18 5
65 1228 29 5
65 1590 37 2
66 274 30 2
66 402 14 9
66 1201 32 4
66 1232 23 2
66 1644 36 3
67 507 18 7
67 678 48 1
67 712 9 12
67 1066 12 5
68 412 42 4
68 601 1 1
68 639 59 3
68 747 39 13
68 928 30 11
68 1026 49 9
68 1730 40 15
68 1792 8 14
69 265 39 2
69 515 38 2
69 711 32 12
69 966 15 7
69 1075 35 11
69 1239 19 7
69 1598 12 2
69 1715 40 6
69 1755 55 14
70 302 28 3
70 656 10 3
70 793 22 15
70 1179 2 7
70 1367 8 14
70 1535 58 14
70 1591 50 13
70 1596 40 6
70 1787 55 8
71 600 9 6
71 781 12 1
71 834 7 8
71 1653 6 10
72 635 49 15
72 887 40 10
72 1531 21 2
72 1708 41 13
73 356 54 6
73 1408 41 12
73 1800 46 13
73 1811 48 1
74 896 39 8
74 1153 54 4
74 1375 55 10
74 1411 46 7
74 1533 28 6
74 1585 10 8
74 1625 35 12
74 1700 31 14
75 205 46 11
75 219 21 14
75 310 29 1
75 583 53 10
75 1323 39 6
75 1370 27 4
76 345 1 12
76 417 36 10
76 475 48 5
76 590 12 4
76 1255 31 6
76 1363 25 1
76 1657 36 9
77 162 49 14
77 640 14 2
77 676 31 7
77 742 16 5
77 1008 59 4
78 317 17 2
78 614 10 1
78 1226 56 9
78 1516 44 7
79 138 38 6
79 986 47 3
79 1492 21 12
79 1718 28 11
79 1790 27 3
80 177 40 6
80 372 38 12
80 782 22 1
80 912 19 10
80 1075 54 15
80 1582 55 15
80 1711 46 2
81 463 38 15
81 615 14 8
81 741 22 9
81 861 2 10
81 1037 18 4
81 1296 53 12
81 1348 34 1
81 1613 31 9
81 1669 54 9
82 548 22 2
82 657 27 14
82 914 19 2
82 1653 54 8
82 1661 47 4
82 1692 12 1
83 180 12 1
83 333 58 11
83 354 46 1
83 1657 37 15
83 1775 49 13
84 217 59 8
84 228 10 10
84 459 20 4
84 485 54 15
84 902 37 6
84 949 55 4
84 1110 16 2
84 1598 54 4
84 1618 37 8
85 1445 10 15
85 1661 17 13
86 357 23 9
86 617 35 3
86 708 48 9
86 943 15 13
86 1013 27 3
86 1168 22 2
86 1336 33 6
86 1497 38 12
87 274 44 3
87 1423 41 7
88 637 25 1
88 782 40 2
88 829 60 7
88 1486 15 8
88 1776 55 8
89 408 40 1
89 1041 25 8
89 1453 55 12
90 235 20 5
90 465 18 8
90 563 24 10
90 1452 58 13
91 174 31 5
91 323 25 5
91 716 52 6
91 803 41 12
91 1242 31 10
91 1368 35 4
91 1383 22 14
91 1441 38 11
91 1742 52 14
92 373 21 2
92 423 36 14
92 1348 20 12
92 1659 42 7
93 299 31 2
93 445 32 5
93 576 38 9
93 1029 32 8
94 272 13 12
94 627 56 15
94 769 37 15
94 837 45 1
94 1237 32 3
94 1393 46 2
94 1528 23 10
94 1706 55 7
95 434 22 2
95 874 19 14
95 1198 21 9
95 1758 39 4
96 203 32 9
96 369 13 9
96 1784 15 4
97 279 14 11
97 537 34 4
97 759 18 11
97 887 58 7
97 923 35 10
97 1029 29 11
97 1136 3 4
97 1224 52 7
97 1453 32 9
98 810 14 2
98 910 38 15
98 927 20 5
98 1345 23 8
98 1451 16 6
98 1613 17 12
98 1810 7 11
99 491 45 5
99 631 54 13
99 783 25 11
100 311 43 13
100 560 43 13
100 1064 52 14
100 1222 31 2
100 1608 4 8
100 1628 46 12
101 265 14 10
101 1132 57 12
101 1264 26 4
101 1377 27 14
102 270 29 9
102 400 57 12
102 488 52 7
102 717 36 4
102 1294 37 12
103 352 8 2
103 476 31 15
103 634 3 8
103 743 23 1
103 1486 7 9
103 1709 57 7
104 397 55 12
104 540 13 6
104 886 34 9
104 1255 55 1
105 730 57 1
105 733 6 11
105 1482 60 14
106 130 10 3
106 514 4 15
106 743 16 13
106 1162 57 2
107 432 39 6
107 1334 30 2
108 495 39 1
108 1057 4 4
108 1231 55 8
108 1375 5 10
109 133 11 12
109 145 32 15
109 565 6 11
109 682 38 5
109 683 9 4
109 957 13 2
109 1021 20 5
110 293 32 8
110 957 9 6
110 1046 29 4
110 1270 41 1
110 1278 13 1
110 1593 6 4
111 147 18 14
111 288 35 2
111 384 38 15
111 421 54 1
111 468 28 11
111 875 18 15
111 1261 8 8
112 152 50 7
112 382 36 10
112 1042 31 15
112 1710 54 11
112 1806 33 15
113 812 52 1
113 900 5 12
113 960 37 4
113 1022 16 6
113 1259 27 15
113 1359 3 15
114 354 6 1
114 436 8 7
114 503 16 12
114 1079 1 15
114 1252 40 12
114 1316 48 13
114 1435 52 14
115 889 11 9
115 994 42 13
115 1114 28 13
115 1124 26 15
116 389 26 11
116 760 9 7
116 1045 49 12
116 1368 33 2
117 487 28 10
117 810 36 4
117 812 16 4
117 834 6 10
117 1018 29 12
118 244 48 13
118 671 2 3
118 751 36 13
118 858 7 2
119 285 16 8
119 1590 9 5
119 1815 3 15
120 134 42 10
120 206 16 9
120 256 12 10
120 440 52 5
120 556 35 6
120 1496 6 12
120 1766 56 4
121 182 52 13
121 296 46 5
121 301 20 11
121 472 14 1
121 986 33 7
121 1574 16 1
122 473 58 1
122 652 4 14
122 869 53 12
122 1061 33 8
122 1113 33 3
122 1203 60 15
122 1361 42 14
123 667 29 11
123 1154 37 10
123 1628 38 8
123 1716 16 10
124 239 14 1
124 735 24 3
124 774 44 11
124 870 52 2
124 967 3 1
124 1107 33 10
124 1646 6 10
124 1813 33 13
125 576 60 8
125 747 45 1
125 978 12 14
125 1392 7 2
125 1501 27 15
125 1536 48 12
126 332 23 6
126 423 3 13
126 1056 8 12
126 1171 38 2
127 312 55 5
127 404 31 10
127 635 30 1
127 1097 58 9
127 1385 53 14
127 1411 51 15
128 493 27 10
128 902 14 10
128 976 30 10
128 1427 16 9
128 1815 31 3
129 907 5 8
130 894 10 8
130 1153 31 12
130 1600 54 4
130 1798 15 1
131 1576 49 14
132 344 28 10
132 549 36 2
132 567 42 2
132 871 3 2
132 1187 40 11
132 1718 42 12
133 218 39 11
133 1222 26 14
133 1544 49 10
133 1617 29 13
134 1213 8 10
134 1706 60 15
135 236 26 8
135 666 51 9
135 1766 7 10
136 251 30 1
136 269 24 12
136 469 56 14
136 826 11 9
136 1077 26 8
136 1266 17 4
136 1419 3 13
136 1638 1 15
137 371 1 1
137 666 15 9
137 1021 36 8
138 341 22 13
138 835 41 4
138 911 45 12
138 1775 52 14
139 330 57 9
139 758 19 2
139 831 5 7
139 938 41 12
139 991 21 1
139 1159 40 9
139 1494 51 3
139 1654 22 7
140 1509 38 13
140 1804 3 6
141 269 16 8
141 311 4 2
141 342 56 3
141 751 11 6
141 906 2 6
141 1057 4 2
141 1703 12 12
142 456 1 9
142 933 50 7
142 1066 51 1
142 1281 14 4
142 1705 43 14
142 1745 12 15
143 433 38 2
143 566 34 5
143 597 38 2
143 809 59 11
143 927 39 9
143 1145 14 9
143 1189 53 3
143 1542 24 1
143 1615 3 5
144 150 46 6
144 788 40 6
144 1009 25 10
144 1221 42 4
144 1335 8 13
144 1412 42 13
145 337 48 14
145 870 22 9
146 259 38 14
146 626 39 14
146 808 38 2
146 1052 48 6
146 1656 31 2
147 286 32 12
147 679 3 4
147 804 28 7
147 1682 38 10
147 1738 5 3
148 242 13 5
148 245 32 15
148 478 51 12
148 1014 20 7
148 1304 36 2
148 1666 34 5
149 343 34 14
149 414 4 4
149 554 3 4
149 1574 31 13
150 351 16 10
150 417 33 5
150 466 1 8
150 1119 25 1
150 1353 30 12
150 1496 53 14
150 1676 26 7
151 281 27 8
151 777 48 2
151 1169 24 12
152 262 60 3
152 346 44 15
152 450 52 3
152 669 16 1
152 913 8 14
152 1011 18 3
152 1261 40 9
152 1314 13 4
152 1756 20 13
153 179 12 11
153 211 46 15
153 264 60 15
153 372 58 13
153 469 32 9
153 530 37 7
153 1291 10 7
153 1713 2 6
154 489 6 2
154 630 12 9
154 645 12 15
154 1268 33 12
154 1478 36 11
154 1751 45 8
155 321 42 2
155 828 15 10
155 1066 39 3
155 1406 38 11
155 1435 42 4
155 1675 46 5
156 241 34 11
156 710 33 5
156 1047 56 14
156 1105 49 10
156 1233 46 6
157 351 6 13
157 559 26 10
157 683 8 13
157 1453 30 4
157 1493 31 6
158 426 27 7
158 1110 57 4
158 1193 4 3
158 1297 59 8
159 505 36 15
159 550 45 8
159 926 29 12
159 1048 14 8
159 1409 50 9
159 1647 8 6
159 1817 18 10
160 740 53 10
161 266 56 15
161 478 25 4
161 1372 23 2
161 1741 57 14
162 1312 40 10
162 1505 19 5
162 1831 21 10
163 281 47 1
163 319 24 4
163 958 4 14
163 1438 25 2
163 1700 34 6
163 1784 5 5
163 1822 31 3
164 301 50 4
164 724 58 8
164 803 30 5
164 1129 44 2
164 1199 17 1
164 1379 38 13
164 1718 27 10
165 378 26 12
165 709 14 12
165 883 1 1
165 1434 23 1
166 249 31 8
166 539 7 6
166 576 16 3
166 781 1 11
166 822 16 4
166 1052 49 3
166 1086 32 7
166 1100 23 8
166 1113 44 13
167 250 27 8
167 404 40 5
167 907 2 5
167 1018 40 15
167 1190 31 6
167 1348 6 3
168 366 32 8
168 383 18 1
168 419 54 1
168 521 6 14
168 1052 55 5
168 1170 49 10
168 1240 26 9
168 1359 26 11
168 1812 46 12
169 337 52 15
169 360 47 12
169 477 23 8
169 1531 45 7
169 1636 21 1
170 490 3 2
170 594 59 8
170 661 41 3
170 771 22 10
170 807 50 15
170 1009 44 9
170 1092 11 2
170 1156 21 5
170 1180 46 13
170 1539 2 10
171 258 23 15
171 706 36 11
171 707 50 13
171 914 41 7
171 1143 10 9
171 1670 35 6
171 1788 17 15
172 600 27 4
172 650 19 4
172 991 28 8
172 1015 1 13
172 1070 14 3
172 1523 28 9
173 642 25 6
173 732 38 10
173 828 16 13
173 1473 32 6
173 1647 22 2
173 1710 22 1
174 503 22 9
174 768 8 5
174 814 45 3
174 991 27 12
174 1262 37 2
174 1402 45 4
175 532 6 12
175 986 50 14
175 1391 14 9
176 312 41 7
176 563 42 1
176 607 38 8
176 1416 4 9
176 1628 50 15
176 1766 28 7
177 1045 9 15
177 1344 1 12
177 1355 11 7
177 1777 3 4
178 552 7 15
178 860 37 12
178 1642 58 6
179 1088 5 13
179 1737 6 13
179 1769 54 13
180 540 28 11
180 614 21 13
180 843 34 14
180 1459 37 11
180 1490 46 10
181 653 5 9
181 694 51 5
181 794 33 4
181 928 46 10
181 1541 27 3
181 1678 37 3
181 1730 19 4
182 288 41 5
182 541 34 15
182 708 58 8
182 786 45 4
182 794 7 11
182 986 36 13
182 1075 31 2
182 1536 22 11
183 638 18 6
183 645 50 3
183 1751 45 8
183 1804 7 15
184 381 19 3
184 733 32 1
184 1587 24 11
184 1781 51 4
185 212 60 6
185 236 60 12
185 239 46 6
185 572 22 14
185 588 38 9
185 875 30 3
185 1126 11 8
186 1486 54 3
186 1671 35 6
187 552 7 7
187 1490 14 8
187 1754 7 1
188 899 7 2
188 945 9 11
188 1308 7 6
188 1544 9 3
189 462 1 12
189 915 56 11
189 938 17 4
189 1301 30 6
189 1473 18 2
189 1612 48 15
189 1627 39 9
189 1749 43 3
190 398 51 8
190 543 12 1
190 795 32 3
190 890 20 8
190 903 43 11
190 1182 31 10
190 1499 41 1
190 1715 30 11
191 252 23 15
191 363 4 6
191 948 43 15
191 1234 24 10
191 1594 1 15
191 1624 42 5
191 1659 29 8
192 279 34 8
193 233 41 8
193 404 59 6
193 815 50 12
193 888 37 1
193 1712 15 1
194 203 52 12
194 281 46 14
194 548 57 4
194 1361 20 14
194 1439 36 2
195 229 6 6
195 427 25 3
195 535 2 2
195 689 5 5
195 1197 7 6
195 1807 24 11
196 1704 25 15
197 890 60 14
197 947 48 13
197 1366 37 14
197 1388 31 15
197 1585 33 6
198 541 41 7
198 559 21 9
198 824 41 2
198 1680 36 7
199 1048 1 2
199 1272 33 14
199 1725 33 2
199 1726 47 2
199 1779 14 1
200 247 28 4
200 278 13 1
200 1350 23 9
200 1671 21 4
200 1758 44 8
201 483 18 9
201 903 30 7
201 1460 32 6
201 1720 43 10
202 421 59 6
202 561 56 2
202 793 52 15
202 800 4 14
202 892 21 5
202 1190 57 13
202 1499 47 10
202 1659 12 8
203 367 24 14
203 749 16 11
203 879 52 15
203 991 53 3
204 223 26 2
204 246 12 1
204 708 41 5
204 1370 10 14
205 735 50 10
205 851 23 6
205 1279 58 3
205 1300 16 9
205 1497 27 1
206 1168 29 12
206 1348 12 11
206 1529 16 13
206 1530 59 8
207 957 49 9
207 1122 44 2
207 1413 11 4
207 1773 60 15
208 324 18 13
208 345 15 8
208 616 42 3
208 952 3 2
208 1088 12 13
208 1296 39 14
208 1384 12 4
208 1802 20 3
209 499 34 7
209 712 29 8
209 949 8 8
209 1434 24 4
209 1604 11 1
209 1686 43 14
210 432 2 3
210 965 41 14
210 980 31 1
210 999 22 7
210 1032 20 11
210 1092 25 4
210 1403 25 1
210 1441 17 11
210 1466 2 3
211 447 42 6
211 555 36 12
211 573 35 6
211 950 7 15
211 1147 38 10
211 1697 18 1
212 481 9 6
212 786 20 12
212 1334 44 11
212 1342 19 7
212 1606 43 1
213 309 53 12
213 760 58 1
214 569 21 7
214 727 21 4
214 979 1 5
214 1039 27 9
214 1394 59 9
215 416 11 14
215 722 6 8
215 985 58 1
215 1185 51 11
215 1764 1 8
216 583 18 2
216 1349 50 5
216 1523 22 9
216 1615 30 2
216 1703 43 2
217 248 9 14
217 358 18 4
217 1416 18 11
218 292 32 10
218 886 23 13
218 963 60 1
218 1513 59 5
218 1526 9 7
219 638 45 12
219 1671 24 4
220 450 9 12
220 830 14 4
220 875 34 1
220 1552 11 1
221 458 24 2
221 512 55 1
221 1062 57 14
221 1256 30 2
221 1736 33 9
222 869 19 1
222 1103 49 13
222 1136 11 8
222 1151 32 11
222 1287 36 9
222 1812 57 5
223 666 3 6
223 896 55 5
223 1209 26 4
223 1285 38 14
223 1426 10 2
224 742 45 5
224 1512 31 8
224 1765 19 8
225 919 59 7
225 1168 10 9
225 1830 44 11
226 252 35 12
226 346 50 3
226 562 13 1
226 661 58 3
226 720 17 11
226 828 39 3
226 989 51 6
226 1096 36 3
226 1734 16 4
227 259 18 7
227 584 55 14
227 840 29 12
227 1301 5 13
227 1395 44 2
227 1400 5 8
228 678 58 12
228 855 9 7
228 1532 59 13
229 291 45 4
229 385 45 13
229 496 12 3
229 523 38 10
229 534 7 13
229 1025 1 4
229 1154 55 3
229 1377 14 5
229 1609 17 5
229 1637 28 12
230 639 32 2
230 655 19 10
230 1582 10 4
230 1607 19 14
231 1253 2 12
231 1275 27 7
231 1342 14 11
231 1647 47 6
232 426 53 8
232 445 4 4
232 530 26 9
232 1116 23 1
233 240 27 12
233 382 54 6
233 501 30 10
233 516 25 13
233 622 4 11
233 977 12 5
233 993 20 1
233 1160 48 7
233 1650 14 7
234 498 56 6
234 763 34 9
234 957 23 5
234 1029 22 7
235 871 37 12
235 1762 21 4
236 619 9 9
236 868 28 8
236 1708 31 13
237 430 58 8
237 592 12 14
237 1056 21 2
237 1228 38 3
237 1319 7 7
237 1412 45 15
237 1770 53 5
238 356 25 12
238 431 28 10
238 821 12 8
238 1132 24 9
238 1261 59 8
239 426 41 9
239 430 28 4
239 870 5 11
239 878 35 3
239 1179 43 14
239 1205 6 13
239 1282 41 14
240 458 55 3
240 476 60 8
240 754 18 7
240 1091 57 13
240 1461 14 10
240 1595 10 9
241 278 56 3
241 367 27 15
241 533 45 5
241 583 10 13
241 711 7 9
241 1483 50 6
241 1537 46 4
242 531 28 7
242 609 53 13
242 1024 29 12
242 1268 22 6
243 823 1 12
243 978 9 7
243 1298 45 14
243 1453 7 1
243 1667 13 5
243 1835 36 8
244 647 45 8
244 1601 30 13
245 447 15 7
245 529 45 14
245 1256 48 15
246 421 7 7
246 483 16 4
246 790 47 6
246 873 16 14
246 967 18 14
246 1649 34 13
246 1706 30 10
246 1755 39 10
247 305 18 15
247 655 54 1
247 1399 1 8
248 470 37 7
248 550 53 8
248 679 29 7
248 932 48 6
248 1106 27 10
248 1113 59 13
248 1118 39 12
248 1153 36 7
248 1367 56 3
249 1316 45 13
250 311 30 15
250 524 41 7
250 1392 34 14
251 806 21 13
251 922 19 11
251 1182 23 3
251 1824 28 9
252 935 42 13
252 1220 12 4
252 1258 51 4
252 1281 29 13
252 1323 35 10
253 1013 5 10
253 1420 21 10
253 1583 34 15
254 672 40 5
254 1390 3 4
254 1547 13 2
255 318 48 7
255 675 14 5
255 1021 51 1
256 326 53 15
256 328 52 7
256 512 37 7
256 623 42 4
256 693 29 10
256 739 10 14
256 1217 3 7
256 1830 16 2
257 386 3 15
257 473 36 12
257 525 11 7
257 1263 7 5
257 1383 47 10
257 1806 8 7
258 488 34 7
258 564 33 7
258 1343 4 13
258 1785 29 2
259 1228 6 9
259 1269 3 4
259 1350 9 12
259 1353 3 3
259 1561 43 13
259 1679 46 10
260 356 16 3
260 723 56 4
260 857 56 14
260 889 8 11
260 984 8 7
260 1075 6 4
260 1327 16 5
260 1697 3 7
261 398 8 3
261 582 23 11
261 728 36 7
261 737 11 3
261 829 35 14
261 1063 11 6
261 1147 26 9
262 497 48 5
262 533 41 4
262 589 43 1
262 884 30 9
263 539 14 8
263 759 35 6
263 794 40 7
263 1203 57 3
263 1320 21 2
263 1488 1 3
263 1500 54 11
264 1041 23 1
264 1215 41 9
264 1571 46 9
265 286 47 8
265 689 42 8
266 1466 10 7
267 443 40 1
267 1231 43 3
267 1323 36 1
267 1544 8 13
268 310 19 10
268 489 14 7
268 585 25 10
268 801 32 4
268 1078 13 10
268 1642 9 4
268 1658 15 14
269 370 13 6
269 399 34 7
269 423 47 1
269 512 40 10
269 792 48 15
269 821 45 12
269 1091 60 14
269 1445 43 14
269 1537 39 9
270 579 23 5
270 612 58 5
270 933 30 4
270 1534 32 13
271 314 29 5
271 467 39 1
271 636 29 6
271 700 38 10
271 1287 46 14
271 1414 1 4
271 1634 42 11
272 457 57 6
272 1697 58 11
273 879 17 7
273 913 9 13
273 1070 45 15
273 1297 5 4
273 1317 39 10
273 1420 49 8
274 453 37 5
274 831 11 7
274 936 21 1
274 1052 30 5
274 1111 21 7
274 1753 52 1
275 761 42 12
275 873 56 8
275 1037 35 15
275 1240 59 11
275 1636 12 13
275 1721 18 2
275 1768 21 6
276 1111 4 2
276 1331 1 1
277 429 17 12
277 462 38 4
277 612 22 10
277 1302 20 7
278 284 13 2
278 542 48 14
278 734 41 1
278 799 22 15
278 950 40 15
278 1117 40 8
279 338 29 13
279 950 47 3
279 1649 46 4
279 1692 30 3
280 572 21 8
281 473 2 4
281 679 17 6
281 702 4 15
281 862 28 7
281 865 44 3
281 909 24 12
281 920 36 3
281 1501 60 12
281 1610 33 11
282 307 55 10
282 533 17 1
282 876 35 14
282 930 34 11
282 1421 36 15
282 1457 56 8
282 1515 47 2
282 1617 45 7
282 1619 45 15
283 536 29 5
283 899 18 9
283 1172 33 6
283 1252 36 8
283 1704 6 13
284 673 5 3
284 759 44 2
284 1458 57 5
285 384 39 13
285 978 21 2
286 315 55 11
286 842 18 9
286 1055 48 15
286 1379 32 6
286 1517 42 9
286 1604 33 5
287 313 40 6
287 455 50 15
287 782 16 1
287 1076 38 5
287 1389 19 1
287 1467 5 5
288 300 51 12
288 906 26 1
288 1392 17 7
288 1582 6 4
288 1785 28 14
289 1702 5 4
290 409 21 6
290 657 51 15
290 754 47 7
290 948 47 3
290 1058 51 6
290 1175 11 9
291 1513 32 13
291 1515 51 10
291 1737 7 15
292 655 3 9
292 709 27 5
292 812 49 2
292 1031 19 2
292 1295 12 3
292 1614 9 10
293 659 10 9
293 669 32 4
293 790 40 13
293 1232 41 3
293 1293 41 6
293 1716 56 10
294 429 18 9
294 898 49 1
294 1256 20 1
294 1642 12 2
294 1715 26 14
295 402 14 4
295 441 58 10
295 730 24 15
295 1026 29 11
295 1765 39 12
296 1228 27 9
296 1425 47 5
296 1633 17 11
296 1812 51 1
296 1823 31 15
297 546 27 14
297 1068 29 10
297 1276 1 5
297 1456 9 1
298 310 30 1
298 360 29 12
298 1523 19 11
299 532 21 14
299 588 24 11
299 630 57 5
299 758 49 2
299 1021 46 6
299 1217 44 9
299 1712 40 1
299 1791 55 3
299 1815 26 10
300 889 32 10
300 1195 45 13
300 1738 23 15
301 328 48 6
301 368 7 4
301 836 23 14
301 1181 55 5
301 1788 30 13
302 440 46 4
302 497 22 6
302 960 60 15
302 1170 46 3
302 1327 20 1
302 1487 2 14
303 355 24 7
303 547 38 4
303 822 15 10
303 993 5 5
303 1007 1 12
303 1141 51 13
304 335 28 13
304 470 3 4
304 665 35 6
304 803 16 5
304 1037 45 5
304 1521 60 15
304 1532 53 9
305 429 42 15
305 447 16 3
305 562 8 4
305 1156 23 11
306 422 50 5
306 743 13 5
306 847 34 5
306 1212 56 15
306 1261 30 15
306 1331 18 11
307 1207 59 8
307 1286 31 13
307 1316 55 8
307 1404 47 15
307 1744 7 7
308 1470 42 5
309 627 55 4
309 671 5 4
309 829 23 15
309 1122 51 10
309 1276 51 9
309 1694 35 3
309 1715 34 4
309 1726 12 6
310 671 25 6
310 678 41 4
310 739 26 5
310 1156 60 5
310 1164 17 2
310 1193 54 8
310 1581 28 5
310 1813 60 10
311 665 58 6
311 1067 24 10
311 1433 2 14
311 1481 18 8
311 1519 37 5
311 1576 16 7
312 796 6 13
312 845 53 13
312 868 56 15
312 1087 34 14
312 1097 33 11
312 1583 58 7
312 1590 43 13
313 877 48 9
313 941 1 14
313 969 34 13
313 1265 12 1
313 1834 33 15
314 1160 20 8
314 1770 38 15
315 796 14 15
315 1312 55 15
315 1566 35 1
316 685 24 14
316 872 33 6
316 1078 44 12
316 1568 26 5
316 1667 51 12
317 493 26 13
317 772 27 12
317 1054 45 3
317 1073 4 5
317 1259 21 9
317 1288 40 1
317 1446 43 7
317 1776 20 7
317 1830 12 6
318 468 3 7
318 1277 20 13
318 1364 7 8
318 1416 33 10
319 427 27 9
319 594 21 8
319 736 51 2
319 759 41 13
319 951 40 5
319 992 55 15
319 1022 36 2
319 1023 43 8
319 1157 38 3
319 1610 12 14
319 1726 49 15
319 1799 31 4
320 361 56 14
320 564 26 6
320 747 23 6
320 1604 57 7
321 329 53 10
321 394 40 9
321 627 53 9
321 812 20 14
321 1001 53 2
321 1025 40 9
321 1140 24 12
321 1145 19 3
321 1211 44 8
321 1440 53 3
322 778 25 10
322 1161 8 11
322 1409 20 5
322 1441 4 15
322 1504 20 6
322 1520 22 11
322 1713 16 12
322 1789 2 13
323 455 19 12
323 1085 33 2
323 1193 45 9
323 1557 5 11
323 1795 53 5
324 417 47 11
324 711 34 6
324 1233 18 9
324 1626 9 5
325 578 58 8
325 637 39 15
325 653 24 13
325 694 12 2
325 748 38 9
325 891 26 7
325 927 16 8
325 967 57 9
325 1022 38 1
325 1035 1 15
325 1215 56 5
325 1216 21 13
325 1245 29 9
326 576 51 8
326 870 2 2
326 1060 5 3
326 1076 57 14
326 1186 53 12
326 1742 41 8
326 1745 29 11
326 1791 59 1
327 545 11 8
327 829 45 6
327 1022 55 10
327 1344 39 13
327 1460 25 2
327 1776 51 10
328 990 26 11
328 1164 47 4
328 1412 17 1
329 924 8 13
329 1462 17 3
329 1649 19 9
330 527 29 1
330 739 58 14
330 902 44 9
330 1015 56 15
330 1302 36 4
330 1440 6 3
330 1743 50 12
331 349 12 6
331 591 17 5
331 986 53 8
331 1043 19 9
331 1162 3 15
331 1672 9 2
331 1819 60 3
332 1374 36 9
332 1546 31 3
332 1617 30 1
333 438 25 8
333 600 15 8
333 718 36 12
333 888 18 11
333 1164 32 11
333 1268 9 13
333 1327 59 6
333 1746 28 2
333 1799 7 7
333 1825 12 10
334 436 49 4
334 473 24 5
334 522 36 5
334 1601 43 11
334 1606 39 3
335 513 30 6
335 539 32 8
335 693 57 6
335 837 11 11
335 1017 40 6
335 1496 6 6
336 378 59 5
336 1021 49 5
336 1555 39 6
336 1692 9 11
337 390 50 4
337 984 42 6
337 1447 2 11
337 1528 18 8
338 601 23 8
338 694 10 5
338 703 4 10
338 846 30 2
338 1047 50 2
338 1118 10 7
338 1417 27 9
338 1648 45 1
338 1694 35 10
339 522 58 4
339 1376 9 8
339 1466 56 15
339 1724 17 3
340 688 41 13
340 791 30 9
340 820 57 8
340 859 27 8
340 1110 60 2
340 1159 32 11
340 1780 11 15
341 492 51 13
341 679 47 15
341 1340 31 5
341 1433 26 1
341 1573 28 9
341 1583 17 15
342 573 54 15
342 839 43 4
342 1511 29 2
343 490 6 1
343 661 14 3
343 768 55 2
343 889 6 15
343 1277 33 8
343 1279 50 9
343 1407 4 1
343 1544 27 10
343 1545 14 10
343 1804 16 14
344 393 30 2
344 930 1 9
344 1378 38 5
344 1682 2 3
345 366 4 9
345 408 53 13
345 598 36 12
345 786 53 3
345 1106 10 7
345 1108 55 10
345 1167 47 8
345 1292 47 15
345 1410 13 9
346 424 33 4
346 940 20 7
346 1532 33 1
347 820 6 1
347 953 11 1
347 1521 14 10
349 513 22 12
349 1101 25 8
349 1214 51 10
349 1292 8 5
349 1402 32 8
349 1507 26 1
350 750 46 2
350 887 56 7
350 1066 55 12
350 1169 51 4
350 1176 32 9
350 1237 6 14
350 1276 10 13
350 1322 12 8
350 1637 56 6
351 914 20 5
351 1295 39 9
352 1409 29 9
352 1564 25 2
352 1834 29 4
353 1143 3 1
353 1415 50 6
353 1794 47 4
354 472 38 6
354 547 39 9
354 700 54 9
354 880 43 1
354 917 32 15
354 974 49 8
354 1134 17 10
354 1503 20 8
354 1753 22 11
355 358 47 9
355 603 55 1
355 1680 59 3
355 1713 3 13
355 1717 51 2
355 1822 43 12
356 428 29 2
356 588 46 6
356 706 52 7
356 757 7 4
356 761 16 13
356 827 46 4
357 503 34 13
357 658 17 10
357 1197 16 3
357 1444 53 4
358 1104 53 11
358 1185 38 7
358 1374 32 9
358 1485 38 1
358 1517 8 6
358 1633 51 11
359 662 13 12
359 667 12 8
359 781 38 2
359 1186 46 3
359 1672 7 11
359 1709 37 11
359 1737 27 4
360 401 10 7
360 431 46 13
360 478 9 10
360 587 22 9
360 908 23 15
360 1399 44 7
360 1501 8 6
360 1569 55 13
361 527 39 8
361 1053 26 11
361 1219 9 9
362 558 53 12
362 965 5 7
362 1169 1 2
362 1487 20 5
363 673 15 10
363 717 53 11
363 799 30 15
364 396 17 7
364 1718 5 6
364 1742 56 15
364 1785 30 8
365 395 23 7
365 1206 24 12
365 1624 20 5
366 698 42 6
366 979 45 14
366 1238 7 5
366 1307 1 15
367 377 38 7
367 545 43 15
367 671 58 7
367 981 38 8
367 1711 30 11
368 502 2 14
368 539 42 15
368 949 24 6
368 1092 24 6
369 687 29 13
369 1685 2 3
370 375 36 5
370 433 43 15
370 791 34 14
370 937 4 2
370 994 12 10
370 1190 17 15
370 1234 7 11
370 1392 22 10
370 1591 38 13
371 741 5 2
371 859 40 9
371 907 8 6
371 940 55 2
371 1220 15 2
372 932 15 8
372 991 26 1
372 1052 3 8
372 1116 38 9
372 1220 42 11
373 679 9 4
373 917 5 14
373 1040 55 8
373 1520 22 9
374 426 52 5
374 593 59 13
374 1151 17 4
374 1474 30 10
374 1497 34 11
374 1773 13 9
374 1800 29 11
376 780 47 4
376 816 33 7
376 822 12 12
376 899 3 4
377 550 18 3
377 1596 45 12
377 1784 42 2
378 401 41 7
378 790 5 11
378 1573 38 11
379 533 56 2
379 631 58 8
379 934 46 7
379 1122 42 6
379 1444 16 10
379 1542 19 11
379 1715 1 5
380 415 7 8
380 890 11 1
380 1040 47 4
380 1571 56 3
380 1820 19 4
381 653 46 6
381 1063 23 4
381 1212 51 1
381 1558 19 9
381 1665 37 10
381 1766 30 11
382 566 11 13
382 992 25 12
382 1540 38 14
382 1577 14 5
384 399 5 2
384 1347 35 2
384 1494 54 5
384 1627 37 7
385 502 2 1
385 571 58 13
385 997 42 12
385 1147 40 6
385 1261 13 8
386 585 10 3
386 671 7 2
386 698 20 9
386 746 58 9
386 995 35 6
386 1167 33 3
386 1382 46 5
387 862 48 2
387 1456 8 4
387 1541 16 11
388 429 44 5
388 855 39 6
388 1635 26 8
389 1078 57 7
389 1383 9 2
390 668 39 11
390 867 2 13
390 1172 12 10
390 1556 4 1
391 432 53 1
391 539 45 4
391 573 17 14
391 889 59 7
391 903 46 8
391 947 50 2
391 1241 52 4
392 684 55 10
392 1669 38 15
392 1687 21 11
392 1800 28 15
393 585 42 1
393 894 58 15
393 1031 56 2
393 1293 55 9
394 874 10 15
394 880 3 11
394 1511 49 15
394 1570 1 1
395 471 22 11
395 498 39 5
395 733 9 6
395 840 35 1
395 933 9 1
395 1051 7 11
395 1084 59 6
395 1780 53 1
395 1811 2 10
396 488 58 7
396 646 3 13
396 1271 36 12
396 1542 57 12
396 1619 57 13
396 1819 32 4
397 1453 19 3
397 1594 48 6
397 1798 37 5
398 576 2 5
398 905 54 10
398 1126 18 14
398 1213 8 4
398 1373 59 5
398 1599 24 14
399 508 11 13
399 571 36 3
399 809 27 13
399 1003 37 13
399 1455 1 8
400 676 53 9
400 787 42 8
400 920 41 6
400 993 59 13
400 1575 15 6
400 1657 14 13
400 1687 2 10
401 488 42 15
401 753 24 7
401 818 7 1
401 1351 27 10
401 1608 41 10
401 1685 59 5
402 459 2 5
402 715 49 4
402 717 43 13
402 749 4 1
402 818 45 5
402 1031 57 9
402 1197 49 2
402 1686 58 10
403 505 10 3
403 1260 19 4
403 1407 6 7
403 1581 20 8
404 1304 46 10
405 808 36 2
405 894 44 1
405 925 23 13
405 1267 31 14
405 1287 42 5
405 1779 2 5
406 731 1 14
406 906 21 7
406 1016 34 14
406 1762 13 2
407 1366 30 4
407 1729 11 13
408 536 38 11
408 814 27 6
408 953 20 10
408 1174 60 13
408 1321 60 14
408 1709 9 11
408 1823 5 15
409 445 7 3
409 645 38 14
409 666 14 14
409 1464 40 9
409 1689 50 4
410 654 51 15
410 1700 58 4
411 626 18 6
412 739 58 8
412 866 23 15
412 1042 12 1
413 743 35 11
413 759 36 1
413 1319 5 7
413 1331 54 9
413 1412 29 15
413 1587 43 11
413 1600 10 13
414 507 29 13
414 567 33 6
414 769 41 9
414 1147 33 2
414 1314 29 2
414 1392 10 6
414 1764 58 5
415 843 24 4
415 1237 27 15
415 1582 2 9
416 1106 2 14
417 651 59 6
417 691 37 2
417 701 58 13
417 958 23 11
418 1204 30 12
418 1315 24 2
418 1479 30 11
418 1595 51 2
418 1597 59 12
418 1787 41 3
419 1079 24 4
419 1128 5 3
419 1323 47 8
419 1487 16 4
420 636 8 10
420 676 47 4
420 846 18 15
420 872 47 7
420 976 29 1
420 987 12 13
420 1377 2 8
421 436 12 10
421 581 51 8
421 1203 59 2
421 1336 35 2
421 1554 52 10
422 500 27 10
422 600 29 12
422 625 25 10
422 1064 34 14
422 1714 17 8
423 713 15 3
423 790 55 6
423 977 12 5
423 1271 10 8
423 1326 8 15
423 1468 47 8
423 1650 17 13
423 1751 58 8
423 1819 18 7
424 532 54 8
424 907 21 10
424 928 60 15
424 1563 20 7
424 1732 43 14
425 460 28 1
425 493 14 14
425 706 48 1
425 1079 11 1
425 1410 59 6
425 1470 35 9
426 740 26 15
426 808 38 5
426 1640 39 7
427 737 59 14
427 837 34 7
428 776 9 5
428 1243 24 6
429 549 12 15
429 811 14 14
429 1020 59 13
429 1154 31 2
430 1779 6 4
430 1830 35 5
431 507 50 2
431 831 9 6
431 1059 40 3
431 1153 34 10
431 1260 35 7
431 1549 55 3
432 823 45 14
432 949 60 10
432 999 57 12
432 1018 22 4
433 631 58 1
433 914 6 13
433 1153 54 2
433 1639 15 15
434 985 17 7
434 1097 50 2
434 1206 26 9
435 469 38 7
435 1557 43 14
435 1591 54 6
436 769 53 12
436 1566 19 10
437 464 7 7
437 819 48 10
437 953 1 14
437 1062 49 9
437 1138 27 1
437 1165 44 8
437 1193 54 9
437 1388 41 8
437 1482 35 7
437 1821 48 10
438 447 30 5
438 451 14 8
438 591 19 13
438 619 53 15
438 781 9 6
438 1466 53 7
438 1744 13 15
438 1794 9 9
439 1276 18 10
439 1344 43 14
440 833 28 1
440 863 35 10
440 1106 7 8
440 1611 26 5
441 525 23 7
441 950 44 2
441 1496 11 5
441 1591 57 6
441 1815 9 10
442 514 60 8
442 700 49 9
442 1184 57 2
443 528 38 5
443 560 15 1
443 1148 57 10
444 519 46 13
444 1019 17 7
444 1192 33 14
444 1343 18 11
444 1430 26 9
444 1512 7 14
444 1659 59 1
445 460 4 14
445 469 55 3
445 574 26 7
445 1047 31 6
445 1268 52 10
446 956 25 10
446 1016 44 14
446 1264 22 7
446 1588 3 5
447 576 60 9
447 1013 53 11
447 1668 34 3
448 1305 1 2
448 1506 32 6
448 1641 45 6
449 658 30 9
449 855 54 12
449 997 50 2
449 1169 10 4
449 1316 33 7
449 1595 19 13
450 556 29 14
450 1722 28 9
451 766 38 3
451 938 35 8
451 1354 16 10
451 1716 5 11
452 518 52 10
452 664 1 15
452 1528 2 11
452 1775 37 6
453 480 45 9
453 706 22 9
453 756 24 4
453 1028 35 1
453 1254 57 12
453 1346 32 14
454 628 60 5
454 1457 32 12
455 1329 21 3
455 1687 43 3
456 1015 35 3
456 1834 48 1
457 911 57 14
457 1354 42 9
457 1660 45 10
458 525 27 7
458 755 5 7
458 767 27 3
458 846 32 7
458 1228 46 8
458 1256 36 13
459 517 58 11
459 622 6 15
459 726 16 12
459 1149 47 4
460 945 17 6
461 828 18 5
461 1482 57 10
462 635 56 2
462 716 44 1
462 843 47 15
462 973 37 3
462 997 7 7
462 1068 56 5
462 1554 14 10
462 1597 26 8
463 490 22 15
463 812 20 5
463 833 39 4
463 844 54 4
463 1712 32 8
463 1716 9 12
464 596 2 9
464 937 54 7
464 1051 48 5
464 1255 46 6
464 1502 43 13
464 1638 34 3
464 1742 55 1
465 565 8 2
465 954 48 7
465 1507 47 10
465 1565 28 10
465 1607 11 4
465 1697 49 5
466 477 17 4
466 515 15 13
466 832 51 8
466 1322 53 8
466 1579 11 1
466 1584 9 11
466 1694 8 8
466 1719 54 13
467 1385 9 4
467 1817 38 13
468 933 7 13
468 946 55 7
468 994 29 8
468 1061 50 14
468 1337 18 15
468 1459 19 4
468 1534 1 8
469 478 29 6
469 860 7 14
469 1326 13 13
469 1339 23 11
469 1453 33 3
469 1484 60 4
470 568 37 6
470 606 56 9
470 766 38 7
470 812 52 6
471 1219 28 6
472 848 32 15
472 1151 55 10
472 1375 55 12
472 1439 4 4
472 1803 58 4
474 697 13 6
474 738 58 7
474 846 42 2
474 957 20 2
474 1085 8 12
474 1176 52 3
474 1822 18 14
475 607 37 13
475 1076 51 2
475 1434 49 15
476 492 21 14
476 535 18 10
476 1293 32 1
476 1415 34 13
476 1663 51 12
476 1828 52 8
477 875 53 11
477 1024 8 10
477 1053 4 6
477 1518 50 7
477 1671 15 14
478 514 42 5
478 563 10 8
478 1051 17 9
478 1214 39 11
478 1342 30 12
478 1430 57 6
478 1500 23 3
479 483 36 14
479 1377 42 9
480 552 39 1
480 889 1 4
480 1058 56 1
480 1203 19 11
480 1402 6 11
480 1493 45 14
480 1661 34 5
480 1748 51 5
481 694 9 7
481 891 57 9
481 1364 14 13
482 874 38 13
482 990 58 6
482 1643 2 15
483 1624 44 12
484 1681 36 14
485 794 23 3
485 1174 60 15
485 1205 44 6
485 1381 35 8
486 650 18 6
486 731 8 8
486 773 44 5
486 812 7 11
486 1041 34 8
486 1583 26 5
486 1824 11 8
487 932 40 10
487 1356 54 3
487 1563 21 14
487 1797 3 12
488 591 56 15
488 781 17 6
488 1157 44 14
488 1278 51 2
488 1524 44 6
488 1595 28 15
489 770 45 8
489 969 17 2
489 1109 32 12
490 601 47 6
490 617 15 7
490 685 21 6
490 737 42 12
490 773 38 12
490 1114 45 11
490 1239 41 11
490 1278 31 2
490 1398 22 1
490 1426 4 14
490 1492 56 8
491 628 14 2
491 1279 21 12
491 1334 11 1
491 1580 10 1
492 741 25 4
492 929 11 8
492 1160 19 5
492 1370 51 2
492 1463 5 1
492 1545 19 12
493 588 41 13
493 677 18 6
493 830 15 10
493 872 39 12
493 905 30 10
493 1174 60 10
493 1250 24 11
494 796 13 1
494 820 52 1
494 1099 54 5
494 1588 42 1
495 1721 17 9
496 625 39 5
496 864 58 13
496 1013 25 5
496 1183 26 13
496 1416 40 8
497 545 17 6
497 1017 33 5
497 1348 30 2
498 974 13 4
498 1341 32 9
498 1593 40 14
498 1637 23 4
499 915 27 9
499 950 54 4
499 1305 17 8
499 1729 47 14
500 504 36 1
500 633 11 8
500 916 49 14
500 1303 8 6
501 943 10 2
502 530 14 9
502 588 32 2
502 902 32 1
502 904 14 12
502 1058 34 10
502 1069 21 6
502 1478 1 7
502 1521 50 5
503 579 47 10
503 704 20 5
503 1015 45 13
503 1405 46 6
503 1430 52 15
504 1272 57 5
504 1432 28 8
505 578 37 4
505 582 44 9
505 917 39 10
505 1029 13 13
505 1430 46 13
505 1492 48 15
506 928 28 7
506 1293 13 15
506 1813 58 9
507 669 4 3
507 671 7 6
507 995 34 14
507 1046 8 3
507 1158 54 12
507 1335 29 5
507 1774 29 8
508 1014 52 8
508 1191 16 10
509 685 13 8
509 782 44 14
509 819 22 9
509 1083 15 3
509 1450 14 11
509 1455 8 7
510 1177 17 5
510 1201 8 10
510 1296 16 9
510 1350 40 4
511 527 25 15
511 788 59 3
511 1082 34 7
511 1210 58 10
511 1243 42 2
511 1574 52 8
512 1111 58 9
512 1200 20 7
512 1757 39 5
513 584 50 14
513 830 20 10
513 1469 47 3
513 1568 4 5
513 1610 32 13
514 879 58 7
514 1017 53 2
514 1371 15 1
514 1440 7 1
515 662 28 15
515 703 33 11
515 820 6 13
515 1214 31 13
515 1628 48 10
515 1639 58 5
515 1688 30 11
516 690 31 3
516 697 24 2
516 1703 60 6
517 584 4 9
517 1025 43 14
517 1238 29 5
517 1597 31 14
517 1633 31 15
518 780 20 14
518 1049 8 10
518 1066 53 14
518 1075 16 2
518 1134 38 7
518 1428 40 14
519 1147 36 6
519 1463 47 4
519 1586 28 2
520 707 60 5
520 1502 28 3
520 1833 5 1
521 1114 1 10
521 1138 27 15
521 1509 54 8
521 1707 52 14
522 600 47 8
523 1327 13 15
523 1392 30 13
523 1510 41 1
524 548 57 4
524 576 34 10
524 1809 17 6
525 680 6 14
525 1101 2 5
525 1103 58 6
525 1678 3 15
526 542 2 13
526 831 57 4
526 926 29 6
526 1056 42 3
526 1136 37 7
526 1294 51 8
526 1317 10 13
526 1663 5 15
527 1349 30 8
528 646 7 1
528 896 46 3
528 971 20 13
528 1532 33 8
528 1611 22 9
529 607 47 1
529 909 21 5
529 1255 28 14
529 1530 7 9
529 1611 53 8
529 1651 14 7
530 1072 19 10
530 1096 3 8
530 1419 42 9
530 1750 31 2
530 1758 13 5
531 725 60 6
531 849 30 9
531 964 8 15
531 1359 50 14
531 1396 33 8
531 1785 5 9
532 648 5 7
532 826 39 15
533 1183 7 1
533 1225 39 6
533 1346 4 14
533 1648 24 13
533 1671 47 2
533 1683 34 6
534 1221 4 6
534 1262 17 5
534 1313 36 5
534 1456 6 14
534 1483 55 10
534 1658 56 10
535 913 58 2
535 1118 36 3
535 1315 41 7
535 1683 38 5
536 1285 10 3
537 907 6 13
537 1556 22 6
537 1574 33 1
538 647 32 15
538 1120 22 8
538 1475 37 15
538 1476 46 3
538 1791 36 4
539 939 47 1
539 969 14 10
539 1331 26 2
539 1443 43 10
539 1496 57 4
539 1725 55 15
540 553 3 8
540 646 36 3
540 685 14 13
540 1135 39 7
541 781 23 6
541 796 37 11
542 568 30 3
542 645 48 4
542 707 4 1
542 958 17 1
542 1182 46 14
542 1517 50 7
543 1019 58 12
543 1202 35 2
544 779 34 13
545 591 4 13
545 1251 24 1
545 1775 31 7
545 1804 19 10
546 910 36 7
546 1187 25 3
546 1461 52 3
546 1528 59 9
547 569 25 12
547 577 25 10
547 602 17 11
547 683 40 10
547 1092 40 1
547 1437 37 8
547 1469 45 3
547 1654 42 15
547 1699 45 10
548 1073 13 7
548 1651 29 2
548 1818 46 3
549 824 3 8
549 1790 13 1
550 1433 44 2
551 1347 20 14
551 1575 45 5
551 1782 41 1
551 1810 30 4
552 587 22 4
552 807 44 4
552 810 32 11
552 1269 39 8
552 1603 28 5
553 1315 36 7
554 1426 51 12
554 1763 46 4
554 1817 22 1
555 1036 8 14
555 1143 19 10
556 672 13 14
556 993 12 4
556 1213 10 4
557 735 4 3
557 1092 49 9
557 1220 21 10
557 1282 60 7
557 1353 27 15
557 1617 36 14
558 592 46 6
558 991 24 13
558 1099 47 14
558 1173 44 7
558 1525 12 7
558 1667 3 14
558 1699 56 15
559 727 58 11
559 1252 51 4
559 1726 54 15
559 1748 19 10
559 1797 43 12
560 918 42 11
560 1167 39 2
560 1264 10 4
560 1286 50 14
561 593 44 14
561 637 59 7
561 689 42 3
561 863 54 10
561 932 30 8
561 1104 21 13
561 1130 3 8
561 1147 32 1
561 1350 23 10
561 1737 51 2
561 1809 41 11
562 581 46 3
562 687 33 7
562 1084 1 14
563 664 18 8
563 975 58 4
563 1009 37 3
563 1216 21 4
563 1301 50 6
563 1765 18 8
564 598 15 9
564 1177 40 4
564 1241 1 1
565 1384 35 2
565 1823 25 15
566 628 52 4
566 728 9 11
566 1100 19 10
566 1419 19 4
566 1626 10 4
566 1628 19 4
567 711 45 12
567 747 19 12
567 1055 6 4
567 1098 13 2
567 1117 9 9
567 1265 33 12
567 1573 51 8
567 1659 2 9
567 1743 37 11
568 827 9 4
568 876 29 1
568 987 47 12
568 1220 50 4
569 1376 20 3
569 1482 52 14
569 1499 14 7
570 593 60 14
570 741 3 1
570 795 29 3
570 967 17 13
570 1081 50 4
570 1181 48 6
570 1436 36 8
571 768 18 6
571 875 20 6
571 964 32 10
571 1437 43 2
571 1549 4 14
571 1556 34 15
572 712 23 1
572 794 47 5
572 1295 4 6
572 1512 32 4
572 1644 34 6
573 1512 25 9
574 835 19 8
574 1349 30 11
574 1644 44 7
575 710 15 9
575 902 19 9
575 1313 26 6
575 1745 7 3
576 707 41 15
576 811 36 8
576 1200 7 8
576 1448 2 3
577 679 43 13
577 719 22 2
577 1325 19 13
577 1734 10 5
578 820 51 15
578 1182 24 5
579 746 18 3
579 920 55 5
579 1124 34 12
579 1138 60 14
579 1217 35 8
579 1600 59 9
580 635 20 9
580 945 43 6
580 1522 54 11
580 1813 29 12
581 743 21 14
581 1470 11 3
581 1482 37 15
582 648 53 14
582 706 23 10
582 1025 27 3
582 1467 29 4
583 856 30 13
583 1004 17 10
583 1483 23 13
583 1705 28 5
584 1110 20 14
584 1383 19 3
584 1492 35 1
584 1528 44 13
585 929 15 8
585 1615 4 3
586 652 42 7
586 1152 13 8
586 1406 54 10
586 1500 24 12
586 1512 39 4
586 1720 27 15
587 945 7 9
587 950 27 15
587 1066 15 11
587 1736 57 3
588 1026 45 5
588 1421 25 13
588 1442 60 15
588 1712 46 11
589 679 58 12
589 1681 13 12
589 1688 40 13
589 1817 31 14
590 1114 37 5
591 1299 55 5
591 1360 31 15
591 1596 26 12
592 1041 20 15
592 1546 24 7
593 978 30 13
593 1631 47 4
594 1199 21 1
594 1201 5 11
594 1361 7 6
594 1646 8 7
595 860 54 7
595 1192 56 4
595 1509 12 13
595 1787 51 9
596 719 59 2
596 930 30 9
596 1231 33 12
596 1612 33 14
596 1693 34 14
596 1718 27 2
597 776 3 6
597 902 16 4
597 968 16 1
597 1088 17 4
597 1425 20 9
597 1595 1 14
597 1826 25 1
598 750 28 8
598 753 16 4
598 1167 56 6
598 1303 12 6
598 1615 51 11
599 990 59 2
599 1142 59 8
600 639 57 2
600 923 57 13
600 992 7 8
600 1125 45 2
600 1624 55 6
600 1707 42 13
601 904 22 9
601 1266 24 14
601 1681 8 2
602 902 20 12
602 1328 53 2
602 1472 35 10
602 1732 25 11
604 611 53 14
604 708 33 2
604 834 3 9
604 1598 23 5
604 1651 38 6
604 1784 3 10
605 991 30 8
605 1134 16 4
605 1568 37 10
606 608 14 1
606 742 31 3
606 766 34 9
606 903 41 14
606 987 23 8
606 1165 26 7
606 1414 18 13
606 1548 45 10
606 1710 24 4
607 1203 6 15
607 1496 3 13
607 1759 37 4
607 1780 19 12
608 899 7 1
608 977 59 6
608 1274 50 1
608 1446 44 9
609 1027 53 3
609 1096 49 8
609 1295 43 15
609 1666 20 2
610 968 52 2
610 1198 11 15
610 1255 26 15
611 1175 26 15
611 1387 49 12
612 904 14 11
612 1051 10 1
612 1065 13 1
612 1426 14 9
612 1531 51 3
612 1567 30 2
612 1754 27 13
613 922 2 9
613 1308 26 12
613 1593 19 3
613 1819 58 5
614 1533 28 6
614 1780 15 10
615 868 41 3
615 939 55 4
615 1327 30 12
615 1564 26 14
615 1650 21 6
615 1820 17 8
616 782 54 8
616 801 7 8
616 1459 25 9
616 1745 19 4
617 637 23 2
617 734 19 14
618 717 7 9
618 844 47 12
618 1315 11 15
618 1674 25 2
618 1812 32 1
619 1367 49 5
619 1465 15 13
619 1496 49 1
619 1603 41 7
620 721 17 10
620 995 23 15
620 1489 8 13
620 1639 29 12
621 783 49 14
621 1608 17 8
621 1698 18 2
621 1762 28 9
622 1369 26 6
623 626 40 15
623 733 30 9
623 1263 12 6
623 1527 38 15
623 1649 16 10
624 755 18 12
624 1022 19 2
624 1170 3 2
624 1491 12 4
625 673 34 6
625 710 23 1
625 753 57 14
625 1384 14 11
625 1711 42 2
626 722 36 2
626 963 40 1
627 1011 31 1
627 1510 42 6
628 950 41 8
628 971 25 2
629 951 18 1
629 1002 58 8
629 1559 55 12
629 1607 23 14
630 1106 51 9
630 1281 6 13
630 1789 42 1
631 972 43 2
631 1061 4 13
631 1077 45 11
631 1380 22 8
631 1418 26 8
631 1488 57 4
632 776 22 8
632 1035 31 14
632 1129 28 5
632 1630 11 5
632 1834 22 6
633 1347 44 14
633 1447 27 15
633 1537 47 5
634 668 60 4
634 1100 56 3
635 1302 41 9
635 1346 18 7
635 1396 45 3
635 1513 28 3
635 1554 16 3
635 1574 58 13
635 1717 18 15
636 771 46 9
636 927 54 15
636 936 11 7
636 1303 46 1
636 1508 58 11
636 1744 34 1
637 1078 20 11
637 1572 51 11
637 1573 58 1
638 689 24 5
638 863 44 11
638 927 40 8
639 954 42 4
639 1233 8 11
639 1373 56 15
639 1759 40 2
640 758 55 3
640 823 2 1
640 1021 49 14
640 1419 33 14
640 1675 27 9
640 1708 31 15
640 1822 50 14
641 980 41 3
642 1354 7 9
642 1455 56 2
642 1803 24 2
643 1117 17 7
643 1377 51 1
643 1630 46 6
644 828 14 11
644 1398 1 3
645 822 21 7
645 952 10 2
645 1188 41 15
645 1194 25 7
645 1529 51 3
645 1660 49 9
645 1815 53 2
646 1149 7 5
646 1783 24 7
646 1814 49 6
646 1831 37 8
647 804 12 12
647 1298 17 15
647 1323 34 12
647 1349 4 8
648 762 45 5
648 1044 16 4
648 1286 59 6
648 1375 9 7
648 1742 30 12
649 1256 36 3
649 1527 43 8
649 1600 51 3
649 1826 24 6
650 877 49 2
650 1260 44 13
651 680 60 10
651 826 52 5
651 1106 26 1
651 1107 36 10
651 1450 20 3
651 1625 54 6
651 1786 47 14
652 866 52 8
652 1036 60 10
652 1069 57 7
652 1077 39 8
652 1081 16 11
652 1123 22 10
652 1293 11 2
653 721 39 11
653 1288 41 15
653 1524 49 4
653 1753 41 12
654 1144 29 10
654 1224 41 1
654 1639 49 5
654 1767 22 9
655 834 1 14
655 1155 24 8
655 1789 47 14
655 1799 16 5
656 842 38 2
656 887 37 5
656 1066 18 5
656 1182 52 6
656 1360 16 14
656 1389 24 5
656 1393 6 6
656 1619 13 13
657 684 28 3
657 973 2 1
657 1040 27 11
657 1258 53 7
657 1265 50 9
657 1487 48 4
657 1536 11 9
658 1217 54 7
658 1745 25 3
659 723 49 13
659 770 55 1
659 786 52 10
659 795 32 9
659 1282 11 13
659 1564 35 3
660 1344 1 6
660 1553 49 1
660 1593 39 4
660 1691 38 4
660 1693 17 8
661 1345 47 14
662 815 57 1
662 864 52 12
662 1061 14 2
662 1323 9 11
662 1599 47 13
663 693 42 4
663 1096 17 13
663 1109 10 13
663 1234 47 6
663 1614 29 5
664 747 24 12
664 794 14 1
664 838 5 7
664 1513 4 8
664 1702 8 12
665 1317 3 10
665 1334 59 9
667 1088 13 6
667 1245 41 11
667 1784 14 15
668 781 54 8
668 896 16 1
668 952 38 13
668 970 2 13
668 1049 52 5
668 1125 3 11
668 1268 30 5
668 1428 14 3
668 1458 39 8
668 1502 44 6
669 890 35 3
669 1299 28 8
669 1353 21 11
669 1618 21 10
670 990 42 11
670 1421 34 10
670 1788 23 6
670 1809 12 4
671 907 10 2
671 1770 6 4
672 726 17 6
672 868 41 15
672 1478 56 5
672 1834 19 4
673 970 40 3
673 1054 16 6
673 1098 48 3
673 1457 55 10
673 1728 34 5
673 1786 25 11
674 719 18 9
674 808 4 5
674 1368 48 7
674 1572 28 5
675 725 13 12
675 1006 40 14
675 1107 8 4
675 1379 56 4
675 1654 59 7
676 884 16 7
676 1095 36 9
676 1097 32 15
676 1221 48 2
676 1359 5 8
676 1454 26 12
676 1731 39 15
677 1375 1 15
677 1414 39 10
677 1550 30 9
677 1722 50 1
678 969 21 1
678 1247 15 2
678 1354 58 6
679 755 17 6
679 991 57 3
679 1025 4 12
679 1036 58 10
680 995 18 3
680 1401 20 12
680 1618 24 2
681 736 22 13
681 916 57 6
681 922 45 10
681 1233 2 6
681 1398 43 7
681 1515 38 14
681 1530 15 11
682 984 36 10
682 1146 36 11
682 1283 28 9
682 1495 35 9
682 1535 22 8
682 1642 32 15
682 1657 20 2
683 1035 51 12
683 1423 27 8
684 940 58 8
684 1187 34 7
684 1289 20 6
684 1345 6 8
684 1355 21 14
684 1383 24 1
684 1776 51 11
685 1162 15 15
685 1238 3 9
685 1339 50 11
686 807 8 14
686 833 24 11
686 1271 18 12
686 1390 25 10
686 1473 47 4
686 1476 38 4
687 936 26 12
687 952 57 9
687 1144 3 14
687 1763 44 10
688 768 22 9
688 850 14 12
688 1298 19 4
689 1531 32 14
689 1624 37 7
689 1633 33 1
689 1683 52 5
689 1785 53 11
690 1119 10 4
690 1223 33 1
690 1225 40 4
690 1474 15 6
692 769 16 6
692 876 16 14
692 1173 12 14
692 1817 53 9
693 1475 10 9
693 1675 60 7
694 955 26 7
694 1594 37 9
694 1600 22 12
695 1450 2 11
695 1635 55 5
696 1206 39 8
696 1317 48 7
696 1327 8 6
697 852 3 4
697 945 48 13
697 1041 16 4
697 1335 25 15
697 1727 59 1
697 1767 42 7
698 704 4 6
698 809 20 15
698 1077 9 4
698 1419 58 4
698 1753 60 11
699 815 10 11
699 964 9 15
699 1070 30 8
699 1083 37 15
699 1087 35 7
699 1462 60 12
699 1615 33 10
699 1725 11 2
699 1806 32 15
700 894 14 7
700 925 9 9
700 1184 43 1
700 1449 57 1
700 1692 42 2
701 766 7 13
701 905 26 11
701 1003 50 6
701 1196 33 7
701 1420 56 14
702 843 5 3
702 844 54 9
702 999 56 7
702 1036 30 5
702 1165 35 1
702 1283 11 12
704 890 57 9
704 1356 8 12
704 1536 7 4
705 753 41 12
705 885 52 15
705 992 44 9
705 1134 9 10
705 1187 56 15
705 1765 24 3
706 1172 24 10
706 1194 20 13
707 1836 17 7
708 890 10 11
708 1352 46 5
708 1678 56 3
709 836 56 6
709 1081 9 10
710 1058 10 13
710 1126 33 11
710 1565 3 10
711 1018 3 2
711 1192 59 2
711 1238 31 1
711 1671 31 2
712 860 2 10
713 884 1 8
713 1239 42 10
714 730 1 10
714 1204 44 8
714 1240 20 13
714 1681 40 13
715 1089 2 14
715 1328 18 6
715 1365 52 7
715 1458 8 2
715 1686 48 11
715 1696 28 12
716 789 58 4
716 1032 33 12
716 1051 49 8
716 1743 14 11
716 1814 25 5
717 1775 43 2
718 877 1 9
718 1116 3 13
718 1182 5 2
718 1350 36 14
718 1436 4 9
718 1622 56 10
719 902 44 3
719 1103 10 14
719 1232 6 5
719 1679 9 11
720 1442 49 12
720 1574 21 11
721 991 16 3
721 1624 7 9
722 838 29 3
722 1161 31 6
722 1213 60 4
722 1491 58 3
722 1744 38 1
723 858 9 11
723 957 33 6
723 1049 25 15
723 1248 55 15
724 1065 17 9
724 1496 6 12
724 1586 59 9
724 1620 29 9
725 1127 18 4
726 743 48 5
726 1422 33 12
727 1428 25 11
728 982 53 7
728 1033 2 15
728 1340 31 11
728 1664 28 3
728 1732 8 14
729 1752 20 11
730 799 10 4
730 959 15 15
730 991 4 9
730 1566 55 8
730 1730 22 6
731 1091 59 4
731 1823 58 1
732 874 23 9
732 1199 57 11
733 819 53 13
733 1365 3 14
734 1183 36 8
735 1503 10 15
735 1529 51 1
735 1565 40 13
736 770 13 4
736 1093 33 14
736 1105 5 6
736 1396 31 13
736 1661 51 13
736 1673 41 11
737 1240 20 2
739 827 47 14
739 925 7 12
739 1340 44 3
740 860 9 13
740 897 27 4
740 1480 50 8
741 1140 28 6
741 1246 6 13
741 1736 12 15
741 1787 20 14
742 926 49 13
742 1172 52 12
742 1429 35 10
742 1750 29 6
743 871 5 4
743 1026 48 6
743 1096 35 2
743 1176 52 8
744 1265 18 13
744 1371 3 14
744 1564 15 3
745 1092 6 14
745 1317 1 9
745 1347 7 8
745 1668 36 2
745 1808 45 1
746 1500 15 7
746 1604 47 14
747 1123 37 7
747 1284 46 5
747 1807 53 10
748 1070 8 14
748 1234 53 8
749 915 26 3
749 986 3 1
749 998 56 11
749 1005 18 12
749 1376 48 15
749 1672 49 3
750 943 24 15
750 997 9 2
750 1052 27 6
751 1441 23 10
751 1572 10 4
751 1727 14 1
752 868 35 6
752 1614 54 15
752 1704 30 15
753 1054 8 12
753 1615 59 7
754 1060 25 4
754 1173 36 3
754 1334 5 13
755 1094 27 7
755 1173 48 9
755 1387 9 12
755 1749 54 5
756 1686 22 3
757 779 25 8
757 837 53 3
757 1024 1 12
757 1259 16 3
758 1153 20 4
758 1156 54 8
758 1215 23 15
759 1160 35 9
760 1551 11 14
760 1597 10 13
760 1629 40 14
761 850 31 6
761 1298 29 6
761 1641 49 4
761 1787 21 8
762 1319 7 9
762 1357 38 10
762 1389 43 13
762 1600 40 8
762 1623 10 13
762 1675 20 2
762 1682 17 10
762 1829 18 12
763 927 50 3
763 1408 10 5
764 1218 23 15
764 1319 56 5
764 1609 18 8
764 1835 17 15
766 838 56 9
766 964 10 8
766 1112 8 12
766 1210 46 5
766 1292 41 11
766 1304 52 13
766 1346 18 14
766 1656 23 2
766 1826 50 1
767 823 9 8
767 983 16 8
767 1202 21 7
767 1362 42 15
768 828 8 1
768 889 2 10
768 1124 48 10
768 1459 55 10
768 1689 56 1
769 1093 37 8
770 1119 59 12
770 1139 29 10
770 1333 25 2
770 1400 22 2
770 1735 17 13
770 1749 21 8
771 974 49 12
771 1361 47 9
771 1810 55 2
772 925 8 7
772 1760 51 7
773 826 14 6
773 960 10 8
773 1021 45 14
773 1323 6 15
773 1592 57 7
773 1598 18 11
774 1455 8 8
774 1686 8 10
775 1163 54 15
775 1198 40 12
775 1242 13 3
776 803 34 8
776 844 2 6
776 926 56 4
776 1067 53 7
776 1387 30 6
776 1648 49 2
776 1784 24 15
777 1017 29 1
777 1652 25 15
778 802 44 12
778 905 3 10
778 941 18 8
778 1227 44 4
779 818 30 8
779 983 57 15
779 1016 45 9
779 1306 53 8
780 877 57 5
780 878 30 2
780 964 42 11
780 1647 37 5
780 1652 51 6
780 1663 27 1
780 1782 51 3
781 1357 14 8
781 1728 19 15
782 1519 57 4
782 1530 42 3
782 1545 30 9
782 1649 43 1
783 1120 13 3
783 1414 51 4
783 1682 8 14
783 1702 25 4
784 1057 20 7
785 853 26 15
785 885 19 7
785 1033 48 2
785 1253 35 1
785 1263 52 8
785 1315 50 13
785 1386 40 9
785 1746 18 13
785 1765 60 9
786 1535 10 5
786 1556 16 4
786 1668 56 11
786 1743 38 9
787 798 14 10
787 838 24 14
787 1311 52 6
787 1314 58 6
787 1669 6 9
788 1065 60 7
788 1119 23 10
788 1617 7 6
789 812 57 14
789 1416 11 8
789 1684 13 2
789 1775 28 10
790 913 23 14
790 1242 2 13
790 1271 40 10
790 1318 52 4
790 1384 55 14
791 1019 47 2
791 1150 46 7
791 1599 45 9
791 1619 9 12
791 1728 30 2
792 934 40 2
792 1246 49 7
792 1813 10 15
793 1042 18 13
793 1594 31 3
794 871 31 14
794 951 31 8
794 967 36 2
794 986 55 3
794 1275 53 13
794 1474 49 11
795 1024 24 10
795 1594 46 8
795 1691 24 3
795 1741 1 12
795 1762 54 11
795 1768 6 7
796 1062 7 14
796 1344 53 13
796 1439 43 15
796 1716 12 5
796 1778 25 7
797 868 20 6
797 1127 30 10
797 1137 20 1
797 1291 45 12
798 1357 60 3
798 1705 24 13
799 913 58 11
799 1358 39 3
799 1476 31 15
800 910 12 14
800 918 52 11
800 1103 58 9
800 1506 29 10
800 1684 13 9
800 1755 1 13
801 805 20 14
802 1047 55 12
802 1464 21 9
802 1803 51 10
803 842 17 1
803 899 28 12
803 1015 56 13
803 1352 21 1
803 1536 40 8
803 1722 18 11
804 1139 26 5
804 1677 15 14
805 1235 54 3
806 869 46 10
806 1370 46 8
806 1653 45 4
806 1734 43 6
807 1022 52 7
807 1062 31 10
807 1752 35 6
808 1107 8 3
808 1137 27 11
808 1269 20 4
808 1347 11 3
808 1833 4 13
809 1282 60 5
809 1405 18 3
809 1536 45 2
810 1002 24 15
811 1512 23 3
811 1718 4 11
812 821 2 11
812 1057 26 1
812 1502 28 11
813 1386 50 10
813 1476 12 4
813 1773 17 9
814 848 6 5
814 1490 19 1
814 1536 52 1
814 1718 19 15
815 992 40 11
815 1114 26 3
815 1123 57 8
815 1132 28 2
815 1201 24 5
815 1318 24 2
815 1450 47 11
815 1557 39 5
815 1811 38 5
816 1161 42 2
816 1331 28 9
816 1356 39 9
817 1042 42 1
817 1072 24 15
817 1193 15 1
817 1404 35 8
817 1437 27 1
817 1659 39 8
818 1005 12 11
818 1200 18 15
818 1206 24 13
818 1508 56 3
819 1067 15 4
820 996 38 3
820 1479 52 3
821 1202 10 10
821 1401 39 12
821 1623 32 12
821 1628 49 10
822 930 33 5
822 940 54 6
822 1050 41 15
822 1325 31 13
822 1544 4 14
823 855 28 3
823 1288 27 2
824 930 13 10
824 1038 35 4
824 1831 37 9
825 1288 48 7
825 1473 7 12
825 1574 16 13
825 1654 23 6
825 1771 44 8
825 1813 49 9
826 1111 21 3
826 1159 14 2
826 1818 23 13
827 882 55 3
827 1184 16 2
828 1326 7 12
828 1473 8 9
828 1499 6 13
829 1402 27 7
829 1757 41 11
830 1185 7 9
830 1558 40 12
830 1674 36 5
830 1682 60 2
830 1742 18 15
831 1114 20 10
832 1311 11 9
832 1400 51 11
832 1476 57 8
832 1494 9 5
832 1641 38 7
833 1487 24 9
833 1782 58 14
834 848 43 1
834 861 49 7
834 989 32 4
834 1123 16 14
834 1652 53 6
835 988 22 12
836 890 8 15
836 1080 29 13
836 1148 24 1
836 1773 7 6
837 1119 54 10
837 1246 5 3
837 1316 2 13
837 1403 46 12
838 1085 2 1
838 1143 57 11
838 1431 12 11
838 1686 51 9
839 1118 54 5
839 1547 52 10
839 1561 19 14
840 883 59 4
840 948 24 6
840 1635 32 11
841 1078 3 2
841 1180 16 3
841 1352 60 3
841 1588 11 8
841 1676 40 1
842 1058 20 5
842 1686 56 11
842 1831 51 15
843 1565 32 12
843 1735 5 2
844 1440 4 15
845 1255 31 15
845 1319 28 13
846 1089 29 6
846 1746 60 12
847 1104 12 8
847 1341 5 3
847 1764 32 13
848 1233 24 8
849 935 11 7
849 1237 47 9
849 1339 1 7
849 1557 3 4
850 885 42 12
850 1737 17 8
850 1761 14 15
851 1611 15 1
851 1638 47 6
852 1369 59 14
852 1432 12 7
852 1722 31 5
853 952 34 15
853 967 34 9
853 1198 42 1
853 1502 37 15
853 1535 26 2
854 900 38 14
854 1733 7 1
855 861 50 5
855 961 23 9
855 1438 14 7
856 985 16 12
857 1116 52 13
857 1166 36 13
857 1343 58 6
858 865 34 11
858 1070 45 1
858 1120 13 8
858 1151 21 6
858 1253 41 2
858 1672 51 14
859 981 17 13
859 995 17 2
859 1087 22 2
859 1518 59 13
860 956 45 4
860 1162 32 5
860 1374 49 4
860 1540 21 9
861 873 1 5
861 1620 30 4
861 1635 59 13
861 1644 1 3
862 1739 33 13
862 1820 52 2
863 1000 14 14
863 1116 17 8
863 1122 40 14
863 1277 48 10
863 1515 56 11
863 1669 22 9
863 1769 23 2
864 885 47 10
864 979 51 2
864 1062 54 15
864 1182 40 14
864 1530 40 3
864 1647 56 5
865 1060 19 8
865 1512 58 4
865 1521 41 3
865 1705 59 13
866 898 33 10
867 1672 54 5
867 1704 54 13
868 916 31 11
868 1347 4 14
868 1429 4 4
868 1435 2 13
868 1440 8 3
868 1637 2 14
868 1677 39 6
869 917 49 15
869 1001 41 9
869 1435 44 3
869 1653 1 10
870 1451 46 3
870 1474 39 6
870 1602 15 14
871 1284 9 3
871 1524 38 9
871 1683 3 15
872 1371 7 2
872 1749 9 15
872 1791 24 8
873 1044 6 6
873 1650 22 15
875 1211 55 8
875 1334 9 12
875 1644 55 11
875 1706 53 7
875 1819 1 15
875 1828 40 15
876 1135 36 13
876 1416 46 3
876 1821 23 14
877 957 9 4
877 1409 32 6
877 1452 44 3
877 1531 53 8
877 1651 12 6
877 1741 12 5
878 920 60 6
878 1016 49 14
878 1486 38 4
878 1640 18 11
879 1030 15 14
879 1052 12 4
879 1158 15 10
879 1341 13 9
879 1562 57 9
879 1626 22 15
879 1712 60 11
879 1747 44 11
880 1109 10 5
881 946 42 15
881 983 12 11
881 1336 49 8
881 1584 59 10
882 1130 45 7
882 1602 41 4
882 1711 36 13
882 1719 36 9
883 982 14 12
883 1391 59 5
883 1594 12 3
884 1409 8 12
884 1519 54 1
884 1613 19 15
884 1709 5 12
884 1789 5 13
885 1344 42 9
886 1007 33 14
886 1032 20 15
886 1050 26 14
887 1030 51 8
887 1388 34 7
887 1573 53 3
887 1670 56 13
888 1113 11 4
888 1254 38 9
889 1760 16 12
890 1439 45 14
891 1287 20 8
891 1311 4 5
891 1761 26 6
892 968 9 7
892 1617 47 3
892 1666 15 14
893 905 17 1
895 975 11 13
895 1697 56 7
895 1835 12 14
896 1048 27 7
896 1106 2 6
896 1218 50 3
896 1233 24 14
896 1258 31 13
896 1413 47 8
896 1429 55 11
896 1544 27 11
896 1588 3 13
897 927 19 10
897 1150 31 1
897 1459 17 1
897 1740 38 4
898 1193 20 9
898 1669 49 13
898 1683 15 14
898 1824 33 15
899 1286 50 14
899 1545 18 13
900 977 51 13
900 1244 5 5
901 1659 14 7
902 1643 42 12
903 1276 47 8
904 1237 54 4
904 1295 36 4
904 1372 41 5
906 1315 59 9
906 1530 60 14
907 1000 39 5
907 1052 53 4
907 1343 31 6
907 1419 15 7
908 1014 7 9
908 1087 25 3
908 1119 1 13
908 1424 24 6
908 1731 35 1
909 1433 1 11
910 1129 59 15
910 1169 23 4
910 1517 38 10
910 1722 39 11
910 1814 34 10
912 1059 30 5
912 1512 15 6
912 1551 40 3
913 954 18 11
913 1166 54 14
913 1698 19 7
913 1711 2 11
914 1233 17 11
914 1641 5 9
915 1058 29 7
915 1177 10 5
915 1244 19 5
915 1484 15 1
915 1511 24 6
916 1087 22 9
916 1183 7 6
916 1199 31 14
916 1229 18 7
916 1540 59 2
916 1557 26 13
917 1173 51 3
917 1366 58 1
917 1667 50 13
917 1804 59 10
918 1293 29 6
919 961 39 8
919 1218 17 3
919 1339 27 14
919 1387 49 12
919 1588 40 2
919 1694 55 11
920 994 38 5
920 1334 20 7
920 1560 52 13
921 1450 29 3
924 941 45 1
924 1296 51 9
924 1582 11 5
925 1807 22 13
926 1057 5 13
926 1474 42 3
926 1510 8 6
926 1808 10 1
927 1161 6 9
927 1186 2 9
928 1372 22 5
928 1431 57 15
928 1489 14 11
928 1702 22 12
928 1736 12 7
928 1757 34 14
928 1796 5 8
929 975 23 15
929 1007 19 7
929 1297 40 6
929 1301 55 14
929 1748 17 3
929 1831 27 5
930 1099 31 3
930 1125 51 10
930 1650 24 12
930 1702 24 10
930 1802 27 15
931 1453 47 12
931 1664 46 10
931 1688 52 4
933 1019 17 9
933 1278 26 14
934 1081 16 7
934 1722 48 7
936 1388 2 12
937 1201 5 9
937 1515 18 11
937 1822 23 14
938 1166 35 12
939 957 14 9
939 1052 32 5
939 1471 22 6
939 1485 15 12
939 1582 57 9
939 1641 22 10
939 1684 48 2
940 974 60 6
940 1091 50 13
940 1262 38 11
940 1634 10 3
940 1739 54 10
941 1252 30 9
941 1344 11 8
941 1365 40 1
941 1443 14 6
941 1708 4 13
941 1831 18 5
942 963 13 14
942 1541 53 2
943 991 37 8
943 1018 60 5
943 1056 11 15
943 1146 55 8
943 1156 49 4
943 1640 36 2
944 1016 18 14
944 1404 10 7
944 1644 22 5
945 1579 17 9
946 1508 37 3
946 1537 59 6
946 1575 44 2
947 1366 60 2
947 1568 58 4
948 1458 47 3
948 1725 13 9
949 1087 55 12
949 1481 17 11
950 1091 20 4
950 1699 25 11
950 1720 59 12
951 1374 57 6
953 1053 55 6
953 1210 1 10
953 1373 15 13
953 1455 2 15
953 1480 3 7
953 1672 11 9
953 1774 36 3
954 1380 25 10
955 1251 11 5
955 1324 6 14
955 1374 44 15
955 1376 24 12
955 1792 9 11
955 1829 12 8
956 1813 23 4
957 971 9 4
957 1687 54 10
957 1796 18 6
958 1190 7 14
958 1584 42 3
959 1471 52 10
959 1575 52 9
959 1587 2 2
960 1040 37 12
960 1084 48 4
960 1278 37 11
960 1281 3 2
960 1598 20 1
960 1774 18 14
960 1798 53 1
961 1377 49 10
961 1491 9 1
961 1515 22 6
961 1621 52 7
961 1733 24 10
962 1265 25 13
962 1600 3 4
963 1191 24 8
963 1284 31 8
963 1651 32 10
964 1073 57 2
964 1121 52 14
964 1168 60 15
964 1437 18 15
964 1484 4 9
964 1642 57 2
965 1246 13 12
965 1304 36 4
965 1629 1 7
966 1404 6 2
966 1438 5 12
966 1635 37 9
967 1034 30 1
968 1243 54 5
968 1431 26 12
968 1444 18 1
968 1596 13 8
969 1591 16 7
970 1277 45 14
970 1830 49 2
971 1500 60 10
971 1610 15 2
973 1318 37 14
973 1478 14 4
973 1822 26 13
974 1063 11 11
974 1168 11 4
974 1212 2 12
974 1388 35 15
975 1402 13 8
975 1781 20 3
976 1179 52 2
976 1615 36 4
977 1046 19 10
978 1496 22 2
979 1007 42 1
979 1180 47 9
979 1229 21 4
979 1493 34 13
979 1517 37 4
979 1596 47 11
979 1793 28 13
980 1052 19 12
980 1478 10 4
980 1549 60 11
982 1137 36 7
982 1476 19 12
982 1764 29 14
983 1686 26 15
984 1046 22 3
984 1233 37 1
984 1742 14 2
985 1280 35 12
985 1478 40 8
985 1704 50 4
986 1177 9 4
986 1199 39 12
986 1569 39 1
986 1758 13 3
987 1598 41 10
988 1044 59 11
988 1817 50 9
989 1065 44 5
989 1383 4 13
989 1386 55 5
989 1456 15 6
989 1552 51 6
989 1813 24 9
990 1110 23 10
990 1155 20 10
990 1409 35 4
990 1584 38 1
991 1365 55 3
991 1588 12 10
992 1165 1 5
992 1223 48 7
992 1568 50 3
993 1358 45 10
993 1457 7 9
993 1773 36 8
994 1352 45 1
995 1183 36 3
995 1444 58 8
996 1055 5 4
996 1388 11 2
997 1087 37 2
997 1332 45 8
998 1055 35 8
998 1199 30 13
998 1228 32 5
998 1338 52 6
998 1477 13 7
998 1589 1 7
998 1646 37 11
998 1809 37 13
999 1241 25 8
1000 1835 55 9
1001 1145 56 5
1001 1146 53 1
1001 1268 37 4
1001 1697 28 13
1002 1721 37 3
1003 1103 4 10
1003 1199 1 14
1004 1381 44 13
1005 1276 47 4
1006 1246 35 5
1006 1420 10 14
1007 1180 17 12
1007 1187 20 12
1007 1718 48 10
1008 1036 42 9
1008 1134 20 3
1008 1173 13 9
1008 1175 40 4
1009 1466 1 13
1009 1597 27 15
1009 1687 14 10
1009 1704 34 11
1009 1710 54 11
1010 1230 10 10
1010 1292 45 4
1010 1534 39 12
1011 1143 6 7
1011 1249 43 1
1011 1450 4 4
1011 1684 15 1
1011 1746 15 10
1012 1024 44 8
1012 1075 16 14
1012 1617 20 4
1012 1799 35 4
1012 1813 7 12
1013 1182 27 1
1013 1283 24 3
1013 1459 28 6
1013 1466 57 12
1013 1495 23 9
1013 1600 44 13
1014 1037 41 6
1014 1177 4 4
1014 1273 46 9
1014 1788 45 10
1015 1064 19 3
1015 1381 33 8
1015 1413 7 9
1015 1628 59 8
1015 1654 58 14
1015 1681 5 2
1016 1110 16 12
1016 1128 49 9
1016 1135 37 13
1016 1313 34 5
1016 1524 18 7
1016 1602 53 2
1016 1793 37 9
1017 1225 41 15
1017 1488 38 4
1018 1091 1 9
1018 1103 33 4
1018 1175 49 12
1018 1300 31 6
1018 1323 23 13
1018 1436 6 4
1018 1752 53 11
1018 1762 7 13
1018 1797 41 5
1019 1135 18 2
1020 1386 53 8
1020 1413 40 12
1021 1083 16 11
1021 1091 56 10
1021 1689 8 3
1023 1239 9 12
1023 1836 35 11
1024 1068 34 7
1024 1513 52 7
1024 1789 49 1
1025 1401 36 1
1025 1638 7 1
1026 1487 4 13
1027 1203 41 11
1027 1469 45 3
1027 1623 18 2
1027 1674 6 1
1028 1045 58 8
1028 1122 39 11
1029 1179 26 7
1030 1050 55 5
1030 1286 20 5
1030 1557 43 5
1030 1641 5 6
1032 1133 31 10
1032 1833 32 13
1033 1113 29 10
1033 1187 44 5
1033 1343 24 10
1033 1384 17 13
1033 1784 13 3
1033 1809 14 8
1034 1071 11 11
1034 1523 40 10
1034 1555 8 4
1035 1045 23 3
1035 1195 29 9
1035 1213 51 10
1035 1458 49 6
1035 1836 39 2
1036 1203 37 8
1036 1540 9 1
1036 1546 16 11
1036 1587 8 13
1037 1166 32 12
1037 1568 60 4
1038 1201 56 1
1038 1208 12 3
1038 1292 33 5
1038 1498 17 7
1039 1434 30 14
1039 1460 38 15
1039 1489 28 11
1039 1519 24 3
1039 1801 54 10
1040 1195 56 6
1040 1562 38 12
1040 1814 57 12
1041 1211 43 8
1041 1294 44 11
1041 1383 38 7
1041 1822 7 14
1042 1104 29 1
1042 1752 12 6
1042 1819 52 1
1042 1832 12 3
1043 1190 36 6
1043 1459 19 1
1044 1298 31 8
1044 1573 33 2
1045 1266 26 6
1045 1751 51 9
1046 1124 14 9
1046 1307 38 1
1046 1429 27 7
1047 1160 2 6
1047 1475 27 2
1047 1531 27 1
1047 1587 55 4
1047 1711 58 10
1048 1399 41 9
1048 1519 14 6
1048 1557 57 3
1049 1271 7 2
1049 1331 46 8
1050 1250 54 8
1050 1265 42 14
1050 1273 48 10
1050 1668 17 9
1050 1684 43 9
1051 1211 40 4
1051 1374 24 8
1052 1475 58 14
1053 1361 23 12
1053 1741 26 7
1054 1395 3 8
1054 1445 26 8
1054 1446 9 11
1054 1654 8 2
1055 1117 7 2
1055 1139 12 1
1056 1597 38 8
1057 1085 31 10
1057 1087 56 4
1057 1206 5 3
1058 1214 8 7
1058 1320 44 10
1058 1452 50 1
1058 1538 20 11
1059 1401 47 2
1059 1798 52 4
1060 1478 45 7
1061 1135 13 15
1061 1233 9 10
1061 1314 53 1
1061 1447 49 12
1061 1751 40 5
1063 1234 33 9
1063 1636 10 4
1064 1201 32 10
1064 1706 11 10
1065 1549 2 5
1065 1625 40 1
1065 1828 58 13
1066 1495 26 1
1066 1592 38 2
1066 1694 6 11
1067 1163 4 7
1067 1785 51 6
1067 1821 16 5
1068 1127 23 14
1068 1263 6 8
1068 1264 32 14
1069 1222 56 8
1070 1213 10 7
1070 1391 49 5
1070 1575 56 6
1070 1740 55 5
1071 1538 46 15
1071 1680 15 5
1072 1322 10 15
1072 1770 18 9
1072 1781 14 7
1072 1818 56 10
1072 1819 37 15
1073 1288 17 9
1073 1322 25 1
1073 1457 20 10
1073 1796 6 2
1074 1526 10 6
1075 1455 53 3
1075 1613 43 11
1076 1481 53 14
1077 1639 2 1
1077 1822 52 2
1078 1125 35 7
1078 1589 39 5
1078 1639 15 13
1078 1662 26 3
1080 1085 26 9
1080 1274 4 2
1080 1395 5 1
1080 1483 15 6
1080 1742 6 13
1081 1495 60 4
1082 1181 41 13
1082 1554 45 2
1083 1274 20 7
1083 1296 31 3
1084 1276 59 13
1084 1528 33 9
1084 1543 18 11
1085 1448 31 13
1085 1571 13 3
1086 1202 32 5
1086 1382 53 5
1086 1471 5 2
1086 1604 23 6
1087 1587 9 6
1088 1332 56 15
1088 1460 19 13
1088 1796 49 2
1088 1801 11 3
1089 1170 29 7
1089 1520 33 3
1090 1672 19 12
1091 1275 38 14
1091 1634 6 1
1092 1284 20 11
1092 1836 53 12
1093 1246 54 14
1093 1272 10 11
1093 1662 53 3
1093 1692 9 4
1093 1721 28 14
1094 1458 5 5
1094 1621 18 13
1095 1238 40 2
1095 1466 13 1
1095 1476 35 5
1095 1519 39 6
1095 1534 31 10
1095 1643 29 2
1095 1757 23 9
1096 1265 52 3
1097 1112 16 4
1097 1378 4 14
1098 1131 28 15
1098 1227 52 11
1098 1620 4 3
1098 1716 3 14
1098 1755 39 8
1099 1268 12 12
1100 1360 60 10
1101 1139 13 1
1101 1515 5 15
1103 1769 15 13
1103 1817 48 6
1104 1510 25 13
1107 1290 18 6
1107 1534 28 4
1107 1694 37 14
1107 1767 23 7
1108 1346 23 9
1108 1791 24 10
1109 1150 8 10
1109 1217 39 2
1109 1280 17 7
1109 1701 39 10
1110 1421 26 14
1110 1505 55 7
1111 1248 56 9
1111 1521 26 2
1111 1704 23 15
1111 1739 47 14
1112 1354 1 3
1113 1279 4 12
1113 1573 5 2
1114 1305 12 6
1114 1400 17 2
1114 1514 7 3
1115 1165 44 15
1115 1166 52 9
1115 1486 11 10
1116 1667 29 9
1117 1157 24 8
1117 1688 25 4
1118 1758 19 4
1119 1306 13 3
1119 1406 41 12
1119 1513 25 2
1119 1584 34 9
1119 1622 28 3
1121 1245 3 6
1121 1591 6 12
1122 1185 52 2
1122 1273 31 9
1122 1455 44 2
1122 1623 44 5
1122 1655 29 2
1122 1742 54 2
1123 1719 17 7
1124 1196 44 7
1124 1459 41 4
1124 1568 13 1
1124 1633 47 4
1125 1395 52 5
1126 1176 17 12
1126 1207 51 3
1126 1256 1 1
1127 1140 17 14
1127 1170 45 4
1128 1698 37 13
1128 1699 35 2
1128 1739 53 7
1128 1829 41 6
1129 1416 7 11
1129 1655 59 2
1129 1711 28 8
1129 1789 50 7
1130 1222 38 13
1130 1423 40 3
1130 1618 27 3
1131 1367 36 3
1131 1577 45 15
1131 1643 10 7
1132 1605 15 5
1132 1658 36 10
1132 1775 44 2
1133 1814 57 2
1134 1248 54 14
1135 1185 37 8
1135 1382 3 11
1135 1581 28 2
1137 1258 31 1
1137 1347 57 14
1137 1579 12 12
1137 1691 35 13
1138 1407 22 2
1138 1751 43 2
1139 1658 11 11
1139 1660 53 8
1140 1318 4 6
1140 1381 19 10
1140 1418 24 11
1141 1553 21 13
1141 1759 54 14
1142 1258 12 8
1142 1753 18 13
1143 1363 7 2
1143 1443 49 11
1143 1790 44 13
1144 1537 60 15
1145 1595 3 12
1146 1756 18 5
1147 1556 52 7
1147 1691 16 15
1148 1732 7 11
1149 1156 33 3
1149 1744 41 10
1150 1380 36 4
1150 1413 4 7
1150 1589 34 14
1151 1173 13 9
1151 1367 8 8
1151 1446 43 7
1151 1470 50 10
1151 1509 24 1
1151 1561 36 12
1152 1323 60 5
1152 1418 57 10
1152 1600 5 9
1153 1291 58 11
1153 1831 38 10
1154 1214 60 6
1154 1239 23 1
1154 1494 25 15
1154 1604 20 14
1154 1707 38 11
1156 1232 19 14
1156 1664 24 12
1157 1391 19 1
1157 1444 37 1
1157 1740 2 4
1159 1713 44 11
1160 1234 2 3
1160 1668 31 12
1161 1293 28 3
1161 1331 36 9
1161 1418 26 5
1161 1546 7 6
1161 1628 38 2
1161 1777 48 1
1162 1279 57 5
1162 1386 13 12
1162 1505 55 12
1162 1542 51 1
1162 1732 7 11
1162 1832 41 1
1163 1392 46 11
1164 1185 17 9
1164 1222 43 5
1164 1232 27 6
1164 1372 4 4
1164 1586 48 6
1164 1620 4 1
1164 1673 6 5
1165 1567 26 5
1165 1821 34 12
1166 1302 29 3
1166 1558 5 8
1166 1787 12 1
1167 1183 35 13
1167 1210 48 8
1168 1717 39 14
1168 1756 43 13
1169 1242 27 5
1169 1308 50 2
1169 1418 16 5
1169 1792 47 10
1170 1453 2 9
1170 1710 35 2
1170 1772 34 14
1171 1348 34 8
1171 1357 6 15
1171 1383 4 5
1172 1347 53 11
1173 1229 35 3
1173 1336 26 11
1173 1362 56 9
1173 1500 58 5
1174 1430 41 15
1175 1540 24 3
1176 1521 6 1
1177 1618 7 14
1178 1705 57 4
1179 1266 52 14
1179 1349 53 6
1179 1541 49 12
1179 1759 36 12
1179 1834 7 8
1180 1376 14 12
1181 1270 58 10
1181 1289 17 14
1181 1366 44 9
1181 1387 26 1
1181 1519 2 15
1181 1530 11 2
1182 1464 45 13
1182 1802 59 2
1183 1298 9 7
1183 1410 10 12
1183 1452 37 12
1183 1694 14 4
1184 1505 20 14
1184 1591 20 3
1184 1674 59 9
1184 1720 42 7
1184 1769 43 13
1184 1834 13 1
1185 1203 5 3
1185 1277 58 5
1185 1451 25 6
1185 1596 23 5
1185 1711 46 15
1185 1715 25 4
1185 1754 24 12
1186 1241 38 6
1186 1741 58 3
1187 1792 25 15
1187 1822 24 5
1188 1593 31 12
1189 1625 40 10
1191 1706 44 15
1192 1579 9 13
1192 1586 39 12
1193 1822 28 10
1194 1642 14 13
1194 1645 43 12
1196 1411 48 15
1196 1564 21 7
1196 1686 2 7
1196 1752 2 7
1197 1752 18 6
1198 1256 33 10
1198 1438 9 4
1198 1696 1 9
1198 1807 56 6
1200 1364 28 9
1200 1524 52 9
1203 1285 12 11
1203 1707 40 4
1204 1296 1 11
1204 1330 32 13
1204 1393 23 9
1204 1421 13 7
1204 1481 26 1
1205 1307 30 10
1205 1465 3 11
1206 1495 53 10
1206 1606 24 12
1206 1695 37 9
1207 1367 60 11
1207 1403 54 10
1208 1690 45 11
1208 1824 24 5
1209 1297 5 7
1209 1494 28 3
1209 1537 14 11
1209 1653 25 3
1209 1685 8 14
1210 1370 43 2
1210 1527 35 14
1210 1684 44 3
1210 1764 20 11
1210 1794 35 2
1211 1494 12 1
1212 1284 40 1
1212 1771 58 7
1214 1451 5 4
1214 1471 37 6
1215 1365 59 8
1215 1528 41 9
1215 1738 41 4
1216 1725 54 12
1218 1739 32 1
1219 1612 60 9
1219 1663 15 2
1220 1350 41 6
1220 1452 8 8
1220 1519 16 3
1221 1356 8 11
1221 1510 25 2
1221 1558 29 7
1222 1236 40 11
1222 1382 39 13
1222 1415 46 7
1222 1523 43 2
1222 1763 30 2
1223 1400 5 12
1223 1429 14 10
1224 1534 44 15
1224 1577 45 11
1225 1413 42 1
1227 1321 46 11
1227 1474 4 14
1227 1536 34 4
1228 1231 13 1
1228 1360 32 7
1229 1591 5 14
1229 1717 43 10
1229 1836 15 12
1230 1537 50 4
1230 1542 40 7
1231 1353 41 4
1232 1471 31 2
1232 1786 26 11
1233 1780 17 9
1234 1415 25 1
1235 1308 37 1
1235 1520 34 13
1235 1601 47 4
1235 1812 47 3
1235 1828 29 12
1236 1504 35 8
1236 1612 17 7
1237 1418 7 9
1237 1720 35 14
1237 1804 30 5
1238 1302 19 1
1238 1406 56 2
1238 1815 26 3
1239 1432 29 5
1239 1511 51 10
1239 1781 36 1
1239 1829 27 5
1240 1415 55 7
1240 1823 22 13
1241 1377 2 6
1241 1493 57 14
1241 1763 29 4
1242 1268 54 2
1242 1716 27 5
1243 1255 50 12
1243 1333 48 9
1243 1463 49 7
1243 1772 49 9
1244 1421 33 6
1247 1431 26 13
1248 1441 46 4
1249 1575 24 9
1249 1704 53 14
1250 1391 31 8
1250 1428 26 10
1250 1598 5 9
1251 1341 2 6
1251 1398 60 6
1252 1437 41 10
1252 1674 39 11
1253 1263 28 3
1253 1503 2 8
1253 1762 35 6
1254 1296 2 1
1254 1367 46 4
1256 1327 18 5
1257 1432 3 5
1259 1568 14 14
1260 1663 51 1
1260 1747 53 9
1261 1505 39 3
1264 1345 19 7
1265 1436 47 3
1265 1580 1 14
1266 1565 2 15
1266 1699 2 12
1267 1751 54 3
1268 1420 50 6
1268 1658 43 13
1268 1697 30 5
1269 1593 31 14
1269 1766 16 10
1270 1781 38 10
1271 1397 42 4
1271 1456 7 14
1271 1737 10 1
1272 1379 39 2
1272 1703 41 1
1272 1788 48 8
1272 1829 20 8
1273 1579 4 8
1274 1436 49 8
1274 1782 4 3
1274 1790 27 7
1275 1350 16 1
1275 1454 12 9
1275 1743 47 7
1276 1504 11 9
1276 1507 14 4
1277 1774 9 14
1278 1575 32 3
1279 1623 24 5
1279 1694 51 11
1282 1659 5 7
1282 1705 47 15
1283 1825 42 9
1284 1473 39 9
1285 1621 54 4
1285 1816 14 3
1286 1454 23 7
1286 1667 49 10
1287 1295 50 1
1287 1778 28 5
1288 1339 54 11
1289 1413 9 15
1289 1466 6 6
1289 1535 5 15
1290 1665 55 1
1291 1309 19 5
1291 1500 52 13
1292 1327 28 4
1293 1614 21 7
1294 1538 11 1
1294 1706 45 10
1294 1776 13 1
1295 1711 12 2
1296 1777 40 7
1297 1504 54 1
1298 1362 55 5
1298 1729 31 8
1299 1523 10 11
1299 1813 54 5
1300 1694 31 1
1302 1668 37 3
1302 1725 34 9
1302 1801 20 3
1303 1348 33 5
1304 1460 8 9
1304 1573 25 14
1305 1556 19 1
1306 1328 38 8
1306 1491 47 15
1307 1328 42 8
1308 1502 5 15
1308 1665 23 6
1308 1701 26 11
1309 1388 22 7
1310 1831 56 11
1311 1491 22 5
1312 1428 44 1
1315 1421 20 13
1315 1437 35 14
1316 1360 34 10
1317 1571 46 6
1318 1379 2 8
1318 1473 15 10
1318 1727 44 2
1318 1750 16 8
1319 1474 19 9
1319 1555 14 6
1319 1648 57 8
1320 1337 20 1
1320 1405 52 7
1320 1640 1 4
1320 1680 40 9
1320 1774 37 10
1321 1545 13 9
1321 1578 20 7
1323 1523 43 3
1323 1589 38 10
1323 1767 50 5
1324 1412 58 6
1325 1393 6 10
1326 1441 8 12
1326 1450 32 8
1327 1655 22 13
1328 1620 15 12
1329 1834 15 2
1331 1790 37 1
1332 1710 13 8
1333 1747 55 14
1335 1559 18 4
1335 1829 39 11
1336 1550 54 8
1336 1804 44 6
1337 1448 36 8
1339 1366 17 15
1340 1772 52 7
1340 1773 7 8
1342 1494 30 10
1342 1554 57 11
1343 1531 47 7
1343 1577 36 5
1344 1454 40 4
1344 1653 2 9
1344 1721 21 8
1345 1572 50 8
1345 1633 46 5
1345 1643 60 13
1345 1717 41 15
1346 1352 12 15
1346 1394 17 8
1346 1484 21 15
1346 1767 12 11
1347 1385 4 1
1347 1716 14 14
1347 1752 6 5
1349 1681 43 3
1351 1413 35 12
1352 1428 55 3
1353 1360 38 15
1353 1672 13 10
1354 1362 10 9
1354 1372 18 1
1354 1499 35 1
1354 1674 59 8
1354 1738 60 13
1355 1443 54 2
1356 1595 25 6
1356 1814 50 15
1357 1469 4 5
1359 1532 16 8
1360 1746 7 6
1360 1770 38 11
1362 1826 33 11
1363 1493 27 11
1363 1586 20 7
1363 1817 21 6
1364 1545 15 12
1364 1583 1 15
1364 1688 14 2
1365 1471 59 8
1365 1636 26 2
1365 1706 39 10
1366 1813 13 13
1367 1527 6 15
1367 1568 45 9
1367 1764 57 6
1368 1751 37 4
1369 1393 33 15
1369 1395 56 2
1369 1425 52 10
1370 1531 11 9
1371 1405 33 2
1372 1548 8 10
1373 1413 19 7
1373 1789 47 13
1374 1635 33 3
1376 1534 31 10
1377 1531 55 11
1377 1672 15 10
1378 1410 16 3
1378 1492 15 4
1378 1600 25 4
1379 1550 43 6
1379 1756 17 13
1380 1581 56 5
1382 1701 11 8
1382 1753 55 13
1384 1735 11 4
1384 1762 12 8
1384 1790 43 1
1385 1395 31 3
1386 1509 29 10
1386 1695 60 13
1386 1820 17 12
1387 1633 26 3
1387 1659 57 10
1388 1563 50 9
1389 1503 31 6
1389 1517 30 13
1390 1554 16 12
1391 1505 14 7
1391 1518 10 14
1391 1726 21 14
1392 1532 30 10
1393 1580 22 11
1393 1700 54 6
1393 1783 53 10
1395 1808 42 14
1398 1721 28 3
1398 1835 36 15
1399 1628 51 11
1399 1791 10 1
1400 1750 12 13
1401 1518 29 11
1401 1522 32 1
1402 1431 8 14
1402 1630 29 7
1403 1602 32 7
1404 1520 23 11
1406 1470 51 13
1408 1526 11 8
1408 1581 22 9
1408 1668 43 11
1409 1572 56 12
1410 1649 8 7
1410 1722 43 13
1410 1792 15 1
1411 1619 7 1
1411 1727 51 9
1411 1757 34 4
1413 1781 39 1
1415 1459 12 9
1417 1633 5 3
1421 1684 2 3
1422 1451 47 2
1422 1471 2 4
1422 1588 22 12
1423 1451 6 12
1423 1731 48 7
1424 1455 45 10
1425 1458 5 11
1425 1465 50 2
1425 1632 17 12
1426 1694 16 3
1427 1470 18 2
1427 1831 23 4
1429 1831 15 3
1430 1634 22 8
1430 1683 2 12
1431 1522 44 5
1431 1749 14 5
1433 1521 17 5
1435 1493 39 7
1435 1512 56 13
1436 1512 60 1
1436 1606 26 8
1437 1475 24 13
1437 1579 4 3
1438 1722 32 14
1439 1692 4 5
1439 1802 33 5
1439 1803 55 2
1440 1477 8 11
1440 1570 27 15
1440 1751 52 6
1440 1814 39 5
1441 1555 29 13
1441 1666 5 7
1441 1796 58 14
1442 1706 18 1
1443 1576 31 13
1444 1633 25 15
1445 1495 60 14
1445 1817 27 6
1446 1623 11 14
1446 1752 8 5
1449 1538 31 4
1449 1624 59 1
1449 1645 6 9
1449 1729 30 15
1449 1808 45 3
1450 1671 47 14
1451 1548 48 12
1451 1729 23 3
1453 1475 53 2
1453 1652 51 7
1455 1645 35 15
1455 1696 25 2
1456 1707 46 12
1457 1563 29 10
1458 1461 15 14
1459 1697 28 13
1460 1469 38 12
1460 1499 2 4
1460 1654 34 12
1460 1780 41 1
1461 1520 53 12
1461 1615 58 12
1463 1650 42 4
1464 1507 18 14
1465 1745 50 2
1466 1606 14 2
1466 1614 28 9
1467 1506 20 11
1468 1767 39 15
1470 1525 7 7
1470 1529 14 2
1470 1566 21 3
1470 1693 10 3
1472 1648 3 7
1474 1757 55 11
1475 1798 50 4
1477 1826 2 14
1479 1751 45 7
1481 1511 22 2
1483 1773 46 1
1484 1636 33 2
1487 1609 19 4
1487 1627 34 5
1487 1725 57 14
1487 1731 20 11
1487 1775 20 7
1488 1795 7 8
1489 1553 23 3
1489 1646 49 5
1490 1553 12 12
1491 1642 22 3
1491 1770 30 4
1494 1610 42 13
1494 1656 45 7
1495 1563 9 14
1495 1731 38 14
1496 1719 58 13
1500 1707 12 15
1501 1788 48 1
1502 1562 15 11
1503 1570 33 3
1503 1587 35 4
1505 1572 7 15
1505 1777 43 8
1506 1550 16 4
1506 1659 5 15
1506 1791 42 13
1507 1549 44 6
1508 1680 14 3
1508 1767 34 5
1509 1646 18 14
1509 1781 57 10
1510 1828 52 4
1511 1612 36 15
1513 1583 4 1
1514 1644 9 9
1517 1778 19 7
1518 1769 54 6
1519 1815 46 3
1521 1790 14 4
1522 1623 15 12
1522 1665 26 12
1523 1604 28 7
1523 1817 37 9
1525 1575 33 4
1525 1594 23 15
1525 1742 49 13
1526 1672 50 7
1527 1682 7 1
1527 1706 12 7
1527 1780 41 2
1528 1822 27 7
1529 1558 35 6
1529 1673 18 7
1530 1597 3 6
1530 1717 21 10
1530 1721 31 11
1530 1761 15 6
1530 1829 59 9
1531 1638 32 1
1535 1630 21 15
1535 1780 39 10
1537 1669 8 8
1537 1774 37 15
1538 1605 17 12
1539 1719 10 10
1539 1797 13 6
1540 1577 3 14
1543 1634 52 4
1543 1658 12 12
1544 1670 49 4
1544 1772 16 5
1545 1667 47 9
1549 1811 44 5
1550 1762 53 15
1551 1722 26 10
1552 1570 56 3
1553 1728 43 4
1556 1687 11 8
1556 1730 49 9
1557 1767 42 12
1558 1647 17 2
1559 1707 24 15
1561 1577 28 7
1561 1807 28 12
1562 1630 16 5
1563 1633 59 14
1563 1776 11 11
1564 1650 17 14
1564 1667 55 12
1565 1666 18 14
1565 1742 1 15
1566 1626 31 11
1566 1741 43 13
1566 1812 41 4
1568 1732 30 12
1568 1752 29 1
1569 1771 37 4
1570 1754 2 9
1571 1801 6 13
1574 1670 3 8
1575 1744 52 2
1576 1579 28 14
1578 1617 12 10
1580 1706 21 14
1583 1672 34 6
1586 1745 20 7
1587 1836 56 2
1588 1798 44 10
1590 1740 53 2
1591 1771 13 10
1593 1782 23 1
1593 1821 45 5
1594 1636 2 12
1595 1626 54 9
1595 1667 14 10
1595 1715 7 4
1595 1785 58 8
1596 1807 8 8
1597 1632 11 4
1597 1668 51 15
1600 1830 25 12
1601 1698 54 10
1601 1756 53 12
1602 1710 21 15
1603 1790 28 9
1605 1651 12 9
1605 1728 40 11
1607 1733 11 3
1613 1642 60 12
1613 1699 56 2
1613 1761 25 8
1614 1749 50 11
1615 1716 16 2
1619 1665 55 7
1620 1646 37 8
1622 1692 34 2
1623 1648 7 14
1625 1758 59 8
1627 1791 49 10
1628 1655 34 2
1632 1790 20 4
1635 1677 47 13
1636 1687 36 13
1637 1805 51 4
1639 1759 53 7
1639 1812 50 6
1639 1814 21 7
1646 1748 42 4
1647 1782 37 15
1647 1826 34 7
1648 1763 32 6
1650 1789 57 7
1651 1794 59 15
1652 1761 11 10
1654 1707 5 13
1654 1754 37 11
1655 1708 55 15
1657 1805 11 6
1661 1790 52 1
1666 1704 12 4
1667 1670 24 6
1669 1813 49 15
1670 1729 51 7
1672 1736 12 8
1673 1755 19 4
1673 1828 31 6
1674 1688 59 2
1674 1731 53 10
1677 1762 39 9
1678 1721 4 12
1682 1777 27 9
1684 1692 29 11
1684 1827 46 8
1686 1742 40 7
1687 1748 41 12
1695 1786 20 14
1698 1702 56 14
1702 1707 5 11
1703 1719 28 4
1703 1722 39 6
1705 1714 4 4
1707 1790 9 4
1709 1733 4 6
1711 1721 24 7
1711 1795 22 7
1714 1780 32 9
1715 1724 58 7
1719 1815 2 12
1722 1807 24 6
1723 1738 26 5
1724 1801 24 10
1726 1786 33 15
1729 1766 29 8
1730 1765 42 5
1731 1782 34 4
1735 1763 51 15
1736 1763 49 5
1737 1757 54 6
1737 1827 39 13
1743 1776 30 4
1751 1812 26 1
1755 1771 31 12
1783 1784 21 12
1785 1825 8 8
1792 1828 7 4
1794 1829 14 8
1808 1834 34 4
1820 1826 4 6

0 4 31
1 13 44
2 19 49
3 20 8
4 26 19
5 31 36
6 35 21
7 45 11
8 47 18
9 50 33
10 53 37
11 63 42
12 71 13
13 96 33
14 103 30
15 107 16
16 135 26
17 136 27
18 146 4
19 154 41
20 165 11
21 204 40
22 216 23
23 221 16
24 234 44
25 253 22
26 260 4
27 276 47
28 281 14
29 291 33
30 297 20
31 299 40
32 309 10
33 311 26
34 318 10
35 326 34
36 327 42
37 330 42
38 331 32
39 340 44
40 346 43
41 347 36
42 371 5
43 373 12
44 389 6
45 402 24
46 403 25
47 406 27
48 411 32
49 416 42
50 420 1
51 433 35
52 442 17
53 451 24
54 465 45
55 467 49
56 469 29
57 480 21
58 507 28
59 517 37
60 521 12
61 522 16
62 532 36
63 563 6
64 570 49
65 576 48
66 629 42
67 630 12
68 640 11
69 669 20
70 691 42
71 705 14
72 712 13
73 717 17
74 732 37
75 747 21
76 750 29
77 762 3
78 763 1
79 766 25
80 781 17
81 784 34
82 796 7
83 802 23
84 809 44
85 815 34
86 819 40
87 825 7
88 858 7
89 859 36
90 863 39
91 867 31
92 871 7
93 899 9
94 904 7
95 926 4
96 936 36
97 942 49
98 974 18
99 979 40
100 981 32
101 985 46
102 988 26
103 996 50
104 1005 28
105 1009 20
106 1016 2
107 1017 40
108 1018 35
109 1039 25
110 1042 19
111 1044 41
112 1045 9
113 1063 31
114 1074 21
115 1090 4
116 1095 17
117 1124 44
118 1127 43
119 1146 30
120 1147 14
121 1151 41
122 1159 12
123 1162 32
124 1164 34
125 1166 21
126 1171 17
127 1174 49
128 1199 11
129 1212 28
130 1216 27
131 1234 3
132 1241 45
133 1243 43
134 1251 20
135 1252 18
136 1304 39
137 1331 47
138 1335 1
139 1357 48
140 1365 50
141 1378 44
142 1379 49
143 1380 1
144 1390 14
145 1391 6
146 1397 15
147 1422 6
148 1455 23
149 1459 49
150 1460 9
151 1466 1
152 1472 4
153 1505 3
154 1526 50
155 1532 40
156 1547 46
157 1557 37
158 1558 50
159 1570 18
160 1572 38
161 1577 25
162 1581 37
163 1598 23
164 1636 49
165 1643 1
166 1657 47
167 1662 13
168 1685 28
169 1691 32
170 1698 27
171 1703 32
172 1727 6
173 1735 32
174 1742 30
175 1752 47
176 1755 14
177 1762 38
178 1769 20
179 1774 25
180 1776 42
181 1804 25
182 1819 49
183 1822 50
