1175 5856 117 13

0 30 6154
1 60 12283
2 90 18385
3 120 24460
4 150 30510
5 180 36534
6 210 42531
7 240 48503
8 270 54449
9 300 60369
10 330 66263
11 360 72132
12 390 77976

0 15303
1 18209
2 21268
3 18162
4 20528
5 22728
6 24617
7 16615
8 18783
9 18562
10 20786
11 19736
12 17812
13 16358
14 20540
15 18387
16 25718
17 19017
18 24001
19 23182
20 19970
21 21242
22 21144
23 19756
24 22428
25 18618
26 16133
27 22119
28 18536
29 17058
30 22862
31 17520
32 18344
33 20124
34 20586
35 13623
36 14111
37 19298
38 18775
39 26132
40 19164
41 16327
42 19437
43 14913
44 21928
45 23522
46 18832
47 19100
48 21028
49 18141
50 18640
51 18175
52 15047
53 16742
54 17706
55 17904
56 21508
57 13441
58 21350
59 12508
60 21149
61 16478
62 19206
63 15161
64 20627
65 24014
66 17607
67 17733
68 18099
69 26273
70 20331
71 20846
72 17245
73 21840
74 20948
75 20009
76 16289
77 18011
78 20195
79 16998
80 14324
81 13493
82 23040
83 17211
84 14765
85 17818
86 24002
87 15267
88 22438
89 20170
90 17820
91 19865
92 21436
93 24416
94 18328
95 19133
96 18521
97 19807
98 17722
99 19992
100 17977
101 25806
102 20209
103 17161
104 20451
105 13190
106 18319
107 22833
108 23956
109 20959
110 20883
111 15750
112 19422
113 20676
114 17538
115 18447
116 18230
117 23726
118 22577
119 21147
120 19757
121 20786
122 18661
123 20814
124 14480
125 17792
126 18298
127 20211
128 19139
129 18282
130 15095
131 19748
132 16723
133 16441
134 25405
135 16075
136 23459
137 20498
138 17505
139 18772
140 20595
141 20938
142 19060
143 22341
144 21847
145 18271
146 24436
147 22612
148 15147
149 22477
150 18259
151 17899
152 16101
153 17056
154 20073
155 13246
156 18524
157 19277
158 17517
159 19815
160 18908
161 19109
162 22798
163 19520
164 17509
165 19902
166 18997
167 18283
168 18943
169 17838
170 19557
171 19155
172 20336
173 24977
174 15103
175 19858
176 15244
177 13444
178 9661
179 23536
180 15976
181 24114
182 28545
183 24506
184 24016
185 14557
186 18885
187 15760
188 16055
189 22147
190 20167
191 20446
192 20307
193 20891
194 16834
195 20224
196 18059
197 21138
198 17862
199 18579
200 16012
201 12668
202 19631
203 20354
204 22052
205 20437
206 23999
207 18463
208 18582
209 26024
210 18039
211 17146
212 18864
213 19899
214 18092
215 17046
216 20352
217 18028
218 23883
219 19601
220 20932
221 18958
222 29641
223 23869
224 16914
225 21404
226 15566
227 18129
228 20048
229 24753
230 17849
231 22101
232 14155
233 18195
234 14169
235 19698
236 19085
237 16459
238 18175
239 14525
240 21340
241 19277
242 24957
243 23264
244 18522
245 17583
246 20607
247 19233
248 20202
249 22262
250 22535
251 19112
252 12633
253 14268
254 21754
255 25864
256 15330
257 15490
258 20913
259 21917
260 21299
261 13568
262 23392
263 15579
264 17640
265 20416
266 21913
267 23374
268 26125
269 14643
270 17617
271 19922
272 22582
273 19994
274 18576
275 20232
276 18625
277 14965
278 14122
279 21737
280 20269
281 23037
282 17802
283 20463
284 18166
285 18196
286 18722
287 15625
288 17797
289 21815
290 20717
291 21175
292 17357
293 20727
294 21929
295 15824
296 18366
297 26177
298 19215
299 23149
300 20335
301 14660
302 23915
303 19779
304 22465
305 16607
306 21171
307 20575
308 16160
309 21146
310 18810
311 21021
312 25927
313 22802
314 22361
315 15632
316 15605
317 22526
318 23261
319 19943
320 10372
321 26627
322 21959
323 21670
324 20778
325 17772
326 19546
327 17492
328 21823
329 18688
330 14609
331 19019
332 20525
333 13350
334 23198
335 17476
336 18673
337 16679
338 15652
339 19389
340 19789
341 17762
342 26553
343 14461
344 21213
345 19608
346 11991
347 16784
348 18668
349 16864
350 19801
351 24458
352 18569
353 22789
354 23355
355 22321
356 22074
357 23595
358 20181
359 16395
360 24027
361 14168
362 14385
363 21062
364 19411
365 18162
366 17036
367 20002
368 20155
369 20080
370 19964
371 18645
372 18498
373 19450
374 19055
375 15736
376 19273
377 21140
378 18269
379 14939
380 24879
381 19613
382 20594
383 17292
384 18646
385 23010
386 20257
387 23072
388 19918
389 15504
390 17051
391 17803
392 16235
393 15380
394 18447
395 17940
396 20645
397 20659
398 19271
399 27335
400 19884
401 15764
402 20433
403 18948
404 15997
405 12506
406 23977
407 25783
408 18684
409 27696
410 21866
411 21225
412 12060
413 20035
414 24072
415 16439
416 14908
417 22956
418 21199
419 20010
420 18515
421 15529
422 21115
423 16947
424 19316
425 21476
426 21214
427 23216
428 14996
429 17907
430 14572
431 17347
432 13064
433 23156
434 23586
435 19312
436 21952
437 19134
438 16416
439 14452
440 22360
441 15774
442 20006
443 20423
444 16923
445 16918
446 25576
447 22465
448 17496
449 22464
450 14146
451 19745
452 18667
453 19583
454 18623
455 15769
456 17993
457 20943
458 18560
459 21861
460 15286
461 16088
462 20177
463 16746
464 19311
465 21817
466 19155
467 15564
468 20816
469 17526
470 21148
471 13744
472 15326
473 15650
474 20243
475 19080
476 19285
477 18297
478 19798
479 25422
480 22166
481 16804
482 22336
483 20411
484 18020
485 20608
486 16698
487 19543
488 23287
489 16944
490 15686
491 18280
492 20566
493 22322
494 16651
495 18667
496 19805
497 15763
498 13337
499 22054
500 22454
501 15346
502 15467
503 24171
504 16290
505 22143
506 19904
507 18482
508 15289
509 14786
510 25451
511 17359
512 26875
513 18796
514 26354
515 21517
516 21296
517 18632
518 20180
519 19042
520 13154
521 20592
522 17279
523 20200
524 22128
525 19465
526 18255
527 21734
528 17238
529 13557
530 17000
531 16772
532 21629
533 29621
534 18326
535 19957
536 20344
537 22168
538 22895
539 19433
540 15320
541 11842
542 19319
543 13772
544 24919
545 19758
546 21107
547 23926
548 17308
549 18588
550 15785
551 20022
552 25370
553 20699
554 15960
555 17941
556 20391
557 19452
558 19971
559 10082
560 23841
561 16486
562 18244
563 19006
564 19112
565 18192
566 20332
567 17213
568 20668
569 20968
570 23415
571 18793
572 22415
573 19547
574 21070
575 22910
576 15520
577 21724
578 18549
579 15238
580 18842
581 14404
582 19906
583 21150
584 19063
585 16587
586 22752
587 17966
588 25650
589 17859
590 24186
591 12297
592 17764
593 22533
594 17957
595 23096
596 16774
597 17410
598 24438
599 22695
600 20966
601 18836
602 16678
603 21412
604 22207
605 20134
606 19666
607 21140
608 17273
609 16962
610 24036
611 19040
612 18452
613 14014
614 14960
615 19527
616 20190
617 10780
618 25105
619 17265
620 18211
621 18831
622 17828
623 16564
624 20724
625 17427
626 15298
627 24292
628 25787
629 23133
630 21484
631 18854
632 19874
633 27384
634 13421
635 19289
636 19951
637 15870
638 17586
639 19458
640 21667
641 16288
642 20821
643 24988
644 26741
645 15824
646 16583
647 15475
648 21047
649 19602
650 22543
651 20394
652 22009
653 20864
654 20500
655 18699
656 17171
657 18703
658 17067
659 15609
660 15979
661 18523
662 23889
663 18946
664 16789
665 18103
666 22305
667 16276
668 17040
669 19626
670 15709
671 17432
672 22649
673 12876
674 21999
675 17960
676 18690
677 22129
678 17381
679 18071
680 18855
681 19681
682 19210
683 15892
684 22374
685 17678
686 20844
687 19328
688 22089
689 14035
690 12912
691 21316
692 12319
693 19657
694 16662
695 15573
696 18469
697 13740
698 17787
699 21661
700 21011
701 22636
702 21981
703 16894
704 27093
705 16054
706 13457
707 21365
708 16665
709 22128
710 17687
711 19945
712 24063
713 16964
714 20280
715 18959
716 16772
717 16635
718 20106
719 23021
720 19352
721 20242
722 25097
723 21532
724 17584
725 26238
726 19844
727 17403
728 18345
729 19805
730 22247
731 23944
732 15372
733 18305
734 15682
735 17484
736 17063
737 20057
738 17792
739 22169
740 17332
741 25747
742 21511
743 15645
744 16232
745 16294
746 21309
747 22348
748 20670
749 15790
750 19118
751 15360
752 20809
753 22422
754 26510
755 15335
756 21480
757 20202
758 14892
759 18718
760 17111
761 14924
762 22658
763 23172
764 22536
765 20025
766 19630
767 18318
768 19956
769 21821
770 21647
771 32379
772 17686
773 15889
774 18418
775 22421
776 20416
777 22008
778 15711
779 19567
780 20935
781 14652
782 18351
783 12108
784 9661
785 26524
786 24244
787 18845
788 15224
789 16518
790 23434
791 28352
792 23401
793 18171
794 20204
795 22006
796 19174
797 18080
798 24397
799 15691
800 21503
801 19497
802 20802
803 21537
804 14928
805 13251
806 19584
807 18862
808 22580
809 20467
810 25750
811 20009
812 20322
813 23761
814 20933
815 14213
816 20082
817 20678
818 14128
819 18597
820 17400
821 17607
822 25761
823 18542
824 20665
825 20445
826 13494
827 13039
828 19611
829 12466
830 23007
831 17507
832 14121
833 18225
834 16884
835 27683
836 22222
837 20116
838 18529
839 17209
840 16404
841 19472
842 20840
843 16997
844 18251
845 17336
846 17971
847 24892
848 14533
849 16134
850 21464
851 17214
852 28269
853 22426
854 20046
855 19335
856 24645
857 15282
858 20738
859 20910
860 12351
861 13356
862 23979
863 20908
864 17372
865 15679
866 17425
867 17476
868 18971
869 19148
870 15628
871 18475
872 21722
873 20067
874 19365
875 19023
876 15255
877 18184
878 20088
879 17229
880 22851
881 19389
882 12098
883 20583
884 20036
885 21928
886 25767
887 15780
888 12125
889 24799
890 16715
891 15697
892 19625
893 27514
894 17620
895 17979
896 11077
897 18655
898 19161
899 16006
900 20388
901 17228
902 20957
903 17138
904 15815
905 20532
906 20679
907 20037
908 24340
909 16506
910 23574
911 19772
912 24436
913 17765
914 18952
915 13432
916 22948
917 16026
918 19018
919 19254
920 18761
921 21277
922 15520
923 14937
924 25999
925 19816
926 23877
927 18754
928 22269
929 17463
930 25151
931 23196
932 14413
933 20836
934 15577
935 14808
936 22126
937 18837
938 21260
939 23856
940 20217
941 26708
942 21366
943 17349
944 18758
945 16839
946 21957
947 20540
948 18242
949 17535
950 20522
951 18277
952 15060
953 21183
954 23045
955 18902
956 16637
957 13033
958 20332
959 20736
960 23240
961 21060
962 16530
963 17414
964 23860
965 19918
966 21960
967 21264
968 21027
969 14400
970 20586
971 17713
972 20213
973 17826
974 18008
975 20020
976 21014
977 18852
978 18403
979 25435
980 22061
981 22920
982 22321
983 16031
984 23677
985 19113
986 20215
987 15599
988 16487
989 16381
990 20200
991 14183
992 20516
993 20733
994 24376
995 12562
996 16251
997 27851
998 22311
999 19905
1000 17986
1001 18442
1002 20965
1003 25278
1004 15683
1005 24032
1006 26814
1007 20691
1008 16782
1009 22647
1010 16601
1011 22260
1012 19735
1013 23893
1014 25067
1015 18578
1016 19809
1017 16708
1018 19117
1019 19475
1020 17915
1021 19575
1022 20552
1023 13293
1024 14122
1025 17298
1026 19732
1027 19402
1028 19266
1029 20331
1030 18066
1031 18765
1032 26926
1033 15977
1034 18743
1035 17261
1036 18442
1037 22377
1038 20666
1039 17223
1040 19898
1041 18145
1042 20141
1043 23648
1044 23217
1045 16777
1046 20986
1047 21896
1048 17850
1049 13871
1050 19023
1051 22967
1052 22502
1053 15054
1054 20959
1055 17388
1056 22979
1057 21515
1058 21689
1059 20602
1060 19979
1061 22533
1062 19632
1063 16200
1064 19305
1065 22832
1066 23757
1067 17759
1068 21383
1069 18708
1070 22709
1071 18557
1072 17088
1073 17479
1074 15484
1075 12848
1076 19298
1077 14995
1078 18536
1079 16049
1080 19492
1081 21131
1082 12526
1083 25481
1084 16891
1085 20457
1086 17430
1087 18797
1088 20554
1089 17669
1090 18330
1091 23490
1092 12714
1093 23578
1094 20676
1095 25185
1096 16892
1097 22908
1098 23003
1099 21933
1100 22822
1101 16325
1102 15149
1103 19056
1104 19394
1105 21845
1106 19539
1107 22475
1108 20687
1109 25504
1110 21213
1111 18472
1112 20424
1113 24035
1114 17850
1115 17410
1116 14040
1117 16637
1118 17556
1119 18999
1120 13650
1121 19875
1122 20554
1123 16949
1124 16253
1125 24937
1126 17934
1127 17044
1128 20061
1129 15755
1130 16459
1131 17079
1132 19623
1133 16082
1134 22873
1135 17415
1136 14836
1137 14283
1138 18953
1139 20169
1140 21502
1141 11155
1142 14410
1143 20015
1144 21244
1145 15130
1146 17772
1147 14211
1148 21447
1149 14075
1150 16960
1151 18996
1152 25196
1153 16009
1154 23790
1155 17244
1156 17783
1157 18585
1158 20271
1159 16863
1160 18430
1161 18266
1162 24678
1163 25756
1164 18413
1165 20159
1166 22512
1167 19384
1168 18647
1169 18682
1170 12050
1171 20628
1172 16285
1173 18087
1174 21512

0 59 47 4
0 113 53 11
0 149 17 4
0 183 13 12
0 373 28 11
0 519 32 6
0 568 33 9
0 571 42 11
0 654 26 8
0 832 24 9
0 839 5 4
0 972 10 4
0 1086 30 1
0 1111 58 3
0 1123 27 1
1 39 52 5
1 62 46 8
1 155 44 15
1 161 53 2
1 302 57 11
1 317 50 4
1 374 28 3
1 428 7 3
1 459 14 14
1 692 38 11
1 895 25 3
2 151 31 7
2 208 17 8
2 283 3 10
2 363 24 8
2 410 54 11
2 492 10 4
2 502 55 14
2 509 2 11
2 541 42 14
2 660 15 2
2 810 28 14
2 823 32 2
2 1019 59 5
2 1072 39 11
2 1149 6 11
3 74 14 15
3 231 41 13
3 271 58 7
3 315 11 7
3 625 16 2
3 710 27 8
3 718 29 4
3 854 19 8
3 874 31 1
3 905 52 1
3 974 1 11
3 1062 36 1
3 1069 43 9
4 167 11 11
4 172 38 13
4 237 50 12
4 604 20 5
4 929 24 5
4 973 59 4
5 13 52 13
5 277 30 12
5 298 19 12
5 335 8 14
5 388 26 6
5 439 15 15
5 575 22 12
5 620 47 14
5 739 24 12
5 763 53 2
5 849 22 11
6 57 39 15
6 122 39 9
6 240 5 10
6 430 34 11
6 478 52 3
6 713 2 13
6 939 40 4
6 1001 46 10
7 307 43 10
7 559 13 13
7 744 5 2
7 791 28 11
7 831 54 15
7 1164 28 13
8 83 43 8
8 268 47 5
8 274 52 8
8 303 23 12
8 329 60 13
8 548 13 3
8 660 60 13
8 924 1 8
8 970 26 14
8 994 52 2
8 1030 29 2
8 1073 50 8
9 30 15 9
9 431 25 15
9 623 38 5
9 630 6 4
9 680 16 11
9 713 12 10
9 1058 12 4
9 1062 22 11
10 107 37 6
10 141 26 13
10 178 52 3
10 272 45 5
10 281 39 9
10 301 20 8
10 413 59 2
10 657 8 11
10 825 1 5
10 1009 57 8
10 1071 34 7
10 1075 56 1
11 121 39 7
11 211 20 15
11 276 45 2
11 287 52 14
11 304 35 14
11 323 18 10
11 705 21 13
11 807 32 6
12 41 39 15
12 156 28 9
12 199 1 1
12 350 13 7
12 460 53 13
12 524 26 12
12 603 22 10
12 798 43 13
12 1017 59 10
12 1120 3 2
13 177 23 9
13 179 11 3
13 305 26 3
13 399 21 10
13 418 35 2
13 576 20 10
13 781 26 3
13 958 31 3
14 91 60 6
14 163 10 8
14 272 30 3
14 309 3 12
14 556 59 11
14 740 39 2
14 782 33 1
14 792 10 14
14 860 51 2
14 1043 30 12
14 1155 32 3
15 168 23 8
15 315 12 13
15 387 8 2
15 519 16 2
15 697 22 2
15 738 49 4
15 752 14 5
15 778 13 11
15 1100 25 9
15 1118 7 10
16 52 14 6
16 243 11 9
16 244 17 1
16 284 44 4
16 468 26 12
16 504 40 12
16 673 46 9
16 854 46 4
16 859 7 13
16 871 56 11
16 919 42 15
17 327 16 15
17 352 31 11
17 408 19 5
17 493 58 1
17 498 1 8
17 502 45 13
17 512 28 6
17 700 6 4
18 156 9 5
18 243 9 14
18 319 30 13
18 335 39 5
18 500 12 13
18 626 5 14
18 766 39 7
18 776 43 8
18 891 10 1
18 970 29 2
18 1149 23 1
18 1172 55 4
19 288 26 6
19 392 58 7
19 394 35 5
19 557 33 4
19 575 22 6
19 614 56 7
19 857 8 12
19 899 32 4
20 26 49 3
20 104 26 8
20 233 28 9
20 331 17 12
20 389 2 13
20 559 44 4
20 567 37 2
20 657 12 10
20 791 37 1
20 847 42 4
20 1033 27 8
20 1113 15 13
20 1151 27 8
21 288 60 2
21 364 44 4
21 486 30 10
21 753 14 12
21 762 7 15
21 913 56 1
22 112 4 10
22 247 51 5
22 289 53 11
22 554 54 12
22 880 58 3
22 1056 46 2
23 109 39 3
23 225 1 13
23 258 30 8
23 537 12 12
23 548 21 9
23 588 9 2
23 602 44 13
23 723 40 12
23 745 3 13
23 836 8 4
23 911 26 15
23 1006 60 4
23 1072 32 10
23 1153 44 10
24 56 13 8
24 285 2 14
24 796 47 15
24 884 46 15
24 886 28 12
24 1061 13 6
24 1100 45 10
24 1167 36 11
25 661 29 10
25 763 21 8
25 765 24 5
25 853 25 11
25 1062 53 12
25 1094 25 13
26 103 36 15
26 329 49 5
26 332 4 13
26 368 15 13
26 439 58 4
26 546 33 10
26 553 7 9
26 599 11 9
26 641 39 14
26 655 58 7
26 770 21 7
26 913 25 4
27 88 53 9
27 150 21 2
27 360 25 15
27 471 31 8
27 627 39 10
27 1083 55 6
27 1138 49 7
28 105 2 9
28 267 19 9
28 400 9 6
28 462 44 11
28 637 1 5
28 676 48 7
28 981 22 8
28 1117 12 5
29 187 4 10
29 210 23 3
29 273 17 1
29 514 21 14
29 809 53 1
29 839 19 4
29 843 20 10
29 879 58 1
29 909 12 2
30 265 51 9
30 431 24 11
30 610 22 10
30 628 21 6
30 647 18 14
30 681 15 14
30 832 52 11
30 845 1 9
31 90 44 12
31 257 57 3
31 355 40 2
31 519 46 14
31 610 16 4
31 809 30 10
31 1036 11 6
32 73 55 11
32 134 27 2
32 186 27 14
32 344 38 10
32 455 39 12
32 903 50 4
32 1015 26 11
32 1040 60 2
33 391 38 10
33 494 41 3
33 528 4 14
33 695 55 1
33 725 37 2
33 883 54 13
33 950 18 8
33 1003 60 6
34 114 4 13
34 169 20 2
34 247 40 12
34 259 58 13
34 265 1 12
34 343 8 2
34 366 43 14
34 397 16 14
34 425 42 3
34 484 39 6
34 584 22 9
34 648 31 8
34 912 53 3
34 1053 50 4
34 1077 22 14
34 1106 30 4
35 131 53 11
35 138 40 13
35 155 6 6
35 224 13 13
35 471 14 13
35 814 38 2
35 840 52 11
35 978 40 2
35 1001 59 11
36 265 22 3
36 343 30 13
36 497 11 2
36 759 31 6
36 936 12 9
36 1058 22 9
36 1130 34 10
37 38 42 11
37 239 10 12
37 294 15 7
37 311 44 2
37 654 22 7
37 751 30 6
37 843 50 10
37 1013 4 3
37 1031 52 13
37 1082 18 2
38 50 1 11
38 100 9 6
38 111 3 15
38 393 3 9
38 455 31 15
38 483 11 4
38 676 40 6
38 753 40 1
38 767 14 2
38 861 7 2
38 925 47 15
38 985 11 10
38 1157 2 15
39 115 1 1
39 170 17 5
39 196 26 14
39 324 38 14
39 360 46 3
39 594 45 3
39 600 19 10
39 753 53 11
39 774 29 15
39 828 32 8
39 836 24 11
39 918 46 2
39 1111 31 11
39 1123 15 1
40 56 18 4
40 185 2 2
40 217 53 10
40 281 32 3
40 438 46 10
40 794 45 3
40 861 46 14
40 862 46 4
40 880 43 6
40 938 18 6
40 1144 18 11
41 332 6 3
41 358 9 14
41 652 36 12
41 763 36 13
41 845 41 15
42 191 16 2
42 361 60 11
42 385 1 13
42 434 11 3
42 544 16 7
42 735 56 4
42 741 45 14
42 953 19 15
42 971 28 1
42 1105 16 14
43 110 38 10
43 129 1 15
43 132 16 10
43 185 53 9
43 342 44 2
43 361 43 1
43 441 26 9
43 495 18 9
43 758 46 6
43 848 22 4
43 1003 5 1
43 1012 39 1
43 1095 5 9
43 1132 44 12
43 1167 43 1
44 187 45 7
44 386 18 12
44 450 35 4
44 531 59 8
44 554 45 14
44 1020 24 3
44 1050 51 12
45 102 38 4
45 141 19 2
45 368 39 12
45 379 34 1
45 476 6 9
45 630 7 1
45 672 38 14
45 873 49 15
45 877 52 13
46 104 24 9
46 232 40 11
46 478 54 8
46 551 11 2
46 648 23 4
46 673 58 9
46 729 3 12
46 734 4 5
46 765 51 5
46 1113 11 7
46 1158 47 12
47 288 43 13
47 377 28 4
47 660 16 2
47 664 16 12
47 705 2 4
47 719 46 11
47 825 37 2
47 845 2 2
47 937 10 1
47 972 12 7
47 1035 36 5
48 150 14 7
48 212 32 10
48 456 12 3
48 539 30 14
48 698 60 3
48 761 12 9
48 1072 32 5
49 189 1 7
49 252 46 4
49 272 49 9
49 285 43 11
49 361 17 3
49 366 5 8
49 457 33 14
49 477 29 3
49 650 21 14
49 1003 37 9
50 76 2 10
50 232 32 7
50 442 8 15
50 551 60 11
50 617 49 3
50 638 9 13
50 653 44 10
50 720 15 8
50 982 46 6
50 1152 46 9
51 285 52 1
51 372 20 7
51 522 24 7
51 595 14 12
51 847 57 3
51 902 55 11
51 947 56 10
51 987 20 12
51 1048 46 11
51 1158 8 11
52 274 27 8
52 368 22 7
52 490 35 6
52 533 29 8
52 611 35 4
52 695 14 7
52 759 21 4
52 925 59 9
52 1004 42 4
52 1046 30 2
52 1084 42 9
52 1127 32 13
52 1158 3 6
52 1162 51 5
53 71 54 9
53 183 18 13
53 278 52 6
53 316 23 15
53 409 41 10
53 483 42 2
53 527 4 2
53 600 28 2
53 758 17 5
53 1155 54 6
54 106 52 4
54 376 17 11
54 501 21 3
54 591 5 8
54 741 3 12
54 965 53 2
54 983 18 2
54 1049 34 2
54 1141 8 4
54 1173 58 10
55 250 11 15
55 551 53 12
55 618 34 2
55 723 11 6
55 742 43 8
55 788 41 12
55 810 3 13
56 136 3 4
56 303 55 12
56 741 37 3
56 834 60 2
56 837 45 13
56 901 56 11
56 1040 56 13
56 1122 30 12
56 1162 57 13
57 86 6 3
57 148 39 7
57 291 35 12
57 372 13 12
57 507 56 12
57 607 9 6
57 971 28 3
57 1011 58 7
58 66 40 6
58 133 50 2
58 334 13 9
58 395 14 9
58 454 55 1
58 455 13 2
58 724 32 13
58 866 44 12
58 918 23 5
58 946 25 1
58 950 34 7
58 1059 18 14
58 1073 3 3
58 1139 15 10
59 373 58 15
59 383 34 5
59 461 49 2
59 1049 55 13
59 1057 24 6
59 1138 24 10
60 98 33 14
60 289 47 10
60 394 56 1
60 514 8 13
60 593 7 5
60 1022 47 4
60 1079 21 1
61 78 23 2
61 165 39 12
61 178 52 8
61 234 40 14
61 330 40 11
61 455 38 12
61 488 23 13
61 816 47 3
61 953 51 12
61 1149 13 9
62 101 42 14
62 148 31 7
62 221 56 10
62 721 56 5
62 795 6 8
62 914 34 6
62 996 9 7
63 141 35 13
63 367 20 3
63 412 6 13
63 537 51 11
63 660 48 12
63 929 37 4
64 66 41 10
64 121 53 5
64 132 54 14
64 311 52 9
64 373 35 14
64 382 59 4
64 390 27 7
64 456 58 4
64 458 8 3
64 481 42 11
64 629 16 7
64 734 42 15
64 853 20 2
64 864 55 7
64 895 60 5
65 336 59 6
65 350 46 8
65 369 53 10
65 483 20 10
65 496 16 7
65 542 17 7
65 623 14 3
65 707 20 13
65 894 2 15
65 1076 58 14
65 1129 40 9
66 298 15 12
66 340 52 9
66 552 12 2
66 572 53 5
66 744 37 2
66 899 49 4
66 1040 14 3
66 1133 29 5
67 246 14 11
67 548 22 12
67 663 2 12
67 677 35 14
67 700 35 5
67 800 44 15
67 1042 27 1
67 1076 15 9
67 1137 59 5
68 90 17 6
68 118 8 6
68 210 22 6
68 393 31 6
68 429 8 1
68 487 5 12
68 497 1 6
68 501 54 12
68 513 4 1
68 580 45 14
68 660 21 14
68 785 59 3
68 968 32 7
69 96 8 3
69 194 45 9
69 402 52 13
69 524 38 1
69 887 47 13
69 1000 8 6
69 1150 25 10
69 1167 31 13
69 1172 57 10
70 420 32 13
70 457 15 3
70 474 44 12
70 585 54 11
70 808 55 1
70 811 32 2
70 929 49 7
70 1055 16 4
70 1117 50 13
71 107 50 10
71 181 39 14
71 226 18 7
71 237 15 4
71 282 33 12
71 661 48 13
71 725 56 4
71 726 51 4
71 789 27 8
71 838 60 9
71 1043 57 10
71 1100 46 8
72 232 28 4
72 524 7 13
72 545 60 14
72 680 10 11
72 682 27 9
72 692 39 1
72 875 41 6
72 918 11 13
72 956 49 13
72 1148 54 3
73 100 16 7
73 163 48 8
73 184 21 11
73 384 36 6
73 422 1 9
73 505 27 10
73 526 46 10
73 695 45 14
73 697 14 12
73 727 19 7
73 812 8 10
73 917 48 15
73 943 18 3
73 1105 22 6
73 1143 38 6
74 383 51 12
74 879 42 12
75 215 58 2
75 298 58 12
75 301 12 5
75 399 37 9
75 450 4 13
75 463 14 14
75 650 22 15
75 685 57 15
75 737 55 3
75 879 20 7
75 952 47 11
75 1006 48 8
76 149 1 4
76 187 22 12
76 395 10 10
76 445 44 8
76 580 59 14
76 640 37 14
76 662 60 10
76 860 29 8
76 970 22 12
76 996 43 9
76 1050 3 1
76 1123 14 10
76 1140 2 12
77 108 22 4
77 130 30 11
77 240 60 12
77 301 14 5
77 387 23 1
77 393 51 10
77 574 50 15
77 643 60 3
77 646 8 2
77 856 52 8
77 1162 25 15
78 256 16 4
78 417 51 9
78 433 3 14
78 695 25 8
78 967 5 5
79 366 47 9
79 421 17 6
79 460 40 8
79 506 5 13
79 741 4 4
79 917 35 7
79 922 52 13
79 954 39 9
79 975 16 8
80 180 16 7
80 287 57 3
80 327 16 14
80 350 49 14
80 371 38 10
80 866 16 8
80 938 3 10
80 968 7 4
80 979 24 4
80 1095 28 6
80 1125 18 12
80 1129 58 4
81 219 37 9
81 511 48 11
81 546 7 8
81 734 7 2
81 736 52 6
81 954 45 4
81 971 25 9
81 1127 42 4
81 1147 43 15
82 107 59 8
82 479 41 8
82 480 37 3
82 490 9 8
82 685 55 8
82 789 24 1
82 790 27 9
82 821 57 3
82 1099 48 11
83 198 29 11
83 520 2 11
83 819 2 2
83 873 11 13
83 953 43 9
83 975 30 5
83 1089 17 1
83 1113 5 4
84 368 37 10
84 377 43 10
84 443 4 2
84 613 18 3
84 826 33 11
84 924 40 9
84 1055 33 5
84 1089 53 3
84 1090 26 14
85 374 42 5
85 660 3 5
85 682 13 7
85 949 37 9
85 1045 16 12
86 345 54 3
86 446 41 1
86 626 33 12
86 654 27 11
86 662 19 3
86 742 55 11
86 823 17 14
86 1165 27 12
87 271 49 5
87 273 26 2
87 498 41 2
87 499 10 1
87 594 53 12
87 609 3 2
87 710 31 8
87 733 30 3
87 751 58 6
87 862 20 7
88 121 33 3
88 312 27 5
88 837 34 14
88 869 30 10
88 967 35 5
88 1003 32 12
88 1048 49 1
89 104 36 7
89 217 40 11
89 240 20 9
89 301 47 8
89 314 8 14
89 408 1 4
89 798 55 2
89 804 8 1
89 893 28 7
90 159 14 14
90 335 16 9
90 358 28 8
90 532 31 6
90 606 17 14
90 955 52 9
90 976 8 15
90 1171 56 14
91 156 8 7
91 223 6 5
91 240 52 4
91 334 21 9
91 898 35 9
91 904 16 7
91 984 42 1
91 1021 7 7
92 363 33 4
92 378 41 2
92 625 31 5
92 902 9 13
92 945 6 7
92 1032 30 6
93 226 47 14
93 685 3 7
93 858 30 15
93 903 14 7
93 1106 38 2
93 1160 56 1
93 1167 11 14
94 257 5 6
94 334 60 1
94 477 52 6
94 692 28 8
94 984 43 8
94 1011 40 12
94 1095 24 13
95 168 2 14
95 235 16 7
95 292 36 12
95 520 24 1
95 612 22 11
95 618 30 7
95 681 46 11
95 735 17 3
95 813 43 8
96 163 3 3
96 214 37 9
96 421 42 1
96 569 26 4
96 657 31 11
96 839 2 9
96 908 4 5
96 973 43 10
97 276 38 9
97 454 55 13
97 579 36 13
97 587 44 2
97 691 50 7
97 724 57 10
97 728 23 4
97 986 41 8
97 1037 31 8
97 1052 49 11
98 129 11 2
98 183 29 7
98 361 7 9
98 619 54 9
98 624 57 12
98 644 58 8
98 671 31 6
98 747 43 12
98 836 49 8
98 853 24 5
98 1145 13 8
99 144 13 1
99 223 11 10
99 312 23 7
99 381 54 7
99 401 34 13
99 476 15 15
99 509 17 4
99 534 1 1
99 552 35 7
99 742 3 6
99 765 34 10
99 948 47 2
99 1061 59 7
99 1063 25 15
99 1160 1 3
100 460 13 14
100 683 50 9
100 715 28 6
100 755 33 3
100 904 57 13
100 920 58 3
100 1137 15 14
100 1168 45 12
101 292 25 10
101 376 31 6
101 697 27 3
101 738 31 15
101 874 57 6
101 966 35 14
101 1068 8 14
102 111 34 13
102 779 51 3
102 835 15 14
102 840 33 4
102 1164 25 4
103 264 40 6
103 424 55 5
103 465 16 6
103 662 50 12
103 965 7 10
104 134 29 3
104 150 48 14
104 179 44 10
104 187 23 14
104 209 52 8
104 336 57 11
104 352 12 15
104 419 46 4
104 460 13 14
104 478 54 5
104 489 42 3
104 532 44 5
104 764 60 7
104 769 5 11
104 778 30 6
104 801 18 10
104 933 17 10
104 1144 22 10
105 220 22 15
105 308 35 4
105 323 20 13
105 527 20 1
105 566 50 1
106 209 45 12
106 302 19 2
106 597 32 8
106 892 45 3
106 948 10 12
106 949 37 3
106 1035 14 15
106 1101 56 12
106 1103 59 5
106 1117 4 15
107 309 41 13
107 391 29 12
107 529 14 7
107 632 53 13
107 641 41 8
107 667 53 1
107 676 60 10
107 754 46 9
107 1021 55 10
107 1106 49 11
108 263 47 3
108 409 32 6
108 526 28 14
108 638 35 8
108 696 34 6
108 777 26 1
108 947 9 6
108 998 42 1
108 1000 40 10
109 256 60 6
109 330 53 9
109 366 23 2
109 510 28 9
109 720 38 1
109 935 44 13
109 976 58 5
110 157 36 11
110 232 35 5
110 267 59 3
110 339 13 1
110 358 26 10
110 438 12 11
110 626 25 14
110 860 18 5
110 960 40 3
110 1036 15 11
111 200 56 4
111 536 10 4
111 631 29 3
111 737 34 14
111 824 24 2
111 826 13 3
111 990 13 13
111 1061 22 9
111 1157 38 7
111 1174 22 10
112 167 9 9
112 169 23 11
112 293 11 10
112 316 31 10
112 474 3 5
112 898 34 3
112 1010 11 13
113 189 13 4
113 286 38 7
113 420 26 8
113 422 27 3
113 447 15 3
113 613 7 7
113 668 50 14
113 811 32 4
113 931 42 1
113 1125 7 12
114 256 48 3
114 500 16 12
114 608 11 8
114 1075 35 7
115 372 57 9
115 427 55 14
115 448 58 14
115 510 47 11
115 739 22 8
115 892 5 2
115 930 58 2
115 993 42 6
115 1044 23 4
115 1047 43 4
116 204 48 8
116 276 50 8
116 277 59 15
116 286 18 9
116 364 58 11
116 464 57 13
116 496 55 3
116 497 13 10
116 514 59 12
116 548 33 1
116 735 48 15
116 929 21 10
116 1055 45 10
116 1069 51 13
117 228 6 13
117 500 4 6
117 523 2 14
117 693 1 14
117 795 41 8
117 946 38 13
118 225 41 3
118 347 8 9
118 472 25 15
118 505 9 13
118 1074 17 2
118 1087 36 9
119 155 23 8
119 164 41 12
119 251 2 1
119 366 22 14
119 647 30 10
119 720 28 12
119 748 12 5
119 800 59 5
119 968 54 15
119 1096 23 3
119 1104 22 6
120 215 21 5
120 240 8 10
120 605 18 11
120 639 14 11
120 795 34 15
120 846 60 9
120 888 5 12
120 895 14 2
120 1118 16 12
121 360 43 1
121 647 38 6
121 728 29 15
121 747 9 7
121 836 21 14
121 849 43 4
121 956 28 7
121 1009 30 14
121 1171 50 2
122 260 45 14
122 431 58 1
122 434 12 14
122 523 27 7
122 612 13 8
122 667 16 11
122 781 43 6
122 786 54 9
122 939 59 1
122 1009 20 4
122 1050 53 8
123 150 55 6
123 315 54 15
123 342 60 12
123 415 49 12
123 741 12 11
123 900 56 14
123 931 14 6
123 941 30 6
123 967 35 11
124 206 3 1
124 207 21 8
124 383 16 7
124 486 40 13
124 610 49 3
124 760 54 4
124 901 24 3
124 1004 13 3
124 1126 37 10
125 168 16 4
125 367 18 12
125 378 17 8
125 408 10 14
125 506 39 8
125 552 53 3
125 554 34 4
125 568 31 5
125 893 20 2
125 955 29 2
125 1149 39 15
126 277 58 1
126 300 1 4
126 479 21 7
126 481 4 13
126 526 7 2
126 734 43 9
126 800 10 14
126 1004 24 12
126 1080 36 6
126 1095 32 5
127 260 15 14
127 439 5 9
127 607 42 3
127 653 6 10
127 756 32 11
127 833 37 3
127 863 24 13
127 1077 57 6
127 1104 45 15
128 292 47 15
128 364 52 10
128 413 31 7
128 475 4 4
128 593 36 2
128 1040 32 13
128 1077 13 5
128 1107 17 2
128 1120 14 8
129 487 22 8
129 526 32 12
129 883 58 12
129 949 28 10
129 1068 12 12
130 139 42 15
130 219 52 15
130 265 24 7
130 443 49 15
130 666 25 5
130 750 24 5
130 878 56 3
130 1117 48 12
130 1135 12 7
131 176 48 8
131 264 4 11
131 372 25 13
131 512 40 15
131 591 33 7
131 626 10 9
131 704 45 10
131 792 23 12
131 794 44 9
131 839 5 8
131 854 9 15
131 931 58 12
131 963 29 14
131 1043 4 5
131 1122 17 2
132 167 12 7
132 389 15 13
132 719 8 13
132 742 11 15
132 777 20 6
132 794 42 5
132 861 15 13
132 911 12 11
133 165 8 9
133 314 31 14
133 516 13 8
133 537 45 15
133 637 9 8
133 678 26 2
133 785 34 11
133 798 42 10
133 828 57 11
133 894 41 15
134 155 55 9
134 421 44 2
134 432 15 2
134 458 9 4
134 477 21 6
134 643 42 15
134 924 20 12
134 939 28 7
134 978 59 6
134 988 22 10
134 1025 39 3
134 1127 10 4
134 1147 29 5
135 271 31 1
135 275 19 11
135 297 51 10
135 473 51 7
135 539 57 5
135 540 16 6
135 634 47 10
135 643 51 9
135 691 54 9
135 886 50 14
135 987 38 13
135 1019 6 6
136 268 55 15
136 326 54 1
136 331 60 13
136 400 39 3
136 410 50 9
136 429 46 15
136 460 40 15
136 509 42 10
136 1046 14 10
136 1156 56 2
136 1174 33 15
137 226 44 13
137 440 32 11
137 644 45 1
137 782 35 2
137 819 60 1
137 821 40 7
137 939 7 14
137 980 36 12
138 154 4 6
138 196 33 7
138 394 44 5
138 658 17 12
138 709 21 5
138 786 2 10
138 863 37 13
138 880 60 6
138 973 8 11
139 518 60 11
139 654 43 8
139 687 23 1
139 773 7 13
139 843 44 2
139 1025 44 12
139 1081 48 4
139 1100 24 8
139 1152 39 8
140 227 9 7
140 362 23 2
140 682 4 6
140 787 21 8
140 872 37 12
140 1135 39 9
141 258 39 7
141 631 45 2
141 706 55 3
141 758 58 10
141 777 53 5
141 806 26 15
141 1144 29 1
142 419 52 10
142 582 11 6
142 791 40 14
142 815 3 7
143 421 13 6
143 536 21 12
143 552 9 7
143 606 26 6
143 711 24 12
143 1048 13 15
144 160 46 7
144 202 28 2
144 283 46 15
144 353 45 4
144 383 15 12
144 384 44 6
144 492 48 9
144 728 48 2
144 1152 13 9
145 645 36 10
145 875 44 3
145 877 32 12
145 899 31 2
145 1025 16 3
145 1058 37 1
145 1128 17 4
146 181 55 13
146 297 25 2
146 445 35 1
146 560 36 14
146 626 32 14
146 726 28 9
146 761 24 12
146 782 31 3
146 921 58 7
146 986 15 2
147 155 55 8
147 244 59 10
147 261 13 8
147 394 52 6
147 428 25 9
147 432 18 9
147 722 16 2
147 869 7 9
147 870 9 9
148 253 51 6
148 309 11 7
148 603 1 13
148 685 38 10
148 728 53 14
148 731 48 14
148 743 23 2
148 791 7 2
148 906 58 4
148 909 34 1
148 998 12 10
148 1111 45 8
149 247 48 12
149 488 51 3
149 588 47 1
149 712 32 6
149 761 30 3
149 775 33 3
149 837 41 8
149 842 20 5
149 1067 1 13
150 424 1 5
150 449 53 1
150 700 36 14
150 792 37 7
150 948 30 5
151 244 26 9
151 384 10 12
151 630 41 5
151 639 10 2
151 1051 11 9
152 207 49 5
152 624 1 7
152 665 7 5
152 669 34 13
152 706 34 7
152 715 53 3
152 781 15 9
152 1030 20 15
153 205 13 3
153 313 33 15
153 566 29 6
153 635 44 5
153 832 24 14
153 1091 60 5
154 237 12 5
154 255 38 11
154 257 54 14
154 277 36 7
154 588 31 12
154 842 2 14
154 949 9 6
154 1013 26 4
154 1026 13 10
154 1094 1 9
154 1140 10 1
155 182 59 15
155 190 14 7
155 387 46 6
155 403 5 10
155 489 14 7
155 558 34 12
155 653 35 2
155 865 26 9
155 1040 40 4
155 1135 47 4
155 1173 24 9
156 268 34 2
156 286 55 12
156 340 16 9
156 435 44 10
156 787 20 9
156 819 43 10
156 823 6 10
156 880 55 9
156 1024 35 13
156 1088 5 4
157 400 3 10
157 415 44 3
157 435 5 5
157 479 58 15
157 483 53 9
157 632 15 10
157 948 30 1
157 1120 44 13
158 329 54 8
158 356 12 8
158 380 2 11
158 503 23 15
158 518 18 1
158 610 56 13
158 642 54 4
158 669 16 10
158 840 17 9
158 850 13 3
158 1035 57 4
158 1039 4 4
158 1100 40 13
159 234 49 7
159 413 26 6
159 677 51 2
159 798 31 15
159 891 39 2
160 207 31 12
160 241 52 3
160 380 48 10
160 418 54 6
160 465 12 6
160 611 38 7
160 631 53 13
160 790 46 5
160 1035 20 6
160 1100 45 12
160 1149 20 14
161 164 35 5
161 357 60 1
161 424 49 4
161 430 48 3
161 590 25 6
161 634 58 8
161 657 4 10
161 794 5 6
161 895 44 10
161 1086 52 1
161 1166 15 6
162 214 25 2
162 258 3 12
162 509 54 12
162 615 9 6
162 625 37 6
162 689 46 1
162 715 39 6
162 753 19 14
162 923 35 9
162 941 31 15
162 1118 29 13
162 1141 20 2
162 1170 10 5
163 172 9 4
163 259 40 4
163 347 57 1
163 781 29 2
163 824 30 6
163 932 17 7
163 1169 6 2
164 175 39 15
164 243 38 11
164 259 56 2
164 404 56 8
164 472 12 2
164 602 58 1
164 676 58 3
164 937 28 5
164 1162 45 11
165 179 42 9
165 231 5 14
165 270 23 15
165 404 17 9
165 426 55 9
165 673 54 4
165 739 25 13
165 745 42 14
165 946 38 4
165 1049 58 11
165 1148 54 3
166 790 46 1
166 795 48 3
166 798 34 4
166 914 51 1
166 940 45 2
166 1065 15 13
166 1151 6 3
167 354 22 4
167 389 33 9
167 455 37 4
167 581 58 14
167 825 25 15
167 844 9 2
168 206 23 1
168 351 58 15
168 372 37 4
168 598 60 15
168 599 29 8
168 614 24 11
168 715 49 15
168 829 47 7
168 898 38 9
168 946 52 10
168 953 23 11
168 1063 6 1
168 1085 32 3
169 299 33 1
169 385 9 15
169 506 4 2
169 507 41 6
169 696 53 13
169 770 2 11
169 1010 51 7
169 1023 9 14
170 200 10 10
170 232 52 11
170 346 51 1
170 376 16 11
170 403 3 7
170 430 50 2
170 606 2 3
170 613 31 15
170 743 35 8
170 869 23 2
170 932 8 13
171 225 49 1
171 369 23 6
171 378 41 7
171 439 13 3
171 455 22 7
171 546 22 6
171 671 13 9
171 682 37 12
171 797 40 12
171 916 3 5
171 923 39 8
171 970 51 2
171 1000 59 12
171 1171 16 9
172 310 52 3
172 401 7 5
172 428 24 1
172 544 12 3
172 580 23 4
172 752 31 5
172 896 56 2
173 241 8 8
173 322 39 5
173 384 30 14
173 694 50 15
173 753 1 2
173 998 24 6
174 288 50 4
174 374 12 3
174 457 17 14
174 646 19 13
174 796 41 3
174 889 30 6
174 890 45 8
174 1070 18 14
174 1107 25 9
174 1169 1 15
175 177 21 5
175 272 37 4
175 395 58 2
175 405 26 12
175 412 3 11
175 440 47 12
175 480 28 2
175 658 19 4
175 810 54 13
175 838 8 6
176 588 51 8
176 658 25 2
176 1130 13 3
177 232 11 1
177 246 59 8
177 260 30 9
177 294 1 4
177 367 32 11
177 476 15 6
177 613 21 2
177 924 39 4
177 1066 44 8
178 185 55 13
178 288 27 4
178 355 17 13
178 440 29 10
178 551 2 11
178 665 39 9
178 778 58 14
178 807 47 13
178 809 45 9
178 975 1 1
178 1057 45 4
179 401 8 10
179 456 30 8
179 601 16 11
179 603 55 12
179 632 41 5
179 736 39 15
179 768 20 15
179 774 57 6
179 832 39 7
179 1005 37 11
179 1065 22 10
179 1110 14 3
180 183 30 7
180 221 4 9
180 412 6 1
180 488 23 7
180 510 45 3
180 625 32 14
180 640 57 2
180 654 5 5
180 718 3 10
180 883 52 13
180 915 5 5
180 949 17 7
180 960 58 15
181 697 36 7
181 753 58 1
181 816 58 4
181 830 12 13
181 917 60 6
181 933 9 10
181 956 34 3
181 1124 13 14
182 669 30 15
182 762 60 7
182 836 7 14
182 1095 60 10
183 184 55 6
183 410 6 2
183 496 25 5
183 504 43 7
183 505 16 3
183 524 34 15
183 542 25 1
183 569 35 12
183 712 53 8
183 774 2 1
183 925 30 1
183 938 52 9
183 1110 18 14
184 375 42 11
184 610 21 15
184 743 31 2
184 792 12 8
184 869 56 12
184 1077 52 12
185 269 47 13
185 335 43 2
185 488 15 4
185 944 36 9
185 979 43 8
186 519 5 2
186 617 60 11
186 715 43 4
186 898 54 3
186 919 35 9
186 968 25 12
186 1002 47 13
187 262 10 11
187 426 4 4
187 436 1 7
187 446 41 1
187 565 48 2
187 614 27 6
187 753 7 10
187 815 12 3
187 883 26 15
188 220 12 3
188 398 5 15
188 872 50 11
188 875 28 15
188 1091 30 1
188 1119 1 3
189 234 33 15
189 256 18 3
189 473 8 9
190 443 7 5
190 444 35 8
190 517 37 6
190 616 46 4
190 775 34 1
190 815 11 12
190 855 44 11
190 867 6 2
190 1122 5 13
191 371 4 6
191 750 15 6
191 838 36 7
191 866 44 9
191 993 51 13
191 1034 37 10
191 1035 34 13
191 1079 29 6
191 1111 37 8
192 248 35 9
192 302 14 5
192 338 17 4
192 383 44 13
192 444 6 14
192 524 52 13
192 561 14 3
192 595 34 8
192 641 19 6
192 655 26 1
192 706 42 15
192 728 24 14
192 911 58 15
192 997 43 12
192 1077 57 8
192 1092 24 11
193 322 18 10
193 387 12 10
193 429 19 9
193 500 31 13
193 594 48 2
193 610 44 9
193 1104 29 10
193 1117 26 11
194 234 19 13
194 334 46 8
194 341 32 11
194 565 16 14
194 629 5 15
194 722 34 7
195 396 60 10
195 399 19 9
195 412 40 9
195 426 45 2
195 461 24 15
195 749 15 5
195 758 36 3
195 784 19 4
195 910 37 15
195 974 21 11
195 1021 26 9
196 211 11 3
196 398 9 6
196 458 43 7
196 765 11 4
196 1011 60 1
196 1164 19 14
197 395 49 13
197 499 35 8
197 530 54 2
197 618 38 12
197 682 45 2
197 806 8 10
197 817 20 11
197 1077 16 12
197 1170 14 1
198 535 54 7
198 637 32 15
198 780 50 8
198 957 40 5
198 993 2 1
198 1148 19 4
199 718 22 15
199 772 12 14
199 799 37 15
199 914 33 15
199 1026 46 11
200 305 31 11
200 446 28 10
200 462 59 11
200 497 26 11
200 796 60 5
200 941 37 6
200 1114 52 11
200 1149 5 2
201 382 16 10
201 589 14 7
201 598 3 5
201 602 30 7
201 624 31 5
202 316 48 8
202 342 43 1
202 815 3 7
202 1054 2 11
202 1154 37 11
203 438 42 3
203 519 10 13
203 638 37 15
203 650 25 4
203 665 39 12
203 724 56 4
203 739 34 10
203 825 2 6
203 848 17 15
203 950 20 2
204 589 56 14
204 632 6 1
204 641 41 6
204 658 40 13
204 769 7 14
204 861 20 6
204 1093 35 1
204 1101 8 15
204 1109 6 3
205 503 7 5
205 669 13 1
205 772 37 7
205 957 27 5
205 1000 18 5
205 1045 31 12
205 1097 55 6
205 1125 31 6
205 1168 31 13
206 207 5 5
206 442 28 9
206 771 26 11
206 857 21 12
207 209 13 7
207 280 57 3
207 311 23 13
207 315 15 3
207 400 19 3
207 436 6 3
207 514 49 14
207 535 55 14
207 624 16 6
207 689 49 14
207 738 4 13
207 939 52 13
207 1143 4 13
208 231 39 9
208 258 36 6
208 339 19 6
208 411 43 8
208 502 55 2
208 549 34 2
208 583 46 12
208 670 42 8
208 768 33 14
208 1025 58 13
208 1109 44 5
209 215 60 3
209 230 31 8
209 327 39 7
209 344 36 5
209 429 47 5
209 540 16 13
209 876 45 2
209 972 44 5
209 1141 59 9
209 1145 30 14
209 1151 34 14
210 229 44 5
210 261 35 11
210 267 50 12
210 428 20 6
210 474 33 15
210 512 16 15
210 624 8 8
210 845 60 10
210 884 41 1
210 954 41 3
210 965 58 11
210 988 35 6
210 1043 33 4
210 1174 1 5
211 245 7 8
211 330 49 9
211 336 24 14
211 346 4 7
211 352 24 5
211 495 14 11
211 504 8 6
211 629 5 2
211 937 18 10
212 224 20 14
212 506 58 9
212 568 41 15
212 664 38 12
212 694 53 7
212 904 53 11
212 1004 19 11
212 1026 51 5
213 389 11 6
213 472 46 3
213 530 58 9
213 576 54 3
213 768 39 9
213 857 26 7
213 968 4 9
213 982 43 12
213 1155 25 1
214 450 28 11
214 576 12 12
214 608 31 11
214 916 10 9
214 1024 6 10
214 1168 31 4
215 336 33 9
215 528 17 9
215 691 43 3
215 740 34 2
215 877 20 5
215 979 43 11
215 1002 9 13
215 1030 45 14
216 290 50 12
216 357 28 3
216 417 36 12
216 510 26 14
216 692 44 4
216 707 47 4
216 907 43 6
216 948 11 14
216 981 36 9
216 1071 7 13
216 1144 49 11
216 1160 54 9
217 267 14 9
217 471 41 14
217 507 16 11
217 762 2 4
217 773 34 12
217 805 25 6
217 822 22 15
217 866 27 7
217 880 10 3
217 980 20 1
217 1018 3 14
218 532 32 5
218 633 37 4
218 882 40 9
218 1081 12 13
218 1123 25 12
219 441 42 2
219 639 42 5
219 880 15 14
219 966 34 1
219 1052 36 11
219 1092 59 4
219 1102 48 12
219 1111 8 5
220 270 30 13
220 381 2 14
220 407 41 13
220 587 36 10
220 978 39 2
221 262 50 6
221 277 3 2
221 292 24 2
221 450 13 1
221 469 41 7
221 498 13 8
221 670 57 15
221 1023 33 6
221 1058 1 12
222 381 50 10
222 413 50 11
222 461 27 5
222 833 42 15
222 890 25 3
223 341 55 9
223 518 52 5
223 527 39 3
223 569 16 11
223 869 12 12
223 916 53 6
223 967 44 9
223 973 8 11
224 264 35 4
224 305 4 14
224 399 12 15
224 431 54 3
224 467 12 12
224 606 19 13
224 689 59 8
224 1035 10 3
224 1049 31 10
224 1094 28 13
224 1096 52 14
225 245 54 3
225 372 11 8
225 413 51 8
225 455 43 1
225 590 9 12
225 906 45 8
225 1056 27 15
225 1096 22 12
225 1125 36 8
226 304 21 6
226 374 58 13
226 501 3 12
226 578 50 2
226 596 38 2
226 675 52 8
226 732 51 14
226 1003 3 6
226 1029 4 4
226 1097 50 2
226 1162 52 4
226 1164 13 7
227 457 10 4
227 494 35 14
227 552 19 3
227 591 15 6
227 613 19 10
227 738 57 8
227 846 29 5
227 872 33 1
227 1077 5 13
228 235 7 10
228 259 55 4
228 448 17 14
228 469 47 11
228 671 29 4
228 687 48 3
228 821 54 15
228 909 50 6
229 652 20 1
229 848 56 13
229 1040 12 10
230 370 60 13
230 465 46 6
230 663 52 10
230 670 11 11
230 707 37 7
230 790 46 3
230 965 41 1
230 992 13 10
230 1019 20 8
230 1023 29 5
231 367 8 15
231 544 57 9
231 551 40 14
231 722 9 10
231 935 9 3
231 944 45 2
231 1000 50 7
231 1040 11 12
231 1104 56 4
232 267 49 15
232 342 44 14
232 403 44 5
232 621 36 12
232 697 49 15
232 724 42 13
232 944 31 6
232 980 44 9
232 1021 19 2
233 476 20 13
233 525 49 3
233 581 16 8
233 886 36 3
233 1141 33 6
234 336 21 15
234 447 38 4
234 510 41 12
234 800 11 14
234 873 56 10
234 879 39 12
235 309 33 3
235 504 7 8
235 507 44 5
235 610 12 10
235 729 20 1
235 835 38 12
235 1094 59 3
236 238 20 12
236 336 11 4
236 429 2 9
236 513 27 11
236 615 14 12
236 818 26 9
236 877 48 11
236 948 17 12
236 1035 25 13
236 1172 44 14
236 1173 7 1
237 436 41 7
237 583 57 4
237 661 8 10
237 941 59 14
237 988 55 1
237 1126 44 12
238 346 27 11
238 393 38 8
238 400 38 11
238 488 52 15
238 497 30 9
238 976 20 6
238 1069 50 1
238 1163 15 12
239 414 39 12
239 461 13 7
239 598 56 5
239 973 44 7
239 1069 12 10
240 242 27 5
240 436 48 5
240 437 25 3
240 543 59 4
240 682 5 6
240 690 55 4
240 770 24 3
240 787 3 9
240 888 12 12
240 1034 55 10
241 585 25 10
241 656 51 2
241 996 53 4
241 1062 5 15
242 278 44 3
242 279 4 3
242 312 2 6
242 435 8 1
242 535 28 15
242 830 60 6
242 849 6 5
242 913 26 13
242 956 46 3
242 983 4 13
242 1098 4 5
242 1154 42 14
243 245 46 12
243 342 50 4
243 360 2 4
243 534 9 13
243 773 17 9
243 842 48 11
243 911 55 4
243 1115 38 3
244 423 10 12
244 506 59 8
244 584 39 10
244 622 48 5
244 928 12 14
244 997 42 11
244 1007 14 11
244 1143 50 9
245 396 57 14
245 622 51 3
245 932 21 6
245 1104 45 5
245 1106 46 4
246 285 45 4
246 299 34 5
246 337 23 15
246 346 37 10
246 380 26 7
246 534 38 3
246 756 42 1
246 914 38 2
246 934 45 12
246 962 5 2
246 1033 32 5
246 1087 36 5
247 306 38 1
247 307 3 5
247 508 42 12
247 727 44 7
247 778 31 13
247 1140 20 9
248 375 36 1
248 440 1 13
248 711 36 11
248 784 13 5
248 847 32 13
248 962 11 8
248 983 45 10
249 344 40 1
249 609 40 13
249 851 38 15
250 296 10 4
250 596 51 12
250 604 46 11
250 643 60 9
250 783 49 12
250 1111 4 13
250 1150 35 11
251 345 45 6
251 371 53 15
251 586 16 14
251 750 57 13
251 782 29 15
251 1051 59 4
251 1073 15 7
251 1112 59 3
252 280 6 15
252 368 43 15
252 383 45 3
252 469 21 3
252 563 38 9
252 592 51 11
252 690 35 14
252 995 25 11
252 1040 20 2
253 549 35 6
253 616 11 1
253 766 58 1
253 788 15 13
253 879 29 1
253 970 28 15
253 1083 35 2
253 1173 26 15
254 300 16 4
254 357 47 4
254 555 49 2
254 678 12 3
254 696 28 9
254 840 5 6
254 908 30 10
254 978 3 1
254 992 48 15
254 994 3 13
254 1004 14 15
254 1037 1 8
255 313 34 15
255 417 12 9
255 510 20 5
255 594 32 6
255 720 33 14
255 763 56 4
255 766 60 1
255 799 15 12
255 866 36 5
255 981 3 3
255 986 5 10
256 322 60 12
256 440 46 9
256 691 45 13
256 736 47 11
256 939 7 15
256 989 45 14
256 1058 20 6
256 1139 41 10
257 296 21 6
257 341 17 7
257 360 42 8
257 424 8 12
257 470 44 8
257 491 57 7
257 591 34 5
257 650 1 9
257 666 50 6
257 739 22 3
257 803 26 12
257 846 29 5
257 901 25 9
257 904 39 12
257 1031 48 11
257 1049 16 8
258 330 31 6
258 624 10 9
258 717 19 3
258 910 26 10
259 266 55 12
259 434 18 4
259 435 47 9
259 586 5 15
259 592 18 15
259 705 36 1
259 728 22 12
259 779 31 3
259 1164 41 9
260 393 31 9
260 431 12 3
260 519 30 6
260 535 59 4
260 616 10 13
260 652 49 6
260 831 6 4
260 918 12 8
261 314 18 13
261 399 32 10
261 1081 58 12
262 426 11 12
262 447 54 11
262 512 30 1
262 579 39 8
262 599 14 2
262 664 25 10
262 841 5 14
262 953 33 9
262 1113 47 4
263 308 51 14
263 353 48 5
263 400 44 4
263 633 3 13
263 869 40 6
263 970 20 6
263 1126 21 8
264 792 26 15
264 945 58 1
264 1051 55 1
264 1059 44 15
265 324 44 9
265 554 51 1
265 556 37 14
265 600 24 13
265 650 14 10
265 678 36 13
265 792 49 15
265 947 8 4
265 1114 11 15
265 1134 18 14
265 1154 15 13
266 450 25 4
266 658 28 8
266 847 20 12
266 1081 57 11
267 282 30 5
267 296 41 7
267 315 8 9
267 438 19 2
267 472 48 6
267 727 56 15
268 297 29 7
268 388 11 9
268 735 42 15
268 950 16 11
269 355 24 8
269 471 59 5
269 493 25 2
269 653 59 2
269 987 21 10
270 386 59 15
270 440 16 15
270 530 14 14
270 648 53 12
270 810 50 14
270 868 58 11
270 968 43 9
270 1117 59 2
270 1134 10 10
270 1147 57 13
270 1148 18 1
271 297 36 2
271 399 3 1
271 481 48 15
271 602 41 3
271 914 48 9
271 1126 8 8
272 518 22 3
272 583 34 1
272 626 13 5
272 740 60 7
272 813 30 3
272 901 38 13
272 953 31 14
272 992 15 4
272 1156 31 10
273 354 50 15
273 468 6 6
273 573 54 9
273 584 26 10
273 618 1 6
273 826 42 12
273 908 17 12
273 975 13 4
273 982 50 1
273 1008 12 14
273 1034 39 8
274 429 3 14
274 588 27 11
274 705 46 2
274 1039 55 9
274 1152 34 8
275 300 59 1
275 359 3 14
275 368 34 4
275 581 14 8
275 614 15 10
275 620 37 5
275 733 25 3
275 845 49 12
275 924 45 12
275 951 48 2
275 971 8 2
276 321 38 1
276 369 2 7
276 473 57 8
276 485 15 1
276 486 1 13
276 672 17 13
276 794 36 14
276 975 6 10
276 1045 12 6
276 1123 30 3
277 302 34 1
277 465 15 9
277 558 19 11
277 734 29 13
277 784 6 9
277 791 51 7
277 874 25 1
277 1165 16 10
278 281 29 12
278 320 15 6
278 654 49 12
278 668 37 10
278 984 57 7
278 1018 12 8
279 301 51 14
279 312 2 10
279 431 9 5
279 857 21 3
279 996 51 11
279 1000 16 2
280 675 36 15
280 1014 24 9
280 1104 49 12
281 431 21 8
281 441 9 13
281 460 13 15
281 547 14 15
281 719 51 2
281 929 46 8
281 1036 6 2
281 1121 4 8
282 417 37 2
282 449 16 15
282 644 39 1
282 851 50 4
282 1019 21 5
282 1055 52 9
282 1149 1 1
283 324 37 9
283 390 31 9
283 431 34 14
283 804 19 1
283 959 20 4
284 289 56 14
284 293 41 7
284 318 53 8
284 364 36 7
284 712 38 5
284 764 5 6
284 971 46 5
284 1164 53 11
285 729 4 10
285 768 15 9
285 801 29 14
285 840 51 8
285 895 46 4
285 916 51 4
285 957 40 3
285 1004 1 2
285 1009 24 7
286 411 6 1
286 594 44 7
286 599 33 6
286 644 58 12
286 651 56 9
286 1098 37 8
287 596 60 3
287 620 51 5
287 747 2 7
287 1061 22 6
287 1070 50 6
288 456 8 3
288 486 16 8
288 571 5 13
288 592 20 3
288 700 39 13
288 796 60 13
288 1073 34 9
288 1108 30 5
289 392 54 11
289 429 19 15
289 558 26 2
289 699 25 11
289 712 41 11
289 795 37 12
289 818 13 9
289 1016 51 2
290 316 45 9
290 348 45 13
290 371 35 15
290 397 6 3
290 506 22 8
290 912 58 12
290 972 14 15
290 996 4 15
290 1044 54 5
290 1139 59 10
291 564 14 1
291 700 7 1
291 812 36 3
291 871 35 6
291 1065 28 2
291 1117 25 13
292 295 59 8
292 325 50 12
292 358 35 12
292 406 32 2
292 453 20 15
292 563 12 12
292 702 2 4
292 801 59 13
292 904 24 12
292 1024 32 10
292 1052 47 8
292 1060 34 11
292 1100 50 15
292 1155 55 7
293 297 55 15
293 454 54 4
293 630 41 4
294 315 2 1
294 424 36 2
294 744 21 7
294 763 12 12
294 840 27 2
294 867 3 7
294 930 16 6
295 432 47 2
295 513 2 7
295 523 57 8
295 768 57 8
295 837 9 14
295 920 2 4
295 983 51 7
295 994 58 3
295 1033 40 5
295 1036 3 9
296 544 59 5
296 625 7 15
296 716 29 2
296 1143 30 15
296 1155 43 7
297 298 46 14
297 307 20 10
297 451 44 4
297 627 49 6
297 693 40 1
297 713 37 11
297 811 48 3
297 833 46 14
297 838 27 8
297 1083 32 8
297 1119 54 10
298 357 38 8
298 722 46 15
298 786 11 14
298 868 32 12
298 895 46 4
298 908 6 1
298 1027 40 8
298 1129 38 10
298 1170 31 4
299 408 50 5
299 449 32 12
299 511 40 2
299 613 50 9
299 799 36 3
299 896 36 1
299 932 18 13
299 1147 27 10
300 352 14 4
300 399 31 10
300 481 36 2
300 511 46 12
300 550 7 8
300 677 59 13
300 1072 31 4
300 1095 32 13
300 1111 5 2
300 1161 20 6
301 451 26 9
301 547 16 12
301 656 3 6
301 674 45 2
301 733 60 6
301 757 42 11
301 781 4 8
301 1104 57 4
302 356 9 9
302 706 9 5
302 730 18 9
302 771 48 2
302 986 3 15
303 318 42 3
303 578 38 14
303 611 39 12
303 1108 38 14
303 1133 31 15
303 1165 15 12
304 550 31 5
304 596 35 15
304 680 23 13
304 910 16 15
304 963 23 11
305 353 14 5
305 447 27 1
305 449 49 6
305 730 1 8
305 796 55 14
305 863 43 6
305 895 3 12
305 905 7 4
306 533 58 14
306 739 45 9
306 954 2 15
306 1039 44 6
307 404 31 6
307 573 20 3
307 598 7 15
307 690 12 12
307 913 22 15
307 1119 42 13
307 1143 40 6
308 310 17 9
308 469 55 12
308 771 60 13
308 777 42 14
308 828 59 10
308 842 20 5
308 890 4 9
308 899 8 10
308 949 7 14
308 953 35 7
308 1007 40 9
308 1132 27 8
309 370 4 4
309 381 35 8
309 456 33 14
309 465 28 5
309 469 31 13
309 606 51 15
309 717 5 5
309 810 9 2
309 851 9 15
309 1064 46 3
310 381 59 7
310 409 29 14
310 449 10 5
310 507 32 6
310 509 6 6
310 530 24 9
310 540 15 4
310 696 50 10
310 714 43 14
310 755 28 5
310 807 50 12
310 894 5 6
310 1035 27 10
310 1072 46 15
310 1173 43 11
311 343 4 14
311 489 13 7
311 940 33 5
312 327 45 11
312 431 13 13
312 508 21 8
312 510 37 9
312 728 7 2
312 792 25 15
312 921 52 2
312 940 58 14
312 1130 16 14
313 339 31 3
313 347 5 12
313 462 7 3
313 677 33 2
313 711 43 3
313 944 47 11
313 1008 28 11
313 1061 26 12
314 433 4 13
314 510 18 2
314 658 2 8
314 666 11 1
314 800 52 6
314 843 39 6
314 909 55 13
314 957 45 12
314 1156 9 4
315 406 20 3
315 548 43 11
315 599 15 3
315 778 32 5
315 939 54 9
315 990 51 7
316 546 48 14
316 561 5 9
316 575 60 8
316 653 54 9
317 564 52 4
317 728 23 6
317 863 8 8
317 873 4 13
317 943 4 12
317 978 58 3
317 1020 50 9
318 364 11 4
318 379 28 6
318 614 17 10
318 686 25 13
318 698 36 12
318 863 25 7
318 962 55 8
318 980 36 3
319 324 45 7
319 526 35 11
319 631 15 8
319 689 59 15
319 856 28 10
319 991 43 13
319 1052 13 1
319 1152 17 13
320 340 52 7
320 446 29 7
320 609 47 4
320 646 26 3
321 401 40 12
321 622 12 13
321 956 50 8
321 1028 24 7
321 1174 19 3
322 359 10 9
322 453 54 10
322 563 59 6
322 850 1 4
322 1008 54 4
323 335 46 3
323 600 40 4
323 645 32 15
323 661 21 15
323 728 1 15
323 1093 39 8
323 1133 55 12
323 1161 45 3
324 635 6 2
324 840 7 4
324 843 46 6
324 889 3 5
324 895 15 14
324 907 58 5
324 926 59 1
324 1001 36 13
324 1087 22 5
324 1146 25 8
325 358 16 13
325 518 34 14
325 648 56 3
325 889 20 15
325 911 13 6
325 931 7 12
325 1061 47 11
325 1160 48 10
326 422 34 5
326 541 35 6
326 629 22 14
326 647 28 4
326 657 59 10
326 693 18 5
326 729 5 2
326 773 44 13
326 821 38 4
326 851 40 6
326 999 24 15
326 1013 30 3
326 1068 27 1
326 1127 51 3
327 357 11 1
327 449 56 15
327 548 28 11
327 596 42 12
327 1003 59 13
327 1083 6 10
328 874 23 14
328 905 31 3
328 960 39 13
328 1098 53 9
329 349 33 1
329 478 49 6
329 586 24 13
329 617 20 1
329 733 21 4
329 905 29 2
329 996 25 9
329 1167 23 13
330 407 31 6
330 567 25 9
330 640 31 8
330 976 24 9
330 1031 52 5
330 1046 20 3
330 1079 47 9
331 361 28 9
331 363 18 15
331 453 3 15
331 548 14 14
331 736 60 14
331 990 42 10
331 1107 17 1
331 1113 4 5
332 618 58 15
332 711 26 2
332 763 14 9
332 869 19 13
332 919 56 11
332 1075 47 11
333 452 33 10
333 562 54 8
333 761 15 9
333 1134 16 1
334 401 56 13
334 556 47 1
334 582 18 9
334 656 16 2
334 904 53 15
334 914 41 4
334 1023 47 10
334 1054 8 8
334 1055 45 10
334 1090 39 9
335 680 56 2
335 688 57 3
335 1044 40 14
335 1142 38 2
336 594 38 13
336 657 39 5
336 729 23 7
336 732 5 1
336 783 56 2
336 800 35 3
336 880 49 8
336 959 60 3
337 362 20 4
337 395 54 10
337 407 54 10
337 492 59 9
337 502 20 5
337 510 34 1
337 696 30 4
337 763 22 12
337 981 17 1
337 987 32 9
337 1040 17 4
337 1076 28 8
338 397 2 1
338 493 5 15
338 637 25 12
338 713 20 15
338 861 50 8
338 945 29 10
338 1072 18 14
338 1073 33 15
338 1109 39 6
339 372 40 10
339 446 41 11
339 463 29 14
339 620 40 2
339 696 24 4
339 749 37 10
339 787 28 15
339 880 48 2
339 1022 38 6
340 393 38 13
340 632 45 1
340 720 27 13
340 728 33 14
340 908 12 2
340 1085 11 4
341 359 59 3
341 414 51 8
341 453 58 2
341 456 36 12
341 519 4 5
341 594 22 2
341 619 19 13
341 658 6 2
341 754 6 11
341 802 59 6
341 953 44 14
341 978 2 6
341 1057 57 11
341 1143 45 9
342 409 53 13
342 506 21 3
342 737 7 12
343 395 47 15
343 624 34 3
343 729 49 11
343 750 38 6
343 1019 17 3
343 1035 2 3
343 1078 45 9
343 1087 25 12
343 1108 7 12
343 1123 29 4
344 469 40 12
344 661 30 14
344 724 5 15
344 766 28 10
344 833 31 14
344 838 29 7
344 880 24 12
344 928 2 5
344 978 36 7
344 1002 58 2
344 1044 3 8
345 430 44 3
345 492 40 9
345 497 59 1
345 710 59 7
345 722 3 15
345 726 12 9
345 734 3 2
345 766 13 5
345 833 12 12
345 868 4 3
345 925 2 1
345 1001 34 5
345 1010 51 11
345 1047 50 10
345 1054 45 14
345 1077 39 4
345 1098 19 12
346 841 60 12
346 950 41 4
346 983 29 6
346 1065 12 12
346 1131 51 15
346 1134 6 5
347 508 21 7
347 588 2 11
347 712 50 4
347 714 36 11
347 910 53 11
347 961 28 11
347 1134 58 11
348 359 40 15
348 748 20 6
348 803 53 12
348 838 5 8
348 879 12 11
348 934 16 4
349 406 33 2
349 597 13 14
349 650 12 15
349 767 19 10
349 996 6 6
349 1109 18 15
349 1124 58 8
350 452 34 12
350 601 57 9
350 872 47 12
350 1066 32 8
350 1158 27 10
351 564 28 9
351 624 56 10
351 814 2 3
351 1085 15 1
352 610 11 8
352 689 50 11
352 695 57 5
352 729 36 9
352 795 4 5
352 875 45 14
352 940 47 7
352 961 23 4
352 1030 34 3
353 459 23 2
353 467 17 9
353 488 23 3
353 878 47 1
353 976 54 15
353 1017 32 7
354 599 39 11
354 873 48 4
354 898 35 6
354 947 1 6
355 380 33 7
355 405 47 15
355 464 12 1
355 533 19 15
355 551 19 2
355 629 30 14
355 710 56 9
355 970 10 4
355 1007 25 2
355 1015 25 14
355 1139 45 10
356 670 18 3
356 742 49 2
356 778 9 1
356 1010 33 15
356 1167 39 2
357 393 27 2
357 444 16 1
357 858 20 11
357 915 23 2
357 1094 23 2
357 1108 42 13
357 1113 35 4
358 470 6 5
358 478 45 1
358 484 23 9
358 601 26 5
358 640 10 4
358 812 59 9
358 858 11 10
358 1002 20 1
358 1080 20 9
359 411 57 4
359 1009 9 7
359 1064 41 12
360 495 9 1
360 517 13 6
360 638 60 4
360 959 55 10
360 965 49 6
360 1009 21 7
360 1070 21 10
361 456 26 5
361 522 36 5
361 574 49 10
361 596 47 15
361 838 11 9
361 958 16 15
361 992 41 15
361 1040 59 10
361 1158 25 8
362 390 4 8
362 628 56 3
362 764 42 9
362 857 41 6
362 898 20 7
362 935 6 1
363 545 9 7
363 827 59 14
363 950 27 11
363 1104 23 11
364 548 33 15
364 712 55 2
364 898 1 15
364 921 31 5
364 975 23 3
364 1006 7 14
364 1016 55 6
364 1047 24 1
364 1160 15 13
365 762 17 2
365 830 35 10
365 1035 58 6
365 1174 39 9
367 404 48 8
367 509 30 2
367 710 24 9
367 746 53 5
367 830 34 13
367 1000 28 4
368 414 36 12
368 522 47 10
368 539 15 3
368 767 11 14
368 874 55 7
368 989 20 11
368 1010 44 1
368 1048 40 11
368 1140 38 13
368 1141 55 14
369 463 58 8
369 507 2 11
369 588 49 15
369 651 23 3
369 819 13 7
369 827 5 10
369 905 53 5
369 911 41 10
369 1022 3 2
369 1137 6 12
370 447 15 11
370 902 3 2
370 931 36 7
370 1033 55 2
370 1039 38 3
371 437 41 7
371 607 27 4
371 706 2 13
371 833 10 9
371 859 27 13
371 942 39 2
371 1014 23 9
371 1067 10 11
372 660 4 11
372 738 2 4
372 857 8 13
372 894 18 4
372 996 23 13
372 1009 15 11
372 1097 43 4
373 389 26 4
373 484 40 1
373 821 53 14
373 928 49 6
373 943 49 10
373 1047 37 10
373 1068 43 14
373 1169 21 1
373 1172 45 2
374 534 47 4
374 612 35 8
374 921 60 13
374 1081 3 13
375 713 41 6
375 714 29 7
375 765 30 3
375 850 1 11
375 851 9 10
375 1111 60 2
375 1164 45 9
376 482 16 7
376 515 22 1
376 687 21 13
376 769 4 4
377 508 58 7
377 550 30 12
377 587 7 10
377 662 34 11
377 681 49 15
377 802 3 10
377 822 43 12
377 935 21 3
377 980 15 1
377 1060 56 9
377 1147 12 13
378 462 52 2
378 682 3 6
378 789 18 5
378 833 17 12
378 965 45 2
378 1110 58 2
379 391 54 7
379 473 37 9
379 683 23 12
379 861 24 7
379 949 34 8
379 954 51 8
379 1011 41 3
379 1066 17 3
379 1120 30 6
380 393 16 10
380 418 1 11
380 476 58 15
380 631 33 14
380 799 32 13
380 914 5 1
380 1126 20 8
381 426 48 12
381 476 46 4
381 485 53 15
381 491 45 6
381 564 33 8
381 664 7 1
381 685 41 9
381 748 50 4
381 755 52 12
381 797 8 1
381 861 59 9
381 989 47 9
381 1058 44 9
382 462 24 13
382 724 34 3
382 727 30 6
382 1014 34 2
383 450 15 3
383 459 23 1
383 574 26 14
383 728 18 10
383 738 4 10
383 931 20 14
383 995 43 15
383 1028 4 13
383 1131 49 15
384 564 3 13
384 615 8 6
384 707 5 3
384 1076 17 9
384 1138 26 8
385 392 43 8
386 427 60 10
386 471 39 1
386 547 6 9
386 642 3 12
386 806 60 9
386 861 25 4
386 882 27 14
386 947 20 1
386 1090 47 11
387 489 51 12
387 583 28 3
387 636 13 4
387 837 24 7
387 908 30 8
387 923 56 7
387 1065 20 8
387 1067 11 1
387 1091 32 11
387 1134 36 3
388 422 60 13
388 455 39 13
388 674 8 13
388 695 27 12
388 829 31 1
388 847 9 10
388 890 54 1
389 396 32 13
389 466 42 5
389 724 58 4
389 728 54 4
389 756 13 1
389 923 34 14
389 938 56 15
389 980 58 1
390 471 45 12
390 541 20 3
390 549 20 4
390 559 2 7
390 570 2 14
390 586 46 12
390 737 49 14
390 937 6 8
390 947 53 11
390 989 49 11
390 1020 30 8
390 1073 33 2
390 1088 9 10
390 1131 54 3
391 467 11 9
391 758 26 13
391 854 17 2
391 869 21 5
391 988 25 4
391 1091 22 5
391 1121 60 3
392 517 25 5
392 526 59 7
392 894 22 14
392 1086 43 2
392 1118 46 9
393 677 3 12
393 1045 5 2
393 1115 1 13
393 1150 51 15
394 437 16 7
394 495 27 7
394 524 33 13
394 843 27 3
394 881 52 13
395 450 27 6
395 487 28 4
395 506 53 13
395 536 7 9
395 601 13 4
395 712 50 5
395 718 57 14
395 880 2 6
395 1141 45 8
396 788 25 4
396 824 19 2
396 879 16 6
396 891 14 12
396 990 28 1
396 1019 28 10
396 1062 38 2
396 1074 50 2
397 402 58 7
397 493 20 12
397 582 26 7
397 1029 32 2
397 1106 45 10
398 639 1 4
398 652 37 1
398 715 37 3
398 757 41 14
398 1015 40 9
398 1093 22 12
399 449 59 6
399 453 6 14
399 472 40 2
399 835 17 11
399 840 31 2
399 945 55 6
399 1067 47 3
400 519 29 14
400 692 45 6
400 800 4 13
400 919 57 11
400 1119 7 14
401 468 39 15
401 488 12 1
401 679 17 3
401 705 38 10
401 781 44 10
402 430 6 7
402 458 9 9
402 627 32 4
402 816 46 1
402 1076 13 5
403 415 39 5
403 447 8 10
403 559 26 10
403 588 13 10
403 738 23 6
403 840 16 14
403 949 21 8
403 1048 59 12
403 1173 38 4
404 469 37 9
404 666 38 5
404 667 31 9
404 796 39 12
404 1062 10 9
404 1086 30 2
404 1089 19 15
405 1005 5 14
405 1018 21 1
405 1050 7 13
405 1124 57 9
406 487 24 2
406 517 7 2
406 731 40 12
406 735 50 6
406 771 37 13
406 789 32 5
406 851 5 12
406 960 57 1
407 458 51 4
407 613 49 14
407 639 9 14
407 673 12 2
407 821 5 2
408 427 17 15
408 513 58 4
408 798 56 1
408 952 36 8
408 994 42 10
408 1011 60 8
408 1035 17 13
408 1149 8 11
409 547 59 10
409 609 35 13
409 618 14 14
409 704 41 9
409 1127 35 10
410 415 55 4
410 422 33 3
410 449 18 2
410 497 13 15
410 708 57 11
410 762 22 14
410 799 40 9
410 863 35 4
410 961 41 3
410 971 1 14
410 1103 37 7
411 502 9 3
411 612 22 9
411 664 23 1
411 694 49 15
411 766 44 10
411 912 9 15
411 1046 30 7
412 419 50 4
412 541 38 8
412 579 59 3
412 600 28 1
412 795 25 9
412 889 56 5
412 1066 2 10
412 1109 26 5
412 1125 1 4
412 1153 44 13
413 453 4 12
413 515 60 2
413 794 58 1
413 797 4 10
413 1117 50 4
414 496 53 15
414 497 2 1
414 584 4 7
414 744 41 2
414 793 24 9
415 429 24 9
415 467 23 13
415 501 38 1
415 715 48 13
415 808 32 10
415 850 41 13
416 431 35 14
416 582 19 7
416 591 43 6
416 608 3 1
416 812 20 13
416 847 34 6
416 854 46 11
416 944 15 13
416 1009 24 3
417 575 54 5
417 604 13 2
417 605 5 8
417 683 59 11
417 794 56 4
417 814 35 9
417 1068 24 8
417 1096 35 9
417 1134 16 1
418 628 38 6
418 645 4 4
418 818 1 9
418 909 20 15
418 981 26 15
419 469 40 4
419 596 1 14
419 720 36 7
419 1000 36 13
420 516 53 6
420 549 5 7
420 736 6 10
420 826 21 15
420 895 55 9
420 1070 49 7
421 448 23 9
421 608 18 10
421 624 48 13
421 645 57 4
421 663 57 9
421 739 53 6
421 763 53 8
421 990 59 12
421 994 3 3
421 1068 46 6
421 1086 28 6
422 564 24 2
422 713 23 1
422 1098 35 4
423 441 2 15
423 483 10 1
423 492 16 11
423 554 53 4
423 559 1 12
423 590 3 1
423 674 46 9
423 700 58 1
423 877 43 9
423 886 49 1
423 887 4 1
423 908 14 14
423 917 57 9
423 944 46 4
423 948 43 9
423 977 43 6
423 1138 40 4
424 454 48 10
424 471 23 7
424 713 50 7
424 770 59 10
424 816 13 6
424 1036 27 10
424 1090 11 1
424 1096 41 6
425 445 32 7
425 557 39 14
425 574 7 14
425 624 1 13
425 789 10 7
425 1041 22 7
425 1077 60 13
426 486 21 9
426 693 51 10
426 880 60 1
426 973 46 15
427 433 19 9
427 438 1 10
427 459 49 6
427 500 2 5
427 625 5 3
427 643 33 3
427 946 29 5
428 438 54 7
428 508 9 1
428 516 55 4
428 551 17 15
428 581 29 13
428 757 36 13
428 1033 38 10
429 547 57 5
429 548 9 1
429 678 58 5
429 726 25 8
429 809 59 11
429 868 43 4
429 948 31 8
429 1153 23 4
430 686 5 9
430 718 15 12
430 975 3 11
430 1048 23 6
430 1105 3 8
431 882 49 3
431 888 56 6
431 1063 25 10
432 458 18 10
432 484 3 15
432 504 34 15
432 620 30 10
432 638 49 11
432 880 11 3
432 958 6 1
432 1052 25 9
432 1088 5 5
432 1125 42 11
433 543 10 15
433 889 35 6
433 943 38 2
433 1037 4 10
434 441 15 15
434 558 9 3
434 585 47 7
434 632 24 6
434 791 56 15
434 817 50 9
434 877 42 13
434 956 43 13
434 1061 54 7
434 1124 2 5
435 485 9 15
435 589 27 3
435 652 49 2
435 782 59 6
435 882 2 10
435 951 41 1
435 1022 2 7
435 1090 24 4
436 497 55 3
436 518 33 9
436 641 39 9
436 646 45 3
436 723 39 10
436 738 1 5
436 810 25 10
436 848 7 6
436 855 41 8
436 863 41 13
436 905 15 15
436 1025 54 7
436 1122 11 15
437 468 39 15
437 479 39 14
437 513 12 6
437 523 7 4
437 596 4 15
437 771 18 2
437 789 26 10
437 794 51 7
437 967 8 10
437 999 6 7
437 1126 10 12
438 476 7 3
438 584 45 14
438 698 12 10
438 760 28 10
438 1036 6 15
438 1081 8 11
438 1142 47 8
438 1153 25 10
439 604 7 2
439 701 38 4
439 703 11 1
439 727 52 2
439 1077 8 1
439 1089 23 6
440 701 6 8
440 899 28 1
440 1098 32 11
441 546 12 2
441 721 5 5
441 820 17 8
441 1129 32 3
442 466 17 10
442 552 55 4
442 607 19 6
442 685 28 14
442 867 60 14
442 869 18 2
442 1167 56 6
443 604 40 5
443 605 27 2
443 685 17 13
443 738 42 9
444 623 17 11
444 658 35 12
444 801 43 7
444 926 56 10
444 1004 12 14
444 1086 34 1
445 492 47 3
445 536 7 14
445 693 28 2
445 871 27 8
445 874 39 4
445 898 57 6
445 1020 21 7
446 645 44 6
446 675 19 7
446 867 21 11
446 951 55 4
446 960 55 12
446 1130 23 1
447 624 21 9
447 843 20 2
447 888 34 7
447 900 54 1
447 1092 10 7
447 1113 15 13
448 553 38 6
448 714 24 7
448 1057 13 13
449 598 14 11
449 778 31 6
449 842 22 1
449 891 9 1
449 1025 47 10
449 1123 41 14
450 468 43 7
450 661 20 15
450 680 6 15
450 681 58 6
450 883 9 13
450 1057 29 12
450 1096 60 12
451 729 44 6
451 789 1 7
451 915 10 1
451 970 34 9
451 1060 47 14
451 1164 26 10
452 599 54 14
452 638 56 7
452 692 54 13
452 722 3 15
452 874 6 7
452 887 25 12
452 1080 4 4
452 1107 46 3
453 549 55 8
453 609 33 5
453 657 56 3
453 807 23 1
453 1050 22 6
453 1078 52 8
454 690 35 13
454 932 11 1
455 664 10 11
455 819 28 11
455 886 5 1
455 893 15 12
455 910 54 9
455 913 10 9
455 936 24 14
455 964 25 3
455 1046 5 14
455 1084 41 5
456 482 32 9
456 779 29 15
456 806 18 1
456 823 58 12
456 1050 9 7
456 1169 58 6
457 511 29 1
457 700 24 11
457 703 42 13
457 1023 33 3
457 1138 52 3
458 513 39 9
458 655 59 1
458 790 42 13
458 896 48 7
459 461 49 11
459 637 17 2
459 746 2 9
459 921 54 5
459 1062 35 6
459 1155 21 14
459 1165 29 11
460 776 20 2
460 1022 37 15
461 593 15 13
461 984 39 13
461 1099 52 2
461 1141 30 12
462 570 26 5
462 581 50 12
462 623 1 12
462 873 42 2
462 908 10 7
462 989 31 14
463 472 55 8
463 498 37 13
463 586 15 14
463 849 19 13
463 867 11 1
463 893 56 8
463 928 48 3
463 1009 20 13
463 1080 50 13
464 537 34 6
465 653 52 6
465 939 17 6
465 1003 34 9
465 1041 27 4
465 1119 29 14
466 551 32 6
466 904 43 10
466 997 37 13
466 1030 51 3
466 1078 59 7
466 1110 41 11
466 1126 19 4
467 658 5 13
467 866 53 15
467 1066 52 15
468 470 7 3
468 507 50 3
468 705 47 6
468 831 49 12
468 1121 47 1
468 1130 51 9
469 551 39 13
469 600 56 9
469 612 39 6
469 664 33 2
469 733 4 15
469 926 13 7
470 569 48 14
470 850 45 5
470 1013 17 13
470 1043 37 3
471 554 28 5
471 649 1 14
471 681 10 10
471 953 44 2
471 1074 29 1
472 475 38 3
472 625 39 9
472 788 19 5
472 842 12 6
473 556 53 11
473 1026 38 3
473 1103 33 3
474 537 45 7
474 548 60 3
474 586 1 1
474 599 47 14
474 716 26 9
474 796 47 2
475 496 21 7
475 697 10 5
475 819 47 12
475 883 40 2
475 961 36 7
475 982 47 12
475 1096 32 8
475 1149 14 14
476 749 21 6
476 755 6 2
476 933 18 13
476 986 30 7
476 1071 27 6
477 515 42 12
477 534 10 5
477 736 18 9
477 820 53 15
477 881 18 13
477 893 9 10
477 984 27 15
477 1116 18 15
477 1121 11 8
477 1154 5 7
478 555 58 3
478 586 12 12
478 813 52 15
478 829 39 14
478 865 47 11
478 878 5 1
479 532 50 3
479 534 43 8
479 589 16 6
479 847 5 2
479 1032 31 5
479 1069 22 6
479 1093 32 11
479 1114 24 14
479 1130 4 1
479 1142 43 14
480 516 54 6
480 637 36 10
480 889 56 6
480 1009 13 15
480 1026 2 6
481 505 52 4
481 866 53 11
481 970 38 7
481 1023 23 6
481 1040 3 15
481 1093 17 11
482 542 1 8
483 731 11 4
483 921 28 12
483 977 15 9
483 1173 46 9
484 818 12 9
484 949 30 10
484 1108 29 1
485 542 41 7
485 865 15 9
485 955 44 10
485 966 37 3
485 1095 20 5
485 1129 32 5
486 534 22 6
486 567 37 5
486 595 44 7
486 660 60 3
486 759 59 15
486 894 10 11
486 982 39 2
486 1045 12 15
486 1047 22 2
486 1168 41 3
487 543 48 9
487 560 14 2
487 806 41 7
487 841 27 4
487 911 22 11
488 631 3 11
488 730 3 9
488 744 23 11
488 792 33 3
488 912 13 12
488 949 52 15
488 965 10 1
488 1165 24 12
489 501 5 4
489 516 49 12
489 634 15 10
489 799 23 9
489 1046 53 6
489 1049 33 10
489 1138 3 1
490 818 45 5
490 947 3 8
491 633 40 5
491 722 36 1
491 1081 46 3
491 1140 57 1
492 597 43 12
492 601 41 3
492 665 26 10
492 690 36 10
492 865 22 2
492 874 6 5
492 897 46 3
492 948 34 11
492 993 43 7
492 1109 18 15
493 501 31 5
493 529 52 14
493 537 39 15
493 561 31 2
493 654 10 2
493 861 15 11
493 887 11 3
493 919 54 14
493 1012 17 9
493 1082 52 9
493 1147 12 7
493 1151 56 7
494 589 23 14
494 621 14 14
494 773 49 13
494 820 29 11
494 822 10 11
494 901 13 11
494 1081 7 7
494 1088 45 12
495 737 41 4
495 897 51 2
495 973 37 2
495 1002 23 13
496 522 53 7
496 588 18 14
496 668 1 1
496 690 59 14
496 810 11 1
496 840 30 3
496 926 13 5
496 999 21 1
496 1165 38 2
497 515 12 15
497 667 6 10
497 798 10 12
497 980 48 8
497 1035 3 7
497 1044 24 7
497 1090 47 8
497 1131 12 15
498 609 46 8
498 622 5 4
498 802 29 7
498 867 21 6
498 1037 11 13
499 541 26 10
499 1025 38 15
499 1037 19 11
500 575 59 10
500 585 53 5
500 672 42 6
500 776 6 4
500 844 59 6
500 977 31 13
500 981 34 4
501 728 7 14
501 806 59 12
501 1072 40 15
502 516 54 12
502 568 28 8
502 738 19 12
502 1035 10 2
502 1044 58 14
502 1067 22 5
502 1130 36 12
503 590 56 12
503 681 47 5
503 693 21 6
503 859 8 14
503 871 35 12
503 965 54 4
503 1108 4 5
504 746 28 8
504 1022 20 6
505 581 47 9
505 592 16 2
505 595 53 1
505 714 48 7
505 771 5 13
505 903 7 3
506 523 31 10
506 629 9 8
506 913 45 11
506 954 19 3
506 1112 45 14
507 592 32 8
507 806 1 4
507 1063 39 8
507 1124 56 13
508 511 12 11
508 517 47 4
508 607 20 3
508 658 24 10
508 726 44 2
508 821 51 15
508 985 38 9
509 574 1 5
509 580 28 11
509 742 52 6
509 773 56 15
509 899 15 12
509 903 11 15
509 944 35 10
509 1036 48 6
510 629 13 13
510 809 13 10
510 949 58 15
510 1061 6 11
511 657 31 11
511 697 5 10
511 765 20 7
511 1027 27 4
511 1073 20 9
511 1162 56 6
511 1171 46 3
512 527 56 5
512 785 9 10
512 800 19 8
512 824 10 14
512 924 58 2
512 1009 32 7
512 1094 41 12
512 1144 28 12
513 782 47 12
513 785 52 13
513 944 49 5
513 1059 19 9
513 1070 48 8
513 1115 26 7
514 525 8 4
514 693 47 10
514 759 20 11
514 971 33 15
514 1002 37 15
514 1039 31 5
514 1109 52 10
515 593 36 8
515 641 39 14
515 740 5 11
515 831 11 14
515 980 27 12
515 1100 17 12
515 1130 27 1
516 595 35 2
516 650 16 4
516 694 44 2
516 767 44 5
516 857 48 13
516 1050 1 3
517 554 46 6
517 699 47 5
517 745 34 11
517 789 13 15
517 846 37 1
517 1104 13 12
517 1149 4 9
518 640 29 13
518 669 9 15
518 857 53 9
518 907 53 14
519 549 18 2
519 672 43 13
519 1117 41 13
520 521 33 1
520 634 18 8
520 672 10 13
520 731 53 1
520 774 60 15
520 876 2 2
520 1120 51 6
521 525 35 11
521 557 41 1
521 714 52 12
521 1050 32 11
521 1065 20 15
522 860 42 11
522 869 45 15
522 984 7 2
522 1051 8 5
523 536 39 11
523 720 25 4
523 896 55 11
523 1025 31 12
523 1078 50 12
524 556 31 15
524 580 35 4
524 864 2 11
524 940 30 10
524 973 33 5
524 1057 59 10
524 1124 37 1
524 1150 35 12
525 713 20 11
525 752 1 11
525 960 33 5
525 1034 23 6
526 615 43 8
526 624 58 13
526 750 12 15
526 780 6 3
526 831 59 9
526 933 4 5
526 963 42 3
526 1020 33 13
527 837 37 6
527 857 5 10
527 929 24 1
528 613 45 15
528 651 32 8
528 828 37 10
528 1019 42 12
528 1045 52 3
529 534 40 4
529 655 44 9
529 1016 11 4
530 666 40 9
530 923 9 15
530 1087 23 13
530 1165 17 14
531 615 31 15
531 641 29 13
531 719 55 1
531 737 3 8
531 798 3 7
531 940 55 12
531 957 3 3
532 570 37 7
532 611 19 5
532 667 10 12
532 935 43 12
532 1055 8 10
533 609 27 14
533 660 46 1
533 663 29 6
533 706 49 4
533 850 59 6
533 864 3 10
534 1007 6 12
534 1016 21 5
535 568 30 9
535 593 41 12
535 607 47 14
535 1078 33 7
536 575 60 8
536 1088 16 6
537 548 51 13
537 672 46 12
537 1063 28 15
537 1105 7 14
538 552 45 1
538 584 6 4
538 824 58 5
538 874 14 4
538 878 37 2
539 541 56 6
539 547 51 6
539 840 3 7
539 971 21 3
539 1091 41 12
539 1114 18 6
539 1122 4 1
540 547 23 13
540 554 17 14
540 593 32 11
540 781 29 7
540 795 25 13
540 987 56 5
540 1060 36 9
540 1121 56 15
541 699 11 15
541 867 53 10
541 883 36 2
541 1016 35 14
542 565 38 2
542 571 58 4
542 938 18 11
542 946 52 1
543 628 44 14
543 649 25 8
543 972 21 14
543 998 25 12
543 1029 26 14
544 689 11 13
544 755 22 10
544 804 51 9
544 880 23 8
545 581 31 3
545 677 22 9
545 1050 43 12
546 553 30 12
546 685 15 10
546 933 39 14
547 589 38 13
547 703 50 15
547 918 47 3
547 1051 22 12
548 612 48 11
548 750 56 4
548 850 58 13
548 852 21 7
548 900 55 12
548 940 20 14
549 669 31 6
549 671 34 8
549 768 41 1
549 950 29 6
549 995 24 8
549 1080 4 4
549 1153 20 14
550 589 44 8
550 613 5 12
550 632 12 13
550 980 14 12
550 1136 36 2
551 665 30 1
551 900 38 1
551 902 9 3
551 1156 42 13
551 1170 47 7
552 591 57 6
552 719 27 2
552 826 50 13
552 832 30 12
552 1092 49 1
553 618 49 13
553 660 36 3
553 749 16 15
553 805 26 4
553 820 20 1
553 851 1 12
553 1000 12 5
553 1082 59 9
554 555 52 3
554 559 45 9
554 667 10 4
554 873 8 11
554 1050 11 1
555 584 41 5
555 699 30 11
555 759 58 3
555 807 35 4
555 808 24 11
555 974 41 7
555 1048 46 13
555 1050 55 8
555 1077 53 8
556 567 24 1
556 587 47 15
556 671 1 13
556 705 60 3
556 740 53 10
556 801 33 10
556 961 5 15
556 1155 6 7
557 670 5 6
557 713 23 1
557 824 46 4
557 846 29 12
557 945 17 2
557 1000 39 15
557 1015 40 6
558 626 31 1
558 865 11 12
558 1088 26 3
559 581 20 5
559 755 36 12
559 930 42 2
559 1046 58 14
559 1123 16 4
559 1153 26 10
560 661 53 7
560 829 45 3
560 872 60 12
560 896 30 4
560 1100 2 2
561 952 51 1
562 619 60 1
562 694 28 15
562 713 56 5
562 851 39 5
562 878 31 4
562 918 6 8
562 1071 10 1
563 564 7 9
563 619 8 8
563 720 49 1
563 914 25 5
563 1013 44 12
563 1024 27 3
563 1094 58 1
564 609 53 11
564 708 16 3
564 841 25 4
564 855 3 15
564 959 50 7
564 1008 30 6
564 1092 22 14
564 1105 53 13
565 575 48 10
565 716 17 6
565 895 6 2
565 1056 40 13
565 1058 9 9
566 660 43 15
566 839 20 13
566 892 53 11
566 995 1 2
566 1092 2 7
566 1157 8 1
567 631 29 2
567 675 15 11
567 724 34 15
567 797 44 7
567 809 12 10
567 875 30 4
567 1039 14 9
567 1047 59 4
568 587 11 8
568 647 34 8
568 659 10 14
568 694 21 1
568 729 12 14
568 938 1 7
568 976 53 3
569 639 53 9
569 702 2 12
570 754 31 14
570 801 48 1
570 806 29 11
570 1114 2 1
570 1127 24 15
571 744 36 1
571 916 28 3
571 1003 30 13
571 1022 42 3
573 638 21 7
573 701 58 10
573 791 7 3
573 819 22 6
573 936 46 13
573 939 19 2
573 940 59 15
573 981 25 1
573 1047 47 10
574 696 27 10
574 711 23 12
574 996 21 15
575 681 39 9
575 775 16 13
576 772 4 12
576 882 10 3
576 1048 46 6
576 1049 20 7
576 1139 4 12
576 1145 57 9
577 647 51 14
577 1151 12 7
578 608 59 3
578 671 10 15
578 689 8 10
578 748 33 6
578 868 21 5
578 880 13 1
578 1067 7 15
578 1132 24 9
579 681 33 7
579 720 56 14
579 774 39 1
579 1052 16 4
580 618 59 3
580 706 27 5
580 866 42 12
580 867 53 10
580 903 13 3
580 941 16 13
581 692 10 7
581 735 31 7
581 773 55 1
581 817 15 10
581 1011 46 15
581 1073 51 9
582 730 20 7
582 788 38 2
582 971 9 6
582 1143 54 6
583 698 37 7
583 781 52 12
583 800 2 14
583 822 36 9
583 846 41 3
583 995 17 2
583 1140 46 9
584 826 1 3
584 886 6 8
584 890 6 11
584 897 5 2
584 1139 33 2
585 748 45 8
585 782 51 5
585 923 39 2
585 930 36 11
585 1022 46 5
585 1115 40 10
585 1134 3 13
585 1163 31 14
585 1166 30 12
586 854 4 6
586 1027 37 15
586 1150 34 1
587 844 9 14
587 936 60 5
587 1124 25 13
588 738 55 7
588 777 22 6
588 799 35 10
588 906 37 3
588 1051 51 13
588 1145 1 7
589 669 6 9
589 915 47 10
589 1093 8 15
589 1149 56 3
589 1157 34 3
590 845 35 15
590 903 19 4
590 1037 54 12
591 594 9 7
591 734 2 10
591 1066 49 10
591 1143 25 5
592 631 27 7
592 689 4 9
592 761 18 11
592 886 36 4
592 921 3 2
592 923 60 10
593 678 50 7
593 933 43 14
593 991 59 13
594 700 11 8
594 940 28 3
594 967 26 8
594 988 57 5
594 1047 58 15
594 1059 14 14
594 1076 18 4
594 1152 11 12
595 663 47 1
595 1047 50 14
595 1069 30 12
595 1072 40 8
596 839 35 14
596 896 16 5
596 1145 7 4
597 624 50 13
597 690 53 3
597 869 33 3
597 951 60 1
597 977 15 2
597 1091 32 10
598 904 21 13
598 950 6 10
598 1160 16 3
599 620 7 6
599 1080 13 15
599 1130 45 3
600 682 4 2
600 756 16 9
600 820 9 15
600 838 55 10
600 982 32 10
600 1102 39 6
600 1111 19 7
600 1168 17 6
601 656 2 4
601 1031 2 15
601 1087 24 13
602 805 11 6
602 1062 42 3
602 1111 45 12
602 1124 25 7
602 1173 33 7
603 749 47 8
603 785 38 2
603 1170 35 4
604 1139 37 7
605 674 46 14
605 696 16 11
605 750 38 5
605 784 36 10
605 1140 57 7
606 616 35 9
606 900 50 6
606 910 33 3
606 1045 34 5
606 1124 21 11
607 730 35 10
607 962 47 1
607 968 49 5
608 766 56 1
608 939 23 14
608 1026 33 4
608 1027 41 2
608 1081 55 2
609 1036 54 7
609 1065 1 14
609 1114 54 2
610 739 12 1
610 819 15 4
610 839 24 14
610 948 58 13
611 780 52 13
611 930 2 4
611 939 36 6
612 858 8 4
612 1066 51 4
612 1070 40 8
612 1155 5 10
613 734 57 5
613 772 26 10
613 969 23 4
613 1004 13 2
613 1048 56 1
613 1062 31 11
613 1071 25 14
614 718 57 11
614 728 30 10
614 841 29 10
615 665 60 11
615 886 44 11
615 952 53 9
615 993 22 7
616 727 43 9
616 803 5 8
616 813 44 7
616 858 30 11
616 1117 33 4
617 669 44 2
617 742 23 12
617 910 5 8
617 945 6 9
618 668 20 10
618 685 11 6
618 1030 51 12
618 1049 13 11
619 957 60 5
619 989 41 14
619 1097 36 6
619 1134 50 3
619 1151 19 12
620 755 60 6
621 997 3 13
621 1017 42 7
622 650 53 2
622 874 24 1
622 974 2 10
622 1018 17 13
622 1094 37 9
623 722 9 15
623 783 34 6
623 811 11 11
624 626 48 12
624 737 21 1
624 771 41 13
624 899 12 3
624 929 15 11
624 962 40 2
624 1117 53 5
625 762 27 11
625 793 32 4
625 1023 12 15
626 729 42 3
626 885 9 13
626 926 55 6
626 1011 36 1
627 680 45 15
627 728 26 8
627 1022 59 12
627 1039 59 6
627 1112 41 14
628 756 21 13
628 951 60 14
628 1012 8 4
628 1058 18 5
628 1099 48 3
629 701 47 6
629 841 41 13
629 953 10 5
629 1058 5 14
629 1087 37 9
629 1156 26 10
629 1167 4 2
630 842 17 4
630 931 24 14
630 935 41 6
630 938 50 6
630 972 58 2
630 1008 1 5
630 1037 29 13
630 1063 28 9
631 705 23 12
631 738 53 2
631 792 30 7
631 876 20 12
631 993 37 14
631 1033 35 15
632 887 1 7
632 918 22 12
632 931 41 12
632 976 33 5
632 1061 39 8
632 1139 21 15
632 1146 3 1
633 732 42 1
633 855 26 1
633 971 51 10
633 1101 22 8
634 944 55 15
635 844 51 1
635 870 20 9
635 896 21 15
635 936 20 1
635 1033 6 9
635 1138 35 1
636 798 57 5
636 826 51 13
636 1019 5 14
636 1084 15 9
636 1108 9 15
636 1136 56 14
637 906 49 12
637 954 38 12
638 943 43 1
638 996 33 12
638 1017 39 4
638 1084 25 10
638 1159 38 5
639 663 23 11
639 695 58 4
639 718 17 14
639 876 24 10
639 942 22 9
639 980 30 6
639 988 32 12
639 1023 18 6
640 745 50 8
640 773 34 3
640 858 16 5
641 690 27 4
641 826 27 13
641 905 58 11
641 936 3 2
642 842 14 5
642 866 53 13
642 898 29 15
642 968 12 10
642 972 17 2
643 751 55 6
643 777 29 6
643 819 4 3
643 927 4 8
643 984 38 6
643 991 13 2
643 1057 14 12
643 1089 8 7
643 1160 37 3
643 1166 42 11
644 943 32 10
644 954 11 6
644 1100 53 14
645 730 10 9
645 764 17 2
645 926 29 15
645 929 8 3
645 948 48 14
646 662 3 11
646 1059 42 2
647 673 15 9
647 704 43 14
647 947 41 9
647 990 1 5
647 1066 48 13
648 669 26 8
649 716 45 3
649 885 45 10
649 918 47 4
649 937 58 15
649 988 31 15
649 1110 29 15
650 797 2 4
650 860 24 5
650 873 4 10
650 905 4 13
650 940 41 15
650 1012 60 1
651 661 58 5
651 818 4 13
651 902 17 15
651 942 56 12
651 1035 8 12
652 715 14 2
652 740 22 15
652 1008 50 7
653 737 60 9
653 811 60 2
653 1096 51 11
653 1156 41 1
654 857 54 1
654 911 44 8
655 768 10 1
655 794 39 1
655 812 3 5
655 873 3 13
655 877 60 3
655 993 22 5
655 1132 9 5
656 824 60 3
656 844 10 10
656 886 42 12
657 715 19 7
657 724 4 7
657 752 8 1
657 839 58 1
657 1093 40 6
658 790 36 14
658 882 21 11
658 890 11 4
658 952 33 5
658 1052 24 3
659 841 27 1
659 867 54 9
659 1044 13 8
659 1083 50 8
659 1089 30 9
659 1173 38 8
660 708 19 9
660 775 22 6
660 901 12 9
660 991 22 14
660 1021 4 12
660 1047 25 9
660 1146 18 15
661 695 32 11
661 807 59 3
661 976 13 1
661 991 39 14
661 1064 57 8
661 1144 48 1
662 884 12 4
662 961 57 5
662 1076 31 7
662 1080 50 12
662 1083 34 10
663 825 58 13
663 827 53 9
663 984 52 15
664 783 40 9
664 807 13 4
664 1047 26 7
664 1109 37 2
665 894 52 4
665 959 40 11
665 1060 33 9
665 1094 22 6
665 1106 3 15
666 704 49 15
666 1062 11 10
666 1075 57 3
667 798 25 7
667 818 52 1
667 985 1 15
667 999 60 11
668 836 29 2
669 696 31 4
669 704 22 9
669 772 40 3
669 989 14 6
670 726 44 9
670 753 59 13
670 768 9 1
670 1054 46 8
670 1080 21 13
670 1115 23 13
670 1124 43 2
671 681 12 6
671 949 5 11
671 999 55 5
671 1018 21 7
672 798 56 3
672 803 24 4
672 1052 50 4
672 1109 31 15
672 1170 35 12
673 772 17 10
673 841 3 2
673 854 27 1
673 865 52 8
673 897 38 12
674 928 23 8
674 989 55 15
674 1050 52 4
674 1103 42 15
674 1107 30 4
674 1108 4 7
674 1123 55 15
675 719 27 1
675 922 49 2
675 1174 30 1
676 704 28 14
676 951 34 9
676 1072 10 9
676 1080 6 3
677 781 21 8
677 797 47 12
677 802 9 9
677 902 2 9
678 707 27 3
678 731 35 15
678 792 34 5
678 1170 11 9
679 1071 22 15
680 706 14 8
680 757 20 2
680 1042 16 9
681 696 42 14
681 841 15 4
681 852 3 2
681 905 21 4
681 912 48 8
681 1065 60 10
681 1135 1 8
681 1148 42 5
681 1167 34 11
682 814 35 6
682 1003 30 14
682 1020 54 4
682 1054 46 2
682 1071 13 12
682 1131 24 6
683 845 11 5
683 978 55 8
684 741 37 14
684 749 56 12
684 786 14 11
684 1069 7 6
685 760 56 3
685 795 1 13
685 869 18 8
685 927 60 12
686 714 21 6
686 866 47 5
686 956 33 10
686 1031 14 15
686 1125 19 2
687 735 37 3
687 783 1 13
688 721 36 3
688 760 48 7
688 905 50 9
688 1117 24 4
689 695 6 4
689 998 58 5
689 1041 15 2
691 913 9 4
691 1001 31 14
692 896 59 15
692 1112 7 9
693 775 15 10
693 805 30 13
693 816 1 3
693 1045 33 9
694 753 17 4
694 1118 21 7
695 722 12 12
695 887 45 5
695 973 20 10
695 1129 40 6
696 761 34 3
696 1129 13 12
697 743 56 3
697 874 24 12
697 1124 40 4
698 780 33 3
698 854 58 14
698 902 15 13
699 1140 40 15
700 760 32 11
700 864 14 15
700 1142 58 15
700 1156 30 6
701 733 59 6
701 900 60 3
701 913 37 15
701 1069 43 1
702 1010 35 4
703 710 1 6
703 764 37 5
703 1110 30 5
704 1079 10 12
704 1085 14 11
705 796 27 12
705 894 53 4
705 1044 21 8
705 1073 9 10
706 771 30 1
706 791 48 3
706 913 45 4
706 948 16 6
706 969 59 5
706 1038 14 3
706 1090 11 11
706 1095 31 9
707 901 29 4
708 728 25 3
708 761 53 1
708 820 37 15
708 949 55 5
708 1117 33 5
709 1016 21 7
710 962 39 7
710 986 5 8
710 1010 33 8
710 1017 1 5
711 911 16 9
711 1023 50 7
711 1032 19 12
711 1051 27 3
712 857 60 12
712 1058 30 15
713 724 5 12
713 937 14 10
714 827 35 3
714 1011 44 15
714 1055 43 9
715 915 29 7
715 999 56 5
715 1049 22 4
715 1076 7 15
715 1151 30 13
716 861 55 10
716 947 10 12
717 786 42 11
717 1153 55 3
718 723 15 14
718 793 60 9
718 843 24 12
718 905 21 7
718 1048 42 12
719 795 5 3
719 807 16 12
719 824 16 3
719 898 43 15
719 1033 39 11
720 792 2 12
720 798 30 15
720 859 49 15
721 1073 34 1
721 1109 45 12
722 821 54 3
723 903 10 1
723 1122 57 15
724 891 52 14
724 946 18 9
725 778 60 6
725 828 18 13
725 840 49 9
725 917 2 11
725 922 44 15
725 1098 9 2
725 1165 44 10
726 733 3 7
726 762 40 15
726 764 40 11
726 812 26 6
726 960 27 8
726 975 38 15
726 1018 12 5
727 778 16 13
727 784 15 4
727 839 37 4
727 1004 53 3
727 1065 33 6
727 1111 13 11
727 1172 19 10
728 801 22 1
728 975 32 6
728 980 17 8
729 897 42 11
729 931 49 14
729 980 18 11
729 1055 21 3
729 1142 57 7
729 1170 13 2
730 862 41 9
730 949 3 8
730 1012 39 13
730 1144 34 11
730 1145 2 5
731 774 16 8
731 893 9 10
731 987 2 3
731 1015 30 3
731 1133 7 2
731 1159 7 7
732 773 59 5
732 911 46 8
732 990 27 3
732 1039 36 2
732 1154 50 5
733 866 39 11
733 967 42 8
733 1110 22 1
734 802 37 8
734 981 14 13
734 1066 41 2
735 1135 6 15
735 1166 16 5
736 787 28 12
736 849 27 13
736 856 35 6
736 868 59 4
736 877 56 6
736 882 50 11
736 900 16 5
736 1072 6 1
736 1112 33 12
736 1114 15 3
737 871 58 4
737 876 14 6
737 893 55 2
737 960 50 13
737 1130 13 3
738 922 10 13
738 1132 56 15
739 840 11 15
739 841 58 4
739 924 48 6
740 754 35 10
740 794 40 12
740 900 57 3
740 915 60 14
740 966 40 1
740 1040 60 4
740 1118 57 10
741 889 32 11
741 903 49 5
741 952 19 8
742 864 22 11
743 843 17 13
743 849 43 2
743 865 40 9
743 884 53 10
744 840 55 4
744 974 51 4
745 772 25 7
745 965 58 1
745 1022 15 2
746 812 44 1
746 940 1 6
746 994 5 12
746 1113 19 12
747 754 24 6
747 789 5 14
747 1113 22 2
748 972 10 3
749 774 27 14
749 849 57 7
749 873 41 14
749 890 21 8
749 1080 2 12
749 1110 8 3
750 836 51 4
750 934 42 15
750 1004 26 2
751 803 47 6
751 827 35 15
751 1050 54 12
751 1057 46 7
751 1097 49 1
751 1104 10 15
752 777 35 13
752 1024 40 14
752 1046 50 11
753 759 58 3
753 760 19 10
753 928 41 14
753 1019 49 10
753 1125 39 7
754 812 8 14
754 990 28 3
755 1096 45 10
755 1150 37 11
756 762 15 9
756 958 8 14
756 1003 27 7
756 1043 31 4
756 1108 2 5
756 1123 44 14
757 780 45 5
757 840 59 11
757 932 39 11
758 789 6 12
758 963 23 10
758 993 29 11
758 1150 14 11
758 1160 54 10
759 1040 6 5
759 1061 16 13
760 780 54 8
760 784 10 4
760 950 42 4
761 849 4 14
761 1005 43 6
761 1146 19 8
762 770 16 4
762 966 47 11
762 1174 27 11
763 778 1 14
763 916 30 13
763 937 24 15
763 956 31 9
763 1001 54 10
763 1070 21 15
764 1026 45 4
764 1119 20 11
765 812 54 13
765 886 45 9
765 926 41 10
765 987 6 7
765 1001 38 4
765 1029 21 8
765 1166 4 7
766 856 48 7
767 806 48 2
767 821 32 11
767 857 41 10
767 963 38 1
767 986 3 6
767 1042 47 2
767 1091 43 13
768 872 58 9
768 1047 4 13
768 1092 22 1
768 1114 53 11
768 1165 22 7
769 783 21 9
769 880 15 2
769 933 8 6
769 1057 24 5
770 834 57 8
770 985 26 11
773 1078 36 3
774 1054 36 11
774 1058 16 8
774 1129 5 12
774 1143 5 7
775 791 24 1
775 845 51 11
775 847 45 7
775 1067 15 10
775 1154 8 13
775 1169 20 12
776 807 44 10
776 825 37 12
776 827 47 1
776 854 58 10
776 1017 9 11
777 853 9 8
779 811 45 14
779 823 34 8
780 826 24 13
780 905 58 5
780 1162 32 3
781 878 11 9
781 918 2 12
781 920 18 8
781 1121 17 9
781 1124 54 2
782 1052 41 4
782 1099 13 5
783 967 17 11
783 1002 22 4
783 1132 40 4
785 849 6 6
785 867 3 3
785 1110 36 1
786 1152 29 13
787 790 33 2
787 919 21 11
787 939 28 5
787 1062 21 1
787 1164 34 1
788 871 24 3
788 888 59 13
788 917 50 12
788 921 12 5
788 1094 26 12
789 797 25 1
789 962 9 11
789 1075 38 7
790 823 36 12
790 842 15 9
791 915 2 5
791 1123 47 12
791 1127 36 12
792 840 14 3
792 853 38 8
792 1139 9 3
793 861 38 11
793 1066 59 10
794 840 34 5
794 1151 22 2
795 819 58 8
795 894 51 11
795 953 26 11
795 985 30 6
795 1006 53 15
795 1061 9 4
795 1067 60 9
795 1141 36 14
795 1171 56 15
796 833 59 7
796 1071 36 5
797 803 37 2
797 838 16 12
797 859 25 5
797 874 15 13
797 942 49 10
797 1117 42 13
798 1039 14 7
798 1099 6 13
798 1158 45 7
799 834 60 11
799 884 48 10
799 978 20 2
799 1041 27 12
799 1052 21 1
799 1092 57 10
799 1169 42 8
800 855 3 12
800 940 43 6
800 974 33 10
800 1047 46 8
802 826 37 8
802 870 3 5
802 911 27 14
803 933 35 10
803 1130 55 10
804 862 33 12
804 889 7 3
804 1093 10 10
804 1160 49 15
805 1019 28 1
806 835 12 8
806 843 40 13
806 859 24 7
806 1029 1 15
806 1161 37 5
807 976 12 9
808 976 5 10
809 855 52 10
809 992 50 13
809 1044 43 5
809 1096 14 8
809 1102 4 15
810 813 12 8
810 831 14 9
810 999 22 12
811 1005 5 9
811 1122 59 13
812 826 28 14
812 840 57 15
812 1015 53 6
812 1045 46 6
812 1049 6 7
813 974 23 11
814 934 23 3
814 975 18 13
814 1151 8 3
815 942 10 4
815 943 22 13
815 969 49 13
816 858 14 11
816 876 46 2
816 1035 20 4
817 953 59 7
817 954 31 6
817 1047 4 3
817 1056 49 3
817 1122 52 12
817 1157 6 7
818 821 13 12
818 1062 19 3
818 1098 12 4
819 855 37 9
819 863 52 2
820 831 51 13
820 834 14 3
820 944 15 14
822 895 57 2
822 989 38 6
823 830 15 8
823 925 30 6
823 1037 45 11
823 1065 1 14
824 885 4 13
824 954 41 1
824 1073 30 1
824 1150 42 11
825 883 37 11
825 952 16 13
825 1080 8 8
826 1106 56 4
826 1118 27 14
827 847 1 6
827 979 5 8
827 986 59 9
827 1033 21 13
828 894 13 5
828 1027 42 11
828 1044 25 8
829 1082 35 3
831 880 15 4
831 1014 13 8
831 1037 13 12
831 1096 15 13
831 1141 17 5
831 1160 35 10
832 950 2 6
832 955 53 11
832 1043 34 8
832 1110 8 5
833 837 33 8
833 991 37 6
833 1035 31 14
833 1118 22 5
835 869 36 7
835 974 17 8
835 1039 22 7
835 1046 5 6
835 1089 51 10
835 1163 22 6
836 846 42 1
836 949 12 5
836 953 19 11
836 960 19 8
836 982 47 13
836 1174 12 3
837 886 41 9
837 897 11 2
837 954 24 13
838 963 58 7
838 980 45 2
838 997 24 10
838 1020 52 11
839 877 35 10
839 891 43 10
840 854 22 5
840 917 18 1
840 1101 10 9
840 1143 23 3
841 843 10 14
841 1171 27 5
842 1025 25 8
842 1028 35 2
842 1132 39 2
843 986 25 10
843 1146 31 4
843 1172 23 15
844 1139 59 13
845 918 10 10
845 1031 30 13
845 1058 22 3
846 936 20 10
846 1036 39 15
846 1074 6 4
847 867 58 12
847 1072 51 12
848 1043 4 4
849 1144 12 5
850 1025 20 12
850 1129 51 3
850 1137 15 14
851 992 42 11
851 1013 38 14
852 882 33 10
852 939 31 4
852 967 8 2
852 1036 45 1
852 1097 26 6
855 1164 54 12
856 1092 29 3
856 1095 49 13
857 981 36 13
857 991 28 13
857 1077 30 15
857 1138 26 10
858 930 27 9
858 1118 4 2
859 904 29 5
859 1112 34 10
859 1135 38 9
860 968 19 7
860 1085 60 14
860 1089 2 9
860 1134 60 5
861 948 36 5
862 881 48 11
862 884 3 10
862 1046 33 4
862 1070 32 8
863 919 32 5
863 1064 54 12
864 875 37 2
864 991 1 8
864 1135 33 5
865 956 6 14
865 969 34 11
867 1140 7 7
868 951 24 15
868 1043 22 15
869 995 41 4
869 1058 26 3
869 1126 26 7
870 990 40 8
872 1073 52 1
872 1074 12 13
873 891 37 2
873 955 40 3
874 885 23 6
875 930 22 10
875 1056 26 10
875 1172 29 14
876 1021 48 4
876 1122 48 13
877 944 54 8
877 1121 48 10
877 1153 44 5
878 946 55 13
878 1106 44 5
878 1115 18 6
879 905 26 12
879 988 37 13
879 1028 16 5
879 1152 6 1
880 919 23 9
881 906 25 9
881 1087 53 12
882 899 6 2
882 978 34 9
882 1029 41 9
882 1105 2 9
883 941 47 6
883 1012 50 8
883 1015 39 15
883 1024 4 11
884 898 24 13
884 1042 8 5
884 1097 12 8
885 929 2 7
885 1049 17 15
885 1052 28 6
886 907 27 6
886 1164 20 4
887 919 27 7
887 978 28 5
887 1036 58 12
888 909 55 1
888 937 2 5
888 968 10 9
888 970 5 1
888 1069 57 14
888 1086 59 14
888 1134 52 2
889 1109 56 1
890 892 34 5
890 893 17 6
890 908 55 6
890 1119 53 11
891 1046 53 15
891 1065 16 12
891 1093 15 10
892 936 14 5
892 1029 10 7
892 1061 53 15
892 1139 29 7
893 973 28 9
893 1155 7 6
894 1047 11 4
894 1072 26 4
894 1103 19 13
895 949 54 8
895 1144 50 2
896 1017 56 15
896 1036 13 6
896 1076 19 2
897 1096 60 4
898 1073 59 3
899 1045 3 15
899 1058 49 9
899 1097 25 13
900 1052 10 7
901 941 42 10
901 1047 2 5
901 1101 60 5
901 1114 58 1
902 939 37 8
902 1069 35 12
902 1110 44 9
903 1067 36 4
904 981 40 4
904 1114 44 10
905 994 17 3
905 1076 57 4
905 1129 17 5
906 1075 53 14
907 1020 34 1
907 1023 8 15
908 930 1 9
908 933 28 13
908 995 32 4
908 1132 35 13
910 1028 10 1
911 944 20 1
911 1156 50 9
913 1038 18 11
914 982 26 13
914 1079 60 3
914 1112 4 1
914 1164 17 6
915 952 54 14
915 953 35 9
917 1112 18 7
918 930 6 8
918 966 39 15
918 1011 60 15
919 1058 33 8
919 1162 52 13
919 1166 51 6
920 1003 6 11
920 1005 3 2
921 1043 29 2
921 1052 37 8
922 1090 37 6
923 939 35 2
923 973 27 1
923 1051 45 4
923 1129 48 14
924 941 48 8
924 1132 32 7
925 978 31 12
925 1077 41 3
926 993 18 2
926 1052 57 14
928 945 39 6
928 981 53 6
928 998 37 14
928 1111 4 7
928 1167 37 15
929 1117 5 4
929 1137 43 7
930 986 30 5
930 1041 51 14
930 1075 6 10
931 1132 31 4
932 972 33 6
933 1014 41 4
933 1099 7 9
934 1003 2 13
934 1140 52 14
935 1132 4 5
936 1105 47 5
936 1115 25 4
936 1127 40 8
938 972 48 13
938 1079 59 11
938 1117 45 8
939 948 29 15
940 979 26 6
940 1000 41 15
940 1005 2 8
940 1066 26 4
940 1088 59 2
941 967 56 1
941 1120 12 4
941 1174 6 8
942 1079 13 14
942 1081 9 6
943 944 22 4
943 998 48 11
943 1053 38 5
944 985 45 1
944 988 40 6
944 1014 44 12
944 1104 18 12
945 981 34 15
945 1066 28 3
945 1140 28 7
946 1067 16 6
946 1088 55 11
947 1016 36 9
947 1068 56 8
947 1100 44 11
947 1102 43 4
948 1066 39 10
948 1096 50 6
949 1052 2 3
949 1133 54 10
950 966 13 15
950 1028 51 6
950 1030 20 14
950 1075 26 11
950 1147 37 14
951 1014 45 13
952 1068 41 9
953 955 30 2
953 1022 45 15
953 1162 33 5
954 1039 23 9
954 1075 42 4
955 998 14 7
955 1015 29 2
955 1019 36 10
955 1031 33 2
955 1084 20 5
955 1092 49 6
956 1063 60 12
956 1103 59 1
956 1145 49 6
957 1102 40 15
958 1110 50 7
960 1042 36 3
960 1074 7 3
961 989 16 14
961 1087 51 2
962 1161 57 4
964 1069 54 5
964 1133 14 5
965 970 31 11
966 1148 56 13
967 1006 9 4
968 973 19 6
968 985 9 12
969 1016 41 10
969 1034 42 13
969 1145 11 6
970 997 58 3
970 1113 40 9
971 974 12 5
971 1058 49 15
971 1064 41 11
974 1053 58 1
974 1062 49 7
974 1078 15 5
974 1111 35 3
975 1109 16 1
975 1124 30 12
976 1002 37 1
976 1067 11 6
976 1072 9 14
976 1075 40 8
977 999 37 10
977 1072 15 13
977 1138 16 10
978 1048 15 4
978 1104 48 13
978 1132 37 3
978 1169 24 3
979 994 3 10
979 1032 44 1
979 1050 54 7
979 1172 14 6
981 1038 36 9
983 1051 27 8
983 1104 56 12
983 1174 9 5
984 1171 31 13
985 1080 30 2
985 1136 19 5
988 1169 3 13
991 1019 9 2
991 1167 58 13
993 1104 20 5
995 1016 23 7
996 1023 33 8
996 1039 40 12
997 1073 57 5
998 1001 34 10
998 1079 16 6
999 1097 32 2
1000 1096 23 1
1000 1101 59 4
1000 1103 15 3
1000 1114 25 4
1000 1164 20 1
1001 1032 19 4
1001 1088 35 7
1002 1021 49 8
1006 1044 21 14
1006 1140 43 1
1007 1052 35 4
1007 1055 4 8
1007 1137 19 2
1008 1030 10 4
1008 1038 54 8
1008 1127 44 4
1012 1061 14 5
1013 1154 4 8
1015 1025 51 6
1015 1107 7 8
1016 1039 23 5
1016 1070 60 7
1016 1106 45 7
1017 1046 33 10
1017 1168 40 6
1018 1152 58 8
1018 1159 2 1
1019 1089 57 10
1019 1144 35 14
1020 1109 42 4
1020 1133 32 9
1021 1066 17 8
1021 1083 8 7
1021 1098 32 13
1022 1088 14 14
1022 1130 60 1
1023 1041 44 5
1023 1168 36 10
1024 1073 28 8
1025 1035 32 5
1025 1127 51 9
1026 1041 44 14
1026 1097 25 2
1026 1139 34 2
1026 1167 49 3
1027 1052 40 9
1027 1086 25 11
1028 1040 11 2
1028 1056 18 15
1030 1056 15 10
1030 1090 19 4
1032 1164 11 1
1033 1044 19 1
1035 1055 29 9
1035 1080 31 7
1037 1144 36 7
1038 1130 52 12
1039 1145 26 3
1041 1070 12 3
1041 1154 20 7
1041 1170 23 4
1042 1150 8 9
1043 1067 1 7
1043 1080 51 2
1044 1075 14 10
1044 1092 40 12
1044 1093 38 4
1045 1068 16 1
1045 1158 13 1
1046 1108 37 3
1047 1145 33 7
1049 1077 14 3
1050 1063 34 12
1051 1078 46 3
1051 1142 11 2
1053 1120 41 3
1054 1146 11 2
1055 1100 29 7
1056 1116 31 3
1058 1065 22 1
1060 1079 53 14
1065 1111 4 9
1066 1100 18 4
1067 1114 37 6
1067 1117 5 14
1071 1100 28 8
1072 1131 1 2
1073 1107 38 5
1073 1110 23 8
1074 1081 14 13
1075 1087 3 7
1076 1107 28 8
1078 1107 19 14
1078 1114 32 3
1078 1139 12 4
1078 1161 49 15
1080 1163 6 11
1082 1125 9 15
1088 1134 15 8
1088 1172 43 9
1089 1126 26 11
1089 1127 49 11
1090 1168 57 15
1093 1142 2 2
1094 1110 30 4
1100 1105 6 2
1101 1131 30 11
1102 1140 38 13
1106 1131 6 10
1109 1113 1 13
1113 1130 4 5
1113 1131 32 9
1114 1124 56 5
1115 1163 2 15
1117 1128 23 11
1120 1138 27 14
1120 1147 15 11
1120 1167 4 13
1121 1131 49 6
1125 1148 15 4
1127 1169 53 10
1131 1167 48 12
1132 1172 12 3
1134 1140 53 14
1137 1147 23 12
1137 1169 7 15
1139 1174 19 5
1143 1145 38 5
1149 1161 24 10
1150 1162 17 5
1153 1156 60 1
1153 1170 22 7
1168 1170 5 9

0 0 44
1 8 27
2 22 9
3 27 42
4 33 27
5 38 49
6 53 15
7 56 7
8 57 38
9 67 17
10 74 39
11 109 18
12 120 31
13 129 45
14 130 18
15 133 11
16 147 16
17 149 20
18 151 32
19 160 30
20 163 20
21 168 32
22 169 18
23 170 46
24 173 34
25 183 41
26 193 47
27 198 14
28 213 30
29 217 43
30 227 26
31 234 33
32 241 11
33 244 17
34 249 50
35 300 27
36 305 35
37 325 26
38 362 12
39 364 22
40 365 3
41 367 35
42 371 8
43 384 9
44 385 41
45 390 42
46 403 49
47 404 19
48 451 49
49 462 45
50 472 34
51 485 41
52 494 19
53 507 42
54 508 34
55 530 38
56 535 24
57 546 11
58 556 37
59 570 49
60 581 38
61 598 4
62 600 35
63 613 15
64 617 33
65 622 39
66 624 12
67 629 17
68 633 20
69 638 8
70 647 45
71 660 14
72 678 8
73 680 28
74 683 39
75 695 31
76 699 39
77 702 16
78 744 2
79 751 43
80 754 2
81 759 23
82 762 50
83 782 42
84 784 43
85 803 27
86 807 30
87 809 3
88 819 5
89 828 41
90 857 7
91 895 41
92 913 12
93 929 36
94 958 40
95 973 38
96 976 40
97 982 23
98 994 10
99 1002 44
100 1006 31
101 1051 19
102 1061 28
103 1069 45
104 1079 27
105 1082 39
106 1093 14
107 1097 24
108 1102 11
109 1109 19
110 1110 39
111 1123 6
112 1124 17
113 1145 33
114 1155 23
115 1159 19
116 1167 19
