1111 5530 111 10

0 30 4785
1 60 9478
2 90 14081
3 120 18594
4 150 23019
5 180 27357
6 210 31609
7 240 35777
8 270 39862
9 300 43865

0 4273
1 3052
2 4203
3 4193
4 4193
5 3484
6 3010
7 3694
8 3863
9 3564
10 4037
11 4474
12 3833
13 4298
14 4323
15 4679
16 4423
17 3398
18 4106
19 3902
20 3963
21 4448
22 4237
23 4344
24 3891
25 3850
26 4482
27 4554
28 4811
29 3906
30 5134
31 4084
32 2993
33 5167
34 5040
35 5205
36 4021
37 3460
38 4046
39 3751
40 3723
41 3664
42 4135
43 4276
44 3879
45 4726
46 3866
47 3018
48 3652
49 4517
50 4615
51 3773
52 4415
53 3624
54 3390
55 2840
56 4100
57 3284
58 5174
59 3717
60 2468
61 3425
62 3611
63 3852
64 4598
65 3366
66 3475
67 4101
68 4109
69 3805
70 5289
71 4376
72 3570
73 3392
74 4030
75 4107
76 3869
77 5264
78 4779
79 4584
80 3880
81 4625
82 3734
83 5045
84 3879
85 4131
86 5600
87 4795
88 3832
89 4029
90 3701
91 4192
92 4240
93 3283
94 3545
95 4147
96 3705
97 3519
98 4063
99 3199
100 4558
101 3219
102 4569
103 4298
104 3637
105 3678
106 3991
107 3649
108 3514
109 3984
110 3609
111 3639
112 2889
113 3854
114 3639
115 5083
116 3519
117 5143
118 5012
119 3486
120 3898
121 3848
122 3833
123 4245
124 3719
125 3733
126 4512
127 4056
128 3863
129 3539
130 2901
131 2708
132 4008
133 4630
134 3994
135 4364
136 4768
137 4529
138 3451
139 4395
140 3668
141 2894
142 4241
143 3628
144 3991
145 4296
146 3278
147 3780
148 3647
149 3000
150 3032
151 4615
152 3645
153 4228
154 3666
155 4197
156 4329
157 3294
158 4016
159 3271
160 5053
161 3564
162 3259
163 4418
164 2921
165 4842
166 3853
167 2823
168 3812
169 3390
170 3775
171 3338
172 3859
173 3934
174 5683
175 3348
176 5054
177 4182
178 3238
179 4103
180 3776
181 4594
182 3926
183 4266
184 4204
185 4015
186 3597
187 3701
188 4523
189 4705
190 3776
191 3420
192 2135
193 3498
194 3683
195 4075
196 3188
197 3918
198 2528
199 3476
200 3833
201 4483
202 4942
203 4104
204 3451
205 3599
206 3981
207 3249
208 3773
209 3903
210 4255
211 4129
212 3901
213 2637
214 3568
215 3799
216 3093
217 4050
218 4220
219 3332
220 3531
221 4099
222 3090
223 3915
224 2595
225 3943
226 4293
227 4964
228 4777
229 5153
230 3389
231 3900
232 3261
233 4452
234 3546
235 4356
236 4309
237 4356
238 3448
239 3927
240 3188
241 3543
242 3642
243 2862
244 3854
245 4660
246 4863
247 4530
248 3558
249 4147
250 4312
251 3392
252 4714
253 4442
254 4341
255 3349
256 3861
257 3891
258 4345
259 4059
260 4103
261 3126
262 4170
263 3474
264 3807
265 3510
266 3741
267 3092
268 3500
269 5493
270 4701
271 3787
272 3256
273 3352
274 3313
275 4348
276 4187
277 4202
278 3646
279 3813
280 3261
281 3344
282 3698
283 2802
284 3801
285 3944
286 4196
287 4365
288 4378
289 5711
290 3559
291 3651
292 4853
293 3019
294 3800
295 4256
296 4243
297 3395
298 4121
299 3833
300 3595
301 4602
302 3964
303 3341
304 3884
305 4087
306 2929
307 4504
308 3322
309 4766
310 3988
311 3456
312 3784
313 4803
314 4104
315 2824
316 4709
317 4215
318 4448
319 3989
320 5204
321 3654
322 3383
323 3318
324 4619
325 4527
326 4580
327 4940
328 4637
329 3539
330 4316
331 3826
332 4728
333 3693
334 4586
335 3002
336 4011
337 3350
338 4204
339 4431
340 3535
341 4291
342 3043
343 3537
344 4168
345 2503
346 4666
347 3716
348 3499
349 3551
350 3283
351 4620
352 4972
353 3950
354 3936
355 2795
356 3323
357 3458
358 3187
359 3674
360 4647
361 2629
362 2905
363 5052
364 3795
365 2559
366 3525
367 4231
368 4368
369 3371
370 3140
371 4197
372 4554
373 4572
374 3083
375 3520
376 2857
377 4574
378 4211
379 4414
380 3107
381 3535
382 3553
383 3361
384 4387
385 4034
386 4243
387 3431
388 2497
389 3189
390 5024
391 2266
392 5314
393 3208
394 3791
395 3194
396 4360
397 3546
398 3883
399 3458
400 4264
401 3974
402 4517
403 3539
404 3601
405 4147
406 4637
407 3393
408 5168
409 3408
410 5023
411 4184
412 3216
413 3430
414 3300
415 2939
416 4526
417 3461
418 3396
419 3329
420 4602
421 2937
422 4132
423 3951
424 4135
425 4451
426 3836
427 3232
428 3643
429 3307
430 3385
431 3297
432 4713
433 4131
434 2932
435 3507
436 3686
437 4158
438 3642
439 3525
440 4294
441 3690
442 3946
443 4638
444 4572
445 4142
446 5000
447 4664
448 3871
449 3773
450 4000
451 3333
452 2680
453 5454
454 2432
455 4276
456 3310
457 3787
458 2559
459 4173
460 3291
461 3320
462 4200
463 2964
464 4200
465 3262
466 3344
467 2918
468 3768
469 4453
470 3862
471 3791
472 3049
473 3759
474 3293
475 4202
476 2207
477 4326
478 3541
479 3909
480 5419
481 4355
482 4887
483 3507
484 3680
485 3622
486 4362
487 4493
488 3874
489 4265
490 4112
491 3240
492 3975
493 3841
494 3727
495 4046
496 5341
497 3416
498 4036
499 4433
500 5374
501 4801
502 4348
503 3806
504 5204
505 3865
506 3383
507 4906
508 3269
509 2315
510 5090
511 5042
512 4467
513 4673
514 4348
515 4543
516 4277
517 4146
518 3908
519 2450
520 4087
521 3774
522 4863
523 4466
524 5472
525 3747
526 3747
527 4745
528 3739
529 3825
530 3097
531 4336
532 5174
533 4248
534 3676
535 4002
536 2403
537 3815
538 4397
539 4568
540 3540
541 3825
542 3033
543 4099
544 4040
545 3916
546 5137
547 3939
548 3225
549 3256
550 2329
551 2676
552 3528
553 4302
554 4433
555 4293
556 4536
557 3329
558 3496
559 4082
560 3293
561 4020
562 4248
563 3360
564 3090
565 4555
566 4048
567 4322
568 3196
569 3740
570 4659
571 4585
572 3581
573 4077
574 4097
575 4942
576 3350
577 5375
578 3600
579 3273
580 3854
581 3651
582 2742
583 4019
584 4794
585 3147
586 4671
587 4057
588 4009
589 3715
590 3912
591 3624
592 4576
593 4022
594 3540
595 4139
596 4831
597 4219
598 3774
599 3293
600 4593
601 3515
602 3422
603 4278
604 4289
605 3391
606 3022
607 3614
608 3814
609 3177
610 4706
611 3878
612 3359
613 4782
614 5129
615 4220
616 3583
617 3930
618 2937
619 4386
620 3834
621 3591
622 3841
623 4332
624 4623
625 3787
626 3818
627 3412
628 3815
629 3735
630 4023
631 3221
632 3940
633 4230
634 4967
635 4200
636 3395
637 4329
638 4421
639 4500
640 4373
641 3927
642 3104
643 4647
644 4505
645 5103
646 3832
647 3717
648 3877
649 3831
650 4243
651 4883
652 3539
653 3630
654 4290
655 1962
656 5022
657 3643
658 4175
659 4719
660 4014
661 4241
662 2847
663 4765
664 3303
665 3654
666 3904
667 3101
668 4584
669 4102
670 4325
671 3765
672 3122
673 4497
674 4030
675 4377
676 3339
677 3094
678 3550
679 4037
680 4223
681 4059
682 4295
683 4100
684 4753
685 2969
686 5032
687 4178
688 4229
689 3100
690 3647
691 5117
692 3252
693 4711
694 2879
695 3574
696 4223
697 4308
698 2785
699 3428
700 3848
701 4564
702 5682
703 3715
704 3255
705 2875
706 3382
707 4210
708 3582
709 4900
710 4576
711 5151
712 3472
713 3905
714 3476
715 3500
716 4783
717 3674
718 4372
719 4026
720 4400
721 4281
722 3599
723 4169
724 2694
725 3491
726 3112
727 3635
728 5441
729 4560
730 5100
731 4523
732 3314
733 3903
734 4241
735 3628
736 4155
737 3833
738 4215
739 3661
740 4342
741 3928
742 2993
743 3958
744 3857
745 2695
746 4016
747 3304
748 4410
749 4439
750 3656
751 4275
752 3932
753 4227
754 3392
755 4301
756 4466
757 3589
758 4644
759 3808
760 3343
761 3547
762 3831
763 4359
764 3490
765 3797
766 3554
767 5559
768 2612
769 3569
770 4591
771 3272
772 3035
773 3729
774 3803
775 4671
776 4273
777 2908
778 6337
779 5461
780 3529
781 3903
782 3768
783 4670
784 2405
785 3400
786 3889
787 3739
788 4178
789 4850
790 3812
791 3809
792 4686
793 3168
794 4251
795 4225
796 4466
797 3421
798 3017
799 3307
800 3406
801 2933
802 3968
803 3243
804 4862
805 3957
806 2926
807 4500
808 4506
809 4753
810 4172
811 4772
812 4314
813 4544
814 3632
815 4710
816 4197
817 2686
818 4174
819 4710
820 4712
821 2839
822 4451
823 3949
824 4263
825 4564
826 4414
827 4060
828 3486
829 3138
830 4065
831 4712
832 4687
833 2683
834 4405
835 3835
836 5180
837 3297
838 4430
839 3618
840 4152
841 4188
842 3778
843 2872
844 3406
845 5271
846 3927
847 4654
848 4428
849 3457
850 3091
851 3421
852 4821
853 3065
854 4028
855 3973
856 3695
857 3674
858 4130
859 3509
860 5121
861 3827
862 3911
863 3458
864 3976
865 4069
866 5434
867 3675
868 3035
869 4097
870 3426
871 4649
872 2522
873 5214
874 4990
875 2965
876 3248
877 3754
878 3848
879 4479
880 4059
881 4241
882 2313
883 4355
884 4240
885 4640
886 3463
887 4769
888 4400
889 2678
890 4260
891 2466
892 3630
893 4154
894 4549
895 3746
896 3420
897 4394
898 4274
899 3885
900 3910
901 3088
902 3724
903 3995
904 4730
905 3052
906 3567
907 4149
908 4790
909 3670
910 4621
911 4779
912 3695
913 3194
914 4127
915 3461
916 3602
917 3692
918 4116
919 3907
920 3261
921 3975
922 4974
923 2815
924 3811
925 5169
926 3542
927 3832
928 3730
929 3154
930 3590
931 4247
932 4211
933 3215
934 3327
935 3085
936 3058
937 3577
938 4834
939 4223
940 4751
941 4300
942 4696
943 3452
944 3997
945 3097
946 4423
947 4088
948 4245
949 3503
950 3694
951 3701
952 3161
953 3210
954 4619
955 2937
956 3705
957 3830
958 3064
959 4124
960 4263
961 4360
962 3803
963 3598
964 4158
965 3351
966 4545
967 4092
968 3585
969 2966
970 3976
971 3705
972 4609
973 2622
974 3868
975 4956
976 3953
977 3864
978 3792
979 3641
980 3900
981 3759
982 3650
983 3793
984 2871
985 3746
986 3518
987 3997
988 5213
989 3081
990 2661
991 3461
992 4343
993 3784
994 3842
995 3439
996 2290
997 4040
998 3771
999 4393
1000 4583
1001 3925
1002 4746
1003 3569
1004 3102
1005 2817
1006 4899
1007 4084
1008 4033
1009 3400
1010 3675
1011 4302
1012 3708
1013 4639
1014 5084
1015 3899
1016 5239
1017 4700
1018 3470
1019 4257
1020 3076
1021 4177
1022 3847
1023 3165
1024 3382
1025 3657
1026 3826
1027 4427
1028 4120
1029 4916
1030 4218
1031 1962
1032 3489
1033 2970
1034 3791
1035 3961
1036 4949
1037 3226
1038 4074
1039 3915
1040 5399
1041 5434
1042 3841
1043 4530
1044 4380
1045 4541
1046 4471
1047 3770
1048 3907
1049 3902
1050 4339
1051 3774
1052 2634
1053 3502
1054 4129
1055 4236
1056 3971
1057 3454
1058 4189
1059 4101
1060 5343
1061 3697
1062 4129
1063 3977
1064 3769
1065 5333
1066 3765
1067 4530
1068 3807
1069 3490
1070 4950
1071 4724
1072 4459
1073 4090
1074 2815
1075 3825
1076 3570
1077 4506
1078 3591
1079 4916
1080 3723
1081 3366
1082 4079
1083 4067
1084 4605
1085 3468
1086 4007
1087 4028
1088 2715
1089 3503
1090 4244
1091 3193
1092 4719
1093 4081
1094 4087
1095 4106
1096 3907
1097 3864
1098 4060
1099 5667
1100 4447
1101 3853
1102 5117
1103 2914
1104 3788
1105 3393
1106 3822
1107 2808
1108 4559
1109 3926
1110 2869

0 105 59 13
0 120 40 2
0 483 10 6
0 683 26 5
0 745 26 15
0 815 46 15
0 844 19 11
0 973 33 12
0 1026 4 13
1 50 42 14
1 94 16 15
1 273 41 14
1 311 10 6
1 415 10 14
1 426 50 12
1 451 38 4
1 484 26 8
1 536 42 4
1 554 55 7
1 595 45 7
1 743 38 9
1 849 10 3
1 908 21 10
1 1020 32 2
1 1034 60 9
1 1072 31 4
1 1084 14 5
2 21 43 14
2 73 60 5
2 137 19 7
2 139 57 6
2 220 11 2
2 244 20 2
2 343 5 8
2 459 59 9
2 715 46 2
3 108 51 3
3 114 41 10
3 273 41 13
3 280 26 13
3 452 6 15
3 500 22 15
3 563 10 6
3 615 9 3
3 760 41 9
3 777 31 10
3 794 23 5
3 901 32 14
3 920 37 9
3 941 59 14
3 1088 53 11
3 1099 4 5
4 302 35 5
4 439 14 3
4 459 15 1
4 742 53 6
4 747 52 12
4 768 9 14
4 834 46 1
5 42 46 8
5 187 59 1
5 231 42 8
5 315 54 11
5 596 53 4
5 703 22 6
5 788 12 10
5 812 54 6
5 900 30 13
5 911 49 13
6 43 17 1
6 127 47 2
6 135 1 2
6 255 15 14
6 375 41 12
6 403 7 14
6 543 19 11
6 782 28 5
6 795 51 6
6 800 22 10
6 886 47 15
6 892 28 10
6 975 33 5
6 1089 37 5
7 247 49 4
7 387 45 3
7 390 7 10
7 435 39 14
7 547 5 5
7 586 12 15
7 859 47 10
7 957 56 8
8 311 48 8
8 587 34 7
8 639 18 12
8 765 28 2
8 870 19 6
8 960 7 3
8 1021 25 3
9 33 12 4
9 122 28 14
9 272 38 6
9 358 32 11
9 408 20 6
9 505 29 2
9 787 15 7
9 801 45 13
9 836 21 11
9 954 14 5
9 1015 50 8
10 72 53 8
10 101 53 8
10 120 30 13
10 125 14 9
10 174 36 10
10 236 28 8
10 339 39 15
10 404 36 3
10 429 42 1
10 489 8 5
10 508 25 9
10 550 35 3
10 561 1 11
10 605 50 6
10 731 16 12
10 822 41 5
10 969 40 15
11 106 22 5
11 153 60 2
11 252 44 5
11 416 23 15
11 498 32 8
11 601 31 14
11 606 27 10
11 637 42 15
11 677 9 2
11 715 33 6
11 895 35 5
11 983 27 10
11 989 54 4
11 1009 40 11
12 70 12 15
12 102 52 5
12 142 30 11
12 161 10 11
12 167 48 10
12 318 20 5
12 366 16 8
12 540 12 11
12 542 38 7
12 716 20 2
12 801 1 1
12 983 26 10
12 984 29 6
12 1096 39 6
13 102 45 5
13 149 26 4
13 509 5 3
13 610 44 15
13 853 5 7
13 920 12 7
13 998 22 3
13 1025 58 11
14 38 44 15
14 107 29 10
14 246 34 1
14 334 40 12
14 340 8 2
14 431 47 12
14 519 48 1
14 805 21 6
14 838 33 4
14 942 44 11
15 157 28 13
15 300 16 12
15 332 1 12
15 344 34 7
15 427 16 13
15 520 40 7
15 750 56 15
16 131 15 12
16 135 28 2
16 220 42 8
16 325 15 8
16 327 21 14
16 330 20 6
16 381 17 9
16 567 55 4
16 791 25 10
16 869 1 13
16 987 46 4
16 1055 53 8
17 76 47 7
17 100 11 13
17 132 23 6
17 331 55 1
17 583 20 1
17 647 33 5
17 741 4 5
17 798 41 10
17 867 8 11
17 898 38 6
17 1060 60 4
18 69 53 1
18 91 43 15
18 339 49 13
18 487 16 5
18 550 6 13
18 558 49 8
18 786 37 13
18 901 40 7
18 1017 42 5
19 535 53 10
19 542 46 2
19 551 34 5
19 554 28 8
19 565 7 11
19 828 53 7
19 835 40 5
19 871 16 5
19 1082 47 2
20 73 47 7
20 270 39 8
20 364 46 4
20 407 5 5
20 455 48 14
20 480 8 11
20 659 12 13
20 813 53 2
20 1046 35 3
21 50 23 9
21 304 24 3
21 342 4 11
21 550 32 1
21 887 13 14
21 947 52 14
21 951 10 14
21 1075 12 7
21 1083 14 10
22 37 36 5
22 103 58 4
22 110 35 9
22 196 32 10
22 426 35 14
22 486 32 13
22 620 43 5
22 740 28 5
22 782 7 10
22 985 50 3
22 1011 37 7
23 64 8 8
23 90 41 5
23 156 12 15
23 197 41 6
23 285 36 3
23 291 46 6
23 423 14 5
23 503 25 7
23 608 54 5
23 687 40 10
23 748 7 2
23 839 35 4
23 917 23 12
23 1058 58 1
23 1074 46 5
23 1087 23 14
23 1101 24 9
24 113 30 7
24 260 41 9
24 395 22 4
24 607 23 13
24 682 27 11
24 753 15 15
24 787 58 3
24 861 36 11
24 875 41 7
24 888 44 13
24 890 60 14
24 990 51 7
24 1088 6 2
25 455 17 7
25 466 46 8
25 756 33 9
25 827 14 12
26 170 50 12
26 264 42 1
26 308 10 8
26 595 40 1
26 612 36 9
26 741 35 7
26 857 22 4
26 878 9 4
26 928 58 13
26 1098 12 6
27 83 24 5
27 449 5 11
27 461 35 8
27 505 28 14
27 555 47 8
27 576 17 11
27 810 39 12
27 838 9 7
27 931 3 12
27 946 56 9
28 44 52 11
28 68 13 8
28 104 44 4
28 189 2 15
28 561 42 8
28 615 28 9
28 694 18 7
28 706 38 15
28 737 46 12
28 743 59 15
28 780 39 13
28 856 30 11
28 1109 47 9
29 213 2 10
29 345 33 2
29 384 26 2
29 409 34 7
29 562 37 2
29 567 44 6
29 765 25 8
29 807 2 14
29 912 23 14
29 1045 10 9
29 1049 18 2
29 1103 48 4
30 66 6 6
30 145 39 5
30 248 38 13
30 262 60 13
30 292 19 4
30 322 1 13
30 492 37 9
30 580 15 3
30 604 1 10
30 605 7 14
30 633 5 9
30 761 39 13
30 956 29 8
30 969 13 6
31 64 35 2
31 78 35 5
31 144 50 10
31 333 49 5
31 348 35 13
31 378 40 12
31 479 27 8
31 660 58 13
31 812 17 11
31 849 20 12
31 850 38 9
31 991 37 15
31 1017 28 10
31 1095 17 2
32 244 45 5
32 303 52 12
32 319 4 14
32 621 48 6
32 672 3 1
32 721 43 15
32 892 57 14
32 984 8 5
33 83 10 14
33 199 29 6
33 209 44 11
33 316 18 8
33 493 37 4
33 794 58 1
33 860 21 14
33 861 31 1
34 52 14 11
34 132 19 1
34 167 18 14
34 450 44 15
34 633 5 4
34 722 21 4
34 763 43 4
34 841 38 6
34 888 33 2
34 893 44 4
34 1011 35 15
34 1089 54 13
35 82 33 1
35 118 15 2
35 433 5 1
35 442 54 6
35 654 32 9
35 730 20 7
35 839 34 8
35 960 1 3
35 1036 5 15
36 95 37 6
36 139 28 8
36 201 14 15
36 359 29 5
36 722 40 15
36 752 54 3
36 763 37 8
36 811 24 11
36 833 1 6
36 843 21 2
36 920 19 13
36 930 24 9
36 1044 22 14
36 1109 19 3
37 242 26 12
37 272 53 12
37 404 32 9
37 529 39 13
37 666 56 2
37 691 38 7
37 832 31 13
37 870 32 4
37 965 15 6
38 185 21 8
38 212 2 7
38 366 58 7
38 524 31 14
38 623 21 4
38 681 57 10
38 730 16 10
38 755 48 14
38 808 52 6
38 934 8 4
39 212 33 15
39 230 18 12
39 238 58 12
39 244 2 3
39 298 33 6
39 384 18 12
39 426 13 8
39 470 17 15
39 500 44 5
39 511 6 7
39 572 34 2
39 731 39 7
39 882 31 2
39 1013 25 5
39 1046 14 8
40 55 21 5
40 116 16 10
40 133 25 3
40 149 14 4
40 166 15 15
40 169 29 3
40 174 39 11
40 608 47 15
40 665 19 12
40 762 16 11
40 1037 55 7
40 1042 7 6
40 1063 49 6
41 65 12 6
41 317 58 1
41 325 24 3
41 396 41 14
41 399 43 10
41 559 40 2
41 571 35 4
41 1042 51 14
42 54 21 14
42 130 36 6
42 255 26 15
42 289 20 8
42 529 24 14
42 754 56 9
43 161 9 7
43 263 8 11
43 440 6 12
43 513 6 2
43 546 35 2
43 584 12 6
43 614 15 7
43 691 9 8
43 730 36 7
43 765 42 2
43 824 50 2
43 852 41 8
43 913 20 15
43 1100 31 12
44 250 36 1
44 295 16 15
44 524 31 6
44 845 28 6
44 1097 39 6
45 213 47 13
45 281 4 9
45 456 20 3
45 476 18 11
45 526 40 14
45 563 1 3
45 565 20 2
45 576 22 4
45 861 26 6
45 905 23 15
45 1063 34 12
46 90 37 1
46 117 9 11
46 432 24 3
46 467 40 11
46 493 4 1
46 504 47 7
46 742 34 4
47 49 50 8
47 175 9 10
47 295 25 5
47 368 47 1
47 377 39 13
47 515 20 10
47 601 21 6
47 676 16 5
47 692 48 13
47 830 8 2
47 934 1 8
47 1044 51 2
47 1069 30 8
48 201 52 14
48 226 52 5
48 289 58 1
48 317 45 5
48 324 36 13
48 336 56 9
48 424 10 3
48 526 11 14
48 633 38 10
48 691 47 12
48 848 30 9
48 857 39 15
48 870 14 2
48 1027 60 5
48 1069 9 14
49 231 21 4
49 683 27 12
49 769 59 9
49 901 58 12
49 927 19 15
49 1041 22 12
50 64 41 8
50 130 46 15
50 485 8 7
50 540 45 1
50 675 42 12
50 690 23 12
51 90 47 9
51 160 40 11
51 549 35 3
51 595 18 11
51 616 9 6
51 790 56 4
51 883 12 12
51 1000 35 14
52 60 28 11
52 125 19 7
52 211 6 15
52 274 15 3
52 537 5 3
52 552 26 1
52 563 5 5
52 719 38 15
52 723 55 5
52 931 49 8
52 951 52 6
52 961 4 9
52 1088 4 13
52 1103 52 11
53 116 30 1
53 244 29 13
53 572 58 8
53 614 48 7
53 681 56 3
53 764 31 7
53 869 26 3
53 993 52 11
53 1030 22 2
54 238 46 3
54 317 43 2
54 612 31 8
54 732 1 4
54 768 7 7
54 827 51 11
54 952 28 3
55 209 42 5
55 340 5 11
55 373 2 7
55 490 29 6
55 804 43 14
55 1045 6 10
56 406 7 7
56 721 9 8
56 1017 39 15
56 1069 49 11
57 263 40 12
57 308 13 6
57 450 28 4
57 475 33 15
57 488 46 13
57 699 53 12
57 724 3 2
57 842 30 3
57 917 36 14
57 1071 7 5
58 367 5 10
58 561 53 4
58 741 31 13
58 779 10 4
58 1021 7 11
59 62 14 9
59 182 47 2
59 340 42 15
59 482 38 12
59 592 7 14
59 678 20 10
59 764 22 7
59 860 44 8
59 868 56 7
60 174 41 2
60 203 24 2
60 330 34 1
60 520 22 7
60 577 21 6
60 604 58 9
60 638 19 4
60 771 55 4
60 926 28 1
60 1021 4 5
61 76 33 4
61 179 50 9
61 295 4 5
61 341 33 8
61 347 33 6
61 478 41 8
61 539 14 3
61 582 45 12
61 794 51 9
61 932 57 4
61 977 53 8
61 1065 1 15
62 359 41 12
62 654 21 14
62 826 42 15
62 897 21 4
62 1039 35 2
62 1047 42 15
62 1085 46 12
63 163 30 11
63 174 30 4
63 187 59 10
63 204 55 9
63 411 24 14
63 743 13 11
63 790 41 8
63 996 32 2
63 1085 58 4
64 275 18 12
64 647 54 11
64 676 49 7
64 1060 9 8
65 272 48 15
65 509 43 9
65 642 51 14
65 712 40 4
65 789 16 5
65 939 38 12
65 1061 32 10
65 1091 25 9
66 379 5 6
66 506 12 13
66 527 29 12
66 565 34 13
66 577 39 3
66 614 44 5
66 730 33 9
66 738 28 3
66 828 37 14
67 85 53 14
67 94 52 6
67 304 56 12
67 463 34 10
67 493 6 11
68 111 20 5
68 178 34 12
68 304 48 6
68 316 40 15
68 406 18 10
68 500 25 13
68 514 60 1
68 712 56 15
68 717 31 4
68 775 9 10
68 836 4 15
68 946 21 7
68 1048 19 4
68 1089 19 8
69 91 43 12
69 103 58 1
69 147 46 4
69 299 46 12
69 395 40 14
69 463 2 6
69 619 39 12
69 714 36 1
69 724 55 1
69 759 23 10
69 783 56 2
69 990 16 12
69 1071 27 13
70 104 21 13
70 174 24 7
70 180 39 6
70 200 45 14
70 309 28 10
70 341 33 7
70 403 52 14
70 508 53 12
70 950 44 12
70 1050 2 8
71 92 26 15
71 235 59 5
71 447 46 8
71 463 14 14
71 514 22 10
71 533 58 12
71 817 1 5
71 976 50 12
71 1008 22 14
72 276 12 15
72 520 16 4
72 577 2 10
72 644 16 7
72 803 52 13
72 825 38 9
73 124 55 12
73 162 51 6
73 198 38 1
73 227 34 11
73 297 32 5
73 507 23 8
73 703 58 15
73 1027 47 15
74 242 32 7
74 411 3 12
74 479 46 2
74 489 53 8
74 717 17 11
74 832 12 5
74 850 15 14
74 941 43 8
75 228 12 6
75 381 5 14
75 431 46 6
75 491 38 12
75 595 1 13
75 693 51 6
75 765 17 2
75 804 42 5
75 923 28 12
75 1081 9 8
76 207 51 12
76 271 39 7
76 764 31 15
76 774 49 1
76 887 57 8
76 920 46 7
76 1029 17 7
76 1055 38 13
77 382 18 9
77 465 46 9
77 614 34 15
77 794 18 1
77 896 33 7
77 945 1 12
77 990 4 6
78 213 1 1
78 285 52 4
78 397 11 8
78 528 29 12
78 537 46 9
78 785 14 1
78 926 27 15
78 1042 19 9
78 1081 31 3
79 113 6 4
79 174 32 7
79 241 57 9
79 276 21 4
79 353 46 13
79 534 20 6
79 753 19 7
79 1056 5 15
80 237 31 13
80 363 14 3
80 464 54 4
80 480 17 3
80 513 34 2
80 714 9 7
80 914 38 14
80 963 14 12
81 146 49 13
81 230 18 4
81 291 33 4
81 427 28 10
81 448 45 13
81 488 1 5
81 617 10 13
81 636 29 11
81 845 21 1
81 878 21 11
81 900 22 8
81 919 49 6
81 1051 9 8
82 97 14 14
82 163 12 15
82 229 27 3
82 416 59 8
82 436 18 9
82 546 30 7
82 583 47 2
82 728 12 5
82 1105 35 15
83 94 32 7
83 164 48 10
83 352 55 10
83 403 11 1
83 659 26 3
83 691 22 6
83 906 2 12
83 1001 2 9
83 1094 44 11
84 370 46 13
84 468 42 8
84 587 58 14
84 640 40 12
84 689 6 5
84 736 16 15
84 767 49 10
84 915 16 14
84 1066 56 2
85 611 32 5
85 789 32 2
85 857 35 2
85 885 58 4
85 937 13 14
86 176 45 9
86 255 46 7
86 324 17 15
86 359 24 4
86 395 5 10
86 411 7 5
86 495 21 4
86 536 8 4
86 554 12 9
86 744 42 2
86 871 3 3
86 1081 49 15
86 1100 59 11
87 110 60 15
87 318 35 12
87 367 16 5
87 408 36 11
87 564 3 14
87 653 36 8
87 713 8 11
87 933 13 9
87 1050 9 1
87 1071 53 15
87 1089 30 1
88 274 22 6
88 300 50 10
88 304 59 15
88 345 24 10
88 404 33 7
88 562 25 13
88 637 37 2
88 731 21 11
88 755 36 9
88 802 58 10
89 114 2 9
89 220 58 5
89 378 50 15
89 492 23 14
89 506 23 4
89 583 36 11
89 681 11 15
89 710 46 1
89 902 3 12
89 941 26 14
89 982 14 2
89 984 45 1
89 1038 7 11
89 1055 35 3
90 105 38 6
90 108 16 10
90 146 42 8
90 148 37 13
90 364 56 10
90 593 33 4
90 747 47 10
90 756 10 9
90 773 8 2
90 856 59 10
90 951 36 2
90 959 8 9
91 227 36 6
91 429 28 11
91 433 30 4
91 555 39 12
91 639 23 8
91 1050 34 9
92 97 42 15
92 119 41 6
92 181 54 7
92 693 30 3
92 1001 47 4
92 1029 56 5
93 110 59 12
93 179 16 3
93 355 57 2
93 485 50 8
93 547 52 8
93 790 46 10
93 792 12 13
93 930 43 3
93 1053 12 11
94 212 44 3
94 320 4 15
94 630 33 11
94 760 57 10
94 843 60 14
94 1081 15 12
95 176 11 8
95 386 11 7
95 489 42 9
95 505 48 3
95 543 31 13
95 649 20 14
95 941 22 1
95 1046 6 1
96 301 42 11
96 313 27 3
96 496 12 11
96 525 5 10
96 549 28 14
96 580 46 8
96 657 44 11
96 730 53 2
96 740 50 11
96 773 54 13
96 807 13 4
96 934 52 10
96 938 2 7
96 945 37 7
96 986 25 3
96 1096 32 14
97 120 27 1
97 156 12 5
97 362 15 5
97 460 23 14
98 161 27 11
98 185 20 9
98 370 57 9
98 536 40 6
98 613 40 12
98 652 21 7
98 679 33 9
98 907 1 5
98 1049 18 12
99 117 18 13
99 246 28 13
99 292 41 14
99 306 24 6
99 353 33 15
99 394 35 15
99 558 2 7
99 687 7 5
99 1031 3 5
99 1074 52 11
100 386 47 12
100 396 59 11
100 409 18 8
100 521 36 10
100 573 46 15
100 682 38 5
100 685 4 7
100 804 24 14
100 814 58 7
100 955 8 14
100 1059 6 5
100 1087 24 4
101 236 28 9
101 325 32 11
101 343 43 3
101 427 28 1
101 593 53 1
101 848 41 2
101 1064 53 8
101 1072 5 13
102 116 25 2
102 325 11 3
102 579 58 8
102 683 56 1
102 685 20 11
102 705 40 12
102 740 16 15
102 821 18 1
102 1086 11 12
103 296 33 15
103 367 27 1
103 401 51 5
103 478 23 1
103 529 45 13
103 693 30 1
103 882 38 4
103 968 36 15
103 1022 45 8
104 515 38 1
104 553 30 14
104 615 8 9
104 815 60 12
104 859 54 12
104 1096 1 6
105 214 57 12
105 247 19 15
105 1009 44 9
106 109 49 14
106 191 36 3
106 208 12 3
106 317 6 5
106 349 56 1
106 485 43 5
106 537 3 7
106 561 9 1
106 684 33 2
106 735 35 8
106 779 4 11
106 894 2 4
107 316 36 9
107 609 14 11
107 650 54 9
107 705 31 3
107 745 48 13
107 930 45 11
108 150 44 5
108 280 35 12
108 362 15 1
108 509 38 1
108 710 40 13
108 725 5 11
108 864 55 8
108 1016 52 4
108 1036 41 10
109 228 30 6
109 425 49 6
109 444 34 1
109 482 19 14
109 539 49 10
109 747 58 12
109 757 5 14
109 781 17 8
109 825 15 11
109 891 42 1
109 995 28 15
110 180 30 13
110 326 27 14
110 332 52 9
110 403 18 10
110 472 2 13
110 491 41 14
110 494 28 2
110 602 18 11
110 718 31 9
110 818 45 9
110 1110 45 7
111 220 23 7
111 555 60 7
111 585 16 2
111 772 57 2
111 1012 57 6
111 1080 28 13
111 1087 34 5
112 463 31 13
112 505 51 11
112 605 28 3
112 748 45 1
112 978 30 5
113 223 54 7
113 519 5 2
113 601 28 4
113 641 11 2
113 851 13 7
113 1034 30 1
113 1085 7 9
114 267 48 7
114 380 40 11
114 386 41 1
114 466 8 10
114 496 32 10
114 504 33 1
114 827 13 1
114 836 6 1
114 934 10 8
114 949 33 15
114 965 2 12
115 154 13 14
115 188 60 1
115 214 17 3
115 580 18 15
115 650 53 14
115 762 50 7
115 779 3 10
116 287 34 3
116 411 30 13
116 527 30 5
116 665 58 14
116 833 11 2
116 921 39 7
117 373 19 9
117 532 13 11
117 577 31 7
117 633 48 1
117 734 27 8
117 801 60 7
117 910 35 1
117 1084 17 9
117 1094 40 10
118 259 20 7
118 525 45 14
118 779 35 15
118 809 58 13
118 896 15 5
118 932 52 10
118 1023 40 7
119 152 36 10
119 357 13 9
119 359 43 6
119 610 23 15
119 725 38 4
119 914 14 11
119 917 59 14
119 933 3 11
119 948 24 11
119 1036 27 8
120 122 53 3
120 133 29 3
120 152 27 12
120 441 27 14
120 442 42 4
120 793 27 1
120 809 55 1
120 841 54 12
120 852 45 7
120 854 25 4
121 147 59 9
121 261 42 6
121 326 4 2
121 491 48 9
121 569 24 13
121 574 52 7
121 620 32 6
121 809 29 3
121 859 4 5
121 863 14 3
121 911 40 7
121 1065 22 7
122 183 21 8
122 260 53 5
122 377 37 9
122 471 55 12
122 559 48 11
122 570 24 2
122 581 21 12
122 726 31 8
122 841 11 14
122 852 2 14
122 869 14 4
122 962 14 11
123 289 56 1
123 293 21 13
123 386 38 10
123 392 54 10
123 538 20 15
123 681 26 12
123 899 46 12
123 902 26 4
123 912 47 5
123 962 28 14
123 1029 15 5
124 166 53 11
124 287 19 15
124 385 54 9
124 390 58 13
124 418 35 3
124 443 36 9
124 456 23 5
124 541 54 9
124 973 34 10
124 1037 13 12
124 1104 54 11
125 143 15 10
125 188 1 13
125 225 50 3
125 256 59 5
125 497 7 15
125 638 21 15
125 792 42 4
125 899 26 11
125 921 26 9
125 952 29 5
125 1018 49 9
126 201 56 4
126 294 9 3
126 311 28 2
126 368 21 6
126 401 47 6
126 524 33 1
126 812 15 12
126 984 27 5
126 1018 26 12
126 1059 33 13
127 141 17 13
127 241 4 7
127 382 42 4
127 533 7 8
127 541 46 4
127 542 52 1
127 730 52 10
127 860 1 12
127 927 37 12
127 1017 31 14
127 1034 25 7
128 344 59 10
128 404 33 2
128 450 31 15
128 466 44 9
128 564 15 13
128 627 41 11
128 711 14 9
128 808 5 6
128 977 26 8
128 1078 49 5
129 261 56 4
129 298 13 12
129 342 5 8
129 601 9 2
129 701 28 5
129 770 50 15
130 161 40 15
130 213 16 1
130 302 25 7
130 359 44 9
130 497 12 8
130 843 9 9
130 926 49 2
130 1086 12 10
131 175 50 5
131 177 20 11
131 217 53 6
131 309 56 9
131 356 19 13
131 519 10 4
131 707 46 9
131 909 52 13
131 935 26 2
131 959 10 8
131 1031 28 3
132 262 30 15
132 446 29 12
132 469 30 13
132 690 24 11
132 757 38 7
132 787 58 12
133 180 11 14
133 473 48 6
133 619 50 2
133 671 23 5
133 731 7 6
133 1083 35 11
134 220 13 13
134 289 28 1
134 338 1 4
134 444 23 12
134 459 8 6
134 470 33 10
134 597 23 15
134 802 56 11
134 813 53 15
134 896 8 15
134 960 59 13
134 965 23 1
134 1050 27 5
136 145 52 12
136 156 44 6
136 366 55 6
136 408 19 12
136 505 15 9
136 573 6 9
136 654 35 13
136 744 12 8
136 775 58 8
136 879 16 3
136 927 19 14
136 998 54 2
137 271 51 10
137 288 20 12
137 388 3 15
137 474 14 15
137 591 7 11
137 614 58 12
137 700 7 5
137 952 25 4
138 482 43 9
138 579 27 15
138 595 33 6
138 646 49 13
138 681 15 9
138 813 19 14
138 1079 9 1
139 293 55 5
139 502 50 6
139 513 59 11
139 553 6 4
139 602 22 8
139 616 10 4
139 648 50 3
139 703 3 2
139 783 59 12
139 913 31 4
139 941 48 1
139 1008 1 12
139 1028 16 14
140 166 29 2
140 181 1 14
140 432 30 14
140 449 41 4
140 492 9 12
140 600 18 10
140 775 50 1
140 845 40 2
140 996 56 5
141 185 6 9
141 288 26 15
141 657 2 4
141 1063 10 10
141 1071 31 6
142 143 23 13
142 152 12 9
142 176 31 14
142 212 34 8
142 303 3 10
142 421 2 5
142 448 9 11
142 617 48 12
142 741 58 1
142 1044 28 4
143 169 28 3
143 330 40 3
143 395 39 5
143 546 22 11
143 566 14 15
143 772 35 10
143 983 56 2
143 1079 54 1
144 310 9 9
144 356 45 11
144 684 5 14
144 721 39 13
144 770 7 15
144 795 59 12
144 809 24 5
144 957 59 4
144 976 37 8
145 186 35 13
145 410 8 7
145 462 8 7
145 505 34 3
145 602 45 7
145 672 47 2
145 694 52 6
145 776 51 15
145 810 57 11
145 895 30 5
145 951 5 10
145 1007 18 8
145 1032 33 8
146 380 32 7
146 395 45 3
146 441 41 12
146 444 31 2
146 662 7 1
146 770 60 12
146 780 56 1
146 803 24 7
147 444 58 8
147 458 2 6
147 519 57 1
147 555 9 6
147 629 31 13
147 713 31 5
147 723 59 8
147 835 3 7
147 860 10 9
147 922 57 14
147 934 52 15
147 1016 17 7
148 422 33 9
148 446 52 14
148 488 42 12
148 544 32 12
148 558 52 8
148 669 30 10
148 713 8 2
148 730 32 8
148 733 42 14
148 746 8 14
148 755 46 15
148 1108 29 1
149 202 59 6
149 241 55 14
149 258 34 13
149 455 21 10
149 526 3 10
149 858 44 10
150 251 58 4
150 288 31 11
150 340 5 9
150 381 24 1
150 778 30 7
150 922 16 5
150 930 37 10
150 970 52 12
150 991 15 14
150 1042 35 7
150 1062 36 15
150 1070 44 2
150 1093 29 6
151 392 42 2
151 714 25 15
151 757 44 11
151 793 55 15
151 796 42 8
151 1055 15 4
151 1090 34 1
151 1096 29 7
152 206 3 8
152 274 27 4
152 373 59 14
152 508 31 12
152 628 47 8
152 804 35 12
152 956 57 10
152 958 18 12
152 1032 5 7
153 202 50 8
153 340 19 1
153 471 43 13
153 521 31 2
153 613 42 2
153 686 43 14
153 773 40 15
153 983 50 10
153 1108 51 7
154 198 7 4
154 312 38 5
154 322 27 14
154 757 34 3
154 789 43 9
154 820 34 12
154 854 39 2
154 971 8 13
155 224 58 13
155 294 18 5
155 432 51 1
155 936 5 11
156 171 2 6
156 359 1 1
156 394 11 13
156 409 17 6
156 433 45 4
156 503 39 8
156 668 47 15
156 703 30 13
156 738 58 9
156 757 34 6
156 917 11 13
156 925 54 12
156 1010 24 7
157 220 42 8
157 484 57 2
157 1089 4 14
158 448 17 1
158 450 53 6
158 462 24 6
158 490 36 2
158 510 31 13
158 769 58 12
158 895 47 13
158 911 50 1
158 1083 39 11
158 1109 6 1
159 166 3 11
159 278 54 15
159 362 35 5
159 371 8 9
159 449 52 4
159 565 44 7
159 669 54 14
159 1002 26 4
159 1040 28 10
159 1054 16 4
160 205 43 3
160 382 39 5
160 523 32 6
160 918 26 12
160 922 50 15
160 1049 56 10
161 231 42 1
161 276 41 15
161 398 15 5
161 547 24 9
161 612 51 13
161 721 27 14
161 808 15 11
161 816 23 12
161 886 43 1
161 911 38 5
161 1061 33 4
161 1064 47 5
161 1095 54 15
162 305 33 4
162 665 19 11
162 1042 24 8
163 192 13 14
163 310 4 5
163 318 55 5
163 447 36 13
163 619 7 8
163 691 3 8
164 399 7 14
164 530 53 6
164 633 53 1
164 698 50 8
164 988 25 10
164 1043 13 5
164 1048 46 2
164 1074 17 14
164 1083 11 2
165 184 43 6
165 279 26 8
165 291 29 1
165 332 26 4
165 404 48 10
165 427 30 9
165 778 8 13
165 888 42 10
165 966 35 13
165 1073 55 1
166 222 6 5
166 479 42 8
166 509 58 13
166 515 2 2
166 653 45 11
166 854 32 15
167 342 30 8
167 346 34 15
167 549 9 1
167 562 1 6
167 606 54 14
167 645 45 8
167 807 60 8
168 392 53 13
168 398 8 12
168 424 36 1
168 446 7 13
168 758 10 7
169 522 38 13
169 614 47 3
169 741 57 3
169 851 35 13
169 855 24 9
169 974 46 13
170 730 1 13
170 779 11 1
170 982 14 15
171 214 29 13
171 217 53 4
171 259 37 7
171 299 47 11
171 427 21 10
171 508 46 14
171 717 29 4
171 733 17 11
171 744 34 12
172 240 26 6
172 375 36 1
172 454 34 5
172 558 30 12
172 584 21 13
172 615 20 11
172 800 18 12
173 470 59 14
173 485 49 12
173 586 13 5
173 635 29 10
173 823 52 13
173 875 37 3
173 917 7 1
173 1046 48 6
174 362 60 1
174 413 32 10
174 424 29 6
174 643 52 6
174 652 31 9
174 824 29 15
174 995 27 10
174 1044 26 5
175 209 55 3
175 255 33 9
175 366 54 9
175 490 50 11
175 625 45 14
175 649 10 5
175 651 28 3
175 793 36 9
175 844 32 2
175 982 33 13
175 1024 18 12
176 297 2 11
176 501 48 7
176 679 40 7
176 911 27 15
176 925 50 3
176 936 48 14
176 965 20 15
176 974 52 11
177 502 6 10
177 528 48 15
177 669 57 4
177 693 11 3
177 815 37 9
177 864 29 4
178 338 54 4
178 398 52 7
178 863 16 14
178 1090 47 2
179 225 41 14
179 411 51 12
179 541 43 7
179 794 27 15
179 816 31 1
179 848 32 11
179 894 54 9
179 931 50 12
179 934 59 8
179 1083 13 12
180 200 19 5
180 664 4 6
180 765 5 12
180 791 36 2
180 1034 52 9
180 1038 42 4
180 1057 24 9
181 201 30 9
181 273 46 10
181 284 6 14
181 341 41 7
181 578 30 10
181 616 20 6
181 812 4 13
181 838 20 4
181 975 37 12
181 987 24 5
181 1106 42 5
182 217 15 2
182 245 3 2
182 554 3 15
182 577 53 5
182 608 58 7
182 702 50 6
182 793 42 10
182 956 34 15
183 283 35 11
183 437 46 14
183 481 42 2
183 487 5 6
183 592 17 10
183 597 26 5
183 745 2 15
183 760 24 11
183 1091 4 3
184 250 36 15
184 426 33 8
184 722 14 12
184 818 9 5
184 1041 28 5
184 1067 7 9
184 1110 51 5
185 258 27 2
185 471 30 9
185 613 47 9
185 630 59 11
185 649 59 4
185 721 30 7
185 785 52 5
185 946 41 13
185 949 47 13
185 972 49 4
185 1002 20 10
185 1041 36 13
186 309 57 7
186 411 42 13
186 492 38 11
187 274 55 7
187 308 46 8
187 343 29 7
187 497 36 13
187 540 52 1
187 747 4 1
187 757 29 9
187 1039 28 11
188 284 20 1
188 385 21 6
188 513 22 9
188 766 46 10
188 899 54 13
188 946 12 8
188 1073 47 6
189 240 12 9
189 381 12 9
189 410 57 14
189 604 19 3
189 620 2 7
189 671 24 8
189 803 16 13
189 813 2 2
189 828 5 14
189 938 60 9
190 247 21 5
190 333 60 2
190 335 49 15
190 373 30 11
190 394 27 10
190 466 16 7
190 697 8 12
190 946 6 2
191 231 51 2
191 293 20 5
191 304 21 5
191 376 14 11
191 478 22 5
191 566 16 3
191 598 48 9
191 677 38 13
191 831 40 5
191 855 1 2
191 927 45 6
191 928 4 12
192 746 46 11
192 860 35 7
192 1105 49 15
193 281 9 4
193 321 41 6
193 326 24 14
193 329 41 9
193 404 1 4
193 538 29 7
193 592 28 5
193 644 20 15
193 844 50 12
193 926 59 13
193 1074 32 15
194 344 38 5
194 679 9 7
194 807 41 13
194 853 16 9
195 268 54 8
195 371 58 9
195 434 23 15
195 909 12 15
195 946 57 14
196 445 11 8
197 261 26 15
197 425 42 3
197 434 20 12
197 493 43 10
197 505 39 1
197 604 60 13
197 742 56 10
197 771 56 1
197 936 8 4
198 450 29 7
198 641 54 2
198 837 7 10
198 894 26 6
198 1012 18 4
199 346 60 6
199 395 31 6
199 412 3 11
199 528 46 14
199 598 57 7
199 657 6 4
199 714 42 14
199 762 29 14
199 961 19 5
199 1003 5 9
199 1073 18 5
200 217 52 8
200 310 26 5
200 438 34 7
200 447 19 4
200 636 38 8
200 668 6 14
200 862 59 13
200 894 10 13
200 947 54 10
201 207 17 14
201 223 22 1
201 302 7 3
201 457 18 10
201 499 60 3
201 551 27 10
201 618 22 2
201 686 49 13
201 809 4 1
201 952 24 12
201 983 24 2
201 1006 11 8
201 1095 29 3
202 390 16 14
202 416 4 1
202 576 47 9
202 602 19 2
202 770 19 11
202 841 23 12
202 985 41 6
202 1016 46 13
203 288 43 9
203 313 23 8
203 448 50 4
203 539 17 14
203 951 54 4
203 1020 12 15
203 1022 30 5
204 588 39 5
204 737 3 4
204 854 31 12
204 912 57 7
204 1070 12 7
204 1086 23 6
205 362 3 2
205 461 59 7
205 517 28 2
205 799 45 5
205 802 13 11
205 830 2 11
205 916 46 11
206 238 46 5
206 918 8 3
207 214 38 6
207 242 38 10
207 398 39 7
207 510 35 11
207 699 41 11
207 764 47 11
207 769 14 2
207 806 30 15
207 958 2 8
208 489 26 10
208 547 6 1
209 268 14 5
209 275 18 3
209 320 6 5
209 354 36 14
209 420 29 6
209 456 19 12
209 730 38 9
209 782 32 13
209 812 60 6
209 946 29 10
209 1035 7 2
210 579 19 2
210 914 37 2
211 289 44 7
211 400 40 5
211 469 19 13
211 603 55 12
211 675 51 9
211 692 52 8
211 962 15 1
212 247 38 1
212 317 4 9
212 319 26 9
212 487 2 3
212 498 39 9
212 697 32 15
212 715 57 12
212 760 22 12
212 774 57 9
212 802 13 14
212 814 4 13
212 914 5 5
212 956 5 1
213 401 24 2
213 559 28 5
213 618 9 8
213 634 26 1
213 658 14 14
213 690 57 7
213 747 15 9
213 985 42 1
213 1037 10 3
213 1084 43 12
214 294 22 11
214 329 54 11
214 460 1 10
214 490 20 13
214 586 19 3
214 734 23 12
214 831 28 15
214 833 30 5
214 842 8 14
214 1040 56 12
214 1055 2 1
215 319 44 12
215 516 52 7
215 743 41 10
215 815 9 9
215 823 43 12
215 830 8 11
215 860 6 15
215 1006 8 5
216 222 34 1
216 406 29 5
216 425 3 13
216 468 27 5
216 541 18 1
216 879 23 11
216 1041 23 12
217 349 22 8
217 694 56 3
217 742 23 7
217 755 55 12
217 790 15 1
217 866 12 10
217 1013 52 10
218 221 12 11
218 276 33 8
218 530 53 9
218 536 40 2
218 544 9 1
218 696 50 6
218 720 35 4
218 775 39 2
218 859 24 12
218 885 7 1
218 909 27 7
218 960 24 5
218 1105 28 11
219 440 36 2
219 549 57 6
219 599 3 9
219 663 7 15
219 758 20 11
219 1023 54 4
220 434 42 2
220 574 52 13
220 581 45 2
220 623 33 3
220 737 12 15
220 810 16 4
220 926 38 5
220 1058 23 2
221 249 12 6
221 307 24 14
221 447 23 12
221 930 43 4
221 964 50 13
221 996 44 10
221 1030 38 15
221 1084 20 9
221 1100 53 5
222 282 43 6
222 561 11 8
222 568 5 4
222 746 4 2
222 1023 34 12
223 313 42 5
223 337 22 11
223 374 60 12
223 454 32 6
223 477 47 8
223 548 40 9
223 637 16 14
223 653 30 8
223 898 22 13
223 918 42 11
223 930 55 13
223 952 10 11
223 1077 10 12
224 237 45 4
224 272 10 6
224 273 38 12
224 294 12 15
224 317 44 10
224 329 27 15
224 420 9 13
224 493 6 15
224 588 6 6
224 622 14 12
224 631 35 10
224 762 42 7
224 799 32 10
224 818 44 5
225 475 34 10
225 625 1 3
225 833 43 7
225 853 37 2
225 862 16 7
225 1045 9 14
226 234 44 6
226 425 14 6
226 630 41 14
226 712 49 5
226 1062 23 13
227 265 14 10
227 465 10 3
227 619 58 9
228 361 9 8
228 421 49 12
228 581 44 11
228 625 54 6
228 1008 60 1
228 1039 21 2
228 1071 25 10
229 233 49 2
229 255 42 10
229 483 42 15
229 507 38 10
229 824 41 7
230 418 20 8
230 575 36 9
230 656 32 14
230 657 53 4
230 735 31 2
230 811 7 1
230 837 5 3
230 950 7 1
230 1053 34 13
230 1106 56 2
231 399 17 13
231 471 48 7
231 534 23 8
231 710 11 13
231 772 6 5
232 538 1 4
232 564 37 10
232 734 5 11
233 253 46 11
233 256 56 5
233 478 33 12
233 520 26 11
233 561 56 4
233 571 38 10
233 691 42 4
233 853 57 1
233 1060 17 2
234 336 32 10
234 402 59 2
234 574 2 11
234 733 2 11
235 256 34 5
235 263 6 12
235 439 14 1
235 441 41 5
235 442 6 11
235 552 29 2
235 639 4 14
235 713 16 10
235 1019 59 15
236 718 12 3
236 752 53 5
236 767 24 7
236 815 6 10
236 1058 10 12
237 245 56 9
237 250 34 15
237 541 29 9
237 645 24 5
237 704 51 5
237 812 6 15
237 856 14 3
238 401 52 6
238 439 38 15
238 543 20 3
238 786 36 11
238 897 39 10
238 1035 58 8
238 1059 39 14
239 401 10 3
239 534 10 7
239 560 51 14
239 601 14 13
239 856 30 3
239 910 49 2
239 965 3 7
240 331 60 3
240 451 59 9
240 751 7 14
240 935 54 11
240 989 43 11
241 493 55 4
241 619 48 2
241 652 9 9
241 935 30 2
242 255 1 4
242 284 21 1
242 296 55 10
242 475 46 14
242 491 21 4
242 802 36 7
242 843 22 10
242 903 60 14
242 937 16 3
242 1062 44 11
242 1093 56 13
242 1098 34 8
242 1105 11 12
243 528 21 11
243 562 45 2
243 645 49 11
243 660 32 4
243 711 54 10
243 828 22 5
243 1027 16 15
244 253 15 14
244 284 57 2
244 362 59 7
244 397 19 15
244 399 13 7
244 705 19 8
244 790 51 3
244 938 39 10
244 943 41 3
244 1056 54 12
245 262 12 13
245 273 17 8
245 547 9 8
245 548 57 2
245 639 3 11
245 756 46 10
245 899 26 10
245 942 57 12
245 1015 52 6
246 298 11 6
246 334 23 5
246 387 22 13
246 401 50 3
246 535 51 2
246 853 54 10
246 899 16 9
246 934 34 12
247 730 55 9
247 808 19 1
247 1035 34 4
247 1054 11 2
248 261 50 14
248 290 13 15
248 355 25 15
248 503 52 9
248 529 14 3
248 573 35 3
248 631 58 12
248 796 53 12
248 905 57 3
248 920 6 14
248 1087 5 15
248 1101 5 10
249 392 26 1
249 476 10 14
249 514 9 10
249 711 38 13
249 753 24 8
249 789 21 13
249 822 20 14
249 908 41 14
249 953 32 15
249 1105 5 10
250 294 12 12
250 301 6 5
250 356 41 10
250 461 36 8
250 485 31 9
250 501 16 9
250 519 12 6
250 520 20 14
251 313 51 2
251 601 54 11
251 644 18 7
251 692 19 3
251 702 55 3
251 782 22 7
251 898 56 10
251 1006 49 2
251 1040 3 11
252 400 52 12
252 415 15 2
252 515 17 10
252 545 15 4
252 583 1 2
252 586 37 10
252 614 38 10
252 730 58 13
252 845 58 4
252 874 2 12
252 958 29 7
252 970 28 13
253 385 27 12
253 560 20 2
253 900 50 12
253 904 2 6
254 376 55 3
254 433 41 7
254 494 9 6
254 640 47 10
254 797 31 11
254 815 46 12
255 429 29 12
255 536 57 2
255 569 44 10
255 623 13 9
255 787 47 6
255 807 33 8
255 843 39 5
256 298 18 6
256 482 6 3
256 504 52 7
256 606 14 14
256 694 47 8
256 986 22 5
256 993 60 15
256 1086 15 1
257 327 26 9
257 383 57 4
257 452 16 15
257 478 40 6
257 588 30 6
257 909 45 10
257 963 22 9
258 351 27 5
258 353 38 2
258 447 13 2
258 494 13 3
258 503 50 1
258 522 35 10
258 657 9 8
258 845 51 4
258 922 53 13
258 940 2 9
259 308 23 6
259 343 37 3
259 523 54 1
259 607 2 15
259 717 9 1
259 729 57 3
259 874 40 7
259 972 29 1
259 1013 34 7
259 1043 50 6
260 292 29 6
260 335 12 14
260 470 50 10
260 521 24 5
260 526 59 6
260 546 57 5
260 559 40 9
260 562 37 10
260 739 4 13
260 914 38 8
260 1083 56 2
261 551 22 2
261 638 8 12
261 751 57 4
261 922 5 8
261 986 36 14
261 1036 52 12
261 1059 20 13
262 284 8 4
262 331 29 8
262 560 18 3
262 629 52 14
262 647 34 7
262 776 43 8
262 867 37 13
262 895 8 8
262 1045 14 1
262 1103 30 2
263 337 16 4
263 344 18 6
263 370 40 7
263 374 26 7
263 446 29 8
263 490 25 7
263 742 35 9
263 804 58 6
263 891 15 8
263 1003 3 8
263 1060 43 14
264 346 23 6
264 423 29 9
264 428 21 8
264 699 6 15
264 832 18 14
264 887 1 10
264 1107 60 1
265 834 18 12
265 892 7 11
265 894 52 8
265 1035 52 3
265 1052 48 7
266 331 11 13
266 384 36 3
266 580 52 3
266 742 15 9
266 873 54 2
266 932 46 3
266 1080 48 14
267 780 15 11
267 1077 34 2
267 1095 33 3
268 366 12 3
268 517 7 2
268 872 51 15
268 906 4 6
268 994 32 3
268 1043 36 10
269 292 3 4
269 476 19 9
269 572 8 11
269 862 3 3
269 912 13 8
270 517 16 13
270 532 5 15
270 637 6 3
270 639 54 2
270 653 38 15
270 788 24 10
271 593 9 11
271 989 20 8
272 453 52 7
272 624 7 6
272 660 2 12
272 870 31 3
272 875 52 13
272 927 24 15
272 1029 9 2
273 418 48 11
273 427 3 2
273 872 44 9
273 907 45 11
274 330 13 14
274 460 26 12
274 754 34 2
274 850 30 10
275 382 21 9
275 421 1 4
275 447 48 10
275 512 25 5
275 718 59 7
275 988 11 10
275 1005 16 9
276 312 25 5
276 364 52 9
276 564 18 7
276 573 23 13
276 608 21 10
276 746 19 15
276 807 48 12
276 847 20 8
276 1048 3 12
276 1060 37 6
277 385 22 13
277 421 60 10
277 506 23 2
277 593 4 7
277 625 45 6
277 694 19 1
277 736 11 1
277 820 39 1
278 290 20 11
278 493 29 15
278 532 5 11
278 806 30 14
278 1082 21 6
279 378 23 15
279 488 22 2
279 607 15 2
279 757 48 6
279 775 44 13
279 855 1 2
279 1008 32 15
280 527 12 10
280 788 59 4
280 991 36 12
281 686 2 10
281 704 31 5
281 793 40 15
281 822 12 12
281 898 56 10
282 366 52 3
282 426 15 3
282 782 38 4
282 810 21 12
282 852 11 4
282 882 56 4
282 1100 9 13
283 423 44 6
283 443 41 2
283 471 38 10
283 491 31 5
283 548 52 5
283 890 52 12
283 938 44 9
283 1067 20 15
284 355 14 10
284 400 44 10
284 617 19 8
284 641 46 12
284 741 11 8
284 858 9 11
285 325 42 8
285 344 8 8
285 403 9 12
285 639 45 5
285 674 25 12
285 675 59 12
285 713 56 15
285 756 6 6
285 882 15 8
285 972 44 9
285 989 37 15
286 292 47 2
286 427 33 13
286 503 43 5
286 558 50 14
286 566 35 9
286 568 48 3
286 721 2 10
286 931 11 8
286 955 16 14
286 1044 19 3
287 310 30 9
287 337 51 10
287 434 16 13
287 534 51 4
287 624 51 1
287 657 31 10
287 707 30 14
287 718 45 3
287 940 5 1
287 1026 27 1
288 463 43 10
288 741 14 15
288 811 26 13
288 968 6 15
288 1061 5 14
288 1102 46 1
289 308 43 4
289 362 16 11
289 464 28 6
289 596 25 13
289 701 37 12
289 904 54 5
289 918 36 7
289 922 24 12
289 998 5 4
290 446 25 11
290 463 38 9
290 522 28 2
290 643 48 4
290 773 19 9
290 801 1 14
290 1003 22 8
291 508 16 4
291 545 9 13
291 563 31 5
291 733 11 12
291 920 1 11
291 924 21 9
291 1079 40 13
292 325 40 1
292 455 43 1
292 458 2 13
292 670 50 10
292 862 26 15
292 925 29 11
292 980 11 7
292 1103 21 10
293 451 48 4
293 555 40 2
293 562 49 12
293 709 19 13
293 740 4 13
293 851 46 2
294 490 19 1
294 683 44 8
294 944 23 15
294 1003 19 9
294 1006 29 4
295 303 59 10
295 338 20 8
295 673 16 4
295 900 56 4
295 1084 28 14
296 323 7 15
296 411 3 6
296 445 26 12
296 700 18 4
296 702 60 2
296 795 48 13
296 809 38 6
296 872 32 5
296 977 51 1
296 1031 45 15
297 319 16 6
297 496 29 3
297 504 35 11
297 768 6 7
297 911 41 15
297 923 54 7
297 1019 28 9
298 316 54 14
298 349 1 15
298 415 51 1
298 532 34 4
298 634 8 5
298 669 59 10
298 757 41 5
298 799 2 12
298 909 44 6
298 934 54 6
298 1057 6 2
299 534 25 2
299 584 46 9
299 604 31 2
300 302 35 13
300 308 42 6
300 371 52 8
300 482 7 9
300 595 32 7
300 741 33 11
300 758 56 4
300 783 9 7
301 414 37 15
301 477 45 4
301 558 23 2
301 562 37 13
301 564 39 7
301 896 30 4
301 1072 47 7
302 332 26 9
302 457 21 8
302 493 60 9
302 675 9 10
302 863 48 3
302 906 52 6
303 393 43 2
303 408 48 7
303 485 57 6
303 668 3 2
303 772 40 8
303 886 22 4
303 1097 35 9
303 1103 48 9
304 544 22 8
304 756 38 3
304 825 45 12
304 912 38 4
304 947 32 3
304 976 42 5
304 977 11 15
305 350 34 12
305 385 7 9
305 397 7 7
305 488 29 10
305 592 54 1
305 770 22 1
305 866 57 3
305 995 5 12
306 543 20 14
306 579 18 4
306 590 46 4
306 638 30 6
306 735 8 7
306 756 26 9
306 766 18 1
306 836 57 13
306 924 8 15
306 994 38 14
307 322 28 14
307 410 4 15
307 479 3 4
307 527 24 8
307 821 12 5
307 861 48 9
307 885 51 7
308 359 28 9
308 587 26 8
308 646 47 12
308 655 10 3
308 753 19 7
308 858 5 6
308 899 22 8
308 1092 16 13
309 327 43 11
309 363 29 10
309 517 53 1
309 518 17 2
309 564 57 6
309 854 11 7
309 893 40 1
309 1019 39 1
310 383 36 5
310 544 17 2
310 610 6 10
310 627 49 12
310 653 29 6
310 668 27 9
310 753 27 11
310 1017 24 6
310 1022 26 4
310 1110 1 15
311 468 4 7
311 629 51 6
311 822 20 1
311 996 23 11
312 368 56 6
312 406 53 10
312 608 48 7
312 745 42 13
312 895 11 15
312 938 60 5
312 1011 52 2
312 1044 54 2
312 1100 40 8
313 425 20 5
313 472 5 4
313 477 18 12
313 777 34 4
313 1048 53 3
313 1102 17 12
314 425 45 11
314 586 40 6
314 625 50 13
314 926 8 4
314 951 12 2
314 985 57 10
315 328 59 9
315 354 30 3
315 452 34 5
315 534 10 11
315 575 28 14
315 788 3 5
315 847 5 10
315 930 57 10
315 932 60 14
315 1049 58 9
315 1097 15 15
316 495 8 3
316 517 31 4
316 812 39 13
316 1062 5 9
317 445 37 6
317 547 42 5
317 561 1 4
317 638 14 7
317 739 27 15
317 748 56 2
317 976 57 14
317 1087 15 14
317 1101 38 9
318 369 52 13
318 372 11 11
318 433 4 11
318 741 16 15
318 951 52 4
319 339 15 5
319 447 19 7
319 531 20 4
319 546 15 1
319 665 30 9
319 987 7 3
320 435 19 6
320 467 9 11
320 520 34 11
320 587 1 1
320 590 16 6
320 604 9 2
320 635 4 11
320 842 13 8
320 870 60 14
320 959 36 6
321 468 1 12
321 579 27 5
321 626 53 12
321 677 25 14
321 978 58 5
322 501 47 1
322 549 57 13
322 659 20 8
322 817 25 4
322 1043 25 2
322 1100 23 14
323 620 40 11
323 870 18 11
323 918 44 5
324 391 21 4
324 427 19 9
324 695 56 3
324 737 54 11
324 943 53 10
324 1071 31 9
325 384 50 12
325 410 52 2
325 527 36 14
325 532 57 1
325 671 12 14
325 676 26 10
325 763 36 10
325 875 41 14
325 908 53 13
325 926 10 5
325 950 20 6
326 502 1 13
326 509 11 12
326 531 54 12
326 614 52 3
326 670 13 9
326 671 20 8
327 363 32 8
327 413 23 1
327 455 2 7
327 461 2 6
327 632 16 10
327 685 1 5
327 691 35 15
327 856 53 6
327 861 15 15
327 909 40 5
327 980 39 15
327 997 47 1
327 1053 22 1
327 1084 49 7
327 1110 15 5
328 440 8 2
328 507 16 15
328 531 57 3
328 834 50 10
328 919 45 12
328 1091 39 2
328 1099 26 3
329 360 13 7
329 409 24 15
329 520 2 4
329 565 11 14
329 640 30 6
329 686 8 13
329 865 16 10
329 880 13 11
329 928 11 3
329 1037 5 7
330 392 50 9
330 511 60 5
330 538 12 14
330 555 13 13
330 941 35 9
330 1001 57 4
330 1041 60 10
331 567 31 14
331 806 8 1
331 856 19 13
331 901 5 14
332 393 34 14
332 452 52 13
332 523 58 2
332 597 25 4
332 652 41 13
332 980 3 9
332 987 30 4
332 1070 17 4
333 670 37 1
333 698 49 14
333 807 19 10
333 889 25 11
334 364 13 7
334 501 10 1
334 565 34 3
334 596 35 5
334 644 13 1
334 699 1 14
334 901 58 12
334 992 44 15
334 1105 4 5
335 338 6 4
335 853 4 10
335 870 30 13
335 889 21 10
335 1063 20 8
336 476 36 3
336 479 23 6
336 564 43 3
336 601 32 8
336 616 1 9
336 682 49 3
336 741 18 11
336 916 14 15
336 1028 43 11
337 601 48 4
337 647 17 15
337 728 46 14
337 814 4 11
337 869 56 15
338 441 11 3
338 622 16 10
338 855 30 1
338 991 43 10
338 1110 2 15
339 415 5 11
339 859 16 15
339 860 11 1
339 863 2 13
339 884 41 14
339 1093 59 8
339 1108 12 15
340 431 15 1
340 528 26 13
340 641 41 10
340 848 20 8
340 903 59 6
341 358 46 13
341 460 14 13
341 750 10 9
341 919 19 6
341 975 10 13
341 1004 53 7
341 1088 44 11
342 384 57 13
342 459 45 15
342 520 9 9
342 597 46 11
342 926 54 7
342 933 52 10
342 959 31 15
342 984 31 12
342 1086 33 7
343 416 57 15
343 513 29 4
343 758 3 4
343 760 59 3
343 769 48 10
343 890 59 4
343 988 21 14
343 1049 3 14
343 1095 33 14
344 405 23 3
344 447 41 8
344 547 51 12
344 689 8 6
344 976 19 10
344 1068 12 7
344 1079 38 5
345 394 1 7
345 645 36 11
345 697 51 4
345 748 36 7
345 983 47 11
345 1085 48 10
346 349 57 8
346 606 49 14
346 642 23 2
346 688 45 14
346 786 23 7
346 807 54 8
346 816 40 14
346 846 11 7
347 626 30 6
347 686 9 4
347 786 49 4
347 1025 46 5
347 1073 60 7
347 1089 55 7
348 388 56 15
348 755 58 8
348 809 11 4
348 1026 9 12
349 392 1 6
349 481 12 3
349 553 8 5
349 577 42 6
349 677 30 7
349 696 48 9
349 1001 46 9
350 422 27 11
350 424 46 5
350 502 20 14
350 705 26 7
350 834 13 11
351 449 39 6
351 474 20 4
351 616 10 2
351 654 10 1
351 701 45 2
351 746 42 6
351 798 30 10
351 1089 52 3
352 630 12 6
352 631 53 6
352 850 16 1
352 870 14 2
352 940 56 4
352 1018 58 13
353 413 3 14
353 507 59 1
353 619 7 4
353 640 20 9
353 744 30 14
353 986 2 8
353 1061 10 1
354 542 4 14
354 860 58 13
355 392 44 7
355 411 54 6
355 531 21 7
355 664 53 12
355 731 19 5
355 804 17 15
355 817 54 11
355 840 4 9
355 848 10 11
355 849 43 14
355 885 27 7
355 894 25 10
355 936 18 9
355 971 27 11
355 1103 56 1
356 799 46 4
356 876 57 13
356 976 24 2
357 378 40 3
357 405 42 13
357 439 24 8
357 782 30 7
357 784 24 9
357 1040 36 11
358 410 1 1
358 923 4 10
358 990 33 14
358 992 44 14
359 494 9 3
359 537 43 8
359 724 18 8
359 806 56 1
359 1084 17 3
360 376 35 1
360 724 7 8
360 749 5 12
360 901 12 4
360 1016 2 13
360 1024 59 15
361 598 39 12
361 615 11 14
361 669 36 13
361 783 47 13
361 814 3 5
361 952 26 1
361 984 55 1
362 737 54 6
362 748 60 5
362 847 26 2
363 364 59 11
363 458 16 15
363 719 16 3
363 742 31 7
363 745 33 14
363 818 22 6
363 908 49 6
363 1014 14 5
364 379 51 13
364 735 35 10
364 766 40 13
364 813 36 6
364 982 53 9
364 1084 7 12
365 414 42 7
365 433 45 8
365 480 38 11
365 500 15 10
365 558 6 7
365 595 51 13
365 708 22 2
365 997 60 15
365 1036 20 11
365 1082 33 13
366 369 7 2
366 417 36 2
366 726 14 14
366 786 41 13
366 888 44 2
366 962 21 9
366 1003 20 9
367 539 50 3
367 729 3 4
367 732 3 4
367 738 12 12
367 791 28 11
367 838 51 11
367 963 35 1
367 980 55 6
367 1050 21 10
368 455 37 5
368 658 37 12
368 796 2 15
368 840 58 1
368 1009 49 12
368 1087 54 11
369 771 35 10
369 870 27 11
369 910 42 9
370 594 28 9
370 727 30 9
370 740 6 5
370 751 19 14
370 783 24 15
370 891 24 8
370 1064 44 3
370 1073 25 8
371 471 4 10
371 853 26 2
371 895 54 7
371 963 53 15
371 1067 3 9
371 1072 41 4
372 392 5 1
372 440 2 5
372 583 31 4
372 640 16 14
372 714 54 9
372 722 27 15
372 780 55 7
372 857 38 13
372 918 49 7
372 1011 34 15
373 636 47 8
373 660 10 3
373 687 27 12
373 745 35 6
373 802 32 9
373 893 49 6
373 1000 55 15
373 1059 58 2
373 1076 11 9
374 469 29 10
374 479 2 10
374 642 26 7
374 647 18 9
374 884 58 7
374 971 34 11
374 1004 28 5
374 1046 19 3
374 1091 36 5
375 477 26 3
375 532 26 15
375 541 39 12
375 816 23 6
375 829 44 10
375 849 46 12
375 870 33 12
376 815 38 5
376 944 46 11
376 959 25 4
376 1013 31 4
377 454 19 14
377 519 50 12
377 583 3 5
377 683 13 15
377 752 23 11
377 819 56 2
377 884 22 14
377 1016 33 8
377 1092 58 10
378 446 13 11
378 582 52 7
378 588 52 3
378 701 9 6
378 715 43 6
378 936 13 4
378 1030 36 7
378 1061 33 9
378 1102 60 11
379 414 44 2
379 616 48 14
379 695 57 4
379 798 29 15
379 836 60 11
379 908 21 12
379 913 9 8
379 920 49 3
379 1010 29 5
380 441 26 12
380 521 5 1
380 538 6 15
380 551 31 2
380 703 17 13
380 741 44 8
380 1051 1 9
380 1080 27 11
381 421 53 3
381 467 43 5
381 506 4 1
381 659 11 5
381 692 37 2
381 856 16 1
381 990 37 2
381 1015 54 5
381 1085 17 15
382 413 24 8
382 443 14 6
382 502 53 2
382 663 29 15
382 823 44 12
382 947 23 9
382 1013 42 4
382 1034 29 10
382 1091 59 4
383 459 26 8
383 695 17 2
383 904 2 13
383 1011 57 4
383 1075 32 14
384 482 17 1
384 517 59 14
384 672 5 12
384 813 1 6
384 934 10 1
384 986 46 8
385 428 14 2
385 442 34 1
385 461 51 9
385 514 17 14
385 685 36 12
385 710 19 11
385 755 25 2
385 898 6 2
385 906 36 9
386 428 41 14
386 531 21 13
386 629 33 1
386 671 4 1
386 813 24 6
386 866 7 11
386 998 11 9
386 1055 14 12
387 685 23 7
387 739 2 6
387 768 22 5
387 907 58 7
387 915 54 2
387 1017 41 11
387 1027 45 6
388 482 59 3
388 548 5 9
388 614 10 7
388 632 40 15
388 651 17 13
388 683 43 14
388 794 40 4
388 817 32 13
388 851 20 5
388 860 36 5
388 868 55 1
388 954 6 13
388 974 37 15
388 1089 60 9
389 634 53 6
389 703 44 3
389 723 39 8
389 784 37 6
389 934 5 3
390 443 38 8
390 830 17 14
390 834 39 9
390 938 2 5
391 603 10 4
392 468 24 10
392 616 39 1
392 1022 54 11
392 1064 2 12
392 1069 20 7
393 420 32 1
393 424 12 12
393 449 9 15
393 478 50 2
393 542 24 13
393 564 47 7
393 852 45 1
393 992 58 13
393 1012 8 4
393 1052 15 10
393 1092 4 6
394 433 26 7
394 604 4 9
394 737 54 11
394 790 26 7
394 858 34 5
394 866 36 15
394 900 11 11
395 493 17 15
395 671 58 2
395 686 23 15
395 975 38 6
395 977 33 7
396 682 58 11
396 693 31 15
396 772 57 12
396 1020 53 8
396 1073 46 9
396 1087 50 8
397 403 3 1
397 480 57 13
397 493 41 6
397 722 51 8
397 801 46 9
397 834 1 2
397 898 22 10
398 428 28 14
398 522 37 5
398 863 32 3
398 892 47 2
398 993 21 6
399 568 54 15
399 778 38 12
399 794 27 3
399 841 48 8
399 855 50 13
399 899 26 11
399 1102 13 6
400 424 43 14
400 498 43 11
400 724 7 4
400 863 7 2
400 953 6 4
400 1057 10 11
400 1061 45 7
400 1104 6 2
400 1106 26 11
401 993 56 7
401 998 50 6
402 534 19 2
402 1041 15 12
402 1054 20 7
403 458 38 5
403 586 24 13
403 677 26 15
403 748 23 4
403 879 1 1
403 1010 36 12
404 520 50 6
404 672 24 8
404 764 38 11
404 966 59 8
405 416 35 13
405 464 20 8
405 552 4 4
405 642 34 1
405 729 52 13
405 742 9 15
405 795 9 6
405 1022 8 1
405 1055 52 15
406 679 33 10
406 696 1 2
406 973 22 11
406 1071 43 6
407 547 31 8
407 573 51 9
407 709 12 7
407 724 31 8
407 767 59 14
407 809 27 1
407 873 22 11
407 978 36 12
408 452 16 10
408 490 19 11
408 546 8 14
408 657 42 11
408 789 26 8
408 827 42 1
409 456 30 15
409 850 34 12
409 853 52 6
409 1089 53 11
410 554 43 4
410 600 21 8
410 804 56 3
410 835 3 6
410 889 30 5
410 1066 20 4
411 597 40 5
411 649 25 15
411 697 36 6
411 785 24 6
411 1028 49 9
412 627 25 6
412 788 48 2
412 821 41 14
412 934 11 4
412 1081 42 2
413 532 28 2
413 541 27 1
413 563 8 4
413 954 1 3
414 436 14 12
414 525 57 1
414 532 46 4
414 619 59 8
414 867 53 4
414 1004 41 2
414 1049 31 3
414 1051 14 3
415 460 30 4
415 475 31 1
415 797 53 12
415 825 11 5
415 957 22 14
415 1070 24 2
416 510 11 12
416 531 9 8
416 613 17 4
416 620 33 7
416 676 39 14
416 717 43 12
416 979 58 4
416 1009 24 14
416 1025 51 15
416 1095 2 4
417 433 15 10
417 476 30 11
417 680 57 8
417 775 17 13
417 962 60 1
417 1019 29 11
417 1056 34 10
418 534 48 9
418 542 9 3
419 441 23 10
419 690 48 8
419 930 51 1
419 943 50 10
419 944 53 2
419 991 34 1
419 999 32 12
420 536 44 8
420 538 3 7
420 765 39 8
420 806 8 7
420 839 39 12
420 1037 32 14
421 699 29 15
421 966 10 8
421 972 46 8
422 515 58 8
422 660 36 7
422 705 22 14
422 781 25 13
422 843 29 15
422 898 11 2
422 917 11 5
422 993 11 4
422 1003 16 7
422 1044 56 10
423 857 31 4
423 919 43 12
423 957 1 13
424 532 53 5
424 560 47 7
424 573 27 3
424 614 47 5
424 679 51 14
424 778 44 7
424 820 5 13
424 869 8 8
424 942 11 13
425 451 10 5
425 543 1 5
425 546 19 11
425 700 20 8
425 806 5 4
425 835 30 13
426 450 4 7
426 506 4 10
426 514 1 2
426 622 2 1
426 645 51 4
426 703 6 8
426 762 25 12
426 780 54 10
426 792 22 14
427 464 14 14
427 592 12 12
427 602 11 14
427 641 27 8
427 1017 47 1
427 1042 27 15
428 484 26 6
428 592 30 2
428 744 58 8
428 830 41 14
428 847 15 15
428 855 22 2
428 937 11 1
429 507 14 4
429 634 60 11
429 779 38 14
429 876 6 11
429 904 36 10
429 905 60 13
429 1055 13 15
430 563 10 2
430 586 8 5
430 604 14 2
430 612 7 4
430 640 40 6
430 722 53 10
430 820 47 3
430 856 39 2
431 463 10 14
431 494 9 2
431 702 11 15
431 760 35 5
431 813 5 2
431 837 35 2
431 879 27 8
431 926 42 9
431 956 42 13
431 1036 30 4
431 1041 9 15
432 495 18 7
432 553 16 1
432 685 37 12
432 687 29 2
432 689 59 13
432 771 23 9
432 1059 4 3
432 1061 9 9
433 452 49 11
433 471 53 3
433 567 33 15
433 729 14 1
433 958 11 2
433 968 7 9
434 465 29 7
434 530 56 8
434 553 41 10
434 840 36 6
435 453 35 9
435 833 28 6
435 939 22 1
435 954 50 1
436 438 49 1
436 508 41 8
436 555 43 4
436 687 39 4
436 746 38 15
436 884 42 4
436 886 26 9
436 895 4 12
436 938 1 15
436 952 14 10
437 618 16 4
437 650 54 7
437 749 7 9
437 1047 29 2
437 1092 25 13
438 771 49 7
438 824 22 12
438 829 2 3
438 923 18 5
438 1002 18 11
438 1011 33 5
438 1015 11 5
439 482 14 12
439 645 30 4
439 660 23 9
439 662 33 8
439 690 57 13
439 786 28 6
439 801 49 15
439 946 4 7
440 703 19 1
440 773 41 13
440 885 51 1
440 1080 14 7
441 520 38 9
441 653 24 10
441 711 17 7
442 443 1 6
442 534 45 12
442 601 10 11
442 798 6 13
442 806 19 7
442 871 13 3
442 930 31 4
442 959 58 2
442 1067 7 7
442 1071 55 2
443 734 41 12
443 864 49 14
444 474 16 4
444 545 32 15
444 567 49 8
444 677 54 5
445 460 12 1
445 479 15 14
445 525 41 14
445 576 16 2
445 582 9 12
445 647 44 5
445 707 41 3
446 482 20 1
446 514 27 12
446 605 10 7
446 609 16 13
447 771 32 4
447 868 28 15
447 870 54 3
447 1071 38 2
448 555 33 6
448 565 30 6
448 668 9 1
448 718 43 4
448 848 49 6
448 937 6 7
448 1004 21 13
449 570 24 15
449 575 20 4
449 811 1 10
449 838 17 6
449 843 19 5
449 910 37 3
450 471 41 14
450 499 59 14
450 720 32 14
450 750 50 15
451 524 58 3
451 619 40 1
451 689 10 5
451 691 20 7
451 928 58 14
451 999 5 13
451 1084 19 13
452 504 18 10
452 514 24 14
452 519 51 5
452 925 38 5
452 932 15 9
452 979 49 6
453 598 7 2
453 618 6 2
453 624 58 14
453 626 32 13
453 852 29 14
453 1086 56 5
453 1099 38 2
453 1101 9 2
454 522 35 10
454 557 52 12
454 562 55 4
454 639 2 12
454 691 42 2
454 841 47 11
454 888 53 7
454 915 11 6
454 1069 41 2
455 812 46 4
455 830 38 3
455 1033 60 3
455 1097 34 15
456 502 21 13
456 723 29 7
456 735 45 1
456 768 30 9
457 503 32 9
457 663 47 3
457 676 32 14
457 780 23 13
457 961 33 1
457 1080 57 2
457 1095 47 10
458 505 43 15
458 544 47 4
458 647 12 12
459 516 27 12
459 618 40 15
459 724 10 6
459 859 35 2
460 480 10 10
460 538 28 11
460 557 3 7
460 590 14 8
460 814 17 1
460 1097 28 15
461 716 51 1
461 741 19 4
461 817 43 11
461 873 20 8
461 935 29 13
461 971 7 1
462 467 1 6
462 630 10 8
462 643 27 4
462 847 12 2
462 1043 4 9
463 509 60 11
463 529 26 12
463 593 40 2
463 662 36 6
463 665 30 2
463 796 47 9
463 889 40 15
463 913 23 7
463 1010 44 8
464 472 52 8
464 669 38 15
464 710 47 3
464 758 4 9
464 1074 37 5
465 505 25 11
465 804 27 5
465 957 39 5
465 1062 60 1
465 1073 18 7
465 1085 37 3
465 1088 56 9
466 773 43 6
466 806 8 6
466 1076 7 1
467 651 34 11
467 701 59 3
467 723 35 14
467 728 9 10
467 858 33 11
467 863 54 6
467 890 40 13
467 911 23 11
468 519 10 13
468 536 15 2
468 714 31 12
468 1021 27 2
469 687 39 7
469 698 9 14
469 751 23 10
469 876 3 4
469 1066 24 14
470 633 33 14
470 705 47 12
470 722 48 3
470 842 20 12
470 927 31 5
470 986 21 1
471 627 19 13
471 645 29 12
471 662 45 2
471 719 15 10
471 951 33 14
471 1017 22 1
471 1021 60 12
472 554 19 2
472 606 60 8
472 857 42 10
472 872 28 7
472 889 45 5
472 963 53 15
472 1045 7 9
472 1056 29 11
473 833 59 12
473 1033 22 2
474 624 40 12
474 837 49 6
474 1011 35 6
475 624 23 4
475 835 14 6
475 933 20 2
475 997 43 13
475 1041 23 4
476 618 22 11
476 931 19 3
477 488 8 11
477 501 51 8
477 513 2 11
477 700 24 3
477 756 47 8
477 992 25 8
477 1023 18 14
478 548 3 11
478 660 47 5
478 695 8 9
478 761 19 1
478 840 35 14
478 858 50 12
478 1043 17 12
479 512 32 5
479 571 21 8
479 614 26 1
479 776 11 13
479 973 11 15
479 1090 41 3
479 1107 32 12
480 615 51 3
480 765 19 8
480 913 59 12
480 962 55 3
480 975 44 4
481 484 54 14
481 543 17 6
481 608 18 4
481 705 58 8
481 733 31 1
481 770 39 4
481 891 13 12
481 1000 6 4
481 1037 37 14
481 1041 26 7
481 1054 9 1
482 704 53 14
482 782 54 8
482 891 36 5
482 998 34 8
482 1077 37 4
482 1085 36 6
482 1095 27 10
483 690 11 14
484 774 45 6
484 815 16 1
484 828 4 3
484 962 37 7
484 964 58 10
485 642 1 1
485 684 28 10
485 1059 21 12
486 678 17 5
486 702 16 10
486 856 54 12
486 903 2 4
486 931 28 15
486 952 53 2
487 516 24 7
487 643 60 12
487 715 26 15
487 772 45 3
487 896 23 1
487 940 9 13
487 946 24 12
487 1053 9 10
487 1096 45 3
487 1102 45 5
488 529 26 6
488 548 60 9
488 585 33 15
488 1094 25 4
488 1098 22 10
489 837 40 7
490 556 48 9
490 673 48 11
490 866 42 11
490 869 1 8
490 895 33 11
490 904 58 7
490 1080 37 3
491 603 35 10
491 778 22 5
491 826 15 15
491 839 55 6
491 949 39 12
491 983 35 1
492 549 48 6
492 590 28 5
492 935 36 11
492 944 36 15
492 1004 21 5
492 1063 36 9
493 502 8 1
493 537 3 5
493 620 34 6
493 638 3 5
493 647 8 15
493 672 3 2
493 748 6 11
493 942 47 13
493 1049 33 13
493 1081 37 11
494 543 53 3
494 634 49 5
494 642 48 14
494 944 15 13
494 1026 13 12
494 1032 2 13
495 559 46 9
495 577 30 10
495 613 19 8
495 665 48 3
495 673 22 1
495 960 38 3
495 1106 57 3
496 979 53 8
497 659 52 5
497 872 54 11
497 929 1 12
497 1096 57 7
498 729 5 10
498 849 31 9
498 919 44 12
498 946 22 7
498 962 41 7
498 982 25 7
498 1021 16 10
498 1056 51 14
499 690 10 3
499 708 22 4
499 925 16 12
499 984 53 8
499 1050 58 1
500 507 47 9
500 513 5 12
500 564 38 13
500 615 38 7
500 738 43 12
500 808 6 7
500 940 43 12
501 563 38 8
501 579 31 9
501 590 7 15
501 748 17 13
501 1097 35 2
502 777 49 4
502 888 52 6
502 979 6 6
503 661 28 13
503 777 52 13
503 977 1 13
503 1029 32 13
503 1104 54 4
504 553 8 5
504 598 49 11
504 632 58 4
504 724 40 7
504 730 29 4
504 808 24 1
504 981 57 12
505 516 14 8
505 884 19 5
505 901 23 15
505 914 34 14
505 1079 14 6
506 556 7 13
506 566 16 12
506 911 4 5
506 970 27 10
507 521 18 15
507 541 24 9
507 815 22 6
507 1009 7 4
508 602 4 5
508 714 12 2
508 875 51 8
508 1003 26 7
509 662 33 14
509 748 57 15
509 965 52 1
509 969 1 6
509 1052 55 1
510 528 54 15
510 589 42 7
510 604 10 10
510 706 25 2
510 729 17 6
510 730 14 5
510 779 56 11
510 801 55 10
510 817 55 13
510 1052 14 5
510 1092 19 2
511 643 37 9
511 754 50 5
511 877 58 4
511 918 31 13
511 984 58 2
512 613 17 11
512 674 28 8
512 699 22 6
512 793 36 13
512 883 58 5
512 1049 59 7
512 1079 40 14
513 608 34 1
513 685 21 1
513 761 36 15
513 775 56 14
513 827 19 14
513 847 21 15
513 922 60 15
513 951 2 4
513 1042 18 13
514 537 37 6
514 672 36 7
514 703 53 3
514 750 27 15
514 977 53 8
514 1107 54 7
515 589 44 6
515 629 60 3
515 749 44 6
515 884 58 7
516 767 42 11
516 827 25 15
516 889 6 6
516 895 44 11
516 972 23 12
517 878 50 9
518 531 1 13
518 538 7 2
518 608 29 13
518 765 46 4
518 793 44 12
518 884 11 15
518 928 10 15
519 593 60 4
519 614 16 2
519 649 10 3
519 672 25 11
519 788 24 14
519 852 26 4
519 869 10 8
519 1030 39 13
520 543 50 2
520 609 21 4
520 767 15 11
520 805 14 7
520 839 10 13
520 854 19 10
520 965 55 11
521 617 37 12
521 678 45 11
521 715 13 6
521 842 34 1
521 1093 57 5
522 539 6 7
522 559 11 1
522 657 51 7
522 881 49 3
522 928 31 11
523 618 58 10
523 648 40 7
523 696 44 15
523 709 60 1
523 852 43 7
523 892 55 1
523 936 10 14
523 954 38 9
524 536 46 8
524 545 34 3
524 953 1 13
524 1065 49 4
525 548 57 3
525 635 36 7
525 643 23 5
525 842 60 15
525 847 21 5
525 873 52 9
525 921 53 8
525 926 53 15
525 1072 10 12
525 1078 15 9
526 668 49 14
526 1006 22 14
526 1051 47 7
527 574 18 13
527 618 14 7
527 755 21 13
528 533 11 4
528 543 60 9
528 631 42 13
528 747 32 14
528 768 48 5
528 777 27 9
529 542 36 5
529 614 46 15
529 647 6 9
529 797 29 10
529 958 36 12
529 1064 33 1
530 561 50 3
530 948 3 15
530 1052 56 2
530 1060 24 7
530 1088 45 12
530 1096 56 14
531 736 8 7
531 894 44 14
531 895 22 10
531 1100 40 4
532 662 7 5
532 759 32 14
532 763 52 15
532 927 28 9
533 582 41 11
533 739 20 1
533 960 13 7
534 563 13 9
534 564 49 10
534 645 33 9
534 694 20 3
534 904 16 15
534 951 9 2
534 1012 21 2
534 1097 2 11
534 1104 21 11
535 570 42 3
535 598 41 4
535 820 27 14
535 932 14 14
535 942 53 2
535 1108 15 3
536 626 26 7
536 721 15 11
536 806 57 7
536 855 51 8
536 950 44 6
536 1023 42 8
537 615 33 15
537 673 45 7
537 701 51 8
537 753 16 10
537 823 34 9
537 884 1 2
537 1010 57 15
538 555 58 4
538 818 29 4
538 836 23 15
538 857 43 4
539 541 19 13
539 543 30 8
539 604 16 9
539 860 21 12
539 938 36 13
539 957 13 4
539 980 43 10
539 1010 56 4
540 700 44 13
540 973 29 4
540 984 41 9
541 844 5 4
541 869 52 7
541 890 32 15
541 893 15 2
541 978 50 4
541 1093 46 13
542 596 27 5
542 609 55 9
542 615 56 7
542 681 26 14
542 763 40 4
542 796 48 14
542 809 5 7
542 869 59 3
542 932 48 9
543 546 21 4
543 548 59 12
543 587 51 14
543 595 28 13
543 616 3 13
543 660 18 12
543 710 48 6
543 885 25 15
543 896 1 13
544 787 31 6
545 618 26 8
545 703 31 3
545 704 13 10
546 679 24 8
546 682 24 13
546 731 8 6
546 771 34 9
546 999 42 11
546 1051 12 13
546 1101 15 4
547 579 10 8
547 625 22 10
547 643 47 8
547 831 41 4
547 940 49 10
548 918 34 1
548 960 4 8
548 1045 50 13
548 1052 51 11
549 565 25 15
549 766 45 6
549 839 39 8
550 678 40 10
550 748 40 7
550 939 29 7
550 949 46 2
550 974 35 11
551 567 13 1
551 575 24 8
551 773 12 8
551 841 54 14
551 980 50 2
552 589 55 11
552 676 26 9
552 679 17 5
552 770 17 15
552 796 38 14
552 1012 4 5
553 753 14 6
553 809 50 15
553 842 33 9
553 945 20 12
553 980 32 2
554 804 49 12
554 913 9 7
554 926 33 13
555 690 42 15
555 698 14 2
555 712 43 5
555 797 28 1
555 851 47 15
555 891 41 10
555 896 59 6
555 919 48 2
556 588 52 11
556 593 14 1
556 715 11 9
556 863 57 14
556 967 14 10
556 1056 23 15
556 1061 30 11
556 1104 43 9
557 576 27 5
557 594 28 7
557 611 24 7
557 704 16 9
557 958 17 4
557 1021 55 6
558 792 44 2
558 848 60 12
558 998 13 15
559 581 35 1
559 736 2 9
559 803 3 2
560 704 35 9
560 720 2 2
560 732 51 11
560 820 21 1
560 826 29 15
560 896 27 5
560 1067 54 12
560 1075 23 2
561 562 20 13
561 572 1 8
561 609 18 2
561 610 34 3
561 798 32 8
561 907 27 9
561 937 44 8
561 1009 22 2
562 622 25 6
562 660 18 10
562 718 52 3
562 721 34 7
562 762 2 14
562 844 29 15
563 639 56 11
563 736 43 12
563 752 11 4
563 753 15 1
563 903 45 9
564 598 21 3
564 761 36 1
564 984 24 14
564 1094 1 3
565 680 28 6
565 865 40 6
565 947 52 10
566 815 60 1
566 847 54 14
566 1079 42 15
567 626 57 8
567 913 57 14
567 1077 13 5
568 669 46 1
568 807 29 11
568 877 23 5
568 898 32 2
568 993 6 11
569 643 3 2
569 699 53 3
569 816 27 2
569 836 13 11
569 900 47 15
569 1100 17 4
570 653 46 3
571 738 38 13
571 908 14 13
571 959 44 11
571 999 19 14
571 1004 16 13
571 1044 5 1
572 624 31 11
572 879 21 2
573 589 37 12
573 647 31 13
573 718 53 14
573 721 19 11
573 784 41 5
573 792 26 8
573 909 10 14
573 926 51 4
573 1101 45 6
574 895 12 9
574 953 46 2
575 935 57 7
575 999 51 11
575 1069 17 8
576 591 46 3
576 783 43 6
576 1105 46 14
577 834 31 10
577 836 52 3
577 1014 9 13
577 1052 29 10
578 614 38 8
578 617 40 10
578 972 7 8
579 694 38 6
579 923 4 2
579 1002 10 14
580 625 35 15
580 711 51 14
580 742 5 11
580 1073 6 1
580 1106 41 2
581 592 8 5
581 654 9 2
581 695 57 2
581 756 9 3
581 785 57 12
581 1049 2 10
581 1097 31 11
582 716 37 10
582 775 13 1
582 930 25 2
582 1060 49 1
582 1082 39 1
583 726 56 4
583 816 19 3
583 849 50 8
583 1106 8 7
584 656 56 6
584 716 21 10
584 814 3 11
584 820 50 11
584 880 46 11
584 914 36 5
584 923 4 11
584 1068 11 11
584 1089 21 7
585 788 36 11
585 861 50 10
585 1106 47 13
586 654 5 1
586 735 27 2
586 761 55 6
586 1054 43 10
587 698 37 2
587 727 26 9
587 1096 7 12
588 716 33 7
588 812 44 11
588 981 22 2
589 714 7 11
589 775 60 1
589 812 59 7
589 1020 39 12
590 692 19 15
590 877 21 9
590 1022 36 1
590 1060 54 3
590 1103 46 15
591 651 32 10
591 669 24 10
591 705 55 12
591 719 28 5
591 742 45 7
591 823 28 12
591 951 26 1
591 1095 9 2
592 809 4 2
592 870 15 6
593 1026 39 9
593 1061 45 8
594 675 46 3
594 708 26 9
594 784 60 1
594 854 12 15
594 1049 50 7
595 748 14 2
595 810 29 15
595 1082 18 5
596 723 41 12
596 901 59 10
596 902 28 13
596 917 20 15
596 1041 36 7
596 1061 5 10
596 1067 51 8
597 703 16 8
597 934 52 12
597 940 10 8
598 604 48 3
598 689 24 7
598 828 13 5
598 953 21 12
599 735 29 1
599 998 41 15
599 1080 6 4
600 775 58 9
600 855 14 13
600 871 5 6
601 651 31 10
601 727 60 7
601 921 34 11
602 738 29 10
602 829 41 6
602 910 56 11
602 1006 26 2
602 1087 53 3
603 794 47 5
603 886 33 12
603 922 9 15
603 979 5 10
603 993 21 2
603 1108 2 15
604 621 18 8
604 949 28 11
604 985 39 8
604 993 41 13
605 606 30 2
605 655 14 13
605 784 2 3
605 979 48 9
605 1055 12 13
606 741 38 7
606 771 2 8
606 786 41 13
606 991 33 11
607 609 9 13
607 800 5 14
607 1019 42 12
607 1072 9 12
608 610 42 5
608 726 7 14
608 775 21 14
608 879 12 13
608 1091 9 9
609 822 48 14
609 891 22 10
609 923 6 6
609 939 4 7
609 940 11 3
609 1046 23 2
610 621 8 11
610 790 32 3
610 815 44 14
610 826 55 7
610 848 17 5
610 912 2 6
610 945 6 11
610 1072 32 6
611 740 7 14
611 856 25 13
611 1082 26 5
612 767 30 13
612 814 43 13
612 832 60 7
612 833 24 4
612 894 11 5
612 927 58 6
612 1043 54 6
613 669 60 4
613 672 25 4
613 726 17 12
613 1008 35 2
614 777 60 8
614 960 3 15
614 1003 45 6
614 1007 37 3
614 1100 28 3
615 725 11 15
615 821 18 15
615 888 39 5
615 892 36 2
615 919 24 7
615 947 55 8
615 1105 28 10
616 759 36 2
616 814 56 14
616 897 42 15
617 742 32 1
617 846 35 15
617 882 1 7
617 909 32 1
617 973 2 5
617 1002 15 8
617 1023 9 7
617 1029 2 6
618 714 22 11
618 717 4 10
618 749 22 4
618 825 42 3
618 839 57 1
619 631 53 3
619 810 17 5
619 835 7 8
619 939 16 10
619 979 58 8
619 1046 33 3
619 1106 41 9
620 702 41 7
620 711 17 4
620 742 49 2
620 792 45 2
620 838 6 3
620 1014 27 1
620 1019 2 10
620 1075 32 15
621 822 21 11
621 869 51 14
621 1035 11 3
622 651 58 7
622 730 28 1
622 855 58 1
622 883 31 2
622 885 10 9
622 1046 1 1
623 625 40 15
623 694 34 4
623 744 40 14
624 746 51 6
624 958 10 4
624 1024 3 2
625 720 47 3
625 877 43 13
626 720 55 6
626 804 25 1
626 886 39 12
626 944 11 5
627 834 7 11
627 871 20 13
627 967 16 8
628 643 44 5
629 751 25 12
629 771 27 13
629 866 18 15
629 875 15 11
629 966 14 12
630 784 31 14
630 983 21 10
630 1110 29 11
631 1096 55 13
631 1099 13 1
632 771 51 15
632 836 52 6
632 870 40 10
633 733 31 15
633 759 9 6
633 1053 18 1
634 964 42 6
634 1014 11 9
635 719 44 1
635 935 11 5
635 1030 26 8
635 1036 1 4
636 702 29 10
636 819 2 4
636 919 41 15
636 972 34 14
637 781 47 10
637 881 30 3
637 908 5 4
637 909 10 1
637 1022 25 7
637 1034 6 14
638 812 26 14
638 814 2 7
639 794 17 11
639 821 55 4
639 871 42 12
639 947 42 14
639 1008 21 13
640 709 1 9
641 741 29 13
641 815 35 9
641 1106 55 5
642 848 35 5
642 923 2 15
642 981 60 4
642 1012 57 8
642 1026 51 15
642 1083 11 14
643 851 27 8
643 939 58 14
643 1049 4 11
644 709 23 13
644 802 51 10
644 884 30 8
644 973 34 15
644 1030 56 3
644 1107 34 1
645 792 50 12
645 1077 58 2
646 695 56 14
646 811 7 12
646 875 1 9
647 709 18 11
647 879 60 2
647 925 46 15
647 982 41 3
647 1049 5 2
648 983 18 14
648 1006 37 1
648 1028 22 15
649 1003 39 12
649 1050 59 10
650 902 11 13
650 980 20 2
650 1014 18 8
650 1022 48 11
650 1055 19 10
650 1077 4 15
651 659 20 2
651 663 30 6
651 736 22 11
651 761 9 9
651 807 12 13
651 1003 39 2
651 1110 13 4
652 703 37 15
652 704 23 5
652 758 24 13
652 774 45 8
652 903 51 5
652 1041 54 8
653 715 3 12
653 948 7 7
653 973 6 3
653 976 41 14
653 1106 17 11
654 666 16 7
654 883 5 5
654 1047 55 13
655 675 8 9
655 681 54 11
655 816 24 3
655 977 44 6
655 1016 33 3
655 1024 9 1
656 861 50 5
657 672 49 9
657 749 44 3
657 795 46 10
657 860 15 5
657 901 19 14
658 701 44 12
658 896 9 10
658 929 49 4
658 944 47 3
658 985 39 6
658 1078 48 4
658 1096 26 9
659 1043 53 2
659 1046 34 8
660 1002 51 3
660 1013 36 10
660 1069 19 9
661 824 27 8
661 1041 38 3
661 1092 20 10
662 886 2 13
663 758 35 12
663 858 48 9
663 960 21 12
663 1075 28 10
663 1078 45 7
664 806 12 12
664 893 6 4
664 1066 10 6
664 1084 32 3
666 712 37 1
666 763 39 9
666 1015 5 4
667 668 14 1
667 699 1 11
667 799 58 10
667 873 2 4
667 1059 57 12
668 690 54 13
668 791 22 5
668 1006 12 2
669 722 46 10
669 733 23 10
669 761 15 15
669 800 19 3
669 930 53 14
669 966 25 10
669 992 47 15
669 1004 24 4
669 1072 42 6
669 1110 60 5
670 821 3 13
670 829 53 5
670 840 20 8
670 1052 56 15
671 829 2 14
671 893 7 5
671 971 53 1
671 1087 28 3
671 1109 37 6
672 698 2 6
672 797 15 2
672 811 9 8
672 854 26 4
672 914 8 3
672 1058 47 7
673 752 27 15
674 687 5 2
674 736 59 11
674 844 52 2
674 1033 60 12
674 1090 38 9
675 817 26 5
675 960 44 1
675 968 11 13
675 1081 52 14
675 1107 60 7
676 977 20 14
676 1082 54 4
676 1110 3 4
677 836 47 14
677 933 35 2
677 1075 18 15
678 772 43 4
678 945 50 9
678 953 42 14
679 717 27 15
679 753 15 6
679 831 36 1
679 1098 19 13
680 698 29 4
680 954 46 10
680 974 3 14
680 980 39 8
680 1050 40 13
681 687 27 11
681 714 25 13
681 787 46 5
681 925 8 5
681 930 19 10
681 1019 54 2
682 923 14 12
682 980 23 5
682 1000 21 10
682 1008 12 5
682 1034 43 15
682 1044 8 8
682 1062 59 10
683 724 57 2
683 837 38 10
683 881 15 15
683 934 48 9
684 782 49 12
684 812 25 15
684 829 46 5
684 897 20 13
684 999 12 9
684 1042 30 10
685 727 53 7
685 798 21 9
685 818 35 7
685 820 11 8
685 981 51 4
686 750 9 12
686 763 47 1
686 1053 35 13
686 1095 19 2
687 703 57 3
687 715 34 8
687 752 43 9
687 1085 43 7
688 831 26 12
688 869 2 10
688 918 27 8
688 996 60 12
689 724 24 6
689 749 46 11
689 760 23 4
689 817 4 3
690 720 5 13
690 841 16 15
690 894 40 1
690 1043 58 15
690 1097 31 8
691 697 54 4
691 699 35 9
691 871 4 7
691 946 7 12
691 984 54 4
691 1057 58 1
692 849 42 5
692 872 43 8
692 899 39 15
692 918 11 12
692 947 44 15
693 920 49 12
694 825 5 12
694 903 23 7
694 948 59 15
694 1029 36 8
695 698 48 4
695 1082 3 11
696 864 9 6
696 892 58 10
696 950 15 1
697 740 25 9
697 772 51 2
697 974 54 11
697 1064 48 4
697 1069 45 15
697 1105 57 9
698 736 26 8
698 979 29 5
699 727 21 15
699 754 43 3
699 922 32 2
699 967 24 15
699 1097 59 8
700 717 44 4
700 816 9 3
700 1109 58 12
702 794 45 4
702 814 55 8
702 853 44 1
702 930 41 3
702 936 36 14
702 1041 56 12
703 801 9 12
703 836 42 13
703 958 36 5
704 806 14 1
704 837 22 13
704 1011 57 1
704 1078 11 2
704 1092 6 5
705 777 20 4
705 801 9 13
705 835 58 2
705 843 37 7
706 818 33 11
706 1057 35 10
706 1100 59 5
707 942 58 4
707 1018 26 4
708 814 16 10
708 853 33 11
708 890 36 12
708 964 54 5
708 1000 32 3
708 1062 6 11
709 933 33 2
710 770 40 13
710 961 19 3
711 717 53 9
711 722 60 5
711 797 23 15
711 1064 47 3
712 1013 20 11
712 1015 52 7
713 828 38 11
713 926 48 12
713 949 31 13
713 967 24 6
713 1018 22 14
713 1090 33 12
714 1000 13 14
714 1064 57 4
715 795 46 8
716 728 59 15
716 731 60 15
716 788 20 13
716 1000 56 9
717 737 15 6
717 810 7 8
717 888 6 15
717 951 32 8
718 773 25 10
718 835 54 4
718 869 41 4
718 982 8 11
719 826 25 6
719 842 5 11
719 991 9 2
720 775 36 7
720 956 48 10
721 748 23 11
721 753 53 15
721 890 45 1
721 895 33 11
721 896 28 7
721 1095 36 15
722 778 52 5
722 796 49 12
722 816 14 4
722 870 35 5
722 919 35 2
722 1001 26 2
722 1053 58 14
723 766 55 13
723 775 9 12
723 801 4 13
723 1023 34 14
723 1063 12 10
725 796 40 11
725 806 47 6
725 822 30 11
725 859 26 9
726 1054 42 9
727 754 42 12
727 764 2 2
727 841 27 4
727 909 25 12
727 1108 38 7
728 798 2 2
728 813 30 10
728 943 49 8
729 874 46 11
729 886 59 15
729 991 25 8
729 1044 32 1
730 865 8 15
730 919 53 1
731 844 13 8
731 1019 2 11
732 795 7 10
732 881 36 14
732 930 38 15
732 997 22 9
733 918 59 4
733 949 7 13
733 1009 56 1
734 856 38 4
734 923 41 3
734 1097 22 6
735 860 48 7
735 862 47 8
735 989 42 7
736 907 53 13
736 940 24 7
736 983 8 2
737 764 47 3
737 853 13 10
737 973 56 10
737 1060 18 13
737 1081 50 12
738 759 7 13
738 1072 13 5
738 1094 11 9
739 810 19 12
739 920 42 2
740 846 22 3
740 981 45 1
741 755 22 14
741 866 7 4
741 1004 42 12
741 1041 20 12
741 1049 35 4
741 1067 43 7
741 1109 16 13
742 809 32 2
742 810 15 4
742 844 53 13
742 1054 14 9
742 1066 41 8
743 802 4 10
743 956 13 8
743 1064 45 15
744 871 1 5
744 901 46 11
744 933 29 4
744 976 59 3
745 778 56 11
745 1077 36 3
746 851 25 13
746 868 6 11
746 894 41 12
746 928 37 11
746 952 7 11
746 986 47 11
746 1003 38 9
747 918 8 11
747 970 32 5
747 1014 46 9
747 1038 26 12
747 1040 36 5
748 774 28 2
748 781 20 13
748 887 16 13
748 945 50 11
749 860 52 8
749 1072 46 1
749 1077 11 15
750 791 9 9
750 873 47 8
750 1083 29 5
750 1096 41 15
751 1040 6 9
752 754 57 11
752 772 36 6
752 1024 22 11
752 1071 60 13
753 758 47 13
753 815 35 2
754 843 60 2
754 926 37 12
755 1068 24 2
756 865 58 10
756 895 45 6
757 878 1 10
758 787 16 9
758 1054 41 2
758 1075 26 11
758 1107 10 13
759 817 53 11
759 843 30 1
759 909 26 15
759 1014 1 15
759 1015 27 6
760 813 10 5
760 928 57 9
761 865 27 9
761 973 3 9
761 1090 14 3
762 800 50 8
762 830 6 1
762 864 8 10
762 878 12 9
763 832 24 14
763 875 33 15
763 931 30 8
763 973 47 3
763 1055 31 11
764 902 2 7
764 1104 50 9
765 792 25 2
765 807 21 5
765 862 44 14
765 868 26 15
765 905 35 7
765 1040 33 5
765 1078 16 1
766 805 7 7
766 1055 23 11
766 1090 14 5
767 820 32 12
767 876 4 9
767 877 47 6
767 1098 41 3
768 1053 7 12
769 860 36 1
771 932 13 12
771 1062 38 2
773 1062 5 14
774 817 54 2
774 837 37 9
774 892 1 7
774 913 13 2
774 1008 33 1
775 845 2 3
775 871 55 4
776 782 15 8
776 821 14 7
776 966 6 11
776 1042 28 4
776 1104 49 2
777 1082 55 3
777 1104 10 3
778 795 49 3
778 861 26 13
778 945 37 10
778 1022 12 12
779 828 58 3
779 966 39 9
779 1017 43 9
780 1016 58 12
780 1028 37 8
781 891 28 11
781 918 53 2
781 937 5 4
781 944 22 9
781 1060 21 7
781 1089 55 1
782 948 42 4
782 970 3 14
783 1008 14 1
783 1105 25 13
784 868 12 11
784 872 43 7
784 1021 12 12
785 896 6 15
785 955 34 4
785 1107 8 15
787 951 15 9
787 1070 35 3
788 890 13 6
788 892 19 1
788 900 33 4
788 958 29 11
788 1076 59 6
789 836 36 8
789 853 9 1
789 952 26 15
789 996 48 9
789 1089 51 8
790 927 26 7
790 958 57 10
790 972 8 11
790 1093 52 8
790 1105 33 9
791 879 24 3
791 908 40 4
791 1024 40 1
791 1100 58 2
792 903 3 9
792 1011 39 12
792 1028 39 9
792 1092 17 14
793 895 8 9
794 1090 29 13
795 851 2 9
796 857 6 3
797 937 8 10
797 976 23 7
797 1040 11 11
797 1077 36 10
798 810 25 6
798 899 34 12
798 971 15 7
798 1072 24 10
799 823 29 1
799 830 58 12
799 889 9 11
799 897 56 7
799 914 53 8
799 918 26 10
800 873 58 14
801 943 1 6
801 988 29 7
802 888 39 12
802 984 50 4
803 894 59 12
803 964 27 4
803 1008 48 14
803 1014 55 13
803 1106 58 8
804 807 4 10
804 963 38 2
804 1064 37 7
805 831 35 15
805 1070 55 5
805 1096 6 14
805 1110 49 11
806 875 52 5
806 952 34 6
806 1005 40 5
806 1031 6 7
806 1078 41 9
807 859 44 9
807 1092 26 5
808 1075 47 1
809 848 58 2
809 930 21 14
809 1002 12 4
810 1031 53 3
810 1039 6 3
811 882 38 1
811 982 23 8
811 1049 50 3
811 1052 1 5
812 870 49 14
812 872 45 12
812 995 38 8
812 999 57 8
812 1004 37 3
812 1079 9 11
812 1084 20 3
812 1091 36 4
813 871 16 9
813 1098 52 9
815 1063 15 6
816 833 51 1
816 903 9 2
816 1001 21 7
817 859 56 6
817 1089 17 11
818 998 6 2
818 1077 36 5
819 856 14 9
821 893 39 6
822 861 11 11
822 863 4 14
822 881 23 5
822 919 50 14
822 933 40 6
822 1043 38 10
822 1051 1 15
822 1069 49 6
823 971 10 1
824 944 11 8
824 967 8 8
825 853 7 9
825 1009 23 13
825 1086 48 9
827 865 40 3
827 925 51 9
828 982 31 1
828 1014 25 12
829 890 52 13
829 946 47 13
829 1100 1 10
830 874 10 3
830 1049 34 9
830 1066 43 14
831 931 53 2
831 939 23 15
831 1011 27 10
831 1017 51 10
831 1050 4 2
831 1102 56 5
833 863 42 6
833 953 4 6
833 1019 38 8
834 1051 32 8
835 859 37 7
835 916 14 7
835 923 24 5
835 1018 56 15
835 1038 59 14
835 1061 48 8
836 877 47 7
836 954 17 11
837 927 34 5
837 1093 34 7
838 876 56 6
838 1085 30 4
840 893 60 15
840 920 30 8
840 940 53 1
840 941 31 11
841 916 22 15
841 953 60 11
841 1064 2 13
843 908 48 10
843 924 38 13
843 963 51 2
843 1000 1 14
843 1023 54 4
843 1084 37 14
843 1088 10 8
844 903 31 4
845 956 30 2
845 959 38 11
845 1063 25 3
846 953 5 7
847 1013 37 3
847 1050 15 9
847 1056 39 1
848 865 19 7
848 904 2 13
848 1021 39 6
848 1042 18 11
848 1061 53 2
848 1095 46 14
849 945 40 6
849 1004 15 7
849 1045 16 1
849 1107 4 13
850 865 30 1
850 1041 52 1
851 1010 38 15
852 1019 10 15
853 939 37 3
853 949 51 1
853 1034 2 4
853 1036 47 15
854 864 36 3
854 874 34 7
854 1002 60 15
854 1045 4 13
855 883 59 3
855 913 3 9
855 1051 58 1
855 1059 22 3
855 1089 59 4
856 893 33 4
856 926 31 1
856 950 11 13
856 984 53 6
856 1002 31 6
856 1015 33 7
857 875 56 13
858 975 50 14
858 1021 40 15
858 1089 57 3
858 1101 5 15
858 1103 52 4
859 973 10 13
859 990 32 8
859 1016 7 15
859 1047 34 14
859 1062 17 11
860 864 38 9
860 928 13 3
860 1041 13 8
860 1065 13 7
861 889 43 1
861 926 53 1
861 965 19 9
861 1003 53 5
861 1057 6 9
861 1062 11 14
862 866 43 5
863 908 33 2
863 930 52 4
863 986 18 11
863 1043 3 15
864 881 48 10
865 890 50 6
865 902 43 5
865 938 29 2
865 1063 23 3
866 939 20 10
866 945 60 10
866 1065 43 13
867 933 33 1
867 945 35 8
867 969 58 2
867 986 33 13
867 1071 43 1
867 1077 13 2
867 1094 17 9
868 1049 5 11
869 910 27 15
869 937 33 6
870 1069 29 15
870 1070 23 6
871 914 12 6
871 939 38 2
871 1008 55 13
871 1016 59 9
871 1033 11 2
871 1035 27 2
872 1091 6 1
873 906 7 7
873 982 7 10
874 1024 46 13
874 1088 37 9
875 928 26 11
876 1088 26 9
877 976 6 11
878 1032 32 12
878 1077 46 8
880 949 17 12
881 920 34 11
881 1053 11 7
882 908 50 12
883 893 38 2
883 1019 58 15
883 1094 23 9
886 913 60 7
886 1028 14 2
887 984 54 1
887 1037 56 11
887 1066 26 13
888 1054 33 9
889 918 60 4
890 894 12 6
890 1025 51 3
890 1030 19 12
891 1007 12 8
891 1018 16 14
891 1038 27 2
892 916 8 5
892 968 11 1
892 1088 19 10
892 1100 32 5
893 1020 14 6
894 1004 7 5
895 990 31 7
896 899 38 8
897 997 21 1
897 1058 37 5
898 974 28 4
899 927 47 1
899 1066 27 10
900 1023 4 2
901 1063 36 4
901 1100 10 8
902 1046 16 3
902 1076 12 8
903 941 44 8
903 1051 39 11
904 956 22 12
904 1067 53 2
905 933 34 12
905 986 10 8
906 942 12 2
906 1107 51 1
907 930 4 4
907 939 33 1
907 945 12 12
907 1106 54 12
908 920 20 3
908 1052 38 6
908 1068 53 15
909 927 15 2
909 982 27 6
910 1081 18 15
911 958 26 5
912 965 60 4
912 1011 37 10
912 1033 32 9
912 1069 17 5
913 914 17 2
913 1026 35 10
914 1075 8 6
915 978 30 7
915 1020 26 10
917 927 18 5
917 954 17 2
918 938 11 5
918 1000 47 12
918 1003 19 1
919 959 51 6
919 965 1 8
919 1107 59 12
920 982 50 9
920 1015 14 11
920 1083 51 10
920 1106 33 8
922 1022 23 8
923 1013 53 2
923 1074 36 6
925 990 21 6
925 1038 15 9
926 1044 9 13
927 975 51 11
927 983 14 11
927 1051 37 3
929 937 7 9
930 1026 16 9
930 1034 4 9
930 1036 17 7
930 1092 38 11
931 1101 33 3
932 962 32 12
932 1008 20 14
934 1090 23 6
935 991 43 10
935 1101 47 13
937 964 50 12
937 983 11 8
937 998 34 13
937 1094 50 11
938 1043 22 11
940 968 26 10
940 1105 48 1
941 968 13 6
941 1019 45 12
941 1049 3 1
941 1056 2 13
942 946 36 12
942 1022 8 11
943 1018 48 11
944 948 52 7
944 994 3 7
945 1018 24 12
945 1049 13 13
947 991 47 5
948 1056 37 4
949 1057 60 8
949 1103 59 4
950 1059 55 13
951 1018 28 6
951 1025 47 2
951 1040 42 13
951 1043 45 5
952 954 54 4
952 1016 17 11
953 1055 32 2
954 1008 49 2
954 1057 42 6
954 1098 1 3
955 1028 12 11
955 1031 20 2
955 1034 40 3
955 1081 15 12
959 973 22 5
959 1062 16 2
959 1108 20 2
960 985 47 10
961 994 4 10
961 996 33 8
961 1010 37 6
963 972 11 3
963 988 16 2
963 1001 38 4
963 1033 47 10
964 987 10 3
965 1035 33 7
965 1108 30 1
968 978 49 10
969 1053 41 7
969 1079 46 15
969 1089 45 4
971 1027 56 12
971 1104 34 2
971 1106 46 5
972 1019 27 11
973 1099 24 5
975 1013 11 4
975 1051 17 3
976 1078 17 3
976 1097 44 14
977 989 47 8
978 984 41 9
978 1108 45 13
979 1084 29 12
980 1052 41 15
981 1013 24 15
982 997 32 6
982 1067 17 7
982 1073 47 1
982 1083 55 14
983 1012 31 9
983 1034 43 4
984 1018 6 12
984 1037 26 13
984 1065 33 3
985 1027 1 3
986 1010 29 12
988 1002 32 8
990 991 58 1
990 1004 12 5
990 1053 53 2
991 1031 40 6
991 1068 48 13
992 1019 30 8
992 1077 47 14
993 1107 2 11
996 1049 28 12
998 1029 7 9
1000 1016 43 1
1004 1053 7 8
1004 1057 46 13
1004 1099 13 14
1006 1094 6 5
1009 1033 25 12
1010 1065 43 2
1010 1083 25 5
1010 1104 15 4
1011 1043 36 15
1012 1079 17 15
1013 1022 48 6
1015 1030 7 9
1015 1097 26 8
1018 1086 16 11
1019 1029 23 3
1019 1049 32 14
1019 1080 50 9
1019 1088 7 4
1020 1075 26 5
1021 1031 38 9
1024 1066 18 3
1024 1092 57 1
1025 1064 9 7
1026 1042 36 2
1028 1035 37 1
1030 1068 23 2
1032 1074 56 8
1034 1086 22 15
1034 1107 5 7
1035 1095 36 2
1036 1045 20 14
1037 1062 30 13
1037 1075 42 12
1038 1046 35 9
1043 1104 26 4
1046 1051 30 1
1046 1063 27 1
1046 1073 53 8
1047 1051 30 8
1047 1067 52 8
1047 1070 46 7
1048 1064 35 5
1052 1076 5 8
1052 1084 42 12
1054 1101 60 2
1061 1095 59 7
1065 1108 37 5
1075 1078 21 15
1077 1105 9 8
1086 1100 7 6
1092 1098 44 2

0 10 9
1 33 42
2 37 49
3 39 4
4 49 25
5 51 4
6 60 21
7 61 6
8 65 14
9 71 3
10 81 11
11 82 16
12 101 45
13 146 3
14 155 1
15 166 32
16 172 38
17 181 16
18 193 32
19 204 28
20 218 30
21 219 48
22 233 27
23 258 11
24 266 1
25 275 21
26 297 11
27 299 42
28 302 20
29 313 22
30 314 1
31 325 40
32 326 3
33 327 40
34 355 50
35 356 40
36 364 31
37 376 9
38 383 32
39 399 1
40 407 2
41 418 33
42 431 26
43 440 5
44 461 20
45 465 26
46 477 45
47 481 31
48 486 38
49 487 24
50 492 45
51 494 21
52 507 41
53 526 12
54 529 30
55 534 30
56 539 47
57 555 44
58 574 36
59 598 3
60 601 25
61 610 5
62 611 6
63 623 4
64 624 36
65 628 13
66 631 31
67 640 23
68 648 22
69 658 6
70 674 20
71 675 3
72 682 11
73 689 28
74 690 14
75 696 35
76 729 10
77 731 34
78 747 42
79 749 1
80 750 28
81 753 13
82 769 38
83 776 41
84 805 9
85 814 33
86 817 31
87 857 26
88 863 50
89 866 11
90 884 45
91 886 38
92 896 6
93 899 15
94 902 39
95 903 21
96 905 28
97 918 39
98 952 15
99 975 12
100 979 48
101 998 10
102 1022 38
103 1023 44
104 1036 41
105 1060 45
106 1066 8
107 1069 16
108 1083 43
109 1087 31
110 1094 26
