944 2832 94 13

0 30 4653
1 60 8420
2 90 11426
3 120 13783
4 150 15587
5 180 16922
6 210 17861
7 240 18467
8 270 18795
9 300 18893
10 330 18802
11 360 18556
12 390 18187

0 8815
1 6503
2 7546
3 6505
4 6141
5 7442
6 6155
7 4820
8 6229
9 5130
10 5073
11 5625
12 5608
13 7075
14 7186
15 5970
16 6751
17 7814
18 6822
19 7741
20 6665
21 6088
22 6571
23 4025
24 3650
25 6331
26 6563
27 8078
28 7964
29 6665
30 7698
31 8127
32 8414
33 7812
34 7295
35 6080
36 8184
37 7510
38 7165
39 4475
40 7770
41 7228
42 7270
43 4576
44 6139
45 5236
46 6813
47 6361
48 7166
49 5750
50 7097
51 6728
52 6586
53 7127
54 4561
55 5158
56 4184
57 6978
58 7476
59 6226
60 5770
61 6830
62 7012
63 6690
64 6359
65 6381
66 7372
67 7360
68 7689
69 6080
70 7525
71 7363
72 4697
73 6869
74 5962
75 7245
76 8672
77 6730
78 5885
79 6828
80 7780
81 8325
82 5102
83 9324
84 7802
85 8162
86 5365
87 6630
88 8414
89 6750
90 5670
91 6373
92 7376
93 6551
94 7036
95 5978
96 7868
97 7808
98 7743
99 7232
100 4588
101 5341
102 6890
103 5990
104 7019
105 6518
106 7079
107 8083
108 4702
109 6546
110 7519
111 7934
112 7273
113 6055
114 7493
115 7463
116 5243
117 5555
118 6136
119 6726
120 6791
121 5086
122 6069
123 5780
124 4468
125 4538
126 5523
127 7550
128 8146
129 6585
130 6404
131 8626
132 5817
133 5104
134 4899
135 7377
136 6044
137 6312
138 5699
139 7596
140 7712
141 6362
142 8087
143 6529
144 6084
145 7048
146 7062
147 6120
148 7898
149 6134
150 5844
151 4331
152 8934
153 5505
154 7833
155 7261
156 6202
157 5276
158 4131
159 6368
160 5198
161 5846
162 6710
163 8478
164 6020
165 5152
166 7676
167 8321
168 6795
169 4774
170 3745
171 7582
172 6167
173 7000
174 7329
175 4732
176 5419
177 6751
178 7377
179 7436
180 7482
181 6287
182 5559
183 8090
184 6590
185 6475
186 5978
187 7727
188 6761
189 8367
190 7893
191 7372
192 5070
193 7612
194 5274
195 5239
196 5242
197 6760
198 7536
199 7927
200 5263
201 6286
202 7591
203 5008
204 6983
205 6434
206 5711
207 7003
208 7262
209 6898
210 7994
211 6523
212 6936
213 5752
214 6218
215 6996
216 7396
217 6896
218 6626
219 5259
220 4960
221 5576
222 5324
223 6417
224 6036
225 6337
226 5151
227 7579
228 4839
229 6383
230 7198
231 7139
232 6804
233 6570
234 6007
235 7821
236 6652
237 6846
238 7493
239 6877
240 6978
241 6030
242 5206
243 7157
244 5023
245 4430
246 7261
247 7732
248 6593
249 5587
250 8046
251 4469
252 5679
253 7130
254 7530
255 8147
256 6822
257 8505
258 5477
259 5942
260 4940
261 5511
262 7773
263 7237
264 6805
265 7157
266 8479
267 6553
268 7028
269 5275
270 6473
271 8446
272 6150
273 7007
274 5555
275 4437
276 6476
277 6047
278 4963
279 8418
280 7860
281 5854
282 6811
283 4665
284 6487
285 6014
286 6252
287 7016
288 7951
289 7369
290 7489
291 4896
292 6273
293 6437
294 7294
295 5505
296 7581
297 5782
298 6354
299 4433
300 6773
301 7057
302 6124
303 4654
304 10181
305 5272
306 6902
307 7170
308 8799
309 7276
310 5049
311 6971
312 8060
313 5565
314 4536
315 5361
316 6865
317 6921
318 6263
319 5847
320 6303
321 6237
322 7630
323 5127
324 5929
325 7028
326 6882
327 5927
328 5659
329 7679
330 7544
331 6633
332 6660
333 4266
334 6748
335 5919
336 5496
337 6936
338 7086
339 7192
340 5459
341 6055
342 6646
343 6975
344 6884
345 5847
346 6709
347 6893
348 4234
349 5491
350 8002
351 6316
352 6273
353 5766
354 8263
355 6168
356 8128
357 6133
358 7375
359 6035
360 7492
361 6517
362 5925
363 5679
364 7259
365 6583
366 8033
367 6229
368 6610
369 5662
370 5739
371 7118
372 6177
373 6818
374 4620
375 7581
376 7396
377 6430
378 6835
379 4658
380 7020
381 5737
382 6033
383 4328
384 8160
385 6111
386 5602
387 7544
388 6430
389 6853
390 8035
391 5427
392 7390
393 6696
394 6747
395 6761
396 6894
397 6369
398 7661
399 6275
400 6885
401 7820
402 7048
403 6065
404 7456
405 8133
406 7908
407 7972
408 7044
409 6796
410 6813
411 6173
412 7446
413 8330
414 7196
415 7524
416 7728
417 6266
418 4371
419 5568
420 6104
421 8214
422 7105
423 6798
424 8091
425 6976
426 4381
427 6309
428 6975
429 7484
430 7627
431 6316
432 7488
433 6678
434 5465
435 6802
436 5590
437 6555
438 6234
439 7441
440 7092
441 5578
442 6427
443 5115
444 5534
445 5281
446 7912
447 7448
448 7257
449 7243
450 7814
451 7719
452 6357
453 5598
454 7005
455 6786
456 6443
457 6297
458 5645
459 7260
460 8201
461 4963
462 4373
463 7302
464 6262
465 6917
466 6474
467 5503
468 5635
469 5188
470 7262
471 5693
472 7788
473 6914
474 6873
475 5934
476 6324
477 7039
478 7494
479 6332
480 6806
481 5374
482 6046
483 6720
484 7609
485 7450
486 6893
487 4533
488 6677
489 4813
490 8211
491 5532
492 5771
493 6578
494 5997
495 6029
496 6950
497 5546
498 5161
499 7926
500 6448
501 7185
502 7573
503 6472
504 8670
505 7039
506 4240
507 5972
508 5347
509 5944
510 8406
511 6495
512 6128
513 5462
514 6508
515 8260
516 6270
517 7167
518 8494
519 5988
520 5458
521 6040
522 8110
523 6670
524 7176
525 8933
526 6909
527 5175
528 4341
529 7645
530 3915
531 5789
532 8106
533 5626
534 6220
535 6570
536 6703
537 8112
538 7400
539 4890
540 10336
541 4120
542 8423
543 7407
544 5145
545 5466
546 4578
547 6009
548 6588
549 5338
550 4942
551 7050
552 5965
553 6733
554 6185
555 5557
556 7207
557 8131
558 8064
559 6066
560 5166
561 6737
562 6274
563 6680
564 5484
565 6184
566 5994
567 7004
568 6159
569 5950
570 7515
571 6733
572 5816
573 5923
574 5308
575 8620
576 6595
577 6582
578 6915
579 6215
580 8086
581 6980
582 6307
583 7282
584 7572
585 6249
586 6370
587 7188
588 6534
589 7795
590 6818
591 5283
592 5552
593 7740
594 6444
595 5588
596 7206
597 6738
598 6267
599 5658
600 5499
601 7051
602 6915
603 6361
604 5423
605 7164
606 7636
607 7969
608 5835
609 7547
610 5073
611 8329
612 4853
613 4931
614 6184
615 8242
616 6645
617 6463
618 6390
619 5316
620 6756
621 6453
622 6744
623 5981
624 6066
625 6871
626 6912
627 6320
628 6188
629 5968
630 7088
631 6366
632 6103
633 4333
634 5767
635 6392
636 4837
637 6069
638 6360
639 6277
640 5094
641 5458
642 6109
643 5281
644 6879
645 5177
646 6126
647 8555
648 4946
649 6761
650 6942
651 7437
652 4152
653 5049
654 7584
655 7025
656 5086
657 8163
658 6601
659 4307
660 4732
661 8391
662 4432
663 6497
664 7042
665 6811
666 9269
667 7181
668 6296
669 5408
670 5918
671 7654
672 6778
673 6582
674 6784
675 6446
676 8471
677 6247
678 5526
679 4881
680 5205
681 6072
682 7633
683 5536
684 5554
685 6512
686 6945
687 4899
688 7191
689 7025
690 5220
691 4949
692 5791
693 6971
694 9268
695 7006
696 4598
697 6429
698 5712
699 5028
700 7246
701 4740
702 5380
703 5227
704 7738
705 7126
706 8337
707 4495
708 3628
709 7569
710 6107
711 6030
712 7235
713 8255
714 7364
715 6155
716 6857
717 4604
718 6511
719 6837
720 7498
721 8950
722 7227
723 6220
724 5787
725 4661
726 8481
727 5186
728 6851
729 5509
730 7529
731 6778
732 7841
733 5524
734 9557
735 4365
736 5492
737 6303
738 5768
739 5898
740 4916
741 7336
742 7055
743 6935
744 5473
745 5647
746 7454
747 7023
748 6004
749 4114
750 5928
751 6930
752 4108
753 8565
754 5004
755 8206
756 6697
757 8159
758 5016
759 3709
760 6703
761 9207
762 7302
763 7405
764 7394
765 7855
766 7236
767 4127
768 8720
769 5518
770 5196
771 6043
772 7316
773 4945
774 8050
775 7659
776 5417
777 7197
778 7759
779 6289
780 7134
781 8079
782 5742
783 7988
784 6641
785 6362
786 5313
787 5971
788 8141
789 4674
790 7664
791 7758
792 5196
793 3590
794 7186
795 5548
796 7653
797 6046
798 6627
799 7405
800 7543
801 5825
802 5876
803 5866
804 4519
805 7632
806 8372
807 6423
808 5280
809 6469
810 6608
811 5703
812 4927
813 8472
814 4746
815 6929
816 8996
817 7175
818 5916
819 5268
820 7175
821 5334
822 6945
823 5911
824 7411
825 8018
826 6761
827 6396
828 5996
829 5900
830 6027
831 7217
832 8572
833 8327
834 7685
835 7613
836 5334
837 6086
838 5096
839 6927
840 5569
841 8304
842 6630
843 7482
844 8046
845 6679
846 7546
847 5880
848 8749
849 6486
850 7290
851 7702
852 5633
853 7175
854 6496
855 6726
856 7148
857 4360
858 6499
859 7227
860 7075
861 5652
862 7990
863 5052
864 5827
865 9121
866 7784
867 5827
868 5926
869 8765
870 5282
871 5997
872 7113
873 6420
874 7459
875 8274
876 8288
877 6059
878 7361
879 7593
880 5574
881 5545
882 7321
883 5801
884 6839
885 7914
886 4531
887 6284
888 5491
889 5894
890 6955
891 6605
892 5926
893 8201
894 8055
895 6337
896 6110
897 7502
898 6005
899 7139
900 6159
901 5533
902 5927
903 8548
904 6997
905 6962
906 5534
907 7517
908 8603
909 6711
910 4986
911 4744
912 7998
913 5808
914 7844
915 6095
916 6753
917 6781
918 6596
919 6787
920 7548
921 8585
922 6626
923 6621
924 7778
925 7582
926 7713
927 7186
928 5532
929 6605
930 6000
931 5089
932 6514
933 7661
934 5213
935 6136
936 6645
937 7121
938 7578
939 5330
940 7036
941 6117
942 5020
943 6750

0 55 15 14
0 193 53 12
0 457 25 9
0 514 24 7
0 578 35 11
0 676 27 13
0 698 26 8
0 823 60 3
0 833 10 12
0 904 58 4
1 234 19 14
1 457 38 11
1 514 6 6
1 570 37 12
1 886 6 14
2 337 3 4
2 457 22 10
2 475 37 13
2 514 53 3
2 541 33 3
2 606 37 12
2 839 24 9
3 133 41 5
3 193 6 4
3 442 33 14
3 562 12 8
3 577 51 6
3 684 58 12
3 726 29 11
4 145 56 9
4 158 31 8
4 345 56 2
4 408 31 1
4 487 10 1
4 637 24 6
4 639 60 11
4 835 59 2
4 939 36 13
5 512 31 15
5 639 8 7
5 699 13 3
5 750 5 4
5 760 23 7
6 482 40 2
6 589 16 10
6 920 15 11
7 69 1 5
7 154 8 11
7 274 37 9
7 605 23 11
7 671 26 10
7 703 15 14
7 882 5 4
7 929 59 1
8 259 32 11
8 270 13 13
8 525 23 3
8 536 6 7
8 564 5 3
8 648 31 6
8 730 3 13
9 57 46 7
9 413 10 4
9 503 11 10
9 648 2 2
9 736 40 1
10 65 8 8
10 624 45 9
10 797 7 12
10 862 41 7
10 896 58 5
11 225 20 8
11 354 42 15
11 451 37 1
11 466 34 12
11 678 47 3
11 729 17 1
12 179 7 9
12 553 43 3
12 557 51 13
12 666 43 11
12 820 22 10
13 454 42 8
13 518 6 7
13 602 16 5
13 841 2 4
14 234 40 14
14 709 15 9
15 30 34 14
15 98 50 6
15 110 42 10
15 152 46 15
15 227 57 1
15 728 39 9
15 736 40 4
15 873 43 3
16 53 43 13
16 119 13 9
16 471 13 2
16 509 27 8
16 575 31 8
16 590 41 8
16 612 13 12
16 624 19 3
16 688 28 9
17 240 16 10
17 640 19 12
17 693 4 13
18 498 16 5
18 534 31 15
18 598 23 6
18 703 12 1
18 872 2 7
19 29 40 6
19 133 60 12
19 397 45 15
19 494 5 12
19 654 19 13
19 659 13 12
19 846 36 4
20 442 13 2
20 488 5 3
20 535 10 5
20 598 50 8
20 796 3 15
21 31 54 13
21 239 42 7
21 330 38 8
21 545 32 2
22 137 40 11
22 196 11 5
22 343 41 1
22 394 2 7
22 783 10 11
23 237 34 7
23 241 21 10
23 312 33 15
23 431 25 9
23 590 25 8
23 651 53 15
23 654 20 3
23 697 18 14
23 700 39 14
24 159 43 11
24 220 59 13
24 241 56 13
24 360 29 7
24 807 17 5
24 883 25 4
25 305 50 7
25 484 53 8
25 821 27 6
25 886 12 6
25 939 42 13
26 325 41 3
26 351 34 9
26 442 50 3
26 575 22 4
27 36 16 1
27 319 6 7
27 338 57 3
27 843 6 5
27 910 26 3
27 915 9 15
28 55 11 1
28 238 23 1
28 690 35 12
28 702 31 14
28 769 34 5
29 102 40 15
29 292 14 11
29 350 23 14
29 598 39 9
29 626 5 11
29 629 35 7
29 868 57 6
30 266 11 2
30 317 18 8
30 646 30 13
30 688 19 9
30 864 37 12
30 930 17 9
31 123 34 5
31 319 50 12
31 553 50 12
31 652 3 2
31 795 3 12
32 154 19 1
33 40 18 4
33 294 42 13
33 423 30 8
33 426 11 15
33 523 39 4
33 581 28 8
33 614 38 3
33 834 55 7
34 139 60 10
34 309 21 9
34 687 42 12
34 832 15 14
34 915 32 13
35 36 13 13
35 168 18 8
35 291 6 13
35 464 17 3
35 526 30 13
35 547 6 1
35 662 39 3
35 830 41 15
35 844 34 12
36 43 56 8
36 88 38 14
36 321 37 10
36 436 57 12
36 553 13 1
36 680 2 4
36 745 34 14
36 843 6 11
37 94 22 4
37 141 25 15
37 201 39 3
37 248 33 2
37 350 34 3
38 209 20 15
38 352 17 11
38 541 5 8
38 590 33 6
38 723 35 12
39 236 43 3
39 294 19 1
39 563 41 9
39 924 28 8
40 106 33 12
40 203 44 13
40 270 38 1
40 312 57 8
40 449 11 4
40 656 13 2
40 658 4 10
40 698 11 5
40 839 37 7
40 882 58 14
41 636 41 14
41 880 25 5
41 903 37 9
42 107 54 7
42 164 34 6
42 288 7 10
42 396 9 11
42 659 59 9
43 201 42 9
43 337 15 1
43 397 13 13
43 525 60 5
43 598 9 11
43 651 10 13
44 111 4 7
44 389 55 3
44 399 21 3
44 479 21 9
44 606 36 10
44 705 12 13
44 778 35 15
44 932 32 13
45 118 34 8
45 532 45 2
45 577 27 9
45 635 37 9
45 651 59 10
45 901 2 4
46 157 4 11
46 263 53 1
46 349 16 11
46 405 26 9
46 510 44 7
47 522 6 9
47 808 28 5
47 890 10 12
47 900 50 10
48 151 26 11
48 231 49 10
48 299 6 2
48 301 10 14
48 312 19 2
48 343 23 4
48 388 31 4
48 517 45 1
48 572 24 6
48 674 36 14
48 905 50 13
49 95 41 4
49 109 51 3
49 157 20 2
49 518 38 6
49 559 25 2
49 714 39 12
49 728 9 8
50 571 47 4
50 645 29 12
50 943 7 15
51 156 5 7
51 387 55 13
51 611 22 3
52 127 16 1
52 214 32 1
52 291 27 4
52 411 13 14
53 252 29 4
53 390 24 15
53 486 37 10
53 504 25 13
54 262 44 4
54 306 26 11
54 337 24 10
54 432 23 13
54 790 47 15
55 232 46 8
55 521 7 11
55 561 4 2
55 654 49 7
55 708 23 10
56 77 5 6
56 206 42 11
56 431 23 9
56 865 11 6
57 218 27 14
57 485 36 4
58 206 47 4
58 248 43 15
58 417 32 13
58 516 59 2
58 591 26 14
58 822 18 14
58 893 35 13
58 919 22 3
59 410 2 8
59 565 45 13
59 837 33 7
59 906 60 14
60 160 39 2
60 164 40 14
60 267 1 10
60 334 49 12
60 376 49 7
60 542 57 12
60 584 54 15
60 858 37 14
61 98 2 14
61 189 38 10
61 410 4 9
61 552 23 13
61 666 34 6
61 878 13 3
62 191 40 15
62 242 2 9
62 248 45 6
62 463 13 5
62 623 55 2
62 819 21 8
62 833 21 8
63 466 32 13
63 622 35 9
63 699 29 15
63 794 21 3
63 820 17 9
64 86 17 8
64 179 3 15
64 281 57 8
64 497 30 9
64 847 6 14
65 403 55 4
65 619 50 7
65 739 54 9
65 871 42 8
66 86 48 4
66 587 47 3
66 624 47 2
66 643 49 14
66 772 2 13
67 114 14 5
67 226 28 8
67 342 55 13
67 814 1 12
67 841 16 5
67 913 7 13
68 82 57 15
68 93 39 12
68 603 38 7
68 642 53 5
69 308 16 15
69 413 41 11
69 612 38 8
69 691 10 10
69 787 38 10
70 91 10 11
70 243 19 3
70 354 18 1
71 352 2 14
71 478 3 1
71 663 36 12
72 165 35 4
72 430 55 4
72 566 13 9
72 630 40 12
72 817 54 7
73 239 29 1
73 348 1 12
73 553 18 15
73 667 23 7
74 182 20 11
74 419 51 15
74 472 51 2
75 460 12 8
75 472 44 15
75 502 60 13
75 681 54 9
76 207 3 1
76 239 19 13
76 366 42 8
76 678 29 10
76 709 35 11
76 811 48 4
76 819 12 2
76 926 25 14
77 265 39 10
77 271 17 10
77 397 60 9
77 424 22 11
77 913 4 15
77 914 14 9
78 187 25 2
78 388 46 6
78 477 31 11
78 544 28 7
78 550 55 10
78 651 48 5
78 776 13 9
79 139 1 4
79 159 5 6
79 443 50 11
79 467 34 9
79 539 60 1
79 571 31 13
79 586 57 12
79 619 26 5
79 708 2 15
79 874 3 7
80 357 24 7
80 397 54 1
80 446 22 12
80 537 53 13
80 562 57 10
81 311 22 5
81 350 39 8
81 369 31 14
81 436 3 4
81 623 30 3
81 638 37 7
82 702 4 10
82 881 9 7
83 148 16 6
83 434 25 13
84 343 11 1
84 487 23 5
84 582 6 3
84 595 48 2
84 655 12 3
84 721 8 7
84 920 16 5
85 287 15 9
85 337 9 5
85 341 9 11
85 374 12 7
85 520 24 14
85 530 16 7
85 835 9 10
86 471 59 9
86 631 15 12
86 725 52 15
86 830 40 3
87 129 19 1
87 434 26 15
87 450 59 4
87 502 19 7
87 628 1 9
87 773 20 2
87 806 19 1
87 873 5 15
87 936 31 6
88 101 36 5
88 225 14 12
88 233 22 9
88 509 57 2
88 721 23 12
88 836 32 12
89 186 21 9
89 354 24 14
89 550 15 5
89 782 60 2
90 146 28 3
90 423 52 3
90 684 20 3
90 800 53 7
90 879 20 1
90 899 18 5
91 252 48 3
91 313 41 11
91 387 11 2
91 421 49 6
91 727 60 11
91 798 55 12
91 904 57 6
92 145 45 6
92 239 57 13
92 780 45 1
92 872 2 10
93 259 23 9
93 508 42 13
93 580 41 4
93 736 59 5
93 940 11 1
94 150 52 14
94 433 27 12
94 711 51 12
95 158 49 10
95 198 23 8
95 249 50 14
95 288 49 14
96 531 34 14
96 636 27 11
96 766 53 14
97 150 33 11
97 161 35 13
97 176 43 1
97 242 21 12
97 251 55 2
97 275 44 13
98 198 2 6
98 304 30 1
98 399 25 13
98 531 58 12
98 748 2 11
98 786 23 1
99 199 2 15
99 242 35 12
99 243 50 15
99 263 48 3
99 384 3 4
99 392 30 4
99 720 28 1
99 822 34 2
99 839 45 11
100 182 42 14
100 294 42 11
100 353 35 13
100 458 44 11
100 565 46 8
100 588 4 5
100 594 55 7
100 667 15 15
100 791 50 15
101 114 56 11
101 191 53 3
101 420 53 9
101 498 43 3
101 527 5 3
101 569 55 11
102 601 52 14
102 626 57 3
102 879 41 5
102 928 25 11
103 194 11 6
103 389 21 2
103 416 15 14
103 571 39 15
103 628 22 12
103 789 27 13
103 849 24 1
103 855 16 3
104 342 58 13
104 371 53 7
104 433 36 5
104 660 57 9
104 729 37 6
104 771 23 3
104 808 13 4
104 838 50 8
104 907 18 1
104 910 37 10
105 207 9 10
105 215 7 11
105 251 53 7
105 556 38 14
105 581 52 8
106 172 37 1
106 258 1 14
106 363 43 14
106 667 30 11
106 894 53 14
107 292 14 1
107 538 20 15
107 677 15 8
107 695 22 6
108 252 7 3
108 456 60 2
108 459 46 15
108 852 55 1
109 320 51 10
109 351 6 11
109 803 44 10
109 856 23 9
110 111 34 15
110 181 20 4
110 187 10 11
110 220 57 1
110 654 33 12
110 835 7 9
110 940 1 11
111 581 22 8
111 609 8 8
111 615 49 4
111 807 29 7
112 406 52 10
112 522 15 4
112 555 2 9
112 558 4 3
112 617 7 8
112 805 42 8
113 365 46 1
113 688 4 5
113 774 46 8
113 802 60 4
114 267 59 11
114 443 20 13
114 505 60 2
114 516 10 14
114 528 1 15
114 663 6 11
115 513 3 8
115 608 52 12
115 663 20 8
115 836 60 1
115 899 11 15
116 133 36 11
116 248 23 15
116 503 43 10
116 521 14 8
116 556 16 7
116 663 36 6
116 718 7 13
116 747 42 7
116 790 60 15
117 159 5 5
117 302 52 14
117 324 49 7
117 504 54 4
117 637 1 12
117 792 2 8
117 860 42 1
118 399 17 9
118 406 31 1
118 453 14 13
118 598 27 2
118 628 44 10
119 125 41 14
119 156 39 8
119 494 22 12
119 559 16 9
119 605 55 10
119 922 50 4
120 460 59 14
120 476 21 13
120 490 10 4
120 545 55 9
120 691 48 14
120 926 2 5
121 313 3 5
121 482 9 2
121 647 37 12
121 648 59 1
122 475 58 13
122 644 54 8
122 733 58 12
123 394 38 6
123 587 16 11
123 666 31 12
123 852 17 2
124 267 15 5
124 328 18 9
124 598 49 1
124 642 13 3
124 690 41 1
124 703 2 8
124 719 59 13
124 750 43 11
124 773 17 3
125 555 33 2
125 746 26 2
125 854 2 10
126 134 26 12
127 373 44 2
127 429 45 10
127 688 30 12
127 764 26 13
127 902 56 3
128 191 19 8
128 203 49 9
128 279 35 15
128 299 9 5
128 375 39 11
128 431 9 6
128 600 30 8
128 682 47 15
128 881 56 11
129 253 2 10
129 255 1 8
129 259 2 6
129 512 27 15
129 545 2 8
129 611 22 2
130 441 35 14
130 590 10 7
130 670 4 8
130 707 35 11
131 141 44 8
131 143 35 3
131 211 27 9
131 228 23 10
131 286 12 8
131 369 37 13
131 375 59 8
131 389 53 4
131 408 21 2
131 472 17 12
131 697 17 6
131 751 13 1
131 867 32 4
131 874 32 2
132 282 12 10
132 284 37 11
132 370 60 12
132 469 42 9
132 489 31 14
132 528 32 14
132 659 1 12
132 733 33 7
132 902 2 9
132 939 17 10
133 418 51 10
133 473 51 10
133 537 40 14
133 797 44 1
133 866 29 5
133 875 19 10
134 219 58 12
134 919 53 12
135 454 5 3
135 530 29 8
135 531 51 8
135 561 34 8
135 636 11 1
135 723 54 15
135 799 11 5
135 842 26 15
136 257 23 1
136 452 35 6
136 505 9 8
136 509 18 12
136 518 40 1
136 758 16 5
136 789 56 13
136 866 34 7
137 377 38 15
137 542 25 7
137 678 26 1
137 824 26 7
138 304 52 1
138 702 6 9
138 708 9 10
138 774 11 4
138 829 37 11
139 769 4 4
140 378 29 4
140 429 8 14
140 582 32 12
140 588 57 2
141 247 59 15
141 253 13 9
141 307 50 6
141 364 56 11
141 428 19 7
141 446 1 11
141 449 15 8
141 714 5 5
141 744 13 9
141 845 39 12
142 293 15 10
142 411 55 5
142 422 58 5
142 570 37 10
142 575 6 14
142 641 6 15
142 827 1 6
142 878 23 14
143 410 26 8
143 412 26 3
143 685 58 3
143 857 42 8
144 173 4 8
144 196 59 6
144 373 2 6
144 443 12 1
144 579 17 13
144 616 33 12
144 882 7 10
145 447 49 5
145 780 37 5
146 162 11 14
146 218 44 12
146 425 10 1
146 581 59 12
146 687 21 3
146 795 39 7
147 235 44 15
147 402 20 13
147 721 15 5
148 498 37 5
148 509 30 8
148 698 45 1
148 876 43 13
148 892 8 2
148 902 9 14
148 910 20 10
149 219 51 5
149 262 18 7
149 306 28 4
149 317 20 9
149 349 9 2
149 409 48 7
149 439 6 14
149 445 8 14
149 862 53 11
150 283 54 4
150 660 20 4
151 383 40 14
151 450 12 1
151 626 48 14
152 195 49 9
152 316 3 7
152 501 8 14
152 627 53 2
152 796 48 2
152 874 26 8
153 177 11 10
153 184 6 4
153 296 5 8
153 521 47 5
153 619 52 15
154 249 15 12
154 340 31 8
154 360 7 3
154 487 33 1
154 668 56 3
154 858 42 12
154 929 49 15
155 206 43 1
155 305 8 6
155 326 55 9
155 451 52 3
155 828 18 14
156 179 39 1
156 182 2 5
156 339 56 13
156 449 18 2
156 581 34 1
156 894 6 7
157 578 57 6
157 614 46 1
157 652 24 9
157 680 28 6
157 736 14 6
158 164 51 5
158 561 19 5
158 842 26 6
159 208 54 9
159 377 2 15
159 495 38 12
159 504 28 7
159 937 37 12
160 192 15 1
160 299 17 14
160 316 47 13
160 319 22 9
160 361 20 3
160 422 29 6
160 513 6 13
160 751 21 12
161 509 52 13
161 683 14 3
161 759 25 3
161 880 35 13
162 311 34 8
162 348 36 14
162 364 47 9
162 446 29 12
162 573 54 8
162 622 39 9
162 819 53 10
162 862 11 7
163 184 9 1
163 194 29 7
163 752 10 15
163 886 14 2
164 391 35 14
164 726 40 9
165 233 43 11
166 277 25 6
166 478 45 9
166 634 44 5
166 689 18 2
166 693 29 10
166 821 24 1
166 832 45 5
166 833 15 1
167 185 22 10
167 326 56 13
167 489 8 8
168 187 19 8
168 200 5 15
168 237 37 12
168 389 42 6
168 552 11 4
168 565 55 3
168 618 52 11
168 736 53 3
168 773 10 6
168 886 26 10
169 228 23 4
169 285 17 7
169 464 28 12
169 905 11 2
170 177 5 2
170 229 60 12
170 396 51 11
170 498 30 7
170 760 8 10
170 849 55 13
170 888 43 7
171 294 30 15
171 386 31 4
171 402 14 12
171 573 3 2
171 584 17 1
172 430 33 14
172 724 5 2
172 769 28 8
173 711 35 3
173 932 54 6
174 184 20 6
174 463 43 2
174 508 47 12
174 606 60 15
175 358 42 4
175 395 5 12
175 447 37 6
175 477 20 8
175 613 60 3
175 925 8 11
175 933 45 4
175 935 50 2
176 270 38 6
176 280 28 2
176 281 58 14
176 359 55 12
176 422 50 8
176 427 23 9
176 453 18 14
176 876 23 8
177 496 14 1
178 315 34 12
178 413 41 8
178 612 57 10
178 690 8 8
178 799 9 1
178 812 37 7
178 820 26 14
178 849 23 14
178 875 12 11
179 398 14 12
179 401 60 4
179 497 18 14
179 645 19 13
179 795 7 3
180 321 32 1
180 630 6 10
180 743 11 12
180 823 41 11
181 221 56 9
181 277 42 2
181 494 24 7
181 535 44 2
181 595 44 10
181 677 33 10
181 815 55 5
181 846 35 12
181 895 31 14
182 475 29 1
182 489 53 3
182 654 58 10
182 700 36 4
182 857 14 8
183 656 6 8
183 775 7 11
183 779 28 11
183 793 6 6
183 899 33 4
183 942 42 9
184 437 23 5
184 614 20 4
184 840 7 9
184 879 32 7
185 448 44 9
185 757 31 4
185 796 36 5
185 807 53 5
185 840 33 2
185 895 14 7
186 221 22 7
186 309 40 6
186 343 55 8
186 534 7 4
186 586 35 13
186 625 59 11
186 626 20 15
186 641 17 11
186 730 50 14
186 832 27 12
187 216 3 10
187 518 53 3
187 887 19 13
187 890 29 7
188 842 15 10
189 207 9 12
189 330 58 1
189 421 2 13
189 508 34 11
189 617 47 2
189 634 22 8
189 729 52 14
189 817 7 12
189 821 7 11
189 854 16 4
190 274 42 11
190 458 59 1
190 889 17 13
191 208 47 7
191 287 60 5
191 346 42 14
191 395 6 6
191 906 5 13
192 345 34 4
192 586 8 8
192 650 60 3
192 723 52 3
192 899 10 6
193 256 57 4
193 826 22 2
194 210 23 11
194 506 31 2
194 626 31 8
195 317 15 2
196 584 25 1
196 629 23 3
196 683 41 2
196 792 48 5
196 858 47 12
197 313 35 3
197 506 14 13
197 602 24 11
197 783 45 6
198 305 35 6
198 845 44 11
199 686 42 11
199 757 59 12
200 239 8 12
200 287 30 6
200 352 50 3
200 603 36 8
200 624 34 11
201 275 12 15
201 312 52 1
201 313 5 13
201 588 16 4
201 647 50 9
201 759 42 15
202 258 49 5
202 543 19 4
203 319 33 15
203 356 1 14
203 425 59 15
203 446 12 1
203 463 12 11
203 470 56 11
203 820 40 11
203 905 56 1
204 313 26 14
204 496 60 12
204 790 47 12
205 503 9 5
205 560 40 6
205 716 59 1
205 717 50 4
205 750 4 7
205 797 52 11
205 834 20 6
206 231 4 13
206 274 5 2
206 648 39 5
206 816 38 11
207 522 39 8
207 573 37 1
208 330 2 1
208 487 35 4
209 676 48 13
210 702 22 7
210 928 22 2
211 356 23 9
211 579 37 8
211 660 11 4
211 812 14 12
212 267 36 9
212 322 16 11
212 349 33 7
212 366 32 8
212 547 5 7
212 803 33 4
213 289 30 9
213 347 56 2
213 360 45 7
213 374 5 2
213 634 55 3
214 236 28 1
214 402 30 12
215 620 37 13
215 710 54 10
215 735 30 8
215 783 46 13
215 894 50 14
215 908 52 8
216 344 33 11
216 639 9 10
216 709 51 5
216 736 14 14
216 841 47 5
216 872 54 15
217 352 58 8
217 388 34 7
217 405 44 1
217 438 35 11
217 449 8 7
217 522 10 10
217 682 24 9
217 885 54 15
218 563 52 1
218 621 13 1
218 706 50 13
218 854 52 13
218 917 47 4
219 266 12 11
219 286 41 12
219 515 40 6
219 644 47 8
219 737 38 3
219 812 14 1
220 472 49 12
220 688 39 10
220 689 31 2
220 787 19 7
221 269 21 15
221 515 44 1
221 740 60 4
221 744 45 10
221 746 51 11
221 818 57 9
222 225 13 10
222 277 1 2
222 377 45 10
222 469 14 9
222 635 29 1
222 878 9 1
223 621 44 9
224 416 25 4
224 755 30 3
224 772 31 9
224 878 33 14
225 463 9 2
225 917 6 1
226 283 60 3
226 333 31 14
226 534 38 6
226 571 47 9
226 686 58 4
226 808 37 10
226 928 20 8
226 943 36 6
227 332 52 6
227 587 39 13
227 853 17 1
228 266 39 6
228 418 28 11
228 487 16 3
228 519 45 4
228 553 46 14
228 789 42 11
229 543 16 7
229 678 38 4
229 717 4 10
230 281 34 7
230 373 33 15
230 505 19 15
230 634 29 9
230 639 44 13
230 648 1 2
230 939 10 7
231 388 59 15
231 431 44 1
231 480 59 14
231 544 36 8
231 627 30 2
231 712 3 4
231 829 21 15
232 318 15 4
232 325 33 3
232 400 1 1
232 445 37 8
232 635 30 3
233 277 41 9
233 406 21 4
233 541 58 8
234 474 37 8
234 488 47 6
234 552 51 11
234 568 41 13
234 712 21 4
234 749 27 11
234 877 60 5
234 916 29 9
235 400 27 1
235 558 47 13
235 673 48 5
236 435 39 4
236 570 46 8
236 743 21 6
237 546 40 13
237 661 52 13
237 667 38 1
237 938 37 7
238 450 5 6
238 460 49 1
238 462 48 14
238 633 32 10
238 677 27 12
239 614 15 7
239 626 59 7
239 774 54 11
239 785 8 8
239 864 1 10
240 367 9 5
240 401 54 3
240 574 6 5
240 841 32 7
241 268 46 12
241 556 6 1
241 614 11 15
241 718 18 6
241 740 14 12
241 814 3 13
241 940 12 7
242 252 22 9
242 491 21 8
242 771 58 3
242 856 5 12
242 918 59 1
243 304 6 4
243 828 24 3
244 386 7 9
244 387 13 5
244 613 32 5
244 754 21 9
244 928 11 11
245 347 60 11
245 421 10 2
245 520 7 4
245 678 47 1
245 745 12 4
246 697 26 10
246 733 40 5
246 794 32 7
246 858 21 12
247 548 39 7
247 628 13 8
247 629 48 12
247 890 34 9
247 900 32 12
247 934 48 4
247 936 39 4
248 266 43 13
248 273 37 1
248 400 41 9
248 432 43 1
248 655 50 2
248 836 13 13
248 934 47 5
249 287 39 5
249 385 5 10
249 390 20 9
249 437 38 1
249 467 45 13
249 477 5 13
249 493 23 4
249 579 18 4
249 892 57 2
250 301 36 10
250 661 20 3
250 705 37 14
250 748 20 9
250 786 22 13
251 304 25 3
251 346 8 3
251 666 46 3
251 727 14 15
251 811 9 3
251 863 28 14
252 367 54 8
252 387 44 8
252 395 11 6
252 417 18 4
252 484 32 11
252 528 60 3
254 263 48 2
254 449 7 11
254 773 46 1
254 832 32 3
254 895 17 6
254 941 8 9
255 658 60 13
255 808 28 12
255 828 42 1
255 859 3 14
256 351 57 10
256 851 13 9
257 353 14 8
257 412 46 3
257 572 29 7
257 699 59 12
257 702 52 5
258 293 25 4
258 350 14 3
258 805 7 15
259 268 5 3
259 314 35 10
259 383 30 3
260 670 18 6
260 818 47 14
261 500 26 15
261 599 43 4
261 761 54 7
261 879 21 1
262 270 53 15
262 479 43 9
262 497 29 15
262 631 43 11
262 715 33 14
262 863 48 3
263 523 20 4
263 828 9 3
263 845 6 4
263 865 27 5
264 307 15 8
264 336 34 3
264 588 46 5
264 920 26 4
265 348 30 3
265 434 28 12
265 446 57 6
265 578 25 10
265 682 26 2
266 465 19 7
266 663 10 4
266 784 29 14
267 437 38 1
267 534 6 2
267 632 47 9
267 932 50 12
268 380 45 10
268 496 35 10
268 500 59 7
268 601 44 6
268 943 25 14
269 331 44 14
269 568 48 7
269 638 40 5
269 642 51 15
269 652 45 3
269 665 52 3
269 706 28 8
269 735 54 1
270 338 41 6
270 391 54 1
270 449 53 3
270 539 21 7
271 274 10 8
271 443 35 7
271 546 55 12
271 774 8 15
271 930 30 4
272 387 19 1
272 627 56 10
272 666 27 10
272 702 60 13
272 823 15 11
273 674 56 8
273 799 58 12
273 840 41 12
274 732 57 12
275 420 57 6
275 435 24 9
275 883 43 8
275 929 4 15
276 546 49 7
276 552 22 6
276 615 46 3
276 645 56 5
276 801 4 8
276 835 32 1
276 843 53 4
276 908 33 2
277 372 51 2
277 418 25 6
277 770 33 14
278 289 31 7
278 390 50 5
278 399 21 15
278 449 50 12
278 575 26 5
279 424 59 14
280 341 14 7
280 415 32 3
280 793 17 5
281 560 34 3
281 628 24 11
281 653 17 13
281 769 16 13
282 313 34 15
282 613 58 3
283 404 3 4
283 623 58 13
283 851 55 5
284 429 17 3
284 603 24 9
284 824 60 5
285 659 22 8
285 674 3 1
286 656 58 5
286 669 19 12
287 744 60 4
287 822 36 9
287 857 55 3
288 308 57 1
288 482 7 6
288 585 9 13
288 801 33 14
289 380 32 11
289 538 56 12
289 540 59 13
289 577 18 9
289 777 43 12
289 803 60 7
290 588 59 10
290 626 51 10
290 658 32 9
290 889 20 14
291 320 18 8
291 335 45 4
291 412 58 15
291 445 45 1
291 515 8 1
291 605 29 7
291 727 41 8
292 302 3 8
292 822 28 9
292 837 32 13
293 386 39 15
293 470 13 4
293 614 45 13
293 648 40 5
293 701 33 8
293 739 20 15
294 505 31 13
294 515 58 11
294 606 23 15
294 634 52 10
294 715 49 4
295 313 47 5
295 436 9 13
295 507 13 10
295 804 23 10
295 858 37 11
295 910 40 5
296 397 43 12
296 611 6 10
296 899 43 5
297 320 57 10
297 481 41 3
297 907 30 12
297 936 15 11
298 388 34 4
298 412 48 10
298 643 57 3
298 879 1 10
299 385 32 11
299 536 40 11
299 550 54 4
299 752 29 7
299 856 49 14
299 875 32 14
299 884 20 2
300 509 60 7
300 522 41 10
300 607 19 3
300 634 25 13
300 741 58 14
300 839 23 11
301 472 39 2
301 634 51 1
302 385 19 11
302 481 52 14
302 509 50 15
302 794 27 1
302 800 48 1
302 882 35 12
303 400 39 10
303 431 49 3
303 511 26 2
303 550 43 7
303 800 41 11
304 345 8 1
304 419 58 1
304 707 10 11
304 733 54 3
305 549 5 10
306 545 59 13
306 811 14 15
306 878 46 8
307 343 10 5
307 377 6 11
307 448 2 8
307 451 56 2
307 568 57 13
307 816 30 2
308 379 28 3
308 478 44 15
308 859 52 13
308 902 37 14
309 516 42 10
309 559 37 1
309 915 14 4
310 394 6 6
310 439 53 1
310 483 51 13
310 540 49 10
310 678 58 3
310 753 8 9
310 785 32 4
310 801 44 3
310 843 42 10
311 465 54 9
311 610 34 10
312 345 56 9
312 438 47 2
312 633 60 13
312 831 27 11
313 499 13 15
313 506 16 14
314 415 55 8
314 443 6 13
314 594 56 12
314 608 3 4
314 641 2 11
314 703 41 11
315 451 35 3
315 454 54 8
315 503 19 3
315 611 10 1
315 911 48 10
316 361 48 3
316 512 45 8
316 703 21 4
316 783 2 14
317 921 29 8
318 823 14 4
318 931 51 8
318 941 56 12
319 608 55 7
319 624 33 7
320 611 27 11
320 624 49 6
320 698 52 14
320 739 17 14
320 838 50 11
320 839 41 4
321 346 1 4
322 382 28 13
322 565 18 4
322 623 4 4
322 645 8 1
322 717 53 9
322 788 27 3
322 812 19 2
323 345 55 6
323 701 36 14
323 857 39 7
324 414 3 14
324 465 18 9
324 468 56 13
324 717 53 13
324 860 36 11
325 423 2 12
325 447 6 8
325 612 56 4
325 667 38 3
325 721 54 8
325 865 47 11
325 885 43 9
326 419 28 6
326 525 59 10
326 863 53 2
327 548 53 1
327 581 42 10
328 344 23 13
328 364 53 7
328 386 58 4
328 472 6 3
328 494 59 7
328 550 12 10
328 733 1 9
328 765 34 14
329 544 9 2
329 616 40 3
330 676 3 6
330 871 50 14
331 725 33 12
331 776 59 13
331 832 50 13
332 708 22 15
332 715 13 15
333 456 47 8
333 574 25 2
333 703 49 9
333 707 36 4
334 591 10 2
334 773 31 4
334 790 32 14
335 378 22 10
335 622 26 13
335 623 4 6
336 445 29 2
336 489 16 13
336 531 22 3
336 552 46 3
336 614 27 13
336 663 21 13
336 823 22 5
337 375 57 2
337 738 35 14
337 740 8 3
338 387 3 3
338 509 54 13
338 619 10 13
338 758 13 2
339 342 35 3
339 586 34 14
339 789 24 5
339 793 24 15
340 400 20 1
340 535 19 14
340 723 23 11
341 513 41 7
341 629 58 13
342 354 11 12
342 835 54 6
343 344 2 10
343 533 18 15
343 809 38 11
344 679 40 13
345 686 38 9
345 802 56 14
345 849 21 2
346 418 57 12
346 527 20 15
346 632 51 13
346 894 2 13
347 567 3 7
347 874 57 10
347 934 33 1
349 441 30 3
349 477 29 15
349 522 49 15
349 809 34 9
350 395 47 15
351 733 58 7
351 795 39 4
351 875 19 10
352 494 53 9
352 799 53 9
353 396 40 6
353 910 1 6
354 379 8 14
354 449 28 5
354 500 11 10
354 548 2 12
354 563 54 4
354 797 57 2
355 400 15 6
355 403 8 14
355 407 6 5
355 555 26 2
355 572 19 6
355 646 16 2
355 694 27 2
355 890 53 12
356 380 35 2
356 504 3 6
356 566 17 11
356 588 58 4
356 639 52 14
356 683 4 15
357 594 47 4
358 380 20 2
358 630 47 14
358 724 55 9
359 434 23 14
359 579 52 5
359 750 58 9
359 776 26 6
360 520 41 11
360 597 30 9
360 746 4 14
360 887 38 8
361 421 58 12
361 540 7 2
362 429 25 7
362 520 43 2
362 847 37 14
363 480 60 2
363 525 31 13
363 896 57 13
364 478 55 4
364 573 59 7
364 621 55 11
364 704 1 12
364 856 32 4
364 886 30 9
365 507 9 3
365 730 17 4
365 821 7 9
365 863 39 14
366 378 13 9
366 387 42 13
366 495 16 15
366 664 12 4
366 798 39 10
366 845 11 13
367 416 59 15
367 423 54 9
367 882 47 7
367 899 39 5
368 586 5 13
368 643 56 10
368 796 19 12
368 826 58 5
368 910 3 8
369 433 34 11
369 454 10 9
369 699 43 11
369 840 41 7
369 855 39 6
370 396 25 12
370 426 27 8
370 475 1 10
370 631 15 8
370 727 8 2
370 737 28 10
370 748 59 15
371 636 26 6
372 526 32 3
372 756 41 4
372 804 23 7
372 813 5 7
373 575 31 6
373 783 42 4
373 850 16 7
373 878 24 3
374 431 45 8
374 761 45 7
374 778 49 11
375 463 39 6
375 532 1 3
375 558 14 1
375 684 37 3
375 694 44 12
375 733 59 12
376 859 49 11
378 868 24 11
378 874 32 4
379 580 22 4
379 635 28 13
379 796 56 11
379 879 30 13
380 565 3 14
380 657 56 9
380 688 49 7
380 767 2 5
380 914 33 13
381 449 26 10
381 860 40 2
381 887 30 9
381 931 28 11
382 560 46 6
382 695 25 12
382 887 44 15
383 459 37 3
383 507 11 9
383 516 42 14
383 633 31 3
383 804 26 12
384 386 45 5
384 887 59 12
384 911 7 1
385 632 46 14
385 826 43 13
386 427 25 9
386 738 23 4
386 741 52 8
386 877 17 10
387 436 18 9
387 533 23 2
387 918 50 7
388 522 56 7
389 572 57 2
389 791 21 15
390 461 31 12
391 393 20 1
391 395 21 13
391 519 14 14
391 680 34 12
391 682 41 15
391 785 34 5
392 400 37 10
392 419 58 4
392 539 9 10
392 713 34 11
393 492 41 8
393 524 57 10
393 588 27 12
393 605 47 6
393 723 46 4
393 812 50 7
393 873 52 7
394 592 46 5
394 611 53 11
394 648 6 3
394 876 27 8
395 494 32 5
395 587 49 6
395 605 18 9
395 660 58 5
395 711 59 14
396 445 17 7
396 528 1 14
396 560 11 14
396 681 49 1
396 814 39 1
396 831 38 7
396 859 50 2
397 491 38 1
397 538 30 14
397 786 1 11
397 903 22 11
398 486 39 6
398 557 59 5
398 646 40 15
399 472 54 6
399 501 34 8
399 504 26 13
399 551 45 7
399 636 12 2
399 653 54 4
399 722 17 7
399 810 45 8
400 657 60 4
400 762 58 5
400 803 58 5
401 481 7 10
401 491 54 8
401 628 45 15
401 768 57 6
401 832 3 13
402 424 12 8
402 694 56 12
402 844 24 7
403 907 50 13
404 515 35 12
404 676 31 15
404 734 43 12
405 550 10 5
405 771 20 10
406 504 41 2
406 593 6 11
406 605 46 14
406 644 59 14
406 778 52 9
406 822 16 15
406 912 49 3
407 494 10 7
407 937 14 3
408 690 41 12
409 532 29 4
410 566 7 9
410 817 60 6
410 842 34 1
410 904 8 1
410 912 13 9
411 544 26 2
411 917 35 8
412 479 32 14
412 654 48 9
412 819 10 11
413 525 11 8
413 782 58 8
414 570 56 3
414 744 17 1
415 482 7 4
415 493 28 6
415 592 38 5
415 767 43 6
415 768 31 2
415 786 30 14
415 837 16 9
416 517 21 7
416 786 9 8
417 467 46 3
417 604 51 15
418 454 6 1
418 749 13 12
418 771 35 14
418 873 24 9
419 642 26 15
419 773 12 9
420 487 8 8
420 551 22 13
420 613 60 12
420 751 49 7
420 752 15 1
421 517 21 8
421 712 26 10
421 747 25 10
422 442 50 12
422 768 34 1
423 511 3 6
423 554 4 11
423 605 44 15
423 702 43 11
423 758 18 3
424 446 45 5
424 535 38 10
424 700 27 4
424 740 26 8
424 923 57 13
425 715 32 6
425 805 39 2
427 595 14 2
427 669 24 12
427 704 55 15
427 720 40 6
427 879 45 2
428 560 24 6
428 633 23 4
428 642 33 11
428 690 7 6
429 592 33 11
429 847 1 2
430 509 14 11
430 518 23 14
430 559 19 12
430 614 18 8
430 720 43 1
430 775 48 8
430 814 49 11
431 451 1 14
431 521 20 13
431 841 54 1
431 929 22 1
432 602 32 10
432 914 3 5
433 434 45 12
433 745 6 4
433 803 58 13
433 804 21 15
434 474 22 2
434 682 47 12
434 684 45 4
434 730 5 8
435 459 59 15
435 873 6 3
436 723 46 8
436 744 57 14
436 811 12 5
437 599 60 1
437 786 52 1
437 933 30 13
438 557 53 2
438 592 8 1
438 936 15 8
439 550 35 15
439 676 18 3
439 739 48 5
439 939 8 6
440 597 6 4
440 787 24 11
440 841 55 10
440 867 10 1
441 464 50 6
441 525 51 6
441 547 49 6
441 608 36 3
441 661 24 4
441 663 15 12
441 819 41 12
441 833 16 15
441 880 12 8
442 447 53 15
443 465 56 13
443 603 28 15
443 728 42 3
443 777 19 13
443 886 12 15
443 940 16 12
444 492 10 8
444 516 49 5
444 544 9 14
444 629 40 14
444 664 49 1
444 717 8 2
444 879 55 5
445 475 25 12
445 518 48 11
445 695 54 11
446 518 57 11
446 784 55 10
447 527 2 5
448 656 36 11
448 866 16 1
449 453 44 11
449 581 43 15
449 678 60 13
449 814 9 1
450 814 59 13
451 469 49 5
451 524 49 5
451 766 42 10
451 829 53 9
452 584 24 4
452 638 8 10
452 907 34 12
452 921 4 13
453 471 58 15
453 587 42 1
453 942 20 9
454 665 3 10
454 804 29 7
454 834 40 3
455 536 12 3
455 565 17 10
455 731 53 7
456 469 59 10
458 820 47 4
458 832 24 4
458 845 53 4
459 572 5 8
459 622 38 1
459 645 26 6
459 646 21 15
459 839 5 6
459 915 11 15
460 511 3 8
460 568 27 8
461 573 11 10
462 464 54 1
462 791 15 12
462 793 25 12
463 478 2 1
463 526 54 13
463 726 1 13
463 857 8 11
463 905 7 6
464 485 6 2
464 517 50 10
464 660 60 13
466 505 53 8
466 632 5 3
466 932 32 9
468 734 16 13
468 876 42 6
469 487 30 13
469 498 6 4
469 555 9 3
469 632 26 3
470 617 55 9
471 853 59 14
472 508 13 11
472 590 12 14
472 797 60 8
473 520 47 15
473 530 20 2
473 754 28 12
473 849 7 12
473 866 36 9
474 577 23 8
474 751 21 7
474 760 6 4
475 490 35 3
475 569 56 2
475 766 9 11
476 556 12 8
476 582 59 4
476 772 6 12
476 797 27 10
476 867 40 6
476 891 54 9
476 904 20 2
476 912 31 11
476 933 47 3
477 583 58 15
477 896 18 7
479 621 21 7
480 686 27 4
480 696 60 8
480 734 55 5
480 786 51 8
480 859 52 1
481 734 16 13
482 927 18 13
482 931 1 11
483 549 33 12
483 815 13 10
483 857 26 8
484 717 24 11
484 770 21 5
485 625 37 15
485 643 48 5
486 749 38 8
486 860 47 12
486 908 31 3
486 942 17 8
488 527 20 8
488 819 14 15
488 917 16 12
489 688 30 5
489 847 25 3
489 940 12 10
490 725 7 10
490 775 41 11
491 499 8 1
491 543 47 9
491 656 1 5
492 580 18 6
492 795 43 5
493 791 4 11
494 607 12 8
494 637 34 2
494 760 13 11
494 865 37 15
495 526 56 9
495 560 21 7
495 925 20 7
496 787 26 6
496 873 35 10
496 914 8 12
497 689 25 5
497 766 28 7
498 826 25 13
498 927 8 12
498 935 3 12
499 622 9 4
499 699 14 5
500 634 47 12
500 795 23 11
500 869 42 14
501 513 48 12
501 632 47 15
501 914 42 3
501 916 51 7
502 647 36 9
502 657 52 15
502 778 29 14
502 807 5 12
503 512 14 10
503 558 60 12
503 591 44 11
503 667 54 6
503 736 39 3
503 789 58 1
503 930 46 11
504 664 24 1
504 901 8 3
505 707 15 6
506 788 21 15
508 567 11 10
508 647 52 9
508 889 32 9
509 608 7 15
509 725 8 11
509 918 4 1
510 676 49 9
510 679 6 9
510 762 21 4
510 803 6 15
510 831 56 12
511 769 1 1
512 544 8 11
512 897 33 9
513 576 31 14
513 730 46 1
513 884 43 13
513 904 41 11
515 537 45 10
516 767 34 2
516 811 6 9
516 876 14 15
517 536 1 4
518 679 7 7
520 594 41 7
520 618 21 8
520 696 31 11
520 812 15 7
521 544 2 13
521 635 59 13
521 657 42 13
521 807 31 5
521 897 23 8
521 939 40 15
522 557 5 5
522 626 33 15
522 798 47 7
522 815 35 15
523 579 35 3
523 591 60 4
524 633 10 8
524 639 45 9
524 718 28 5
524 750 49 14
524 867 23 8
525 859 23 14
526 534 9 12
526 590 23 9
526 611 46 14
526 653 23 15
526 934 3 12
526 936 32 9
527 642 34 11
527 644 60 5
527 709 20 8
527 717 26 3
527 787 7 1
528 849 13 6
528 854 25 3
528 910 7 5
528 939 30 12
529 552 2 13
529 642 25 3
530 815 30 7
531 913 36 11
532 604 49 10
532 683 38 5
532 709 24 2
532 728 44 3
532 812 48 4
532 813 34 11
532 907 30 14
533 723 5 6
534 765 37 5
534 882 19 9
535 636 31 1
535 691 28 3
535 812 35 12
536 577 37 5
536 603 26 6
536 843 37 15
536 920 25 8
537 554 41 9
537 559 11 3
537 595 51 7
537 634 23 15
537 816 34 7
538 563 25 10
538 796 31 6
538 851 23 10
538 859 2 13
539 901 17 3
540 671 16 15
540 714 11 7
541 582 40 13
541 918 43 1
542 657 13 12
542 720 8 3
542 766 59 7
543 668 21 14
543 673 5 8
543 695 54 15
543 699 48 6
543 829 32 15
543 928 52 5
545 912 24 14
545 926 23 13
546 899 5 12
547 584 31 15
547 604 24 7
548 625 19 12
548 706 31 14
548 714 27 5
548 824 10 1
549 698 7 4
549 818 53 5
550 712 27 14
550 820 43 14
551 554 54 3
551 667 1 5
552 808 17 10
553 559 5 13
553 784 18 4
554 683 11 1
554 892 3 12
555 567 18 12
555 693 22 4
555 750 28 8
555 761 45 13
555 871 47 14
556 560 38 7
556 575 22 1
556 863 40 10
557 599 17 3
557 639 49 5
557 791 24 12
559 742 55 9
559 910 13 15
560 570 15 7
560 702 46 9
560 869 35 5
561 594 28 5
561 645 26 3
561 927 40 6
562 776 59 11
562 825 40 5
562 928 12 13
563 648 26 4
563 726 40 9
564 642 24 4
564 714 11 15
564 826 14 11
564 832 3 7
565 640 3 14
565 915 45 12
566 791 32 9
566 910 49 12
567 792 2 5
568 625 29 13
568 887 2 9
569 716 39 1
569 844 25 9
571 587 30 7
571 698 43 11
571 802 27 7
573 708 18 9
573 737 8 10
574 610 53 8
574 693 44 5
575 688 54 5
575 801 7 10
576 664 15 5
576 741 10 8
576 757 47 13
577 811 4 14
577 854 34 7
579 733 43 2
579 781 8 13
580 644 7 6
580 890 32 6
581 935 21 7
582 700 50 2
582 866 39 10
583 619 13 13
583 670 32 8
583 788 43 14
584 672 19 3
585 737 37 3
586 681 22 13
586 740 24 12
587 698 29 13
587 792 50 13
587 909 41 9
588 616 50 13
588 667 6 1
588 815 3 8
589 697 2 6
589 847 43 6
589 854 31 11
591 779 14 11
591 927 16 3
592 655 29 11
592 936 19 3
593 636 6 11
593 769 40 12
593 880 24 7
593 882 6 11
594 627 35 7
594 886 10 15
595 694 16 7
595 859 52 15
596 657 19 10
596 824 6 15
596 900 4 13
597 667 27 4
597 766 29 2
597 932 25 8
598 731 32 14
598 893 53 11
598 908 60 15
599 907 53 6
600 809 8 9
602 609 32 2
602 897 16 8
603 713 22 11
604 687 2 7
604 862 40 11
605 895 55 2
606 647 5 14
606 795 24 8
608 672 10 13
608 770 48 13
609 761 45 3
610 617 54 14
610 731 14 4
611 735 59 10
611 770 31 13
611 847 9 14
611 927 14 4
613 662 58 13
613 684 15 8
613 851 45 7
614 845 58 13
614 867 50 14
614 899 56 13
615 806 44 14
615 866 58 14
615 929 57 12
616 627 38 6
616 713 8 4
616 941 41 14
617 665 22 7
617 676 22 5
618 861 19 14
618 921 15 8
618 929 9 11
619 677 16 1
620 669 47 6
620 835 5 5
620 879 14 4
620 915 41 7
621 731 43 12
621 752 21 1
622 753 6 4
622 771 18 3
622 806 43 4
624 692 37 3
625 830 37 10
626 743 9 11
628 747 30 9
628 819 55 14
628 901 14 7
629 672 34 12
629 720 31 3
629 734 8 7
630 655 13 5
630 684 26 6
630 811 37 4
630 874 15 7
630 878 45 1
630 927 28 13
631 637 35 8
631 646 2 6
631 656 35 15
631 728 40 6
631 729 48 4
631 790 13 11
631 804 38 9
632 637 20 8
632 693 57 11
633 713 38 11
634 831 6 3
634 912 9 12
636 834 50 2
636 836 9 9
636 840 13 14
637 659 31 5
637 840 18 15
637 864 17 3
637 894 3 7
638 870 34 4
638 934 44 8
639 661 22 2
639 772 31 10
639 892 25 1
639 930 49 2
640 651 28 14
640 737 8 13
641 744 40 10
642 674 22 14
642 720 33 9
642 821 24 11
642 871 43 7
643 799 12 1
644 688 28 15
644 790 2 7
645 752 26 1
645 807 10 12
645 834 37 6
646 849 56 14
646 903 48 10
646 913 8 15
647 829 6 14
647 886 59 13
648 873 34 4
648 910 45 15
649 658 10 12
649 797 2 15
651 772 13 11
651 829 58 11
652 718 11 2
653 879 13 6
654 666 12 7
654 783 57 2
656 831 44 9
658 705 43 10
658 723 38 13
658 909 40 2
659 688 52 6
659 715 5 12
659 812 33 9
659 886 10 4
659 908 5 13
660 870 35 12
660 884 25 10
660 900 41 5
660 937 55 10
661 707 43 4
661 871 32 14
662 808 45 10
662 839 32 5
662 942 9 13
663 711 4 6
663 852 9 10
664 885 12 7
664 928 11 8
665 914 52 11
666 672 25 1
666 810 24 8
667 878 49 5
667 889 37 12
668 703 18 14
668 841 49 7
669 894 18 2
670 688 38 10
670 849 28 14
671 706 54 1
671 853 46 1
672 700 41 11
672 829 18 5
673 806 2 8
674 856 51 1
674 917 1 14
675 803 38 12
676 735 48 4
676 931 24 2
677 852 49 9
678 896 15 15
679 734 32 12
679 871 8 2
680 720 42 3
680 721 29 12
680 792 58 13
680 827 8 10
682 718 30 8
683 798 9 1
684 738 45 4
684 749 29 2
684 793 11 9
684 877 13 3
687 714 13 7
687 828 49 12
687 920 28 4
689 851 52 7
690 749 8 11
690 867 40 14
691 727 23 9
691 738 7 11
691 893 14 13
691 903 22 8
691 916 26 3
692 723 5 13
692 846 60 14
693 927 37 5
694 741 22 1
694 758 29 10
695 721 47 7
696 937 33 9
698 718 53 4
698 742 51 11
698 851 27 6
698 855 43 10
699 717 39 9
699 734 52 6
699 755 38 5
699 791 38 11
700 730 39 1
702 812 1 7
702 836 44 3
702 882 50 13
703 735 7 14
703 750 53 3
703 837 23 9
705 729 37 13
705 837 32 14
705 901 27 5
706 909 46 9
707 871 28 8
707 943 47 13
708 785 11 10
709 746 17 7
709 822 60 11
709 853 18 6
710 747 45 11
710 831 15 15
710 846 35 4
710 883 33 6
710 890 52 4
712 887 6 1
712 937 13 10
713 778 27 3
714 828 50 15
714 927 6 12
715 888 47 7
715 936 9 3
716 773 53 14
716 786 18 15
717 726 28 3
718 841 1 4
718 887 44 8
719 815 9 13
719 901 34 8
719 906 20 14
720 793 16 5
720 881 8 15
721 822 26 5
722 758 28 2
724 867 2 7
724 871 52 13
725 830 43 11
726 931 19 5
727 853 12 14
729 809 17 6
730 758 26 9
730 852 32 7
730 879 23 3
731 794 15 10
731 805 44 14
732 878 37 3
732 928 60 9
733 865 34 9
733 926 25 3
734 806 57 6
734 914 26 9
735 843 14 11
735 903 20 1
737 782 48 4
737 810 21 3
739 829 52 1
740 791 2 12
740 836 25 12
742 848 7 11
742 877 58 7
742 896 58 13
742 911 48 11
743 773 45 4
743 877 30 14
744 768 50 10
744 771 20 8
744 821 46 12
744 875 49 13
744 919 21 6
745 808 29 1
745 811 59 2
746 806 52 8
747 854 8 12
747 940 16 6
748 815 31 10
748 837 56 15
749 828 46 13
750 831 28 8
750 843 45 15
750 908 22 8
752 787 4 9
754 840 43 7
755 800 41 12
755 832 30 2
755 875 14 9
756 856 10 5
757 872 39 8
757 882 2 1
758 805 22 1
763 778 25 14
763 832 55 15
763 870 52 13
764 792 49 14
766 776 36 13
767 787 3 7
768 813 7 7
771 883 14 9
771 905 48 7
773 802 34 5
773 883 29 4
773 894 28 15
775 862 54 2
775 915 18 11
776 878 22 4
777 882 60 9
777 889 52 8
779 790 58 14
780 787 60 12
781 888 48 2
781 898 23 4
782 811 26 8
783 837 15 12
783 914 41 5
784 801 7 2
785 803 56 4
786 860 6 10
787 821 18 15
787 832 45 13
789 822 60 2
789 826 23 9
789 901 13 6
789 929 36 15
790 898 57 7
793 919 34 8
793 930 11 11
794 825 7 13
794 841 11 12
801 828 32 6
801 870 53 8
801 891 17 15
802 840 2 2
802 844 55 4
803 811 38 4
803 812 3 6
803 898 38 6
805 833 25 3
805 901 32 6
805 943 60 13
807 841 22 5
807 851 12 2
807 891 42 3
812 858 11 13
813 943 47 15
815 839 12 10
816 880 9 15
816 922 60 11
818 835 54 4
818 836 34 10
819 828 15 14
819 931 38 11
819 933 32 3
820 830 14 9
821 918 35 8
822 869 19 15
825 877 44 7
826 845 40 11
827 899 58 1
831 906 6 9
833 917 6 11
833 935 24 14
834 897 23 3
836 855 28 7
836 878 31 6
838 884 45 3
839 878 57 6
843 871 6 7
846 872 46 2
847 871 31 15
847 888 36 12
850 931 4 6
853 906 11 6
855 929 53 5
858 899 27 9
860 879 33 4
860 890 46 3
862 873 48 3
866 897 56 11
875 878 58 2
875 937 31 10
876 923 36 7
880 896 12 6
886 910 53 7
887 915 28 14
891 910 59 10
895 922 46 6
898 916 1 15
901 904 52 6
906 937 47 8
908 929 7 14
910 919 39 6
918 925 10 11

0 8 29
1 27 25
2 29 35
3 33 41
4 54 12
5 65 19
6 69 13
7 71 46
8 79 24
9 89 26
10 90 18
11 94 23
12 95 41
13 117 43
14 160 37
15 163 30
16 172 7
17 189 47
18 191 28
19 196 36
20 210 34
21 211 23
22 229 5
23 239 15
24 240 32
25 257 6
26 267 43
27 271 35
28 279 5
29 281 7
30 282 4
31 284 24
32 286 14
33 293 11
34 303 31
35 347 16
36 362 26
37 364 27
38 375 30
39 395 5
40 403 10
41 408 16
42 411 40
43 414 5
44 438 47
45 439 8
46 448 7
47 467 31
48 468 30
49 474 36
50 483 35
51 484 39
52 488 31
53 502 47
54 506 21
55 514 17
56 530 49
57 548 1
58 553 25
59 558 1
60 563 38
61 581 5
62 599 27
63 624 45
64 627 16
65 637 4
66 647 18
67 655 5
68 657 9
69 666 21
70 674 36
71 677 10
72 678 35
73 680 39
74 698 39
75 713 8
76 719 15
77 746 46
78 750 18
79 753 23
80 766 44
81 779 33
82 804 15
83 811 27
84 822 3
85 842 31
86 845 2
87 864 29
88 891 4
89 901 9
90 912 35
91 914 15
92 915 6
93 920 29
