1440 4311 144 6

0 30 5516
1 60 10963
2 90 16340
3 120 21648
4 150 26889
5 180 32061

0 7955
1 8862
2 8628
3 8156
4 8050
5 7822
6 6118
7 9368
8 9015
9 7196
10 7815
11 9092
12 9785
13 9156
14 7354
15 7173
16 6624
17 7288
18 6849
19 7992
20 9103
21 6946
22 8330
23 7697
24 7722
25 5596
26 8095
27 6855
28 5234
29 6928
30 9835
31 7091
32 7045
33 7764
34 8303
35 8166
36 7028
37 6747
38 8301
39 8636
40 9268
41 7800
42 9543
43 4263
44 9771
45 8112
46 7172
47 6365
48 5891
49 8093
50 9325
51 7737
52 5325
53 8065
54 5887
55 7441
56 7663
57 7625
58 8222
59 9012
60 7817
61 8099
62 9925
63 5845
64 7630
65 5821
66 8215
67 6610
68 8047
69 6520
70 4880
71 4876
72 9266
73 9526
74 9454
75 8430
76 7082
77 7337
78 8384
79 7423
80 8421
81 7329
82 6909
83 7457
84 6472
85 8235
86 9059
87 9616
88 7690
89 9574
90 5340
91 9141
92 8935
93 6653
94 8167
95 9682
96 8112
97 6270
98 7080
99 7667
100 8820
101 8237
102 7689
103 5245
104 4748
105 8506
106 6906
107 7189
108 9514
109 8528
110 9260
111 6841
112 11057
113 6694
114 8226
115 8937
116 5426
117 8929
118 9744
119 7208
120 6464
121 8563
122 6479
123 10112
124 5387
125 4550
126 8525
127 8717
128 7991
129 9908
130 7520
131 8234
132 9168
133 7911
134 9697
135 9803
136 6525
137 9061
138 8864
139 11222
140 8526
141 9423
142 7442
143 9131
144 11203
145 6507
146 7304
147 4957
148 6521
149 5091
150 6187
151 9728
152 8717
153 7881
154 7669
155 8425
156 7164
157 8724
158 6643
159 6672
160 7252
161 7596
162 5506
163 7685
164 7520
165 6800
166 6911
167 8411
168 6642
169 7671
170 5604
171 8244
172 5622
173 8222
174 6180
175 9259
176 6567
177 6981
178 8279
179 8265
180 9512
181 7341
182 7817
183 8297
184 8890
185 5515
186 9468
187 6940
188 8683
189 6068
190 8404
191 8781
192 6647
193 9992
194 7796
195 9168
196 8457
197 7773
198 6921
199 6564
200 7186
201 9232
202 8402
203 6440
204 8045
205 7210
206 7417
207 8528
208 6203
209 9801
210 6786
211 5445
212 6958
213 7141
214 7518
215 10618
216 9115
217 8346
218 9580
219 7984
220 7446
221 8620
222 7821
223 7798
224 6042
225 10086
226 9048
227 7865
228 9026
229 6621
230 9502
231 7209
232 7623
233 7536
234 5533
235 8000
236 8106
237 6840
238 9030
239 6645
240 6117
241 8338
242 8861
243 8535
244 5060
245 5911
246 8209
247 6618
248 8283
249 6441
250 8404
251 6527
252 10510
253 6416
254 7049
255 7371
256 6894
257 7993
258 5412
259 8793
260 6939
261 7925
262 8043
263 8638
264 8672
265 7038
266 9412
267 7393
268 9341
269 8716
270 8518
271 6704
272 8768
273 6649
274 10162
275 8101
276 5492
277 6468
278 9652
279 8832
280 11729
281 6833
282 7079
283 5859
284 6450
285 9345
286 6335
287 5843
288 6072
289 6950
290 8975
291 9727
292 6416
293 6329
294 9474
295 8614
296 7338
297 9282
298 7815
299 8956
300 7157
301 8663
302 9854
303 10233
304 6563
305 8408
306 8191
307 7417
308 7432
309 8199
310 8437
311 6514
312 8056
313 6450
314 9276
315 6421
316 9034
317 8123
318 6300
319 8910
320 8815
321 8449
322 7853
323 7672
324 8044
325 7750
326 7082
327 8369
328 7560
329 7252
330 9818
331 8971
332 8614
333 8466
334 7698
335 8519
336 6896
337 10370
338 6164
339 6655
340 7528
341 7528
342 6383
343 6625
344 6467
345 8210
346 7484
347 9369
348 5600
349 7663
350 10525
351 10171
352 9480
353 7809
354 7117
355 7064
356 10604
357 7085
358 7273
359 7202
360 5560
361 6935
362 8854
363 8000
364 8438
365 6968
366 7510
367 8563
368 6148
369 9304
370 10190
371 9755
372 8306
373 7760
374 12048
375 8424
376 8261
377 8301
378 8160
379 9293
380 7869
381 5106
382 6680
383 8284
384 5922
385 9393
386 6921
387 7856
388 7322
389 9142
390 6547
391 8356
392 5444
393 9323
394 10043
395 8636
396 10833
397 7798
398 5944
399 8690
400 8197
401 10933
402 7832
403 8004
404 9033
405 7043
406 11079
407 6106
408 9371
409 8089
410 8913
411 9095
412 10285
413 7640
414 7139
415 9600
416 7606
417 5994
418 7632
419 4545
420 4298
421 7395
422 8984
423 8007
424 7588
425 9098
426 8450
427 9574
428 7440
429 7988
430 10334
431 6801
432 10182
433 6799
434 8095
435 7351
436 7230
437 8220
438 6266
439 10431
440 7647
441 9156
442 5884
443 7629
444 7152
445 7494
446 7091
447 7593
448 8204
449 9828
450 8413
451 9226
452 9161
453 8073
454 8394
455 10380
456 7791
457 9359
458 9154
459 7864
460 8142
461 8387
462 7692
463 7622
464 6134
465 9306
466 8086
467 9262
468 9080
469 10360
470 8501
471 10067
472 7807
473 8236
474 9086
475 9358
476 7725
477 7614
478 9605
479 9035
480 6734
481 9390
482 7249
483 8127
484 8535
485 9608
486 7768
487 6722
488 4830
489 8663
490 6662
491 6158
492 6121
493 7497
494 9423
495 8575
496 5351
497 9492
498 7505
499 6328
500 7536
501 4967
502 8026
503 8905
504 8971
505 8068
506 5522
507 7765
508 8962
509 6083
510 6526
511 7907
512 7552
513 8215
514 6998
515 7680
516 7408
517 8288
518 7411
519 9447
520 7568
521 8350
522 7421
523 8136
524 6733
525 8993
526 8394
527 8003
528 8387
529 9853
530 6579
531 9980
532 6966
533 4502
534 7656
535 9547
536 8952
537 8646
538 8181
539 9366
540 10468
541 9608
542 8075
543 8105
544 8622
545 7264
546 8514
547 7574
548 7161
549 5731
550 10008
551 8885
552 10195
553 7221
554 7070
555 4900
556 10226
557 7467
558 7254
559 7104
560 7357
561 7734
562 8081
563 6269
564 9366
565 8897
566 7097
567 7365
568 8489
569 8107
570 7370
571 8886
572 6958
573 8047
574 7713
575 8806
576 5907
577 9297
578 7757
579 4291
580 8268
581 9116
582 10028
583 9118
584 7450
585 7717
586 6751
587 12209
588 7976
589 6369
590 9196
591 6471
592 7683
593 6932
594 6983
595 8445
596 6217
597 9265
598 4948
599 5879
600 6495
601 6522
602 6383
603 7871
604 10389
605 7451
606 10021
607 8958
608 10863
609 8588
610 6956
611 7677
612 9504
613 10909
614 6638
615 10172
616 7582
617 5831
618 6765
619 8340
620 6619
621 7048
622 5927
623 8216
624 9897
625 6805
626 7769
627 6998
628 7417
629 7174
630 7841
631 7554
632 9311
633 6632
634 7888
635 6202
636 8174
637 6058
638 9385
639 7499
640 9365
641 5767
642 8173
643 6741
644 6343
645 6474
646 6356
647 4649
648 9259
649 9179
650 8311
651 7161
652 8828
653 3966
654 5456
655 7441
656 7347
657 7545
658 8702
659 9438
660 7189
661 5676
662 7379
663 6793
664 7377
665 7412
666 6880
667 8476
668 8112
669 5752
670 6579
671 8893
672 7476
673 8881
674 7418
675 8241
676 6228
677 8397
678 8316
679 5644
680 9226
681 6751
682 7660
683 8412
684 9047
685 9396
686 9563
687 8803
688 4236
689 7594
690 8728
691 8758
692 7866
693 7932
694 7948
695 7416
696 6887
697 11125
698 7268
699 8417
700 9312
701 5541
702 6954
703 7358
704 5706
705 6473
706 7951
707 7947
708 6536
709 6553
710 8357
711 9386
712 9901
713 9484
714 7161
715 5872
716 8124
717 7235
718 8696
719 6008
720 8295
721 6604
722 8639
723 8391
724 6856
725 7294
726 7914
727 8566
728 9051
729 7543
730 10530
731 9387
732 6807
733 7434
734 6608
735 9591
736 9080
737 5931
738 9491
739 6855
740 8364
741 10525
742 8602
743 7347
744 8424
745 6830
746 6318
747 8779
748 8147
749 7598
750 9118
751 9323
752 6435
753 5605
754 8441
755 7154
756 6965
757 7845
758 7894
759 8284
760 7487
761 8760
762 7264
763 8026
764 5558
765 10058
766 5887
767 6165
768 8202
769 9474
770 9148
771 10120
772 8962
773 7736
774 8513
775 8743
776 7121
777 6276
778 10134
779 8882
780 9373
781 7397
782 8792
783 6043
784 6718
785 8320
786 7386
787 5960
788 9441
789 9219
790 9804
791 8883
792 9249
793 7125
794 8012
795 9265
796 8174
797 9579
798 9930
799 8011
800 6319
801 8615
802 7361
803 10133
804 9663
805 7702
806 7903
807 8079
808 5332
809 6806
810 9607
811 8198
812 9526
813 8503
814 9637
815 7514
816 7825
817 5354
818 6638
819 7113
820 7858
821 9822
822 8004
823 7440
824 9945
825 7056
826 6654
827 7735
828 8683
829 9838
830 7639
831 5640
832 7061
833 8165
834 8816
835 7449
836 8284
837 7028
838 8745
839 7292
840 6150
841 6610
842 10297
843 7492
844 7964
845 8375
846 8668
847 8670
848 5967
849 6638
850 6925
851 9177
852 6595
853 8202
854 7288
855 6618
856 9491
857 7770
858 8224
859 7657
860 8339
861 7399
862 8804
863 9311
864 7344
865 8003
866 8603
867 9025
868 6307
869 6591
870 8565
871 10920
872 9487
873 9845
874 7769
875 9901
876 7392
877 10113
878 10581
879 8686
880 8351
881 7195
882 8261
883 8385
884 6185
885 6890
886 9925
887 5793
888 8855
889 8004
890 8303
891 8905
892 9510
893 8892
894 8314
895 8182
896 8101
897 8627
898 7438
899 6560
900 7522
901 8398
902 8026
903 9365
904 10787
905 9407
906 8187
907 8560
908 9352
909 9065
910 7326
911 8762
912 9672
913 8877
914 9637
915 5398
916 7792
917 8845
918 7174
919 8638
920 6545
921 10063
922 10213
923 6507
924 7717
925 7424
926 7882
927 9009
928 10336
929 7445
930 5044
931 9075
932 7113
933 8109
934 7258
935 6138
936 11603
937 8200
938 7616
939 9257
940 8798
941 6584
942 9197
943 8210
944 6945
945 7784
946 9901
947 7759
948 8688
949 6616
950 9713
951 7034
952 7677
953 7777
954 7259
955 6964
956 7004
957 7520
958 7485
959 8319
960 7415
961 7548
962 8747
963 7976
964 8076
965 8211
966 9179
967 6870
968 8646
969 5955
970 8392
971 10120
972 6358
973 7964
974 6506
975 11051
976 5634
977 9433
978 8255
979 6836
980 7718
981 8190
982 8905
983 5859
984 5767
985 9042
986 6622
987 6498
988 8621
989 7606
990 7203
991 6902
992 6893
993 6202
994 6387
995 9047
996 7318
997 7060
998 6398
999 8086
1000 8159
1001 6957
1002 6255
1003 10745
1004 9469
1005 10002
1006 7565
1007 10290
1008 6012
1009 5803
1010 7522
1011 7333
1012 8577
1013 8379
1014 8805
1015 7061
1016 7026
1017 9100
1018 7291
1019 7648
1020 6409
1021 4754
1022 7913
1023 6219
1024 5944
1025 8006
1026 9306
1027 9218
1028 9030
1029 7867
1030 7985
1031 6680
1032 7880
1033 7665
1034 7273
1035 5743
1036 8038
1037 10529
1038 10612
1039 8204
1040 10004
1041 8695
1042 8418
1043 8395
1044 9050
1045 9200
1046 8523
1047 7596
1048 10641
1049 8691
1050 7009
1051 6824
1052 7188
1053 7698
1054 7890
1055 5815
1056 8832
1057 3966
1058 7555
1059 6815
1060 6975
1061 8081
1062 7188
1063 7014
1064 8917
1065 6386
1066 8042
1067 6291
1068 5597
1069 8071
1070 7969
1071 5621
1072 6902
1073 9073
1074 6289
1075 5471
1076 7917
1077 9460
1078 6769
1079 8932
1080 8443
1081 10200
1082 7710
1083 7837
1084 7186
1085 8213
1086 9208
1087 8891
1088 6916
1089 10444
1090 8644
1091 6838
1092 9919
1093 9695
1094 7486
1095 7345
1096 7998
1097 7565
1098 7268
1099 8267
1100 9270
1101 5622
1102 7535
1103 8016
1104 6193
1105 8666
1106 7000
1107 8599
1108 6865
1109 8501
1110 8278
1111 6495
1112 9490
1113 7929
1114 7544
1115 9208
1116 8041
1117 9195
1118 7204
1119 7204
1120 5429
1121 10711
1122 6975
1123 7492
1124 10024
1125 8153
1126 7929
1127 8740
1128 6300
1129 8349
1130 8211
1131 10325
1132 8735
1133 9149
1134 8993
1135 6746
1136 9625
1137 9117
1138 3966
1139 9317
1140 4447
1141 8811
1142 6658
1143 6317
1144 5287
1145 7137
1146 4506
1147 8228
1148 5123
1149 8847
1150 8624
1151 8081
1152 4443
1153 7465
1154 9517
1155 8109
1156 8750
1157 6640
1158 7069
1159 5892
1160 8776
1161 5495
1162 9499
1163 8813
1164 6426
1165 8398
1166 7842
1167 7174
1168 8579
1169 6338
1170 8320
1171 7502
1172 6531
1173 7112
1174 8419
1175 10804
1176 7038
1177 8651
1178 5690
1179 8592
1180 6611
1181 9162
1182 8308
1183 6341
1184 9765
1185 7602
1186 8564
1187 9862
1188 8129
1189 7753
1190 8368
1191 7790
1192 8590
1193 9494
1194 6856
1195 7664
1196 7826
1197 7766
1198 6750
1199 8407
1200 7802
1201 5626
1202 7689
1203 5903
1204 7179
1205 6916
1206 7939
1207 7001
1208 7583
1209 8496
1210 8608
1211 10213
1212 7073
1213 9505
1214 9028
1215 10800
1216 8339
1217 10004
1218 8161
1219 8387
1220 7173
1221 8044
1222 7137
1223 7372
1224 4386
1225 6343
1226 7323
1227 7683
1228 5052
1229 7611
1230 8712
1231 6311
1232 6886
1233 8797
1234 8932
1235 10934
1236 7800
1237 9027
1238 11199
1239 9792
1240 10576
1241 8879
1242 6407
1243 7586
1244 6451
1245 8393
1246 9909
1247 7918
1248 8725
1249 7037
1250 9994
1251 9848
1252 7800
1253 8003
1254 5919
1255 7915
1256 8941
1257 7928
1258 5577
1259 7626
1260 7280
1261 7306
1262 9546
1263 8662
1264 6764
1265 7390
1266 9246
1267 9333
1268 9451
1269 9375
1270 6509
1271 5327
1272 9227
1273 5922
1274 6343
1275 7887
1276 9241
1277 7291
1278 5134
1279 8803
1280 9296
1281 7152
1282 7289
1283 7267
1284 8795
1285 7549
1286 7870
1287 5718
1288 4262
1289 8773
1290 7450
1291 8133
1292 6284
1293 5905
1294 7256
1295 7771
1296 6653
1297 10207
1298 8547
1299 9101
1300 5348
1301 9395
1302 8401
1303 7321
1304 7354
1305 7151
1306 7913
1307 9375
1308 8141
1309 5953
1310 6702
1311 5227
1312 9259
1313 8169
1314 10924
1315 6960
1316 8881
1317 6197
1318 7851
1319 6193
1320 7406
1321 10526
1322 8222
1323 5883
1324 7311
1325 7621
1326 8193
1327 8573
1328 8603
1329 6332
1330 8943
1331 7985
1332 9436
1333 5373
1334 9120
1335 10650
1336 6959
1337 8288
1338 9357
1339 7345
1340 8279
1341 6841
1342 6656
1343 6718
1344 7625
1345 9489
1346 8236
1347 7680
1348 9574
1349 7697
1350 7959
1351 6872
1352 8903
1353 7381
1354 7392
1355 8524
1356 7486
1357 7486
1358 6699
1359 6154
1360 8634
1361 9291
1362 8211
1363 6571
1364 8444
1365 7351
1366 9244
1367 9254
1368 9164
1369 7582
1370 7946
1371 7351
1372 9455
1373 7709
1374 6814
1375 9802
1376 9605
1377 9011
1378 11345
1379 7246
1380 7720
1381 6153
1382 9468
1383 8798
1384 6756
1385 9406
1386 9792
1387 6304
1388 9046
1389 9282
1390 7342
1391 9057
1392 6967
1393 6164
1394 5536
1395 6767
1396 6757
1397 7724
1398 8025
1399 7752
1400 7311
1401 9361
1402 7247
1403 10520
1404 9051
1405 6752
1406 8954
1407 8837
1408 8520
1409 8229
1410 6585
1411 8561
1412 6255
1413 8011
1414 9367
1415 5313
1416 8499
1417 9482
1418 6937
1419 8563
1420 6264
1421 9426
1422 5185
1423 10023
1424 8945
1425 6647
1426 9259
1427 7912
1428 9867
1429 8619
1430 5324
1431 6751
1432 7791
1433 7509
1434 7591
1435 7912
1436 8463
1437 8974
1438 9236
1439 5498

0 194 2 1
0 677 10 2
0 1078 31 4
0 1109 51 13
0 1307 20 15
0 1432 2 5
1 8 44 11
1 22 47 14
1 656 43 5
1 985 46 10
1 1082 48 7
1 1096 21 10
1 1129 45 11
1 1429 22 4
2 70 55 10
2 132 11 7
2 255 53 10
2 1146 21 4
2 1252 28 5
2 1311 19 15
3 325 25 13
3 817 59 14
3 1135 15 1
3 1223 34 1
3 1310 15 2
4 351 44 5
4 471 38 10
4 1071 33 2
4 1160 22 12
4 1238 14 2
5 245 19 9
5 382 12 8
5 386 8 2
5 724 39 8
5 820 44 15
5 915 8 10
5 1216 43 3
5 1439 59 1
6 507 24 5
6 582 32 6
6 752 34 8
7 36 40 5
7 396 33 7
7 531 12 11
7 606 32 5
7 737 37 6
7 850 42 4
7 866 56 13
7 992 6 9
7 1184 11 2
7 1362 21 8
7 1424 10 2
7 1426 24 2
8 9 43 9
8 130 37 12
8 259 53 6
8 293 51 6
8 316 31 4
8 452 46 15
8 489 38 5
8 808 49 6
8 849 38 8
8 1361 54 11
9 591 56 9
9 776 57 5
9 777 26 1
9 819 48 9
10 191 34 14
10 868 58 2
10 888 28 7
10 1261 31 12
11 95 18 6
11 437 47 10
11 736 2 14
11 905 6 6
11 966 56 11
11 1241 34 9
11 1282 19 15
11 1427 45 9
12 241 43 1
12 297 10 7
12 418 59 10
12 553 12 2
12 924 42 14
12 1267 44 9
13 205 6 5
13 820 19 9
13 919 32 15
13 947 16 2
13 1030 49 1
13 1043 18 5
14 422 6 9
14 473 23 10
14 693 7 10
14 1049 53 12
14 1089 41 6
15 89 51 2
15 116 8 3
15 152 13 6
15 180 48 6
15 259 46 7
15 401 22 2
15 555 37 12
15 634 28 11
16 683 15 9
16 696 55 2
16 815 12 2
16 825 10 9
16 839 15 6
16 975 19 4
16 1210 36 15
16 1436 32 10
17 231 57 9
17 423 56 5
17 613 36 5
17 624 2 15
17 996 49 12
17 1257 41 11
17 1295 36 1
17 1429 3 4
18 92 40 10
18 99 5 15
18 479 17 15
18 607 3 4
18 753 28 8
18 1188 60 10
18 1212 10 4
18 1252 55 8
18 1381 22 4
19 250 58 1
19 555 36 11
19 1067 3 9
19 1175 51 12
19 1323 55 5
19 1359 45 13
20 1304 31 11
21 63 24 2
21 208 56 14
21 304 43 5
21 491 8 9
21 789 52 5
21 921 15 12
21 1044 31 13
21 1198 19 9
22 210 58 8
22 283 46 9
22 444 12 2
22 454 18 6
22 1304 48 4
23 299 10 4
23 419 23 10
23 679 14 8
23 726 22 6
23 1183 15 11
23 1310 25 11
24 121 18 8
24 275 11 15
24 562 27 15
24 1135 45 2
25 192 45 5
26 563 46 14
26 646 56 2
26 806 11 6
26 939 12 14
27 642 45 7
27 715 42 15
27 1380 36 1
28 477 20 11
28 479 47 12
28 700 13 12
28 867 39 14
29 43 46 11
29 296 53 10
29 429 5 4
29 1056 28 14
29 1294 15 14
30 732 4 13
30 859 26 8
30 1195 7 2
30 1403 35 7
31 109 49 8
31 202 37 10
31 861 16 12
31 1077 49 10
31 1171 60 15
31 1173 17 15
31 1266 5 10
31 1384 7 6
32 378 50 10
32 534 25 14
32 580 50 14
32 757 9 12
32 819 48 7
32 1187 9 8
33 304 52 1
33 634 7 3
33 708 5 15
33 1053 10 1
33 1101 58 3
33 1180 35 7
34 285 48 1
34 366 55 12
34 422 45 4
34 784 35 4
35 56 39 3
35 377 32 11
35 850 28 13
35 875 53 11
35 1322 25 7
35 1340 44 12
36 368 40 10
36 403 5 12
36 697 10 8
36 948 29 4
36 969 26 5
36 1082 9 15
36 1254 47 15
37 783 27 11
37 801 34 11
37 1016 1 10
37 1073 54 9
37 1120 28 5
37 1121 1 9
37 1250 47 3
38 55 6 11
38 82 35 8
38 296 39 11
38 608 33 14
38 644 18 10
38 892 56 5
38 1119 19 6
38 1249 53 13
39 347 58 2
39 378 53 12
39 592 49 10
39 711 56 9
39 744 7 13
39 1150 25 14
39 1218 41 7
40 277 56 11
40 368 50 1
40 741 57 11
40 1023 24 13
40 1401 49 15
41 260 7 15
41 579 34 5
41 738 19 2
41 1243 51 7
42 604 29 8
42 777 41 4
42 1214 50 1
43 658 37 2
43 732 42 14
43 856 21 2
43 1178 51 12
43 1243 27 12
43 1427 40 13
44 456 18 6
44 480 29 1
44 515 10 6
44 681 12 8
44 712 48 8
44 945 3 9
44 1255 60 12
44 1355 5 4
44 1436 12 3
45 81 26 2
45 533 54 4
45 547 55 4
46 98 18 9
46 341 32 11
46 414 46 8
46 796 34 5
46 825 1 5
46 1432 35 1
47 666 45 13
47 747 10 5
47 823 7 3
47 851 37 8
47 943 34 3
47 996 1 4
48 503 48 13
48 508 40 5
48 950 6 9
48 1381 16 2
48 1393 31 12
49 457 51 13
49 638 14 15
49 976 19 14
49 1076 50 11
49 1294 48 5
49 1302 3 11
50 61 6 1
50 74 38 4
50 98 53 11
50 205 22 6
50 227 37 15
50 547 57 9
50 602 40 9
50 887 52 13
51 728 34 3
52 536 8 1
52 784 34 11
52 927 13 6
52 1098 60 10
53 403 12 7
53 698 15 5
53 1006 1 15
54 144 57 4
54 186 53 7
54 295 31 2
54 300 31 9
54 437 27 14
54 681 42 3
54 1038 39 4
54 1051 7 5
54 1091 3 11
55 274 15 1
55 395 12 3
55 754 39 13
55 826 42 12
55 1185 20 3
55 1229 23 13
55 1389 36 6
55 1413 39 6
56 332 27 3
56 488 29 8
56 1056 29 13
56 1124 27 9
56 1250 52 8
57 659 5 10
57 718 31 10
57 1020 19 12
57 1193 5 5
57 1255 25 8
57 1422 54 1
58 199 3 5
58 1333 50 15
59 222 11 14
59 379 41 1
59 583 44 1
59 645 37 9
59 1039 33 6
59 1329 27 1
60 362 5 5
60 403 50 12
60 716 38 2
60 1277 14 13
61 128 2 4
61 226 5 14
61 613 53 2
61 622 39 14
61 822 52 6
61 1300 14 1
61 1400 24 6
62 236 45 4
62 450 12 11
62 683 5 8
62 993 1 2
62 1048 20 15
62 1353 30 12
63 237 31 8
63 591 23 7
63 595 50 3
63 641 55 1
63 673 1 15
63 717 48 12
63 765 31 7
63 843 40 5
63 850 8 3
63 1239 50 7
63 1403 34 3
64 111 19 9
64 245 42 14
64 309 34 14
64 562 15 3
64 617 29 11
64 839 42 11
64 1002 58 2
65 166 48 12
65 329 37 13
65 540 51 8
65 645 29 11
65 977 47 10
65 1085 4 11
65 1118 2 3
65 1273 2 3
65 1359 31 10
66 90 47 5
66 288 34 15
66 485 6 12
66 756 20 4
66 976 33 1
67 323 4 9
67 475 43 6
67 529 14 1
67 816 20 8
67 1147 18 2
68 1014 53 14
68 1232 16 6
69 268 42 5
69 890 12 15
69 893 47 8
69 956 47 1
69 1042 31 2
69 1290 15 3
70 292 46 2
70 619 39 11
70 727 44 15
70 995 33 3
70 1237 17 8
71 138 39 10
71 168 47 4
71 430 56 13
71 726 8 11
71 1098 31 11
71 1249 5 6
72 501 16 10
72 505 5 9
72 513 29 15
72 864 37 12
72 1057 21 14
72 1187 20 8
73 237 52 11
73 681 46 5
73 715 56 4
73 1063 7 1
73 1211 55 3
74 858 35 1
74 1231 57 2
75 716 23 5
75 850 1 7
75 1288 42 15
75 1368 2 3
76 167 58 8
76 541 23 1
76 868 39 8
76 968 60 10
76 1241 13 7
76 1291 57 3
77 150 57 8
77 370 52 13
77 656 38 11
77 751 57 13
77 1322 2 12
78 79 53 15
78 459 9 15
78 1051 25 9
78 1091 41 3
78 1248 56 6
78 1275 2 3
78 1320 42 13
79 363 43 3
79 541 12 1
79 691 36 8
79 868 31 6
79 1281 45 13
80 424 4 11
80 602 45 12
80 679 42 12
80 706 14 5
80 746 29 1
80 819 34 6
80 1034 49 3
81 119 33 2
81 962 55 8
81 1394 12 10
81 1416 28 14
82 197 57 11
82 291 38 3
82 297 58 12
82 360 23 3
82 468 19 7
82 505 57 14
82 686 26 5
82 1091 29 7
83 117 36 15
83 548 47 8
83 929 43 15
83 1052 55 13
83 1168 11 11
84 214 53 11
85 146 46 14
85 365 15 10
85 382 23 7
85 1125 46 1
85 1286 48 9
86 266 41 4
86 385 60 2
87 335 41 5
87 366 46 5
87 576 36 9
87 589 48 10
87 828 22 2
87 869 56 12
88 94 22 8
88 201 16 9
88 344 4 3
88 549 20 15
88 554 53 11
88 585 26 14
88 750 19 3
88 1287 29 1
88 1334 19 1
89 175 13 13
89 608 6 3
89 643 34 13
89 699 4 7
89 860 30 8
89 989 12 11
89 994 12 3
89 1237 17 1
89 1344 8 8
90 119 49 6
90 155 55 12
90 728 32 9
90 1256 59 3
91 102 25 14
91 161 52 15
91 239 34 6
91 551 28 14
91 819 44 12
91 831 38 9
91 1059 8 6
91 1299 39 1
92 801 1 13
92 810 6 4
92 833 16 15
92 850 52 14
92 919 37 10
92 1222 1 5
93 234 60 15
93 241 52 4
93 335 15 15
93 594 41 4
93 789 33 15
93 1234 46 10
93 1347 10 2
94 404 51 8
94 660 48 15
94 995 28 2
94 1285 38 13
94 1305 41 1
95 813 38 3
95 1181 25 2
95 1350 6 14
96 859 44 13
97 395 24 14
97 758 23 4
97 854 28 8
97 885 57 5
98 206 31 13
98 348 46 12
98 704 53 4
98 972 6 9
98 1184 3 6
99 269 51 7
99 638 40 2
99 658 47 2
99 709 3 14
99 745 5 14
99 985 13 3
99 986 17 5
100 673 11 4
100 793 59 6
100 851 39 11
100 1016 54 2
100 1130 52 9
100 1426 33 8
101 152 52 2
101 207 31 2
101 353 51 12
101 359 20 6
101 387 59 1
101 819 18 3
101 947 29 14
101 1057 42 5
102 228 55 11
102 288 6 7
102 816 59 14
102 820 31 12
102 947 28 1
102 976 29 1
103 185 30 5
103 318 13 1
103 373 11 1
103 403 18 10
103 549 17 12
103 780 26 14
103 1224 33 10
103 1242 26 14
104 302 60 14
104 583 28 4
104 747 51 9
104 1358 31 15
105 167 32 13
105 199 46 10
105 229 12 8
105 636 4 8
105 807 20 8
105 1004 12 3
105 1107 11 11
105 1437 2 6
106 304 35 7
106 576 10 5
106 913 22 3
106 1402 20 14
106 1430 9 11
107 195 22 12
107 227 2 5
107 637 25 9
107 675 29 6
107 722 47 5
107 863 26 12
107 931 14 9
107 1230 36 13
107 1399 33 12
108 240 4 9
108 437 45 10
108 820 43 2
108 1208 28 4
108 1229 6 12
108 1245 12 2
109 298 60 12
109 622 35 5
109 635 46 2
109 731 2 11
109 735 36 3
109 932 37 15
109 1278 25 12
110 399 11 6
110 655 3 4
110 664 47 12
110 684 25 6
110 733 6 14
111 156 21 12
111 252 43 8
111 1305 12 5
112 714 49 2
113 119 39 6
113 220 4 8
113 340 59 11
113 682 53 4
113 1053 14 1
113 1246 15 1
113 1262 36 8
113 1291 46 8
114 190 20 15
114 517 30 4
114 546 15 3
114 980 36 8
115 215 5 12
115 294 5 12
115 385 36 15
115 849 57 11
116 755 28 11
116 1368 5 15
117 522 51 13
117 856 2 1
117 1087 16 1
118 424 9 6
118 462 14 14
118 1245 60 10
118 1288 60 5
118 1298 44 8
119 482 34 8
119 608 39 3
119 1255 22 2
119 1400 22 7
120 159 3 13
120 192 32 12
120 1010 9 7
120 1012 39 1
120 1221 17 7
120 1264 58 8
121 294 25 9
121 848 60 2
122 320 42 2
122 1182 37 3
123 237 56 12
123 962 31 6
123 1003 44 7
123 1254 9 5
123 1346 1 4
124 316 13 8
124 712 38 11
124 797 24 11
124 890 7 10
124 996 5 3
125 585 54 13
125 875 10 5
125 1061 47 15
126 147 19 15
126 366 35 12
126 371 25 12
126 619 36 3
126 1285 57 15
126 1288 7 12
127 313 10 10
127 714 36 3
127 1301 13 7
128 246 34 8
128 687 18 5
128 719 24 3
128 1056 2 2
128 1060 55 9
128 1321 29 5
128 1425 19 5
129 294 19 13
129 325 27 3
129 349 29 6
129 831 12 5
129 859 1 4
129 1211 54 4
129 1224 42 13
129 1306 35 8
130 312 23 8
130 570 3 5
130 940 21 2
130 1109 10 3
131 421 26 8
131 486 28 15
131 605 57 8
131 1041 49 7
132 396 45 14
132 505 7 2
132 549 34 10
132 623 18 13
132 814 8 7
132 1378 44 5
133 332 19 5
133 354 14 15
133 662 50 1
133 888 33 1
133 1230 32 1
133 1328 49 12
133 1416 27 1
134 317 48 1
134 571 25 10
134 790 32 14
134 943 50 3
134 1115 1 1
134 1127 9 2
134 1408 6 7
135 210 41 9
135 678 17 13
135 767 54 13
135 902 34 10
135 1120 49 7
136 141 8 7
136 448 8 7
136 644 30 6
136 893 29 4
136 1121 56 12
136 1211 57 9
137 173 39 11
137 353 60 12
137 619 11 9
137 1068 37 12
138 198 34 1
138 518 1 15
138 844 49 12
138 892 60 13
138 1130 25 11
138 1292 10 7
138 1315 42 6
138 1335 47 5
139 140 45 2
139 754 37 15
139 794 24 14
139 1016 35 11
139 1254 4 3
140 335 42 15
140 409 10 9
140 468 14 10
140 685 35 9
140 1001 36 11
141 158 36 2
141 177 15 1
141 208 41 12
141 703 26 9
141 859 58 2
141 1160 2 8
141 1314 44 14
141 1325 51 13
141 1380 15 11
142 701 42 1
142 1148 12 9
143 487 52 7
143 783 16 8
143 801 7 4
143 1082 37 14
143 1308 13 3
143 1314 30 12
144 204 32 13
144 210 13 7
144 834 43 13
144 896 28 3
144 1132 48 4
145 160 37 12
145 877 18 14
145 973 24 14
145 1043 49 12
145 1062 19 7
146 461 6 3
146 571 9 15
146 724 58 10
146 842 41 4
146 1161 57 9
146 1220 38 9
146 1240 3 7
146 1340 22 1
147 213 52 10
147 465 28 11
147 639 44 12
147 1264 57 2
147 1368 22 6
147 1418 58 2
147 1422 11 3
148 159 22 12
148 335 49 11
148 964 53 13
149 262 41 11
149 1402 4 15
150 159 11 11
150 702 11 14
150 733 56 13
150 1077 51 5
150 1171 51 14
151 233 20 10
151 375 24 1
151 482 50 7
151 675 40 2
151 683 16 12
151 888 7 11
151 902 50 1
151 1056 20 8
151 1221 35 10
151 1341 2 9
152 536 46 12
152 731 8 9
152 968 41 14
152 980 1 7
153 343 33 3
153 449 21 12
154 218 16 6
154 452 16 15
154 840 31 14
154 1000 4 6
154 1305 55 6
155 295 12 5
155 303 47 4
155 476 12 10
155 685 17 1
155 845 23 13
155 969 56 14
155 1033 58 1
155 1060 45 3
155 1169 57 9
155 1273 1 2
155 1342 11 15
156 371 60 12
156 695 4 5
156 740 60 1
156 791 14 5
156 1167 54 10
157 610 49 7
157 1030 29 1
157 1231 9 3
158 159 37 12
158 204 3 2
158 662 3 10
158 712 40 14
158 1079 19 12
158 1169 13 14
158 1384 59 7
159 347 20 1
159 701 50 2
159 722 2 8
159 914 4 6
159 1214 51 1
159 1352 26 13
159 1397 56 1
160 168 41 5
160 448 42 6
160 469 6 11
160 496 23 14
160 564 43 12
160 611 28 3
160 1101 18 6
160 1235 8 12
160 1276 46 13
161 243 43 6
161 538 48 10
161 546 42 3
162 164 54 8
162 749 14 15
162 1219 53 6
162 1374 41 10
163 423 24 15
163 623 20 14
163 668 25 6
163 678 49 7
163 850 31 11
163 950 48 4
163 1284 18 11
164 774 31 7
164 1159 58 4
164 1232 7 13
165 329 28 12
165 718 27 2
165 1007 25 7
165 1137 30 14
165 1326 11 5
166 220 16 11
166 960 33 13
167 649 18 12
167 1020 19 2
167 1039 50 13
168 185 14 6
168 205 37 13
168 511 22 8
168 1139 59 11
168 1305 30 4
168 1389 25 11
169 846 24 10
169 1016 23 3
169 1156 1 14
169 1274 38 10
170 552 47 7
170 784 58 9
170 1104 54 13
170 1125 36 14
170 1374 40 7
171 197 48 8
171 822 40 2
171 857 36 11
171 1114 1 2
172 198 51 10
172 211 22 9
172 219 34 10
172 220 12 14
172 1077 6 11
172 1299 45 13
173 361 54 1
173 705 23 8
173 925 47 11
173 1059 3 12
173 1369 32 5
174 259 31 11
174 849 31 12
174 1082 44 1
174 1344 27 1
174 1376 55 3
175 822 17 13
175 850 2 4
175 961 2 10
175 1026 19 10
175 1148 20 1
176 577 1 6
176 860 9 15
176 882 10 8
176 885 58 14
176 1101 41 9
177 189 21 3
177 268 9 13
177 732 22 5
177 961 26 9
177 1383 21 11
178 969 25 4
178 989 45 15
178 1116 36 10
178 1119 40 13
178 1197 21 3
178 1250 50 2
179 416 16 14
179 669 29 4
179 792 43 14
179 1070 8 9
180 226 24 13
180 706 15 6
180 727 3 8
180 747 41 2
180 978 31 3
180 1222 14 2
181 269 29 14
181 584 9 9
181 896 22 5
181 1029 29 7
181 1370 14 2
182 661 14 13
182 675 8 12
182 688 6 12
182 791 29 6
182 828 14 13
182 978 53 12
182 1039 30 5
182 1063 15 14
182 1147 4 15
182 1226 15 12
182 1421 57 13
183 558 7 8
183 704 38 3
183 769 4 11
184 339 19 7
184 1216 20 9
184 1283 3 2
184 1333 21 13
185 371 35 2
185 394 54 4
185 974 58 6
185 1265 7 12
185 1278 4 7
185 1287 50 9
185 1325 53 9
186 227 12 6
186 477 21 14
186 707 31 8
186 802 16 6
186 840 31 9
186 1154 11 15
186 1307 36 9
187 283 34 2
187 303 9 1
187 423 23 10
187 1041 3 8
187 1110 35 3
187 1164 30 13
187 1265 55 9
187 1382 44 2
187 1401 2 4
188 626 26 4
188 820 5 8
188 871 41 10
188 1108 43 15
188 1118 7 10
188 1173 41 6
188 1351 11 15
188 1393 51 6
189 471 36 13
189 680 10 8
189 1081 41 14
189 1256 48 9
189 1417 54 8
190 307 36 12
190 408 35 13
190 1108 30 2
191 240 5 9
191 640 46 15
191 784 34 9
191 918 9 12
191 969 39 12
191 1055 22 7
191 1174 33 10
191 1308 51 3
192 504 51 4
192 533 23 9
192 609 47 2
193 220 51 14
193 311 35 8
193 586 13 5
193 724 32 14
193 785 2 2
193 860 52 1
193 896 9 12
193 920 10 4
193 949 35 4
193 1304 6 11
193 1335 46 6
194 304 10 12
194 703 28 13
194 867 34 8
195 400 19 11
195 441 54 3
195 454 26 9
195 1159 9 12
196 258 37 11
196 930 50 13
196 1040 35 2
196 1143 10 15
196 1348 45 9
197 537 39 4
197 636 13 10
197 671 32 12
197 709 44 3
198 675 58 9
198 690 57 2
198 767 20 12
198 916 25 3
198 1054 4 13
198 1124 56 3
198 1419 36 4
199 294 57 13
199 296 53 11
199 391 12 10
199 600 29 1
199 727 50 6
199 750 45 3
199 800 7 5
200 205 17 6
200 316 4 9
200 489 59 12
200 744 8 13
200 1191 46 14
201 224 1 8
202 355 29 15
202 377 49 3
202 598 7 14
202 1128 11 8
202 1277 25 3
203 679 41 6
203 1262 19 7
204 315 36 1
204 400 43 5
204 705 37 10
204 1362 1 10
205 393 60 9
205 575 58 14
205 872 8 14
205 1204 60 14
206 666 35 1
206 807 60 15
206 892 13 15
206 1006 41 3
206 1131 12 2
206 1289 6 11
207 590 57 3
207 1397 26 14
208 243 42 14
208 478 13 11
208 483 29 14
208 498 36 13
208 868 46 6
208 1162 55 11
208 1286 47 6
208 1332 55 7
209 213 60 4
209 661 27 6
209 755 56 9
209 1151 60 9
209 1248 43 13
210 298 22 7
210 591 11 13
210 650 25 5
210 1177 50 2
210 1335 11 2
211 256 18 1
211 1099 43 1
212 506 25 2
212 615 35 14
212 846 30 15
212 908 8 6
212 993 21 8
212 1184 2 9
212 1243 45 8
213 541 43 1
213 869 45 14
213 943 41 8
213 969 5 6
213 1195 39 9
214 407 7 2
214 573 40 11
214 948 13 8
214 1046 28 8
214 1280 22 2
215 310 4 14
215 802 7 2
215 827 34 7
215 891 59 14
215 1342 10 14
216 388 49 12
216 690 14 1
216 1236 17 9
216 1377 58 12
217 373 46 15
217 1145 30 11
218 318 36 9
218 642 46 4
219 1044 29 10
219 1305 37 7
220 946 57 15
221 632 29 3
221 838 46 12
221 1041 45 5
221 1046 57 1
221 1126 17 4
221 1351 31 9
221 1422 7 14
222 380 47 10
222 501 34 12
222 802 37 1
222 903 59 3
222 967 20 13
222 1096 28 12
222 1310 1 3
222 1393 39 11
223 241 26 8
223 736 30 9
223 756 37 4
223 1260 10 11
223 1382 46 13
224 662 18 6
224 759 21 4
224 1029 41 4
224 1234 53 6
225 253 13 2
225 629 21 14
225 676 51 1
225 907 19 3
225 1236 53 12
225 1315 43 5
225 1352 13 8
226 489 13 9
226 677 21 6
226 766 26 15
227 305 15 10
227 770 21 5
227 924 27 7
228 397 24 5
228 691 39 2
228 808 8 6
228 1285 13 14
229 322 24 8
229 434 13 15
229 499 7 10
229 960 48 1
229 1356 58 7
230 549 31 5
230 557 7 8
230 689 49 12
230 784 1 10
230 909 57 11
230 1071 23 4
231 483 23 11
231 744 19 9
231 749 1 7
231 762 12 1
231 942 4 8
231 1228 4 11
231 1248 17 10
231 1283 53 7
231 1407 31 15
232 745 22 7
232 787 4 6
232 1247 20 15
233 505 24 4
233 534 10 11
233 665 37 11
233 876 17 1
233 1001 4 2
233 1047 28 7
233 1304 19 14
234 238 52 6
234 340 41 3
234 385 37 12
234 679 15 12
234 717 59 8
234 732 31 1
234 971 5 13
234 1196 12 14
234 1291 52 9
234 1304 53 1
234 1371 39 7
235 666 20 6
235 1099 15 8
235 1132 30 9
235 1226 15 4
236 349 22 13
236 811 11 8
236 1094 12 10
236 1299 17 11
236 1307 4 8
237 669 46 6
237 1121 17 15
237 1245 18 7
238 617 43 10
238 764 53 11
238 1210 8 6
238 1303 42 6
239 627 32 6
239 774 24 5
239 891 38 8
239 1083 18 4
239 1413 39 6
240 722 9 11
240 789 16 9
240 955 47 12
240 990 16 10
240 1000 15 8
240 1011 54 15
240 1115 46 10
241 517 2 12
241 531 15 7
241 629 56 12
241 990 26 7
241 1184 48 3
241 1330 12 7
241 1357 9 10
241 1421 18 5
242 470 24 2
242 528 59 11
242 583 52 9
242 1088 40 9
242 1124 52 1
242 1205 13 5
243 338 18 13
243 492 26 9
243 673 23 7
243 860 47 13
243 1328 59 4
243 1345 7 1
243 1413 15 5
244 662 13 3
244 780 19 15
244 817 52 12
244 1020 18 1
244 1194 8 15
244 1325 19 9
245 278 48 12
245 293 3 5
245 322 12 3
245 512 48 10
245 650 34 10
245 816 20 11
245 836 56 14
245 956 12 9
246 263 3 14
246 386 2 14
246 413 8 5
246 531 35 10
246 785 8 1
246 839 55 12
246 886 32 10
246 1260 16 2
246 1273 11 9
247 255 3 4
247 288 19 7
247 295 48 5
247 390 57 1
247 524 47 15
247 532 2 6
247 846 52 13
247 859 24 13
247 865 34 12
247 948 14 12
247 1250 55 5
248 328 15 2
248 1135 46 12
248 1317 47 10
249 355 44 15
249 482 33 15
249 924 41 15
249 963 13 13
249 980 54 15
249 1032 58 1
249 1128 55 8
249 1181 50 14
249 1428 28 7
250 272 20 6
250 485 51 6
250 533 28 1
250 738 17 14
251 911 23 14
251 938 46 5
251 1071 23 9
251 1240 45 4
252 475 15 9
252 540 11 9
252 738 33 8
252 740 19 14
252 769 49 5
252 959 34 3
252 1005 32 15
252 1362 4 13
253 691 23 8
253 802 33 11
254 488 29 8
254 631 34 13
254 644 39 14
254 747 57 7
254 917 18 3
254 1266 50 4
254 1389 46 7
255 617 6 1
255 862 4 7
256 322 4 2
256 370 3 11
256 698 37 12
256 720 21 9
256 797 8 12
256 825 54 2
256 858 24 10
256 1135 12 7
257 405 33 11
257 628 8 4
257 664 48 10
257 881 25 8
257 965 27 10
257 990 42 10
257 1112 34 11
257 1169 31 8
258 387 57 2
258 889 48 13
258 983 31 6
258 1072 12 6
258 1118 58 4
258 1412 33 5
259 357 6 7
259 782 34 3
259 963 12 13
259 1367 19 13
259 1405 33 5
260 564 18 2
260 905 35 11
260 1048 4 8
260 1056 26 9
260 1092 42 4
260 1180 46 7
260 1263 49 10
260 1273 21 13
260 1431 3 8
260 1436 6 9
261 411 18 9
261 923 20 6
261 963 54 13
261 1048 46 9
262 890 10 11
262 1032 46 8
262 1068 19 6
263 409 26 8
263 415 53 8
263 659 18 3
263 1343 54 1
263 1350 3 4
264 336 58 10
264 702 3 14
264 724 28 8
264 814 53 6
264 1284 27 11
265 293 58 1
265 326 44 2
265 803 20 7
265 985 19 5
265 1056 6 15
266 328 41 14
266 330 32 14
266 449 49 3
266 513 33 9
266 535 14 1
266 539 33 7
266 657 43 12
266 768 18 11
266 944 22 9
266 1114 24 5
266 1322 34 9
266 1406 58 13
267 481 59 3
267 534 48 15
267 627 60 10
267 687 39 13
267 880 7 14
267 1201 47 2
267 1218 25 3
267 1284 12 12
267 1390 56 9
268 627 43 2
268 716 58 13
268 836 15 4
268 1010 11 2
268 1083 58 1
268 1124 40 13
268 1167 36 7
269 718 43 8
269 738 25 8
269 757 38 13
269 797 47 12
269 892 37 13
269 1089 47 2
269 1104 14 1
269 1412 46 13
270 691 28 15
270 792 10 5
270 1298 10 12
270 1325 44 15
271 272 57 10
271 286 58 1
271 495 33 11
271 526 56 9
271 685 43 6
271 712 18 14
271 874 37 4
272 437 59 7
272 600 3 2
272 1245 13 3
272 1297 17 1
273 281 8 15
273 346 22 13
273 670 35 14
274 552 27 13
274 692 36 1
274 693 20 7
275 430 25 5
275 467 34 13
275 732 28 10
275 1101 50 3
276 441 46 13
276 672 17 15
276 707 8 5
276 723 23 5
276 874 22 8
276 922 33 4
276 1021 35 2
276 1066 55 8
276 1220 15 2
277 1161 21 10
277 1186 43 1
277 1379 27 11
277 1429 11 12
278 529 51 4
278 629 15 3
278 654 22 11
278 745 2 3
278 955 20 14
278 974 36 1
278 1343 11 2
279 944 3 14
279 1011 38 3
279 1383 41 9
280 346 57 11
280 476 48 6
280 483 35 10
280 525 49 13
280 1351 58 8
281 567 32 4
281 1314 8 14
282 411 56 8
282 824 44 12
282 1075 36 12
282 1250 53 5
282 1412 17 15
282 1424 32 6
284 389 46 11
284 524 7 2
284 608 32 2
284 736 45 4
284 795 30 5
284 884 52 8
284 1102 8 7
284 1271 5 6
284 1279 28 1
285 560 15 1
285 574 33 9
285 613 22 1
285 622 23 8
285 675 32 4
285 875 13 6
285 1074 4 8
285 1116 16 12
285 1236 55 2
286 736 25 12
286 806 51 10
286 997 60 6
286 1030 48 12
286 1285 7 5
286 1323 21 8
287 833 25 5
287 1006 58 8
287 1072 58 8
287 1413 42 13
288 305 24 1
288 492 31 5
288 614 49 3
288 1144 45 5
288 1326 32 10
289 391 56 12
289 1210 35 14
289 1297 31 15
289 1372 29 2
290 347 11 2
290 349 54 4
290 415 45 11
290 439 22 15
290 559 30 4
290 992 31 5
290 1174 17 2
290 1428 40 1
291 416 38 7
291 662 36 6
291 1431 14 1
292 370 51 2
292 529 32 9
292 967 42 6
292 1053 22 3
292 1179 25 9
292 1199 50 11
293 529 50 8
293 676 19 9
293 722 30 7
293 1101 51 10
293 1172 37 14
293 1178 5 2
293 1234 8 2
293 1235 1 11
293 1358 2 7
294 714 57 12
294 1382 45 10
295 521 26 8
295 643 32 12
295 673 47 6
295 916 5 2
295 1142 35 6
295 1379 20 12
296 408 39 15
296 425 40 15
296 504 23 15
296 550 5 4
296 615 42 12
296 673 55 11
296 807 57 5
296 828 26 11
296 1330 8 13
296 1405 41 10
296 1421 2 1
297 826 54 13
297 842 32 4
297 863 7 9
297 1325 32 11
298 642 57 13
298 794 6 9
298 1155 24 15
299 321 37 1
299 365 28 10
299 463 34 12
299 938 37 8
299 970 52 13
299 1007 47 4
299 1095 57 1
300 828 23 8
300 900 12 5
300 1054 53 13
300 1280 13 11
301 882 23 5
301 995 25 8
301 1430 6 14
302 562 8 13
302 581 22 3
302 749 32 6
302 1212 51 2
303 339 40 13
304 609 34 2
304 658 32 14
304 1246 10 9
305 617 46 14
305 682 19 5
305 697 42 3
305 734 26 1
305 779 55 10
305 1081 55 15
305 1181 42 11
305 1315 31 3
306 376 23 6
306 452 47 1
306 550 32 1
306 870 14 12
306 878 20 2
307 330 19 2
307 462 59 7
307 843 27 10
307 870 8 5
307 1197 22 11
308 724 32 13
308 727 49 11
308 1132 57 13
309 621 3 5
309 888 54 8
309 1384 5 11
310 700 18 11
310 852 31 4
310 855 54 8
310 1133 6 11
310 1348 60 7
311 646 26 7
311 823 1 6
311 1102 49 9
311 1230 44 2
312 407 52 13
312 579 26 10
312 583 59 4
312 621 51 6
312 919 48 4
312 1042 37 11
312 1306 58 14
313 1287 12 7
314 649 17 9
314 668 24 10
314 722 17 12
314 1334 37 14
315 597 27 12
315 887 21 7
315 1305 11 15
315 1358 23 11
315 1376 20 14
315 1413 3 7
316 380 44 12
316 854 48 1
316 1072 35 13
316 1129 43 3
316 1205 24 12
317 364 37 6
317 563 34 9
317 618 35 14
317 1041 56 1
317 1262 32 3
318 351 58 13
318 429 20 9
318 689 35 12
318 940 43 4
318 1107 48 14
318 1204 10 1
318 1401 50 9
319 431 7 10
319 703 40 6
319 726 21 11
319 952 56 1
319 953 39 10
319 1148 21 15
319 1276 12 11
319 1331 48 13
320 763 16 15
320 916 22 4
320 948 43 2
320 969 57 5
320 974 16 10
320 1245 53 4
321 840 33 14
321 1433 4 5
322 343 44 15
322 406 26 8
322 488 1 9
322 954 8 7
322 1329 33 11
322 1349 46 7
323 392 57 4
323 474 50 9
323 505 13 10
323 711 22 3
323 747 24 2
323 758 30 6
324 489 51 15
324 758 8 13
324 1103 12 6
324 1154 19 14
324 1266 40 3
325 342 49 14
325 719 15 3
325 878 21 1
325 923 33 14
325 1091 18 10
325 1184 25 10
326 663 40 13
326 997 11 10
326 1135 26 7
327 453 21 10
327 550 50 9
327 593 9 5
327 677 30 4
327 928 17 9
327 981 6 9
327 1376 24 3
328 508 53 4
328 1277 40 15
329 373 1 14
329 594 36 4
329 706 19 8
329 765 8 9
330 491 22 14
330 676 60 2
330 844 36 4
330 1375 41 5
331 352 56 13
331 445 40 4
331 844 51 4
331 965 52 12
331 1100 29 1
331 1197 23 12
331 1220 56 9
332 556 46 8
332 1304 9 1
332 1424 45 15
333 739 39 10
333 997 43 12
333 1143 5 1
333 1324 54 13
334 436 6 7
334 947 46 2
335 512 21 3
335 599 24 5
335 1026 11 11
335 1182 51 14
335 1253 16 1
336 392 1 14
336 536 48 2
336 587 41 1
336 712 14 11
336 872 23 6
336 939 13 4
336 1055 48 4
336 1205 33 9
336 1392 10 9
337 681 12 2
337 701 20 8
337 1243 54 2
338 376 42 7
338 992 60 2
338 1302 30 15
338 1332 50 6
339 408 14 6
339 439 45 14
339 832 50 4
339 944 40 13
339 1245 46 12
340 469 27 10
340 576 1 7
340 842 42 10
340 857 30 13
341 907 16 10
341 1062 52 1
341 1388 27 7
342 852 51 3
342 956 53 3
342 1434 38 9
343 417 1 6
343 551 11 7
343 899 17 9
343 1032 12 3
343 1297 1 15
344 1026 23 8
344 1146 59 15
344 1228 53 13
345 357 28 1
345 437 8 11
345 1367 26 7
345 1396 19 5
346 814 10 15
346 907 47 10
346 909 5 5
346 1043 25 4
346 1258 44 15
346 1307 46 11
346 1431 20 12
347 409 42 9
347 412 28 10
347 421 19 13
347 423 5 8
347 839 9 8
347 1059 32 11
347 1324 59 15
348 475 24 7
348 616 55 3
348 768 52 1
348 861 48 3
348 1042 2 14
348 1101 51 1
348 1376 47 4
350 448 22 10
350 596 6 8
350 770 2 14
350 912 55 3
350 1032 33 13
350 1304 30 11
351 647 7 4
351 980 24 13
351 1128 23 2
351 1232 60 6
352 357 44 5
352 383 9 12
352 431 37 9
352 490 28 3
352 521 32 2
352 637 34 3
352 895 39 9
352 1000 4 14
352 1063 4 4
352 1187 53 1
352 1195 12 9
353 672 16 13
353 1155 56 2
353 1272 28 8
353 1419 44 8
354 694 31 14
354 865 38 6
354 868 22 14
355 757 11 5
355 898 38 9
355 906 28 9
355 991 11 9
355 1352 36 12
355 1406 21 5
356 609 6 3
356 681 42 9
356 998 27 14
356 1199 54 11
356 1263 59 7
356 1299 13 2
356 1312 15 13
356 1424 8 2
357 500 48 5
357 607 8 14
357 933 33 14
357 1134 52 10
357 1240 42 6
357 1334 7 9
357 1343 37 13
358 417 35 3
358 456 16 14
358 479 49 9
358 622 35 15
358 786 13 10
358 857 54 9
358 872 38 10
358 964 30 8
358 999 27 1
358 1066 36 2
358 1423 41 8
359 918 18 6
359 1005 23 9
360 436 27 5
360 659 41 1
360 789 16 15
360 1374 57 10
360 1393 50 9
361 1415 30 8
362 432 57 1
362 1072 48 11
363 736 19 7
363 809 15 10
363 967 13 1
363 1237 45 6
364 427 6 14
364 545 7 13
365 372 18 9
365 402 1 13
365 419 28 8
365 649 55 9
365 1025 55 9
365 1129 30 14
366 438 11 11
366 985 58 7
366 1182 57 3
366 1325 40 8
366 1329 53 10
367 405 44 4
367 552 28 9
367 689 24 14
367 831 50 7
367 1326 32 15
367 1372 34 10
368 457 44 7
368 756 37 14
368 1004 38 4
368 1092 38 15
369 457 34 1
369 658 32 15
369 1084 53 6
369 1274 8 14
370 420 28 7
370 717 50 10
370 1296 50 13
371 534 49 13
371 755 11 4
371 901 24 8
371 1184 53 14
372 554 27 9
372 726 50 4
372 760 37 7
372 921 57 1
372 1058 36 10
372 1107 10 7
373 389 41 6
373 659 8 10
373 684 9 8
373 804 10 2
373 1431 58 13
374 454 43 14
374 474 10 12
374 520 48 1
374 546 1 9
374 688 30 6
374 756 8 2
374 811 36 15
374 1082 23 6
374 1329 49 3
375 508 33 14
375 870 46 6
375 926 50 13
375 978 41 15
375 1018 10 11
375 1069 60 11
375 1078 44 13
375 1157 46 3
376 460 31 8
376 732 31 4
376 840 40 6
376 1289 13 4
376 1393 18 10
377 540 35 2
377 591 29 13
377 616 22 15
377 725 50 11
377 813 52 5
377 829 38 1
377 1305 60 10
377 1390 12 15
378 596 12 2
378 649 55 1
378 756 13 14
378 767 50 8
378 1174 48 13
378 1417 30 8
379 650 26 5
379 774 26 10
379 960 39 4
379 974 9 9
379 1139 55 13
380 573 14 3
380 760 20 13
380 762 45 13
380 806 33 2
380 878 54 4
380 1264 58 12
380 1415 58 3
381 464 15 10
381 489 23 13
381 631 22 8
381 637 53 2
382 386 22 5
382 996 39 1
383 448 51 14
383 647 17 1
383 749 53 3
383 1066 36 10
383 1390 21 12
384 515 38 15
384 1242 3 13
385 598 3 15
385 896 37 11
386 744 19 7
386 1226 37 9
386 1316 33 6
387 645 49 10
387 771 41 15
387 895 32 2
387 982 43 10
387 1059 12 3
387 1365 27 2
387 1430 22 8
388 546 51 4
388 760 38 15
388 781 40 13
388 1059 17 5
388 1362 32 4
389 509 22 12
390 447 13 6
390 1022 8 10
390 1062 45 6
390 1285 43 10
390 1405 7 2
391 960 40 3
391 1042 59 9
392 615 21 11
392 821 44 8
392 849 54 5
392 910 28 3
392 939 24 14
392 1151 34 11
393 1436 58 14
394 782 47 9
394 1304 32 1
394 1425 22 2
395 463 27 10
395 506 4 13
395 785 29 15
395 1061 36 2
395 1164 55 11
395 1292 23 8
396 651 46 4
397 770 55 6
397 881 55 15
397 1087 40 7
397 1239 45 11
397 1276 52 4
397 1368 43 3
398 897 25 2
398 1043 10 14
398 1228 22 6
399 778 43 1
399 1426 28 8
400 573 14 5
400 642 25 7
400 759 51 11
400 834 57 4
400 961 48 7
400 1105 48 11
400 1258 34 5
400 1284 41 10
400 1316 42 9
401 622 20 14
401 905 50 14
401 1178 8 9
401 1249 32 6
402 413 4 8
402 472 5 9
402 643 14 3
402 874 37 14
402 967 30 1
402 1226 39 5
403 610 58 2
403 822 49 7
403 1129 14 4
403 1257 32 9
404 950 34 9
404 1051 55 14
404 1317 16 5
405 931 60 12
406 531 29 11
406 707 45 14
406 713 17 13
406 892 16 6
406 932 26 12
406 959 14 9
406 1051 54 7
406 1121 14 15
406 1232 58 11
407 660 58 2
407 744 8 4
407 886 13 10
407 897 41 7
407 987 57 2
408 472 6 7
409 797 13 5
409 1226 20 5
409 1420 3 12
410 758 46 2
411 456 52 14
411 550 10 6
411 656 39 7
411 757 21 10
411 1201 36 14
412 725 39 12
412 1113 35 8
412 1306 56 10
413 437 46 1
413 1031 4 5
413 1066 25 3
414 714 36 9
414 785 40 2
414 897 49 9
414 1363 3 15
415 512 8 2
415 662 38 1
415 748 18 4
415 812 42 11
415 1083 41 4
415 1211 38 6
416 1257 32 7
416 1276 29 12
416 1324 43 1
416 1369 32 9
417 703 9 1
417 746 14 7
417 872 2 12
417 953 43 9
417 1072 13 4
417 1092 2 6
418 552 19 5
418 936 53 3
418 1036 51 9
419 598 55 1
419 613 12 10
419 1092 52 1
419 1236 57 8
421 493 10 14
421 534 15 7
421 606 28 1
421 1334 31 11
422 740 56 9
422 1345 59 14
423 646 31 15
423 1061 9 6
423 1363 50 8
423 1395 24 5
425 574 59 1
425 697 51 9
425 1078 27 14
425 1086 16 3
425 1428 30 9
426 1052 28 6
426 1291 16 9
426 1297 7 9
427 502 29 8
428 639 51 10
428 746 16 12
428 877 48 5
428 1025 26 11
428 1385 17 14
428 1421 16 1
428 1425 59 4
429 769 20 11
429 816 38 14
429 1060 11 7
429 1063 49 1
429 1140 33 1
430 561 49 1
430 682 19 12
430 907 16 9
430 968 56 2
430 1005 49 15
430 1189 23 5
430 1207 60 10
430 1226 55 14
430 1301 33 11
430 1439 27 5
431 489 25 2
431 695 54 10
431 840 42 6
431 982 31 13
432 867 42 15
432 972 3 2
432 1276 49 1
433 923 37 7
433 994 36 8
433 1052 36 3
433 1244 25 15
434 457 13 5
435 471 11 2
435 491 57 4
435 824 7 15
435 895 43 13
435 1076 15 12
436 472 8 4
436 808 52 4
436 898 11 2
436 1357 36 6
436 1390 18 7
437 511 30 2
437 750 42 10
437 772 11 1
437 802 57 3
437 954 20 10
437 1186 16 2
437 1280 3 2
438 511 12 11
438 822 24 12
439 493 4 7
439 731 49 11
439 850 52 13
439 984 4 9
440 598 1 4
440 934 46 5
440 985 37 6
440 1105 54 4
440 1270 51 10
441 470 42 2
441 906 28 12
441 985 3 13
441 1089 41 11
441 1240 25 6
441 1321 16 6
442 534 12 6
442 951 3 1
442 996 48 8
442 1059 23 8
442 1382 27 1
443 495 35 14
444 1001 23 8
444 1147 34 15
444 1275 52 15
445 459 10 8
445 684 21 9
445 687 14 13
445 881 27 15
445 990 2 5
446 966 5 10
446 970 9 7
446 1034 56 12
446 1200 10 1
446 1308 43 5
446 1439 49 6
447 1224 53 1
447 1273 60 14
447 1361 13 5
448 533 59 15
448 559 37 2
448 1057 7 1
448 1105 56 8
448 1212 5 13
448 1271 3 7
449 1269 7 9
449 1279 57 9
450 531 1 15
450 535 17 11
450 538 31 14
450 1357 34 2
451 639 35 3
451 843 57 5
451 1101 25 8
452 675 7 7
452 822 24 3
452 1175 36 9
453 926 23 13
453 1255 28 2
453 1411 3 14
454 779 43 15
454 1324 41 11
454 1411 4 12
455 509 50 12
455 827 36 3
455 854 31 12
455 1077 22 10
455 1191 31 1
455 1196 43 15
456 611 30 3
456 825 40 2
456 1035 47 2
456 1070 33 12
456 1120 24 3
456 1324 2 8
457 976 26 1
457 1022 33 1
457 1182 27 11
457 1193 55 15
457 1296 24 3
458 685 42 15
458 713 34 11
458 1431 51 11
459 487 15 11
459 626 60 14
459 1306 38 9
460 924 58 7
461 608 58 3
461 726 8 7
461 812 4 10
461 1364 39 9
462 676 38 3
462 827 40 6
462 1185 49 9
462 1270 28 15
462 1308 7 15
462 1401 12 15
463 567 54 2
463 839 32 6
463 1185 43 8
463 1256 56 5
464 959 22 10
464 1047 57 12
464 1100 41 11
464 1155 33 3
465 670 35 6
465 793 40 9
465 850 36 4
465 1117 9 8
465 1234 18 13
466 516 3 15
466 819 10 11
466 1127 22 9
466 1229 43 7
466 1414 25 14
467 531 5 13
467 765 36 8
467 1245 20 2
467 1386 45 10
468 626 50 1
468 640 54 7
468 657 1 10
468 731 24 3
468 767 59 13
468 980 3 14
468 996 22 8
468 1047 46 10
468 1220 59 11
468 1416 35 9
470 745 58 4
470 823 37 8
470 1289 41 14
471 671 30 4
471 1058 46 4
471 1079 14 10
471 1262 36 6
471 1307 15 5
472 736 16 6
472 744 18 1
472 1096 60 2
472 1384 47 12
472 1399 18 10
473 481 12 2
474 585 38 4
474 628 14 10
474 653 17 5
474 915 27 11
474 1184 42 7
475 564 58 5
475 1095 4 13
475 1110 2 3
475 1281 51 5
475 1353 52 6
476 965 43 2
476 1374 9 12
477 588 38 3
478 547 34 5
478 787 58 8
478 1250 33 1
479 540 5 9
479 933 42 14
479 1240 53 14
479 1376 37 8
479 1377 28 15
480 645 19 8
480 1271 3 6
480 1300 18 14
481 1274 27 11
482 778 39 11
482 878 38 2
482 995 16 12
482 1013 40 5
482 1064 21 14
482 1226 59 3
482 1235 2 8
482 1242 2 3
482 1294 29 4
483 603 57 13
483 948 41 6
483 1167 6 14
483 1239 38 4
484 643 26 6
484 673 21 6
485 621 42 5
485 964 35 14
485 1320 42 9
486 789 16 11
486 822 48 5
486 1009 49 5
486 1034 18 2
486 1050 31 9
486 1221 31 10
487 663 8 10
487 676 56 5
487 763 45 1
487 1034 11 8
487 1216 13 1
487 1337 12 10
487 1393 10 13
488 521 51 9
488 643 18 12
488 960 14 4
488 1172 4 12
488 1288 2 13
488 1322 20 11
488 1403 10 1
488 1411 20 10
489 712 7 15
489 1275 20 11
489 1343 28 12
490 611 26 9
490 1085 51 9
490 1317 40 4
491 636 42 9
491 685 60 3
491 777 27 8
491 808 38 11
491 932 23 3
491 1017 14 4
491 1303 59 8
491 1343 23 11
492 764 44 5
492 943 47 7
492 1224 45 6
493 588 12 5
493 817 40 3
493 1054 53 7
493 1195 30 9
493 1307 8 3
494 651 48 5
494 824 4 1
494 910 10 14
494 932 8 10
494 1231 60 15
495 502 34 5
495 577 1 6
495 1262 60 2
497 549 58 1
497 619 39 2
497 810 59 13
497 1145 33 5
497 1366 56 13
498 543 12 10
498 863 23 3
498 1014 46 15
498 1302 8 12
499 609 29 5
499 677 32 6
499 1188 6 4
499 1428 7 9
500 809 7 4
500 810 49 6
500 1181 58 15
500 1300 59 13
500 1350 25 14
501 515 53 11
501 737 33 11
501 987 36 8
501 1112 33 4
502 549 2 12
502 609 59 14
502 623 4 2
502 787 59 14
502 1095 34 12
502 1123 39 1
502 1253 32 4
502 1379 21 4
502 1393 16 14
504 519 58 1
504 928 56 13
504 1376 22 12
505 536 8 8
505 558 26 6
505 633 51 11
505 727 20 14
505 1047 43 10
505 1417 15 14
506 566 36 11
506 723 9 2
506 884 13 11
506 1067 12 1
506 1102 52 9
506 1283 60 12
506 1308 57 8
507 834 35 6
507 1393 53 3
508 559 60 8
508 875 12 8
508 1054 6 14
509 772 18 1
509 1175 16 15
510 547 5 4
510 584 23 10
510 907 39 7
510 1083 20 2
510 1349 10 9
510 1361 59 13
510 1403 24 12
511 896 29 15
511 935 20 5
511 1025 31 6
511 1165 22 5
511 1254 39 2
512 813 23 5
512 867 21 2
512 887 22 3
512 1409 16 6
513 522 54 14
513 778 12 10
514 600 19 8
514 840 29 11
514 887 28 9
514 1256 47 2
514 1399 47 6
514 1401 49 14
515 517 17 4
515 705 39 5
515 839 46 1
515 1222 36 7
516 982 50 11
516 1222 19 3
517 593 45 8
517 681 50 11
517 1108 58 5
517 1258 18 3
517 1320 48 15
518 713 31 12
518 860 57 11
518 1017 8 5
518 1029 23 14
519 623 13 6
519 726 53 5
519 959 37 13
519 1113 29 15
519 1142 52 15
519 1245 18 3
520 522 59 5
520 697 56 15
520 723 2 2
521 685 7 4
521 1037 14 12
521 1108 44 3
522 1061 55 7
522 1248 52 2
523 584 39 4
523 641 31 14
523 800 59 12
523 1105 40 3
523 1220 56 3
524 645 18 12
524 787 47 15
524 844 52 15
525 681 4 2
525 726 9 9
525 939 52 11
525 1153 39 4
525 1183 42 12
525 1385 12 13
526 863 47 15
527 846 41 1
527 884 29 8
527 1053 14 14
527 1317 36 14
528 842 60 10
528 1097 41 15
528 1340 14 7
528 1437 12 2
529 692 8 8
529 924 14 14
529 942 28 7
529 1262 39 2
530 685 46 8
530 691 37 3
530 846 19 7
530 1065 43 7
531 1197 50 12
532 652 21 6
532 769 3 8
532 829 33 11
532 892 31 12
532 1156 37 2
533 749 10 9
533 860 32 7
533 1061 29 12
533 1225 58 8
533 1250 53 8
533 1259 39 7
534 795 20 7
535 819 11 3
536 917 55 6
536 1162 5 13
536 1230 24 15
537 877 29 3
537 914 36 6
537 1094 52 3
538 777 41 8
538 885 55 12
538 891 14 12
538 977 18 8
538 1344 45 15
538 1372 5 2
538 1381 57 5
539 582 30 9
540 655 4 1
540 1033 25 4
540 1158 51 9
540 1280 13 14
540 1414 7 13
541 580 10 2
541 842 38 10
541 1103 44 1
541 1126 40 14
542 586 12 6
542 592 19 5
542 669 20 1
542 1223 30 9
543 604 43 14
543 1084 2 3
543 1097 8 13
543 1421 34 12
543 1438 21 4
544 949 43 15
544 1017 29 10
544 1278 5 3
545 655 38 13
545 818 56 14
545 878 32 1
545 1151 2 8
545 1373 45 15
546 557 55 6
546 575 11 4
546 629 49 9
546 632 43 2
547 786 22 6
547 881 8 10
548 556 28 5
548 566 19 14
548 1243 48 6
548 1392 12 14
549 670 23 10
549 676 9 3
549 744 10 10
549 773 54 11
549 821 18 13
549 1063 17 11
549 1276 45 3
549 1293 39 3
550 687 58 7
550 1014 52 3
551 1354 11 4
552 609 17 6
552 738 58 14
552 1058 20 6
552 1191 18 4
554 658 54 10
554 844 11 6
554 1081 33 2
554 1103 44 10
554 1119 31 6
555 635 28 11
555 772 41 14
555 875 58 15
555 1217 56 11
555 1223 29 13
555 1346 34 3
556 681 26 10
556 806 17 15
556 845 41 7
556 1099 15 8
556 1198 1 2
557 672 8 12
557 846 20 10
557 981 35 4
557 1088 60 15
557 1252 7 12
558 605 8 3
558 805 15 3
558 923 43 8
558 947 44 15
558 953 12 11
558 1098 57 3
558 1149 33 8
559 696 26 8
559 887 9 2
559 917 41 13
559 1157 28 4
559 1167 18 11
559 1215 54 5
560 616 16 7
560 799 60 11
560 971 7 10
560 1137 56 5
560 1345 49 15
560 1406 34 10
561 741 5 2
561 1051 26 6
561 1153 26 13
561 1232 42 6
562 567 49 4
562 1421 60 12
563 575 9 15
563 884 2 2
563 903 39 5
563 1308 27 12
564 1118 41 2
564 1284 36 5
564 1358 24 8
564 1416 45 12
565 1126 59 10
566 933 9 7
566 1270 50 9
567 789 57 7
567 822 17 2
567 848 54 15
567 900 41 4
567 924 25 7
567 1333 10 14
568 675 37 5
568 1057 55 12
568 1222 15 7
569 829 9 12
569 1259 26 4
570 1342 2 1
571 641 16 7
571 717 12 14
571 768 58 1
571 876 20 5
572 655 6 8
572 852 43 13
572 1057 2 14
573 817 50 11
573 870 49 12
573 1295 17 4
573 1297 46 7
573 1337 57 11
573 1394 9 10
574 946 15 15
574 1021 45 3
575 818 49 4
575 1177 10 10
576 669 24 1
576 1097 37 9
576 1231 37 14
577 675 50 11
577 1189 29 9
577 1216 16 3
578 1050 38 10
578 1077 31 2
578 1093 7 8
578 1370 20 8
579 882 27 4
579 1196 24 1
579 1231 2 10
579 1420 45 6
580 768 19 8
580 789 53 5
580 798 52 1
580 1277 11 12
581 594 4 14
581 1079 8 4
581 1116 39 5
582 986 44 5
582 1022 2 1
582 1404 20 6
583 1256 39 5
583 1419 20 15
584 641 4 15
584 1100 19 6
584 1295 31 1
584 1398 15 1
585 718 2 1
585 989 55 15
585 1016 50 2
585 1223 42 11
585 1361 48 4
586 706 47 4
586 1044 25 14
586 1278 22 8
587 889 36 8
587 930 49 12
587 973 3 11
587 1280 22 10
588 675 16 14
588 708 60 1
588 732 19 9
588 1062 48 3
588 1088 13 4
589 730 18 8
589 731 47 5
589 772 1 3
589 1007 57 12
589 1339 24 12
589 1410 32 9
590 983 37 9
590 1250 10 11
590 1357 16 3
591 991 57 3
591 1027 55 5
591 1195 8 5
592 762 5 1
592 827 8 7
592 903 27 14
592 977 40 4
593 679 15 5
593 968 32 7
593 1051 15 14
593 1070 32 4
593 1154 40 5
593 1190 4 15
593 1252 13 5
593 1293 8 8
594 758 38 5
594 1227 37 13
595 1310 9 1
595 1426 24 12
596 729 60 5
596 796 4 9
596 1179 31 3
597 770 22 9
597 813 52 14
597 821 44 2
597 947 21 1
597 1244 5 9
598 1034 12 2
598 1139 3 15
598 1184 60 5
598 1261 40 6
599 608 38 14
599 984 16 15
599 1096 44 13
599 1174 24 10
600 854 50 3
600 1048 38 10
600 1301 54 7
601 710 45 15
601 1008 33 12
601 1224 8 6
602 746 42 7
602 1030 14 2
602 1337 55 1
603 687 50 11
603 802 59 11
603 826 40 3
603 1078 21 12
603 1308 11 12
603 1348 1 15
604 815 31 14
604 937 9 7
604 1133 6 10
605 780 23 11
605 1045 24 11
605 1057 27 1
605 1165 14 7
605 1318 30 11
605 1341 40 7
605 1362 32 7
606 1135 40 8
606 1304 2 10
606 1324 6 3
607 643 32 3
607 856 20 9
607 858 45 6
607 871 18 5
607 918 42 14
607 964 14 10
607 1160 12 10
607 1355 53 7
607 1427 52 5
608 670 54 11
608 718 31 15
608 1085 19 3
608 1204 48 4
608 1270 2 12
609 716 3 8
609 789 22 3
609 819 4 10
609 1146 47 14
609 1343 47 10
609 1369 11 3
610 658 11 8
610 785 36 7
610 840 28 12
610 1005 29 15
610 1133 9 12
610 1256 25 11
611 975 44 5
611 1040 25 7
611 1170 9 4
611 1264 18 9
612 988 33 1
612 1252 9 5
613 656 40 3
613 1029 36 3
613 1184 4 2
613 1350 29 1
613 1423 31 3
614 1135 18 4
614 1245 41 14
615 874 20 15
616 1069 16 9
616 1239 7 2
616 1256 34 7
617 824 43 15
617 915 43 6
617 1023 1 9
618 684 12 4
618 921 9 5
618 987 29 13
618 1263 1 1
619 1106 12 5
619 1357 47 8
620 638 23 14
620 1122 23 12
620 1155 58 4
621 769 59 3
621 771 47 4
621 971 20 2
622 776 50 7
622 1000 26 15
622 1297 25 7
622 1328 1 3
622 1434 10 14
623 630 30 6
623 845 8 13
623 935 37 10
623 975 30 5
623 1191 26 11
624 816 45 14
624 874 25 3
624 1153 15 7
624 1378 46 3
625 1098 56 2
625 1141 23 1
626 627 42 1
626 685 47 14
626 760 60 11
626 829 19 13
626 851 59 3
626 1287 28 15
626 1295 35 1
627 707 4 3
627 817 15 3
627 1141 21 5
627 1336 14 14
627 1370 11 3
627 1401 13 12
628 784 40 12
628 840 32 8
628 883 53 6
628 1219 18 9
628 1294 19 11
628 1295 52 5
629 648 51 14
630 786 55 1
630 1011 18 2
630 1318 4 14
631 906 4 1
631 1364 56 13
631 1406 23 3
632 903 35 14
632 1166 49 4
632 1391 23 13
633 1067 9 14
633 1135 46 8
633 1382 29 15
634 1089 48 1
634 1288 35 1
635 809 53 15
636 672 10 4
636 875 59 1
636 1097 4 13
636 1177 28 9
636 1266 2 11
636 1362 11 11
636 1379 12 15
637 1336 18 3
638 934 60 4
638 1108 53 9
638 1434 8 7
639 1198 46 6
641 1260 43 15
641 1393 46 5
642 1032 30 15
642 1064 14 8
642 1099 53 6
642 1219 21 9
643 829 51 11
643 868 14 1
643 952 23 11
643 1373 11 7
644 1183 26 7
645 1248 13 13
645 1360 49 14
646 778 28 5
646 1154 18 4
647 856 43 2
647 1131 48 14
647 1368 50 8
648 852 29 1
648 992 12 8
648 996 34 4
648 1164 31 6
649 718 52 11
649 793 24 9
649 1005 54 3
650 665 31 7
650 982 18 7
650 1178 19 11
650 1188 25 8
651 869 14 10
651 1221 21 3
651 1356 18 12
652 671 47 3
652 797 38 3
652 870 17 4
652 976 13 4
652 1253 56 1
652 1285 54 11
652 1431 24 1
653 657 49 12
653 715 51 5
653 1099 16 3
653 1106 1 5
653 1286 8 12
653 1391 3 12
654 717 26 15
654 1077 34 14
654 1154 55 6
655 1117 20 7
655 1225 8 13
656 713 3 11
656 736 37 12
657 1058 56 10
657 1097 19 9
658 768 37 4
658 930 54 4
659 1000 15 12
659 1023 51 2
659 1054 57 9
660 719 48 1
660 870 16 7
660 1252 55 11
661 886 19 9
661 1293 59 14
662 698 5 6
662 974 56 10
663 823 56 6
663 974 38 1
663 1157 30 13
663 1322 23 4
663 1411 31 15
664 772 25 7
664 900 3 12
664 982 34 5
664 1078 20 10
664 1199 8 12
664 1204 40 5
664 1238 28 15
664 1338 51 5
665 704 27 3
665 949 44 11
665 1265 23 5
665 1363 56 13
665 1415 1 9
666 862 41 9
666 1137 29 10
666 1345 44 5
667 943 52 11
667 1086 56 6
667 1301 27 13
668 1231 45 3
668 1254 44 4
668 1362 34 3
669 847 2 15
669 1051 36 7
669 1160 35 8
669 1209 57 10
669 1391 36 11
670 733 34 15
670 756 32 1
670 1198 15 9
670 1284 44 4
670 1316 26 8
671 925 49 4
671 1079 24 14
673 683 21 11
673 763 24 12
673 1020 15 4
673 1237 35 4
673 1436 44 15
674 822 12 14
674 981 22 8
674 1009 36 9
674 1400 24 6
675 1143 58 13
676 741 26 11
676 890 54 13
676 937 21 13
676 1054 56 4
676 1090 12 5
676 1347 60 5
677 785 6 2
677 909 44 6
677 1439 48 3
678 937 50 12
679 1310 9 1
680 785 59 5
680 1064 2 4
681 724 54 13
681 780 23 1
681 865 42 12
682 686 49 15
682 847 41 2
682 940 53 1
682 1418 54 7
683 737 49 8
683 1231 15 3
684 1113 45 15
684 1191 37 12
684 1318 33 10
685 1086 51 8
685 1401 19 1
686 731 54 11
687 922 47 5
687 1020 20 12
688 1006 40 8
688 1060 13 2
688 1080 45 9
689 759 31 11
689 785 57 8
689 1391 27 7
690 1367 41 15
691 769 38 9
691 908 37 7
691 1022 28 13
691 1374 39 1
692 821 7 9
692 889 14 2
692 1045 24 14
692 1122 56 10
692 1409 16 13
693 978 54 4
693 1179 5 3
693 1248 9 10
694 1014 3 1
694 1128 45 8
694 1277 26 6
694 1391 37 7
695 756 3 3
695 940 11 3
695 997 20 5
696 930 48 6
696 1094 42 11
696 1141 60 6
696 1338 56 2
696 1438 43 13
697 1023 60 9
698 701 3 11
698 796 16 15
698 1259 13 10
698 1369 52 4
699 850 38 12
699 865 28 4
699 999 5 10
699 1164 29 11
699 1313 14 5
700 798 19 10
700 938 1 4
700 1279 23 12
701 1032 60 14
701 1041 47 3
701 1047 9 11
701 1074 5 15
702 968 28 5
702 1284 30 10
702 1422 35 1
703 914 25 1
703 1190 35 7
703 1209 59 1
703 1211 57 5
704 722 5 11
705 1005 22 12
705 1056 18 2
706 1080 37 7
706 1166 10 8
707 745 57 12
707 896 23 11
708 787 34 10
709 1067 3 2
709 1135 9 9
709 1272 3 14
710 1338 27 13
711 920 27 11
711 1149 13 15
712 867 56 9
712 1029 15 7
713 790 54 6
713 830 14 13
713 1214 33 2
714 716 32 15
714 1026 26 14
714 1072 58 9
715 981 60 2
715 1059 58 14
715 1127 25 7
715 1128 40 14
716 867 11 11
716 886 4 9
716 1141 31 7
716 1276 33 12
716 1407 9 15
717 721 54 14
717 885 37 11
717 1188 38 7
717 1253 13 8
717 1376 12 8
718 1271 21 7
719 889 2 10
719 1331 33 8
720 849 9 1
720 1106 8 11
720 1199 46 12
720 1214 39 9
720 1435 16 13
721 924 37 7
721 977 34 6
721 1239 37 6
721 1336 53 14
722 910 33 5
722 1265 26 5
723 797 47 8
723 1291 53 6
723 1377 24 9
724 762 39 8
724 998 5 4
724 1407 3 4
725 1016 21 15
725 1050 44 3
725 1199 40 9
725 1320 49 10
726 894 27 11
726 1171 15 7
727 1428 46 11
728 938 53 7
728 1306 45 14
729 909 49 2
729 1141 43 15
729 1146 9 6
729 1263 45 7
730 955 4 12
730 1071 21 15
731 825 43 5
731 907 7 13
731 1010 17 12
731 1146 53 13
732 998 2 7
732 1267 45 2
733 756 3 15
733 844 33 10
733 1421 26 15
733 1428 47 10
734 751 55 1
734 831 2 2
734 865 14 9
734 973 26 10
734 1102 20 11
734 1283 56 12
734 1327 13 15
735 742 10 6
735 1022 33 14
735 1239 5 8
735 1248 20 13
735 1256 2 4
735 1269 58 3
736 880 21 5
736 935 48 10
736 937 10 3
736 953 37 3
736 1316 11 10
736 1390 60 2
737 808 10 9
737 1198 57 7
738 885 58 10
738 1194 47 7
738 1346 57 7
739 1315 30 3
740 783 19 5
740 875 39 9
740 1020 1 14
741 803 58 15
741 1379 58 8
742 1335 38 14
743 837 28 13
743 1235 28 2
743 1363 42 6
744 823 24 7
744 1285 18 6
745 793 21 3
745 1182 9 11
745 1201 22 3
745 1241 46 13
745 1272 16 4
746 1240 48 4
746 1398 45 10
747 781 30 1
747 816 28 10
748 1052 3 11
748 1129 9 3
749 981 31 10
751 1191 28 13
751 1300 23 3
751 1368 9 11
752 779 15 1
752 832 5 8
752 836 8 10
752 839 4 13
752 1120 19 14
752 1217 4 9
752 1437 8 11
753 767 44 14
753 814 4 11
753 972 38 4
753 1126 59 15
753 1176 53 9
753 1275 21 10
754 951 40 6
755 1235 3 6
755 1364 29 14
755 1379 3 11
757 1035 33 11
757 1319 40 14
758 1027 16 9
758 1177 16 6
759 830 59 1
759 967 50 12
760 872 43 2
760 948 42 2
760 986 32 8
760 1255 36 13
761 791 52 10
761 818 20 8
761 983 8 7
761 1389 47 3
762 1292 19 6
763 766 42 14
763 797 4 11
763 845 5 4
763 858 3 4
763 1223 27 15
763 1285 44 5
763 1351 1 12
764 1133 54 7
764 1318 32 8
764 1354 4 15
764 1369 44 5
765 883 19 6
765 900 10 8
766 958 30 9
766 1102 16 12
766 1266 43 12
766 1408 47 11
768 928 5 9
768 1170 47 6
769 952 40 7
769 1364 60 12
770 1041 33 15
771 1165 36 2
771 1348 41 9
772 957 50 9
772 1149 22 8
772 1422 33 7
773 1186 25 2
773 1221 45 2
774 1117 51 13
774 1391 48 11
774 1393 20 14
775 919 7 9
775 1227 13 7
776 909 47 6
776 1003 18 1
776 1150 20 6
776 1186 46 15
777 1290 14 14
778 1018 11 10
778 1324 31 12
778 1335 13 9
778 1401 58 3
779 799 19 6
779 1204 53 1
780 1212 40 14
780 1307 41 15
781 911 39 13
781 955 4 12
781 961 50 12
781 1084 59 1
781 1290 43 10
781 1305 6 3
782 1343 57 10
783 1342 7 2
784 1192 41 4
785 849 57 11
785 880 48 7
785 986 16 1
785 1042 13 6
785 1306 51 10
786 984 32 5
787 990 32 15
787 1189 8 1
788 971 2 12
788 1136 41 14
788 1171 43 8
788 1208 10 1
789 838 8 9
789 865 4 10
789 995 50 6
789 1226 54 15
791 1149 48 10
792 907 22 5
792 1008 42 3
792 1084 4 6
792 1283 35 5
793 1330 39 8
794 874 38 6
795 1278 24 1
795 1323 1 2
798 937 30 2
798 1110 42 15
798 1185 3 1
798 1316 32 12
798 1437 53 15
799 936 2 3
799 941 32 2
799 1090 49 13
799 1258 17 1
799 1273 50 9
800 1053 8 12
800 1251 8 10
801 1150 19 12
801 1332 1 9
801 1423 21 12
802 866 36 14
802 911 7 3
802 931 47 7
802 984 12 15
802 1232 18 13
803 1264 50 9
804 963 58 2
804 1095 1 11
804 1175 8 15
805 1206 50 13
805 1228 13 13
805 1418 6 14
806 818 32 15
806 879 30 12
806 1402 47 1
807 993 27 3
807 1291 7 10
807 1432 40 4
808 914 4 1
808 1205 45 1
808 1232 51 9
808 1426 4 5
809 836 13 3
809 1098 14 6
809 1154 49 15
809 1178 34 13
809 1304 15 15
809 1354 37 15
810 1069 27 15
811 1214 56 4
811 1335 28 15
812 859 29 2
812 949 44 10
812 989 19 4
812 1152 17 6
813 886 46 9
813 959 16 10
815 859 10 15
815 915 60 14
815 1319 40 14
815 1418 21 12
816 874 24 11
816 1004 58 10
816 1137 45 9
817 1037 8 7
817 1413 23 8
818 1091 50 11
818 1353 3 11
819 824 39 11
819 831 39 10
820 1136 50 7
820 1194 3 6
820 1252 52 7
822 980 41 2
822 1010 3 13
822 1258 24 12
822 1287 31 2
822 1377 45 14
823 999 16 1
823 1251 1 14
823 1357 20 14
824 1272 16 5
824 1366 28 2
825 1018 10 2
825 1144 46 5
825 1353 18 3
826 837 33 8
826 1017 60 13
828 866 48 11
828 881 4 11
828 993 26 1
829 831 8 11
830 1375 5 1
831 1184 10 12
833 845 51 11
833 1210 1 14
833 1222 12 11
834 837 57 9
834 1190 41 6
834 1325 13 5
835 869 34 14
835 1326 46 1
835 1349 55 8
836 996 8 14
836 1027 17 8
836 1260 32 6
836 1317 16 15
837 1166 60 8
837 1197 22 10
837 1381 20 5
838 870 10 1
838 1043 24 3
838 1114 21 10
838 1307 33 7
838 1352 47 11
838 1426 1 14
839 849 56 8
839 978 58 9
840 1086 21 10
841 865 28 8
842 1079 2 7
842 1104 18 3
843 1028 18 13
844 938 35 7
844 1016 14 5
844 1164 18 10
844 1371 47 1
845 1159 32 13
845 1245 46 4
845 1400 3 9
847 1062 5 7
847 1140 10 15
848 936 4 11
850 919 35 15
850 1044 30 12
850 1098 30 1
850 1144 13 14
851 967 25 9
851 1203 44 4
851 1210 58 15
851 1323 32 10
851 1355 25 12
851 1417 27 11
852 1116 4 7
853 1142 23 11
853 1182 18 9
854 1266 56 4
855 948 18 2
855 1008 18 13
855 1094 7 13
856 1290 46 1
856 1294 6 6
856 1393 18 7
857 995 23 11
858 1190 16 14
858 1233 20 10
858 1267 50 12
859 1058 31 12
860 893 48 9
860 1388 30 4
861 895 42 6
861 1099 49 10
861 1175 9 11
861 1384 19 3
862 1025 47 13
862 1293 59 6
862 1385 6 12
863 865 2 11
863 997 36 7
863 1006 47 3
864 1053 36 15
864 1279 29 5
864 1311 51 3
864 1344 51 13
865 872 28 12
865 1146 49 13
865 1220 45 3
865 1222 35 6
866 910 23 1
866 1110 3 4
866 1121 55 3
866 1211 30 6
867 933 11 9
868 899 3 7
869 896 42 11
869 1127 26 1
870 1062 27 13
870 1152 51 15
870 1179 38 11
870 1416 44 1
871 994 12 3
871 1291 53 13
871 1351 33 10
872 892 44 4
872 1351 60 1
873 1057 48 4
873 1342 42 13
875 962 35 15
875 1029 34 10
876 1255 24 2
877 898 6 8
877 965 18 12
877 1114 51 7
878 927 16 9
878 1004 37 10
878 1044 46 3
879 1038 51 5
879 1330 42 9
879 1428 22 2
880 997 14 7
881 933 21 9
881 1391 1 6
881 1431 38 9
882 1096 1 4
882 1270 5 5
882 1423 54 7
883 965 13 9
883 1116 21 15
883 1143 15 11
884 1046 36 14
884 1078 19 9
884 1303 14 8
884 1315 25 3
885 996 25 14
885 1261 8 12
885 1324 15 6
886 949 23 3
886 1063 34 4
887 929 41 5
887 1275 28 3
888 1111 17 9
889 917 44 13
890 1104 15 9
890 1356 55 1
890 1372 22 1
891 1062 8 7
891 1329 26 10
892 1326 35 15
892 1402 11 11
893 1382 41 12
894 1041 34 1
894 1168 24 12
895 936 2 1
895 1000 26 4
895 1358 44 15
896 1264 20 14
897 908 39 9
897 949 38 3
898 1153 40 3
898 1225 47 13
898 1258 28 1
899 1085 58 13
899 1110 17 14
899 1196 3 8
900 1108 3 3
900 1314 21 4
901 1321 19 3
902 1138 45 14
902 1201 51 15
902 1352 8 9
902 1389 35 2
903 1045 33 15
904 1105 60 5
904 1329 60 4
905 1208 16 2
906 1138 34 5
907 944 31 4
907 990 45 11
907 1193 5 3
908 1273 50 9
910 1096 46 12
910 1191 46 12
910 1243 1 4
911 964 51 9
911 994 57 9
912 1310 34 8
913 1137 50 1
913 1222 31 8
914 1336 6 5
915 956 44 4
915 982 17 8
915 994 21 4
915 1143 13 1
915 1178 37 10
915 1411 2 9
916 999 8 14
916 1231 31 12
916 1246 22 6
916 1382 3 5
916 1412 32 9
917 1341 43 2
917 1428 55 14
918 1167 48 13
919 1042 19 11
919 1147 38 7
920 941 52 14
920 1031 54 13
920 1111 57 7
920 1235 13 2
920 1252 48 6
921 1025 35 4
921 1042 18 7
921 1404 13 4
923 927 39 13
923 1120 23 13
923 1181 38 8
923 1338 16 3
924 1081 37 6
924 1324 45 15
924 1348 31 9
925 1435 13 5
926 1148 8 1
926 1178 45 14
926 1436 2 11
927 1067 57 9
930 966 10 14
930 1324 7 10
930 1407 53 2
931 1361 3 2
931 1376 47 3
932 946 39 2
932 1165 6 11
932 1395 8 10
933 999 18 5
933 1241 17 3
933 1389 58 5
934 1018 4 13
934 1355 6 4
935 1085 38 14
935 1358 16 11
936 1284 36 2
936 1314 49 14
937 1272 31 6
938 1256 43 15
938 1348 3 9
938 1349 23 10
939 1206 7 11
940 1114 29 13
940 1198 10 3
941 1323 42 11
942 1138 44 13
942 1156 42 8
942 1197 23 11
942 1341 43 2
943 1304 23 10
944 1067 32 4
944 1091 11 11
944 1332 54 15
944 1360 7 2
946 1217 51 11
946 1230 53 10
946 1401 14 8
947 1170 40 14
947 1322 53 12
948 975 54 1
948 1256 43 3
948 1388 14 12
949 1033 48 9
950 1060 51 8
951 1088 52 4
953 983 46 8
954 995 12 13
954 1075 48 15
955 1072 8 10
955 1323 31 9
955 1401 60 3
956 1257 58 10
956 1420 27 2
957 1019 13 9
957 1036 46 9
957 1139 2 8
957 1303 43 11
957 1331 59 7
957 1372 54 15
957 1376 58 7
957 1418 55 4
959 999 33 2
959 1081 45 7
959 1381 13 2
960 1062 49 12
960 1196 35 14
962 1010 20 9
962 1116 1 3
963 1033 51 10
963 1244 21 14
963 1269 53 15
963 1303 15 8
964 1032 23 3
965 1360 8 14
966 1120 30 10
966 1352 42 11
966 1376 27 8
967 1050 14 14
967 1167 46 4
967 1192 46 15
968 1206 57 13
969 995 34 10
969 1097 16 8
969 1283 7 4
969 1351 57 7
970 1278 3 12
970 1308 52 14
970 1414 10 3
971 1120 15 8
972 1049 13 4
972 1071 33 11
972 1137 9 14
972 1196 18 5
972 1202 21 8
972 1251 42 11
972 1429 48 13
973 1324 29 5
974 1215 3 3
974 1275 12 11
975 1313 19 8
975 1423 26 13
976 1023 29 14
976 1098 39 3
976 1281 28 4
977 1017 39 4
977 1064 2 6
977 1256 50 9
977 1361 55 14
977 1389 34 13
978 1203 47 12
978 1422 45 13
979 1402 47 15
980 1034 60 11
980 1397 20 11
981 1015 3 5
982 1193 12 5
983 1004 39 1
983 1064 20 1
983 1194 29 3
984 1133 35 12
984 1147 39 2
984 1348 19 13
985 1011 43 12
985 1065 1 9
985 1103 21 13
986 1127 4 4
986 1306 48 4
987 1327 26 2
988 1100 59 15
988 1239 56 5
989 1225 27 12
989 1323 35 2
989 1420 35 1
990 1184 29 14
991 1016 2 10
991 1435 13 1
992 1214 8 3
992 1342 40 7
993 1126 40 11
993 1198 27 9
993 1247 48 11
993 1277 48 7
993 1333 26 9
993 1408 10 1
994 1367 42 4
995 1054 8 14
995 1192 28 10
996 1046 8 7
997 1041 25 2
997 1112 43 13
997 1330 53 12
997 1418 58 9
998 1092 26 11
998 1325 9 2
1000 1129 45 13
1000 1197 36 9
1001 1047 48 6
1001 1055 21 2
1001 1067 12 11
1001 1246 34 15
1001 1391 34 3
1002 1040 44 12
1003 1376 29 5
1004 1268 28 15
1005 1145 55 9
1006 1044 13 10
1006 1196 47 11
1008 1400 35 9
1010 1136 8 4
1010 1199 14 12
1010 1207 51 7
1010 1233 57 1
1010 1365 11 3
1010 1377 19 11
1010 1417 23 13
1011 1065 57 4
1011 1069 48 9
1012 1251 1 6
1013 1150 3 15
1013 1282 28 6
1014 1234 52 4
1015 1421 10 13
1016 1078 42 10
1016 1253 1 15
1019 1181 27 2
1020 1401 36 9
1021 1417 19 2
1022 1050 29 7
1022 1107 22 14
1022 1204 38 8
1023 1320 21 5
1024 1147 5 13
1024 1429 22 11
1025 1106 54 15
1025 1306 33 11
1026 1237 7 14
1027 1201 19 6
1027 1244 44 1
1027 1394 7 4
1029 1235 27 2
1029 1297 11 6
1029 1335 12 9
1030 1143 3 14
1030 1223 57 2
1030 1325 26 11
1031 1132 52 8
1031 1416 39 5
1032 1163 5 3
1032 1175 14 7
1033 1050 57 15
1033 1190 29 15
1035 1162 34 10
1035 1175 19 11
1035 1306 10 10
1035 1403 60 14
1036 1244 42 5
1037 1159 17 1
1039 1059 15 1
1039 1220 42 4
1039 1268 12 5
1040 1111 23 12
1041 1046 26 13
1041 1099 11 2
1041 1367 20 5
1042 1076 11 6
1043 1158 13 6
1044 1187 1 8
1044 1269 3 15
1045 1349 58 1
1045 1405 40 5
1048 1078 51 8
1048 1404 21 12
1049 1118 23 3
1049 1310 20 7
1050 1213 57 11
1050 1351 30 3
1051 1138 30 14
1051 1366 26 15
1051 1376 33 11
1052 1142 6 5
1052 1411 32 4
1054 1378 8 1
1054 1383 11 3
1055 1199 59 8
1055 1290 30 5
1056 1284 48 11
1057 1218 57 13
1058 1323 43 1
1059 1221 15 13
1060 1187 33 3
1061 1304 17 4
1062 1139 56 11
1062 1142 48 4
1062 1209 56 1
1062 1295 28 13
1064 1391 43 9
1064 1407 33 12
1064 1436 2 7
1066 1427 28 13
1068 1269 30 12
1069 1103 16 11
1070 1108 19 15
1071 1260 20 12
1072 1104 13 9
1072 1140 32 8
1072 1387 27 6
1073 1123 44 11
1073 1398 58 14
1074 1117 17 7
1074 1382 46 3
1075 1378 31 7
1076 1430 41 2
1077 1267 59 7
1078 1119 60 5
1078 1161 16 1
1080 1125 3 13
1080 1323 18 14
1080 1412 1 13
1084 1284 59 2
1084 1423 30 8
1085 1117 36 8
1085 1146 60 15
1085 1222 29 8
1085 1285 2 4
1086 1205 56 13
1086 1316 36 2
1088 1111 35 6
1088 1293 46 11
1089 1190 12 1
1089 1262 42 7
1089 1359 51 14
1090 1166 40 3
1091 1153 8 6
1091 1222 24 14
1094 1122 1 5
1094 1308 40 6
1094 1356 8 11
1097 1191 31 10
1098 1306 27 13
1098 1320 57 2
1098 1348 55 1
1098 1409 52 5
1099 1153 54 10
1099 1185 19 14
1100 1199 17 14
1101 1214 19 14
1101 1377 55 13
1102 1211 2 9
1102 1253 23 9
1103 1133 54 9
1103 1242 15 7
1104 1158 4 7
1105 1269 23 14
1106 1303 5 13
1108 1311 58 5
1108 1414 55 12
1109 1275 42 15
1109 1399 8 5
1110 1174 51 8
1110 1376 43 6
1111 1136 18 12
1111 1146 51 15
1112 1264 46 4
1113 1268 58 12
1113 1319 13 1
1114 1134 40 11
1114 1148 3 2
1114 1157 32 7
1114 1292 40 12
1115 1341 48 9
1116 1183 43 12
1116 1223 17 6
1119 1138 50 4
1119 1165 6 1
1119 1271 15 6
1122 1191 22 3
1122 1341 15 14
1123 1209 1 15
1123 1250 8 7
1125 1254 29 5
1127 1338 10 14
1127 1411 42 14
1127 1436 8 9
1128 1374 33 13
1130 1171 47 12
1131 1153 51 1
1131 1422 8 9
1133 1172 35 3
1133 1191 54 6
1136 1172 35 7
1138 1316 44 7
1140 1235 37 3
1142 1273 18 15
1143 1384 8 12
1146 1157 15 2
1146 1285 54 5
1147 1343 2 13
1149 1238 20 2
1151 1410 5 15
1152 1195 26 1
1153 1201 12 6
1153 1234 60 6
1153 1287 50 14
1154 1261 11 2
1156 1261 58 5
1156 1381 15 4
1157 1165 43 4
1158 1163 21 10
1158 1194 19 8
1158 1287 4 10
1158 1375 18 10
1159 1218 59 2
1159 1308 52 15
1161 1306 44 5
1162 1258 52 10
1162 1350 36 7
1163 1413 42 10
1164 1432 52 15
1165 1399 30 1
1172 1244 8 2
1172 1330 26 12
1172 1345 2 15
1173 1203 45 4
1173 1225 26 9
1173 1294 48 11
1175 1177 14 9
1175 1221 55 7
1175 1234 4 10
1177 1390 3 15
1179 1427 18 12
1180 1282 48 3
1182 1222 35 1
1184 1425 6 6
1186 1255 16 10
1186 1268 23 2
1188 1324 12 13
1188 1393 31 8
1189 1379 27 9
1190 1397 32 5
1191 1344 36 2
1191 1427 20 11
1194 1255 20 13
1195 1391 39 10
1195 1425 4 15
1197 1230 58 7
1198 1361 6 14
1198 1420 15 1
1200 1288 21 11
1200 1397 48 5
1201 1261 16 8
1201 1347 48 3
1201 1354 53 12
1201 1415 29 5
1202 1249 14 1
1203 1375 38 1
1205 1395 33 2
1206 1417 59 15
1207 1377 20 4
1208 1305 56 9
1211 1218 60 10
1213 1279 16 13
1213 1418 44 7
1215 1232 45 5
1216 1277 32 13
1218 1397 57 1
1219 1337 33 5
1223 1326 21 9
1224 1255 57 12
1224 1273 14 10
1224 1317 42 7
1225 1348 34 6
1228 1418 50 9
1231 1319 43 11
1232 1253 27 3
1240 1349 40 3
1241 1249 48 14
1241 1299 35 5
1241 1406 49 4
1242 1420 13 12
1244 1387 34 13
1244 1402 30 11
1245 1296 11 15
1248 1281 27 4
1248 1290 57 6
1249 1250 37 8
1249 1338 23 4
1250 1405 41 1
1250 1415 24 4
1255 1411 51 8
1256 1367 56 3
1257 1354 8 11
1258 1286 23 15
1258 1401 8 8
1261 1360 11 11
1261 1375 40 12
1262 1428 18 2
1263 1288 10 9
1263 1434 56 4
1264 1352 6 12
1265 1346 15 8
1271 1340 23 15
1271 1379 20 14
1273 1347 44 10
1273 1362 36 3
1275 1312 60 4
1278 1369 44 7
1280 1287 8 13
1281 1329 34 10
1283 1306 11 13
1283 1334 15 2
1284 1334 14 2
1287 1299 11 4
1287 1422 1 12
1293 1426 40 6
1294 1386 42 8
1299 1439 16 11
1301 1307 39 7
1307 1315 53 14
1309 1400 20 15
1313 1397 42 9
1315 1369 53 3
1316 1321 22 6
1317 1362 30 10
1318 1400 7 5
1327 1329 40 6
1327 1333 31 4
1327 1404 5 9
1334 1397 19 13
1334 1413 50 11
1334 1424 46 6
1337 1420 43 10
1337 1431 50 15
1338 1434 55 14
1340 1358 22 12
1340 1394 37 15
1343 1381 46 13
1344 1352 28 14
1347 1408 51 2
1349 1399 31 2
1350 1372 21 7
1351 1386 42 7
1351 1393 49 12
1352 1411 44 5
1354 1421 30 10
1355 1382 44 14
1356 1420 46 13
1357 1374 29 8
1362 1364 34 8
1363 1389 23 11
1363 1408 4 8
1364 1423 31 8
1366 1424 52 10
1370 1410 4 7
1372 1404 21 2
1379 1397 45 12
1380 1407 2 8
1388 1435 18 13
1390 1435 7 2
1391 1398 7 13
1395 1436 11 12
1399 1400 14 1
1412 1433 7 13
1422 1432 55 10
1435 1438 30 13

0 27 27
1 56 39
2 63 32
3 92 23
4 97 7
5 103 34
6 106 3
7 126 40
8 129 43
9 150 16
10 154 10
11 159 12
12 169 4
13 180 42
14 190 39
15 199 47
16 222 38
17 223 1
18 227 37
19 229 18
20 237 46
21 238 26
22 240 2
23 241 36
24 253 6
25 273 50
26 283 31
27 292 1
28 298 40
29 305 16
30 311 2
31 312 46
32 321 14
33 329 43
34 331 47
35 338 35
36 367 15
37 378 37
38 384 20
39 418 29
40 424 23
41 433 43
42 465 41
43 482 20
44 484 25
45 486 3
46 504 2
47 509 14
48 523 27
49 533 5
50 558 43
51 560 4
52 564 24
53 567 32
54 580 2
55 585 29
56 611 33
57 625 23
58 638 28
59 639 37
60 640 32
61 655 20
62 658 9
63 667 1
64 684 28
65 685 13
66 697 31
67 698 19
68 724 33
69 729 4
70 752 20
71 753 42
72 754 15
73 771 48
74 773 16
75 775 17
76 787 29
77 796 21
78 806 39
79 818 20
80 844 50
81 848 20
82 863 18
83 865 41
84 875 20
85 878 30
86 882 28
87 890 39
88 894 40
89 895 20
90 900 27
91 907 1
92 918 48
93 930 23
94 942 15
95 943 50
96 947 45
97 948 2
98 961 7
99 962 50
100 970 14
101 972 14
102 975 14
103 994 14
104 1008 36
105 1028 39
106 1035 25
107 1036 10
108 1042 11
109 1050 50
110 1065 32
111 1069 40
112 1075 44
113 1092 12
114 1099 17
115 1107 31
116 1122 2
117 1127 38
118 1132 37
119 1161 21
120 1179 11
121 1193 12
122 1203 19
123 1214 16
124 1217 37
125 1225 28
126 1226 40
127 1233 40
128 1241 39
129 1251 48
130 1268 7
131 1280 14
132 1281 48
133 1283 34
134 1296 6
135 1301 20
136 1318 50
137 1342 27
138 1396 22
139 1400 17
140 1401 13
141 1419 26
142 1422 38
143 1423 42
