1285 5128 128 13

0 30 1694
1 60 3147
2 90 4385
3 120 5430
4 150 6305
5 180 7027
6 210 7615
7 240 8084
8 270 8447
9 300 8718
10 330 8907
11 360 9026
12 390 9082

0 55576
1 28067
2 24138
3 32448
4 38044
5 40402
6 38551
7 38747
8 50828
9 41653
10 37707
11 38762
12 41150
13 25920
14 43007
15 33115
16 37660
17 41215
18 32046
19 41343
20 45040
21 38132
22 48833
23 40447
24 33992
25 33308
26 44497
27 26673
28 49604
29 45042
30 43005
31 49080
32 36861
33 35391
34 33306
35 34297
36 48665
37 31659
38 39929
39 46575
40 40911
41 46983
42 34357
43 40073
44 39835
45 30662
46 43754
47 42472
48 42290
49 40999
50 39137
51 26293
52 40517
53 43246
54 40312
55 48753
56 43087
57 41277
58 40564
59 37827
60 46776
61 31547
62 34371
63 43428
64 31179
65 42796
66 36599
67 37476
68 43287
69 34399
70 37693
71 30888
72 35359
73 35131
74 43499
75 47403
76 25043
77 57630
78 45163
79 49756
80 51961
81 34983
82 29051
83 42091
84 37202
85 46715
86 47082
87 40652
88 49824
89 39817
90 49342
91 47244
92 31917
93 46286
94 33859
95 47300
96 39827
97 38453
98 36647
99 42994
100 39028
101 43065
102 32555
103 41726
104 32410
105 36803
106 33128
107 37301
108 41249
109 32825
110 48333
111 36105
112 42342
113 48823
114 40974
115 40794
116 43336
117 50506
118 49253
119 40531
120 46200
121 29401
122 40046
123 35616
124 28393
125 44486
126 44091
127 40615
128 46860
129 38296
130 35938
131 34366
132 45143
133 44567
134 55754
135 48579
136 48010
137 39043
138 33418
139 35754
140 34949
141 34285
142 38742
143 31714
144 31036
145 46667
146 29087
147 35868
148 43822
149 33628
150 31569
151 39431
152 48318
153 31565
154 47205
155 41349
156 51725
157 41952
158 27851
159 33208
160 49359
161 31585
162 34786
163 42921
164 29792
165 41331
166 51610
167 48128
168 42666
169 24271
170 35679
171 49764
172 37332
173 43162
174 36915
175 40441
176 44680
177 41392
178 24071
179 52687
180 31077
181 42496
182 34586
183 46427
184 44968
185 36928
186 36341
187 36976
188 34564
189 34693
190 47397
191 21640
192 33752
193 47047
194 48914
195 41180
196 42099
197 36762
198 32143
199 45327
200 42355
201 53755
202 34709
203 44863
204 39504
205 39252
206 28868
207 38940
208 40957
209 41383
210 36490
211 43474
212 41673
213 45254
214 34531
215 59520
216 42337
217 39399
218 31615
219 43596
220 44208
221 54293
222 52191
223 51547
224 50876
225 51965
226 36043
227 42606
228 51898
229 33852
230 34141
231 29241
232 32618
233 36017
234 44984
235 44783
236 46959
237 35225
238 45728
239 50112
240 34520
241 39682
242 22785
243 45972
244 44058
245 46011
246 43767
247 27195
248 44623
249 27925
250 40376
251 42757
252 41545
253 43344
254 31417
255 36482
256 31766
257 38542
258 41628
259 33971
260 41424
261 48312
262 40200
263 34856
264 42170
265 26697
266 60996
267 44461
268 36928
269 27200
270 38744
271 35783
272 34251
273 38745
274 53722
275 48033
276 39922
277 41653
278 41181
279 48482
280 46833
281 34888
282 35017
283 32686
284 40677
285 36566
286 43678
287 51129
288 42921
289 45810
290 36571
291 36951
292 32796
293 44890
294 33025
295 45324
296 38858
297 43814
298 27368
299 49563
300 51112
301 47406
302 42853
303 30933
304 52724
305 38036
306 33131
307 48577
308 38852
309 27950
310 43182
311 29494
312 45054
313 41738
314 32390
315 40552
316 48325
317 44669
318 32163
319 34161
320 40477
321 35124
322 54757
323 30777
324 42838
325 34603
326 24340
327 41812
328 26848
329 41945
330 52035
331 30557
332 41322
333 38205
334 49767
335 38472
336 37420
337 23088
338 29247
339 37535
340 41451
341 53957
342 39442
343 46518
344 44246
345 35943
346 40394
347 32696
348 42696
349 40673
350 41403
351 42216
352 31597
353 39527
354 36268
355 30798
356 50976
357 50512
358 46180
359 32200
360 26593
361 33317
362 34924
363 51367
364 30623
365 37414
366 39393
367 35948
368 37508
369 45846
370 39742
371 30821
372 40702
373 24964
374 31843
375 39866
376 46615
377 26797
378 39235
379 49654
380 36758
381 34082
382 48854
383 35094
384 41091
385 41367
386 43136
387 35331
388 41695
389 45369
390 45721
391 46082
392 29088
393 43698
394 40908
395 39851
396 44236
397 41220
398 41505
399 43324
400 39894
401 39963
402 33649
403 34328
404 36599
405 33466
406 35368
407 45719
408 20068
409 46121
410 47408
411 39505
412 42787
413 47410
414 46375
415 51399
416 33455
417 45756
418 46412
419 39557
420 41579
421 47019
422 36663
423 50375
424 44830
425 37089
426 34690
427 38827
428 36212
429 38625
430 34390
431 38822
432 41168
433 44809
434 32624
435 34734
436 34435
437 33928
438 38280
439 32444
440 41402
441 45258
442 47211
443 42256
444 27097
445 38089
446 31976
447 34333
448 50819
449 27174
450 50883
451 45933
452 39360
453 43746
454 42825
455 39884
456 48586
457 37963
458 47590
459 44791
460 39716
461 25045
462 36314
463 40630
464 33333
465 44539
466 41997
467 27315
468 36548
469 40833
470 39243
471 42184
472 39778
473 41600
474 50593
475 43764
476 36090
477 37934
478 46517
479 46428
480 43051
481 52381
482 55187
483 36581
484 36150
485 37388
486 34444
487 47217
488 39436
489 42890
490 39237
491 41151
492 35973
493 38722
494 23243
495 42030
496 34535
497 56536
498 37052
499 35389
500 28018
501 40783
502 39397
503 33146
504 39236
505 42618
506 50354
507 45292
508 30141
509 44782
510 58158
511 32900
512 44244
513 34928
514 42895
515 34970
516 34165
517 43866
518 42148
519 48708
520 37965
521 35037
522 43156
523 42380
524 38718
525 37327
526 37393
527 38499
528 36930
529 42058
530 45730
531 25005
532 38954
533 44812
534 29678
535 38054
536 37247
537 41675
538 44720
539 42886
540 40929
541 46022
542 31070
543 36653
544 36387
545 44079
546 41645
547 42252
548 52778
549 40307
550 42146
551 37793
552 38487
553 45665
554 48521
555 38279
556 42783
557 53733
558 35643
559 48421
560 35061
561 48931
562 43414
563 42151
564 43254
565 35703
566 41511
567 41735
568 46334
569 46703
570 33460
571 36111
572 40350
573 33953
574 29818
575 37810
576 48306
577 41289
578 41195
579 34592
580 51232
581 51638
582 44828
583 41209
584 43307
585 41786
586 29990
587 44597
588 43665
589 52478
590 36144
591 35804
592 39928
593 38754
594 44840
595 40614
596 24345
597 36651
598 46761
599 37083
600 45234
601 38726
602 40119
603 37096
604 47048
605 40557
606 36002
607 45729
608 31014
609 42550
610 38330
611 42674
612 49663
613 50120
614 44766
615 39986
616 46643
617 32160
618 34043
619 41520
620 41526
621 37732
622 42830
623 44072
624 35966
625 47119
626 46181
627 39561
628 43847
629 44054
630 45008
631 45196
632 39387
633 28093
634 52556
635 31246
636 33066
637 32026
638 35014
639 43885
640 46598
641 49611
642 33491
643 34842
644 41328
645 44101
646 35887
647 40527
648 33672
649 43732
650 53358
651 48294
652 39830
653 41889
654 34528
655 35065
656 34939
657 34246
658 33671
659 41014
660 50763
661 54576
662 41710
663 50757
664 26867
665 43036
666 36938
667 30479
668 36454
669 48142
670 52695
671 37732
672 43928
673 41146
674 46763
675 43316
676 50052
677 28183
678 39926
679 28700
680 28768
681 40482
682 47801
683 32260
684 47424
685 54678
686 28955
687 45725
688 48313
689 40860
690 33926
691 39000
692 40246
693 41706
694 40001
695 46125
696 35247
697 35787
698 39798
699 37740
700 46201
701 31757
702 34305
703 51035
704 38571
705 57190
706 46232
707 38693
708 44212
709 47468
710 38610
711 54091
712 47223
713 37853
714 33706
715 43361
716 46348
717 42747
718 44569
719 45804
720 26921
721 35592
722 42566
723 41903
724 36316
725 37441
726 32887
727 39379
728 38636
729 42244
730 46144
731 36547
732 51760
733 34519
734 38919
735 35624
736 37216
737 49661
738 42342
739 45732
740 31075
741 43867
742 52833
743 31938
744 45441
745 37977
746 32270
747 49307
748 43608
749 36148
750 53223
751 37010
752 48138
753 51419
754 36400
755 30203
756 38290
757 47680
758 38524
759 33733
760 48993
761 41973
762 50578
763 29062
764 44553
765 34808
766 32223
767 48382
768 34646
769 43068
770 46546
771 33629
772 37948
773 48020
774 30020
775 44886
776 34333
777 34334
778 38025
779 38947
780 36514
781 42157
782 34994
783 40877
784 44531
785 35888
786 55617
787 38075
788 39717
789 38831
790 36772
791 36683
792 38271
793 50474
794 45923
795 26018
796 39608
797 40415
798 33441
799 39357
800 41901
801 45883
802 40547
803 39604
804 38770
805 34633
806 48404
807 41936
808 44433
809 38025
810 54103
811 42770
812 41421
813 35682
814 36655
815 44975
816 41134
817 52168
818 40408
819 39813
820 39030
821 49104
822 53444
823 41113
824 44910
825 40144
826 45903
827 38315
828 27145
829 37251
830 34559
831 40872
832 45578
833 34798
834 44241
835 29728
836 32341
837 33888
838 47732
839 44243
840 46958
841 30172
842 45938
843 40737
844 31917
845 43009
846 40977
847 37814
848 42293
849 28414
850 41983
851 33309
852 40622
853 43121
854 33940
855 31618
856 31403
857 34613
858 40440
859 55896
860 45006
861 45212
862 43160
863 33887
864 38966
865 32490
866 37990
867 37653
868 48870
869 43384
870 45668
871 43682
872 36469
873 36422
874 45780
875 29259
876 36475
877 26335
878 54744
879 35455
880 36802
881 44923
882 44226
883 40856
884 40669
885 28183
886 37680
887 45760
888 42619
889 45489
890 37637
891 41892
892 46592
893 37267
894 34530
895 31812
896 42068
897 43495
898 43171
899 45243
900 28736
901 38262
902 53640
903 33644
904 42983
905 36372
906 39481
907 48566
908 45113
909 43090
910 42470
911 51112
912 41282
913 39521
914 29513
915 37880
916 34835
917 39678
918 36984
919 54270
920 35473
921 39353
922 33123
923 39576
924 30964
925 44838
926 32901
927 37741
928 26197
929 36127
930 30326
931 36839
932 32397
933 47099
934 27723
935 44995
936 40308
937 45370
938 34764
939 21356
940 52493
941 45421
942 33833
943 50880
944 44080
945 48706
946 37403
947 40887
948 44912
949 30382
950 38353
951 41373
952 27303
953 45919
954 35529
955 37017
956 36081
957 35565
958 31122
959 52839
960 49439
961 28144
962 43607
963 45729
964 37347
965 37982
966 45410
967 40109
968 47133
969 37052
970 49963
971 34510
972 47219
973 44398
974 40548
975 50786
976 50527
977 44821
978 37172
979 44425
980 45574
981 36438
982 36469
983 35106
984 43580
985 35664
986 53565
987 22790
988 32555
989 26561
990 48645
991 41854
992 47260
993 37036
994 41022
995 31676
996 42670
997 42050
998 46207
999 39049
1000 43754
1001 31217
1002 38477
1003 46897
1004 32520
1005 32354
1006 33975
1007 39659
1008 46484
1009 31278
1010 41314
1011 42879
1012 42418
1013 38791
1014 44169
1015 30878
1016 38728
1017 32352
1018 43155
1019 42962
1020 51156
1021 37939
1022 36450
1023 43392
1024 32522
1025 41337
1026 38191
1027 49296
1028 34247
1029 41496
1030 36372
1031 31745
1032 29521
1033 38285
1034 40852
1035 48939
1036 33366
1037 30051
1038 41130
1039 40082
1040 33442
1041 40208
1042 35174
1043 42172
1044 46813
1045 48288
1046 35648
1047 54353
1048 29269
1049 38789
1050 43292
1051 49170
1052 25263
1053 48151
1054 39188
1055 37861
1056 42430
1057 43595
1058 42439
1059 52688
1060 43129
1061 39754
1062 35359
1063 50609
1064 32855
1065 38330
1066 48303
1067 41010
1068 37838
1069 44850
1070 37298
1071 39794
1072 39815
1073 34973
1074 38037
1075 39510
1076 27265
1077 34842
1078 48092
1079 45606
1080 31454
1081 40304
1082 50022
1083 38500
1084 48290
1085 47008
1086 37143
1087 43395
1088 35527
1089 43106
1090 48776
1091 38388
1092 37433
1093 28499
1094 40571
1095 39888
1096 36011
1097 39719
1098 23156
1099 38951
1100 33054
1101 36079
1102 46825
1103 44277
1104 37730
1105 45264
1106 38587
1107 41507
1108 32280
1109 39663
1110 53860
1111 52039
1112 42800
1113 45470
1114 51790
1115 34157
1116 36187
1117 38430
1118 34264
1119 45166
1120 34708
1121 42781
1122 43965
1123 46209
1124 41178
1125 39710
1126 36209
1127 35410
1128 20068
1129 36199
1130 36585
1131 30802
1132 29465
1133 41954
1134 39515
1135 34072
1136 43535
1137 38713
1138 47909
1139 36654
1140 47656
1141 38355
1142 49482
1143 38867
1144 49875
1145 47318
1146 34998
1147 42834
1148 39652
1149 30537
1150 53137
1151 46983
1152 49379
1153 47041
1154 42822
1155 32016
1156 34748
1157 37412
1158 34365
1159 40375
1160 37331
1161 45355
1162 30664
1163 45747
1164 38921
1165 33936
1166 41861
1167 43238
1168 43112
1169 37498
1170 40511
1171 39853
1172 41835
1173 29686
1174 41446
1175 35659
1176 35847
1177 34651
1178 37901
1179 46002
1180 40760
1181 45553
1182 36304
1183 44248
1184 40421
1185 40806
1186 45038
1187 39355
1188 45161
1189 36395
1190 48455
1191 55771
1192 42363
1193 51492
1194 46030
1195 42274
1196 49784
1197 30096
1198 36707
1199 35920
1200 36236
1201 46733
1202 36139
1203 33109
1204 42178
1205 47239
1206 37685
1207 34173
1208 34931
1209 33175
1210 37308
1211 54186
1212 41371
1213 24119
1214 42938
1215 32938
1216 40537
1217 36403
1218 50147
1219 44972
1220 36347
1221 39824
1222 37917
1223 42815
1224 47496
1225 53220
1226 52637
1227 44524
1228 45769
1229 47339
1230 37826
1231 41814
1232 40848
1233 41164
1234 43036
1235 48030
1236 34259
1237 35190
1238 42501
1239 42371
1240 29702
1241 39426
1242 34836
1243 40124
1244 34220
1245 42040
1246 42478
1247 44229
1248 31655
1249 49834
1250 46197
1251 45328
1252 31309
1253 38753
1254 47944
1255 39717
1256 42912
1257 37832
1258 29101
1259 33454
1260 39222
1261 46514
1262 40537
1263 33545
1264 40868
1265 41929
1266 48810
1267 42542
1268 38215
1269 53834
1270 40024
1271 50074
1272 32541
1273 43646
1274 42621
1275 43325
1276 45504
1277 40054
1278 37753
1279 43139
1280 38632
1281 35195
1282 42641
1283 40626
1284 41182

0 218 5 11
0 318 51 7
0 575 18 7
0 712 22 10
0 1037 55 5
0 1139 23 4
0 1227 54 10
0 1228 21 6
1 6 41 14
1 297 2 7
1 335 6 2
1 372 29 15
1 399 13 12
1 714 39 12
1 735 14 3
1 1053 19 2
1 1166 32 9
1 1206 21 8
1 1267 31 7
2 156 26 12
2 297 50 1
2 326 44 15
2 541 58 4
2 573 12 7
2 758 29 4
2 1124 19 5
2 1262 44 15
3 170 12 8
3 173 54 10
3 483 28 10
3 561 57 12
3 654 8 11
3 706 2 3
3 1035 2 1
3 1080 42 6
4 7 36 13
4 62 8 5
4 70 26 12
4 126 41 10
4 298 4 13
4 438 44 11
4 506 13 13
4 606 2 8
4 670 15 10
4 912 37 6
4 1079 26 7
4 1233 53 1
5 41 34 2
5 58 60 14
5 215 5 14
5 261 48 1
5 511 37 12
5 583 13 8
5 685 4 15
5 722 9 15
5 783 53 4
5 829 35 14
5 1007 48 1
5 1199 52 4
5 1204 38 3
6 52 25 8
6 956 2 3
6 1163 51 8
6 1271 49 8
7 19 21 7
7 69 43 4
7 156 3 12
7 510 6 15
7 586 1 11
7 689 45 7
7 865 51 3
7 946 46 1
7 1020 57 10
7 1049 17 10
8 433 56 9
8 767 2 9
8 971 17 3
9 319 57 3
9 795 3 12
9 1137 56 9
10 121 32 2
10 161 40 9
10 687 49 3
10 930 21 11
10 982 52 15
10 1044 14 8
10 1248 16 6
10 1257 58 13
11 90 44 6
11 105 4 5
11 142 14 14
11 152 20 2
11 371 47 14
11 739 12 14
11 788 11 10
11 1124 54 8
12 142 39 3
12 196 38 10
12 490 40 11
12 765 59 9
12 783 22 9
12 881 48 11
12 1229 53 6
13 32 17 4
13 244 46 14
13 254 57 1
13 455 5 14
13 592 34 1
13 675 57 14
13 737 41 15
13 1008 58 13
13 1048 59 5
14 99 16 10
14 248 26 15
14 316 33 11
14 519 52 4
14 717 7 4
14 718 34 8
14 784 49 13
14 795 22 10
14 810 33 7
14 924 1 1
14 1106 35 10
15 231 18 7
15 256 4 13
15 275 6 11
15 774 60 9
15 1033 39 13
15 1243 20 1
16 48 41 12
16 216 36 13
16 344 50 8
16 360 31 15
16 484 36 11
16 580 33 2
16 584 7 8
16 1005 27 7
17 30 46 1
17 332 13 4
17 480 26 6
17 505 56 9
17 614 24 3
17 1035 18 11
17 1115 38 6
18 38 48 2
18 214 13 13
18 371 52 9
18 562 6 12
18 786 38 6
18 833 54 13
18 860 17 15
18 882 50 1
18 981 44 1
18 1234 29 1
19 111 12 5
19 298 11 13
19 486 19 6
19 543 35 2
19 748 59 10
19 979 27 2
19 1212 55 3
20 130 39 14
20 587 34 14
20 627 8 9
20 1088 5 9
21 85 51 5
21 97 14 2
21 422 29 8
21 741 37 13
21 866 41 10
21 1121 44 1
22 91 20 10
22 237 12 12
22 392 7 3
22 506 40 3
22 614 45 7
22 796 46 6
23 55 8 9
23 289 35 3
23 448 9 1
23 726 34 10
23 765 52 13
23 811 42 12
23 819 8 6
23 822 60 12
24 356 2 13
24 439 55 2
24 521 50 3
24 659 57 10
24 675 50 13
24 679 6 10
24 768 40 2
24 1007 55 15
24 1025 4 8
25 246 26 6
25 373 5 15
25 620 52 13
25 814 26 9
25 1152 18 14
26 101 4 14
26 113 2 13
26 495 33 15
26 702 41 6
26 779 24 8
26 861 21 2
27 97 2 2
27 597 24 10
27 872 21 14
27 949 58 7
27 963 45 11
27 1053 47 15
27 1127 45 11
27 1178 58 10
28 38 49 13
28 1199 49 1
29 81 18 11
29 641 54 5
29 656 58 11
29 774 38 5
29 779 34 14
29 1076 58 12
29 1260 13 14
30 253 27 13
30 264 40 10
30 489 32 4
30 855 16 1
30 951 41 13
30 992 7 11
30 1208 45 14
30 1254 26 11
30 1267 24 8
31 39 59 11
31 263 17 5
31 465 52 15
31 474 42 1
31 480 52 15
31 665 56 4
31 1062 28 2
31 1220 52 7
32 371 41 4
32 861 11 13
32 1133 16 4
32 1151 53 12
33 156 28 11
33 259 21 12
33 511 3 7
33 685 46 2
33 688 37 7
33 738 53 9
33 750 41 10
33 874 59 5
33 878 43 2
33 1112 50 7
34 458 44 8
34 564 24 11
34 668 30 10
34 761 25 2
34 817 2 6
34 1222 38 15
35 218 12 7
35 258 55 12
35 611 2 5
35 830 26 9
35 873 33 9
35 1033 50 10
35 1119 9 3
35 1255 37 9
35 1264 55 14
36 121 3 12
36 227 7 11
36 358 8 11
36 431 15 2
36 716 58 7
36 878 59 13
36 943 16 11
36 974 60 12
36 1106 42 6
36 1279 48 4
37 284 34 10
37 383 47 15
37 972 10 11
37 1100 43 12
37 1177 53 13
38 196 39 3
38 626 49 8
38 766 36 15
38 812 49 3
38 1026 48 4
38 1043 10 5
38 1220 50 11
39 148 55 1
39 518 29 3
39 821 29 8
39 938 19 2
39 1214 4 7
40 69 28 2
40 83 20 10
40 113 30 4
40 184 43 3
40 284 54 10
40 376 34 4
40 695 40 11
40 703 28 9
40 923 3 14
40 941 44 4
40 963 55 12
40 991 48 2
40 1053 48 15
41 172 32 4
41 275 22 15
41 385 53 1
41 389 31 3
41 478 38 2
41 481 45 7
41 618 50 5
41 650 2 5
41 759 44 9
41 990 28 13
41 1147 41 4
41 1175 51 9
42 248 30 1
42 356 29 1
42 468 36 10
42 720 41 8
42 962 8 10
43 620 17 1
43 752 19 5
43 779 1 13
43 787 9 14
43 791 12 3
43 805 14 7
43 866 10 3
43 1193 50 6
44 252 37 15
44 417 11 14
44 699 1 11
44 1026 23 14
44 1254 3 15
45 74 48 7
45 182 17 2
45 217 21 3
45 248 23 12
45 302 46 12
45 347 17 9
45 477 39 9
45 581 45 12
45 612 35 13
45 797 26 12
45 978 42 4
45 1061 13 11
45 1208 19 15
46 90 55 7
46 111 35 10
46 631 27 7
46 702 34 6
46 745 32 10
46 749 51 4
46 923 27 12
46 1015 27 4
47 81 12 11
47 86 24 8
47 136 40 12
47 222 40 10
47 377 43 3
47 571 18 7
47 1016 5 6
47 1043 31 2
48 141 31 10
48 153 3 10
48 286 34 15
48 428 56 1
48 652 6 6
48 894 1 15
48 945 31 2
48 963 60 4
48 977 47 15
48 1049 10 3
49 100 55 4
49 149 3 11
49 227 43 4
49 806 2 12
49 875 1 12
49 889 59 2
49 1127 52 14
49 1277 5 9
50 120 11 11
50 340 24 2
50 365 55 14
50 405 52 14
50 1046 57 10
50 1112 11 10
50 1202 15 3
51 243 21 5
51 364 36 7
51 405 25 13
51 440 52 2
51 701 13 14
51 777 52 4
51 1039 56 12
51 1157 12 11
52 53 33 13
52 159 57 3
52 456 45 12
52 521 33 4
52 637 35 4
52 835 18 6
52 856 45 5
52 1071 6 8
52 1076 41 11
53 144 43 13
53 246 23 10
53 354 1 5
53 357 31 6
53 387 11 1
53 442 51 6
53 628 41 1
53 1153 33 13
54 511 47 15
54 766 12 3
54 805 13 1
54 906 31 7
54 1091 51 2
54 1208 16 15
55 349 39 7
55 393 24 7
55 825 45 6
55 978 34 2
55 1066 34 6
55 1223 23 15
56 86 8 15
56 265 24 8
56 501 33 10
56 774 27 4
56 831 55 15
56 1141 40 2
56 1259 30 11
57 209 19 2
57 598 21 11
57 606 21 9
57 659 37 2
57 781 43 1
57 787 56 7
57 1142 4 3
58 78 39 11
58 158 3 7
58 240 44 1
58 297 12 8
58 318 18 6
58 336 31 8
58 375 35 14
58 433 10 13
58 507 20 15
58 907 22 3
58 965 24 1
58 980 55 4
59 453 15 12
59 548 44 6
59 896 57 15
59 926 51 14
59 1181 59 14
59 1249 39 14
59 1271 12 12
60 184 51 1
60 310 33 3
60 312 10 13
60 398 31 7
60 410 49 4
60 472 52 9
60 718 59 15
60 753 28 15
60 990 56 8
60 1052 18 2
60 1146 35 13
60 1223 5 15
61 134 32 4
61 186 26 6
61 587 19 2
61 644 4 15
61 1258 16 11
61 1283 26 9
62 156 16 5
62 159 15 3
62 398 21 13
62 407 41 2
62 646 32 15
62 1103 40 2
62 1157 2 5
62 1174 12 1
62 1256 21 11
63 228 39 5
63 359 16 8
63 775 24 9
63 784 54 8
63 809 27 14
63 920 33 3
63 924 42 5
64 115 27 15
64 149 55 13
64 341 20 5
64 407 25 8
64 430 26 14
64 511 41 12
64 573 8 2
64 777 14 5
64 1002 20 15
64 1138 37 10
65 90 30 5
65 123 20 10
65 455 56 3
65 866 52 13
65 1003 18 5
65 1104 33 1
65 1229 14 15
66 177 51 10
66 242 35 4
66 297 16 8
66 377 24 14
66 503 42 6
66 710 16 9
66 870 7 2
66 1068 9 13
66 1237 37 11
67 93 16 7
67 279 10 11
67 327 11 3
67 552 59 14
67 738 47 8
67 872 49 2
67 906 3 9
68 167 1 7
68 193 14 1
68 240 50 14
68 568 52 13
68 576 3 10
68 838 23 3
68 943 49 4
68 984 35 7
68 1121 42 6
69 113 23 15
69 116 31 8
69 148 44 1
69 289 47 2
69 430 41 15
69 557 44 13
69 563 9 15
69 676 55 10
69 830 46 8
69 976 44 10
69 1104 60 11
70 136 57 3
70 155 39 13
70 254 16 6
70 483 20 6
70 841 57 5
70 920 31 11
70 946 30 7
70 1267 41 4
71 127 4 8
71 311 15 10
71 604 55 14
71 660 20 10
71 1094 19 7
71 1146 7 4
71 1172 29 12
71 1202 37 14
72 168 1 4
72 176 39 10
72 211 44 14
72 470 41 10
72 654 31 3
72 704 41 12
72 717 11 11
73 232 37 12
73 292 11 12
73 444 49 2
73 486 41 9
73 816 47 4
73 869 56 10
73 1134 29 11
74 1040 28 11
74 1142 33 4
75 306 39 8
75 327 7 14
75 371 5 11
75 571 7 3
75 688 8 2
75 792 11 1
75 1060 34 2
76 156 27 14
76 371 44 6
76 497 29 14
76 773 43 9
76 786 23 10
76 1070 13 8
76 1218 19 9
77 81 47 10
77 269 32 13
77 381 54 12
77 445 53 12
77 478 9 10
77 606 32 14
77 998 1 2
77 1062 15 2
77 1181 8 11
78 500 17 7
78 552 43 1
78 600 38 1
78 938 58 5
78 1226 54 7
79 255 10 12
79 563 51 7
79 599 16 5
79 742 2 14
79 768 6 12
79 809 14 4
79 973 12 4
79 1093 3 10
79 1199 30 8
80 418 33 5
80 694 5 9
80 775 22 12
80 791 46 14
80 917 49 13
80 1155 11 15
81 364 60 10
81 524 26 12
81 634 40 15
81 1041 9 3
81 1215 47 9
82 262 43 12
82 688 26 5
82 766 53 7
82 948 31 15
83 125 3 8
83 755 29 11
83 857 58 10
83 1000 28 9
84 90 17 15
84 193 19 13
84 628 34 10
84 721 45 14
85 92 33 14
85 202 19 8
85 980 23 2
85 997 26 4
85 1008 6 13
86 425 59 6
86 646 34 10
86 724 5 13
86 731 58 8
86 895 31 12
86 972 17 2
86 1106 48 9
87 219 55 4
87 429 27 12
87 577 22 14
87 1140 31 10
87 1211 46 9
88 347 13 14
88 415 45 12
88 437 16 14
88 525 42 8
88 615 60 5
88 643 13 14
88 963 28 5
88 1148 13 1
88 1183 28 2
88 1197 23 7
88 1252 33 10
89 548 15 11
89 712 41 11
89 803 27 8
89 815 35 11
89 877 40 4
89 880 57 5
89 976 55 14
89 1003 53 4
89 1185 2 7
90 103 53 13
90 745 6 15
90 823 57 13
90 999 24 10
90 1013 28 3
91 176 56 13
91 310 7 6
91 696 18 5
91 789 47 12
91 980 52 4
91 1274 15 15
92 138 14 3
92 203 22 1
92 370 7 15
92 466 12 5
92 481 59 2
92 845 56 11
92 1071 19 15
92 1186 15 12
92 1258 10 13
93 118 44 7
93 239 38 9
93 358 31 14
93 423 50 14
93 499 51 3
93 732 54 2
93 1265 28 3
94 398 43 14
94 560 60 12
94 593 15 3
94 668 15 4
94 830 16 2
94 988 59 6
94 1254 12 3
94 1272 12 3
95 172 35 12
95 202 5 6
95 505 10 4
95 621 20 14
95 871 60 3
95 980 35 15
95 1069 58 9
95 1087 47 6
95 1226 4 13
95 1258 2 3
95 1281 9 14
96 184 5 7
96 212 32 11
96 598 17 12
96 632 16 1
96 691 16 6
96 1122 55 6
97 260 16 3
97 587 37 8
97 662 25 13
97 730 50 8
97 759 9 15
97 849 22 9
97 1110 30 4
97 1114 3 10
97 1267 60 1
97 1276 3 8
98 153 20 14
98 426 49 10
98 431 5 3
98 610 9 15
98 660 11 9
98 683 53 15
99 150 28 10
99 582 7 11
99 651 5 1
99 687 13 11
99 749 9 15
99 754 37 2
99 954 55 4
99 992 43 3
99 1003 10 5
100 496 57 5
100 549 19 6
100 724 46 9
100 854 58 8
100 889 60 14
100 899 41 14
101 365 18 1
101 367 28 7
101 444 19 7
101 595 4 15
101 675 56 11
101 760 45 13
101 838 25 11
101 1066 55 2
101 1179 36 6
101 1209 44 4
102 614 14 9
102 778 57 3
102 943 16 11
103 291 2 14
103 452 52 13
103 528 56 12
103 561 44 4
103 568 51 1
103 701 40 3
103 723 20 4
103 850 10 12
103 990 16 1
103 1174 19 11
103 1238 59 15
104 262 56 7
104 321 56 4
104 567 35 2
104 1237 1 9
105 135 6 12
105 259 18 7
105 309 55 4
105 388 7 5
105 432 12 10
105 559 47 10
105 803 26 12
105 865 32 9
105 888 46 8
106 183 21 9
106 318 54 15
106 402 41 10
106 432 35 15
106 743 55 15
106 982 28 9
106 983 39 12
106 1088 18 15
107 197 29 10
107 690 42 9
107 701 22 13
107 766 23 11
107 1009 27 15
107 1060 37 13
107 1241 51 5
107 1280 26 14
108 280 50 2
108 287 31 2
108 731 27 6
108 889 1 2
108 915 13 9
108 930 29 11
108 947 24 11
108 987 21 2
109 120 1 6
109 126 22 14
109 195 42 2
109 219 28 3
109 334 21 12
109 437 46 7
109 850 43 15
109 918 10 15
109 1220 29 15
110 727 16 13
110 776 2 2
110 938 11 6
110 939 53 5
110 1090 47 6
110 1132 3 3
111 309 31 2
111 389 41 1
111 442 6 5
111 544 52 11
111 768 8 7
111 870 1 8
111 1122 16 3
111 1170 29 15
112 240 5 8
112 426 45 10
112 473 51 5
112 713 19 9
112 718 51 7
112 920 52 5
112 931 47 13
112 1030 55 10
112 1049 5 6
113 267 30 4
113 282 17 1
113 369 59 6
113 1189 18 10
114 199 11 7
114 309 47 9
114 469 10 15
114 806 34 6
114 1036 10 1
114 1085 50 2
114 1190 45 10
114 1193 56 10
114 1240 52 3
115 164 45 7
115 178 44 10
115 290 2 7
115 304 16 14
115 1197 57 4
116 566 45 10
116 640 37 4
116 746 34 11
116 874 23 1
116 914 56 10
116 1169 34 13
116 1238 6 8
117 390 26 10
117 485 34 4
117 662 29 3
117 691 26 1
117 804 37 4
117 885 19 12
117 936 31 15
117 1284 20 4
118 342 10 8
118 605 46 12
118 690 40 8
118 721 5 13
118 829 15 1
118 894 52 14
118 921 44 15
118 922 10 4
118 1064 20 2
118 1084 45 3
119 339 23 6
119 441 6 5
119 541 25 6
119 563 22 6
119 675 7 3
119 891 50 11
119 906 26 4
119 987 55 3
119 1178 57 6
120 192 42 4
120 218 11 6
120 449 17 11
120 485 35 4
120 628 11 12
120 651 33 9
120 653 55 5
120 791 3 15
120 892 26 1
120 953 24 1
120 975 52 13
120 986 58 3
120 994 14 3
120 1032 4 13
120 1121 38 15
120 1256 5 4
121 169 48 9
121 539 41 9
121 588 19 15
121 777 7 8
122 159 56 2
122 267 25 6
122 476 38 15
122 560 22 2
122 1000 22 5
122 1127 29 6
122 1199 47 4
122 1202 46 2
122 1238 2 6
123 206 48 10
123 405 32 9
123 466 2 8
123 702 14 2
123 908 25 5
123 938 14 14
124 268 35 3
124 512 9 7
124 830 3 1
124 891 2 4
124 942 1 11
125 353 36 6
125 762 9 5
125 813 5 8
125 1011 39 4
126 194 34 3
126 268 6 4
126 355 34 1
126 380 46 1
126 557 40 7
126 923 46 10
126 1249 29 11
127 312 59 2
127 902 39 3
127 1193 59 12
128 181 5 9
128 330 38 2
128 528 22 1
128 872 49 5
128 973 56 4
128 1102 21 15
129 375 56 9
129 391 27 11
129 441 45 13
129 461 16 2
129 567 43 13
129 576 60 14
129 626 7 9
129 749 43 3
129 881 27 3
129 965 3 6
129 1202 35 4
130 137 52 11
130 182 37 9
130 333 37 2
130 369 50 4
130 848 33 8
130 980 42 5
130 1013 45 10
130 1029 16 7
130 1280 4 10
131 241 2 5
131 344 50 11
131 487 2 9
131 493 29 7
131 724 17 14
131 921 45 5
131 1110 11 1
132 265 33 1
132 278 53 12
132 511 49 12
132 588 35 10
132 908 16 12
132 1066 19 6
132 1112 18 8
133 177 55 4
133 218 17 7
133 444 43 3
133 481 14 12
133 490 38 8
133 493 55 12
133 494 35 12
133 511 47 8
133 632 21 11
133 738 45 10
133 1034 6 3
133 1144 54 2
133 1225 10 3
133 1262 18 7
134 565 15 5
135 212 37 11
135 802 27 8
136 511 33 6
136 820 21 13
136 854 24 4
136 917 25 4
136 918 55 2
136 1140 53 9
136 1250 26 15
137 224 36 7
137 520 49 4
137 676 4 2
137 973 1 11
137 1271 26 6
138 159 44 15
138 470 47 6
138 481 41 3
138 482 53 5
138 651 25 5
138 680 14 3
138 712 38 9
138 1091 19 12
138 1110 44 12
138 1112 60 12
138 1198 58 2
138 1281 53 14
139 324 31 8
139 375 26 4
139 589 45 10
139 916 30 14
140 263 1 2
140 304 45 9
140 608 40 3
140 940 25 1
140 1104 21 6
141 197 11 9
141 259 19 14
141 556 8 3
141 653 27 10
141 656 19 15
141 728 3 6
141 892 41 8
141 984 17 5
141 1000 26 7
141 1069 4 14
141 1079 47 11
141 1091 2 5
141 1135 25 14
142 387 39 3
142 456 39 10
142 596 11 15
142 614 22 7
142 671 57 2
142 726 30 10
142 1029 57 6
143 707 13 4
143 1229 43 13
143 1242 38 4
144 202 46 8
144 556 58 10
144 748 1 8
144 1023 35 11
144 1283 25 15
145 162 10 10
145 303 25 9
145 672 50 13
145 850 54 7
145 951 35 8
145 967 21 13
145 1079 9 10
145 1195 51 14
145 1196 16 13
145 1263 7 10
146 179 4 10
146 373 37 5
146 685 50 3
146 768 27 10
146 807 41 10
147 252 58 6
147 502 55 6
147 525 56 8
147 546 17 1
147 634 11 7
147 671 44 10
147 962 42 11
147 982 55 15
147 1206 27 11
148 401 7 9
148 452 10 2
148 464 33 4
148 478 6 14
148 594 36 1
149 174 17 11
149 203 10 7
149 443 51 15
150 797 43 7
150 871 38 7
150 981 45 3
150 1010 60 10
150 1196 18 8
151 163 33 4
151 340 45 10
151 477 5 12
151 532 1 13
151 649 58 6
151 689 10 9
151 812 48 12
151 857 38 15
151 893 49 11
151 1070 17 8
152 197 51 8
152 629 46 9
152 765 33 15
152 867 44 9
152 1017 40 8
152 1079 20 13
152 1097 53 1
152 1202 25 1
153 638 50 5
153 759 24 13
153 1136 8 15
154 414 12 4
154 968 45 12
155 308 38 4
155 475 55 4
155 480 20 3
155 484 53 4
155 616 22 1
155 792 2 7
155 1015 39 13
155 1178 1 7
156 343 45 10
156 410 6 15
156 423 32 12
156 1064 1 10
156 1105 41 6
156 1177 8 12
156 1214 53 3
156 1221 48 6
157 162 24 13
157 228 44 7
157 300 32 9
157 355 3 8
157 554 32 12
157 563 9 6
157 665 56 6
157 735 1 9
157 960 3 4
157 1007 34 13
157 1138 25 11
158 470 22 7
158 535 26 5
158 837 12 7
158 1042 43 3
158 1281 45 15
159 471 20 14
159 555 39 1
159 942 15 14
159 1001 60 14
159 1029 49 12
160 181 7 15
160 499 37 1
160 770 48 12
160 1045 5 12
160 1078 36 8
160 1147 43 3
161 168 21 9
161 357 3 11
161 383 24 12
161 402 28 6
161 437 55 11
161 780 6 15
161 816 28 10
161 871 28 1
161 1003 45 12
161 1004 7 1
161 1027 55 4
161 1144 53 12
162 358 37 12
162 755 16 2
162 847 43 11
162 872 47 15
162 1207 14 4
163 200 56 12
163 360 35 11
163 476 12 8
163 543 38 3
163 592 36 7
163 1027 49 5
163 1175 38 5
163 1239 9 3
164 590 8 4
164 798 10 10
164 1181 20 1
165 235 58 1
165 549 51 13
165 600 46 1
165 735 36 13
165 814 8 5
165 846 60 14
165 1016 9 13
165 1193 34 2
166 307 30 14
166 308 15 11
166 852 12 3
166 917 51 2
166 928 41 5
166 1099 47 11
166 1130 14 11
166 1201 24 9
167 399 52 4
167 616 28 3
167 666 29 14
167 668 19 10
167 704 19 14
167 817 6 5
167 847 36 7
167 1001 38 10
167 1128 54 7
167 1184 6 2
168 260 1 10
168 501 42 7
168 780 8 4
168 797 1 1
168 1182 22 6
168 1277 29 8
169 240 33 2
169 367 56 11
169 531 10 10
169 705 45 5
169 1146 56 15
170 281 57 11
170 375 13 11
170 501 52 7
170 1118 18 10
171 644 13 5
171 911 42 5
171 958 30 6
171 1088 48 10
171 1106 60 11
172 636 8 2
172 647 38 3
172 692 40 3
172 813 55 15
172 1075 2 10
172 1209 28 6
173 370 24 12
173 374 47 8
173 657 57 15
173 1114 57 6
173 1150 25 4
173 1178 9 11
174 212 9 7
174 336 52 12
174 713 9 4
174 788 44 10
174 1083 22 7
174 1094 31 2
175 245 3 14
175 270 41 1
175 339 37 9
175 487 30 13
175 716 34 9
175 773 32 14
176 214 43 3
176 814 25 7
176 908 24 4
176 930 32 8
176 1128 17 1
176 1176 27 10
177 287 1 8
177 428 35 12
177 496 11 2
177 741 21 4
177 806 51 8
177 847 4 6
177 882 18 7
177 972 9 3
177 1181 33 1
178 291 6 11
178 591 46 12
178 642 19 1
178 787 45 11
178 1128 59 5
178 1274 27 13
179 224 1 12
179 427 2 13
179 1046 48 12
179 1088 36 10
179 1174 29 2
179 1192 51 2
180 346 6 8
180 371 10 7
180 464 57 15
180 544 35 2
180 908 45 6
181 204 9 2
181 222 44 13
181 298 27 2
181 456 21 2
181 484 20 3
181 977 45 14
181 1020 59 5
181 1150 36 11
181 1218 20 4
182 472 48 11
182 531 12 13
182 651 53 15
182 724 42 9
182 830 4 6
182 1003 33 6
183 224 56 13
183 240 39 8
183 356 41 12
183 798 3 4
183 843 15 7
183 1074 55 3
183 1093 3 14
184 262 33 10
184 526 20 12
184 528 46 9
184 693 36 1
184 1108 46 11
184 1124 25 9
185 262 24 5
185 328 55 6
185 355 31 14
185 573 34 7
185 772 27 6
185 911 31 12
186 187 46 15
186 237 54 15
186 335 9 8
186 403 14 8
186 409 33 2
186 424 58 7
186 432 23 1
186 718 56 2
186 1176 38 8
186 1255 17 7
187 340 44 7
187 378 30 6
187 524 24 3
187 741 25 5
187 899 10 11
187 935 53 9
188 192 32 3
188 224 10 3
188 259 34 1
188 724 7 2
188 938 34 10
188 1005 53 7
188 1136 34 14
188 1155 57 12
189 199 2 3
189 1015 9 2
189 1128 42 11
189 1195 11 2
190 793 21 1
190 996 13 3
190 1009 30 4
190 1079 13 8
190 1091 24 1
191 231 27 5
191 325 52 10
191 340 6 5
191 617 53 8
191 741 39 5
191 892 40 6
191 980 47 7
192 212 5 4
192 222 9 9
192 557 27 11
192 653 37 1
192 957 56 6
192 976 6 8
193 234 8 4
193 322 8 3
193 358 42 10
193 509 35 9
193 764 53 7
193 816 3 11
193 1009 27 3
193 1022 25 15
193 1227 53 12
194 381 37 15
194 682 3 7
194 1165 52 9
194 1241 59 8
194 1259 39 9
195 288 38 10
195 532 19 10
195 684 56 9
195 907 60 14
195 1015 31 14
196 333 15 6
196 362 52 9
196 1013 27 7
196 1137 23 12
196 1160 47 2
196 1258 30 12
197 305 49 9
197 333 36 15
197 621 11 14
197 629 2 14
197 820 13 10
197 1154 32 5
197 1240 15 3
198 417 54 13
198 545 55 2
198 550 1 12
198 560 2 9
198 795 45 9
198 882 24 5
198 994 18 15
198 1215 9 11
199 721 16 15
199 1193 16 13
200 236 48 15
200 257 11 1
200 347 34 12
200 831 51 2
200 926 35 12
200 1194 18 4
201 661 23 4
201 874 58 14
201 879 16 2
201 910 12 11
201 1092 4 7
202 330 40 14
202 413 11 8
202 648 8 12
202 701 52 15
202 987 2 15
202 1137 57 5
202 1220 59 9
203 271 44 11
203 513 8 12
203 694 8 10
203 702 38 13
203 851 47 15
204 285 34 2
204 701 43 15
204 913 19 10
204 1015 28 5
204 1186 24 15
204 1209 20 13
204 1217 22 13
205 457 43 4
205 484 36 3
205 498 12 14
205 670 53 13
205 757 41 14
205 824 49 1
205 833 21 13
205 1133 43 6
206 730 47 8
206 755 27 3
206 911 15 14
206 1015 53 11
206 1029 19 6
206 1166 45 3
207 563 22 7
207 634 30 3
207 711 51 9
207 762 4 12
207 906 30 1
207 1016 4 7
207 1156 55 14
207 1221 5 8
208 521 1 9
208 640 18 1
208 818 47 10
208 933 6 11
209 385 1 5
209 582 51 5
209 701 47 1
209 933 55 4
209 953 59 11
209 989 30 3
209 1051 12 3
209 1142 1 4
209 1157 41 4
209 1173 19 4
210 695 22 6
210 1101 6 15
210 1135 40 11
211 1246 5 5
212 221 6 12
212 245 33 2
212 642 58 14
212 728 32 3
212 1027 58 14
212 1187 10 4
212 1205 23 4
212 1222 15 4
213 233 7 4
213 381 34 2
213 417 37 9
213 743 7 2
213 760 7 9
213 900 28 5
213 928 33 14
213 1073 17 10
213 1184 24 7
214 229 10 6
214 460 7 9
214 757 52 4
214 821 58 14
214 1184 50 2
215 872 42 7
215 949 57 4
215 1003 51 13
216 409 34 10
216 615 16 10
216 893 38 1
216 935 20 10
216 993 19 2
216 1195 21 7
216 1271 59 12
217 220 1 11
217 253 15 5
217 524 38 13
217 753 7 6
217 762 54 1
217 978 11 9
217 1090 24 9
217 1107 41 12
217 1259 23 2
218 588 10 2
218 602 11 13
218 741 3 7
218 1119 51 1
218 1141 16 1
219 417 41 6
219 520 48 8
219 630 39 1
219 686 25 7
219 741 44 1
219 1060 52 3
220 339 5 2
220 534 45 8
220 670 15 3
220 756 52 7
220 1173 14 6
220 1198 16 7
221 332 10 4
221 379 33 9
221 536 35 4
221 582 25 15
221 619 60 13
221 723 48 9
221 790 39 8
221 955 45 11
221 1022 29 4
221 1076 22 3
222 572 4 3
222 573 48 4
222 600 53 1
222 769 36 6
222 890 51 2
222 1040 52 6
222 1112 14 1
222 1127 41 15
222 1263 27 7
223 670 59 5
223 688 24 4
223 690 40 15
223 948 14 6
223 1212 48 5
224 845 57 9
224 851 48 4
224 998 8 3
225 601 6 10
225 638 31 7
225 647 56 2
225 867 51 8
225 1094 27 1
226 607 48 5
226 645 24 3
226 1028 58 4
226 1124 41 12
227 270 1 15
227 376 22 11
227 396 57 9
227 621 26 6
227 748 59 12
227 897 44 10
227 1244 12 13
228 375 27 1
228 473 16 14
228 500 21 14
228 535 33 5
228 541 31 13
228 728 5 9
228 965 30 9
229 807 8 3
229 867 30 9
229 884 29 14
230 426 37 13
230 792 42 2
230 964 56 2
230 975 13 7
231 353 60 6
231 366 9 12
231 377 36 6
231 561 31 4
231 572 47 2
231 729 53 3
231 917 14 9
231 1052 21 14
231 1053 45 3
231 1093 17 7
232 302 29 9
232 441 52 13
232 517 59 8
232 966 50 6
233 310 52 10
233 337 10 6
233 464 29 15
233 475 10 5
233 511 23 6
233 697 22 5
233 799 9 5
233 1001 38 1
233 1202 58 5
234 678 47 13
234 864 37 12
234 967 52 7
234 1223 36 2
234 1251 58 10
235 510 22 1
235 614 18 11
235 653 40 7
235 687 38 7
235 864 45 6
235 1204 14 7
235 1271 45 10
236 260 32 13
236 414 34 13
236 446 32 13
236 466 54 4
236 882 52 11
236 962 54 4
236 964 41 12
236 975 18 8
236 1060 29 11
236 1087 46 2
236 1241 3 8
237 312 35 4
237 349 34 1
237 358 17 14
237 460 59 15
237 565 6 15
237 600 51 7
237 757 56 6
237 856 26 8
237 968 24 9
237 1002 23 13
237 1175 57 15
238 365 29 12
238 428 13 5
238 550 54 15
238 780 41 9
238 1007 17 10
238 1189 40 13
238 1254 1 9
239 300 37 15
239 322 42 12
239 390 36 7
239 470 33 9
239 716 16 11
239 964 51 14
240 385 13 4
240 458 57 4
240 573 28 13
240 690 1 8
240 791 48 3
240 803 43 6
240 1134 22 14
241 289 60 5
241 374 23 10
241 992 14 3
241 1008 48 8
241 1102 55 12
242 426 51 14
242 427 54 13
242 543 44 14
242 607 44 7
242 949 30 9
242 1111 50 3
242 1254 42 1
242 1283 58 15
243 673 56 12
243 974 48 5
243 1094 20 14
243 1111 40 9
243 1227 51 3
244 263 55 5
244 317 9 4
244 426 35 15
244 584 33 12
244 595 30 12
244 635 8 15
244 655 57 3
244 716 53 8
244 755 19 9
244 764 51 11
244 975 42 7
244 1174 17 9
245 329 55 7
245 352 2 6
245 488 33 11
245 699 51 8
245 738 51 1
245 752 6 6
245 831 1 15
245 846 43 5
245 912 9 12
245 917 24 7
246 426 24 10
246 502 28 4
246 967 1 14
246 1002 46 1
246 1006 10 12
247 282 13 4
247 362 37 4
247 367 43 5
247 520 29 14
247 527 26 3
248 617 9 2
248 685 1 8
248 752 30 12
248 1046 44 1
248 1084 23 10
249 319 34 14
249 507 45 3
249 518 44 8
249 555 45 3
249 884 34 2
249 962 19 6
249 969 55 9
249 1066 2 8
249 1071 15 5
249 1098 20 4
249 1170 54 11
249 1247 48 13
250 292 16 11
250 603 59 13
250 706 60 3
250 716 37 6
250 785 12 11
250 906 9 14
250 925 16 15
251 323 26 13
251 470 38 15
251 706 3 4
251 781 40 2
251 927 39 11
251 1176 50 14
251 1217 33 14
252 562 6 10
252 731 1 15
252 1000 28 12
252 1168 45 4
252 1283 11 3
253 378 4 15
253 379 1 13
253 387 55 15
253 439 39 13
253 564 53 7
253 566 24 13
253 823 57 15
253 1070 48 11
253 1122 4 12
254 662 5 2
254 910 54 9
254 1038 34 5
254 1047 56 9
255 401 1 15
255 442 26 9
255 590 28 4
255 884 39 14
255 902 29 12
255 963 56 9
255 1081 25 9
255 1101 29 9
255 1249 58 13
255 1262 55 5
255 1270 2 10
256 314 34 7
256 339 54 8
256 402 18 15
256 405 38 13
256 501 34 5
256 505 30 4
256 755 6 7
256 820 20 9
256 849 39 10
256 982 33 7
256 1070 50 2
257 297 23 14
257 566 51 5
257 599 8 10
257 901 59 13
258 348 53 14
258 424 35 4
258 446 55 1
258 925 34 6
258 1011 60 10
258 1185 32 4
259 1054 48 4
259 1283 32 10
260 314 11 4
260 766 48 13
260 817 13 1
260 875 53 1
260 922 24 8
260 984 15 1
260 1112 39 15
260 1181 23 2
261 411 55 6
261 527 41 1
261 549 6 8
261 629 9 14
261 1200 28 7
262 409 29 1
262 525 53 5
262 660 8 7
262 709 50 11
262 713 33 3
262 980 37 4
262 1037 36 11
263 535 29 1
263 563 7 9
263 628 30 13
263 772 28 15
263 788 44 6
263 1216 51 11
264 266 14 13
264 549 44 10
264 841 50 1
264 869 7 1
264 962 11 11
264 1162 8 3
265 644 57 3
265 1128 19 15
265 1136 55 9
265 1204 8 12
266 479 25 2
266 506 40 4
266 602 37 8
266 643 29 14
266 714 24 10
267 409 39 8
267 438 8 3
267 790 19 12
267 922 54 6
267 935 26 1
267 949 4 3
267 1195 20 5
267 1210 30 13
268 386 51 3
268 581 38 4
268 874 5 4
268 963 60 1
268 1006 27 2
268 1143 57 6
268 1153 32 9
268 1159 14 2
268 1232 52 4
268 1245 38 7
269 754 19 10
269 1127 40 15
269 1206 55 13
269 1235 42 2
270 445 58 5
270 789 19 5
270 1074 3 3
271 280 50 10
271 370 28 8
271 457 20 15
271 535 38 14
271 667 37 8
271 815 13 7
271 894 40 3
271 919 1 10
271 1274 3 2
272 291 33 5
272 555 31 2
272 563 58 4
272 916 5 1
272 1104 4 11
272 1171 8 9
273 564 27 13
273 895 33 8
273 961 49 12
273 1186 30 11
274 441 24 3
274 710 52 2
274 778 47 9
274 882 21 4
274 1039 48 14
274 1245 26 4
275 340 46 4
275 511 47 3
275 942 29 3
275 1058 50 11
275 1059 27 13
275 1208 36 5
275 1259 21 5
275 1265 12 5
275 1283 1 7
276 515 21 14
276 594 16 13
276 709 52 4
276 882 3 11
276 911 37 12
276 944 25 6
276 1035 8 11
276 1269 41 12
277 426 41 12
277 932 53 12
277 956 25 9
277 1073 4 9
277 1110 40 12
277 1115 31 5
278 450 57 11
278 585 9 6
278 587 16 11
278 768 18 8
278 820 49 7
278 958 24 2
278 1021 17 14
278 1036 30 10
278 1045 59 14
278 1218 6 10
279 286 11 2
279 410 49 1
279 798 16 4
279 874 43 11
279 1060 41 6
280 469 26 12
280 909 55 3
280 1191 24 1
281 293 11 7
281 528 17 15
281 690 24 10
281 963 38 13
281 1112 25 1
281 1173 31 13
282 583 13 11
282 587 34 6
282 830 16 4
282 997 47 5
282 1248 57 4
283 645 52 10
283 695 33 11
283 702 40 4
283 1088 22 5
284 321 21 12
284 415 42 8
284 525 30 12
284 803 23 8
284 970 35 7
284 1221 38 4
285 685 32 2
285 755 58 9
285 761 41 13
285 876 5 8
285 938 58 15
285 1274 25 12
285 1281 59 1
286 303 37 1
286 321 56 12
286 336 30 10
286 433 23 15
286 691 12 10
286 970 44 3
286 1053 18 8
286 1124 6 10
287 772 25 2
287 867 30 11
287 1145 40 15
288 407 36 2
288 497 33 10
288 704 55 7
288 740 40 12
288 994 39 14
288 1196 21 2
289 376 19 2
289 454 33 12
289 546 30 6
289 708 15 7
289 814 11 4
290 346 18 14
290 581 52 4
290 1162 35 13
291 511 60 12
291 583 4 9
291 881 55 10
291 1067 11 8
292 390 39 3
292 503 22 6
292 516 2 15
292 661 50 9
292 993 57 14
292 1125 8 5
292 1182 35 1
293 313 11 9
293 460 42 3
293 685 26 11
293 736 4 7
293 772 43 7
293 1015 3 10
293 1246 44 3
294 462 21 7
294 935 25 5
294 938 12 4
294 1113 28 15
294 1247 58 1
295 352 44 5
295 475 49 3
295 701 12 6
295 1081 44 9
296 1230 59 3
297 299 12 12
297 403 21 13
297 650 28 1
297 850 55 13
297 1113 9 12
297 1247 24 6
298 352 59 9
298 626 15 5
298 750 9 1
298 788 3 6
299 473 34 15
299 522 8 9
299 682 10 8
299 692 58 11
299 857 36 4
299 1190 55 2
300 511 40 13
300 716 21 1
300 859 40 8
300 1034 31 7
300 1164 50 8
300 1166 53 10
300 1226 19 2
300 1279 30 9
301 340 27 1
301 415 21 12
301 713 42 6
301 778 44 11
301 1017 57 15
302 337 24 10
302 412 33 14
302 543 54 7
302 588 18 6
302 746 52 6
302 820 21 5
302 886 58 15
302 1039 46 4
302 1086 22 5
302 1211 17 8
303 318 8 8
303 383 34 15
303 449 24 5
303 695 2 15
303 911 25 10
303 944 52 11
303 1042 15 8
303 1157 59 7
303 1248 5 15
304 361 15 11
304 507 52 3
304 679 12 2
304 739 41 14
305 738 43 4
305 839 22 12
305 1000 51 4
305 1120 14 6
306 394 35 14
306 403 13 7
306 451 10 8
306 599 8 12
306 841 45 2
306 847 28 3
306 906 24 2
306 1017 3 15
306 1090 43 15
306 1230 37 9
307 524 1 12
307 553 56 11
307 620 29 10
307 637 26 3
307 657 19 2
307 682 53 7
307 889 55 7
307 1132 4 14
307 1284 42 2
308 453 37 15
308 454 4 12
308 632 31 9
308 690 40 13
308 875 40 11
308 985 1 8
308 1224 17 13
309 336 20 4
309 665 38 15
309 750 22 1
309 820 39 3
309 909 39 9
309 1011 56 1
309 1057 19 7
309 1069 34 3
309 1087 14 6
309 1206 45 11
309 1229 42 12
310 477 19 12
310 634 32 3
310 688 8 9
310 844 30 14
310 902 2 6
310 912 60 4
310 1160 20 3
311 846 30 12
311 900 28 8
312 482 6 13
313 472 47 13
313 668 60 10
313 1131 57 9
313 1193 41 13
313 1204 60 12
313 1240 24 1
313 1256 34 3
314 355 55 3
314 362 54 10
314 536 14 2
314 905 12 5
314 985 57 3
314 1241 59 3
315 341 57 5
315 631 17 9
315 792 53 7
315 842 2 15
315 856 24 5
315 870 55 10
315 1079 45 1
315 1221 4 4
316 630 14 5
316 812 16 13
316 826 55 5
316 874 50 8
316 1014 40 4
316 1234 43 2
317 606 44 15
317 632 12 5
317 755 27 11
317 775 52 14
317 825 42 12
317 889 36 12
317 961 15 7
317 1262 31 3
318 353 18 3
318 394 10 3
318 606 11 12
318 686 13 6
318 772 8 8
318 797 7 4
318 867 43 10
318 901 14 13
318 1123 56 7
319 390 47 5
319 593 5 12
319 614 44 7
319 968 11 7
319 1003 12 4
319 1050 39 3
319 1101 52 2
320 430 28 5
320 618 29 6
320 1051 14 12
320 1188 34 6
321 384 8 14
321 414 22 1
321 486 14 13
321 515 18 3
321 712 48 6
321 1000 31 10
321 1122 27 4
322 355 15 13
322 470 1 7
322 536 52 3
322 746 55 4
322 795 26 8
322 802 56 15
322 1021 37 8
322 1113 13 2
322 1211 34 2
322 1226 22 15
323 627 17 5
323 701 43 5
323 753 4 10
323 754 19 4
323 933 3 8
323 1108 39 12
323 1151 34 1
323 1165 39 8
324 522 2 13
324 747 39 2
324 835 37 12
324 1151 49 8
324 1246 50 13
325 511 44 7
325 525 34 5
325 558 5 5
325 583 58 9
325 861 39 3
325 1011 5 5
325 1219 54 1
326 397 34 6
326 519 40 5
326 842 47 13
326 1040 9 6
326 1067 59 13
326 1121 9 4
326 1140 29 7
326 1260 4 8
327 379 23 5
327 432 42 12
327 905 26 3
328 442 23 15
328 455 4 8
328 479 17 2
328 546 14 6
328 563 26 3
328 599 51 11
328 617 59 2
328 815 36 14
328 927 31 9
328 1049 47 13
328 1176 17 9
329 1163 34 10
330 348 1 13
330 416 56 2
330 434 58 11
330 451 23 8
330 902 18 9
330 945 58 13
330 958 50 10
330 1280 9 14
331 332 15 11
331 437 44 10
331 454 42 1
331 720 16 5
331 833 38 5
331 1028 55 11
331 1085 24 2
331 1270 21 2
332 696 11 5
332 842 24 1
332 922 51 13
332 1279 38 9
333 541 58 7
333 571 50 10
333 646 16 13
333 910 52 4
333 932 8 5
333 984 30 12
333 1184 39 7
333 1191 11 15
334 545 55 8
334 648 42 6
334 736 35 9
334 802 19 8
334 925 24 2
334 990 49 3
334 1159 27 12
334 1167 19 1
334 1283 25 3
335 784 8 14
335 1021 27 10
335 1171 50 13
336 360 35 10
336 455 48 11
336 505 27 15
336 738 41 8
336 792 40 6
336 913 28 11
337 417 19 11
337 439 27 1
337 651 5 9
337 660 33 4
337 710 43 10
337 944 48 8
338 462 10 8
338 599 46 6
339 440 45 13
339 814 60 8
339 846 16 15
339 933 40 8
339 976 33 7
339 1132 34 7
339 1220 36 2
339 1230 52 12
340 343 5 7
340 687 30 15
340 938 2 8
340 942 35 14
340 957 37 5
340 983 9 8
340 997 25 9
340 999 37 10
340 1000 38 6
340 1094 16 1
340 1231 25 2
340 1237 13 6
341 345 25 11
341 389 29 4
341 1006 35 14
342 454 43 15
342 635 7 6
342 965 59 9
342 970 2 2
342 1193 5 11
342 1234 50 11
342 1265 23 4
342 1268 31 5
343 447 34 3
343 516 5 7
343 737 22 6
343 789 46 11
343 806 23 1
343 846 43 4
343 891 37 8
343 937 31 2
343 998 27 5
343 1074 38 1
343 1086 24 11
343 1279 56 7
344 561 18 3
344 580 50 3
344 686 60 15
344 954 47 8
344 1196 36 13
344 1204 14 3
344 1261 39 12
345 396 5 11
345 766 26 8
345 942 2 5
345 984 32 12
345 1018 39 3
345 1076 25 2
345 1113 46 11
345 1131 15 10
345 1157 18 14
345 1252 51 2
346 457 37 4
346 655 51 13
346 872 14 14
346 897 23 11
346 947 4 9
346 1131 14 7
346 1167 31 11
347 406 21 6
347 409 53 2
347 417 50 9
347 719 51 12
347 748 43 12
347 1040 38 15
348 853 33 11
348 941 55 5
348 947 30 13
348 994 37 4
348 1069 26 4
348 1252 19 14
349 594 50 6
349 625 6 2
349 655 17 3
349 745 58 7
349 971 2 12
350 458 55 13
350 491 13 10
350 546 33 12
350 631 31 11
350 728 10 12
350 752 15 10
350 771 10 6
350 857 53 6
350 977 38 2
350 980 59 15
351 647 25 1
351 671 6 6
351 1141 16 3
352 831 31 13
352 891 14 6
352 1150 14 6
353 358 31 6
353 491 20 3
353 493 13 13
353 503 39 8
353 988 59 12
353 1000 14 12
353 1124 60 3
354 374 27 11
354 618 22 3
354 921 23 15
354 922 18 1
354 932 6 6
354 1029 50 9
354 1042 31 8
354 1149 28 11
355 1091 31 2
355 1215 4 2
355 1273 46 7
356 396 4 12
356 485 41 12
356 519 42 5
356 641 46 13
356 722 16 14
356 944 42 4
356 1034 59 2
356 1269 19 9
357 547 12 5
357 723 30 9
357 1175 39 7
358 400 39 8
358 458 52 7
358 588 56 3
358 654 14 3
358 679 37 2
358 1110 37 12
358 1112 21 3
359 551 34 15
359 802 39 14
359 834 58 11
359 1097 17 10
359 1147 8 10
360 555 13 5
360 674 44 13
360 994 38 2
360 1056 49 5
360 1097 50 8
360 1139 45 9
360 1240 33 2
361 491 40 13
361 762 58 2
361 916 16 4
361 933 52 12
361 1205 7 11
362 402 22 13
362 703 25 2
362 737 21 6
362 858 52 6
362 1003 58 3
362 1048 2 13
362 1082 5 2
362 1085 10 3
363 513 41 12
363 545 48 4
363 601 14 13
363 774 5 3
363 803 26 11
363 1149 41 8
364 537 23 10
364 597 43 7
364 733 26 11
364 888 11 15
364 1116 36 14
364 1269 24 2
365 541 32 7
365 594 23 5
365 611 6 3
365 893 28 14
365 913 23 8
365 1223 1 6
366 502 38 8
366 539 24 14
366 1166 42 9
367 493 13 12
367 650 59 9
367 805 27 2
367 882 53 13
367 996 11 13
367 1005 12 7
368 420 2 14
368 442 5 10
368 443 53 6
368 735 45 4
368 786 7 9
368 956 30 12
368 964 51 2
368 1028 33 5
369 484 21 12
369 578 2 13
369 712 4 15
369 761 54 2
369 814 45 2
369 914 31 3
370 406 18 2
370 449 27 9
370 713 9 11
370 980 52 12
370 1003 51 5
371 544 46 10
371 583 31 10
371 612 44 3
371 752 14 12
371 869 44 6
371 951 37 12
371 961 21 12
371 977 32 7
371 1148 42 4
372 444 9 15
372 486 27 5
372 580 58 2
372 632 56 4
372 701 1 12
372 1041 25 1
372 1145 20 3
373 488 8 7
373 588 56 11
373 893 19 4
373 963 8 3
373 990 6 15
373 1003 40 13
373 1028 13 11
373 1158 2 12
374 991 21 11
374 1053 50 14
374 1271 30 14
375 459 59 5
375 926 57 7
375 1081 19 7
375 1107 33 10
375 1208 13 5
376 421 47 2
376 766 30 11
376 850 33 11
376 924 36 7
377 1116 34 4
377 1225 5 6
378 505 53 11
378 622 34 3
378 787 18 6
379 549 29 14
379 1018 3 9
379 1095 2 10
379 1171 20 11
379 1202 5 4
380 409 45 3
380 478 8 9
380 593 7 4
380 735 54 12
380 1172 46 8
381 532 8 10
381 796 4 11
381 962 44 15
381 1072 41 15
381 1112 49 10
381 1128 10 11
381 1147 36 1
381 1150 9 1
381 1160 17 14
381 1226 27 10
382 648 29 1
382 789 25 4
382 796 51 8
382 1134 20 4
383 766 58 4
383 779 26 2
383 789 41 10
383 845 30 10
383 1001 20 14
384 411 7 13
384 536 4 12
384 689 60 11
384 718 32 14
384 987 41 14
385 389 37 15
385 394 45 10
385 460 42 10
385 842 43 15
385 855 3 8
385 1001 49 12
385 1043 35 13
385 1254 36 12
386 729 41 5
386 741 19 4
386 802 54 14
386 866 44 8
386 876 29 13
387 529 55 3
387 643 20 10
387 656 50 7
387 697 52 7
387 766 14 3
388 435 21 12
388 461 14 8
388 532 17 4
388 605 41 1
388 626 35 12
388 774 54 8
388 821 26 9
388 851 54 6
388 871 7 15
388 1104 56 8
389 575 32 1
389 612 45 3
389 793 47 10
389 925 27 12
389 948 49 8
390 657 8 2
390 708 17 14
390 733 12 1
390 999 11 1
390 1078 51 13
390 1098 43 4
391 797 2 6
391 843 14 5
391 924 55 11
391 1154 26 2
391 1173 44 8
391 1252 21 9
391 1279 10 6
391 1284 9 1
392 473 29 3
392 758 44 5
392 1031 43 5
392 1195 6 15
393 605 12 2
393 619 10 7
393 1119 22 3
393 1158 38 3
394 449 48 11
394 571 56 15
394 648 53 11
394 716 40 14
395 567 36 13
395 888 47 9
395 1280 5 1
396 581 49 13
396 731 22 2
396 801 30 15
396 883 52 4
396 942 59 15
397 541 8 2
397 619 10 10
397 693 21 14
397 1026 42 2
397 1076 57 5
397 1081 27 11
397 1148 7 2
398 403 25 14
398 601 33 3
398 760 49 3
398 898 48 5
398 1010 15 3
398 1276 27 9
399 488 50 13
399 538 46 1
399 687 3 3
399 851 57 9
399 1094 14 2
399 1202 16 10
399 1241 33 3
400 404 29 8
400 663 26 11
400 701 1 2
400 918 33 5
400 1111 15 1
400 1172 59 4
401 438 42 11
401 447 42 10
401 565 53 2
401 731 11 6
401 825 20 9
401 1035 46 1
401 1067 20 2
401 1151 8 14
401 1177 11 5
401 1207 38 9
402 648 2 5
402 794 30 12
402 839 47 14
402 988 40 9
402 1216 57 5
403 439 54 7
403 549 50 4
403 630 11 15
403 671 57 7
403 924 36 1
403 1065 43 4
403 1194 29 4
403 1246 38 3
404 660 28 12
405 466 42 12
405 751 50 8
405 965 13 2
405 1030 7 1
405 1222 56 9
405 1271 5 2
406 596 27 12
406 702 15 15
406 881 21 10
406 923 20 11
406 1239 16 5
407 819 38 1
407 980 51 15
407 1154 39 12
407 1197 7 5
408 965 49 6
408 983 33 12
408 1088 37 8
409 535 7 6
409 545 25 15
409 612 15 4
409 688 55 10
409 1102 21 10
409 1221 42 7
410 420 60 12
410 500 17 10
410 651 13 9
410 798 10 15
410 872 46 12
410 926 59 13
410 1117 60 1
410 1211 41 8
411 486 56 5
411 535 31 4
411 544 54 5
411 727 13 10
411 962 44 14
411 1018 16 6
412 564 28 11
412 884 6 4
413 575 49 4
413 787 35 4
413 821 43 3
413 972 54 10
413 1028 55 5
413 1059 12 6
414 515 53 10
414 591 38 6
414 781 43 7
414 1239 32 14
415 461 31 3
415 780 12 2
415 809 32 1
415 953 48 14
415 1199 35 11
416 587 45 4
416 879 42 13
416 1004 54 3
416 1033 4 3
416 1280 30 7
417 767 24 8
417 870 29 3
417 882 21 8
417 1020 51 2
417 1100 41 3
417 1118 14 12
417 1177 31 5
418 427 59 4
418 535 43 5
418 561 60 9
418 600 4 12
418 1088 19 3
419 494 35 7
419 717 57 9
419 838 9 12
419 914 48 10
419 926 34 10
419 1024 50 10
419 1125 32 5
419 1147 57 12
419 1253 38 10
419 1257 34 11
420 569 21 8
420 604 37 10
420 685 12 11
420 1081 52 12
421 463 34 14
421 515 33 15
421 664 53 3
421 812 40 3
421 1073 59 4
421 1106 39 12
422 599 48 7
422 751 5 3
422 821 56 5
422 845 4 6
422 1142 39 9
422 1161 34 9
423 459 5 10
423 936 53 13
423 950 36 15
423 1076 58 5
423 1155 2 12
423 1205 44 13
424 441 42 15
424 484 49 7
424 651 49 5
424 725 18 2
424 1045 56 15
424 1158 41 13
425 760 1 9
425 784 20 15
425 893 28 2
426 576 6 13
426 724 22 8
426 758 34 7
426 854 13 4
426 990 14 8
426 1022 53 1
426 1131 7 9
427 571 39 11
427 689 21 7
427 719 4 11
427 762 30 5
427 807 43 6
427 854 40 7
428 446 36 7
428 571 58 1
428 646 1 1
428 664 5 12
428 712 49 1
428 882 32 15
428 966 8 10
428 980 58 10
429 678 43 14
429 734 19 12
429 965 34 14
429 1000 28 3
429 1059 29 4
430 649 28 13
430 650 9 7
430 704 35 3
430 943 23 8
430 1032 4 1
430 1058 18 15
430 1214 20 6
431 646 42 7
431 690 20 8
431 756 35 5
431 823 39 4
431 844 34 2
431 872 46 5
431 912 21 1
431 999 22 3
431 1051 14 3
431 1229 32 3
432 684 21 1
432 779 12 7
432 913 19 8
432 941 47 6
432 990 4 2
432 1117 10 15
432 1279 1 8
433 778 29 14
433 823 23 14
433 837 34 12
433 903 13 15
433 915 2 4
433 928 29 11
433 945 11 7
433 955 52 13
433 1009 35 14
434 442 54 4
434 599 45 11
434 983 47 2
434 1110 34 6
435 593 19 1
435 677 9 1
435 821 2 13
435 884 44 2
435 896 59 12
436 1233 6 5
436 1249 45 14
437 951 1 8
437 1096 4 6
437 1100 48 8
437 1118 30 3
437 1182 12 2
437 1224 52 2
438 570 59 7
438 584 5 12
438 694 42 13
438 790 43 8
438 814 21 5
438 895 17 15
438 962 6 3
438 1253 9 1
439 454 37 11
439 606 21 7
439 983 20 1
440 493 34 6
440 582 40 7
440 635 26 8
440 726 35 11
440 765 50 2
440 1186 17 13
441 571 57 8
441 630 49 11
441 944 55 1
441 1136 18 4
442 499 9 4
442 702 32 10
442 1177 21 15
442 1271 10 6
443 774 44 15
443 880 6 11
443 1137 54 13
443 1156 55 10
444 458 19 5
444 466 24 9
444 908 1 15
444 1019 46 9
444 1160 46 13
444 1206 13 9
445 477 54 14
445 604 59 5
445 732 54 5
445 920 44 11
445 1054 37 3
446 464 50 6
446 827 48 9
446 850 47 4
446 1152 49 7
446 1208 38 12
446 1255 41 14
447 489 39 8
447 558 19 9
447 848 55 9
447 973 12 13
448 514 26 13
448 592 17 11
448 941 41 4
448 1119 56 7
448 1159 52 2
448 1165 54 13
449 580 52 4
449 583 14 5
449 623 8 7
449 1159 59 1
449 1267 34 9
450 500 43 3
450 847 35 4
450 1232 42 13
451 906 19 9
451 963 47 4
451 1098 14 13
451 1259 8 8
452 624 52 11
452 849 33 2
452 883 52 3
452 961 56 5
452 1006 42 12
453 466 37 13
453 556 46 7
453 615 13 1
453 655 17 3
453 673 11 2
453 792 58 10
453 1026 24 13
453 1161 6 2
454 605 57 4
454 678 20 13
454 728 8 5
454 792 35 14
454 1085 34 7
455 544 41 12
455 574 32 1
455 621 18 15
455 905 23 1
455 1032 12 3
455 1132 14 4
455 1260 12 10
456 540 29 9
456 619 52 9
456 865 15 1
456 1083 48 10
456 1111 12 15
457 732 47 6
457 993 31 2
457 1037 36 8
457 1276 46 6
458 602 12 8
458 644 19 7
458 718 33 8
458 910 35 13
458 953 37 5
458 1042 7 15
458 1051 44 1
459 558 1 15
459 801 38 13
459 931 51 1
460 493 58 9
460 506 52 4
460 622 17 5
460 889 58 10
460 904 42 15
460 1256 25 14
461 560 12 2
461 596 60 3
461 658 52 11
461 965 21 10
461 1128 54 14
461 1261 3 5
462 621 3 9
462 694 45 11
462 980 17 9
462 981 18 9
462 1231 50 2
463 562 30 14
463 610 17 9
463 922 27 4
463 1006 56 12
463 1044 40 5
463 1075 9 3
463 1076 60 10
463 1088 3 3
464 687 40 6
464 820 41 1
464 978 45 3
464 1155 29 10
465 670 25 12
465 1069 2 7
465 1175 55 11
466 600 60 7
466 850 42 14
466 861 49 13
466 915 46 15
466 919 54 14
466 921 38 14
466 1108 43 15
466 1252 1 8
467 556 5 14
467 858 34 2
467 1015 14 3
467 1181 51 6
468 979 21 9
468 983 31 8
468 1042 3 5
468 1068 41 13
468 1229 33 3
469 725 6 11
469 768 50 14
469 781 6 12
469 1068 58 7
469 1127 41 1
469 1211 25 4
470 1242 43 11
471 766 6 3
471 1115 10 8
471 1122 57 13
471 1226 50 3
472 489 32 11
472 523 45 8
472 730 28 1
472 886 19 1
472 940 34 10
472 965 43 15
472 1127 19 15
472 1278 38 12
473 667 33 6
473 1148 55 10
474 530 2 5
474 864 26 13
474 893 5 4
474 1057 44 9
474 1106 40 1
474 1203 40 10
475 497 17 10
475 656 21 15
475 1047 47 2
476 485 7 12
476 703 60 12
476 1013 34 12
477 1004 34 4
478 603 45 9
478 659 18 2
478 794 47 13
478 847 35 12
478 863 27 14
478 879 28 12
478 919 13 4
478 1095 59 15
479 547 34 6
479 816 52 8
479 870 59 8
479 871 54 5
479 922 12 12
479 950 22 5
479 1228 45 8
481 631 5 3
481 671 11 10
481 690 6 8
481 794 52 3
481 1059 28 15
481 1092 43 11
482 678 1 5
482 1082 16 11
482 1169 48 12
482 1259 58 3
483 569 52 2
483 580 12 1
483 943 32 2
483 989 52 9
483 1167 38 4
483 1224 2 11
483 1264 52 6
484 561 12 9
484 587 37 11
484 637 40 5
484 747 49 13
484 750 59 7
484 953 21 14
485 494 4 15
485 583 19 15
485 697 5 3
485 857 47 3
485 938 4 15
485 1073 18 9
485 1141 46 2
486 666 52 12
486 693 39 11
486 792 8 7
486 843 47 9
486 921 20 10
486 926 36 7
486 1018 22 3
486 1149 11 15
486 1224 24 2
487 609 46 15
487 734 39 3
487 940 51 5
487 1124 41 5
487 1236 12 9
488 513 55 10
488 652 42 10
488 666 52 2
488 769 43 7
488 787 35 1
488 809 60 12
488 1030 58 6
488 1134 59 9
488 1232 39 8
489 593 49 13
489 697 39 14
489 749 39 11
489 892 29 1
489 917 32 3
490 1190 16 10
491 545 11 9
491 821 34 8
491 825 57 7
491 1006 52 7
491 1018 48 1
491 1103 21 7
491 1268 52 14
492 525 45 8
492 658 59 2
492 659 2 11
492 892 42 11
492 1003 21 4
492 1043 25 10
492 1063 39 14
492 1071 52 7
492 1164 44 3
492 1210 51 3
493 729 27 1
493 1128 27 3
493 1268 39 11
494 509 26 6
494 591 58 8
494 1061 48 7
494 1135 31 10
494 1145 14 2
495 584 4 10
495 747 43 11
495 883 15 12
495 916 37 13
495 1222 44 13
495 1280 2 5
496 841 39 14
496 989 59 1
496 1002 3 15
496 1035 18 15
496 1180 50 11
497 640 44 15
497 740 48 1
497 993 5 13
497 1128 54 12
498 548 52 14
498 577 19 7
498 610 11 12
498 712 55 14
498 1013 50 10
498 1072 16 13
498 1254 49 1
499 632 51 13
499 760 15 6
499 911 18 9
499 916 37 15
499 1141 35 1
499 1177 56 6
500 630 11 6
500 767 1 7
500 893 52 12
500 952 44 7
500 991 37 9
501 626 26 9
501 637 55 10
501 653 11 10
501 744 45 10
501 1048 38 6
502 512 17 12
502 734 22 2
503 510 45 3
503 750 44 2
503 1043 27 9
504 541 40 7
504 637 4 3
504 656 8 9
504 782 56 15
504 804 34 10
505 730 41 8
506 627 23 2
506 950 3 11
507 667 50 8
507 734 54 5
507 926 54 7
507 1011 30 1
507 1084 11 5
507 1253 55 7
507 1280 4 7
508 521 27 4
508 613 38 5
508 807 23 1
508 992 15 4
508 1166 22 15
508 1193 14 15
509 596 26 2
509 719 58 5
509 750 34 8
509 905 21 7
509 1035 28 9
509 1197 33 13
509 1239 19 3
510 699 3 15
510 704 15 15
510 1214 29 13
511 855 33 3
511 1072 17 15
511 1215 22 15
512 893 33 13
512 926 37 6
513 828 16 5
513 837 31 12
513 841 51 8
513 871 8 12
513 1134 37 4
513 1246 17 15
513 1268 52 2
514 515 31 10
514 566 16 15
514 696 55 14
514 724 41 9
514 744 12 5
514 1094 37 15
515 720 37 1
515 765 11 8
515 829 18 4
515 834 43 6
515 1115 46 1
515 1132 23 12
515 1218 13 12
516 823 59 4
516 885 18 12
516 1052 14 2
517 732 27 10
517 740 11 12
518 923 57 8
518 1046 9 15
519 654 28 1
519 952 44 1
519 966 13 7
519 1191 4 4
520 577 36 5
520 700 32 3
520 709 36 3
520 725 24 5
520 1008 59 14
520 1013 33 3
520 1246 7 9
521 569 25 11
521 848 38 6
521 1214 26 3
522 553 13 2
522 713 32 11
522 1004 33 12
522 1157 55 9
523 526 12 3
523 644 1 9
523 735 20 12
523 761 32 5
523 1062 54 2
523 1270 48 12
524 629 52 10
524 930 48 8
524 1151 56 12
524 1239 31 4
524 1240 2 8
525 670 38 11
525 872 16 9
525 915 10 14
525 928 29 12
525 976 38 2
525 1208 6 9
526 624 24 5
526 738 20 3
526 885 1 14
526 906 45 2
526 922 29 10
526 1093 46 11
526 1160 34 13
526 1169 10 12
527 682 59 13
527 727 11 6
527 1140 13 7
527 1156 22 9
528 626 38 4
528 1091 41 10
528 1207 49 14
528 1241 59 15
529 722 52 15
529 1123 20 3
530 563 6 11
530 751 30 10
530 874 39 8
530 899 32 3
530 988 19 5
530 1047 52 2
530 1247 30 2
531 678 4 7
531 765 40 12
531 920 43 11
531 1059 54 13
531 1135 45 6
532 595 46 6
532 642 56 11
532 718 1 6
532 725 2 3
532 829 19 5
532 982 21 15
532 1069 59 2
533 547 8 4
533 1068 43 15
533 1252 11 8
534 653 59 5
534 664 39 6
534 951 31 7
534 1175 35 4
534 1222 36 15
535 1073 52 3
535 1093 32 15
535 1147 7 14
535 1168 49 13
535 1254 46 1
536 545 37 1
536 1002 59 9
536 1009 56 1
536 1031 18 11
536 1138 56 13
537 657 18 10
537 715 28 7
537 1058 13 15
537 1133 31 15
538 1056 27 13
539 756 35 3
539 893 42 14
539 937 6 15
539 1059 48 7
539 1231 45 15
540 543 17 12
540 547 24 8
540 582 50 10
540 621 41 3
540 698 37 8
540 762 31 3
540 960 41 10
540 1272 28 4
541 616 24 15
541 641 11 4
541 853 44 12
541 1010 20 2
541 1068 51 11
541 1160 24 1
542 701 17 13
542 710 13 1
542 1029 19 12
542 1094 34 6
542 1152 37 13
542 1213 29 15
542 1276 4 9
543 587 48 14
543 740 30 6
543 748 15 6
543 971 60 8
544 828 43 10
544 1260 10 15
544 1283 7 9
545 1098 19 4
546 735 42 7
546 957 14 7
547 843 39 14
547 1018 4 13
547 1059 31 7
547 1145 27 8
548 705 52 7
548 849 8 4
548 888 18 12
548 1068 33 10
549 648 42 6
549 674 45 11
549 700 37 5
549 808 28 1
550 695 43 14
550 749 52 6
550 759 53 6
550 1110 5 4
550 1137 22 1
551 556 59 8
551 698 11 4
551 702 6 15
551 709 1 3
551 773 21 7
551 880 38 14
551 935 33 2
551 956 38 14
551 971 35 7
551 974 32 15
551 1244 54 2
552 1141 56 7
552 1217 29 15
553 609 50 7
553 727 55 5
553 905 21 8
553 1033 29 3
553 1184 33 12
554 591 23 15
554 701 27 14
554 805 33 7
554 843 34 10
554 908 4 1
554 932 25 11
554 938 3 14
554 1122 5 12
554 1204 12 13
555 556 28 14
555 1001 23 11
555 1003 22 15
555 1282 27 13
556 778 27 13
556 1058 51 1
556 1200 28 8
556 1213 37 12
556 1258 40 5
557 612 43 8
557 698 54 10
557 801 41 6
557 961 48 2
557 1077 33 9
557 1099 44 1
558 600 55 2
558 674 56 11
558 680 47 2
558 764 46 2
558 826 59 2
558 963 54 9
558 1240 51 3
558 1277 1 3
559 564 9 1
559 758 2 10
559 994 12 7
559 1094 21 8
559 1214 1 14
560 691 56 2
560 792 58 4
560 814 53 8
560 828 43 14
560 921 58 9
560 932 29 14
560 1020 40 2
560 1135 9 5
560 1173 6 13
560 1205 29 10
561 768 22 1
561 1054 29 11
562 590 43 7
562 606 59 13
562 616 38 7
562 627 55 7
562 886 42 7
562 1185 15 15
562 1246 33 9
563 707 10 1
563 809 21 14
563 974 26 5
563 1165 42 5
564 594 28 9
564 680 57 4
564 1057 7 12
564 1183 55 1
564 1209 21 1
565 594 40 10
565 610 27 2
565 678 49 5
565 789 50 8
565 860 5 11
565 961 4 1
565 1082 31 12
566 923 18 3
566 1178 12 11
566 1233 13 8
566 1271 52 15
567 738 43 4
567 1066 47 15
567 1240 14 15
568 607 45 8
568 892 60 1
568 993 44 9
568 1012 48 14
568 1149 43 4
568 1214 39 15
569 658 50 7
569 973 28 7
569 1067 43 5
569 1170 4 15
570 585 26 13
571 616 53 4
571 715 51 1
571 881 48 10
571 908 22 8
571 936 40 8
571 1073 47 6
571 1163 17 5
571 1246 51 9
572 688 35 4
572 697 60 15
572 885 5 13
572 925 47 3
572 968 51 7
572 1201 27 2
572 1221 31 15
573 960 56 6
573 1168 19 11
574 577 35 6
574 610 53 7
574 788 50 10
574 924 40 7
574 1056 34 4
575 709 1 8
575 755 4 6
575 791 27 12
575 988 46 8
576 931 15 2
577 812 9 6
577 825 50 14
577 925 39 11
577 1195 22 3
578 711 39 3
578 1005 12 14
579 588 3 4
579 665 3 8
579 748 53 5
579 825 60 13
579 991 7 10
579 1044 49 4
579 1056 23 5
579 1250 53 3
580 678 60 12
580 767 39 2
580 959 53 6
580 1017 25 15
580 1187 11 1
581 681 31 5
581 1035 21 11
581 1066 35 12
581 1191 59 14
582 721 16 3
582 728 30 13
582 1089 19 15
582 1106 26 15
582 1110 5 11
583 685 3 4
583 833 8 9
583 987 59 2
583 1097 17 1
583 1099 37 6
585 622 41 11
585 694 38 7
585 719 55 15
585 784 32 14
585 1036 54 4
585 1258 1 2
586 589 31 14
586 1136 19 10
586 1199 37 10
587 704 47 12
587 963 37 3
587 1008 8 13
588 807 15 15
588 809 1 5
588 1141 8 13
588 1245 40 8
589 617 17 5
589 756 53 13
589 787 56 15
589 825 22 5
589 855 31 13
589 975 3 11
589 1096 40 7
590 659 36 7
590 721 4 15
590 794 53 11
590 837 57 12
590 1155 47 4
590 1241 38 9
591 996 1 6
591 1135 21 4
592 666 26 14
592 731 28 1
592 743 11 7
592 757 22 4
592 901 5 13
592 1088 51 6
592 1141 5 10
592 1181 32 6
593 840 6 3
593 875 58 12
593 878 26 5
593 883 33 12
593 933 54 6
593 1093 29 10
594 610 12 11
594 1019 25 15
594 1034 10 3
594 1064 46 13
594 1162 9 7
595 834 8 12
595 1234 18 3
596 618 24 3
596 829 1 12
596 1203 30 15
596 1233 43 15
597 657 33 9
597 805 16 2
597 940 18 10
598 736 5 4
599 600 21 11
599 605 4 4
599 781 37 2
599 993 9 15
599 1197 58 1
600 683 51 12
600 730 24 13
600 1034 13 6
600 1146 2 9
600 1193 53 11
601 658 26 1
601 671 32 13
601 813 4 1
601 1216 22 12
602 736 31 4
602 844 36 3
602 997 26 4
602 1115 2 7
603 921 40 1
603 1112 31 4
603 1151 26 14
604 772 5 11
604 812 45 2
604 1069 49 2
605 937 59 3
605 1019 57 7
605 1106 41 2
605 1221 55 7
606 980 22 2
606 1097 25 6
606 1098 58 3
606 1242 57 4
607 821 60 6
607 984 8 10
607 1010 44 5
607 1139 15 4
607 1159 56 9
608 772 50 6
608 945 41 1
609 776 38 15
609 794 55 14
609 968 33 12
610 696 58 10
610 1075 21 8
610 1242 42 9
611 649 20 2
611 715 54 9
611 723 45 13
611 733 37 5
611 1021 47 3
612 710 17 12
612 754 18 7
612 1069 14 10
612 1091 27 2
613 698 52 7
613 774 50 9
613 1028 56 6
613 1144 29 7
613 1194 22 2
613 1220 22 1
614 793 15 4
614 838 10 15
614 996 22 11
614 1108 27 2
614 1197 48 10
615 706 38 14
615 1047 32 13
615 1083 53 7
616 774 58 15
616 898 22 15
616 1059 54 13
616 1133 4 7
616 1261 28 13
617 938 19 3
617 1212 28 11
618 623 11 2
618 720 7 12
618 730 22 10
618 731 23 3
618 763 57 11
618 926 32 11
618 949 36 5
618 1076 37 8
618 1157 52 1
619 685 49 11
619 782 6 15
619 1086 52 9
619 1177 6 7
620 675 16 9
620 805 36 1
620 876 24 13
620 1263 17 6
621 662 14 1
621 768 8 6
621 1160 12 8
622 624 31 10
622 880 52 8
622 1005 24 9
622 1224 36 2
623 936 52 14
623 1151 48 11
624 668 56 1
624 822 44 6
624 831 60 6
624 881 34 2
624 942 30 5
624 957 1 5
624 968 31 4
624 1087 23 9
624 1151 52 11
624 1223 59 14
624 1228 55 14
625 687 37 7
625 953 54 13
625 1139 25 14
626 976 52 10
626 1195 22 2
627 634 35 9
627 781 25 14
627 958 32 13
627 966 46 10
627 1028 6 2
627 1115 54 7
627 1145 20 6
627 1170 39 11
628 914 2 6
628 1048 29 11
628 1120 49 9
628 1166 3 8
628 1205 16 8
629 679 11 15
629 728 28 12
629 1233 22 5
630 688 58 14
630 732 53 5
630 858 43 15
630 1044 39 12
630 1241 49 14
631 657 60 1
631 713 26 11
631 749 57 14
631 861 5 5
631 878 55 13
632 655 35 15
632 913 43 9
632 1268 2 1
633 662 36 8
633 700 47 2
633 742 7 2
633 938 17 2
633 1177 53 3
634 830 57 12
634 877 23 7
634 942 41 9
634 959 26 7
634 965 14 7
634 1088 6 1
634 1128 9 1
634 1228 15 11
634 1241 44 3
635 705 60 5
635 763 32 6
635 821 3 7
635 963 53 9
635 967 6 1
635 984 14 15
635 1026 16 2
635 1216 44 1
636 887 22 10
636 1137 41 1
636 1264 56 6
637 641 17 14
637 695 26 7
637 784 36 5
637 913 23 12
637 1064 13 7
638 754 24 4
638 1085 49 2
638 1124 10 14
638 1258 35 15
639 648 13 15
639 720 4 12
639 915 43 13
639 962 34 4
639 969 19 7
639 1074 47 8
639 1124 7 4
639 1196 24 3
639 1281 23 12
640 705 35 8
640 773 18 1
641 647 60 8
641 655 6 7
641 944 8 5
641 1013 16 12
641 1026 3 9
641 1158 24 11
641 1249 33 5
642 883 52 2
642 1088 60 8
642 1157 60 15
643 917 10 15
643 1009 22 5
643 1068 3 12
643 1177 8 1
643 1255 22 13
644 792 45 1
644 1244 57 12
645 1107 17 2
646 653 48 4
646 655 30 12
646 663 56 13
646 811 3 1
646 840 34 14
646 903 24 6
646 929 44 5
646 946 7 9
646 957 22 10
647 819 1 13
647 883 8 4
647 1026 26 13
647 1126 11 12
647 1128 2 5
647 1226 51 4
648 979 30 9
649 709 38 14
649 788 60 8
649 1126 16 4
649 1187 54 10
650 787 18 9
650 897 53 4
650 1111 51 2
650 1193 26 10
651 816 28 9
651 876 16 7
651 1103 31 2
651 1235 52 10
652 668 60 8
652 693 27 3
652 847 45 2
652 917 30 6
652 958 11 13
652 1034 2 10
652 1191 17 8
652 1195 60 1
652 1276 42 12
653 862 36 6
653 1108 31 4
654 919 32 14
654 1090 29 15
654 1230 31 1
655 754 28 7
655 925 55 2
655 1013 7 15
655 1177 60 12
656 707 21 7
656 731 28 1
656 908 8 11
656 1072 15 12
656 1182 21 10
656 1200 52 15
658 1069 39 2
658 1161 10 9
658 1270 7 11
659 825 58 14
659 870 13 12
659 884 48 2
659 1000 4 11
659 1237 3 11
659 1243 33 6
660 700 18 11
660 924 35 14
660 1256 59 4
660 1265 2 1
661 892 27 11
661 933 47 9
661 942 25 7
661 1082 50 7
661 1132 37 6
661 1212 12 1
661 1224 7 1
662 823 14 7
662 848 30 8
662 1105 41 6
663 1082 15 15
663 1188 59 3
664 707 27 2
664 724 29 12
664 909 13 4
664 1165 31 15
664 1208 16 3
665 778 49 3
665 852 6 8
665 979 13 9
665 1212 23 3
666 865 44 9
666 1049 3 2
666 1247 33 14
667 843 6 7
667 907 23 13
667 948 29 9
667 1209 30 6
668 946 14 3
668 1023 33 4
668 1106 8 14
668 1228 60 5
669 843 44 2
669 927 59 4
669 981 44 15
669 1257 45 13
669 1261 33 6
670 779 30 13
670 1284 5 2
671 710 12 11
671 800 60 5
671 817 45 12
671 835 45 5
671 988 36 12
671 1183 43 10
671 1228 31 15
672 678 58 13
672 906 12 11
672 1078 55 12
672 1203 52 13
672 1247 39 14
672 1265 41 9
674 933 55 14
674 1063 43 11
674 1220 15 4
675 852 52 10
675 853 26 11
675 957 28 8
675 1021 50 15
675 1037 14 2
675 1055 9 6
676 819 59 1
676 867 53 4
676 945 24 15
676 976 4 14
676 1003 54 14
676 1062 45 15
677 790 43 1
677 888 28 2
678 1073 48 8
678 1105 22 9
679 719 31 10
679 892 46 4
679 975 39 1
679 1114 34 13
679 1229 43 14
679 1232 11 11
679 1243 32 9
680 684 26 9
680 785 31 2
680 1160 2 1
681 688 8 5
681 697 17 10
681 838 32 13
681 853 30 14
682 718 59 6
682 721 58 15
682 967 48 2
682 1068 46 8
683 888 10 14
683 972 36 15
683 1197 56 8
683 1209 57 7
684 718 18 12
684 734 32 12
685 759 53 15
685 804 42 10
685 1013 60 15
685 1074 4 5
685 1082 26 12
685 1163 53 2
685 1169 31 4
685 1210 44 10
685 1266 12 12
686 784 36 12
686 786 6 5
686 872 40 12
686 875 10 6
686 943 48 11
686 952 48 15
686 1015 28 14
686 1062 60 6
686 1150 38 15
687 854 33 7
687 968 60 2
687 1061 17 6
687 1282 20 1
688 846 10 12
688 880 44 14
689 764 58 1
689 842 43 8
689 1007 49 15
689 1071 24 8
689 1073 16 8
689 1102 60 13
690 735 30 9
690 748 58 12
690 855 3 3
690 896 9 1
690 1195 10 10
691 1213 32 10
692 783 32 8
692 934 20 14
692 982 54 10
692 987 55 9
692 1102 3 2
692 1133 49 9
692 1277 38 11
693 966 25 11
693 981 11 4
694 1061 1 5
694 1215 10 15
695 834 10 12
695 865 36 10
695 1070 2 9
695 1100 43 8
696 873 28 5
697 733 1 15
697 880 53 11
697 886 48 4
697 1184 40 1
698 938 32 8
698 1068 8 8
698 1208 36 4
699 1026 31 14
699 1080 26 1
699 1140 26 6
700 950 37 5
700 1094 46 14
700 1207 50 4
700 1274 7 14
701 726 32 3
702 766 33 15
702 1004 9 8
702 1188 51 8
702 1267 16 14
702 1280 29 12
703 1042 19 4
703 1133 33 14
703 1232 18 3
704 740 18 10
704 816 45 6
704 905 52 9
705 940 2 14
705 1055 6 14
705 1224 20 14
706 903 39 2
706 932 16 8
706 1084 53 4
707 853 51 15
707 927 47 7
708 1079 4 11
708 1181 2 4
708 1263 1 9
709 745 4 11
709 747 11 15
709 789 40 6
709 865 29 11
709 1081 44 4
709 1123 48 5
709 1180 14 6
709 1223 11 8
710 926 12 11
710 929 40 2
710 1169 29 1
710 1220 4 9
710 1235 42 7
711 1200 49 15
712 715 31 3
712 720 3 12
712 858 24 11
712 869 22 6
712 1152 46 5
712 1249 16 4
713 829 30 7
713 1128 7 15
713 1145 32 13
713 1246 31 7
713 1270 23 5
714 750 47 8
714 762 55 8
714 884 21 10
714 954 29 13
714 1078 52 13
714 1103 35 6
714 1110 43 9
715 731 28 3
715 776 40 8
715 939 25 9
715 1027 59 11
715 1223 57 11
716 815 36 8
716 1087 29 7
716 1098 15 14
717 1092 38 2
718 776 49 8
718 808 7 4
718 958 31 6
718 1013 14 5
718 1081 19 9
719 822 21 2
719 823 2 14
719 989 43 15
719 1130 52 7
719 1225 30 4
720 829 4 12
720 1047 11 1
721 765 12 10
721 838 54 3
721 930 6 3
721 1086 11 8
721 1245 22 2
722 807 37 11
723 896 26 1
723 993 59 7
723 1025 60 5
723 1140 51 7
723 1202 39 12
724 752 58 3
724 768 36 4
724 899 4 12
724 1028 53 15
724 1081 41 3
725 762 22 2
725 801 50 8
725 830 8 4
725 877 43 3
726 790 12 1
726 881 52 12
726 898 15 3
726 905 10 3
726 1144 60 11
727 920 6 13
727 1045 34 10
727 1202 12 10
728 969 27 9
728 994 58 2
729 781 39 12
729 848 45 15
730 960 37 1
730 988 51 2
730 1039 58 9
731 926 12 7
732 883 48 12
733 804 55 11
733 811 15 15
733 842 46 3
733 854 17 6
733 885 22 4
733 995 31 8
733 1061 53 3
734 755 5 14
734 868 48 4
734 1000 28 1
734 1122 60 4
735 1157 45 10
735 1169 43 1
735 1278 26 8
736 1055 55 5
736 1129 50 2
736 1150 24 5
736 1189 32 2
736 1264 3 13
738 1053 18 9
738 1093 51 3
739 832 19 3
740 751 34 9
740 990 19 1
741 776 41 3
741 950 55 3
741 977 2 13
741 1260 36 12
742 744 34 9
742 752 5 14
742 891 39 6
742 1258 12 2
743 771 18 15
743 878 46 10
743 958 11 6
743 1038 23 10
743 1244 31 5
744 762 11 5
744 784 43 13
744 820 3 11
744 1050 7 15
744 1113 36 9
744 1203 31 4
745 1063 35 15
745 1108 20 12
745 1207 13 7
746 1032 42 4
746 1110 58 9
747 857 26 1
747 1002 27 6
747 1022 45 6
747 1117 46 5
748 751 16 1
748 879 12 8
748 1210 16 4
749 868 48 10
749 1038 36 15
749 1115 25 3
750 889 33 14
750 1129 24 13
751 1013 47 9
751 1188 41 2
752 878 1 2
752 1124 55 13
753 887 5 6
753 894 3 14
753 1167 10 14
754 770 21 12
754 955 11 4
755 1035 40 3
755 1053 12 14
755 1172 11 3
755 1275 49 4
756 847 51 4
756 1076 11 4
757 794 34 11
757 890 15 10
757 1024 41 6
757 1136 2 3
758 937 52 9
758 1261 49 8
759 779 50 4
759 812 34 12
759 915 5 2
759 1012 4 7
759 1047 7 4
760 774 25 9
760 935 40 12
760 1030 24 2
760 1091 45 13
761 847 7 4
761 857 19 6
761 915 60 1
762 865 23 7
762 869 8 2
762 1106 26 2
762 1143 29 2
762 1227 24 11
763 859 42 8
764 894 35 2
764 900 48 8
764 994 58 3
765 930 10 4
765 972 25 12
765 1097 26 4
765 1179 53 3
766 1187 45 6
766 1206 42 11
766 1245 33 12
767 924 31 9
767 942 16 4
767 1079 54 11
767 1215 19 13
768 914 7 12
768 964 26 15
768 974 2 12
768 1057 24 9
768 1230 41 2
768 1238 27 15
769 1166 44 9
769 1214 42 8
769 1259 15 6
770 864 41 1
770 1122 5 2
770 1198 32 6
770 1205 45 11
771 980 14 12
771 997 30 1
772 797 23 2
772 876 25 15
772 917 43 7
772 922 1 13
773 1160 2 2
773 1169 55 3
773 1180 52 4
773 1240 8 12
774 1011 15 1
774 1091 48 13
774 1124 55 13
774 1255 59 7
775 818 52 3
775 1147 41 12
776 813 9 8
776 957 43 4
776 1084 57 13
776 1283 58 6
777 1147 11 6
777 1171 31 9
778 1070 59 1
778 1095 52 12
778 1130 36 8
779 998 11 9
780 1021 23 11
780 1113 6 12
780 1144 26 15
781 924 4 14
781 927 28 15
781 991 10 4
782 984 29 2
782 1019 3 11
782 1041 16 12
782 1068 38 9
782 1077 16 13
783 930 48 15
783 1126 53 11
783 1129 10 12
783 1234 38 8
784 876 51 11
784 1061 34 9
784 1180 3 7
785 909 35 12
785 952 5 1
785 955 52 14
787 962 38 14
787 1129 1 6
788 793 44 9
788 850 40 2
788 1193 1 2
789 1169 56 13
790 917 16 11
790 989 8 1
790 1036 43 15
791 979 45 14
791 1068 25 12
791 1235 8 4
791 1238 11 3
792 927 15 13
792 946 5 3
792 1003 15 9
793 819 42 8
793 869 50 4
793 1193 8 5
794 1095 19 5
795 997 59 2
795 1163 44 11
795 1269 19 13
796 842 42 13
796 972 10 9
796 1184 20 9
796 1208 9 15
796 1212 41 6
796 1234 44 11
797 938 33 9
797 1115 26 4
798 805 57 13
798 1017 23 2
798 1094 8 3
799 834 56 14
799 857 16 7
799 1029 17 5
800 804 23 15
800 967 19 8
800 1010 51 15
801 860 3 12
801 1009 40 9
801 1010 41 6
801 1024 3 15
801 1057 2 2
801 1130 22 13
801 1202 60 15
802 930 48 8
802 1028 29 7
802 1191 1 14
803 1239 46 3
804 866 55 6
804 867 37 14
804 1039 2 12
804 1056 8 15
804 1071 36 12
804 1158 49 1
804 1230 22 13
805 927 55 5
806 1066 48 2
806 1114 34 6
806 1132 9 4
806 1181 46 7
807 1157 56 12
807 1270 42 7
808 901 50 3
810 828 34 7
811 856 1 9
811 889 50 12
811 987 27 3
811 1058 44 7
811 1059 49 7
812 864 6 6
812 1238 59 7
813 1069 58 7
813 1180 18 2
813 1248 28 7
814 872 31 7
814 980 50 4
814 1001 45 1
814 1053 31 12
815 1258 8 2
816 1124 56 1
816 1284 24 11
817 986 39 4
817 1263 35 14
818 873 30 3
818 911 33 7
818 1070 56 8
818 1168 11 14
818 1240 54 9
819 989 39 12
819 996 32 13
820 895 30 15
820 990 52 6
820 1163 45 12
821 879 5 6
821 1030 44 3
821 1043 48 10
821 1153 31 15
821 1157 3 8
821 1271 54 14
822 835 11 14
822 1205 54 5
822 1243 52 9
823 988 12 15
823 1103 57 9
823 1116 44 1
823 1168 53 8
824 999 32 6
824 1085 39 10
824 1249 17 11
825 938 14 1
825 1194 9 13
825 1238 54 2
826 888 56 13
826 1081 49 4
826 1256 2 4
827 909 2 15
827 913 45 7
827 950 43 3
827 1115 56 7
827 1238 3 5
828 909 10 14
829 912 8 4
829 933 35 5
829 968 55 14
829 1073 18 12
830 1184 45 13
830 1228 20 8
831 885 44 8
832 984 59 15
832 1125 29 9
833 939 2 8
833 1017 45 9
834 1068 36 5
834 1108 58 12
834 1159 7 6
834 1186 10 3
836 1005 14 8
836 1165 26 12
837 966 29 11
837 1199 1 4
838 949 43 4
838 967 29 12
838 1023 22 6
838 1223 52 5
839 927 21 1
839 956 23 9
839 1012 17 5
839 1077 21 11
839 1267 42 9
840 1052 54 12
840 1159 1 5
840 1235 51 2
841 1258 21 4
842 930 3 15
842 1111 33 13
843 894 12 5
843 1073 43 8
843 1082 35 10
843 1182 22 2
844 867 41 10
844 926 29 7
844 1046 55 6
845 999 21 8
846 1178 40 2
846 1193 29 5
847 1269 14 10
848 1109 47 6
849 1033 5 6
849 1268 23 8
849 1284 44 10
850 1092 48 15
851 885 38 11
851 1071 53 5
852 870 41 2
852 1178 53 8
852 1187 11 4
853 971 22 6
854 873 29 5
854 903 4 8
854 927 41 2
854 1210 20 5
855 1007 15 12
855 1018 46 6
855 1061 49 12
855 1178 43 8
857 929 23 1
857 937 31 10
857 983 38 7
858 916 38 13
858 1189 20 3
859 1042 40 11
859 1049 24 8
859 1244 4 7
860 886 2 6
860 918 36 8
860 931 60 11
860 961 41 12
860 968 33 15
860 1042 57 15
860 1062 56 2
860 1216 2 14
861 1153 32 7
863 884 8 14
863 929 53 1
863 980 47 8
863 1037 3 1
863 1047 11 2
863 1191 42 14
865 1282 17 2
866 888 58 2
866 942 26 1
866 1256 17 5
867 971 46 1
867 1078 30 8
868 909 44 15
868 1032 49 10
868 1036 23 10
868 1108 52 10
868 1195 31 6
869 1279 7 9
870 1149 10 4
871 1143 22 14
872 1009 4 15
872 1092 59 13
872 1143 46 5
873 916 2 4
873 962 43 9
873 1083 47 1
874 915 26 11
874 1245 36 5
874 1256 26 2
875 1251 10 4
876 1094 57 13
876 1223 30 8
877 1253 54 15
877 1258 20 5
877 1262 50 7
878 1054 30 10
878 1159 45 10
879 905 22 2
879 913 33 9
879 1117 42 1
879 1215 32 4
879 1263 60 4
880 1122 4 1
881 984 39 1
881 1035 36 9
881 1091 49 6
881 1202 11 12
882 906 26 8
882 1190 23 11
882 1217 39 3
883 987 1 11
883 1023 57 13
883 1084 58 15
883 1086 56 7
884 938 13 6
884 1232 50 10
885 922 49 15
885 960 23 11
885 998 21 3
885 1161 47 13
886 957 16 12
886 1052 42 2
887 979 30 3
887 1034 44 7
887 1040 52 2
889 1076 18 12
889 1126 52 9
890 1225 60 11
891 921 14 15
891 1196 48 5
892 1004 49 5
892 1165 7 5
892 1167 44 9
893 1124 3 3
893 1140 1 5
893 1241 56 6
893 1267 43 6
894 959 8 12
894 1109 23 12
894 1151 55 7
895 1037 13 11
895 1091 17 6
895 1177 49 5
896 1220 44 9
896 1230 59 13
897 1003 43 2
898 1007 55 10
898 1160 22 6
899 942 3 9
899 963 42 5
899 1115 45 11
899 1148 33 15
899 1217 33 4
900 1008 51 14
900 1246 51 11
900 1251 52 11
901 1104 40 12
901 1149 24 13
901 1254 8 6
902 909 58 7
902 914 34 7
903 994 21 7
903 1198 31 8
903 1274 35 6
904 1114 2 4
904 1217 56 7
905 958 35 8
905 1277 42 14
906 1086 41 11
906 1121 29 8
906 1158 46 12
906 1204 18 13
907 1235 38 7
908 917 28 12
909 912 20 3
909 1119 29 5
909 1129 47 14
909 1132 60 15
910 988 54 7
911 917 28 9
911 922 50 2
911 1000 55 14
911 1060 50 3
911 1151 11 5
911 1215 41 8
912 965 59 3
912 1014 35 10
912 1041 10 8
912 1211 28 2
913 948 6 10
914 921 45 9
915 1164 42 9
916 963 33 6
916 1026 34 14
916 1057 2 3
916 1146 5 13
916 1176 44 12
916 1233 7 4
917 972 5 6
917 1185 2 12
917 1264 11 1
918 993 34 14
918 1076 47 1
918 1089 16 7
918 1144 9 9
919 922 5 14
919 1005 41 1
919 1028 19 4
919 1100 60 12
919 1147 33 6
920 1060 20 1
920 1104 23 11
921 1018 8 4
921 1040 32 13
921 1199 3 12
922 1115 40 9
923 951 55 3
923 1160 25 14
924 1019 16 11
924 1167 53 15
925 1095 38 13
925 1099 21 1
925 1150 31 3
925 1218 18 6
925 1263 48 3
925 1264 28 8
927 1078 34 12
928 1091 9 1
929 966 39 7
929 983 50 10
930 960 21 1
930 973 12 2
930 981 8 8
930 1012 51 11
930 1087 33 10
931 1154 43 7
931 1228 8 7
932 1057 26 6
932 1120 35 15
933 1228 52 6
933 1253 60 13
933 1264 45 3
934 948 15 11
934 1060 36 4
934 1234 24 7
935 1200 18 7
935 1282 25 2
936 1217 3 14
937 1120 27 3
937 1160 53 12
939 1134 59 5
940 945 42 11
940 1090 23 14
940 1200 10 9
940 1235 32 10
941 1114 15 9
941 1250 1 1
942 1224 31 7
943 1183 2 12
943 1275 7 6
944 1007 47 14
944 1120 40 2
944 1251 11 11
944 1253 32 7
945 997 40 14
945 1004 14 10
945 1162 2 13
946 995 57 12
946 1122 4 6
946 1241 34 3
946 1242 32 2
947 963 33 5
947 1108 16 3
948 963 49 8
948 1045 1 15
950 1014 30 13
950 1042 54 10
950 1153 40 13
951 1059 44 9
951 1074 12 6
953 1077 57 3
954 1038 2 2
954 1210 46 11
955 1257 57 13
956 1095 32 13
956 1120 53 11
956 1144 17 5
956 1226 6 4
957 1114 27 3
957 1189 40 14
957 1207 2 3
958 1007 18 8
958 1125 56 11
958 1173 6 11
958 1282 40 8
959 1151 54 15
959 1239 24 5
960 973 19 12
961 1134 50 9
962 1009 25 11
962 1085 9 12
962 1170 15 2
963 1094 23 11
963 1279 48 12
964 1133 50 9
964 1215 12 9
965 1125 8 9
966 996 12 12
966 1112 25 2
966 1232 29 7
966 1248 40 11
967 1068 43 7
967 1077 4 13
967 1226 5 10
967 1252 5 2
968 995 6 1
968 1176 13 2
969 1054 60 4
970 1062 4 3
971 1153 34 6
972 1164 21 7
973 1147 3 4
974 1012 15 5
974 1162 26 11
974 1187 51 8
974 1269 11 13
975 1129 26 14
975 1228 27 9
975 1230 52 7
977 979 44 7
978 1014 34 15
979 1121 45 10
980 1045 33 12
980 1140 36 12
981 1229 22 13
982 1091 32 7
983 1016 16 10
983 1041 40 8
984 1119 19 12
984 1175 29 7
985 1029 17 1
985 1031 51 12
985 1132 15 4
985 1174 25 9
986 1124 46 8
986 1146 47 14
986 1221 13 3
987 1165 22 6
987 1211 43 12
988 1065 16 8
989 1015 42 6
989 1082 28 4
990 1221 56 12
991 998 20 11
994 1183 51 2
995 999 37 10
995 1097 49 11
995 1125 56 7
995 1172 29 10
995 1278 31 3
996 1032 10 2
998 1050 40 6
999 1042 22 8
999 1058 21 13
999 1270 57 11
1000 1151 41 3
1002 1050 9 14
1002 1175 6 7
1003 1198 13 4
1003 1234 52 4
1004 1060 60 8
1004 1126 55 2
1005 1010 12 15
1005 1108 30 15
1005 1222 33 14
1005 1258 37 14
1006 1072 54 15
1006 1081 47 15
1007 1116 3 6
1008 1273 10 2
1009 1114 37 9
1010 1136 47 1
1011 1131 17 8
1012 1037 33 12
1012 1131 17 15
1013 1268 21 8
1015 1130 57 2
1016 1218 41 11
1016 1252 28 4
1017 1024 9 15
1017 1100 11 7
1018 1064 21 5
1018 1082 33 2
1018 1231 15 11
1019 1086 35 6
1019 1197 1 7
1021 1068 33 15
1021 1208 29 4
1024 1109 33 1
1025 1284 24 6
1026 1112 2 3
1026 1202 19 6
1026 1259 23 5
1027 1095 14 10
1027 1221 13 15
1029 1148 14 3
1029 1177 9 6
1029 1221 28 5
1029 1254 22 12
1030 1178 60 6
1030 1267 30 14
1031 1113 13 4
1031 1175 52 11
1031 1253 52 9
1032 1283 10 14
1033 1128 14 12
1033 1175 54 12
1033 1244 28 7
1033 1255 37 6
1035 1037 30 8
1035 1049 25 13
1035 1051 8 6
1035 1149 31 10
1035 1227 44 7
1036 1037 11 4
1036 1050 13 1
1037 1221 5 5
1037 1246 23 9
1039 1201 36 11
1039 1207 44 2
1041 1129 15 4
1041 1248 7 15
1041 1275 55 4
1043 1232 3 12
1045 1050 36 10
1045 1139 22 9
1045 1245 32 12
1046 1119 33 13
1047 1195 22 11
1048 1191 8 15
1049 1132 14 1
1051 1216 43 3
1052 1170 26 13
1052 1252 59 8
1053 1118 60 7
1055 1279 52 3
1057 1148 41 14
1059 1086 37 8
1059 1204 17 8
1060 1207 48 10
1060 1272 40 8
1062 1215 7 6
1062 1253 25 7
1062 1265 54 5
1063 1163 2 4
1063 1232 55 2
1064 1085 49 7
1064 1112 40 9
1065 1210 56 10
1065 1218 7 15
1066 1233 37 11
1067 1185 27 11
1067 1213 13 6
1067 1240 42 3
1068 1277 16 15
1070 1168 14 2
1071 1168 26 6
1071 1245 31 15
1072 1144 53 7
1072 1195 56 15
1073 1134 30 8
1073 1137 60 13
1074 1190 55 8
1076 1082 43 6
1076 1240 13 5
1077 1213 55 15
1079 1123 21 2
1080 1102 35 8
1081 1092 7 5
1081 1121 21 14
1083 1094 58 3
1083 1141 46 3
1083 1271 8 8
1084 1282 15 15
1085 1137 25 10
1086 1185 52 1
1090 1167 22 6
1091 1107 17 3
1091 1145 5 3
1092 1103 51 2
1094 1111 5 8
1095 1182 3 7
1095 1254 60 11
1096 1106 1 12
1096 1207 16 3
1097 1123 37 15
1097 1136 58 5
1100 1260 32 8
1100 1262 33 2
1102 1107 52 11
1102 1136 6 6
1102 1150 2 8
1102 1168 56 10
1104 1237 36 8
1105 1278 25 15
1106 1234 58 15
1107 1136 17 2
1107 1153 17 5
1107 1234 42 12
1110 1154 46 4
1111 1241 51 7
1111 1271 14 12
1113 1166 1 2
1114 1124 4 2
1115 1196 18 3
1117 1140 44 15
1117 1253 38 5
1117 1273 6 13
1119 1263 57 5
1122 1245 51 10
1123 1124 37 6
1126 1236 15 4
1127 1214 43 12
1128 1136 12 12
1129 1279 15 7
1131 1227 54 6
1134 1270 26 2
1135 1219 44 2
1136 1184 35 15
1136 1272 15 13
1139 1256 32 8
1140 1184 27 5
1143 1198 35 3
1146 1272 38 4
1147 1202 60 15
1148 1155 20 15
1148 1249 32 15
1149 1155 23 2
1149 1281 6 5
1151 1172 16 6
1151 1234 11 5
1152 1228 58 9
1153 1175 30 15
1154 1242 49 7
1155 1267 26 2
1156 1234 46 15
1157 1187 49 2
1157 1241 48 14
1157 1279 26 1
1159 1185 25 9
1159 1264 51 1
1160 1161 28 2
1160 1206 22 11
1161 1216 46 13
1163 1246 30 15
1163 1263 48 1
1164 1268 29 12
1171 1270 47 3
1174 1239 47 11
1174 1281 34 8
1177 1218 47 13
1179 1205 47 6
1181 1210 17 9
1182 1259 7 1
1183 1242 10 5
1183 1254 46 14
1188 1190 31 1
1194 1209 14 8
1195 1269 37 15
1207 1281 10 6
1208 1218 31 9
1211 1274 19 12
1212 1264 40 1
1213 1240 60 5
1215 1228 28 11
1217 1226 57 5
1219 1249 22 4
1221 1241 58 14
1222 1278 13 2
1223 1232 25 8
1225 1265 57 15
1240 1283 30 12
1247 1252 33 10
1248 1265 29 5
1271 1272 11 6

0 27 14
1 50 47
2 67 8
3 84 20
4 85 12
5 97 13
6 100 34
7 105 30
8 107 2
9 121 30
10 136 37
11 138 22
12 171 4
13 174 15
14 181 28
15 185 1
16 192 44
17 198 26
18 200 35
19 206 48
20 226 36
21 228 47
22 229 20
23 237 37
24 247 5
25 250 32
26 252 49
27 255 37
28 257 24
29 262 37
30 270 7
31 278 45
32 283 44
33 286 9
34 292 22
35 299 36
36 305 26
37 306 26
38 313 44
39 315 40
40 323 47
41 327 8
42 350 1
43 355 47
44 369 33
45 373 30
46 386 8
47 395 43
48 401 29
49 410 41
50 426 4
51 436 23
52 437 37
53 486 38
54 508 31
55 512 4
56 520 50
57 537 11
58 542 23
59 552 1
60 573 40
61 575 8
62 585 30
63 618 24
64 637 25
65 638 12
66 640 18
67 645 5
68 650 1
69 654 44
70 663 26
71 666 36
72 672 15
73 677 25
74 686 21
75 688 19
76 698 42
77 705 43
78 709 29
79 718 33
80 719 21
81 725 3
82 728 42
83 745 33
84 747 33
85 766 28
86 783 36
87 789 17
88 795 18
89 799 9
90 803 19
91 805 11
92 840 16
93 879 18
94 880 11
95 901 35
96 929 4
97 936 40
98 952 46
99 961 10
100 967 30
101 986 30
102 993 5
103 1003 35
104 1005 24
105 1007 29
106 1028 30
107 1052 20
108 1064 35
109 1087 14
110 1094 30
111 1106 46
112 1115 9
113 1116 31
114 1143 47
115 1156 22
116 1164 18
117 1178 18
118 1208 7
119 1209 47
120 1240 50
121 1241 15
122 1247 47
123 1249 50
124 1256 2
125 1257 25
126 1283 31
127 1284 6
