1384 4156 138 7

0 30 5274
1 60 10363
2 90 15273
3 120 20007
4 150 24571
5 180 28970
6 210 33206

0 49505
1 44940
2 51059
3 42956
4 52840
5 54103
6 48486
7 50827
8 50316
9 51876
10 60614
11 41119
12 41934
13 47287
14 47061
15 39807
16 49355
17 42657
18 34085
19 47581
20 47928
21 44445
22 64500
23 51221
24 48568
25 49828
26 41547
27 51901
28 44400
29 46787
30 40556
31 46862
32 50428
33 38747
34 40125
35 40361
36 43915
37 48582
38 48708
39 48636
40 43386
41 58566
42 54166
43 50230
44 49150
45 46415
46 42330
47 58368
48 36454
49 33158
50 47555
51 47234
52 53854
53 44989
54 38494
55 29475
56 50758
57 55530
58 42811
59 43806
60 51651
61 31629
62 53476
63 36026
64 43271
65 49059
66 33413
67 48850
68 40965
69 50259
70 50722
71 43006
72 47114
73 49903
74 32821
75 40782
76 39097
77 38540
78 36046
79 51591
80 57964
81 38556
82 30896
83 53007
84 49648
85 50581
86 47118
87 48461
88 33569
89 39253
90 39528
91 48631
92 52432
93 33435
94 39543
95 40310
96 53305
97 42870
98 37893
99 55557
100 31942
101 45798
102 50572
103 57436
104 58452
105 55708
106 45153
107 48398
108 45939
109 44065
110 54438
111 50461
112 45256
113 24677
114 54908
115 49447
116 41166
117 41046
118 45170
119 39894
120 31813
121 41467
122 53904
123 47018
124 43221
125 32713
126 42567
127 50093
128 53482
129 39123
130 35963
131 58948
132 48401
133 44863
134 33496
135 51061
136 51864
137 59140
138 37200
139 52872
140 46080
141 35953
142 59427
143 41402
144 56671
145 41653
146 49264
147 52952
148 48728
149 50909
150 45160
151 42685
152 37226
153 50209
154 46905
155 56100
156 49587
157 66706
158 46379
159 37909
160 51072
161 44162
162 58195
163 55292
164 33014
165 41603
166 46723
167 50502
168 51714
169 46605
170 52755
171 52973
172 53805
173 33307
174 48649
175 49698
176 57235
177 34312
178 36483
179 50681
180 47546
181 43460
182 57202
183 49160
184 46450
185 62175
186 38906
187 52512
188 48651
189 40462
190 28192
191 48109
192 47998
193 38830
194 61356
195 55397
196 37869
197 61194
198 41730
199 36733
200 48733
201 54486
202 45955
203 38171
204 47385
205 43518
206 47803
207 41760
208 51471
209 52488
210 51251
211 39503
212 53050
213 39591
214 44975
215 55154
216 40262
217 39008
218 46413
219 44889
220 47841
221 56640
222 49315
223 43039
224 47775
225 43698
226 38426
227 41537
228 44537
229 50878
230 42473
231 37085
232 52307
233 52613
234 59257
235 61740
236 54841
237 44546
238 46442
239 52378
240 34174
241 26696
242 41704
243 37746
244 39100
245 39723
246 41357
247 42486
248 48623
249 43301
250 41651
251 44636
252 52728
253 35700
254 44810
255 39739
256 50829
257 46023
258 42161
259 47453
260 44035
261 55201
262 42246
263 33284
264 49744
265 47375
266 40435
267 48489
268 41717
269 44287
270 30542
271 50942
272 46433
273 48430
274 35525
275 44890
276 49145
277 56660
278 48671
279 33742
280 33330
281 45125
282 45599
283 40362
284 29887
285 44564
286 38132
287 47168
288 60791
289 62146
290 48825
291 48545
292 51070
293 30713
294 29953
295 49253
296 46331
297 36213
298 42066
299 51123
300 41680
301 39678
302 46373
303 46785
304 55164
305 44189
306 56808
307 42466
308 44638
309 31723
310 42868
311 50116
312 47491
313 51001
314 52571
315 40331
316 41631
317 52029
318 33888
319 40467
320 33089
321 38638
322 49722
323 56427
324 40030
325 41146
326 49601
327 36638
328 39034
329 50937
330 36749
331 43071
332 40149
333 50433
334 57520
335 46914
336 36359
337 37476
338 38640
339 59079
340 55590
341 53986
342 39435
343 45419
344 45998
345 55197
346 46276
347 48474
348 49950
349 53640
350 40360
351 44329
352 38856
353 30382
354 29890
355 62517
356 46551
357 58531
358 45823
359 57278
360 61997
361 40791
362 48282
363 49820
364 48185
365 50957
366 40317
367 49111
368 49466
369 44329
370 50538
371 42592
372 42257
373 44879
374 47076
375 49616
376 43131
377 37744
378 48666
379 57883
380 54140
381 56338
382 59288
383 57441
384 50928
385 48460
386 43702
387 40282
388 35165
389 42091
390 50835
391 25515
392 55221
393 43480
394 43783
395 36024
396 43136
397 40596
398 33124
399 45267
400 44663
401 51215
402 49359
403 59400
404 46751
405 36214
406 49618
407 40317
408 54158
409 54175
410 25773
411 37064
412 45968
413 48075
414 43387
415 39013
416 51957
417 46380
418 51923
419 45757
420 35617
421 43814
422 33743
423 45548
424 59859
425 53488
426 47564
427 50814
428 36448
429 45814
430 49702
431 32508
432 45035
433 43684
434 52319
435 44951
436 53882
437 55710
438 39616
439 51791
440 53410
441 61494
442 49903
443 40326
444 42935
445 41454
446 49053
447 50073
448 40426
449 49493
450 37492
451 33417
452 58459
453 49912
454 40325
455 44801
456 35140
457 43109
458 49756
459 40876
460 43189
461 42406
462 33523
463 50260
464 29304
465 32843
466 54193
467 50481
468 43916
469 47297
470 41934
471 50732
472 50811
473 50009
474 45299
475 49332
476 43963
477 34110
478 52833
479 42094
480 37775
481 48494
482 39618
483 43631
484 37810
485 42009
486 64304
487 49068
488 55305
489 50475
490 44611
491 43955
492 44752
493 52023
494 54061
495 39921
496 39245
497 57797
498 54428
499 56653
500 50519
501 51824
502 44682
503 46158
504 51830
505 42809
506 51425
507 46831
508 50459
509 48706
510 41896
511 59688
512 37044
513 46143
514 47593
515 54223
516 43394
517 43923
518 38423
519 23607
520 48952
521 43050
522 38224
523 56440
524 42651
525 46724
526 35265
527 51179
528 41657
529 44153
530 45023
531 58521
532 57080
533 45735
534 39355
535 46270
536 57150
537 50748
538 42523
539 50257
540 45433
541 34919
542 65078
543 42472
544 32468
545 46661
546 46740
547 41600
548 52943
549 50998
550 31777
551 44868
552 39849
553 56007
554 38672
555 39584
556 43481
557 42122
558 36390
559 58618
560 50903
561 55108
562 36695
563 33619
564 34678
565 38119
566 38963
567 55452
568 55458
569 54270
570 43484
571 48204
572 57942
573 60019
574 38529
575 48062
576 36371
577 45463
578 44235
579 54055
580 37375
581 29058
582 32319
583 45292
584 33432
585 41811
586 46743
587 53599
588 63678
589 41543
590 46268
591 36530
592 49913
593 39583
594 57572
595 35070
596 58932
597 53705
598 47836
599 46962
600 46218
601 60574
602 44622
603 38470
604 59983
605 42807
606 51460
607 48270
608 51032
609 61855
610 58885
611 39758
612 55225
613 51747
614 44304
615 42594
616 44605
617 54344
618 52857
619 50258
620 30470
621 46581
622 46522
623 27114
624 36727
625 43268
626 66003
627 54431
628 50858
629 48947
630 42320
631 41935
632 33937
633 55617
634 62458
635 46023
636 39910
637 46373
638 42395
639 47061
640 60864
641 52119
642 34957
643 49397
644 41153
645 33141
646 54273
647 53673
648 53234
649 52901
650 50576
651 44182
652 49469
653 35623
654 40533
655 44875
656 47312
657 43787
658 44338
659 52162
660 41168
661 45654
662 44727
663 41464
664 52580
665 51282
666 58004
667 43238
668 43284
669 38742
670 35816
671 48687
672 59351
673 40674
674 51030
675 54088
676 27883
677 45086
678 40988
679 40476
680 26199
681 51006
682 42451
683 41815
684 37806
685 45361
686 53179
687 51558
688 45389
689 49045
690 55381
691 46086
692 50704
693 51455
694 47272
695 30674
696 46224
697 37591
698 44129
699 35861
700 41085
701 40623
702 37100
703 51202
704 47793
705 49511
706 35118
707 62506
708 46895
709 39017
710 50118
711 53981
712 47860
713 29406
714 54206
715 45312
716 45214
717 41388
718 38174
719 42245
720 41736
721 46585
722 30072
723 38625
724 50652
725 48216
726 51616
727 42812
728 56047
729 57030
730 47818
731 39637
732 44920
733 40239
734 47103
735 47648
736 37373
737 44181
738 55131
739 47004
740 59352
741 47033
742 40556
743 49189
744 41766
745 57362
746 46068
747 37443
748 54085
749 49279
750 43250
751 41832
752 31876
753 37075
754 41430
755 40585
756 34227
757 48577
758 56311
759 45741
760 52648
761 40386
762 45179
763 40921
764 43735
765 50908
766 47507
767 52857
768 31433
769 60125
770 43974
771 36062
772 52093
773 56753
774 38283
775 50343
776 54684
777 32152
778 43475
779 50421
780 31444
781 55685
782 44099
783 45069
784 60344
785 56955
786 50577
787 46754
788 47108
789 38031
790 49986
791 59174
792 53897
793 40777
794 55014
795 52322
796 66860
797 50483
798 47226
799 54847
800 43261
801 43673
802 47521
803 64494
804 42955
805 43196
806 53489
807 31769
808 41629
809 42500
810 65863
811 56261
812 55667
813 35388
814 42112
815 40522
816 50922
817 44944
818 46045
819 53574
820 51210
821 34716
822 40417
823 44890
824 60026
825 64905
826 48773
827 50693
828 44713
829 32483
830 40092
831 33059
832 49855
833 43534
834 59232
835 50049
836 39650
837 58478
838 53948
839 50925
840 44685
841 69316
842 50583
843 51742
844 37280
845 58830
846 45704
847 46055
848 48657
849 42938
850 50616
851 59406
852 41785
853 48927
854 50960
855 45513
856 36006
857 51543
858 44738
859 47401
860 57581
861 49376
862 43344
863 49575
864 48827
865 38716
866 49560
867 44757
868 36565
869 38364
870 51144
871 40647
872 44837
873 69703
874 41662
875 57381
876 51667
877 54991
878 45583
879 30791
880 54359
881 36185
882 46766
883 41018
884 33320
885 44390
886 23162
887 51953
888 48673
889 37604
890 42839
891 51081
892 47874
893 43360
894 63347
895 60362
896 43098
897 43857
898 62086
899 49996
900 39859
901 51253
902 44026
903 52824
904 48605
905 36541
906 33616
907 44814
908 46435
909 58630
910 45687
911 55408
912 40421
913 38462
914 63497
915 41042
916 47976
917 58425
918 65173
919 50388
920 43337
921 44045
922 45880
923 45476
924 50061
925 51825
926 48594
927 39204
928 46646
929 51966
930 55507
931 53948
932 56966
933 46114
934 42747
935 62981
936 59664
937 40390
938 59148
939 49377
940 39418
941 40885
942 39608
943 68514
944 53525
945 35100
946 44472
947 49393
948 57201
949 40274
950 39024
951 47359
952 58160
953 49125
954 42087
955 40187
956 43392
957 42590
958 31399
959 51967
960 48329
961 62620
962 41741
963 54575
964 39900
965 33565
966 50815
967 40620
968 45439
969 46755
970 32470
971 41227
972 44434
973 56776
974 46331
975 57157
976 43699
977 42875
978 44484
979 35123
980 32226
981 48803
982 38546
983 53044
984 47790
985 52411
986 58792
987 50045
988 46600
989 26332
990 49963
991 29706
992 54960
993 56247
994 29615
995 54659
996 58695
997 27680
998 48457
999 55761
1000 49241
1001 45268
1002 52182
1003 44360
1004 44342
1005 53646
1006 52119
1007 42195
1008 33684
1009 40087
1010 37713
1011 51601
1012 52268
1013 52983
1014 43511
1015 34091
1016 44902
1017 44728
1018 36500
1019 64727
1020 47828
1021 46424
1022 45714
1023 37501
1024 59192
1025 37101
1026 48891
1027 57996
1028 57363
1029 45271
1030 45981
1031 52655
1032 55565
1033 47383
1034 50651
1035 53226
1036 33472
1037 45205
1038 38536
1039 65781
1040 55470
1041 41013
1042 43399
1043 54854
1044 57731
1045 50257
1046 55781
1047 31062
1048 45754
1049 46319
1050 35617
1051 51693
1052 51217
1053 41867
1054 44137
1055 29101
1056 41647
1057 36550
1058 62876
1059 46278
1060 38908
1061 45041
1062 48480
1063 52666
1064 41886
1065 37612
1066 61889
1067 43962
1068 55020
1069 42459
1070 59855
1071 43985
1072 65969
1073 60777
1074 37155
1075 46609
1076 47131
1077 45231
1078 50490
1079 43587
1080 47422
1081 50635
1082 57283
1083 41087
1084 54057
1085 49379
1086 54105
1087 41990
1088 30994
1089 60434
1090 51898
1091 37122
1092 38493
1093 42383
1094 41050
1095 46033
1096 37320
1097 29250
1098 46067
1099 52556
1100 48837
1101 33444
1102 42404
1103 60365
1104 51115
1105 38509
1106 41961
1107 48868
1108 53010
1109 32666
1110 44648
1111 57411
1112 53208
1113 54397
1114 56061
1115 49771
1116 56587
1117 61943
1118 34929
1119 54014
1120 43263
1121 44679
1122 47647
1123 58080
1124 58968
1125 55695
1126 42473
1127 49865
1128 47730
1129 47870
1130 43139
1131 43297
1132 42110
1133 44117
1134 35719
1135 47312
1136 55999
1137 39687
1138 54650
1139 38363
1140 47957
1141 54477
1142 43087
1143 41132
1144 37943
1145 45654
1146 54301
1147 57619
1148 48820
1149 46304
1150 48081
1151 49284
1152 46186
1153 56204
1154 37150
1155 25599
1156 55713
1157 55728
1158 37355
1159 51598
1160 38538
1161 48693
1162 33472
1163 45219
1164 39634
1165 43548
1166 46028
1167 36835
1168 38753
1169 53314
1170 35143
1171 43943
1172 34954
1173 40094
1174 44320
1175 42305
1176 47392
1177 42003
1178 56260
1179 31563
1180 44953
1181 60327
1182 56726
1183 47644
1184 50487
1185 35192
1186 40327
1187 40937
1188 48171
1189 45998
1190 47304
1191 52574
1192 39367
1193 44377
1194 37760
1195 47031
1196 43820
1197 39680
1198 45840
1199 43251
1200 39736
1201 51918
1202 50485
1203 43260
1204 55553
1205 45208
1206 53959
1207 51306
1208 49914
1209 49713
1210 46397
1211 45082
1212 48471
1213 37217
1214 56147
1215 52056
1216 49523
1217 42652
1218 40091
1219 37573
1220 52878
1221 37069
1222 48939
1223 48878
1224 52094
1225 54165
1226 43436
1227 59309
1228 44381
1229 56338
1230 54209
1231 50359
1232 42596
1233 60642
1234 46161
1235 50442
1236 47828
1237 50708
1238 44300
1239 40820
1240 60065
1241 35027
1242 39194
1243 42711
1244 56538
1245 42880
1246 39735
1247 37511
1248 56298
1249 59775
1250 42824
1251 38444
1252 47025
1253 44574
1254 45382
1255 47035
1256 47008
1257 56755
1258 55273
1259 60023
1260 42811
1261 45572
1262 46464
1263 45668
1264 43926
1265 48181
1266 42762
1267 45466
1268 53293
1269 41775
1270 41663
1271 40366
1272 38448
1273 47512
1274 47656
1275 39678
1276 47144
1277 26628
1278 37813
1279 55360
1280 36793
1281 55681
1282 47288
1283 58040
1284 54771
1285 50161
1286 46079
1287 57180
1288 45355
1289 60606
1290 44781
1291 37453
1292 39097
1293 33035
1294 36116
1295 44928
1296 49340
1297 43226
1298 44329
1299 36947
1300 47641
1301 40209
1302 63267
1303 33251
1304 45638
1305 49490
1306 48826
1307 58518
1308 48529
1309 45120
1310 27124
1311 43683
1312 60124
1313 39515
1314 52757
1315 43855
1316 33868
1317 39406
1318 39859
1319 37444
1320 49549
1321 37372
1322 38987
1323 46954
1324 52467
1325 45681
1326 39694
1327 41359
1328 39153
1329 43929
1330 49768
1331 42111
1332 32405
1333 64691
1334 51093
1335 38771
1336 56583
1337 45181
1338 63361
1339 43097
1340 58857
1341 44138
1342 43420
1343 52309
1344 36543
1345 38335
1346 34171
1347 42485
1348 41756
1349 47329
1350 59667
1351 42410
1352 46225
1353 51593
1354 47402
1355 57471
1356 54792
1357 39256
1358 54453
1359 57099
1360 34378
1361 50241
1362 47511
1363 31755
1364 46016
1365 42398
1366 40428
1367 42718
1368 43781
1369 50380
1370 36866
1371 51678
1372 37212
1373 34805
1374 39500
1375 51587
1376 43267
1377 46839
1378 51905
1379 32784
1380 54507
1381 55490
1382 35773
1383 43000

0 240 18 1
0 600 44 12
0 601 8 2
0 611 41 10
0 626 55 1
0 710 38 15
0 725 22 2
0 736 57 3
0 753 60 14
0 805 49 4
0 860 35 12
0 920 9 6
0 1071 52 8
0 1106 37 9
0 1166 52 14
0 1252 43 8
1 211 7 12
1 244 32 10
1 487 27 6
1 553 39 7
1 601 26 15
1 687 46 5
1 710 35 12
1 736 27 12
1 805 22 14
1 907 51 15
1 1166 42 9
2 578 11 8
2 601 5 2
2 627 27 3
2 710 10 6
2 736 4 15
2 805 52 12
2 1166 7 11
2 1206 8 14
3 140 23 3
3 518 34 15
3 713 26 12
3 1107 20 15
3 1148 53 11
4 228 17 15
4 933 50 9
5 576 26 8
5 642 5 12
5 713 34 11
5 743 32 6
5 794 21 2
5 833 25 9
5 1206 5 10
5 1364 22 3
6 25 5 13
6 580 22 6
6 761 3 1
6 891 60 9
6 1160 43 8
6 1209 59 2
6 1218 43 4
6 1372 34 3
7 146 40 6
7 230 46 2
7 307 50 9
7 429 22 14
7 571 31 3
7 589 44 6
7 755 57 1
7 951 42 9
7 1234 47 1
7 1332 10 12
8 19 19 14
8 24 57 11
8 247 14 8
8 338 43 6
8 468 40 3
8 536 52 10
8 1057 11 4
8 1083 41 8
9 144 17 3
9 338 52 9
9 738 19 3
9 744 47 10
9 843 34 1
9 862 11 6
9 1137 8 10
9 1231 31 8
9 1334 56 2
10 103 7 5
10 380 11 2
10 532 42 14
10 647 4 10
10 678 33 15
10 836 56 14
10 885 14 1
10 920 27 13
10 964 24 11
11 21 35 11
11 287 36 7
11 397 1 9
11 414 5 4
11 487 54 8
11 558 9 12
11 827 37 1
11 881 47 10
11 921 31 13
12 22 23 12
12 155 45 3
12 323 2 10
12 381 28 5
12 591 19 1
12 663 2 10
12 706 19 12
13 776 22 2
13 1318 55 6
14 299 23 11
14 374 52 11
14 704 47 9
14 777 32 13
14 936 36 13
14 1360 60 12
15 74 29 14
15 114 43 15
15 527 20 3
15 638 53 1
15 1139 10 2
16 68 5 6
16 340 17 3
16 449 32 11
16 526 27 12
16 795 37 10
16 964 20 11
16 997 31 5
16 1072 20 9
16 1190 20 9
16 1229 25 1
17 24 22 13
17 144 4 9
17 256 27 10
17 416 11 3
17 616 14 13
17 695 45 1
17 760 25 12
17 824 22 8
17 864 12 10
17 1113 15 8
18 146 32 15
18 446 45 12
18 793 55 14
18 1305 50 4
19 111 24 11
19 217 29 5
19 466 31 14
19 592 19 1
19 658 1 4
19 1089 17 12
20 63 16 6
20 207 45 5
20 901 60 14
20 996 58 7
20 997 1 1
20 1036 36 1
20 1041 3 1
21 892 52 10
21 997 20 3
21 1094 53 14
21 1109 47 11
21 1269 15 5
21 1295 25 12
21 1365 13 13
22 77 43 8
22 208 1 4
22 320 23 12
22 333 33 15
22 356 41 10
22 670 14 1
22 872 54 15
22 877 7 7
22 1015 35 2
22 1183 9 7
23 38 2 6
23 49 59 14
23 127 47 5
23 515 35 14
23 589 5 14
23 717 42 8
23 851 59 4
24 45 42 15
24 58 56 8
24 299 7 11
24 581 48 14
24 591 22 5
24 599 60 11
24 683 11 6
24 708 24 14
24 713 26 6
24 850 60 3
24 1034 52 7
24 1097 38 2
24 1275 2 9
25 299 28 8
25 683 17 1
25 703 22 4
25 918 27 9
25 939 46 9
26 89 41 13
26 203 46 5
26 405 27 14
26 744 31 1
26 1053 59 2
27 226 19 15
27 808 48 15
27 984 48 13
27 1005 27 13
27 1082 50 9
28 314 42 9
28 520 23 10
28 1382 15 15
29 209 53 13
29 313 8 3
29 432 39 15
29 638 26 11
29 1045 41 2
30 70 37 7
30 428 5 12
30 447 40 6
30 859 35 10
30 1287 3 8
31 73 58 8
31 270 47 1
31 401 21 8
31 434 47 10
31 490 28 7
31 502 25 11
31 665 16 9
32 141 19 10
32 183 60 4
32 193 13 10
32 305 29 2
32 516 53 11
32 582 53 2
32 654 33 12
32 923 23 15
33 392 3 9
33 496 54 3
33 651 16 5
33 841 36 6
33 1250 26 8
33 1259 42 5
34 313 59 9
34 669 57 9
34 675 17 7
34 1117 29 7
34 1213 41 2
34 1375 28 8
35 282 47 7
36 60 31 15
36 414 57 7
36 559 32 13
36 607 44 7
36 1342 51 4
37 258 35 2
37 801 54 7
37 1120 47 9
37 1375 22 5
38 510 24 14
38 957 27 3
39 124 12 15
39 202 31 1
39 663 52 15
39 846 41 1
39 1162 52 11
40 239 43 7
40 460 53 10
40 640 14 13
40 709 48 8
40 1033 16 4
40 1171 54 7
40 1302 43 5
41 69 57 5
41 288 38 9
41 606 59 11
41 692 8 4
41 719 19 2
41 997 25 1
41 1047 45 1
41 1063 24 13
41 1116 39 14
42 214 25 13
43 557 43 15
43 1105 51 6
44 82 30 5
44 425 41 8
44 438 25 1
44 448 40 2
44 1248 9 13
45 113 50 4
45 267 11 3
45 895 37 6
45 928 35 8
46 218 6 11
46 254 43 9
46 342 27 1
46 655 48 11
46 800 36 11
46 841 44 5
46 1003 36 13
46 1126 9 12
47 114 47 13
47 303 59 13
47 364 3 13
47 450 12 10
47 566 45 11
47 852 27 10
47 931 30 6
47 964 1 5
48 118 9 4
48 307 13 6
48 331 58 2
48 719 3 15
48 759 3 13
48 847 52 11
49 121 54 7
49 381 45 2
49 819 40 4
49 903 56 4
49 1015 10 1
49 1148 46 10
49 1291 23 11
49 1349 29 4
50 1084 15 14
50 1120 10 11
50 1326 52 14
51 94 43 10
51 327 46 8
51 723 42 6
52 401 51 8
52 487 43 4
52 783 27 1
52 798 13 8
52 937 24 7
52 1030 57 11
52 1065 56 1
52 1090 4 2
53 577 15 12
53 630 17 7
53 905 4 3
54 69 59 13
54 777 2 6
54 834 36 3
54 872 26 6
55 136 18 8
55 296 15 14
55 556 26 8
55 782 37 3
55 881 15 3
55 903 44 14
55 1141 32 12
55 1143 24 11
55 1233 6 10
55 1277 45 7
56 436 53 15
56 988 2 1
56 1212 51 12
57 417 13 9
58 172 59 7
58 402 60 14
58 529 2 14
58 548 43 12
58 838 3 13
58 1085 2 4
58 1199 29 10
59 372 40 3
59 388 3 14
59 395 12 13
59 446 47 9
59 558 32 8
59 740 37 9
59 918 60 9
59 924 48 8
59 960 10 8
59 993 35 4
60 162 52 7
60 496 56 11
60 529 4 10
60 653 3 7
60 730 4 3
60 774 5 5
60 931 58 12
60 1049 27 2
60 1175 20 2
61 95 51 8
61 329 60 13
61 351 2 12
61 503 19 8
61 614 28 10
61 959 14 3
61 1162 58 9
62 585 55 2
62 723 5 12
62 749 8 14
62 827 13 9
62 1093 33 1
62 1102 26 11
62 1213 25 8
63 289 1 13
63 862 20 1
63 1034 23 6
63 1067 32 3
63 1114 32 11
63 1144 3 2
63 1174 47 10
63 1259 30 6
63 1341 43 6
64 114 7 2
64 682 2 6
64 843 38 14
64 937 45 10
64 1168 44 12
65 692 19 4
65 725 52 4
65 810 59 4
65 905 6 5
65 918 46 12
65 1298 13 1
65 1354 10 11
66 228 38 1
66 594 20 3
66 666 53 7
66 1031 45 8
66 1112 50 5
66 1231 26 7
66 1288 13 14
67 94 53 9
67 370 6 9
67 918 32 4
67 1243 33 11
67 1285 24 15
68 72 60 9
68 158 39 8
68 271 26 5
68 374 48 5
68 622 6 1
68 873 46 2
69 216 34 10
69 1029 18 12
69 1376 24 15
70 372 40 2
70 604 30 11
70 633 41 4
70 688 10 4
70 875 59 7
70 1376 4 12
71 727 24 13
71 1160 43 10
71 1362 31 4
72 115 30 7
72 423 39 3
72 618 11 4
72 640 42 12
72 703 20 7
72 1149 36 3
72 1304 39 10
73 215 14 11
73 529 41 3
73 716 13 8
73 871 57 8
73 1296 60 5
74 370 19 3
74 452 42 13
74 757 33 6
74 874 2 7
74 922 59 14
74 1142 44 3
75 443 42 2
75 621 15 14
75 715 49 9
75 1016 2 9
76 214 57 14
76 226 30 1
76 680 2 3
76 871 24 15
77 351 31 13
77 549 50 11
77 772 50 8
77 1010 3 13
77 1131 7 3
77 1206 23 6
77 1323 53 4
78 83 28 2
78 450 1 2
78 595 3 12
78 1244 41 1
78 1248 47 12
78 1265 49 13
78 1321 52 6
78 1330 28 6
79 594 22 10
79 918 43 12
79 992 41 15
80 121 12 10
80 224 54 10
80 576 55 8
80 1224 6 3
81 227 12 3
81 442 40 15
81 564 34 9
81 821 52 11
81 831 52 15
81 1017 34 8
82 369 33 14
82 464 53 5
82 669 30 14
82 716 60 8
82 841 55 8
82 881 39 7
83 179 15 8
83 367 45 5
83 522 47 7
83 637 11 7
83 972 15 1
83 1151 25 13
84 453 31 1
84 987 41 6
84 1066 39 1
84 1240 60 7
85 722 10 10
85 725 40 8
86 212 21 3
86 616 49 15
86 656 2 4
86 678 32 6
86 820 23 4
87 170 31 1
87 564 21 12
87 1185 44 15
87 1317 59 7
88 175 54 6
88 269 35 2
88 440 13 6
88 948 23 15
88 962 8 3
88 1000 42 14
89 248 13 3
89 301 54 8
89 309 57 9
89 336 35 8
89 617 11 3
89 964 13 14
89 1028 35 13
89 1071 34 8
90 425 60 14
90 1022 12 13
90 1054 57 3
90 1176 22 7
90 1338 49 1
91 320 58 4
91 584 56 11
91 627 42 5
91 867 45 2
91 966 8 2
91 1031 55 14
91 1138 47 10
91 1187 22 10
92 205 25 7
92 281 11 5
92 333 21 10
92 958 53 14
92 1003 49 10
92 1371 17 12
93 195 38 2
93 308 13 7
93 389 9 8
93 394 59 8
93 1323 44 1
94 174 20 12
94 639 37 11
94 948 43 11
95 321 12 1
95 517 16 1
95 767 41 5
95 1012 4 12
95 1302 19 1
95 1356 30 13
96 162 50 5
96 380 5 10
96 426 24 7
96 859 43 10
97 116 49 9
97 159 15 6
97 431 5 5
97 437 50 2
97 465 3 11
97 577 51 6
97 761 44 15
97 1048 10 10
97 1078 53 2
97 1089 12 3
97 1220 48 3
98 148 22 4
98 241 35 1
98 366 17 15
98 621 16 9
98 635 10 6
98 708 6 12
98 840 32 3
98 848 3 14
98 870 27 14
98 997 29 13
98 1242 39 12
98 1332 14 3
99 285 58 2
99 562 52 1
99 1160 29 9
100 191 57 11
100 355 32 11
100 406 16 9
100 883 58 5
100 928 48 2
101 123 26 4
101 295 55 15
101 824 54 1
101 974 16 10
101 1007 20 2
101 1020 27 13
101 1223 20 12
101 1320 55 2
101 1332 36 2
102 134 51 11
102 135 20 7
102 203 52 8
102 343 27 15
102 422 17 1
102 781 58 5
102 866 25 4
102 944 34 11
102 980 32 5
103 195 51 11
103 303 38 6
103 704 21 13
103 924 46 8
103 1074 55 10
103 1337 24 14
104 174 51 10
104 249 35 12
104 402 60 2
104 433 31 10
104 440 10 15
104 480 52 4
104 492 9 1
104 587 50 1
104 862 16 14
105 427 35 9
105 585 46 13
105 966 35 14
105 1364 19 5
106 226 27 6
106 381 20 6
106 1063 23 3
107 302 56 7
107 608 59 7
107 648 52 2
107 747 46 11
107 785 27 7
107 1159 51 14
108 150 36 2
108 393 14 14
108 400 23 1
108 619 49 5
108 839 1 7
108 868 51 3
109 484 27 12
109 1017 6 4
109 1029 54 15
110 141 3 11
110 271 10 3
110 395 29 9
110 409 31 6
110 451 2 14
110 566 9 13
110 681 11 12
110 985 26 14
110 1154 18 9
110 1171 48 3
111 164 4 1
111 271 7 9
111 364 34 9
111 680 28 6
111 737 8 7
111 846 22 7
112 366 9 5
112 1186 57 8
112 1293 23 15
113 179 47 11
113 231 33 5
113 596 2 3
113 858 23 9
113 1017 58 1
113 1044 11 7
113 1150 6 12
114 660 12 8
114 729 30 15
114 869 50 10
114 995 26 1
114 1091 36 1
114 1160 11 13
115 863 59 3
115 1080 54 12
115 1092 6 6
116 119 44 2
116 895 15 3
116 1064 12 15
116 1211 2 15
117 172 9 14
117 224 29 12
117 962 20 1
117 1057 1 7
117 1353 47 15
118 205 5 10
118 416 19 7
118 821 12 15
118 941 58 11
118 997 56 6
118 1311 33 14
119 280 47 13
119 623 1 14
119 698 17 7
119 828 23 15
119 1182 24 14
119 1310 41 3
119 1320 13 8
120 161 37 13
120 632 19 14
120 635 46 7
121 299 34 12
121 342 58 15
121 435 17 11
121 480 58 10
121 1316 21 15
122 162 32 12
122 246 42 13
122 582 8 3
122 585 42 4
122 836 5 14
122 922 31 5
122 1077 18 2
122 1183 34 1
122 1234 55 15
122 1317 49 12
123 261 4 3
123 403 39 5
123 696 22 12
123 838 43 13
124 219 51 14
124 395 8 3
124 558 29 6
124 712 18 4
124 860 42 10
124 1376 26 14
125 586 20 15
125 827 43 5
125 901 7 11
126 197 21 13
126 821 8 12
126 971 58 14
126 1280 40 2
127 295 27 14
127 605 57 10
127 670 34 4
127 723 51 15
127 865 5 6
127 1154 2 9
127 1221 9 13
127 1256 40 4
128 823 34 7
128 867 48 9
128 1080 4 9
129 315 19 7
129 389 20 12
129 422 7 12
129 617 14 11
129 756 54 2
129 1375 23 14
130 149 50 5
130 227 6 8
130 385 39 14
130 612 1 15
130 638 44 6
130 1080 41 3
130 1344 7 3
130 1358 21 7
131 442 52 7
131 490 54 10
131 639 12 10
131 659 30 13
131 1225 5 9
132 147 19 12
132 193 15 13
132 322 30 2
132 325 20 7
132 438 12 2
132 469 10 14
132 585 17 15
132 781 11 1
132 897 48 6
132 906 11 15
132 1283 55 2
132 1323 38 7
133 233 45 4
133 324 25 7
133 698 24 2
133 855 53 12
133 1223 35 4
134 860 1 2
134 1097 21 2
135 226 16 14
135 342 50 10
135 374 6 3
135 772 33 8
135 873 26 6
135 1063 35 15
135 1160 41 5
136 310 50 7
136 344 24 15
136 810 14 1
136 853 60 5
136 988 23 5
136 1292 50 11
136 1348 6 1
137 292 29 1
137 541 52 15
137 775 18 1
137 966 1 3
137 975 28 11
137 991 53 8
137 1096 59 1
138 158 46 3
138 293 12 14
138 318 20 11
138 322 38 15
138 645 47 13
138 705 36 8
138 717 16 14
138 776 15 1
138 796 31 4
138 1272 19 11
138 1380 58 13
139 159 9 1
139 656 57 12
139 940 27 8
139 1182 56 14
139 1251 56 7
140 464 31 13
140 1137 33 5
140 1250 54 13
141 379 48 5
141 766 39 1
141 922 26 5
141 1092 29 2
142 285 31 2
142 790 52 3
142 844 15 13
143 516 36 13
143 1194 3 6
144 164 21 9
144 465 49 5
144 529 26 12
144 1142 3 10
145 373 10 15
145 812 11 6
145 1027 38 2
145 1051 22 1
145 1129 15 10
146 197 32 9
146 473 32 1
146 1197 23 2
146 1264 7 2
147 170 26 4
147 271 6 10
147 418 17 12
147 558 8 13
147 712 43 8
147 1082 43 13
148 445 11 1
148 556 1 14
148 803 2 10
148 907 5 4
148 1212 44 1
148 1362 9 14
149 278 48 5
149 331 58 10
149 831 6 13
149 988 1 2
149 994 21 11
149 1019 45 14
149 1296 7 13
150 319 60 5
150 506 51 14
150 888 52 1
150 928 33 13
150 970 58 4
150 1153 24 2
151 338 7 8
151 730 51 14
151 1127 58 9
151 1194 1 13
152 657 32 3
153 417 6 9
153 1126 39 14
153 1262 18 13
153 1333 39 11
154 157 34 11
154 744 11 8
154 1371 15 9
155 198 39 4
155 331 41 10
155 490 41 9
155 699 30 11
155 769 11 5
155 955 3 15
155 1110 44 1
155 1172 57 14
156 360 7 9
156 447 59 5
156 526 47 5
156 616 7 1
156 719 9 14
156 802 36 11
156 1361 24 4
157 589 11 2
157 810 18 3
157 931 33 13
157 976 45 13
157 1058 39 15
157 1118 13 11
158 334 20 15
158 639 44 1
158 654 38 8
158 812 28 4
158 820 59 5
158 1001 16 15
158 1116 11 1
158 1338 26 12
158 1347 8 8
159 165 1 7
159 202 17 10
159 452 8 11
159 1063 41 1
159 1118 3 11
160 261 39 14
160 496 52 3
160 715 2 5
160 738 50 5
160 742 54 7
160 1185 51 14
160 1239 4 10
161 561 24 15
161 593 29 12
161 912 17 14
161 1040 41 5
161 1115 20 14
161 1266 50 5
162 258 59 6
162 392 57 8
162 504 50 10
162 634 15 6
162 952 15 1
162 963 55 12
162 975 43 1
162 1069 22 5
162 1184 40 8
162 1339 23 2
163 274 60 11
163 490 40 14
163 494 4 9
163 582 46 10
163 836 55 7
163 1211 7 6
163 1244 40 7
163 1257 31 13
164 221 23 9
164 487 46 9
164 572 30 12
165 278 44 7
165 323 7 9
165 383 54 13
165 767 32 8
165 845 57 2
165 849 34 1
166 735 6 14
166 810 59 7
166 1122 33 6
167 293 9 8
167 350 26 7
167 558 3 10
167 1023 42 3
167 1033 54 4
167 1277 5 9
168 588 25 9
168 714 31 1
168 1052 58 7
169 196 55 2
169 481 42 15
169 754 28 10
169 921 2 1
169 1005 12 10
169 1006 45 10
169 1031 24 3
169 1151 13 13
169 1244 30 1
170 189 6 3
170 315 19 14
170 581 53 2
170 650 20 4
170 832 6 5
170 871 13 6
171 268 37 10
171 747 11 8
171 881 46 6
172 178 13 2
172 861 50 14
172 988 47 13
172 1050 12 4
172 1219 16 11
173 180 42 10
173 194 9 7
174 201 13 8
174 611 33 12
174 890 58 5
174 1106 1 13
174 1192 59 4
174 1289 54 11
174 1303 16 6
175 282 47 4
175 681 45 4
175 748 5 9
175 926 44 2
175 1042 38 9
175 1171 30 9
176 246 4 10
176 749 21 11
176 895 45 5
176 1000 29 14
176 1181 7 13
176 1192 48 11
176 1277 58 2
176 1284 11 11
177 582 40 3
177 1281 30 13
177 1310 30 3
177 1323 31 2
178 341 41 5
178 524 48 5
178 660 16 7
178 729 45 3
178 740 13 4
179 334 21 2
179 1346 30 15
180 182 41 12
180 393 42 3
180 423 59 6
180 496 45 14
180 606 57 11
180 853 46 15
180 928 14 8
180 1245 21 14
180 1368 31 11
181 1212 37 9
181 1305 15 4
181 1343 1 13
182 794 48 12
182 1257 8 12
183 231 8 11
183 387 2 11
183 764 59 14
183 833 21 2
183 929 38 6
183 1015 17 12
184 926 6 9
184 1095 57 2
184 1365 57 11
185 217 59 8
185 431 45 5
185 518 7 6
185 663 22 4
185 1217 48 3
186 264 15 2
186 376 54 10
186 771 59 14
186 801 31 2
186 901 1 3
186 1045 35 11
186 1203 17 8
187 421 45 4
187 663 19 4
187 730 30 7
187 779 19 10
187 809 60 8
188 718 43 2
188 729 3 13
188 1078 3 15
189 210 51 12
189 438 41 2
189 513 54 3
189 793 29 9
189 970 28 13
189 1260 33 4
190 557 6 15
190 567 26 13
190 898 17 8
190 1284 41 1
190 1363 3 3
191 338 58 8
191 600 56 8
192 251 29 1
192 389 47 7
192 405 43 14
192 1180 35 13
192 1251 30 9
193 241 38 4
193 345 39 8
193 1073 18 4
193 1212 59 15
193 1292 48 9
194 863 32 11
194 968 46 2
195 229 7 15
195 464 52 5
195 540 57 5
195 694 44 3
195 735 46 14
195 1019 47 12
195 1138 36 9
195 1353 23 10
196 481 26 6
196 583 7 2
196 667 51 8
196 718 44 12
196 735 25 7
196 774 8 2
196 1218 34 7
196 1273 50 15
197 384 54 8
197 509 30 12
197 1236 24 15
197 1372 39 12
198 431 15 1
198 573 33 14
198 1197 4 12
198 1312 28 11
198 1330 57 6
198 1358 28 10
199 260 42 13
199 347 54 15
199 788 52 15
199 1158 32 2
200 567 6 1
200 799 1 9
200 1155 59 6
200 1267 19 15
200 1286 48 6
201 824 17 9
201 1349 10 6
202 347 51 6
202 502 54 1
202 510 1 9
202 783 21 10
202 1052 4 10
203 492 8 13
203 625 60 10
203 932 23 2
204 339 56 5
204 379 28 4
204 857 46 3
204 1037 28 5
205 251 7 11
205 447 58 15
205 811 41 6
205 942 40 3
206 211 59 2
206 626 47 8
206 1276 49 3
206 1304 42 12
207 349 41 8
207 906 60 5
207 952 25 12
207 1338 44 6
207 1358 2 8
208 584 54 12
208 1037 37 7
208 1179 42 3
208 1380 10 6
209 464 50 3
209 562 42 6
209 624 14 4
209 864 37 6
209 1193 12 9
209 1231 8 7
210 350 39 8
210 541 55 8
210 608 1 1
210 630 9 5
210 1098 36 4
210 1104 26 8
210 1304 33 2
210 1336 30 4
210 1377 34 3
211 321 10 15
211 349 3 14
211 509 49 7
211 550 55 10
211 1104 24 15
212 377 23 14
212 483 50 7
212 688 31 13
212 730 26 11
212 841 35 2
212 948 7 5
212 1290 17 3
213 368 28 8
213 1061 33 13
214 539 34 8
214 841 28 1
214 978 15 4
214 1062 44 2
214 1117 29 9
215 462 21 3
215 680 5 13
215 853 31 14
215 915 28 9
215 966 41 2
215 1035 9 6
215 1079 51 13
216 868 29 7
216 901 38 5
216 1133 45 13
216 1202 47 8
216 1337 5 9
217 305 34 11
217 350 20 10
217 496 34 3
217 624 39 7
217 720 27 6
217 903 55 6
217 1108 21 7
217 1318 29 4
217 1322 4 5
218 231 5 13
218 457 38 3
218 746 6 3
218 775 4 14
218 880 55 5
218 952 49 4
218 1087 56 15
218 1119 35 2
218 1286 16 8
218 1383 35 9
219 1140 37 8
219 1321 9 6
220 1064 53 1
220 1114 48 12
220 1152 9 9
220 1289 5 5
221 242 53 1
221 563 55 8
221 892 14 12
221 1247 15 6
221 1265 21 3
221 1375 23 7
222 564 22 2
223 266 45 13
223 828 43 4
223 1094 53 15
223 1108 22 12
223 1123 42 11
223 1130 15 6
224 849 41 1
224 1253 41 1
224 1327 14 10
224 1351 17 5
225 231 13 6
225 254 55 2
225 592 16 4
225 794 38 14
225 1141 38 2
225 1201 1 13
226 269 20 15
226 443 55 3
226 643 57 1
226 895 48 15
226 1350 28 1
227 236 33 7
227 289 28 11
227 486 30 12
227 771 3 4
227 1179 26 4
227 1296 51 7
228 313 18 15
228 614 29 2
228 676 19 7
229 626 50 9
229 700 19 5
229 969 25 4
229 1059 16 7
229 1275 38 4
230 658 5 8
230 1358 50 7
231 327 44 4
231 582 41 11
231 919 48 14
231 978 32 12
231 1300 53 10
231 1353 1 1
232 341 32 2
232 509 58 12
232 556 20 3
232 636 22 7
232 849 9 4
232 1298 23 7
233 254 9 1
233 298 16 3
233 914 37 6
234 243 28 8
234 416 17 13
234 592 13 3
234 619 21 4
234 717 53 9
234 803 39 11
234 906 32 8
234 999 37 5
235 550 52 13
236 266 26 6
236 400 10 4
236 1040 3 12
237 567 36 8
237 572 8 4
238 1258 36 10
238 1377 22 9
239 253 55 12
239 575 37 14
239 800 39 8
239 874 38 12
239 1151 4 12
239 1186 58 13
240 539 2 2
240 611 48 14
240 833 4 14
240 877 40 5
241 1189 37 2
242 331 41 4
242 338 9 4
242 641 14 5
242 931 22 3
242 1179 46 2
242 1208 13 14
243 347 3 13
243 702 42 11
243 834 10 14
243 859 31 13
243 1065 12 15
243 1332 14 5
244 668 23 6
244 720 23 4
244 1005 43 2
245 1075 9 4
245 1124 17 10
245 1144 50 7
245 1371 47 12
246 380 20 1
246 889 32 5
246 1175 18 3
247 331 18 1
247 374 7 4
247 455 30 9
247 508 36 11
248 407 59 14
248 607 38 15
248 845 32 1
248 1284 13 10
248 1318 12 7
249 1077 50 9
249 1210 46 3
249 1223 43 13
250 1015 41 14
250 1098 34 11
250 1341 50 9
250 1367 20 4
251 486 32 12
251 603 5 11
251 815 25 12
251 1244 50 12
252 414 6 11
252 511 19 11
252 637 53 14
252 1071 26 10
252 1142 36 9
253 301 19 8
253 329 53 12
253 370 23 12
253 537 16 12
253 718 44 10
253 1264 59 7
253 1292 6 15
254 571 33 12
254 727 44 11
254 742 44 10
254 749 13 15
254 891 33 7
254 932 23 5
254 1028 35 4
254 1240 44 10
254 1330 8 1
255 483 23 3
255 866 7 14
255 1054 31 15
255 1367 13 7
256 304 26 9
256 408 50 7
256 564 45 15
256 1140 42 3
257 471 40 1
257 554 45 13
257 884 57 6
258 417 37 8
258 813 3 6
258 1152 11 15
259 527 8 15
260 436 26 11
260 569 36 12
260 606 3 10
260 1048 33 5
260 1178 33 6
260 1358 8 7
261 288 17 6
261 325 41 6
261 428 44 13
261 763 27 15
261 1019 27 10
261 1095 17 11
261 1133 46 12
261 1209 25 9
262 300 6 6
262 588 8 7
262 905 36 4
262 1131 38 12
262 1157 20 5
262 1200 50 6
262 1230 6 9
262 1319 38 7
263 870 1 15
263 941 15 1
263 1140 16 13
263 1205 15 5
264 608 35 5
264 716 42 10
264 1355 11 14
265 297 33 9
265 437 58 13
265 441 48 3
265 486 36 9
265 915 21 8
265 1077 12 13
265 1143 34 12
265 1382 30 12
266 735 52 14
266 946 6 7
266 1018 31 11
266 1036 11 10
266 1097 2 3
266 1205 41 8
267 966 36 2
267 1170 42 10
267 1306 21 3
268 724 52 7
268 769 35 13
268 972 36 8
268 1016 38 7
268 1108 18 11
268 1359 47 9
268 1382 24 12
269 606 33 15
269 639 46 4
269 994 28 9
270 287 23 11
270 396 9 7
270 920 17 10
270 1035 6 8
270 1064 3 2
270 1238 12 9
271 303 48 6
271 381 56 8
271 1011 9 1
271 1293 33 12
272 516 39 2
272 564 20 11
272 663 27 8
272 804 21 4
272 814 43 1
272 911 53 10
272 921 31 8
272 1115 3 8
272 1168 58 3
273 629 43 15
273 948 24 3
273 1342 7 5
274 337 37 4
274 412 6 5
274 479 37 9
274 534 30 9
274 660 22 11
274 957 4 2
275 336 7 13
275 514 33 4
275 583 17 5
275 787 20 3
275 880 43 6
276 802 21 4
276 1070 10 3
276 1300 32 15
276 1313 57 10
277 1068 22 14
277 1106 52 5
278 610 33 15
278 873 25 3
278 1201 18 12
279 388 21 13
279 475 1 5
279 1088 27 6
279 1302 33 4
280 337 2 7
280 626 37 12
280 954 18 8
280 987 2 6
280 1203 44 7
280 1309 56 15
280 1351 8 12
281 362 13 15
281 464 29 11
281 485 5 12
281 1321 54 10
281 1327 2 6
282 325 37 11
282 472 30 4
282 549 7 8
282 591 51 2
282 683 11 3
282 781 23 10
282 1222 27 8
283 648 29 8
283 680 49 5
283 699 9 4
283 938 9 14
283 1034 52 1
284 396 34 14
284 575 58 11
284 620 26 2
284 866 29 3
284 1359 28 7
285 376 45 5
285 445 45 15
285 474 8 3
285 628 26 4
285 904 5 2
285 1339 40 8
286 1302 35 4
287 432 3 11
287 547 40 14
287 595 42 12
287 689 46 14
287 1243 11 1
288 424 57 9
288 795 45 5
288 936 50 10
289 408 59 12
289 454 21 6
289 475 26 4
289 985 31 15
289 1151 33 12
289 1275 31 15
290 567 32 11
290 847 6 9
290 894 44 13
290 1002 7 9
290 1021 14 2
290 1296 11 5
291 590 23 5
291 682 39 15
291 827 10 10
291 1010 59 11
292 1094 21 4
292 1265 38 10
293 331 40 6
293 376 36 3
293 587 52 2
293 767 3 11
293 910 53 14
293 1197 5 3
294 527 60 4
294 1040 50 8
294 1119 29 2
295 337 43 9
295 349 23 3
295 563 39 4
295 876 5 10
295 1199 35 1
295 1279 30 14
295 1288 41 13
296 315 39 5
296 700 7 5
296 1020 11 9
296 1062 24 8
296 1114 32 7
296 1176 28 4
297 717 42 5
297 871 7 13
297 875 16 10
297 964 27 3
297 1102 22 1
298 384 35 10
298 434 1 11
298 745 50 5
298 1135 18 8
299 489 3 7
299 592 2 7
300 412 33 8
300 1295 17 11
300 1301 57 13
301 457 1 7
301 503 2 6
301 524 50 6
301 532 33 5
301 952 45 14
302 349 3 14
302 552 18 7
302 766 58 12
302 784 17 2
302 1045 43 11
303 827 24 1
303 856 37 12
303 990 11 11
303 1133 29 14
303 1147 35 2
303 1174 4 2
303 1255 9 10
304 310 4 13
304 565 7 5
304 689 45 10
304 733 54 10
304 918 37 5
305 490 4 6
305 549 7 6
305 945 46 7
305 1337 21 2
305 1352 32 1
306 445 45 6
306 597 23 9
306 996 60 11
306 1163 10 3
306 1238 44 14
306 1342 49 11
307 404 17 4
307 639 24 15
307 656 51 9
307 1103 28 3
307 1175 37 6
307 1296 41 12
308 448 19 8
308 547 23 2
308 561 5 7
309 396 40 12
309 646 36 12
309 702 41 15
309 900 3 15
310 385 54 3
310 453 55 11
310 550 21 11
310 679 38 7
310 979 52 11
310 1318 45 6
311 405 52 4
311 1063 55 5
311 1144 8 4
312 314 20 14
312 425 27 13
312 600 18 10
312 626 36 12
312 835 34 2
312 968 56 12
312 971 32 8
312 1095 46 10
312 1103 50 5
312 1263 25 15
313 694 10 8
313 933 53 10
313 1286 6 6
314 442 5 11
314 475 1 7
314 956 32 4
314 1083 55 2
314 1253 29 4
315 329 9 2
315 377 44 12
315 1038 10 3
315 1073 38 14
315 1157 50 5
315 1195 34 7
315 1356 53 8
316 372 28 11
316 505 35 8
316 706 57 3
316 804 25 2
316 996 11 12
316 1071 57 15
316 1344 26 14
317 341 55 2
317 1183 25 3
318 456 56 11
318 552 3 3
318 764 55 4
318 1317 9 2
319 376 8 11
319 457 14 2
319 775 22 5
319 874 30 8
320 474 6 1
320 568 35 12
320 717 12 11
320 883 54 4
321 909 39 8
321 941 55 12
321 991 7 8
321 1038 9 3
321 1040 16 13
322 720 22 14
322 727 9 4
322 825 7 15
322 859 8 15
322 1088 1 13
323 833 57 14
323 1018 58 14
323 1107 57 12
323 1358 55 9
324 481 41 1
324 725 57 8
325 669 57 5
325 892 16 13
325 1164 7 1
326 608 32 13
326 662 56 2
326 1115 8 7
326 1146 45 10
326 1162 19 3
326 1336 28 13
327 617 48 3
327 626 32 6
327 659 47 7
327 988 22 11
327 1058 26 11
327 1314 45 13
328 1200 7 14
329 391 15 12
329 1113 46 6
330 606 55 1
330 625 40 3
330 1102 32 3
331 475 20 12
331 486 9 13
331 912 20 4
331 965 31 6
331 1073 33 9
331 1253 32 8
331 1335 47 15
331 1366 11 7
332 618 27 5
332 620 46 2
332 758 40 12
332 908 20 15
332 1039 22 8
332 1121 9 15
332 1327 16 11
333 486 7 1
333 651 29 6
333 969 15 11
333 987 55 5
334 651 36 4
334 655 28 5
334 657 4 7
334 748 44 2
335 347 59 10
335 530 55 1
335 562 1 2
335 800 8 11
335 1266 29 10
335 1334 26 12
336 1297 22 1
336 1312 27 11
336 1378 16 4
337 638 15 3
337 1056 58 8
337 1077 25 4
338 934 23 8
338 997 57 13
338 1118 25 5
338 1318 36 2
339 394 28 2
339 503 42 13
339 510 50 4
339 1237 12 14
339 1377 15 14
340 361 16 10
340 528 9 9
340 735 34 11
340 770 20 5
340 1206 31 8
340 1350 18 2
341 431 45 6
341 473 17 1
341 775 48 1
341 824 8 11
341 1281 50 7
342 488 46 14
342 743 58 9
342 1125 55 12
342 1156 47 9
343 344 49 15
343 546 46 6
343 713 33 7
343 981 36 13
344 496 45 13
344 785 42 4
344 947 35 13
344 1073 41 6
344 1212 1 10
345 446 18 9
345 1211 42 8
345 1216 13 13
345 1336 23 8
346 754 53 13
346 948 47 14
346 1120 59 3
347 477 53 4
347 795 39 4
347 889 12 14
347 960 41 10
347 1199 55 6
347 1275 47 6
348 425 50 5
348 539 18 15
348 558 31 6
348 1158 15 11
350 938 4 6
350 1092 45 13
350 1256 16 7
350 1283 33 5
351 619 48 2
351 678 16 11
351 900 28 12
351 925 8 9
351 1087 59 1
352 423 35 7
352 789 23 1
352 1067 56 12
352 1231 33 7
352 1291 40 10
353 588 49 4
353 609 23 11
353 994 33 7
353 1141 60 4
354 544 9 15
354 595 35 1
354 652 56 15
354 1081 47 15
354 1113 50 9
354 1193 33 13
355 408 10 14
355 542 14 4
355 624 30 9
355 1153 14 12
355 1318 32 12
356 492 21 9
356 613 37 12
356 673 34 4
356 842 60 9
356 1215 7 15
356 1252 28 12
357 475 35 9
357 546 35 13
357 590 40 2
357 623 13 6
357 656 29 4
357 685 53 8
357 792 17 7
357 1115 2 9
357 1156 23 12
358 781 48 12
358 945 53 9
359 608 33 10
359 735 25 15
360 403 22 11
360 721 28 3
360 1013 33 8
360 1105 47 14
360 1185 27 13
361 438 21 15
361 1250 22 13
362 375 60 6
362 482 25 8
362 494 55 11
362 568 50 11
362 973 42 2
362 1041 4 4
362 1224 54 13
362 1322 40 14
362 1362 1 7
363 747 15 6
363 887 10 3
363 892 10 10
363 926 28 10
363 1132 40 4
363 1302 21 7
364 518 50 5
364 639 6 12
364 865 12 6
364 1219 7 3
365 431 36 6
365 444 23 10
365 545 43 13
365 648 49 6
365 651 34 9
365 764 26 7
365 1167 4 10
365 1261 23 11
366 566 33 13
366 1383 8 11
367 378 41 11
367 532 46 6
367 1001 5 12
367 1092 7 10
368 380 16 5
368 395 30 1
368 669 33 10
368 681 2 15
368 1012 46 1
368 1194 47 9
369 486 31 13
369 561 56 8
369 722 2 7
369 787 10 13
369 1307 57 6
369 1326 1 12
370 536 10 3
370 917 4 10
370 1137 42 1
371 474 48 1
371 1005 13 9
371 1135 32 4
372 497 38 3
372 607 60 3
372 862 30 2
372 897 53 6
372 905 55 11
372 1361 29 3
373 403 55 14
373 1087 16 10
373 1150 46 3
374 888 24 4
374 943 26 7
374 954 6 4
374 1204 31 15
375 1031 59 10
375 1073 4 15
375 1086 57 12
375 1092 48 1
376 405 46 7
376 460 24 11
376 848 57 5
376 1112 1 3
376 1161 23 2
376 1205 48 2
376 1212 14 6
376 1295 17 5
377 537 31 8
377 929 51 12
377 1265 28 3
377 1294 14 14
378 615 36 10
378 1073 9 8
378 1095 39 9
378 1277 2 1
378 1373 10 15
379 407 34 5
379 1191 1 7
379 1204 25 3
379 1225 18 11
380 384 12 2
380 392 49 3
380 428 35 13
380 431 45 5
380 563 33 11
380 810 37 6
380 1025 49 1
380 1042 23 3
380 1119 49 5
380 1276 58 4
381 432 50 13
381 521 15 9
381 641 16 12
381 689 18 4
381 721 38 13
381 921 38 1
381 973 11 3
381 1132 28 6
382 576 40 11
382 931 51 15
382 1034 57 9
383 435 7 11
383 470 33 12
383 690 21 3
383 910 35 12
383 1323 60 7
384 598 6 4
384 712 6 14
384 806 16 7
384 1263 25 11
385 1185 46 1
386 438 34 15
386 995 16 1
386 1008 21 15
386 1223 6 9
386 1301 33 9
386 1360 56 14
387 794 10 13
387 1258 3 13
388 783 3 10
388 950 23 12
388 1106 24 1
389 455 26 10
389 567 31 8
389 635 7 12
389 665 52 5
389 777 4 12
389 1075 26 9
389 1097 2 5
390 834 36 10
390 1127 22 7
391 430 6 15
391 576 25 14
391 652 28 10
391 653 3 3
391 773 3 8
391 1287 45 10
392 582 27 10
392 960 14 3
392 1065 52 5
392 1214 53 10
393 893 30 13
393 937 11 11
393 1026 8 11
393 1348 58 14
394 990 41 6
394 1140 5 15
394 1190 33 2
395 396 20 9
395 508 1 3
395 662 49 12
395 785 37 15
395 1118 26 3
395 1195 27 15
395 1235 18 6
395 1347 60 12
396 400 33 12
396 449 14 2
396 1172 34 9
396 1230 25 10
397 452 2 7
397 569 6 7
397 726 24 6
397 756 51 15
397 963 42 3
398 722 30 12
398 820 18 7
399 553 43 7
399 841 52 2
399 1345 44 14
400 1371 33 4
401 580 4 6
401 584 8 12
401 1062 52 9
401 1342 41 12
402 444 55 7
402 643 45 2
402 832 53 14
402 890 41 3
402 974 59 2
402 1046 45 6
403 457 20 15
403 660 46 3
403 721 47 8
403 1036 27 8
403 1172 38 8
403 1289 34 5
404 537 37 14
404 694 9 14
405 692 13 4
405 992 46 14
405 1079 19 1
405 1108 34 2
405 1219 45 4
406 419 50 4
406 835 35 12
406 1051 20 12
407 547 20 5
407 667 10 7
407 757 21 9
407 861 4 10
407 1079 57 13
407 1103 48 6
407 1303 42 14
408 416 18 9
408 645 1 9
408 915 34 15
408 918 9 8
408 958 12 5
408 1193 15 6
408 1359 18 9
409 586 9 7
409 587 29 7
409 789 50 10
409 1032 26 3
410 647 16 14
410 851 56 8
410 1029 48 13
411 691 24 4
411 705 11 14
411 981 44 7
411 1042 39 8
411 1228 23 4
412 535 22 5
412 614 50 11
412 831 32 7
412 1103 31 11
412 1230 59 6
412 1345 18 11
413 669 49 9
413 742 13 14
413 929 9 8
413 954 27 3
414 531 24 4
414 852 6 9
414 1037 11 13
414 1188 57 13
414 1339 2 11
415 794 11 2
415 882 29 3
415 926 1 9
415 1160 12 6
416 508 8 11
416 860 49 1
416 933 41 6
416 1107 9 2
416 1277 9 9
417 467 55 3
417 1164 26 1
417 1349 28 13
418 515 11 7
418 1026 21 6
419 519 19 5
419 526 29 7
419 958 11 15
419 960 5 14
419 1030 35 13
419 1110 36 6
419 1214 42 6
419 1254 25 9
420 445 10 5
420 644 34 15
420 818 40 14
420 1139 7 9
420 1291 51 5
420 1322 28 4
421 503 45 13
421 614 22 5
421 879 17 2
421 884 25 1
422 862 23 4
422 951 18 2
422 1118 16 8
423 833 22 1
423 1052 34 14
424 530 8 1
424 615 50 9
424 1173 11 12
424 1197 8 2
424 1277 51 7
424 1295 53 15
425 481 49 5
425 533 22 3
425 626 47 3
425 800 45 15
426 1141 59 3
427 902 5 11
427 1038 27 15
428 580 55 4
428 584 31 13
428 856 11 9
428 864 7 10
428 1098 50 4
428 1383 55 15
429 564 48 4
429 880 15 11
429 930 60 3
429 1009 33 11
430 828 6 12
430 856 1 3
431 619 57 1
431 810 14 3
431 1237 1 10
432 476 35 15
432 752 2 7
432 907 17 4
432 1067 2 4
433 636 47 7
433 691 3 3
433 776 16 6
433 858 42 11
433 1013 31 10
433 1290 35 1
434 817 30 1
434 958 34 8
434 1109 38 8
434 1301 49 13
434 1357 27 9
435 552 25 11
435 638 9 15
435 644 54 6
435 671 12 13
435 1058 9 11
435 1151 9 13
436 652 24 5
436 992 42 5
436 1366 58 2
437 769 25 7
437 1200 42 15
437 1247 1 11
437 1253 25 3
437 1371 46 4
437 1378 52 2
438 751 54 15
438 819 60 10
438 1340 24 14
439 728 28 5
439 1044 44 14
439 1317 42 8
440 618 25 13
440 1052 29 8
441 506 32 8
441 777 27 6
441 958 11 7
441 969 41 14
441 1103 10 12
441 1123 42 1
441 1226 31 15
441 1348 28 11
442 559 45 4
442 742 26 4
442 1262 17 5
442 1323 42 4
443 588 11 8
443 635 26 9
443 666 1 8
443 692 37 12
443 827 59 7
443 970 6 6
444 1076 9 6
444 1150 14 15
444 1195 24 15
445 863 15 10
445 1033 44 13
445 1325 52 4
446 493 6 2
447 516 36 5
447 636 8 9
447 959 2 11
447 971 59 13
448 732 36 12
448 936 1 1
448 1229 40 9
449 677 7 7
449 746 49 8
449 954 36 14
449 1254 6 14
450 459 32 4
450 537 30 3
450 703 34 2
451 1160 57 6
451 1339 3 12
452 537 9 13
452 765 13 15
452 1108 57 6
452 1161 58 6
452 1217 34 11
452 1378 25 2
453 512 29 1
453 518 45 14
453 874 11 10
453 1114 49 1
454 872 22 13
454 1071 16 13
454 1296 41 7
455 764 13 5
455 895 45 15
455 946 36 1
455 997 52 9
455 1181 24 4
456 517 6 3
456 625 1 11
456 665 36 5
456 742 23 11
456 839 54 4
456 1241 50 6
457 685 45 2
457 1034 23 7
457 1041 50 7
457 1186 27 12
458 649 59 9
458 687 37 3
458 802 34 13
458 815 40 7
458 1126 33 8
459 630 11 10
459 750 45 2
459 772 54 8
459 875 2 8
459 1108 22 6
459 1253 22 3
459 1254 60 5
460 1215 52 12
460 1297 45 3
461 722 49 5
461 902 42 2
461 1042 18 4
461 1071 27 4
461 1160 1 10
462 603 50 7
462 737 18 9
462 1189 54 2
463 992 5 6
463 1002 60 3
463 1011 24 12
463 1069 36 8
463 1172 4 13
463 1299 41 7
463 1364 4 12
464 1009 18 15
464 1045 7 3
464 1065 29 7
464 1093 47 7
464 1148 11 8
465 1082 3 7
465 1360 46 2
466 523 25 11
466 749 55 7
466 811 1 13
466 986 43 7
467 629 38 13
467 647 59 5
467 1001 36 8
467 1264 10 2
468 738 35 14
468 1325 4 12
469 802 50 13
469 812 1 6
470 653 54 2
470 993 38 6
471 539 26 11
471 724 26 5
471 1214 53 6
472 790 32 12
472 935 37 2
472 1153 48 1
472 1262 36 14
473 586 55 8
473 735 45 2
473 779 28 11
473 1028 3 13
473 1095 24 1
473 1192 5 9
474 596 37 4
474 713 40 3
474 722 10 13
475 495 22 2
475 912 10 7
475 1179 5 13
475 1370 33 7
476 510 2 2
476 517 42 4
476 538 30 9
476 932 2 10
476 1049 2 4
477 844 44 2
477 1041 9 14
477 1267 46 14
478 539 57 7
478 1057 19 15
478 1227 16 4
479 540 14 6
479 569 37 7
479 1049 7 8
479 1226 3 6
479 1309 22 1
480 665 47 6
480 919 7 8
480 1162 48 7
480 1163 54 10
480 1214 52 2
480 1274 48 11
480 1277 24 2
481 534 56 12
481 651 36 6
481 968 14 9
481 1065 38 13
481 1089 38 7
481 1273 46 13
481 1358 41 11
482 856 59 9
482 1052 51 2
482 1087 19 2
482 1102 15 8
482 1286 29 1
482 1327 9 4
483 654 28 15
483 789 26 15
483 1159 12 4
483 1228 10 4
483 1238 39 5
484 569 15 12
484 587 38 4
484 1071 55 13
484 1318 22 15
485 662 29 8
485 704 6 5
485 820 48 6
485 909 37 13
485 1164 21 7
485 1358 59 7
486 651 44 5
486 698 15 7
486 783 37 10
486 839 28 2
486 1150 6 1
486 1325 55 13
487 1037 18 9
488 494 15 2
488 561 42 14
488 680 6 3
488 692 33 7
488 797 10 6
488 1247 59 7
489 581 26 13
489 692 58 6
490 501 39 7
490 573 11 3
490 714 38 1
490 906 36 12
490 923 53 2
490 961 18 12
490 1005 1 1
490 1017 12 12
490 1085 22 15
490 1275 27 2
491 1019 35 4
491 1139 51 4
491 1278 10 3
491 1354 37 6
492 787 55 6
492 1015 24 14
492 1016 53 15
492 1027 15 10
492 1202 59 12
493 726 54 15
493 738 19 14
493 823 32 3
493 1052 26 2
493 1123 60 7
493 1124 47 3
493 1145 1 14
494 508 5 6
494 790 20 7
494 792 44 5
494 906 47 8
494 1128 21 8
495 788 24 4
495 1147 53 8
495 1358 27 15
496 508 29 3
496 1222 26 9
497 879 40 12
498 673 15 5
498 901 13 6
498 974 28 12
498 1268 11 14
498 1299 4 15
499 711 7 7
499 828 17 6
499 902 22 1
500 514 27 7
500 1102 45 10
500 1109 43 1
500 1197 10 8
500 1275 30 6
500 1322 35 1
501 694 57 4
501 874 7 12
502 1377 46 11
503 1024 28 12
504 557 25 3
504 634 22 1
504 856 34 1
504 861 1 7
504 873 14 2
504 1186 16 8
504 1345 50 3
505 542 26 9
505 589 13 9
505 1160 28 11
506 717 56 5
506 899 1 7
506 1026 15 12
506 1102 14 4
506 1161 29 2
506 1321 38 1
507 836 25 5
507 1043 59 7
507 1369 16 15
508 1005 60 12
508 1299 3 1
509 1028 40 6
509 1052 23 14
509 1061 32 6
509 1257 37 5
510 688 46 3
510 1030 18 3
511 675 49 15
511 1194 25 1
511 1268 12 4
512 552 5 9
512 693 59 14
512 1282 35 10
512 1325 21 1
512 1341 33 9
513 1118 4 4
513 1290 57 2
514 831 42 12
515 1265 42 8
515 1378 3 14
516 559 41 4
516 785 44 14
516 984 57 13
516 1001 51 10
516 1091 9 10
517 534 10 5
517 724 23 11
517 729 44 4
517 850 10 15
517 1020 52 14
517 1251 29 9
518 653 19 1
518 1011 13 10
518 1140 52 4
518 1279 53 9
519 798 17 6
519 1277 13 6
519 1308 60 3
520 587 39 14
520 802 32 3
520 1214 41 10
521 647 32 14
521 700 2 12
521 758 37 7
521 822 8 15
522 680 49 3
522 1121 44 2
522 1217 17 2
522 1334 39 10
523 809 12 12
524 724 11 13
524 754 30 1
524 1345 44 8
525 838 50 13
525 872 42 3
525 1080 24 12
526 540 59 3
526 633 11 2
526 713 40 13
526 1060 48 3
526 1284 16 6
527 542 10 5
527 761 56 13
527 1022 46 14
527 1181 48 10
528 696 53 15
528 1139 42 5
528 1293 24 4
529 838 37 9
529 859 21 13
529 980 48 8
529 1244 42 14
529 1347 54 11
530 683 39 14
530 744 9 12
531 611 60 14
531 851 46 10
531 1250 22 7
532 1021 59 14
532 1369 39 10
533 682 42 14
533 1027 33 11
533 1040 60 6
534 751 16 5
534 758 5 12
534 820 18 13
534 977 1 14
534 991 60 14
535 1357 46 5
536 553 45 8
536 554 24 1
536 700 50 12
536 840 42 11
536 923 38 10
536 1173 28 5
536 1229 32 4
536 1287 8 4
537 574 18 3
537 676 26 6
537 769 29 1
537 773 24 2
537 1163 19 2
537 1299 53 2
537 1310 39 9
538 708 42 3
538 712 21 1
538 1038 39 14
538 1099 55 13
538 1140 45 4
539 817 34 4
539 824 6 14
539 1025 22 3
539 1171 44 1
540 566 43 10
540 694 20 2
540 917 34 1
540 1383 7 13
541 550 27 11
541 696 58 3
541 790 51 11
541 1131 25 11
541 1278 2 9
542 607 23 4
542 899 30 7
542 915 37 8
542 1208 45 12
543 1122 29 9
544 595 12 9
544 939 19 5
544 1211 38 12
545 644 42 6
545 849 9 8
545 1197 5 15
546 801 2 10
546 926 21 4
547 854 10 9
547 1156 59 12
548 813 11 9
548 1028 29 11
548 1076 53 9
549 1139 32 10
549 1276 57 10
550 704 21 11
550 717 12 4
550 1070 21 1
550 1104 7 8
550 1381 3 10
551 708 35 4
551 870 58 7
551 1127 60 4
551 1167 27 7
551 1230 13 5
551 1337 30 8
552 822 35 4
552 1079 34 3
553 565 12 7
553 857 59 1
553 860 14 4
553 962 21 8
553 1014 10 1
553 1212 35 6
554 778 12 12
554 1136 45 13
555 985 9 10
556 777 28 9
556 1120 40 6
556 1174 8 4
556 1197 40 2
556 1331 53 9
557 835 40 14
557 1087 53 9
557 1150 30 9
557 1165 57 2
557 1188 18 5
557 1249 29 9
558 908 23 12
558 1294 38 4
559 1047 57 13
559 1057 38 3
560 844 25 10
560 1134 15 12
561 883 8 10
561 948 50 11
561 1383 47 3
562 970 32 3
562 1115 45 8
563 1192 37 15
563 1301 10 13
564 738 40 14
564 771 26 3
564 941 52 2
564 1033 43 10
565 1121 33 7
565 1265 6 14
565 1373 34 7
566 623 35 13
566 629 45 6
566 897 60 5
566 971 14 12
566 1015 14 8
566 1143 51 10
567 746 24 4
567 796 17 1
567 1137 20 11
568 746 8 6
568 755 20 7
568 924 2 2
568 1067 39 13
568 1213 12 10
568 1301 57 2
568 1374 54 9
569 910 31 4
570 693 27 13
570 696 33 12
570 1304 6 10
570 1363 33 11
571 657 32 6
571 945 2 3
571 1267 51 9
572 1151 15 2
573 754 6 10
573 1091 6 10
574 786 7 14
575 634 43 8
575 801 24 15
575 863 42 12
575 1362 27 4
576 630 5 9
576 1126 3 4
577 721 30 9
577 856 32 2
577 1123 53 9
577 1215 13 4
578 627 60 14
578 899 29 12
578 1358 29 15
579 594 40 11
579 600 41 13
579 636 31 11
579 687 35 8
579 998 1 4
579 1157 59 3
580 680 22 14
580 701 37 8
580 750 11 2
580 1126 60 3
581 628 52 10
581 637 17 14
581 898 51 6
581 933 36 3
582 705 20 1
582 725 57 11
582 969 38 5
582 1007 12 8
583 1195 29 3
583 1345 15 4
584 598 28 7
585 771 26 7
585 806 40 7
585 937 51 13
585 1028 1 11
585 1064 7 8
585 1340 36 10
586 1229 44 9
586 1236 31 13
586 1315 18 6
587 762 44 6
587 797 1 6
587 806 55 6
587 938 51 3
587 953 26 11
588 600 50 4
588 691 19 14
588 878 54 10
588 935 36 8
588 1127 8 3
589 972 54 14
589 1023 32 10
590 836 22 1
590 1121 41 10
590 1185 1 7
591 743 2 3
591 778 50 4
592 606 48 14
592 837 24 11
592 990 4 5
592 1101 11 13
592 1331 44 11
593 747 7 4
593 772 28 7
593 892 4 11
593 954 36 13
593 1014 31 14
593 1200 43 10
593 1349 34 14
594 717 37 9
594 788 37 3
595 793 33 9
595 813 23 7
595 1027 56 1
595 1257 48 14
595 1342 1 4
596 653 50 6
596 672 51 12
596 898 11 2
596 996 58 1
597 605 10 3
597 896 18 8
597 928 16 7
597 1080 45 12
597 1091 52 11
598 983 50 1
598 1027 16 10
599 841 13 14
599 1181 59 4
599 1186 6 7
599 1241 50 2
600 849 11 3
602 628 46 11
602 1079 27 7
602 1254 8 10
602 1381 22 14
603 974 10 13
603 983 51 13
603 1160 11 12
604 935 11 8
604 1054 17 3
604 1378 18 5
605 608 28 13
605 684 56 8
605 1244 48 7
606 632 45 10
606 1377 41 12
607 653 9 11
607 948 8 7
607 1052 48 13
607 1132 35 15
607 1346 16 7
608 757 24 7
608 1018 35 12
608 1258 8 5
608 1372 60 13
609 968 29 6
609 1033 28 10
610 611 20 10
610 1012 44 15
610 1105 6 12
611 1072 23 2
611 1115 60 12
611 1150 45 1
612 674 59 5
612 700 22 14
612 730 57 5
612 817 43 9
613 987 33 11
613 1018 42 3
613 1054 18 6
614 739 41 14
614 842 1 9
614 880 18 10
614 1035 27 14
614 1038 15 1
614 1062 53 2
614 1072 60 2
614 1088 42 14
615 676 5 12
615 956 38 2
615 1087 1 2
615 1282 55 1
615 1309 38 9
616 834 58 8
616 1147 54 13
616 1183 50 6
617 706 58 5
617 1050 52 1
618 635 12 1
618 698 41 8
618 747 52 11
618 840 60 2
618 881 54 13
618 1332 11 6
619 770 32 4
619 865 37 6
619 880 14 14
619 1004 57 15
620 814 23 14
620 830 22 2
620 987 24 6
620 1172 14 13
620 1361 48 1
621 711 53 3
621 1008 44 10
622 662 13 5
622 1064 14 2
622 1178 3 3
623 838 44 12
623 962 5 2
623 1203 27 6
624 673 49 11
624 882 22 9
624 1058 48 15
624 1179 48 10
624 1230 48 11
625 1167 17 15
625 1189 32 3
625 1191 50 14
626 891 45 9
626 1279 21 7
627 652 37 9
627 1352 1 13
628 1287 54 11
629 911 11 8
629 981 5 1
629 1350 3 14
630 815 22 11
630 843 3 13
631 1339 56 1
632 1119 52 8
632 1300 47 12
633 1360 49 5
634 771 53 1
634 972 4 6
634 982 42 1
634 997 43 5
634 1158 56 3
634 1285 36 7
635 786 27 13
635 792 11 8
635 1306 6 4
636 846 57 11
636 1361 1 11
637 782 17 12
637 947 49 3
637 970 53 5
637 1057 47 10
637 1230 34 11
637 1367 42 15
638 841 38 14
639 941 8 12
639 1165 38 13
639 1298 14 2
641 654 4 10
641 763 37 14
641 1007 55 12
641 1270 21 4
642 652 43 2
642 659 59 3
642 893 15 8
642 981 41 9
642 1010 55 10
642 1179 34 9
642 1240 16 5
643 714 16 1
644 828 58 5
644 1075 27 12
644 1082 33 12
644 1090 31 9
644 1122 10 7
645 902 23 12
646 808 9 11
646 920 30 2
646 1169 30 7
646 1360 57 8
647 806 22 13
647 921 12 15
647 1053 37 13
647 1126 9 12
647 1133 35 13
647 1337 27 7
647 1339 30 15
648 767 17 14
648 910 55 1
648 1214 26 13
648 1275 57 1
648 1377 8 10
649 848 2 1
649 1006 56 2
649 1017 41 11
649 1224 49 4
650 740 51 8
650 778 15 9
650 788 48 5
650 1047 29 14
650 1115 42 5
651 698 51 8
652 870 53 13
652 1353 29 4
653 688 20 7
653 1193 38 1
653 1259 6 9
653 1261 7 1
653 1309 18 13
653 1314 19 7
653 1361 37 10
653 1377 56 12
654 953 44 8
654 1090 24 7
654 1230 55 15
655 766 8 11
655 893 25 7
657 1015 59 4
657 1190 6 1
657 1213 52 6
657 1278 54 7
658 1171 51 14
658 1270 22 2
658 1352 36 9
659 909 42 15
659 1211 45 4
659 1306 19 4
659 1331 17 14
660 790 32 2
660 821 21 5
660 828 28 7
660 1286 52 13
660 1309 15 9
661 778 49 1
661 1326 39 6
662 907 54 3
662 986 39 14
662 1138 18 12
663 1120 20 11
663 1191 16 15
663 1283 40 8
664 977 23 14
664 982 4 10
664 1076 11 15
664 1296 16 9
665 666 60 1
665 812 33 12
665 839 14 2
665 926 48 1
665 1109 59 14
665 1199 7 15
665 1207 18 9
665 1289 6 14
666 765 29 14
666 1183 8 12
666 1282 4 3
666 1347 14 8
667 800 1 6
667 900 16 2
667 901 59 11
667 1149 25 13
667 1265 4 10
668 822 40 4
668 1323 34 15
668 1339 18 15
669 1031 22 11
669 1264 40 9
669 1301 48 10
670 1179 28 7
671 696 15 7
671 1237 44 7
672 855 1 1
672 885 18 13
672 1239 52 9
673 689 42 12
673 912 56 6
673 1275 17 5
673 1302 44 2
674 738 43 8
674 763 38 2
674 1219 25 13
675 803 24 8
675 808 49 15
675 1259 44 2
676 1348 22 10
677 712 52 9
677 1089 18 12
678 730 27 4
678 734 27 9
678 949 37 3
678 1137 38 15
678 1249 48 6
679 683 11 2
679 997 50 2
679 1236 14 14
679 1304 56 2
680 929 22 8
680 990 60 4
680 1054 1 9
681 731 40 15
681 922 14 11
681 1274 17 8
682 748 29 5
682 754 59 15
682 1104 37 15
682 1333 4 1
683 1038 52 9
683 1139 36 12
684 776 11 10
685 1091 52 13
685 1143 14 1
685 1170 16 4
685 1334 34 8
686 770 30 13
686 861 8 13
686 1080 48 11
686 1163 8 4
688 917 47 7
689 811 50 3
689 895 40 11
689 1181 58 8
690 802 60 12
690 1102 5 15
691 694 37 12
691 878 12 8
692 900 50 9
692 1087 20 10
692 1352 40 12
693 1144 37 8
695 742 15 9
695 791 9 10
696 820 32 12
696 825 12 12
696 845 22 15
697 1214 30 12
697 1348 59 9
698 929 15 11
698 1136 19 11
698 1179 7 8
699 789 32 5
699 1063 18 1
699 1259 27 11
701 713 6 9
701 742 14 7
701 809 51 14
701 1019 12 6
701 1209 31 10
702 739 20 7
702 833 4 14
702 1064 27 8
702 1091 41 8
703 885 5 12
703 979 43 5
704 726 27 1
704 972 7 11
705 727 24 14
705 1004 24 8
705 1094 49 14
705 1173 43 10
705 1318 16 14
706 843 24 10
706 1111 34 9
707 910 59 8
707 1010 16 6
708 904 18 6
709 799 43 11
709 912 56 3
709 918 4 12
711 1172 33 2
712 1373 28 11
713 1246 57 9
713 1256 6 12
714 1161 29 2
715 1172 32 12
715 1219 35 10
716 937 5 7
717 909 21 8
717 1183 53 6
718 1305 20 12
719 775 4 13
719 1056 19 13
719 1227 40 8
720 749 33 9
720 1040 10 11
720 1117 15 1
720 1256 2 9
720 1361 60 2
721 797 50 1
721 986 9 15
721 1122 49 15
722 1229 37 6
722 1378 54 3
723 862 9 8
723 1196 27 11
724 839 19 2
724 842 41 9
724 843 8 14
724 1108 19 13
724 1207 59 11
724 1218 23 1
725 759 57 14
725 1169 40 4
725 1182 38 2
725 1280 17 10
726 1075 9 4
726 1091 31 6
726 1121 36 15
726 1184 45 7
726 1376 33 14
727 899 10 15
727 915 4 10
727 917 33 7
727 967 33 1
727 1050 7 13
728 772 14 6
728 1112 54 8
728 1121 41 11
730 803 12 6
730 959 25 8
730 1366 3 6
731 752 19 10
731 764 19 4
731 1062 60 5
731 1141 11 8
731 1251 6 9
732 734 26 3
732 1288 3 1
732 1359 40 11
733 931 33 8
733 1137 36 10
733 1226 49 1
733 1276 19 5
733 1319 11 2
734 756 32 3
734 862 4 13
734 1005 16 12
734 1013 49 6
734 1019 4 14
734 1141 15 10
734 1145 52 11
734 1322 39 14
735 841 34 2
735 862 12 13
735 1145 52 8
735 1283 29 12
735 1362 3 4
737 1103 44 11
737 1299 31 6
737 1345 54 4
737 1374 24 7
738 1011 36 6
739 838 6 2
739 1030 24 5
739 1075 41 6
739 1100 40 6
739 1256 2 12
739 1348 12 11
739 1358 38 7
740 1039 37 12
740 1117 43 6
740 1165 47 15
741 1009 37 11
741 1138 51 5
741 1174 16 6
741 1281 26 6
742 774 55 1
742 1015 34 4
743 1008 38 4
743 1149 13 6
743 1151 60 8
744 753 35 14
744 940 14 11
744 1009 13 9
744 1303 5 9
745 753 5 5
745 1069 12 2
745 1147 40 6
747 865 33 9
748 1015 22 8
748 1120 8 6
748 1201 21 10
749 791 11 1
749 1146 28 10
749 1273 21 6
750 817 58 3
750 884 12 3
750 899 42 15
750 968 33 6
750 1138 34 7
750 1190 27 1
750 1332 58 9
750 1364 12 8
751 771 10 13
751 1345 37 8
751 1379 57 14
753 853 3 12
753 1036 2 4
753 1059 17 1
753 1133 20 13
754 916 33 2
754 1125 58 13
755 803 25 11
755 923 25 12
755 969 17 12
755 1227 15 13
756 942 20 9
756 1121 51 8
757 762 49 13
757 843 26 1
757 1238 45 3
757 1313 16 9
757 1350 19 11
758 969 19 14
758 1055 20 13
760 817 45 7
760 1007 26 14
761 1032 5 1
761 1270 11 4
762 826 14 15
762 887 22 9
762 1104 60 13
762 1192 14 10
763 782 13 2
763 1009 42 3
763 1239 27 9
764 1007 48 8
764 1337 37 1
765 912 44 7
765 1004 24 9
766 792 11 11
766 921 53 8
766 935 11 14
766 1310 52 1
767 853 38 7
767 1057 60 3
767 1115 32 9
768 770 59 15
768 831 31 1
768 1253 11 15
769 832 19 15
769 1247 37 9
771 880 32 12
771 928 21 2
771 942 17 6
771 1024 8 3
771 1322 56 6
771 1352 28 12
772 785 30 5
772 817 8 8
772 1009 51 15
772 1076 59 12
772 1093 21 5
772 1258 41 13
773 881 51 9
773 1015 24 9
773 1082 28 2
774 867 42 15
774 940 9 10
774 1255 26 13
774 1369 15 15
775 1174 45 8
777 1022 41 13
777 1038 39 11
778 1103 23 8
778 1144 22 4
779 1089 22 11
780 998 8 9
780 1039 12 13
780 1317 27 2
781 890 45 7
782 1223 29 13
782 1250 48 8
782 1326 16 4
783 948 57 13
783 975 6 8
783 1013 31 13
783 1142 57 1
785 910 25 5
785 928 35 11
787 797 34 7
787 1176 44 12
788 1134 25 8
788 1153 37 10
789 925 8 14
789 951 15 2
789 964 42 10
790 1183 45 10
790 1208 6 15
790 1342 30 6
791 970 56 6
791 1009 30 15
791 1277 8 9
792 1155 3 13
793 839 40 9
795 835 40 11
795 1145 15 9
795 1350 26 3
796 1094 10 15
796 1281 50 7
796 1353 57 3
797 838 13 3
797 862 30 7
797 967 12 14
797 1383 34 5
798 844 12 10
798 975 38 5
798 1093 42 15
798 1144 25 8
798 1169 10 5
799 1106 29 2
799 1195 55 4
800 850 46 6
800 945 41 11
801 1164 20 11
801 1242 46 8
802 885 58 3
802 996 45 12
802 1194 38 7
802 1242 47 12
803 834 58 15
803 845 48 1
803 962 41 13
803 1281 60 7
803 1342 41 10
804 1222 54 6
804 1294 35 15
806 826 43 2
806 846 54 3
806 1048 59 6
807 809 46 6
807 861 10 14
807 1320 52 4
808 1080 35 1
808 1119 29 8
808 1281 48 13
809 985 31 1
810 919 23 9
810 1034 25 4
811 831 21 15
811 994 5 11
811 1311 15 6
812 1023 46 13
812 1189 58 1
812 1215 33 6
813 825 57 4
813 1130 35 7
813 1155 13 6
813 1163 35 8
813 1313 46 6
813 1359 45 7
814 906 60 3
814 1139 13 10
814 1256 57 1
815 1025 13 12
816 999 23 7
817 989 48 7
817 999 21 8
817 1092 47 14
817 1164 58 5
817 1319 37 11
818 889 36 4
818 1025 50 14
818 1032 4 5
818 1109 21 13
818 1224 60 15
818 1251 46 4
819 846 55 4
819 929 36 5
819 959 23 13
820 1000 2 1
820 1367 52 4
822 1146 28 5
823 1044 43 12
824 1013 57 6
824 1027 36 15
824 1040 46 10
824 1053 22 10
824 1267 47 13
824 1302 50 14
824 1373 27 2
825 951 17 1
825 1004 8 7
825 1337 48 5
826 1010 38 10
826 1272 28 14
826 1362 34 11
826 1378 8 6
827 854 26 12
827 973 31 7
827 1123 35 15
827 1208 41 10
828 1132 50 8
829 871 55 10
830 932 23 8
830 983 15 5
830 1041 17 10
830 1129 19 4
830 1220 54 5
831 993 38 10
831 1200 60 5
831 1210 13 10
832 1039 2 6
832 1097 28 6
832 1280 15 15
833 883 25 15
833 1213 33 11
834 835 26 8
834 887 22 8
835 891 53 1
835 1032 15 6
835 1051 20 5
835 1065 6 2
835 1178 36 11
836 946 48 12
836 1291 2 4
836 1335 44 3
837 863 12 9
837 1084 51 4
838 897 35 4
838 1228 40 14
838 1238 1 14
838 1331 14 2
839 944 2 15
839 1217 25 10
840 880 12 9
840 885 24 11
840 887 55 8
840 1152 38 15
840 1199 37 12
840 1309 42 13
841 1131 32 6
842 1174 17 9
842 1220 34 5
843 894 21 6
843 1017 47 15
844 859 57 6
845 869 26 1
845 1064 13 2
847 1336 5 4
848 924 45 13
848 1093 41 5
849 862 10 7
849 1090 19 13
849 1096 56 15
849 1272 26 15
851 1126 44 5
852 1314 26 2
852 1329 8 10
854 1085 29 7
854 1128 3 6
854 1292 11 13
855 1072 37 8
855 1081 51 7
855 1299 40 5
856 917 54 6
856 1069 6 12
857 901 40 13
857 1131 5 1
857 1137 12 13
857 1152 25 7
859 1033 52 6
859 1091 31 4
859 1100 25 11
859 1129 50 2
860 861 38 5
860 862 22 8
860 864 40 15
860 1045 28 15
861 942 1 14
861 970 13 14
861 1037 59 10
861 1315 53 14
861 1319 35 15
862 1332 15 12
863 1069 30 15
865 906 14 3
865 964 56 6
865 1060 30 2
866 1220 44 12
867 1080 17 13
867 1371 11 14
867 1378 45 1
868 962 24 1
868 1102 59 5
868 1381 9 10
869 1072 29 14
869 1155 56 12
869 1191 11 10
870 1325 20 2
871 879 40 12
871 1260 10 3
872 967 11 9
872 995 33 11
872 1031 34 3
872 1123 25 13
873 874 60 3
873 1258 32 3
874 1302 27 13
875 907 52 11
875 943 32 10
875 1248 26 5
875 1276 44 6
876 904 49 5
876 1112 4 3
876 1234 58 3
878 881 3 6
879 1004 34 7
879 1149 23 5
879 1185 26 12
879 1379 13 2
880 1305 12 9
880 1379 40 15
881 979 29 10
882 915 9 2
882 1309 51 10
883 1180 3 6
885 1314 11 10
886 891 56 8
886 1326 28 13
887 1008 38 4
887 1181 54 12
887 1346 36 15
888 924 37 6
888 1006 50 8
888 1033 19 10
888 1360 26 10
890 1241 50 13
891 1373 32 9
892 969 13 6
892 1189 25 8
894 1329 11 5
895 1105 57 10
896 1107 26 10
896 1129 35 14
896 1291 53 13
896 1343 47 3
897 1203 47 1
898 916 31 13
898 960 15 11
899 1218 25 10
900 948 13 5
900 1033 8 7
900 1047 10 9
900 1170 8 5
900 1188 55 1
901 938 4 11
902 931 47 7
902 1309 47 9
903 1072 25 6
903 1096 53 12
903 1316 3 4
904 1017 12 14
904 1157 27 13
904 1281 24 5
904 1349 48 6
904 1354 21 12
905 1064 40 2
906 1081 38 2
906 1243 15 3
907 1145 49 8
907 1226 40 3
908 960 13 9
908 1089 46 14
908 1107 34 13
909 1085 26 12
909 1094 24 15
910 1004 5 7
910 1038 19 7
910 1210 56 9
911 1140 19 14
911 1318 5 15
912 932 11 12
912 1292 37 5
913 1068 23 15
913 1246 47 11
914 1264 13 10
915 916 18 13
915 1230 42 8
916 1071 22 7
916 1269 19 10
916 1375 5 4
917 1133 6 6
917 1307 16 8
918 1211 40 2
919 1060 57 1
919 1161 22 4
919 1182 27 4
920 1137 8 2
921 1286 47 13
922 1129 29 3
922 1282 55 3
923 992 32 8
925 1122 21 5
925 1330 40 10
926 1074 15 6
926 1093 7 2
926 1132 50 1
926 1204 34 3
926 1263 20 13
926 1348 36 12
927 1007 29 3
927 1065 26 1
928 1075 60 15
929 953 30 8
929 1020 60 4
929 1052 60 10
929 1098 38 6
930 1314 41 10
931 1311 50 5
931 1342 25 12
932 1074 44 6
933 1040 45 14
933 1068 26 3
933 1212 56 15
934 954 24 4
934 1047 49 14
934 1233 1 8
934 1281 25 6
935 999 43 8
935 1132 15 8
937 968 16 3
937 1218 6 4
937 1352 40 11
938 1357 54 5
939 1270 26 13
940 1071 4 12
940 1132 18 13
940 1327 27 8
941 1324 33 1
942 971 43 4
942 1141 47 9
942 1234 16 9
943 1149 18 11
944 968 22 12
946 1148 47 3
946 1283 21 14
946 1291 43 11
946 1320 32 10
947 988 16 1
947 1016 58 2
948 1335 11 7
949 1158 2 9
949 1163 18 11
949 1171 55 1
949 1284 25 4
950 1310 57 4
953 1378 38 13
954 1060 9 4
954 1225 47 7
954 1269 39 4
955 1048 59 12
955 1069 29 11
956 1040 53 9
956 1046 59 2
956 1054 53 13
956 1078 56 11
957 1051 39 11
957 1122 37 10
958 1097 6 12
958 1113 29 8
958 1245 37 13
959 1003 4 2
959 1018 46 4
960 987 50 12
961 993 44 13
961 1191 13 2
962 1082 57 2
963 1223 27 13
963 1353 27 8
964 973 37 15
964 1122 30 7
964 1130 41 3
965 1340 31 14
966 1031 4 5
966 1172 44 5
966 1340 21 15
968 980 53 10
968 1347 31 6
972 990 41 9
973 1184 57 14
974 1169 7 15
974 1248 27 6
975 1073 32 11
976 1229 59 13
977 1079 54 9
977 1147 7 4
978 1023 28 7
979 1328 41 13
981 1039 55 10
981 1167 59 4
981 1226 48 14
982 1069 50 7
982 1073 38 14
982 1209 30 1
982 1375 7 9
983 1303 3 10
983 1345 8 14
984 1103 36 4
985 1222 5 1
985 1262 33 2
986 1103 57 3
987 1221 2 10
988 1337 14 11
989 1335 12 4
990 1109 48 13
990 1340 56 7
991 1017 16 11
991 1050 44 5
991 1067 7 9
991 1109 53 7
992 1033 2 6
992 1045 23 11
992 1083 41 6
994 1132 51 6
995 1145 20 14
995 1163 7 14
995 1207 3 14
996 1318 5 5
997 1028 47 14
997 1040 2 13
998 1142 51 5
1001 1092 35 8
1002 1141 59 7
1002 1164 26 14
1002 1299 20 12
1003 1083 22 14
1004 1222 26 8
1004 1331 22 4
1005 1180 45 14
1005 1283 13 14
1005 1343 3 13
1005 1354 21 11
1006 1147 34 1
1006 1186 51 2
1006 1358 23 2
1006 1365 28 13
1007 1200 51 13
1007 1215 36 1
1007 1347 12 14
1008 1084 42 6
1008 1104 60 2
1009 1140 22 3
1010 1272 30 7
1011 1233 15 4
1011 1268 13 13
1012 1205 29 1
1012 1273 45 11
1014 1135 29 4
1016 1096 2 9
1016 1159 51 10
1017 1203 38 5
1017 1302 43 8
1018 1214 12 15
1018 1238 45 15
1019 1267 53 4
1020 1079 14 6
1020 1250 53 15
1021 1315 33 11
1022 1328 10 3
1023 1103 13 6
1024 1177 31 5
1024 1271 40 7
1026 1077 25 7
1026 1104 41 12
1027 1202 2 2
1028 1088 25 14
1028 1128 60 12
1029 1130 45 12
1029 1327 36 8
1031 1146 56 1
1031 1148 50 2
1031 1335 30 12
1032 1226 33 3
1032 1376 45 3
1033 1111 13 15
1033 1176 13 14
1034 1052 18 1
1035 1097 29 8
1035 1196 44 1
1035 1233 13 8
1035 1316 35 7
1036 1197 36 9
1036 1271 42 3
1036 1381 24 12
1037 1192 43 3
1038 1335 21 9
1039 1344 6 2
1040 1158 17 10
1040 1263 22 6
1040 1353 34 9
1041 1120 24 1
1042 1188 41 9
1042 1221 34 5
1042 1268 58 14
1043 1065 18 2
1043 1124 19 6
1044 1380 60 12
1045 1138 31 1
1046 1224 16 3
1047 1229 11 3
1047 1238 5 9
1047 1352 49 7
1049 1053 26 13
1049 1274 8 1
1049 1310 48 11
1052 1364 48 8
1054 1136 37 7
1054 1198 52 3
1054 1299 59 15
1055 1298 55 1
1056 1180 11 11
1056 1265 5 14
1057 1341 23 7
1057 1363 29 6
1058 1235 35 3
1059 1061 38 7
1059 1177 59 4
1060 1213 14 6
1061 1234 39 3
1061 1303 37 4
1061 1315 53 10
1061 1358 23 8
1062 1073 32 15
1063 1079 34 10
1063 1344 23 15
1063 1360 20 11
1064 1130 38 10
1064 1136 44 5
1064 1375 18 4
1067 1302 58 13
1068 1292 54 3
1069 1269 49 15
1070 1157 10 6
1071 1224 34 12
1073 1376 13 1
1074 1212 37 1
1074 1250 13 12
1074 1373 44 8
1075 1156 17 2
1075 1232 13 13
1075 1330 45 14
1076 1342 7 4
1077 1162 45 2
1077 1314 9 13
1078 1239 42 9
1078 1249 51 10
1079 1123 3 1
1079 1172 6 3
1079 1222 23 4
1080 1168 33 9
1080 1179 25 14
1081 1193 2 3
1081 1311 31 3
1082 1289 60 3
1087 1317 34 1
1089 1309 31 1
1089 1326 45 1
1090 1181 18 3
1091 1145 33 10
1091 1219 37 11
1093 1207 27 6
1094 1224 60 11
1094 1291 8 5
1094 1310 21 5
1095 1204 17 9
1096 1232 49 12
1096 1254 12 12
1100 1188 8 13
1100 1293 54 14
1100 1327 59 11
1101 1113 16 12
1101 1205 31 7
1102 1309 14 5
1104 1177 7 1
1105 1336 20 5
1107 1146 21 9
1107 1171 46 3
1107 1226 5 8
1108 1298 41 4
1108 1366 43 15
1109 1336 52 10
1110 1313 20 12
1110 1321 36 4
1110 1363 55 6
1111 1252 37 4
1111 1326 17 3
1112 1337 9 9
1114 1220 39 4
1115 1209 22 12
1115 1224 57 15
1115 1242 39 9
1116 1282 43 11
1117 1165 11 4
1117 1187 19 11
1117 1192 60 3
1117 1317 58 15
1120 1165 27 12
1120 1194 20 4
1121 1132 8 4
1121 1192 48 14
1121 1217 31 6
1121 1292 36 5
1125 1165 51 1
1125 1241 54 9
1126 1229 46 11
1126 1285 54 11
1126 1338 4 8
1127 1154 57 5
1127 1230 28 8
1127 1341 59 1
1128 1371 50 12
1131 1215 55 1
1132 1214 18 4
1133 1285 51 14
1133 1303 15 15
1134 1274 54 4
1135 1231 10 6
1135 1351 13 4
1138 1242 52 8
1139 1232 52 13
1139 1334 32 14
1140 1303 57 15
1142 1208 10 5
1142 1257 58 6
1142 1345 25 11
1143 1249 19 1
1143 1346 34 7
1147 1285 5 13
1147 1378 49 9
1148 1346 8 10
1151 1325 31 10
1152 1277 26 1
1155 1301 30 8
1157 1190 45 9
1157 1213 51 1
1158 1330 1 13
1159 1365 14 14
1160 1196 3 14
1161 1225 23 5
1161 1313 51 12
1162 1232 16 3
1164 1212 57 4
1165 1353 14 7
1167 1344 13 5
1170 1340 43 3
1171 1232 53 4
1174 1259 56 7
1174 1289 37 10
1174 1292 34 1
1176 1232 41 8
1178 1198 23 4
1178 1283 13 12
1179 1247 49 4
1181 1256 53 12
1182 1342 39 13
1184 1339 12 5
1185 1265 40 14
1186 1189 21 9
1186 1251 22 9
1190 1351 22 2
1191 1248 52 1
1193 1211 36 11
1193 1324 6 1
1195 1213 39 1
1197 1277 28 12
1198 1342 37 11
1199 1361 49 4
1200 1370 6 6
1203 1376 32 5
1204 1363 19 4
1205 1249 51 13
1208 1264 36 1
1210 1231 41 11
1214 1342 28 3
1214 1366 33 14
1216 1244 28 4
1217 1225 32 9
1217 1243 49 15
1217 1323 38 13
1219 1306 1 3
1219 1341 13 15
1221 1356 32 14
1222 1310 33 15
1224 1259 4 15
1224 1342 46 15
1227 1341 22 1
1229 1248 39 15
1231 1232 46 4
1232 1248 59 9
1233 1349 53 6
1234 1373 44 6
1236 1250 24 2
1237 1310 44 9
1237 1356 49 11
1239 1266 44 8
1239 1325 48 13
1240 1334 28 4
1243 1286 1 5
1248 1347 10 12
1253 1380 15 15
1254 1263 53 14
1254 1370 40 10
1255 1309 57 6
1257 1337 49 7
1258 1329 14 13
1258 1353 26 9
1260 1264 59 3
1260 1289 41 8
1260 1347 24 10
1262 1321 54 5
1269 1347 37 14
1271 1290 27 12
1271 1373 14 9
1273 1352 18 8
1274 1307 19 7
1275 1338 6 6
1277 1383 18 12
1280 1298 21 12
1282 1303 50 14
1282 1358 37 9
1284 1374 20 14
1285 1328 24 7
1289 1383 13 9
1291 1310 48 8
1297 1368 60 2
1298 1369 26 14
1299 1353 39 9
1300 1324 58 2
1302 1364 26 5
1311 1373 37 3
1313 1327 42 3
1315 1365 36 7
1319 1324 28 13
1319 1370 9 4
1321 1332 56 7
1323 1376 19 15
1330 1353 45 1
1331 1379 54 6
1338 1361 42 15
1360 1377 4 3
1370 1377 58 10

0 19 21
1 26 8
2 28 36
3 41 32
4 42 25
5 47 2
6 60 50
7 95 17
8 100 48
9 112 41
10 115 43
11 121 1
12 133 11
13 138 3
14 144 9
15 149 50
16 151 42
17 160 22
18 165 2
19 175 42
20 190 42
21 195 7
22 198 17
23 203 48
24 207 18
25 243 15
26 265 6
27 271 24
28 274 19
29 275 8
30 296 48
31 298 24
32 300 39
33 302 25
34 311 2
35 323 36
36 329 37
37 334 33
38 338 1
39 364 17
40 367 3
41 376 23
42 381 18
43 383 25
44 410 8
45 422 46
46 434 41
47 436 45
48 442 6
49 446 46
50 462 4
51 467 37
52 482 41
53 495 34
54 498 17
55 516 10
56 525 48
57 528 26
58 538 50
59 544 22
60 572 24
61 587 42
62 588 47
63 610 23
64 618 8
65 626 40
66 630 17
67 633 33
68 639 45
69 644 41
70 650 41
71 654 35
72 667 30
73 674 4
74 680 37
75 681 26
76 687 32
77 695 14
78 696 17
79 699 44
80 704 28
81 706 24
82 718 4
83 742 21
84 761 38
85 777 18
86 808 9
87 822 20
88 852 12
89 855 17
90 893 3
91 901 40
92 911 14
93 921 47
94 926 35
95 942 27
96 946 20
97 960 36
98 975 21
99 980 11
100 1001 1
101 1017 13
102 1041 12
103 1043 33
104 1048 37
105 1057 25
106 1061 27
107 1062 44
108 1064 48
109 1071 31
110 1073 40
111 1086 48
112 1090 41
113 1101 24
114 1130 19
115 1137 39
116 1149 18
117 1158 26
118 1162 19
119 1170 13
120 1182 25
121 1211 16
122 1213 32
123 1219 44
124 1220 6
125 1229 44
126 1233 3
127 1237 32
128 1238 46
129 1246 42
130 1269 2
131 1271 46
132 1283 2
133 1303 49
134 1304 13
135 1307 29
136 1354 20
137 1366 31
