1407 5616 140 14

0 30 2990
1 60 5548
2 90 7720
3 120 9548
4 150 11071
5 180 12324
6 210 13337
7 240 14139
8 270 14755
9 300 15208
10 330 15517
11 360 15703
12 390 15780
13 420 15764

0 5905
1 6388
2 3871
3 5871
4 6656
5 5895
6 6162
7 4385
8 6273
9 6740
10 5499
11 5749
12 4748
13 5135
14 3665
15 5289
16 6037
17 5117
18 6341
19 5403
20 4150
21 4653
22 4952
23 4431
24 4461
25 4335
26 4641
27 4346
28 5664
29 5274
30 5694
31 5106
32 5244
33 4100
34 4582
35 4706
36 3160
37 5429
38 4121
39 5890
40 5362
41 3799
42 5701
43 3792
44 5071
45 5229
46 4754
47 5411
48 5612
49 5123
50 6496
51 5132
52 5038
53 5767
54 5256
55 5459
56 2608
57 4553
58 3594
59 3497
60 4312
61 2802
62 3566
63 4813
64 5180
65 5326
66 5141
67 5236
68 5505
69 7373
70 4388
71 4679
72 4266
73 5159
74 6036
75 4726
76 6193
77 5116
78 5471
79 3817
80 5646
81 5248
82 6680
83 5695
84 4706
85 3943
86 4369
87 6927
88 4221
89 4359
90 7647
91 3797
92 5610
93 5056
94 4111
95 5233
96 5715
97 4739
98 3178
99 5041
100 5415
101 6077
102 5289
103 5876
104 5944
105 5298
106 4285
107 5501
108 5468
109 4664
110 5292
111 4713
112 5077
113 4228
114 3778
115 4428
116 5995
117 4863
118 6032
119 4258
120 5959
121 4925
122 5470
123 4875
124 5496
125 6068
126 6811
127 3449
128 5729
129 4926
130 4171
131 4599
132 4809
133 5623
134 5376
135 7052
136 3347
137 5346
138 5431
139 6012
140 4669
141 4209
142 4274
143 5095
144 4568
145 5374
146 4790
147 5548
148 5168
149 5219
150 6906
151 4773
152 5486
153 5782
154 5225
155 6223
156 5095
157 5467
158 6157
159 4489
160 6167
161 3978
162 4064
163 5657
164 3850
165 4417
166 5625
167 4782
168 6587
169 4787
170 5208
171 5193
172 4986
173 5782
174 5397
175 5923
176 6033
177 4772
178 4298
179 4276
180 5661
181 3744
182 5457
183 7201
184 5164
185 5572
186 4996
187 6648
188 5179
189 4980
190 4562
191 4663
192 4039
193 5480
194 5205
195 5382
196 4300
197 4233
198 4459
199 5332
200 5238
201 4376
202 3934
203 3450
204 6212
205 5522
206 7069
207 3941
208 5020
209 5437
210 4123
211 5725
212 4665
213 5350
214 4758
215 5047
216 4787
217 3259
218 4572
219 4424
220 6952
221 5427
222 5488
223 4394
224 5690
225 4729
226 4178
227 6054
228 5014
229 5351
230 4415
231 6234
232 4753
233 5296
234 6726
235 3569
236 5465
237 6043
238 4926
239 5475
240 4370
241 6504
242 6264
243 5350
244 5004
245 5312
246 3511
247 4312
248 4563
249 4903
250 5078
251 4572
252 6338
253 5010
254 5285
255 4805
256 3586
257 5047
258 4866
259 5577
260 4925
261 4185
262 4751
263 4824
264 5016
265 5992
266 5742
267 4122
268 5518
269 5262
270 5011
271 4898
272 5567
273 4060
274 5738
275 4832
276 5391
277 3024
278 6008
279 4806
280 5852
281 4292
282 4163
283 5576
284 5410
285 4345
286 4999
287 3831
288 6030
289 4982
290 5080
291 5506
292 5286
293 5009
294 5869
295 5489
296 4461
297 5726
298 4444
299 3694
300 4998
301 5967
302 4974
303 6533
304 4641
305 4220
306 5171
307 4210
308 5482
309 4577
310 4890
311 6191
312 6298
313 4969
314 6671
315 6697
316 4160
317 4021
318 5774
319 5407
320 6151
321 4214
322 4653
323 5056
324 4788
325 5572
326 5013
327 4626
328 4275
329 5979
330 7030
331 5104
332 4214
333 6283
334 4216
335 3604
336 4790
337 4405
338 6539
339 4762
340 5802
341 4427
342 6397
343 5154
344 5957
345 4352
346 7747
347 4366
348 6503
349 5547
350 5916
351 5576
352 5505
353 5775
354 5658
355 7416
356 4737
357 6239
358 4313
359 5331
360 4528
361 4347
362 5318
363 3860
364 4774
365 4819
366 5346
367 4826
368 6253
369 4865
370 4300
371 5170
372 5764
373 4440
374 6378
375 5971
376 5170
377 5873
378 5287
379 4575
380 5091
381 5976
382 4207
383 5454
384 4887
385 5672
386 4518
387 2905
388 4447
389 5664
390 7302
391 5316
392 5630
393 3237
394 5906
395 5172
396 5246
397 5969
398 5539
399 5261
400 4176
401 4603
402 4763
403 4926
404 4548
405 3959
406 5827
407 5928
408 5360
409 5068
410 6030
411 4463
412 4724
413 6090
414 4926
415 4517
416 5426
417 4972
418 4811
419 5651
420 4127
421 4443
422 6226
423 3674
424 3712
425 5396
426 4327
427 5550
428 3599
429 5702
430 6753
431 4951
432 4529
433 5333
434 5659
435 4930
436 5274
437 6152
438 5097
439 4477
440 5899
441 7515
442 3587
443 6935
444 5494
445 4974
446 4310
447 5550
448 5505
449 4528
450 5663
451 6109
452 4964
453 5237
454 4185
455 4431
456 5287
457 3673
458 5934
459 4621
460 4535
461 4811
462 5013
463 4775
464 4827
465 4029
466 5641
467 5686
468 5234
469 5400
470 6136
471 6754
472 3956
473 2907
474 5353
475 5154
476 6441
477 3752
478 6209
479 4955
480 5539
481 6302
482 5957
483 4179
484 6701
485 3824
486 4954
487 4086
488 5135
489 5848
490 4398
491 4978
492 6484
493 4810
494 4600
495 6780
496 4588
497 6856
498 4265
499 4742
500 5117
501 5742
502 4759
503 4295
504 4002
505 5281
506 6913
507 4888
508 6300
509 4241
510 6784
511 6124
512 4733
513 5353
514 4444
515 6884
516 4823
517 5541
518 5661
519 4966
520 5499
521 5666
522 4937
523 4772
524 4218
525 4662
526 3893
527 5346
528 3965
529 5373
530 4179
531 4449
532 4729
533 4470
534 5330
535 5277
536 4217
537 5012
538 6911
539 5443
540 6010
541 4970
542 5540
543 5783
544 5488
545 5907
546 5174
547 5411
548 5840
549 3520
550 6006
551 3093
552 4371
553 4565
554 4075
555 4889
556 5433
557 5898
558 4697
559 5731
560 6113
561 4014
562 5493
563 4623
564 4341
565 5510
566 5566
567 4190
568 6049
569 4894
570 6884
571 5701
572 6290
573 4297
574 4342
575 4522
576 7525
577 3973
578 4762
579 5186
580 5521
581 4188
582 5004
583 5682
584 4288
585 4921
586 4491
587 4412
588 5169
589 5203
590 5642
591 6329
592 5275
593 4388
594 4952
595 2621
596 5469
597 4562
598 4780
599 4932
600 4104
601 4640
602 6440
603 5893
604 5440
605 5953
606 5512
607 5966
608 5840
609 4768
610 3833
611 6248
612 6045
613 6381
614 4803
615 4240
616 5325
617 4532
618 5097
619 5388
620 2949
621 4547
622 5980
623 5693
624 4885
625 5426
626 4205
627 3245
628 4617
629 4421
630 4679
631 6354
632 5342
633 5114
634 4455
635 4584
636 4670
637 5402
638 4993
639 6495
640 5883
641 6416
642 5277
643 5173
644 4786
645 4568
646 4211
647 5513
648 5333
649 3889
650 5086
651 4195
652 6019
653 5060
654 4846
655 3855
656 3836
657 6302
658 3215
659 5052
660 5304
661 5144
662 4057
663 4241
664 7013
665 6205
666 4496
667 5751
668 4477
669 7183
670 5407
671 3512
672 6131
673 5273
674 5159
675 4765
676 5037
677 5620
678 4580
679 4268
680 4699
681 4785
682 6569
683 3943
684 4607
685 5949
686 5804
687 5746
688 5235
689 5439
690 6769
691 6474
692 5755
693 5250
694 5418
695 3065
696 5663
697 5130
698 4390
699 5255
700 4930
701 4854
702 6302
703 4054
704 5110
705 5048
706 3194
707 3814
708 3838
709 4654
710 3049
711 5914
712 6148
713 5617
714 4339
715 4895
716 4961
717 4278
718 5611
719 5333
720 5344
721 4500
722 4290
723 4401
724 4509
725 5549
726 4904
727 5199
728 5421
729 5634
730 4590
731 3715
732 4948
733 4333
734 5027
735 4662
736 5058
737 5269
738 4810
739 3649
740 5562
741 5213
742 5035
743 6382
744 4164
745 5875
746 3328
747 5409
748 5140
749 5211
750 5717
751 4719
752 6288
753 3782
754 5200
755 4556
756 4140
757 5029
758 6710
759 5990
760 2722
761 4122
762 5835
763 5732
764 4135
765 5116
766 4300
767 4425
768 5981
769 5133
770 5301
771 5701
772 4879
773 4962
774 5612
775 4536
776 4643
777 4698
778 6455
779 6488
780 4085
781 5064
782 4044
783 5216
784 4584
785 4317
786 5741
787 4512
788 5260
789 4622
790 6476
791 5407
792 4120
793 5630
794 6051
795 4902
796 5413
797 6748
798 5479
799 5919
800 5221
801 6390
802 5147
803 6950
804 5061
805 6262
806 5569
807 4434
808 5351
809 6182
810 5567
811 3363
812 5095
813 6068
814 3426
815 4668
816 5087
817 4864
818 5385
819 6118
820 4263
821 4464
822 4307
823 5700
824 5740
825 5039
826 5741
827 6917
828 5470
829 5023
830 5661
831 5605
832 4479
833 3338
834 7098
835 4881
836 5875
837 4225
838 5282
839 6314
840 5094
841 4890
842 7371
843 5055
844 5554
845 5817
846 5131
847 4253
848 5588
849 4359
850 5440
851 3975
852 4258
853 6243
854 4770
855 6052
856 6870
857 4788
858 5719
859 5322
860 5244
861 4372
862 6024
863 5190
864 6222
865 5413
866 2723
867 5422
868 4237
869 5873
870 4984
871 4506
872 3670
873 5533
874 4278
875 5302
876 5131
877 4986
878 6609
879 4492
880 4986
881 5214
882 4767
883 5850
884 6336
885 4815
886 6357
887 4819
888 5936
889 4424
890 7194
891 4641
892 5972
893 5710
894 3413
895 4879
896 4142
897 6283
898 4232
899 5868
900 4331
901 5862
902 4421
903 5970
904 5186
905 5650
906 5853
907 4231
908 4852
909 5154
910 4280
911 3974
912 4128
913 4637
914 5881
915 5985
916 6856
917 5596
918 5224
919 5097
920 6684
921 5119
922 5889
923 5316
924 6266
925 4857
926 3802
927 7140
928 5476
929 3746
930 5129
931 7396
932 5745
933 5931
934 3532
935 5439
936 4590
937 6068
938 4214
939 5984
940 4943
941 4860
942 6094
943 5239
944 5148
945 4724
946 5218
947 4907
948 2730
949 5757
950 4359
951 5720
952 5058
953 5423
954 5025
955 4160
956 4451
957 5577
958 5180
959 3445
960 5246
961 6601
962 5933
963 6544
964 6150
965 5382
966 5818
967 4217
968 4097
969 5599
970 5618
971 4265
972 5619
973 4878
974 5014
975 5587
976 4070
977 5397
978 4447
979 5004
980 5711
981 4303
982 4313
983 5730
984 5374
985 4444
986 4061
987 4509
988 4777
989 6477
990 6384
991 5561
992 4001
993 5402
994 4272
995 5202
996 3710
997 4930
998 4674
999 4853
1000 4834
1001 5113
1002 4459
1003 5949
1004 4005
1005 5811
1006 4835
1007 4687
1008 6142
1009 4298
1010 5358
1011 4540
1012 5654
1013 5382
1014 5177
1015 5417
1016 6659
1017 5477
1018 4520
1019 5355
1020 4694
1021 5121
1022 4101
1023 4473
1024 3471
1025 4888
1026 5965
1027 5504
1028 5654
1029 5617
1030 4011
1031 4294
1032 5167
1033 5302
1034 3945
1035 5369
1036 5235
1037 5542
1038 2664
1039 4820
1040 5385
1041 6011
1042 3376
1043 6270
1044 6657
1045 5221
1046 4846
1047 5442
1048 4302
1049 5538
1050 4585
1051 3590
1052 5156
1053 4964
1054 4994
1055 5269
1056 4466
1057 3608
1058 3772
1059 5985
1060 4303
1061 4946
1062 4322
1063 5287
1064 4971
1065 5035
1066 5869
1067 5050
1068 4539
1069 3800
1070 5802
1071 4330
1072 4785
1073 4173
1074 4782
1075 5744
1076 4774
1077 4637
1078 4191
1079 5632
1080 4614
1081 5319
1082 3940
1083 5249
1084 5013
1085 5901
1086 5463
1087 4518
1088 3838
1089 4350
1090 5253
1091 4172
1092 5055
1093 5073
1094 4872
1095 5103
1096 5203
1097 5545
1098 4899
1099 5297
1100 6416
1101 5160
1102 4611
1103 4631
1104 6545
1105 5061
1106 6365
1107 4780
1108 5216
1109 5340
1110 5393
1111 6609
1112 5452
1113 5845
1114 5215
1115 6159
1116 3389
1117 4136
1118 4265
1119 5072
1120 5338
1121 4359
1122 6355
1123 6192
1124 5780
1125 5936
1126 6025
1127 5473
1128 6615
1129 4673
1130 3627
1131 5931
1132 5102
1133 4497
1134 6030
1135 4830
1136 2567
1137 5114
1138 4761
1139 4690
1140 5187
1141 2808
1142 5379
1143 4858
1144 6027
1145 5195
1146 5281
1147 3746
1148 4115
1149 5742
1150 4978
1151 5603
1152 5412
1153 4725
1154 3727
1155 5339
1156 6002
1157 4919
1158 5189
1159 5223
1160 5296
1161 5747
1162 4752
1163 4033
1164 5755
1165 5231
1166 4400
1167 5696
1168 5114
1169 3722
1170 5687
1171 4837
1172 5125
1173 4489
1174 5901
1175 6048
1176 3632
1177 5683
1178 5459
1179 4509
1180 5241
1181 5224
1182 5818
1183 5461
1184 3968
1185 5428
1186 6015
1187 6055
1188 4259
1189 4917
1190 5880
1191 6339
1192 5520
1193 4049
1194 5182
1195 5069
1196 5404
1197 5076
1198 4938
1199 5499
1200 4735
1201 5389
1202 4876
1203 2623
1204 4432
1205 5312
1206 5542
1207 3784
1208 6232
1209 5273
1210 6062
1211 4395
1212 4488
1213 4911
1214 3637
1215 6087
1216 6138
1217 5181
1218 5675
1219 5558
1220 5846
1221 6868
1222 5609
1223 5506
1224 6540
1225 4715
1226 5145
1227 5543
1228 4860
1229 4964
1230 3870
1231 5500
1232 7258
1233 5492
1234 4637
1235 4702
1236 5306
1237 4950
1238 6151
1239 5173
1240 4328
1241 5221
1242 4797
1243 5449
1244 5247
1245 5504
1246 5428
1247 5905
1248 6437
1249 4358
1250 5940
1251 6492
1252 5626
1253 6330
1254 4111
1255 4121
1256 5371
1257 4854
1258 4915
1259 3734
1260 4169
1261 5504
1262 6356
1263 3857
1264 5039
1265 5163
1266 4364
1267 4566
1268 4798
1269 6358
1270 6270
1271 4056
1272 5745
1273 4542
1274 5652
1275 5621
1276 4091
1277 5568
1278 3880
1279 5335
1280 4085
1281 4995
1282 4953
1283 5489
1284 4357
1285 3107
1286 5543
1287 6318
1288 4201
1289 5813
1290 4305
1291 4071
1292 5791
1293 5031
1294 4456
1295 4348
1296 6141
1297 5370
1298 3834
1299 4646
1300 4611
1301 5560
1302 5483
1303 4601
1304 4551
1305 5261
1306 2898
1307 5696
1308 4086
1309 5456
1310 5639
1311 5386
1312 6291
1313 5888
1314 5264
1315 5677
1316 4732
1317 4658
1318 5272
1319 5282
1320 4968
1321 4374
1322 3943
1323 3763
1324 4287
1325 3333
1326 5748
1327 6501
1328 6281
1329 5754
1330 4995
1331 5065
1332 5590
1333 6417
1334 5495
1335 5808
1336 5989
1337 5028
1338 4773
1339 3517
1340 4600
1341 7090
1342 5108
1343 5780
1344 5178
1345 3695
1346 5982
1347 4688
1348 5092
1349 5261
1350 4890
1351 6496
1352 4995
1353 5689
1354 6322
1355 3954
1356 5400
1357 4894
1358 4336
1359 3127
1360 3921
1361 5395
1362 4609
1363 3834
1364 4828
1365 3327
1366 5097
1367 5840
1368 4022
1369 4268
1370 4628
1371 5065
1372 5732
1373 4544
1374 4554
1375 5617
1376 4596
1377 4446
1378 5564
1379 4146
1380 5083
1381 4283
1382 3831
1383 4637
1384 6148
1385 3971
1386 4898
1387 5211
1388 4831
1389 6822
1390 4941
1391 4812
1392 5572
1393 5477
1394 5403
1395 6074
1396 4212
1397 5756
1398 4460
1399 5269
1400 4587
1401 6099
1402 3478
1403 5638
1404 6104
1405 5868
1406 5218

0 94 44 11
0 277 31 15
0 369 54 12
0 740 15 2
0 786 21 10
0 812 12 11
0 848 29 9
0 968 8 14
0 972 14 13
0 1042 6 15
0 1114 38 4
1 14 23 10
1 32 2 9
1 258 8 12
1 411 28 13
1 881 51 2
1 1151 3 12
1 1224 24 4
1 1281 54 11
1 1323 35 10
2 194 6 4
2 446 56 7
2 546 3 7
2 842 3 3
2 931 37 7
2 1028 14 1
2 1091 40 8
2 1123 13 11
3 21 53 7
3 120 1 8
3 350 11 8
3 455 28 6
3 511 24 12
3 536 13 10
3 552 16 12
3 1155 22 11
3 1262 38 1
4 184 41 5
4 261 42 7
4 543 30 15
4 677 56 8
5 77 8 7
5 168 32 4
5 229 18 6
5 303 37 9
5 1042 27 10
5 1404 30 11
6 181 21 1
6 229 33 1
6 282 28 4
6 443 17 10
6 470 17 1
6 591 10 7
6 1106 28 2
7 34 23 12
7 80 1 11
7 634 1 2
7 920 39 2
7 981 43 13
7 1209 10 10
8 27 34 14
8 257 40 11
8 677 18 7
8 700 9 1
8 774 22 3
8 1055 37 5
8 1057 5 4
8 1329 41 10
9 276 35 14
9 346 20 2
9 456 12 4
9 494 45 10
9 528 1 5
9 765 27 3
9 863 52 5
9 1027 16 15
9 1155 46 10
9 1276 21 15
9 1386 31 11
9 1389 6 15
10 162 5 12
10 364 30 6
10 589 1 4
10 820 44 11
10 974 60 2
11 102 10 14
11 138 28 13
11 166 56 4
11 875 22 14
11 889 43 7
11 1237 6 3
11 1330 33 7
11 1349 19 1
12 170 14 15
12 201 46 1
12 280 28 7
12 364 60 4
12 704 60 2
12 824 13 12
12 1095 32 3
12 1101 55 2
12 1186 50 5
12 1210 43 4
12 1236 60 12
13 291 13 5
13 552 58 14
13 651 57 1
13 1214 24 13
13 1236 53 10
13 1288 14 6
13 1351 50 8
13 1390 49 12
14 466 43 8
14 833 25 8
14 845 41 4
14 1004 41 10
14 1081 2 8
14 1292 43 12
14 1399 29 10
14 1405 9 1
15 355 13 8
15 659 40 11
15 693 49 9
15 829 9 5
15 1183 28 8
15 1269 20 2
16 23 49 5
16 355 45 6
16 573 57 11
16 744 13 1
16 1250 27 12
17 60 5 14
17 175 9 3
17 676 35 1
17 857 22 15
17 1024 3 2
17 1052 22 5
17 1212 23 8
18 80 50 8
18 99 13 8
18 132 5 11
18 587 17 11
18 777 28 4
18 792 24 12
18 977 22 15
18 979 34 2
18 1071 24 14
18 1111 21 14
18 1400 1 1
19 169 32 6
19 550 5 1
19 580 60 1
19 623 48 15
19 913 25 1
19 1095 40 13
19 1157 46 14
19 1262 60 6
20 416 9 6
20 425 33 3
20 638 59 9
20 742 36 13
20 1138 10 6
20 1356 5 5
20 1387 33 12
20 1401 49 3
21 180 8 7
21 205 26 6
21 674 2 14
21 835 37 10
21 895 31 4
21 989 23 7
21 1077 35 2
21 1082 50 2
21 1123 5 8
21 1273 27 1
22 87 29 12
22 209 57 14
22 217 21 1
22 333 14 11
22 387 18 5
22 452 58 1
22 1024 16 11
22 1197 53 4
23 32 2 13
23 636 2 14
24 155 7 15
24 179 14 14
24 350 20 14
24 410 44 9
24 830 37 11
24 871 42 5
24 986 13 6
24 1052 51 11
24 1085 60 12
25 42 12 11
25 144 50 3
25 147 36 2
25 397 41 8
25 763 58 6
25 821 23 5
25 1184 26 13
25 1370 56 11
26 75 33 4
26 395 54 9
26 400 57 3
26 583 42 5
26 793 20 6
26 820 2 3
26 1002 6 7
26 1322 57 2
26 1353 11 9
27 76 28 11
27 133 46 6
27 355 46 7
27 482 25 5
27 519 36 7
27 843 5 12
27 1087 3 5
27 1095 35 13
27 1390 57 7
27 1404 24 3
28 122 19 11
28 476 17 14
28 757 3 3
28 782 39 1
29 212 14 4
29 253 54 10
29 735 17 5
29 841 47 11
29 1027 14 3
29 1045 1 12
29 1106 31 13
30 55 9 2
30 126 21 11
30 206 43 2
30 1117 31 15
30 1305 20 7
31 227 47 13
31 412 39 7
31 754 60 2
31 795 39 15
31 825 43 8
31 984 23 11
31 1162 55 6
31 1274 7 4
32 61 54 1
32 374 19 4
32 469 15 2
32 568 43 13
32 647 11 4
32 798 32 6
32 863 18 10
33 40 5 8
33 82 20 9
33 313 50 11
33 384 43 5
33 848 51 13
33 1102 19 8
33 1287 50 13
34 352 44 12
34 402 47 15
34 555 19 2
34 732 55 14
34 1068 36 5
34 1124 55 9
34 1251 33 12
34 1274 13 3
35 147 52 7
35 264 53 13
35 404 35 3
35 583 11 1
35 797 13 10
35 1015 15 12
36 49 59 9
36 186 45 8
36 382 49 14
36 463 22 15
36 497 53 2
36 614 7 8
36 946 38 5
36 1031 27 4
36 1037 15 8
36 1182 24 11
36 1222 25 4
37 608 9 6
37 693 12 9
37 902 32 8
37 1006 46 14
37 1081 44 10
37 1229 17 9
38 67 3 3
38 181 58 4
38 285 51 2
38 294 13 5
38 349 37 8
38 667 19 4
38 949 18 3
38 996 55 6
38 1015 24 3
38 1329 38 8
39 566 49 9
39 776 4 9
39 835 50 10
39 850 39 12
39 881 32 6
39 944 12 7
39 1154 57 4
39 1238 24 3
40 123 21 7
40 208 30 11
40 1310 59 13
40 1339 10 11
41 422 4 11
41 804 30 13
41 1037 42 12
41 1122 8 6
41 1127 55 15
41 1246 1 7
41 1256 25 7
41 1343 48 10
42 84 37 13
42 403 7 5
42 524 20 11
42 1372 51 1
43 308 2 14
43 444 1 7
43 672 11 7
43 986 31 1
43 1225 15 9
43 1232 40 15
43 1241 27 4
43 1389 47 15
44 155 33 7
44 441 1 14
44 870 30 10
44 952 30 2
44 996 14 6
44 1004 25 14
44 1027 55 2
44 1388 14 8
45 561 20 12
45 781 5 13
45 784 48 14
45 817 14 7
45 942 26 2
45 1288 3 6
45 1357 56 2
46 91 32 3
46 202 14 7
46 326 18 2
46 355 26 14
46 524 10 4
46 766 25 12
46 822 5 15
47 148 9 1
47 358 10 10
47 793 42 9
47 796 34 15
47 870 37 11
47 998 25 2
47 1003 30 9
47 1028 19 6
47 1334 14 10
48 599 3 2
48 748 50 7
48 907 16 14
48 1150 56 2
48 1216 11 7
48 1344 7 6
48 1401 27 8
49 327 20 14
49 688 29 7
49 694 40 9
49 696 56 3
49 724 3 6
49 1026 56 1
49 1045 56 13
49 1248 39 5
50 85 46 15
50 561 51 4
50 651 39 9
50 764 13 8
50 1206 18 11
50 1305 60 14
51 78 42 12
51 121 53 10
51 242 19 13
51 370 29 2
51 826 15 13
51 1009 6 6
51 1014 22 4
51 1078 50 8
51 1110 17 9
52 119 46 6
52 240 38 11
52 692 2 10
52 777 60 10
52 789 34 2
52 819 38 10
52 1005 4 12
52 1133 14 4
52 1237 60 11
52 1303 9 4
53 190 52 6
53 287 29 10
53 388 4 9
53 467 56 8
53 770 14 6
53 783 28 4
53 786 27 2
53 790 26 6
53 1230 54 3
53 1271 45 4
54 107 2 2
54 382 44 9
54 667 20 6
54 1273 5 1
54 1308 46 6
54 1310 45 9
54 1312 35 11
55 154 55 13
55 425 15 2
55 511 44 2
55 519 13 8
55 1045 17 12
55 1125 43 10
56 389 42 4
56 443 56 14
56 453 16 14
56 488 48 12
56 595 16 11
56 997 50 7
57 326 47 4
57 560 41 3
57 1149 1 7
58 523 36 5
58 548 34 13
58 582 12 14
58 1119 3 6
58 1341 35 10
58 1372 22 5
59 246 36 3
59 292 22 15
59 432 54 3
59 477 6 8
59 821 37 13
59 848 48 15
59 903 56 7
59 1028 26 9
59 1072 50 7
59 1075 55 2
59 1221 25 1
60 164 22 15
60 320 38 5
60 348 53 6
60 997 16 13
60 1087 41 11
60 1100 28 8
61 139 54 2
61 242 15 1
61 279 11 10
61 828 35 9
61 933 6 11
61 1088 18 13
61 1369 47 13
62 66 18 11
62 609 8 1
62 653 30 12
62 814 59 15
62 863 50 8
62 968 7 4
62 1399 1 15
62 1405 39 5
63 159 16 10
63 298 60 11
63 342 26 10
63 634 4 8
63 689 26 4
63 992 3 14
63 1024 59 1
63 1241 13 9
64 77 34 15
64 217 8 12
64 291 59 2
64 293 17 1
64 609 41 15
64 963 11 11
65 112 38 8
65 219 55 11
65 330 47 5
65 578 27 4
65 652 48 4
65 653 38 10
65 782 21 2
65 1026 24 9
65 1061 20 1
65 1095 32 13
66 248 20 4
66 326 57 15
66 343 3 7
66 413 16 1
66 419 22 14
66 643 44 12
66 981 23 1
66 1200 13 9
67 99 51 12
67 608 5 12
67 727 58 3
67 1304 39 9
68 149 55 11
68 264 1 8
68 397 50 1
68 669 21 9
68 725 43 10
68 842 53 5
68 849 1 8
68 877 60 13
68 953 43 7
68 1181 56 15
68 1190 56 3
68 1213 3 9
68 1222 40 3
68 1268 35 2
69 420 51 14
69 549 10 2
69 593 23 2
69 746 59 2
69 1028 51 15
69 1082 44 7
69 1121 6 11
69 1181 18 11
69 1340 13 9
69 1354 7 10
70 186 36 13
70 290 4 12
70 291 16 12
70 388 25 9
70 435 9 14
70 508 34 12
70 1119 39 15
71 198 47 3
71 449 42 4
71 606 45 6
71 626 22 9
71 719 7 14
71 858 8 7
71 1169 52 12
71 1230 60 15
71 1255 9 9
71 1345 56 7
72 673 59 5
72 914 37 13
72 1056 28 9
72 1118 31 3
72 1324 25 9
73 235 51 5
73 408 60 6
73 521 53 6
73 581 56 12
73 748 4 4
73 1090 51 1
73 1203 3 9
73 1248 27 10
73 1345 1 13
74 492 1 15
74 533 59 9
74 570 32 15
74 844 7 13
74 856 54 5
74 1230 8 15
74 1352 35 8
75 129 54 9
75 164 2 15
75 186 56 4
75 209 41 6
75 229 2 15
75 259 40 1
75 341 17 4
75 1116 6 13
75 1143 30 6
75 1204 37 12
75 1377 11 13
76 123 44 4
76 230 54 15
76 283 53 5
76 511 12 5
76 583 24 3
76 665 27 8
76 1128 31 11
77 835 9 12
77 879 10 9
77 1216 21 11
77 1306 8 10
78 656 28 8
78 762 49 11
78 1067 56 15
78 1118 54 5
78 1145 59 13
78 1199 23 8
78 1327 30 4
78 1352 48 9
79 114 57 15
79 288 8 5
79 331 14 2
79 345 45 7
79 513 46 15
79 793 16 12
79 942 3 6
79 1152 30 2
79 1167 50 5
79 1171 19 9
79 1269 18 6
79 1335 56 3
80 185 49 14
80 340 8 15
80 1168 32 7
80 1221 19 10
81 442 1 13
81 447 51 7
81 541 36 3
81 730 52 14
81 802 8 15
81 1311 49 10
81 1334 44 6
82 174 29 1
82 523 17 9
82 603 45 1
82 744 2 2
82 1148 54 3
82 1354 11 11
83 254 24 15
83 390 23 1
83 455 21 1
83 484 52 3
83 496 5 2
83 575 46 14
83 679 37 7
83 1002 29 9
84 320 20 12
84 706 54 6
84 1134 29 1
85 396 5 8
85 421 18 8
85 604 45 12
85 980 43 15
85 1294 31 7
86 505 44 12
86 857 12 10
86 918 26 15
86 1034 10 3
86 1081 11 5
86 1292 5 8
87 724 22 8
87 783 15 6
87 1037 52 1
87 1060 7 14
87 1232 33 2
87 1327 60 8
87 1351 56 4
87 1356 57 13
88 119 19 2
88 156 37 15
88 298 46 4
88 469 4 10
88 493 48 3
88 971 32 10
88 1090 56 10
88 1386 32 9
89 196 40 3
89 273 15 8
89 340 27 10
89 346 3 13
89 410 10 7
89 720 40 13
89 843 26 5
89 1135 35 10
89 1216 24 6
89 1318 23 4
90 167 48 8
90 222 53 10
90 291 20 6
90 436 12 2
90 444 33 9
90 646 32 4
90 1334 52 14
90 1355 44 2
90 1379 2 9
90 1402 60 13
91 217 58 8
91 368 6 14
91 415 23 15
91 425 22 7
91 471 26 11
91 535 16 3
91 695 30 5
91 1069 39 8
91 1195 57 4
92 108 48 14
92 488 46 13
92 505 36 3
92 597 48 5
92 627 41 3
92 744 55 2
92 960 43 8
92 1196 7 8
92 1256 47 13
93 458 18 3
93 614 10 1
93 667 34 7
93 883 38 3
93 1213 49 4
93 1280 55 2
93 1373 56 9
93 1375 49 11
94 238 45 15
94 242 39 14
94 641 47 9
94 708 4 6
94 1053 33 15
94 1256 6 2
94 1353 40 10
95 838 20 4
95 860 14 9
95 1194 10 1
96 213 28 8
96 222 24 10
96 809 13 10
96 973 58 7
97 811 41 7
97 1209 37 1
97 1213 56 12
98 133 38 2
98 904 24 2
98 1039 20 1
98 1094 27 2
99 221 5 13
99 752 46 5
99 1390 20 3
100 165 58 5
100 352 24 2
100 1043 34 9
100 1342 32 15
101 323 26 15
101 379 53 6
101 447 40 5
101 572 23 11
101 718 13 14
101 787 60 12
101 792 15 7
101 1168 52 2
102 121 60 3
102 205 57 12
102 638 45 2
102 766 54 7
102 931 24 3
102 1185 40 14
102 1306 28 4
102 1406 51 15
103 301 24 11
103 395 45 1
103 752 47 9
103 1066 42 10
103 1083 30 1
103 1144 54 7
103 1183 7 13
104 375 39 8
104 381 41 14
104 522 26 10
104 747 50 11
104 753 40 14
104 936 28 10
104 1340 37 4
105 135 59 11
105 233 39 10
105 498 17 11
105 629 24 4
105 924 6 1
105 966 19 5
105 980 17 13
105 1200 43 11
106 132 51 7
106 264 32 5
106 512 3 6
106 1339 34 9
106 1368 52 8
107 211 36 2
107 548 24 8
107 778 56 6
107 844 52 5
107 1093 3 15
107 1321 31 13
108 262 17 8
108 327 40 2
108 617 30 4
108 1016 19 14
108 1088 8 11
109 360 30 13
109 555 29 13
109 768 57 7
109 771 60 12
109 796 41 10
109 870 48 14
109 1305 59 9
110 244 5 9
110 371 30 7
110 660 32 3
110 847 43 14
110 918 33 15
110 982 44 7
110 1302 59 12
110 1382 27 14
111 136 45 13
111 148 28 1
111 199 35 11
111 268 21 5
111 334 11 8
111 390 59 6
111 483 41 14
111 784 16 15
111 876 32 7
111 1150 52 11
112 153 44 5
112 485 55 3
112 498 33 9
112 575 47 14
112 632 43 1
112 658 15 8
112 712 51 7
112 1080 23 13
112 1185 44 15
112 1229 32 3
112 1262 41 9
113 674 3 13
113 680 2 9
113 1049 21 4
113 1077 59 10
113 1150 20 11
113 1237 11 4
113 1267 27 5
113 1282 14 1
114 485 46 11
114 814 38 7
114 851 46 8
114 1080 22 6
114 1145 42 15
114 1394 39 7
115 484 31 13
115 656 45 6
115 787 27 2
115 920 36 2
115 934 56 9
115 1016 58 8
115 1283 53 11
115 1360 46 8
115 1389 13 3
116 616 32 9
116 745 19 9
116 792 20 9
116 795 14 2
116 1065 55 15
116 1296 6 9
116 1330 3 9
116 1350 59 14
117 130 12 1
117 197 3 5
117 405 53 11
117 1217 41 15
117 1251 38 3
117 1382 56 9
118 247 18 13
118 254 1 11
118 887 11 1
118 1265 39 12
119 161 12 14
119 396 7 9
119 600 2 4
119 813 28 2
119 1017 44 1
119 1039 8 3
119 1073 40 10
119 1123 29 8
119 1166 42 5
119 1193 54 4
120 169 39 8
120 296 7 13
120 365 39 1
120 387 54 6
120 533 32 4
120 1136 41 14
121 494 6 8
121 555 58 12
121 837 22 2
121 937 39 7
122 373 13 4
122 751 54 8
122 792 24 3
122 795 21 9
122 1375 44 3
123 344 36 9
123 738 19 13
123 762 6 3
123 1225 34 5
124 384 2 7
124 517 29 9
124 685 40 11
124 700 30 14
124 778 8 13
124 781 11 12
124 839 32 7
124 878 50 9
124 1094 55 15
124 1187 39 10
124 1253 1 6
125 282 33 5
125 307 30 10
125 442 44 12
125 789 32 6
125 906 10 12
125 1084 36 2
125 1329 24 10
125 1374 26 1
126 296 42 4
126 499 4 1
126 600 6 5
126 989 5 7
126 1024 10 7
126 1029 49 1
127 201 19 11
127 253 39 4
127 397 40 4
127 855 7 1
127 1067 46 7
127 1121 13 13
127 1136 27 5
127 1144 59 3
127 1269 48 15
127 1306 29 4
128 243 56 1
128 474 47 9
128 638 16 10
128 740 7 6
128 854 51 8
128 882 43 9
128 1178 27 5
128 1220 2 4
128 1317 26 10
129 409 21 11
129 900 18 2
129 1024 57 14
130 314 40 3
130 559 10 9
130 596 56 7
130 816 41 2
130 1137 4 13
130 1158 25 4
130 1303 24 2
131 573 5 12
131 665 52 1
131 715 54 12
131 893 57 8
131 947 2 1
131 1210 19 5
131 1304 31 6
132 533 33 3
132 929 15 4
132 1140 23 9
132 1185 42 3
132 1239 49 2
132 1265 42 3
133 302 56 13
133 597 41 6
133 691 34 15
133 1020 29 2
133 1029 16 1
133 1093 48 11
133 1268 28 12
134 136 29 7
134 354 18 15
134 569 58 11
134 666 26 13
134 694 24 5
134 1228 40 12
135 267 38 11
135 420 35 9
135 526 21 11
135 772 11 15
135 838 15 15
135 860 3 13
135 1242 6 6
136 297 12 8
136 355 49 11
136 492 8 14
136 519 28 13
136 706 22 10
136 771 29 3
136 1221 34 4
136 1295 54 2
136 1342 7 11
136 1349 46 7
137 283 54 8
137 335 55 7
137 821 23 3
137 831 9 1
137 1075 33 1
137 1240 32 7
138 150 60 1
138 490 10 15
138 680 38 7
138 861 20 2
138 1084 56 6
139 327 1 14
139 971 59 12
139 1014 9 7
139 1235 22 11
139 1258 9 7
140 237 30 11
140 334 27 3
140 825 53 8
140 915 30 4
140 1003 14 3
140 1136 39 6
140 1289 4 14
141 148 8 7
141 321 27 4
141 538 18 11
141 552 54 10
141 842 7 4
141 991 56 1
141 1099 44 13
141 1119 57 6
141 1193 21 5
142 300 25 4
142 333 38 15
142 360 23 7
142 874 14 6
142 1265 17 12
143 233 17 12
143 518 47 7
143 596 50 15
143 838 54 8
143 1088 44 6
143 1389 47 14
143 1395 37 3
144 193 58 12
144 242 25 4
144 246 27 7
144 257 51 2
144 594 47 13
144 747 15 6
144 1006 3 9
144 1349 21 1
145 177 18 10
145 1106 14 14
145 1117 23 10
145 1304 29 8
145 1324 26 10
145 1327 54 8
146 196 40 4
146 207 28 9
146 601 38 3
146 835 23 10
146 844 25 15
146 925 55 12
146 976 2 2
146 978 34 4
146 1114 26 13
147 175 19 8
147 308 9 6
147 385 36 13
147 398 17 15
147 624 34 14
147 644 18 12
147 1000 36 15
147 1109 32 5
147 1380 24 12
148 492 33 9
148 541 4 1
148 664 30 5
148 735 4 13
148 1005 9 10
148 1087 33 10
148 1183 25 8
148 1270 59 4
148 1280 18 4
148 1352 53 6
149 516 49 1
149 525 4 12
149 534 1 3
149 704 44 12
149 823 11 8
149 935 13 1
149 963 14 5
149 999 36 8
149 1150 34 10
149 1188 4 12
149 1235 16 11
149 1248 16 12
149 1394 57 4
150 336 37 6
150 498 14 6
150 581 43 3
150 762 37 3
150 830 23 7
150 865 11 2
150 1044 20 9
150 1204 58 1
150 1295 4 6
151 350 60 7
151 389 55 15
151 520 11 2
151 860 40 14
151 981 56 1
151 1195 22 3
151 1221 23 5
151 1253 46 2
152 252 26 12
152 282 24 1
152 314 43 2
152 480 33 12
152 521 13 8
152 963 33 13
152 1028 36 15
152 1089 14 9
152 1123 7 9
152 1279 52 13
153 176 56 14
153 463 5 10
153 516 27 7
153 705 47 14
153 759 46 15
153 1028 53 4
153 1182 48 6
154 409 52 14
154 801 21 4
154 1132 4 12
154 1195 35 14
154 1215 55 11
154 1346 16 1
155 294 27 11
155 303 55 2
155 612 52 7
155 631 48 15
155 883 32 13
155 933 33 4
155 1042 27 2
155 1276 55 13
156 243 5 14
156 478 22 10
156 582 20 9
156 923 47 9
156 1230 40 6
156 1315 1 1
157 362 58 4
157 622 48 4
157 904 57 12
157 946 2 14
157 1358 57 9
158 171 3 14
158 300 46 5
158 408 1 5
158 590 14 8
158 691 60 6
158 743 28 8
158 799 34 3
158 925 10 8
158 945 1 1
158 1002 35 1
158 1150 35 15
158 1258 9 7
159 407 60 1
159 720 47 7
159 809 15 8
159 830 38 13
159 859 50 10
159 989 38 15
160 335 13 11
160 382 21 3
160 388 10 13
160 418 46 2
160 464 27 11
160 479 36 15
160 780 36 6
160 1078 9 3
160 1171 37 13
160 1195 12 5
161 252 29 7
161 285 15 1
161 649 18 1
161 694 44 7
162 245 38 14
162 467 14 5
162 548 15 8
162 935 9 15
162 1026 18 13
162 1072 55 10
162 1119 39 1
162 1227 14 4
162 1316 18 4
163 172 34 4
163 245 58 10
163 408 43 2
163 426 6 4
163 586 5 7
163 881 18 9
163 1013 5 9
163 1191 13 8
163 1254 20 11
164 210 42 2
164 364 50 10
164 623 6 8
164 971 10 9
164 1318 37 10
165 297 54 14
165 496 18 10
165 507 5 6
165 630 50 7
165 834 21 11
165 915 17 8
165 973 50 1
165 1067 56 6
165 1220 47 11
165 1248 17 9
165 1295 22 12
166 167 36 15
166 427 44 6
166 453 51 12
166 662 5 13
166 729 37 4
166 1224 59 12
166 1301 21 14
166 1367 15 10
167 265 3 14
167 1330 41 6
167 1360 2 1
168 335 24 7
168 499 5 4
168 558 7 4
168 715 46 8
168 840 58 2
168 1153 59 9
168 1154 19 9
169 378 54 15
169 478 30 12
169 479 10 6
169 579 1 4
169 674 15 2
169 732 17 3
169 910 48 9
169 998 15 4
169 1096 10 2
169 1175 10 13
170 279 16 13
170 404 28 13
170 799 46 6
170 949 53 14
170 963 26 11
170 979 23 1
171 254 29 5
171 435 14 13
171 602 10 9
171 630 44 13
171 645 30 12
171 892 5 15
171 1241 47 1
171 1268 25 12
172 245 13 5
172 582 8 9
172 712 30 4
172 858 15 9
172 1277 22 14
172 1383 32 3
173 365 7 8
173 367 14 10
173 788 24 5
174 289 23 4
174 345 50 5
174 455 25 4
174 945 27 12
174 949 14 8
174 1143 41 10
174 1222 32 3
175 881 3 6
175 1038 42 13
175 1403 36 1
176 229 53 2
176 309 9 11
176 705 30 9
176 772 48 14
176 787 39 8
176 1083 50 11
176 1100 1 2
177 271 57 11
177 334 4 3
177 475 12 1
177 514 21 6
177 548 53 4
177 722 59 3
177 743 11 15
177 778 38 15
177 1064 4 4
177 1164 34 1
177 1245 50 13
177 1372 12 6
178 268 56 10
178 365 25 14
178 476 3 10
178 1038 11 13
178 1074 26 2
178 1118 12 14
178 1283 2 6
179 314 30 6
179 373 55 6
179 658 47 14
179 978 1 7
179 1382 59 5
180 385 14 2
180 585 55 3
180 755 49 3
180 765 59 14
180 901 19 14
180 994 54 5
180 1006 48 7
180 1079 31 9
180 1107 44 13
180 1109 22 8
180 1146 19 5
180 1319 43 1
181 187 23 10
181 192 9 9
181 409 8 7
181 467 33 8
181 473 18 5
181 906 37 12
181 962 59 11
181 1018 56 3
181 1356 10 7
182 382 43 1
182 721 14 4
182 762 27 12
182 1032 52 8
182 1059 54 2
182 1290 37 12
183 256 10 12
183 1058 58 4
184 337 7 3
184 808 49 4
184 875 23 15
184 962 26 12
184 1148 39 5
184 1180 42 7
184 1325 12 15
185 311 5 14
185 467 3 7
185 717 27 7
185 855 39 5
186 307 26 13
186 499 56 13
186 556 14 11
186 956 11 2
186 968 27 15
186 1041 8 1
186 1073 29 2
186 1154 28 10
186 1234 25 7
187 206 47 11
187 730 19 2
187 915 35 6
187 925 8 12
187 1030 13 1
187 1044 53 9
187 1253 44 9
187 1352 9 11
187 1354 55 14
188 207 31 7
188 589 46 4
188 904 2 6
188 927 5 8
188 998 11 2
188 1233 55 10
189 191 13 12
189 424 18 2
189 550 3 5
189 659 18 12
189 840 33 13
189 875 5 15
189 930 29 4
189 1192 53 9
189 1225 48 6
189 1354 13 13
190 355 12 4
190 827 24 3
190 1065 57 7
190 1141 51 7
190 1160 47 1
190 1313 15 5
190 1379 11 14
191 252 36 8
191 367 5 9
191 437 31 14
191 561 26 3
191 906 6 15
191 938 12 13
191 1060 8 2
192 270 48 2
192 308 37 11
192 718 54 12
192 1062 42 1
192 1342 30 3
192 1355 42 6
193 469 1 6
193 591 45 14
193 951 20 4
193 1017 19 7
193 1052 41 4
193 1089 33 7
193 1339 37 5
193 1341 2 3
194 390 23 5
194 723 57 6
194 729 50 5
194 768 25 6
194 808 52 14
194 1032 35 3
194 1107 56 12
194 1133 2 10
194 1176 47 2
194 1236 3 15
194 1250 52 11
194 1334 59 14
195 677 42 13
195 1129 55 7
195 1352 24 2
196 485 8 2
196 683 12 1
196 805 6 7
196 929 29 11
196 1129 10 1
197 300 29 8
197 668 54 1
197 857 42 9
197 1033 55 14
197 1101 47 7
197 1117 31 1
197 1135 54 12
197 1243 42 11
197 1358 21 13
198 230 19 3
198 248 6 1
198 277 58 8
198 279 42 8
198 415 19 7
198 490 47 15
198 499 32 2
198 572 5 14
198 861 16 11
198 941 50 9
198 952 21 6
198 1107 49 5
198 1312 11 6
199 231 57 6
199 656 44 5
199 687 16 4
199 857 2 2
199 1109 34 11
199 1299 59 9
200 380 57 7
200 404 9 9
200 413 35 2
200 507 18 7
200 744 46 7
200 801 10 9
200 882 52 2
200 922 1 15
200 1189 25 12
200 1268 51 4
201 270 21 1
201 334 55 9
201 387 7 10
201 610 54 12
201 785 33 12
201 1330 21 3
202 236 54 12
202 466 54 6
202 804 53 9
202 865 48 13
202 928 28 7
202 1287 31 11
203 416 5 14
203 436 46 2
203 764 49 9
203 1083 30 6
203 1119 1 11
203 1283 15 7
203 1316 20 6
204 222 19 10
204 224 44 11
204 368 39 14
204 725 35 6
204 825 50 2
204 1224 41 5
204 1384 24 8
205 351 17 12
205 353 1 3
205 492 44 11
205 505 36 12
205 568 13 15
205 592 26 6
205 657 58 6
205 683 35 9
205 755 40 3
205 833 53 3
205 1001 26 12
205 1024 24 2
205 1242 41 9
205 1276 18 1
206 261 49 3
206 412 12 8
206 850 38 8
206 906 11 5
206 968 31 13
206 1190 28 9
206 1351 22 9
207 291 2 7
207 326 36 3
207 350 18 10
207 409 51 14
207 432 25 13
207 790 57 5
207 979 44 14
207 1045 22 4
207 1236 30 13
207 1248 2 3
207 1375 23 2
207 1384 53 13
208 390 33 1
208 461 7 2
209 316 10 15
209 442 6 11
209 690 10 10
209 920 35 11
209 1242 34 4
210 576 23 3
210 617 24 3
210 749 31 8
211 270 57 4
211 325 2 2
211 411 12 5
211 541 43 3
211 576 26 3
211 817 21 3
211 996 22 14
211 1011 42 15
211 1332 29 6
212 290 32 2
212 422 29 6
212 641 22 3
212 888 60 4
212 1137 16 2
212 1198 14 2
213 450 10 9
213 880 1 6
213 982 59 12
213 1111 36 10
213 1129 21 6
213 1133 34 11
213 1346 15 13
213 1347 28 2
213 1394 17 5
214 223 36 6
214 590 3 10
214 606 37 8
214 785 25 6
214 1039 30 13
214 1200 22 12
214 1326 34 7
214 1330 29 12
215 394 58 4
215 551 28 15
215 689 51 4
215 787 49 8
215 839 2 5
215 842 55 10
215 863 28 12
215 1012 43 8
215 1143 38 10
215 1262 2 3
215 1291 46 15
216 253 38 4
216 438 58 15
216 703 18 9
216 730 21 5
216 1069 17 11
216 1234 33 4
216 1286 5 2
217 292 37 6
217 348 28 8
217 366 53 10
217 470 28 14
217 616 14 2
217 769 45 2
217 937 46 3
217 1047 15 11
217 1160 57 2
217 1167 37 1
217 1190 59 15
217 1342 28 4
218 309 15 14
218 776 45 9
218 1155 55 15
218 1212 57 10
218 1236 52 4
218 1289 55 2
218 1330 34 3
219 240 40 12
219 293 28 13
219 478 28 3
219 524 27 15
219 897 52 10
219 962 60 2
219 993 7 4
219 1002 56 10
219 1006 50 5
219 1009 6 1
219 1365 2 6
220 608 13 9
220 669 35 6
220 1025 31 6
220 1058 50 13
220 1360 41 14
220 1367 54 11
221 324 38 1
221 611 53 3
221 738 1 11
221 1007 51 13
221 1120 59 7
221 1123 50 5
221 1166 15 7
221 1219 48 4
221 1318 5 12
222 692 11 14
222 714 51 3
222 869 59 3
222 937 18 12
222 1118 49 11
222 1154 49 9
223 277 20 1
223 475 8 10
223 792 20 11
223 819 10 4
223 921 50 9
223 1015 19 13
223 1138 25 15
224 319 40 11
224 326 36 9
224 412 34 15
224 614 41 8
224 824 24 13
224 930 40 7
224 934 11 1
224 1072 8 14
224 1144 57 1
224 1400 11 2
225 356 42 13
225 442 17 15
225 679 58 7
225 854 9 8
225 1082 13 6
226 729 58 12
226 813 60 10
226 1046 11 5
226 1221 44 12
227 288 54 13
227 318 31 12
227 358 40 9
227 513 2 14
227 687 5 2
227 775 39 8
227 862 51 15
227 866 53 7
227 912 31 11
227 1092 21 13
227 1124 35 6
227 1192 49 5
228 353 9 4
228 400 58 6
228 514 28 10
228 849 46 14
229 238 52 15
229 291 15 14
229 295 12 8
229 322 42 9
229 388 3 14
229 668 15 11
229 706 23 8
229 755 9 15
229 971 44 7
229 993 32 14
229 1015 12 7
229 1021 25 14
229 1142 16 5
229 1246 35 1
229 1291 37 1
229 1297 24 1
229 1402 35 14
230 265 2 13
230 333 51 13
230 668 36 6
230 949 29 2
231 345 21 1
231 640 14 10
231 861 34 4
231 913 39 8
232 292 13 3
232 432 11 15
232 507 49 4
232 566 50 7
232 617 14 9
232 626 16 1
232 725 35 2
232 743 19 10
232 877 49 1
232 896 47 7
232 952 53 5
232 1119 37 4
232 1228 13 1
232 1314 33 1
233 247 40 6
233 260 40 12
233 366 51 8
233 368 38 8
233 438 46 5
233 453 42 1
233 473 45 4
233 620 39 1
233 676 25 4
233 961 32 15
233 1013 50 15
234 272 47 10
234 515 49 12
234 589 59 5
234 711 46 3
234 907 12 12
234 1042 31 15
234 1255 17 13
235 367 59 1
235 818 35 14
235 1107 25 13
235 1346 12 11
235 1353 12 5
236 960 52 9
236 1002 22 8
237 271 31 15
237 376 31 3
237 383 45 3
237 430 39 8
237 1009 5 10
237 1100 15 9
237 1114 20 14
237 1256 4 4
237 1323 53 15
238 279 24 3
238 544 44 15
238 682 59 13
238 833 47 4
239 274 28 13
239 405 25 10
239 469 30 8
239 482 40 7
239 806 19 11
239 908 50 15
239 1081 10 14
239 1391 40 10
240 310 49 5
240 367 4 11
241 481 10 13
241 511 60 11
241 527 38 2
241 640 40 9
241 645 38 6
241 720 57 10
241 989 16 13
241 1186 58 1
242 937 27 13
242 1097 2 5
242 1135 42 7
242 1148 15 8
242 1173 13 15
242 1342 31 1
243 361 58 11
243 639 37 11
243 757 25 10
243 887 21 5
243 1130 33 4
243 1261 36 14
243 1315 30 3
244 333 13 8
244 455 1 11
244 529 41 5
244 748 15 1
244 767 42 9
244 783 5 1
244 884 19 12
244 1089 52 14
244 1119 40 10
244 1387 58 14
245 301 1 8
245 362 11 7
245 365 11 2
245 656 47 14
245 743 43 1
245 792 24 1
245 811 20 9
245 879 7 7
245 885 21 7
245 960 43 13
245 1044 44 3
245 1096 35 13
245 1365 13 8
246 303 46 11
246 626 29 12
246 997 14 4
246 1034 3 11
246 1102 7 14
246 1348 52 11
246 1369 53 2
247 327 9 10
247 478 42 7
247 604 38 15
247 619 24 9
247 706 43 15
247 741 53 4
247 1200 30 1
247 1238 12 15
247 1239 51 4
247 1314 27 10
248 360 32 12
248 367 49 2
248 537 25 3
248 780 35 6
248 923 4 4
248 1257 5 12
248 1346 20 11
249 323 27 9
249 784 3 3
249 880 31 2
249 922 57 11
249 978 1 11
249 1203 43 8
250 441 33 8
250 506 9 15
250 851 39 15
250 869 36 13
250 915 14 7
250 922 21 7
250 945 2 5
250 967 32 2
250 1008 36 12
250 1030 14 8
250 1211 40 6
250 1276 42 14
250 1339 48 5
250 1378 7 8
251 455 38 8
251 470 10 8
251 530 46 2
251 566 48 15
251 711 43 8
251 961 35 5
251 1056 30 4
251 1102 30 5
251 1175 22 5
251 1232 24 14
251 1310 1 2
252 535 6 2
252 988 8 10
252 1068 18 8
252 1137 32 14
252 1195 29 11
252 1235 13 4
252 1387 10 7
253 448 16 15
253 803 12 5
253 827 33 9
253 847 53 7
253 1093 15 13
254 394 38 4
254 395 23 9
254 408 40 15
254 471 28 13
254 478 16 4
254 847 57 10
254 933 31 10
254 997 18 9
254 1349 44 6
254 1381 58 13
255 265 22 3
255 419 19 14
255 783 19 11
255 784 11 15
255 848 16 8
255 1020 38 4
255 1221 18 9
256 447 12 9
256 1104 52 4
257 452 46 4
257 469 53 13
257 757 59 3
257 1180 50 2
257 1217 58 5
257 1224 34 3
258 299 12 13
258 773 4 2
258 845 24 3
258 945 10 15
258 987 48 13
258 1262 21 3
258 1308 7 10
259 696 16 6
259 814 8 5
259 836 22 7
259 840 1 5
259 859 7 13
259 949 22 11
259 1121 39 15
259 1147 32 13
259 1184 5 5
259 1340 23 6
259 1352 39 6
259 1390 4 14
260 294 53 6
260 318 16 9
260 494 1 6
260 711 44 6
260 749 15 15
260 955 9 5
260 1404 28 4
261 744 34 12
261 776 13 9
261 896 47 13
261 1154 49 3
262 391 9 14
262 796 50 6
262 1224 52 4
263 286 30 12
263 460 37 11
263 879 7 14
263 976 11 9
263 1303 21 1
264 502 22 9
264 624 12 15
264 989 26 14
264 1032 42 3
264 1128 17 2
264 1371 36 1
265 272 23 13
265 769 23 7
265 843 45 7
265 1087 56 11
266 439 1 9
266 519 20 7
266 694 30 12
266 863 8 9
266 984 17 12
266 1280 2 13
267 369 54 2
267 371 2 8
267 481 9 5
267 719 50 15
267 900 51 5
267 1044 13 3
267 1224 26 11
267 1299 25 12
268 1007 13 10
268 1074 40 8
268 1203 52 4
269 279 21 3
269 369 27 13
269 393 29 6
269 431 58 4
269 508 27 6
269 640 9 15
269 907 20 15
269 954 38 2
269 1263 32 11
269 1325 52 8
270 980 12 2
270 1007 3 9
270 1164 2 1
270 1257 38 8
270 1324 31 8
270 1325 22 2
271 805 42 5
271 826 9 7
271 1076 44 8
272 339 38 4
272 439 29 15
272 760 41 11
272 762 10 1
272 831 30 12
272 1020 34 9
272 1077 6 5
272 1386 10 3
273 431 9 15
273 647 25 1
273 676 54 5
273 692 41 4
273 702 60 1
273 1059 13 2
273 1084 40 1
273 1403 2 9
274 358 26 6
274 576 50 7
274 910 19 11
274 1121 39 13
274 1186 43 2
274 1212 8 10
274 1267 14 6
275 318 35 11
275 341 56 13
275 459 57 9
275 522 30 2
275 532 37 10
275 554 49 3
275 755 10 3
275 856 34 15
275 884 47 1
275 1282 33 7
275 1323 47 13
276 296 25 1
276 407 7 9
276 541 34 9
276 720 59 11
276 909 31 9
276 961 47 7
276 1368 38 3
277 427 12 1
277 457 36 12
277 560 49 7
277 603 25 13
277 615 53 5
277 806 26 3
277 819 8 8
277 938 2 6
277 1203 7 4
278 336 5 7
278 426 40 13
278 474 41 4
278 721 60 15
278 942 57 1
278 1170 15 2
279 296 42 5
279 498 53 3
279 532 44 11
279 769 27 13
279 887 29 4
279 1142 32 8
280 290 14 1
280 362 31 7
280 491 49 13
280 502 14 3
280 731 23 14
280 1281 2 11
281 337 41 11
281 427 26 12
281 695 7 8
281 992 35 8
281 1149 25 9
281 1258 36 10
282 385 48 10
282 434 46 15
282 435 40 8
282 466 42 14
282 480 31 13
282 587 13 15
282 691 8 4
282 963 38 4
283 565 26 5
283 685 12 5
283 844 8 3
283 849 47 2
283 856 31 1
283 884 58 11
283 1142 37 15
283 1323 42 7
284 370 42 7
284 924 59 3
284 1103 50 5
284 1148 27 14
285 536 50 3
285 1284 4 4
285 1294 29 14
285 1296 3 3
285 1340 10 7
286 392 29 13
286 476 40 8
286 543 51 15
286 563 18 1
286 597 19 5
286 923 44 13
286 1128 54 10
286 1241 31 9
287 346 51 3
287 422 8 6
287 569 59 3
287 736 55 9
287 1167 9 11
287 1244 25 12
287 1369 58 12
288 696 46 4
288 733 41 9
288 763 43 12
288 865 30 11
288 1046 15 9
288 1251 17 4
288 1281 43 11
288 1330 52 15
289 523 2 2
289 910 29 13
289 953 20 14
289 1050 8 12
289 1177 36 12
290 723 16 9
290 944 27 5
290 1061 45 12
291 412 3 13
291 546 12 6
291 581 42 15
291 586 26 15
291 659 35 10
291 912 9 4
291 1167 8 5
291 1371 4 3
292 376 42 13
292 529 32 2
292 698 35 9
292 801 38 7
292 867 29 13
292 1012 30 11
292 1109 10 15
292 1115 55 11
292 1152 11 8
293 799 49 5
293 891 48 1
293 1190 37 12
294 385 24 8
294 795 23 9
294 979 51 12
294 1019 18 12
294 1074 34 1
295 452 46 1
295 485 35 5
295 796 4 14
295 1056 15 10
296 433 49 13
296 510 17 15
296 1003 29 12
296 1028 44 13
296 1290 33 11
297 552 8 13
297 708 31 12
297 917 27 3
297 974 7 7
297 990 41 12
297 1077 49 7
297 1150 38 2
297 1242 47 6
298 432 57 13
298 610 41 14
298 702 42 12
298 757 9 2
298 1006 56 10
299 363 35 13
299 545 52 12
299 623 55 2
299 776 12 8
299 782 19 3
299 1169 17 6
300 320 26 2
300 413 41 5
300 557 26 11
300 815 48 11
300 877 55 4
300 947 59 14
300 965 3 1
300 986 34 5
300 1094 20 6
300 1363 24 10
300 1368 18 12
301 684 41 13
301 788 40 14
301 826 42 13
301 833 23 1
301 961 30 8
301 1296 47 12
302 655 39 6
302 703 24 10
302 927 34 15
302 1098 36 6
302 1261 42 9
303 747 19 7
303 894 4 2
303 1032 30 14
303 1157 55 1
303 1399 43 2
304 323 58 13
304 526 18 6
304 632 7 8
305 359 26 6
305 935 34 10
305 1028 19 1
305 1124 21 4
305 1278 8 5
306 744 34 2
306 891 40 10
306 1011 42 8
306 1046 31 7
306 1236 24 13
307 308 45 12
307 993 55 1
307 995 60 5
307 1011 36 6
307 1042 22 6
307 1063 16 2
307 1271 23 2
307 1301 35 13
307 1388 6 5
308 404 46 4
308 661 37 3
308 1048 60 12
308 1279 47 12
308 1335 53 3
309 566 21 1
309 782 59 10
309 823 10 14
309 934 31 1
309 1239 40 10
310 533 18 11
310 933 4 12
311 446 27 9
311 559 11 7
311 916 36 2
311 952 55 5
311 984 30 5
311 1031 11 6
312 446 40 10
312 481 23 8
312 546 27 1
312 949 25 9
312 1176 24 2
312 1200 44 5
312 1221 39 15
312 1295 23 2
313 335 28 13
313 365 2 2
313 481 17 13
313 509 57 13
313 529 17 12
313 609 53 4
313 677 13 13
313 894 55 5
313 1115 49 3
313 1311 26 13
313 1325 54 4
314 375 39 2
314 413 13 10
314 953 4 9
314 1323 46 10
314 1366 60 6
315 369 26 14
315 381 52 4
315 682 42 9
315 723 51 11
315 760 23 10
315 866 27 13
315 891 31 2
315 893 51 8
315 1080 51 4
315 1122 39 8
315 1196 41 12
315 1244 55 9
315 1254 4 3
316 515 17 15
316 667 48 7
316 1023 27 1
316 1158 38 15
316 1177 25 13
316 1300 46 12
316 1335 46 7
316 1369 37 12
317 538 57 10
317 589 48 11
317 1228 46 11
317 1271 52 15
317 1384 30 15
317 1406 41 3
318 654 28 10
318 816 5 5
318 818 4 5
318 1031 22 11
318 1137 5 12
319 329 3 6
319 468 30 6
319 520 12 7
319 709 49 5
319 837 42 9
319 1264 48 15
320 861 51 8
320 948 8 1
320 1078 10 13
320 1097 24 9
321 325 2 5
321 485 57 14
321 735 36 2
321 794 38 10
321 915 8 15
321 1008 17 1
321 1305 53 15
322 408 29 15
322 415 29 3
322 470 11 5
322 484 41 9
322 554 15 11
322 573 47 8
322 757 22 1
322 779 45 10
322 998 49 8
322 1172 4 8
323 669 29 10
323 868 49 2
323 943 56 3
323 1079 38 14
323 1096 42 13
323 1236 4 10
324 418 4 1
324 903 15 7
324 1063 22 12
324 1122 13 9
324 1172 11 7
324 1198 7 13
324 1208 53 4
324 1240 46 5
324 1269 57 13
325 368 60 8
325 388 26 6
325 486 21 11
325 526 15 2
325 692 45 5
325 715 16 14
325 776 51 14
325 863 23 8
325 1304 13 2
325 1332 8 9
325 1385 1 1
325 1389 58 15
326 873 44 9
326 907 3 12
326 1005 19 13
326 1226 44 13
327 839 41 3
327 864 16 13
327 912 30 1
327 1058 10 10
327 1075 40 10
327 1113 21 15
327 1129 2 11
327 1368 18 11
328 351 54 3
328 544 2 2
328 684 22 10
329 400 49 13
329 622 19 8
329 714 50 8
329 863 38 3
329 892 31 10
329 994 56 9
329 1221 14 5
329 1371 39 6
330 419 54 1
330 479 48 8
330 675 12 9
330 1093 17 6
330 1201 49 11
331 736 7 4
331 811 56 14
331 1078 47 12
331 1179 9 10
331 1255 43 11
332 334 22 10
332 745 22 5
332 1209 20 2
332 1341 18 5
333 425 25 6
333 555 45 3
333 648 6 9
333 694 22 14
333 768 32 12
333 884 39 1
333 930 28 8
333 1109 49 15
333 1343 18 15
334 608 51 13
334 626 51 8
334 875 35 9
335 537 54 7
335 552 50 12
335 573 8 13
335 665 31 7
335 678 42 14
335 764 20 12
335 774 59 10
335 1155 40 12
335 1248 21 8
335 1385 49 12
336 528 3 7
336 552 50 6
336 629 49 11
336 636 45 10
336 695 14 14
336 721 60 10
336 822 52 8
336 1210 1 10
337 539 16 1
337 655 1 2
337 708 46 6
337 1091 10 8
337 1392 1 6
338 878 17 14
338 944 58 14
338 974 55 8
338 1041 51 8
339 445 19 12
339 486 59 7
339 537 2 4
339 603 8 7
339 632 6 10
339 673 48 5
339 881 18 10
339 900 36 12
339 928 8 11
339 1147 56 8
339 1206 4 5
340 377 22 14
340 406 15 12
340 594 16 4
340 650 59 13
340 739 33 6
340 751 27 6
340 863 43 6
340 890 54 12
340 1092 58 9
340 1356 2 15
341 391 37 13
341 427 31 2
341 956 13 10
341 1123 43 6
341 1243 10 15
341 1277 44 5
341 1321 46 7
341 1341 47 3
342 1235 46 8
343 463 9 11
343 566 3 1
343 655 23 14
343 874 39 12
343 922 50 6
343 994 13 14
344 585 32 13
344 990 10 4
344 1025 11 3
344 1105 25 3
344 1201 25 12
345 541 14 6
345 1118 8 15
345 1179 52 3
346 845 29 3
346 922 56 3
346 1332 51 8
347 634 41 5
347 881 48 7
347 891 3 5
347 1179 30 14
347 1317 9 15
348 471 19 15
348 569 49 7
348 642 27 6
348 718 16 13
348 1089 60 9
348 1301 3 5
349 401 47 5
349 404 46 10
349 678 54 2
349 703 31 1
349 733 16 14
349 856 30 15
349 966 40 9
349 1071 12 1
349 1200 60 10
350 943 23 4
350 1221 40 4
350 1376 55 11
351 723 5 5
351 811 55 13
351 1361 60 6
351 1405 10 10
352 413 32 6
352 549 45 6
352 677 46 8
353 634 30 10
353 723 36 4
353 776 15 11
353 1172 30 1
353 1228 46 14
353 1348 12 6
354 412 46 8
354 484 9 1
354 650 28 6
354 791 14 11
354 1042 39 12
354 1084 27 15
354 1099 2 7
354 1405 58 11
355 671 37 13
355 805 27 14
355 820 33 9
355 1180 22 3
355 1301 41 3
356 733 13 3
356 829 48 9
356 948 17 15
356 959 23 11
356 1006 45 4
356 1087 48 11
356 1295 28 8
357 448 14 10
357 478 32 7
357 834 28 14
357 845 1 3
357 1059 24 13
357 1109 12 10
358 731 20 4
358 797 59 8
358 985 43 1
358 990 20 14
358 1041 38 10
358 1233 33 5
358 1372 3 15
358 1375 14 9
358 1376 29 6
359 413 34 5
359 683 8 14
359 995 13 11
359 1319 57 14
360 503 52 14
360 533 2 3
360 975 56 9
360 1193 14 10
361 654 49 11
361 669 21 8
361 979 57 10
362 666 1 10
362 1007 12 11
362 1025 54 14
362 1161 50 10
363 440 33 11
363 715 59 1
363 796 57 12
363 908 37 10
363 965 52 9
363 1115 8 15
363 1233 49 11
364 436 16 5
365 555 8 10
365 575 25 4
365 631 8 6
365 835 28 13
365 1155 33 5
365 1217 42 3
365 1252 49 8
365 1327 39 10
366 579 47 13
366 620 25 6
366 704 49 1
366 731 1 5
366 908 48 11
366 1193 54 10
366 1290 4 8
367 429 25 10
367 665 48 6
367 759 27 4
367 820 1 6
367 1126 23 10
367 1260 17 1
368 404 18 13
368 434 5 2
368 605 57 13
368 615 16 13
368 1033 1 5
368 1182 8 12
368 1219 20 14
369 439 16 3
369 474 41 15
369 514 24 1
369 716 5 15
369 717 46 1
369 770 4 6
369 895 4 5
370 500 51 8
370 511 13 15
370 637 5 9
370 803 17 5
370 999 35 8
370 1280 7 4
371 503 39 10
372 643 13 5
372 724 21 15
372 728 34 7
372 954 26 13
372 1184 47 7
372 1230 55 11
372 1236 39 10
372 1249 5 4
373 721 31 2
373 1014 55 6
374 444 47 10
374 529 1 5
374 805 22 1
374 865 10 3
374 1060 26 8
374 1185 18 14
375 681 27 2
375 901 4 9
375 1120 44 7
376 402 4 12
376 473 36 15
376 623 11 8
376 744 33 5
376 810 27 11
376 1343 57 8
377 452 49 6
377 808 54 8
377 1104 55 3
377 1234 54 3
377 1257 21 3
378 661 40 4
378 1196 54 15
379 537 14 13
379 559 58 12
379 933 36 3
379 1140 3 5
380 630 16 15
380 969 26 2
380 979 47 7
380 1277 51 3
380 1329 38 4
381 437 43 7
381 517 45 5
381 532 5 13
381 556 21 9
381 602 51 10
381 659 9 4
381 1211 46 11
381 1290 8 9
381 1353 29 1
382 576 46 5
382 659 60 5
382 921 53 1
382 1006 44 3
382 1236 10 14
382 1293 43 14
383 496 25 11
383 515 50 12
383 1057 57 6
383 1277 7 4
383 1319 29 15
384 849 48 5
384 923 56 4
384 970 43 7
384 1039 5 2
384 1236 42 15
384 1299 45 4
384 1328 13 15
384 1365 18 6
384 1373 30 5
384 1381 36 5
385 423 44 11
385 538 50 2
385 839 14 6
385 849 24 3
385 996 47 9
385 1350 47 7
386 540 8 2
386 619 2 15
386 670 3 15
386 861 39 5
386 1202 19 9
386 1274 53 1
387 1379 19 1
388 1227 40 7
389 486 40 3
389 947 38 6
390 403 45 13
390 422 28 3
390 577 16 11
390 946 42 8
390 1070 53 11
390 1085 29 15
390 1180 55 1
390 1312 47 3
391 463 6 7
391 836 19 7
391 859 57 8
391 989 41 9
391 1165 55 5
391 1203 41 13
391 1211 20 8
391 1317 36 7
392 493 11 13
392 534 12 8
392 558 23 4
392 567 8 9
392 840 28 14
392 863 40 1
392 977 36 7
392 988 37 14
392 1054 15 9
392 1114 8 9
392 1354 52 1
393 782 57 6
393 885 60 1
393 1071 26 10
393 1215 40 4
393 1330 35 15
394 424 36 11
394 614 59 10
394 718 15 9
394 751 45 7
394 844 32 15
394 1384 54 2
395 710 31 2
395 723 39 15
395 737 25 1
395 1070 6 9
395 1348 56 6
396 422 7 9
396 573 22 4
396 801 22 4
396 1017 51 10
396 1353 31 1
396 1391 12 14
397 798 15 10
397 1098 51 6
397 1329 40 10
397 1353 33 1
397 1380 38 13
398 449 9 4
398 515 44 7
398 572 39 9
398 588 26 14
398 602 52 8
398 907 8 8
398 1033 32 14
399 515 30 1
399 558 42 5
399 652 34 6
399 680 17 4
399 708 47 8
399 985 45 3
399 1256 13 15
399 1315 15 8
399 1379 21 11
400 427 29 9
400 759 57 2
400 798 54 9
400 1067 31 6
400 1242 60 13
401 495 17 9
401 1069 30 15
401 1107 8 12
401 1171 37 6
401 1182 57 1
401 1218 19 1
401 1356 44 9
402 547 53 2
402 848 59 14
402 1171 17 4
402 1238 6 7
403 416 60 6
403 566 18 14
403 590 33 7
403 597 9 13
403 828 44 6
403 909 30 8
403 912 8 9
403 1007 5 4
403 1104 17 8
403 1106 31 14
403 1346 58 15
404 562 10 5
404 876 33 4
404 1074 53 14
404 1354 8 13
405 540 11 6
406 838 21 6
406 874 50 6
406 1078 50 11
406 1349 28 8
407 605 15 7
407 781 20 9
407 805 40 8
407 1054 45 15
407 1065 53 1
407 1290 2 2
408 458 4 4
408 992 35 1
408 1027 31 3
408 1293 29 13
409 434 27 3
409 631 14 3
409 679 50 13
409 1145 10 3
409 1148 51 7
409 1185 54 3
410 1178 15 12
411 946 11 12
411 1001 19 4
411 1071 50 10
411 1197 45 10
411 1264 46 2
411 1282 39 8
411 1285 46 7
411 1355 18 9
412 460 36 9
412 545 48 12
412 653 19 15
412 654 51 3
412 733 54 1
412 738 24 5
412 839 20 8
412 881 33 14
412 989 16 2
412 1069 30 8
412 1101 25 12
413 711 7 8
413 718 11 13
413 756 25 15
413 758 15 10
413 1029 21 1
413 1066 43 12
413 1301 40 5
413 1368 12 5
414 502 60 5
414 604 14 13
414 974 48 13
415 456 9 13
415 491 45 10
415 558 46 8
415 820 40 9
415 1067 43 15
416 492 58 11
416 621 9 10
416 644 37 11
416 673 31 6
416 747 16 8
416 876 19 10
416 1005 16 10
417 843 27 3
417 875 41 14
417 1069 39 15
418 425 32 7
418 443 55 12
418 981 13 6
418 986 51 8
418 1000 17 3
418 1213 42 1
418 1270 6 13
418 1367 32 13
419 428 13 10
419 752 34 3
419 918 27 14
419 998 38 6
419 1027 40 3
419 1397 13 13
420 612 59 1
420 786 39 15
420 814 17 4
420 854 15 1
420 1270 59 13
421 682 11 4
421 874 60 1
421 1079 60 6
421 1109 22 8
421 1218 52 9
421 1241 23 7
421 1255 41 9
422 461 37 13
422 489 51 2
422 785 45 2
422 1001 58 4
422 1117 20 14
423 479 4 8
423 594 52 10
423 737 15 6
423 1385 29 15
424 443 25 14
424 456 34 11
424 662 28 15
424 673 45 3
424 756 25 4
424 780 5 8
424 787 58 6
424 1041 51 2
424 1243 7 10
425 461 27 5
425 617 46 11
425 637 16 10
425 1279 51 11
425 1306 12 5
426 1020 33 2
426 1108 60 9
427 519 38 12
427 1013 8 6
427 1062 50 10
427 1203 27 13
427 1313 1 13
427 1363 12 10
428 775 32 2
428 1074 30 13
429 597 39 2
429 677 15 1
429 887 3 4
429 935 57 9
429 993 59 9
429 1096 14 7
429 1144 41 12
430 466 1 5
430 592 13 11
430 734 58 1
430 883 3 12
430 904 41 1
430 1085 40 7
430 1256 34 14
430 1292 14 8
430 1328 42 4
431 435 3 1
432 558 31 10
432 1250 18 3
432 1291 16 15
432 1332 21 11
433 551 1 6
433 737 52 2
433 956 35 10
433 1202 39 11
433 1217 28 5
434 693 22 15
434 744 31 13
434 765 10 7
434 769 18 3
434 832 7 12
434 914 34 4
434 937 28 6
434 1002 46 9
434 1029 20 3
434 1184 42 1
435 470 24 4
435 479 46 14
435 908 7 12
435 988 5 14
435 1318 21 4
435 1328 59 7
435 1367 39 2
436 542 8 9
436 698 25 7
436 956 8 2
436 1138 17 15
436 1254 15 5
436 1331 53 9
437 444 40 15
437 455 35 3
437 475 13 11
437 691 30 2
437 890 29 2
437 1153 18 12
437 1173 50 1
437 1278 14 5
438 539 14 9
438 994 33 15
438 1030 28 6
438 1065 24 2
438 1179 53 1
438 1224 32 7
438 1228 4 5
438 1334 36 11
438 1359 29 8
439 548 19 3
439 563 48 12
439 786 9 12
439 922 41 8
439 1249 42 7
440 593 28 6
440 610 1 1
440 1120 32 7
440 1123 53 2
440 1400 3 2
441 777 1 1
441 1249 19 11
442 775 23 6
442 927 53 5
442 1052 38 7
442 1093 47 11
442 1185 6 8
443 456 40 7
443 517 38 2
443 714 56 12
443 781 42 3
443 1232 7 9
443 1312 58 7
444 805 19 2
444 1326 44 6
444 1393 3 2
445 548 5 1
445 565 34 4
445 692 51 11
445 962 42 12
445 969 32 12
445 1110 35 7
446 582 47 14
446 710 5 2
446 715 1 11
446 890 40 8
446 1083 41 11
447 549 14 2
447 573 2 10
447 687 60 12
447 883 35 2
447 1101 55 3
447 1245 10 7
447 1272 11 7
447 1352 51 8
448 565 27 12
448 720 11 1
448 847 44 14
448 859 40 12
448 1032 17 11
448 1130 9 5
448 1382 11 13
449 487 8 9
449 516 30 1
449 667 10 1
449 713 49 8
449 777 1 10
449 783 32 7
449 839 11 9
449 899 32 12
449 1280 8 12
450 600 31 13
450 612 17 13
450 877 42 7
450 937 45 14
450 1068 4 14
450 1174 15 1
451 702 51 10
451 863 16 7
451 1134 52 1
451 1238 14 9
451 1268 60 3
452 619 16 14
452 676 59 14
452 780 56 8
452 814 35 11
452 1286 42 9
453 623 41 14
453 948 14 10
453 1054 1 15
453 1092 28 14
453 1251 59 6
453 1254 7 11
454 614 11 3
454 623 35 12
454 632 29 3
454 681 2 10
454 842 44 4
454 1105 45 7
454 1396 40 14
455 508 17 13
455 666 10 9
455 731 24 9
455 735 35 13
455 977 3 15
455 1026 27 1
455 1232 30 4
455 1331 38 12
455 1403 21 2
456 480 22 4
456 995 53 7
456 1018 9 9
456 1060 4 1
456 1195 47 6
457 716 60 13
457 866 10 2
457 973 26 13
457 1189 19 1
457 1217 42 11
457 1327 31 8
458 502 8 5
458 575 48 11
458 838 34 1
458 1273 30 2
459 498 51 1
459 778 55 10
459 793 43 11
459 933 29 9
459 1267 5 8
460 618 22 5
460 643 18 14
460 1240 15 10
460 1261 42 1
460 1382 17 1
461 756 43 5
461 787 2 7
461 1169 5 7
461 1385 39 12
462 833 46 1
462 866 60 6
462 916 25 14
462 955 17 15
462 1104 57 1
462 1292 31 7
463 481 57 9
463 550 13 10
463 874 20 12
463 1313 33 5
463 1405 9 13
464 654 35 12
464 685 35 9
464 694 26 8
464 845 3 6
464 1259 51 5
464 1318 47 6
465 685 56 11
465 701 56 14
466 640 35 8
466 872 6 4
466 900 53 12
466 971 58 1
466 1168 58 12
466 1351 59 6
467 827 34 4
467 829 42 10
467 1279 28 11
467 1371 36 15
468 481 40 2
468 504 16 3
468 567 7 3
468 762 12 7
468 797 57 15
468 998 38 13
468 1058 42 14
468 1173 26 1
468 1175 1 8
469 1010 42 7
469 1058 47 7
469 1069 47 14
469 1072 34 7
469 1338 10 9
470 606 50 2
470 653 26 10
470 792 18 7
470 796 37 7
471 1132 5 4
471 1137 44 8
471 1224 34 12
472 668 57 14
472 775 57 8
472 1085 19 8
472 1216 43 5
473 749 3 2
473 818 19 13
473 852 48 1
473 1027 1 10
473 1349 45 15
474 526 17 6
474 1120 49 7
474 1169 2 10
474 1190 14 10
475 611 31 5
475 882 35 5
475 996 6 12
475 1234 54 4
476 656 51 13
476 991 24 11
477 1003 19 15
477 1256 44 6
477 1257 18 4
478 697 42 13
478 1023 58 13
478 1194 41 5
478 1202 3 11
478 1231 11 10
479 611 31 15
479 759 13 2
479 943 19 12
479 1209 34 2
480 892 49 8
480 1262 6 11
480 1287 35 1
481 489 26 8
481 526 45 12
481 731 33 8
481 934 29 7
481 951 17 12
481 973 58 7
481 999 9 12
481 1013 43 7
481 1273 11 2
481 1291 60 2
482 804 43 9
482 1196 48 7
482 1260 29 11
482 1311 5 9
483 727 57 9
483 893 1 11
483 1291 37 1
484 724 23 8
484 752 46 8
485 645 48 11
485 792 39 14
485 1079 8 8
485 1132 50 14
486 735 26 3
486 800 35 12
486 853 40 10
486 1045 60 15
486 1195 13 1
486 1264 31 4
486 1355 23 13
487 577 46 6
487 630 16 12
487 692 35 7
487 846 51 3
487 1119 40 7
487 1361 49 13
488 511 8 8
488 571 39 8
488 648 5 2
488 690 19 10
488 768 53 15
488 1020 29 9
488 1059 44 2
488 1276 34 9
488 1296 50 8
489 565 12 13
489 775 30 8
489 1035 25 15
489 1073 37 7
489 1083 57 7
489 1147 20 1
489 1252 13 8
489 1298 35 1
489 1338 1 10
489 1343 21 11
490 903 28 10
490 1391 36 4
491 827 53 9
491 919 35 9
491 955 60 11
492 558 50 1
492 814 46 10
492 921 32 8
492 932 24 1
492 1169 9 12
492 1201 49 1
493 1033 52 14
493 1219 44 3
493 1266 53 7
494 972 11 11
494 1088 19 3
494 1142 10 15
494 1226 47 13
494 1327 26 6
495 624 41 10
495 830 28 11
495 896 30 4
495 975 2 8
495 1202 42 3
496 1110 32 14
496 1169 35 4
496 1237 7 6
496 1255 54 4
497 741 27 9
497 1078 23 8
497 1360 20 2
497 1376 13 1
498 535 23 8
498 541 47 9
498 606 9 12
498 1282 46 12
499 563 27 11
499 1383 31 6
500 663 20 6
500 682 29 13
500 840 39 4
500 974 59 8
500 1040 14 5
501 640 29 3
501 706 53 9
501 979 29 2
501 995 53 14
502 640 56 11
503 542 33 15
503 871 42 3
503 1089 13 5
503 1138 28 11
503 1150 7 12
503 1221 45 11
503 1288 55 1
504 536 49 8
504 913 22 15
504 961 17 6
504 1150 4 2
504 1221 6 1
504 1303 39 12
505 783 45 3
506 620 48 5
506 931 2 1
506 987 36 6
506 1072 5 4
506 1225 4 8
506 1229 55 3
506 1282 21 9
507 511 41 14
507 750 11 15
507 817 34 15
508 777 22 8
508 912 9 12
509 601 13 14
509 1007 15 6
509 1169 47 1
510 517 24 11
510 727 42 5
510 776 58 1
510 785 58 13
510 901 39 15
511 789 46 10
511 1046 39 15
511 1199 38 9
511 1376 3 11
512 820 38 3
512 889 1 6
512 1037 30 10
512 1071 21 1
513 743 38 13
513 916 43 5
513 1094 7 12
513 1152 58 11
513 1183 45 14
513 1306 24 13
514 964 38 15
514 1150 18 11
514 1262 41 8
514 1349 57 8
515 621 51 10
515 648 23 6
515 700 25 7
515 919 51 6
515 1095 34 15
516 631 9 1
516 812 47 11
516 922 26 4
516 1099 52 10
516 1316 18 11
517 613 56 9
517 802 49 2
517 852 57 8
517 898 59 5
517 900 48 8
517 956 36 4
517 1217 28 5
518 1065 53 10
518 1069 14 8
518 1195 34 10
518 1308 21 11
518 1381 27 2
519 1197 2 13
519 1297 5 14
520 523 22 12
520 718 4 12
520 744 43 8
520 750 49 3
520 870 11 2
521 845 21 9
521 956 38 11
521 1107 38 12
521 1323 2 12
522 785 59 11
522 813 39 10
522 1062 4 6
522 1086 55 12
522 1159 31 9
522 1328 4 10
523 672 57 15
523 747 21 9
523 940 24 5
523 962 49 9
523 1072 15 1
524 671 39 15
524 675 16 2
524 725 47 12
524 961 10 5
524 1147 29 15
524 1155 50 12
525 546 43 4
525 754 24 15
525 773 12 15
525 1392 1 13
526 566 8 15
526 735 3 9
526 822 41 14
526 1131 38 11
526 1273 14 2
527 1390 59 15
528 668 52 15
529 596 37 1
529 625 5 8
529 887 19 6
529 951 22 12
529 957 13 15
529 1014 9 2
529 1127 44 13
529 1206 26 15
529 1314 17 7
529 1405 19 4
530 550 47 11
530 673 33 7
530 698 50 13
530 707 3 7
530 824 51 15
530 911 26 6
530 1187 14 1
530 1235 18 5
531 607 13 6
531 705 17 12
531 710 46 4
531 776 8 1
531 798 48 13
531 904 25 11
531 988 30 4
531 1026 31 15
531 1033 29 9
531 1121 18 1
531 1156 42 5
532 730 21 7
532 984 26 10
532 1064 4 11
532 1217 59 8
532 1283 14 11
532 1382 42 11
533 554 26 2
533 650 27 9
533 1095 11 4
533 1365 58 6
533 1384 33 8
534 800 40 11
534 1245 44 6
534 1396 46 13
535 553 50 15
535 1176 6 15
535 1195 18 9
536 656 26 6
536 742 47 10
536 1012 22 7
536 1086 10 10
536 1100 1 13
536 1207 9 10
537 653 23 1
537 695 14 13
537 1201 34 6
538 566 22 15
538 753 41 12
538 840 28 12
538 1057 23 12
538 1144 38 8
538 1317 46 3
539 614 1 13
539 776 17 12
539 933 37 12
539 1279 30 14
539 1288 14 2
539 1328 51 1
540 589 40 5
540 702 15 1
540 721 13 5
540 820 50 2
540 895 37 2
540 940 39 6
540 1009 43 9
540 1193 51 10
540 1293 2 2
541 682 60 15
541 812 48 8
541 831 32 13
541 904 11 8
541 1285 28 12
542 663 29 10
542 760 22 11
542 966 4 11
542 1115 40 10
542 1311 20 4
542 1360 47 7
543 684 42 7
543 801 32 11
543 886 33 14
543 1257 41 15
544 762 47 15
544 848 41 13
544 1181 56 3
545 680 4 4
545 901 58 10
545 1192 12 5
545 1403 28 7
546 657 34 4
546 900 55 2
546 962 54 11
546 1030 5 12
546 1206 7 6
547 906 40 5
547 1054 46 5
547 1366 25 9
548 823 39 11
548 954 35 10
549 773 9 14
549 869 22 13
549 920 45 14
549 952 17 3
549 1027 26 7
549 1055 43 4
549 1110 33 2
549 1251 8 6
549 1344 33 7
550 744 32 10
550 750 52 12
550 922 5 8
550 1008 7 13
550 1060 24 8
551 757 25 15
551 774 28 2
551 893 12 15
551 1337 13 7
552 984 4 4
552 1200 27 1
552 1250 58 2
552 1272 49 9
552 1304 50 14
552 1316 38 2
552 1320 25 1
552 1341 39 2
552 1394 30 7
553 882 16 14
553 1094 10 10
554 591 45 6
554 853 36 11
554 908 54 9
554 976 24 10
554 1208 9 4
554 1290 22 15
555 603 43 1
555 612 17 3
555 652 7 6
555 1161 20 14
555 1188 1 11
555 1268 26 12
555 1386 37 12
556 764 10 1
556 1360 58 7
557 842 43 1
557 997 8 1
557 1284 5 6
557 1376 32 2
557 1380 19 14
558 716 43 11
558 950 27 1
558 1099 15 10
559 578 36 8
559 879 25 14
559 918 55 3
559 1238 14 1
559 1351 31 6
560 740 14 9
560 1221 10 5
561 710 15 3
561 729 1 12
561 1119 43 10
562 632 19 14
562 739 8 15
562 769 10 15
562 1121 27 13
563 584 7 14
563 607 43 4
563 844 45 5
563 964 1 9
563 981 52 8
563 1006 29 12
563 1108 11 15
563 1180 57 13
564 766 35 15
564 962 47 1
564 1165 48 1
564 1236 20 2
565 624 36 9
565 1305 21 2
565 1358 49 2
565 1372 50 2
566 580 16 15
566 669 52 8
566 710 34 2
566 754 12 14
566 758 17 13
566 864 16 13
566 917 19 6
566 956 12 6
566 959 42 4
566 962 35 2
566 1021 24 13
566 1026 28 11
566 1388 26 15
567 742 50 14
567 759 14 11
567 814 56 1
567 850 16 14
567 1027 34 15
567 1331 1 14
568 606 14 7
568 634 46 15
568 658 14 14
568 977 52 1
568 1132 25 14
568 1156 28 10
569 940 53 1
569 1137 27 10
570 722 38 11
570 965 56 13
570 1303 14 8
570 1363 59 8
571 672 22 10
571 760 25 7
571 940 43 14
571 1082 54 3
571 1282 54 13
572 646 36 9
572 972 58 5
572 1119 30 1
573 878 21 9
573 944 30 14
574 738 39 14
574 834 27 6
574 891 57 13
574 939 3 14
574 1051 2 14
574 1377 14 14
575 592 51 2
575 740 2 6
575 887 12 3
575 932 31 14
575 938 45 15
575 955 11 8
575 1152 42 1
575 1357 15 4
576 758 26 2
576 1001 58 7
576 1284 13 2
576 1326 7 8
577 1198 23 4
578 931 44 1
578 1260 19 13
579 924 57 3
579 1095 9 14
579 1170 43 2
580 741 50 10
580 766 4 9
580 1212 45 1
581 700 21 8
581 733 1 8
581 837 4 12
581 976 20 14
582 694 51 9
582 700 60 1
582 807 16 4
582 937 47 10
582 975 48 6
582 1222 29 8
582 1364 30 11
583 699 19 12
583 888 43 11
583 1321 39 11
583 1362 42 11
584 618 60 12
584 706 60 2
585 896 21 11
586 1167 55 3
586 1169 42 4
586 1303 39 7
587 618 25 10
587 860 52 4
587 862 44 11
587 1160 25 13
587 1338 2 3
588 660 32 15
588 837 3 14
588 929 45 4
588 1370 13 8
589 596 54 13
589 1273 32 11
590 927 31 5
590 1233 17 6
590 1346 44 6
590 1374 38 2
591 770 8 1
592 661 23 12
592 728 27 15
592 770 42 14
592 828 27 12
592 1290 37 12
593 770 29 11
593 921 2 7
593 947 13 1
593 1063 43 13
593 1088 26 5
593 1137 6 3
593 1203 44 10
593 1285 10 7
593 1324 34 14
593 1362 24 15
593 1374 32 2
594 732 23 5
594 733 43 3
594 856 57 13
594 859 1 8
595 868 46 2
595 1373 12 11
596 794 20 10
597 642 41 6
597 752 12 13
597 940 49 13
597 1086 41 11
597 1398 9 13
598 781 30 3
598 859 51 7
598 1044 29 7
598 1242 27 6
598 1291 55 13
598 1324 43 11
598 1331 30 14
599 704 36 3
599 1268 55 10
599 1272 42 7
599 1301 13 4
600 747 41 10
600 940 26 14
600 1388 6 8
601 686 17 1
601 729 17 14
601 819 28 11
601 1029 12 11
601 1235 35 13
602 883 8 7
602 1175 42 2
603 732 18 9
603 760 39 4
603 770 47 4
603 1069 26 11
603 1197 3 9
604 673 45 14
604 716 26 7
604 1070 42 4
604 1138 47 2
604 1235 2 5
604 1348 1 8
605 670 33 2
605 1157 11 15
606 648 52 10
606 716 29 10
606 722 14 10
606 973 38 5
606 1099 43 4
606 1297 31 14
606 1337 23 15
606 1352 60 10
608 661 22 15
608 1055 17 3
608 1211 40 6
608 1354 55 13
609 614 17 9
609 667 36 8
609 904 9 10
609 952 26 10
609 1280 44 9
610 654 23 15
610 678 6 6
610 706 33 2
610 995 55 10
610 1008 8 11
610 1156 41 5
610 1164 11 13
610 1279 11 13
611 844 29 7
611 1192 52 1
611 1213 2 3
611 1221 39 7
611 1367 15 6
612 771 34 13
612 829 17 5
612 844 32 12
612 861 49 1
612 1015 40 10
612 1178 22 3
612 1227 58 7
613 631 24 9
613 1002 57 12
613 1227 57 2
613 1229 12 11
613 1267 60 15
614 643 53 4
614 758 3 14
614 814 37 10
614 851 39 10
614 908 56 10
614 1134 20 8
614 1349 50 11
615 917 25 1
615 1037 45 1
615 1398 34 7
616 891 53 8
616 1019 21 7
616 1177 37 15
616 1353 12 15
617 857 29 12
617 1132 7 7
617 1237 43 8
618 832 24 8
618 838 55 1
618 863 2 15
618 888 18 9
618 1071 12 15
619 659 13 1
619 689 11 5
619 837 36 6
619 846 59 10
619 885 33 10
619 1086 60 14
619 1142 42 8
619 1254 37 4
620 633 37 8
620 1231 24 11
620 1273 37 12
620 1373 19 14
621 948 48 13
621 1285 45 6
621 1369 36 9
621 1397 9 5
622 1024 19 6
622 1351 40 1
622 1395 12 12
623 643 8 9
623 699 20 15
623 1019 52 7
623 1324 12 5
623 1335 58 1
623 1341 28 8
624 760 36 6
624 884 6 6
624 1108 1 8
625 935 59 2
625 979 34 4
625 1140 39 11
626 804 12 15
626 888 45 5
626 1202 13 7
626 1395 46 3
627 786 18 9
627 848 11 13
627 891 3 6
627 1105 10 14
627 1109 36 7
627 1114 44 14
627 1251 30 7
628 731 28 5
628 890 50 8
629 757 22 12
629 865 33 3
629 920 14 4
629 932 31 14
629 984 14 12
629 1343 3 9
630 776 57 14
630 797 16 1
630 803 48 1
630 822 41 9
630 968 49 8
630 1075 53 6
630 1117 56 15
630 1158 15 10
630 1174 4 15
631 735 13 13
631 989 25 4
631 1063 14 4
631 1237 23 15
632 670 51 15
632 734 58 2
632 1196 12 1
632 1269 46 8
633 756 48 15
633 1159 38 15
634 649 36 9
634 766 19 2
634 915 28 15
634 1167 27 5
634 1184 2 2
634 1226 9 7
635 678 51 13
635 731 39 10
635 996 34 8
635 1033 10 10
635 1163 60 13
635 1293 56 10
636 792 36 10
636 1261 35 8
636 1364 27 1
637 670 31 7
637 741 22 2
637 1016 49 1
637 1079 42 14
637 1244 7 13
637 1256 22 9
638 883 31 11
638 1038 25 7
638 1165 27 12
638 1187 49 15
638 1345 48 9
639 723 35 5
639 889 55 11
639 1125 37 14
639 1169 32 7
639 1405 53 2
640 941 20 1
640 1010 50 2
640 1281 23 12
640 1328 48 12
641 876 42 13
641 920 4 5
641 1032 2 3
641 1227 60 15
641 1319 24 13
643 665 5 11
643 911 13 6
643 1118 20 8
644 996 15 12
644 1075 4 8
644 1286 31 4
645 663 18 9
645 1276 7 5
646 683 45 5
646 819 58 12
646 1263 3 11
647 672 39 8
647 1063 1 2
648 656 46 15
648 870 51 6
648 1000 50 8
648 1368 53 14
649 724 58 5
649 751 23 7
649 856 34 10
649 901 54 1
649 1006 48 4
649 1105 18 6
649 1399 49 12
650 901 51 7
650 917 31 6
651 702 12 13
651 876 1 9
651 1293 32 11
651 1344 9 11
652 1050 37 9
652 1135 38 12
653 1137 47 12
653 1274 29 1
654 1008 22 9
654 1261 2 2
654 1360 16 1
655 781 11 11
655 1210 19 1
655 1359 21 2
655 1376 58 13
655 1406 33 14
656 753 35 10
656 1074 24 10
656 1124 29 2
656 1252 15 11
656 1306 13 14
656 1378 22 2
657 1192 11 2
658 792 27 14
658 875 17 4
658 1152 50 6
659 831 30 5
659 1058 21 11
659 1209 34 5
659 1298 27 5
659 1317 32 9
659 1382 41 13
660 796 13 12
660 878 23 9
660 903 46 3
660 938 17 14
660 964 46 13
660 1109 47 13
660 1181 19 8
660 1222 59 11
661 753 38 13
661 1184 11 5
661 1241 26 11
662 1114 35 13
662 1247 37 10
663 834 43 1
663 837 28 13
663 858 6 13
663 935 29 2
663 1024 57 2
663 1199 43 3
664 725 30 6
664 809 21 4
664 860 45 2
664 953 49 11
664 1147 19 10
664 1377 2 3
665 1006 38 1
665 1061 30 2
665 1063 23 5
666 779 15 2
666 907 18 14
666 1201 41 7
666 1268 9 7
667 712 7 7
667 990 35 12
667 1109 60 13
667 1130 50 3
667 1218 29 8
667 1384 10 1
668 1131 60 8
668 1248 24 7
668 1376 6 15
669 794 28 13
669 1279 30 12
670 889 8 10
670 934 49 2
671 864 43 7
671 1039 39 1
671 1224 45 8
671 1333 3 11
672 684 36 9
672 715 38 2
672 944 38 1
672 995 39 12
672 1134 21 6
672 1143 25 2
672 1191 8 1
673 833 21 11
673 1016 57 4
673 1042 23 5
673 1083 30 12
673 1196 13 3
673 1392 34 12
674 731 10 8
674 1317 60 7
675 692 18 8
675 743 43 7
675 832 42 14
675 836 14 14
675 958 11 3
675 1149 17 6
675 1195 3 11
675 1395 4 9
676 1128 59 4
676 1406 32 12
677 770 60 3
677 909 60 13
677 1043 15 10
677 1058 42 6
677 1157 17 5
678 948 59 3
678 1018 26 11
678 1140 58 12
678 1292 3 8
679 755 30 10
679 839 50 3
679 914 32 11
679 1176 37 1
679 1273 9 13
679 1339 48 12
679 1393 38 9
680 722 5 7
680 910 48 6
680 1095 13 1
680 1349 8 7
680 1357 14 10
680 1368 16 5
681 858 36 14
681 965 53 15
681 1089 51 13
682 695 8 1
682 982 60 7
683 700 23 4
683 763 54 9
683 767 57 14
683 855 23 15
684 744 16 10
684 1032 56 12
684 1067 11 14
684 1143 59 13
684 1234 27 3
684 1345 33 13
685 1069 15 5
686 749 34 11
686 1124 12 2
686 1318 8 11
687 1157 44 12
687 1203 57 3
687 1396 10 10
688 917 44 7
688 928 38 9
688 958 4 2
688 1058 17 3
688 1114 6 10
689 740 12 14
689 756 34 14
689 807 32 14
689 879 21 9
690 770 60 15
690 975 37 9
690 1040 51 14
690 1242 6 5
690 1337 20 5
691 745 46 2
691 937 36 7
691 971 48 8
692 717 40 6
692 778 18 12
692 815 20 4
692 1085 4 2
692 1143 57 8
692 1324 15 8
692 1351 25 14
693 902 14 15
693 905 21 3
693 1204 32 3
693 1221 13 11
694 1010 19 3
695 881 39 5
695 890 38 4
695 1131 35 4
696 830 31 5
696 1076 38 1
696 1309 13 14
697 722 45 1
697 757 59 3
697 1110 7 5
697 1264 45 6
697 1273 56 12
697 1345 21 9
698 844 23 11
698 878 29 7
698 1273 59 6
698 1373 20 15
699 1323 8 14
700 750 3 11
700 949 21 4
700 1007 9 1
700 1134 5 5
700 1242 27 4
701 1024 23 1
701 1082 23 3
701 1148 27 9
701 1273 1 14
701 1395 36 11
702 754 31 8
702 1115 13 15
702 1271 57 11
702 1288 54 6
702 1313 13 11
702 1376 21 8
703 813 58 11
703 877 35 9
703 967 38 9
703 1006 23 5
703 1224 29 14
703 1275 15 8
703 1301 33 12
704 713 37 4
704 721 38 15
704 1362 10 3
705 781 60 8
705 1163 47 3
705 1300 1 11
705 1326 29 7
706 745 24 13
706 920 15 12
706 1123 45 9
706 1254 38 4
707 829 52 10
707 1020 55 4
707 1062 11 2
707 1155 36 3
708 1335 18 10
709 756 60 4
709 936 34 9
709 1196 54 11
709 1282 47 11
709 1314 44 9
710 1041 60 6
710 1093 9 15
710 1202 40 7
710 1319 35 11
711 839 10 9
711 908 7 10
711 1087 53 9
711 1178 58 3
711 1186 50 4
711 1234 59 3
711 1291 39 12
712 1000 45 8
712 1066 8 13
712 1203 23 13
713 904 41 3
713 924 13 10
713 1038 52 3
713 1235 16 5
713 1340 39 4
714 1083 38 14
714 1333 11 6
715 770 40 14
715 1129 47 11
715 1156 2 13
715 1215 34 2
716 838 39 8
716 1170 45 7
716 1228 44 5
717 1013 30 15
718 742 60 3
718 1065 50 11
718 1138 42 2
718 1306 15 1
718 1330 37 12
718 1366 21 15
719 1071 19 5
720 776 57 5
720 807 50 3
720 839 7 1
720 889 30 2
720 1032 20 7
720 1060 19 4
720 1230 17 8
721 777 6 10
721 1082 35 15
721 1114 34 6
721 1191 33 2
722 820 43 4
722 822 54 5
722 864 50 2
722 907 30 2
722 960 24 4
722 1194 24 4
722 1386 34 12
723 801 23 10
723 871 6 11
723 1064 24 5
723 1106 17 11
724 761 52 6
724 768 25 8
724 770 6 5
724 950 43 10
724 981 57 13
724 1022 25 7
724 1081 18 12
724 1122 32 11
724 1280 44 6
725 736 20 1
725 826 40 10
725 899 5 9
725 1048 3 7
725 1101 37 7
725 1358 1 3
725 1381 31 1
725 1383 32 13
726 728 34 12
726 788 13 9
726 1038 21 10
726 1188 4 5
726 1263 16 14
727 773 51 3
727 850 1 15
727 932 37 5
727 968 28 4
727 1295 39 9
727 1373 13 15
728 738 17 15
728 772 42 15
728 883 6 3
729 867 19 8
729 868 3 13
729 1065 32 15
729 1145 47 11
729 1247 20 1
730 945 21 4
731 796 44 13
731 809 31 5
731 990 10 8
731 1058 35 15
731 1120 41 7
732 959 10 1
732 1204 15 14
732 1291 8 5
732 1343 22 7
733 949 56 7
733 1264 41 2
734 908 50 6
734 917 52 14
734 1278 12 3
734 1363 49 7
735 857 23 6
735 1203 34 14
735 1326 40 8
736 811 52 9
736 1093 22 2
736 1258 44 11
736 1365 51 6
736 1405 56 2
737 840 49 10
737 1077 36 15
738 755 44 6
738 756 36 4
738 933 31 13
738 1022 11 10
738 1069 32 4
738 1136 22 5
738 1184 56 5
738 1198 19 13
738 1252 50 14
738 1263 13 10
738 1266 16 11
738 1374 10 12
739 786 7 11
739 1243 58 10
740 925 16 4
740 1078 2 15
740 1300 39 5
741 973 30 13
741 998 36 4
741 1382 7 12
742 839 54 12
742 893 2 2
742 1157 55 2
742 1178 12 13
743 891 21 15
743 937 5 7
743 1192 28 14
744 788 24 6
744 803 54 15
744 1085 34 11
744 1398 33 7
745 1009 21 5
745 1085 41 3
745 1246 31 9
745 1333 59 15
746 1001 48 11
746 1028 44 13
746 1060 55 6
746 1192 58 3
747 755 8 15
747 1394 26 11
748 776 33 5
748 849 10 15
748 1008 2 14
748 1069 14 1
748 1081 47 8
748 1245 50 8
748 1325 31 6
749 813 23 9
749 952 28 13
749 1100 13 14
749 1135 14 10
750 1043 17 11
750 1129 17 9
750 1319 53 13
750 1324 48 10
751 1100 21 5
751 1220 27 14
752 1320 23 12
752 1363 3 7
752 1386 13 8
753 913 18 13
753 1347 18 7
753 1398 48 6
754 952 36 8
754 953 3 4
754 1170 33 10
754 1178 20 11
755 1108 49 4
755 1328 51 10
755 1342 5 15
756 944 26 11
756 1036 41 7
756 1053 59 15
757 807 37 9
757 988 48 5
757 1006 11 8
757 1294 29 12
757 1336 7 15
757 1368 46 11
758 767 51 14
758 957 4 9
758 1031 57 5
758 1118 43 9
758 1144 35 12
758 1195 50 12
759 1252 25 5
759 1255 28 6
759 1331 28 11
760 1012 59 6
760 1133 23 15
760 1265 24 9
761 825 12 15
761 891 28 11
761 904 40 5
761 933 20 3
761 977 59 4
761 1000 16 3
761 1077 57 10
761 1119 44 14
761 1260 25 2
761 1321 56 6
761 1398 10 1
762 976 38 13
762 999 50 3
762 1198 49 4
763 832 4 14
763 1382 35 8
764 1230 18 11
765 892 1 2
765 1117 6 11
765 1123 35 14
765 1198 34 13
765 1217 5 13
766 927 31 2
766 986 58 8
766 1143 41 9
766 1213 40 1
766 1389 12 15
768 873 33 2
768 901 51 14
769 813 14 2
769 851 10 6
769 979 15 8
769 990 46 11
769 1288 2 11
769 1310 2 11
769 1372 35 3
770 777 47 8
770 880 2 4
770 1223 47 3
771 884 5 6
771 1190 59 14
772 805 25 6
772 835 45 11
772 844 12 4
772 892 5 9
772 920 15 13
772 1038 2 13
772 1219 49 9
773 1222 43 1
773 1347 27 9
773 1399 15 9
774 826 24 1
774 922 57 10
775 809 46 3
775 873 6 6
775 1293 19 3
776 979 45 4
776 986 49 13
776 1200 20 6
776 1264 37 2
777 937 20 8
777 938 44 1
777 971 16 4
777 1027 13 11
777 1388 17 14
778 959 29 11
778 1071 52 10
779 898 60 4
779 944 27 4
779 1058 5 5
779 1124 54 2
779 1233 2 4
780 851 39 11
780 1050 20 12
781 907 34 4
781 1255 43 6
781 1328 44 8
781 1382 38 13
782 862 40 2
782 1025 46 4
782 1053 28 14
782 1301 30 11
783 837 18 5
783 1054 41 6
783 1116 16 10
783 1161 51 8
784 817 20 5
784 1245 11 5
785 790 1 2
785 984 34 1
785 1397 58 2
786 1026 29 13
787 1304 41 6
787 1322 30 15
788 800 47 12
788 935 7 8
788 1099 43 12
788 1204 2 2
788 1252 27 13
789 928 24 15
789 983 55 10
789 1137 29 6
789 1216 17 5
789 1267 11 4
790 1242 17 14
791 1007 33 12
791 1055 35 8
791 1311 46 8
791 1335 50 14
792 812 38 12
792 1019 44 2
792 1252 59 5
793 827 14 8
793 1273 33 1
794 797 4 10
794 1102 34 1
795 1136 12 2
796 863 26 14
796 925 54 10
796 1053 22 14
796 1056 12 4
796 1363 22 1
796 1394 59 7
797 895 54 11
797 1199 21 5
798 950 2 4
798 1213 57 1
798 1372 2 15
799 945 59 4
799 957 7 14
799 1179 31 13
799 1205 6 13
800 813 10 11
800 1016 27 11
800 1108 9 4
800 1194 59 4
800 1263 36 6
801 853 43 5
801 861 47 13
801 910 3 2
802 851 58 10
802 952 31 9
802 1118 22 1
802 1161 13 9
802 1317 51 14
802 1343 50 3
802 1376 54 3
803 1004 45 8
803 1030 43 13
803 1348 51 2
804 930 31 3
804 1271 7 14
805 832 19 1
805 960 39 14
805 1060 56 10
805 1338 18 3
806 843 19 11
806 1008 56 2
806 1189 43 2
807 1013 38 5
807 1045 52 8
807 1245 14 10
808 953 34 10
808 1028 26 14
808 1257 56 4
809 1223 45 1
809 1320 43 8
810 821 16 15
810 829 31 8
810 858 1 1
810 1272 40 9
810 1404 35 8
811 853 42 10
811 898 60 5
811 924 52 5
811 1322 30 1
811 1369 54 14
811 1371 22 11
812 909 56 6
812 1220 60 13
812 1221 5 7
812 1263 52 5
813 848 16 11
814 916 41 13
814 1330 5 6
815 1404 41 13
817 831 3 1
817 941 18 6
818 821 19 3
818 961 42 3
818 979 1 13
818 1157 38 12
818 1184 40 7
818 1289 41 5
818 1323 51 4
818 1383 42 7
819 973 27 13
819 979 46 1
819 1001 41 6
819 1012 4 3
819 1129 29 3
820 955 43 13
820 1127 6 6
820 1176 9 9
820 1283 32 11
820 1360 13 13
821 1011 12 4
821 1222 8 10
821 1377 21 7
822 1359 5 13
823 871 25 2
823 936 35 3
823 982 38 12
823 1248 32 14
823 1384 10 11
824 1298 49 3
824 1356 8 15
824 1383 60 10
825 959 46 2
825 1019 7 8
825 1107 17 12
825 1220 14 9
826 945 14 3
826 1076 23 13
826 1300 2 1
827 872 51 5
827 952 2 15
827 1092 26 11
827 1156 55 1
828 873 11 1
828 1134 2 10
828 1401 55 12
829 889 54 2
829 1072 27 11
829 1106 37 2
829 1107 18 3
830 1139 5 4
830 1168 38 10
830 1223 49 15
830 1299 8 10
831 1023 4 15
831 1387 40 7
833 1376 33 12
834 962 39 13
835 889 15 6
835 1097 2 10
835 1109 29 6
835 1114 1 2
835 1399 39 13
836 1234 17 8
836 1313 51 15
837 1326 54 1
838 863 43 11
838 1049 16 2
838 1174 47 7
839 1090 27 9
839 1276 2 4
840 845 42 11
840 981 13 1
840 1086 17 13
841 1261 37 11
842 1065 40 6
842 1076 27 13
842 1107 30 5
842 1169 44 14
842 1289 3 8
842 1330 33 3
842 1396 58 12
843 859 35 9
843 893 21 2
843 1197 31 5
844 851 4 15
844 1281 30 14
845 1113 41 14
845 1373 44 5
846 986 47 14
846 1052 4 13
846 1169 24 2
846 1395 57 3
847 854 21 10
847 1057 21 12
847 1216 18 10
847 1236 55 3
847 1249 27 8
847 1313 56 10
847 1366 2 3
848 958 39 3
848 1172 49 4
848 1243 13 10
850 1154 43 9
850 1191 48 13
850 1260 52 12
850 1369 21 3
851 937 59 10
851 1356 24 6
852 1002 9 12
852 1212 13 6
852 1293 33 3
853 980 58 9
853 1062 19 15
853 1283 32 2
853 1284 18 6
853 1390 10 11
854 909 17 12
854 1207 56 1
856 1357 46 4
856 1365 22 3
857 997 42 15
857 1080 24 8
857 1192 33 14
857 1405 3 4
858 1148 15 3
858 1230 52 11
858 1393 18 15
858 1406 39 5
859 1233 47 4
859 1251 11 12
860 1327 25 5
860 1376 48 2
860 1389 44 12
861 942 16 14
861 1315 55 12
861 1383 33 6
861 1386 32 10
862 1184 29 4
863 867 22 15
863 1002 45 3
863 1016 6 5
863 1040 44 2
863 1160 48 12
863 1164 35 2
863 1247 42 1
863 1347 33 4
864 1171 33 1
864 1205 57 13
865 1217 5 15
866 1359 11 2
866 1388 44 7
867 1362 41 5
867 1376 32 6
868 883 58 5
868 924 59 10
868 1282 14 6
869 908 19 3
869 956 16 7
869 1204 30 3
869 1390 43 9
870 1252 7 14
871 1173 55 4
871 1273 42 7
871 1381 26 3
872 1000 28 4
873 888 43 14
873 1213 22 2
873 1257 28 7
874 925 57 6
875 1073 55 6
875 1098 5 8
875 1171 32 5
877 1006 25 1
877 1197 2 3
878 969 55 14
878 1151 40 7
878 1180 11 10
878 1230 35 8
878 1315 45 3
879 1072 19 15
879 1317 20 5
879 1342 52 6
879 1344 38 15
879 1352 50 7
879 1368 12 11
879 1375 22 15
880 947 46 8
880 1020 27 11
880 1193 10 9
880 1213 17 11
880 1376 36 11
881 885 11 14
881 912 24 11
882 1019 49 13
882 1126 49 2
882 1179 25 11
882 1201 60 2
882 1387 17 3
884 1108 24 11
884 1339 30 2
884 1403 47 3
885 1085 43 1
885 1157 50 9
885 1202 37 4
886 959 35 1
886 1106 2 14
886 1169 22 10
886 1224 10 8
886 1293 29 10
886 1388 22 7
886 1404 10 4
887 1043 58 14
887 1293 1 6
887 1299 48 5
887 1304 27 3
888 918 41 7
888 963 46 4
888 1169 57 8
888 1274 54 1
889 1015 46 11
889 1341 37 3
889 1376 8 3
890 1172 32 10
890 1266 28 2
891 1161 7 13
891 1269 27 2
892 1148 10 5
892 1220 29 6
893 967 6 4
893 1113 2 10
893 1403 14 7
894 913 21 1
894 1062 30 11
895 921 31 10
895 990 10 11
895 1208 16 3
895 1228 24 5
896 904 34 8
896 1098 54 14
896 1379 43 10
897 903 33 8
897 973 7 2
897 1333 52 11
898 1376 32 5
899 1397 35 8
900 929 39 13
900 1011 25 10
900 1014 9 11
900 1040 30 5
901 1045 7 8
901 1052 2 9
902 1074 46 14
902 1157 22 11
902 1164 39 13
902 1243 34 2
903 1001 3 8
903 1079 49 11
903 1092 19 14
903 1122 1 9
903 1218 53 9
904 992 7 8
905 1015 52 7
905 1184 42 10
905 1295 6 11
905 1371 27 5
905 1377 35 10
906 1294 45 15
907 960 38 1
907 961 55 14
907 1215 17 9
908 927 9 12
908 961 38 3
908 1098 31 5
908 1331 14 10
908 1389 7 6
910 933 37 6
910 999 39 5
910 1082 20 9
911 977 2 8
911 1102 9 10
912 936 58 1
912 991 48 2
912 1256 58 3
913 959 58 12
913 1069 46 8
913 1375 36 4
914 1074 9 4
914 1159 4 8
914 1400 54 12
915 978 16 13
915 1118 34 6
915 1216 58 10
915 1358 27 7
916 938 24 10
916 1012 50 13
916 1167 23 9
916 1258 56 11
916 1331 9 8
916 1333 36 5
917 919 38 1
917 964 31 12
917 1006 24 7
917 1031 28 2
917 1193 35 9
917 1361 58 1
918 1228 50 11
919 948 4 6
919 1113 26 1
919 1179 60 11
919 1182 23 7
920 1011 39 8
920 1278 12 9
921 943 45 12
921 1006 42 6
921 1224 13 6
921 1247 54 15
922 935 52 14
922 1215 11 15
922 1255 7 15
923 965 49 14
923 1138 39 8
923 1368 39 3
923 1374 58 14
924 1348 33 3
925 1257 56 4
925 1370 40 12
926 1015 40 3
926 1094 32 9
926 1279 4 4
926 1332 11 11
927 1066 9 12
927 1084 42 12
927 1296 37 3
927 1389 46 11
928 1033 32 2
928 1112 6 3
928 1314 36 2
928 1347 10 12
928 1379 23 15
929 1013 54 3
929 1178 31 4
929 1367 14 6
930 982 43 12
930 1294 51 10
930 1342 16 4
931 1258 21 10
931 1267 52 8
931 1319 41 3
932 1004 56 12
932 1313 4 1
932 1324 48 6
933 1022 48 2
933 1053 14 8
933 1074 33 8
933 1139 23 1
934 1147 43 11
934 1169 52 10
934 1206 36 6
934 1248 54 13
935 1135 26 9
935 1259 18 8
935 1392 21 4
936 989 37 8
936 1118 19 14
936 1246 12 13
936 1302 43 4
937 990 56 9
937 1400 60 2
938 1256 31 13
939 981 4 5
939 1096 48 4
939 1237 41 9
940 1017 12 11
940 1305 49 5
940 1308 28 2
941 942 1 5
941 1081 54 1
941 1162 44 7
941 1219 39 14
942 977 13 9
942 1237 7 4
942 1340 42 2
943 1145 57 2
944 1175 56 10
945 986 2 4
945 1085 31 6
945 1101 34 2
945 1180 32 3
945 1332 14 15
945 1385 9 7
946 948 6 15
946 1302 24 9
946 1321 19 13
947 1145 53 12
947 1324 17 10
948 1002 35 4
948 1131 25 14
948 1234 9 10
948 1350 9 15
949 1142 51 13
949 1180 10 5
950 1222 53 7
951 983 55 15
951 1052 52 13
951 1129 48 7
953 964 52 8
953 1000 21 6
953 1050 13 1
953 1168 42 8
954 1002 3 14
955 991 54 2
955 1064 40 3
955 1178 45 1
955 1275 16 9
955 1373 3 2
955 1386 7 14
956 1347 21 14
957 1252 2 5
958 1004 51 12
958 1011 2 1
958 1017 38 11
958 1183 11 14
958 1250 1 12
959 1081 16 13
959 1115 34 1
959 1139 25 12
959 1202 10 7
959 1289 19 4
960 1059 23 13
960 1195 37 3
960 1298 17 11
961 1079 18 6
961 1244 35 11
961 1400 3 9
962 1348 46 3
963 979 11 12
963 1034 11 2
963 1136 30 7
963 1152 50 10
964 1102 51 7
964 1344 2 10
966 1171 27 14
966 1206 43 6
967 1032 52 4
967 1401 34 2
969 1100 38 6
969 1361 2 9
969 1364 35 6
970 1021 6 7
971 1091 13 3
971 1324 25 11
971 1371 57 15
971 1383 21 11
972 1029 18 11
972 1192 46 15
973 1233 46 4
973 1318 46 14
974 989 23 6
974 1053 14 11
974 1164 40 12
974 1209 18 12
974 1228 22 7
974 1281 6 12
974 1301 18 5
975 1007 4 1
975 1030 23 11
975 1347 35 10
976 1030 48 6
976 1094 37 4
976 1126 39 13
978 1167 11 15
978 1322 12 1
979 1361 12 7
980 1029 37 5
980 1051 26 1
980 1233 43 8
980 1309 45 11
981 1156 40 8
981 1229 21 9
982 1229 33 13
983 1292 6 1
983 1406 16 1
984 1045 58 6
984 1139 18 13
984 1320 14 8
985 1110 41 11
985 1126 16 12
985 1312 19 14
986 1013 36 10
986 1161 29 15
986 1308 37 13
986 1367 38 14
986 1369 23 6
987 1202 18 4
988 1125 49 7
988 1131 10 1
988 1245 10 4
988 1346 17 1
989 1204 50 10
989 1213 17 2
989 1217 23 11
990 1097 20 15
990 1142 59 8
990 1168 20 5
990 1169 14 13
990 1240 41 5
990 1361 23 14
991 1083 20 12
991 1396 15 1
992 1080 7 7
992 1146 45 5
992 1171 6 12
993 1214 6 15
993 1226 39 2
994 1003 55 14
994 1135 5 15
994 1334 22 4
995 1179 40 15
995 1268 28 7
995 1308 56 11
995 1339 12 13
995 1383 4 9
996 1107 58 13
997 1073 4 5
998 1016 6 6
998 1018 14 4
998 1044 38 14
998 1101 22 9
998 1129 36 12
999 1091 52 2
1001 1064 52 1
1001 1121 4 7
1001 1145 23 15
1001 1199 25 13
1001 1262 24 14
1001 1294 58 11
1001 1305 6 5
1001 1315 23 15
1002 1278 3 1
1002 1400 34 9
1004 1010 32 2
1004 1241 33 1
1004 1369 42 12
1005 1036 10 7
1005 1082 58 15
1005 1236 8 2
1005 1237 19 6
1006 1070 52 1
1006 1320 17 7
1008 1060 43 3
1008 1107 41 1
1008 1230 45 13
1009 1180 9 15
1009 1367 7 1
1010 1190 42 3
1010 1204 6 12
1010 1209 16 5
1011 1178 55 13
1011 1207 57 9
1011 1221 16 3
1011 1277 32 1
1012 1183 25 13
1012 1281 57 3
1015 1168 22 6
1015 1230 48 8
1015 1374 31 11
1015 1391 7 11
1016 1107 58 11
1016 1294 1 13
1017 1077 12 15
1017 1203 32 9
1017 1283 6 9
1017 1343 27 12
1018 1100 35 8
1020 1061 2 12
1020 1241 39 8
1020 1303 53 14
1021 1125 53 2
1021 1184 59 11
1021 1197 41 7
1021 1356 26 13
1022 1369 53 2
1023 1147 44 6
1024 1154 22 7
1024 1197 4 10
1024 1340 2 3
1026 1093 42 6
1026 1097 18 13
1026 1251 15 12
1028 1197 44 9
1028 1296 26 3
1028 1320 56 3
1028 1356 5 3
1029 1108 9 6
1029 1129 24 10
1029 1331 37 5
1029 1345 26 13
1030 1101 47 7
1030 1155 2 13
1030 1202 57 8
1031 1340 29 3
1033 1286 18 9
1033 1347 41 12
1033 1379 22 4
1034 1089 12 11
1035 1097 36 8
1035 1122 15 3
1035 1170 18 14
1035 1299 40 9
1036 1401 18 15
1038 1158 28 14
1038 1290 37 5
1038 1351 1 1
1039 1083 16 1
1039 1198 49 14
1040 1101 35 9
1040 1124 30 6
1040 1223 60 4
1040 1241 2 11
1041 1101 17 8
1042 1220 52 15
1042 1335 8 6
1043 1331 40 14
1044 1176 5 1
1045 1151 54 7
1045 1268 22 6
1046 1332 21 11
1048 1322 41 1
1049 1069 22 11
1049 1179 23 2
1051 1388 48 14
1052 1062 20 1
1052 1120 24 7
1053 1272 8 12
1054 1064 19 5
1054 1203 45 14
1056 1215 60 10
1056 1388 15 15
1056 1401 3 12
1057 1066 15 6
1058 1305 19 2
1058 1339 27 6
1059 1198 40 1
1060 1065 58 14
1060 1311 29 13
1061 1200 59 15
1061 1349 49 2
1061 1399 9 1
1063 1083 7 15
1064 1312 52 4
1064 1352 57 15
1064 1396 11 1
1065 1309 8 9
1065 1329 24 8
1066 1119 38 8
1068 1314 10 11
1069 1124 52 7
1071 1103 55 12
1071 1363 40 7
1072 1162 45 9
1072 1274 9 10
1073 1197 2 12
1074 1159 1 14
1074 1369 22 1
1075 1257 33 6
1076 1082 41 11
1076 1148 52 13
1076 1339 34 12
1076 1392 54 2
1076 1401 52 7
1077 1113 49 1
1077 1205 30 15
1079 1131 44 15
1079 1337 26 2
1080 1168 32 4
1080 1215 21 1
1080 1284 35 15
1081 1344 30 5
1083 1098 2 11
1083 1122 27 3
1084 1318 58 6
1085 1237 16 7
1086 1247 42 8
1086 1260 25 15
1086 1305 6 7
1088 1225 15 2
1088 1240 5 4
1088 1256 47 12
1088 1261 35 8
1088 1294 26 7
1090 1370 28 1
1093 1119 38 15
1093 1264 36 10
1093 1373 50 5
1094 1140 47 1
1094 1263 30 14
1094 1287 43 2
1094 1369 9 4
1095 1096 6 12
1095 1213 23 2
1095 1403 54 11
1096 1158 11 13
1096 1221 59 6
1098 1283 28 11
1098 1360 21 5
1099 1212 17 3
1100 1131 60 12
1100 1189 32 12
1100 1311 27 6
1101 1141 19 5
1102 1287 43 15
1102 1361 54 6
1103 1386 60 12
1104 1330 13 2
1104 1379 32 5
1106 1262 44 4
1109 1185 54 12
1109 1225 60 3
1109 1347 30 3
1111 1252 42 2
1111 1401 36 10
1113 1210 40 13
1113 1355 43 6
1114 1278 14 1
1115 1394 16 10
1116 1270 13 15
1117 1181 60 2
1117 1330 33 11
1118 1158 60 1
1118 1222 46 15
1119 1185 54 8
1119 1199 31 9
1119 1351 39 14
1119 1352 11 11
1119 1371 32 10
1120 1213 22 13
1120 1243 16 14
1120 1300 40 9
1121 1235 50 1
1121 1266 8 15
1122 1152 60 1
1123 1404 51 12
1124 1204 46 10
1125 1138 31 4
1126 1252 27 2
1126 1348 53 10
1126 1357 33 6
1127 1165 41 3
1127 1239 9 11
1129 1364 28 10
1129 1396 14 3
1130 1165 58 10
1130 1212 53 3
1130 1252 42 10
1131 1217 33 6
1131 1259 12 4
1131 1338 39 2
1132 1188 16 1
1132 1381 1 7
1133 1191 33 7
1133 1256 52 8
1134 1242 48 15
1135 1406 27 6
1136 1190 12 10
1136 1196 35 14
1136 1228 50 5
1136 1325 46 7
1136 1331 6 1
1137 1359 53 8
1137 1404 50 8
1138 1317 25 4
1138 1377 50 8
1139 1267 14 3
1139 1390 32 14
1140 1173 12 12
1140 1393 25 5
1142 1387 41 4
1144 1264 7 10
1144 1293 56 14
1144 1348 52 14
1145 1163 1 8
1146 1240 60 12
1146 1351 44 1
1149 1223 8 15
1149 1274 40 10
1149 1277 31 14
1149 1286 12 12
1149 1357 45 14
1149 1363 22 6
1149 1367 47 11
1150 1261 31 5
1150 1272 39 4
1150 1298 5 7
1151 1211 13 10
1151 1281 38 10
1151 1307 25 4
1152 1398 7 6
1153 1288 13 15
1154 1373 8 1
1154 1394 8 3
1156 1261 4 12
1156 1329 3 2
1157 1297 2 9
1159 1296 53 12
1159 1327 43 3
1160 1403 23 8
1161 1207 49 4
1162 1332 21 7
1163 1350 55 11
1163 1395 10 5
1165 1302 57 2
1165 1367 43 3
1165 1376 28 11
1166 1217 10 3
1166 1271 17 9
1167 1238 54 5
1167 1245 39 14
1168 1360 6 10
1169 1253 51 15
1171 1337 9 3
1171 1347 45 10
1172 1244 55 14
1173 1259 27 8
1173 1336 1 15
1173 1351 53 14
1174 1230 45 8
1174 1387 51 11
1175 1210 39 8
1175 1296 46 14
1176 1197 15 9
1176 1401 18 5
1177 1364 31 3
1177 1393 17 3
1178 1186 42 4
1178 1358 15 7
1182 1240 51 12
1182 1299 45 6
1182 1366 5 11
1182 1368 11 9
1183 1307 41 14
1183 1385 5 10
1184 1342 40 6
1185 1237 47 10
1186 1339 60 5
1186 1373 7 9
1188 1224 36 4
1189 1370 29 12
1189 1401 4 11
1191 1357 10 1
1192 1291 47 5
1193 1271 5 4
1193 1310 41 5
1196 1270 29 14
1196 1378 25 4
1197 1245 40 8
1197 1246 10 11
1198 1360 46 8
1199 1221 37 9
1199 1272 26 4
1199 1397 4 3
1200 1376 41 6
1201 1307 53 5
1202 1353 40 13
1202 1373 29 6
1204 1294 51 9
1204 1404 16 2
1205 1295 35 5
1205 1345 60 12
1205 1360 57 7
1207 1270 52 2
1207 1282 26 5
1208 1218 23 13
1209 1371 11 4
1210 1216 44 2
1210 1265 58 2
1211 1377 35 12
1212 1275 4 6
1213 1267 21 4
1214 1227 58 13
1214 1290 25 14
1214 1301 3 4
1215 1307 21 10
1216 1268 50 4
1216 1340 46 11
1217 1330 30 7
1217 1381 52 5
1218 1401 13 7
1220 1305 48 14
1221 1225 35 2
1221 1330 10 9
1222 1262 27 2
1224 1321 6 8
1226 1254 40 8
1228 1242 56 1
1228 1332 54 4
1228 1372 36 11
1229 1362 27 3
1230 1381 39 4
1232 1238 33 4
1234 1346 16 8
1235 1397 37 3
1236 1280 55 14
1236 1348 29 6
1237 1246 40 14
1238 1304 23 6
1240 1309 41 13
1240 1333 9 9
1242 1254 49 12
1243 1396 41 9
1244 1405 59 8
1245 1259 48 11
1245 1266 43 8
1246 1357 44 12
1247 1261 2 1
1247 1262 60 3
1247 1271 6 14
1248 1270 13 2
1248 1406 1 5
1249 1312 51 14
1249 1369 45 13
1251 1299 48 11
1252 1284 35 10
1253 1396 43 2
1254 1299 52 2
1254 1365 3 14
1255 1285 10 10
1256 1280 40 3
1256 1343 57 8
1256 1362 53 13
1256 1403 31 6
1257 1298 49 15
1258 1340 48 9
1259 1322 40 10
1260 1295 49 11
1264 1275 48 10
1264 1405 29 2
1266 1393 9 1
1267 1316 3 2
1269 1302 13 15
1269 1364 50 5
1271 1276 14 7
1271 1375 12 13
1271 1389 14 15
1273 1387 52 4
1273 1394 55 9
1274 1291 33 6
1274 1326 38 13
1275 1288 2 1
1275 1328 47 7
1275 1371 41 12
1276 1344 33 10
1279 1395 29 12
1280 1372 58 15
1281 1373 60 1
1282 1302 32 4
1284 1396 37 1
1285 1385 2 15
1286 1396 51 13
1287 1292 18 3
1287 1327 21 15
1289 1358 50 12
1293 1350 6 7
1294 1314 31 12
1294 1337 49 13
1296 1400 37 6
1298 1374 59 3
1299 1307 41 9
1299 1360 19 7
1302 1362 38 14
1303 1389 24 10
1305 1337 31 8
1305 1357 56 4
1305 1380 12 2
1307 1338 31 11
1309 1322 46 6
1310 1327 20 14
1310 1393 51 6
1311 1385 38 10
1311 1393 22 6
1313 1358 14 9
1315 1328 59 7
1315 1350 30 3
1316 1342 19 7
1317 1358 30 8
1318 1322 39 4
1321 1336 47 13
1321 1362 44 3
1323 1332 55 2
1326 1347 12 6
1329 1352 3 9
1330 1406 2 12
1338 1378 27 4
1346 1383 59 5
1350 1394 37 7
1351 1370 15 13
1352 1387 34 14
1370 1388 50 2
1375 1405 9 1
1382 1383 34 3
1388 1405 10 8

0 16 21
1 21 7
2 33 24
3 42 24
4 43 16
5 49 49
6 51 1
7 56 47
8 57 27
9 65 31
10 74 11
11 75 8
12 89 16
13 102 33
14 118 30
15 123 42
16 124 41
17 133 22
18 143 5
19 147 9
20 152 45
21 154 11
22 157 36
23 162 10
24 186 4
25 197 2
26 206 30
27 253 29
28 258 45
29 276 40
30 277 29
31 281 5
32 317 17
33 323 25
34 341 45
35 342 35
36 351 4
37 397 38
38 403 17
39 419 10
40 442 37
41 445 10
42 448 40
43 460 6
44 463 13
45 466 33
46 471 16
47 475 20
48 503 8
49 504 26
50 508 12
51 510 21
52 521 34
53 558 44
54 565 16
55 570 12
56 575 7
57 576 32
58 583 4
59 584 4
60 599 25
61 608 13
62 614 47
63 616 12
64 623 38
65 640 37
66 667 45
67 692 29
68 705 12
69 723 36
70 733 23
71 735 39
72 738 19
73 747 8
74 770 12
75 772 41
76 780 43
77 783 26
78 784 24
79 790 32
80 818 48
81 820 9
82 835 2
83 836 7
84 845 18
85 847 24
86 853 33
87 873 21
88 883 23
89 884 10
90 889 13
91 892 15
92 895 9
93 896 37
94 900 6
95 904 2
96 911 16
97 923 18
98 925 4
99 927 24
100 931 32
101 943 1
102 958 5
103 986 42
104 996 34
105 998 20
106 1007 35
107 1015 9
108 1031 21
109 1037 30
110 1049 36
111 1055 18
112 1057 27
113 1062 30
114 1076 36
115 1085 26
116 1116 28
117 1131 46
118 1170 49
119 1192 28
120 1210 44
121 1222 19
122 1223 21
123 1227 33
124 1242 14
125 1248 36
126 1292 35
127 1298 19
128 1299 16
129 1315 31
130 1326 6
131 1330 31
132 1331 15
133 1333 32
134 1344 12
135 1358 14
136 1384 22
137 1386 29
138 1396 1
139 1405 14
