1667 5002 167 11

0 30 1274
1 60 2637
2 90 4093
3 120 5646
4 150 7301
5 180 9065
6 210 10942
7 240 12937
8 270 15058
9 300 17310
10 330 19700

0 38266
1 38624
2 28915
3 30929
4 42793
5 34829
6 23164
7 50292
8 37584
9 35181
10 37490
11 37607
12 34787
13 33054
14 44856
15 47466
16 38652
17 31599
18 38570
19 35169
20 45586
21 43390
22 33145
23 31779
24 42371
25 38085
26 32136
27 32721
28 39417
29 35438
30 38063
31 33602
32 41895
33 33306
34 37598
35 41777
36 35973
37 41083
38 30807
39 33594
40 37022
41 38955
42 25065
43 34420
44 28998
45 38183
46 36390
47 33649
48 31171
49 41526
50 39953
51 34111
52 45741
53 33012
54 36298
55 39181
56 41633
57 35215
58 33392
59 41758
60 32089
61 29779
62 38315
63 41183
64 45475
65 41708
66 30772
67 33121
68 30582
69 28970
70 33795
71 36573
72 42549
73 33422
74 37930
75 39076
76 38842
77 43352
78 32732
79 34203
80 32110
81 32722
82 33987
83 35910
84 36876
85 27815
86 39487
87 33931
88 31758
89 35428
90 40259
91 34255
92 36905
93 27876
94 32358
95 43276
96 45305
97 40522
98 34006
99 48386
100 38338
101 41300
102 24138
103 30560
104 36127
105 46459
106 37173
107 42945
108 42496
109 36287
110 37417
111 32595
112 37126
113 31454
114 25590
115 49493
116 38512
117 18358
118 35908
119 40061
120 21684
121 32965
122 34870
123 26974
124 36911
125 32319
126 37250
127 31225
128 37817
129 20925
130 38663
131 25685
132 26212
133 35902
134 39963
135 39984
136 42933
137 28918
138 39917
139 44476
140 37605
141 40817
142 45723
143 32462
144 23842
145 35946
146 35845
147 35547
148 38148
149 31554
150 32839
151 36028
152 33372
153 26794
154 36737
155 27995
156 44011
157 33593
158 37123
159 32066
160 38550
161 36867
162 40481
163 44296
164 37995
165 26459
166 22242
167 37642
168 37044
169 32497
170 35428
171 34180
172 26051
173 43020
174 35464
175 51046
176 46017
177 28090
178 37617
179 38901
180 31862
181 39185
182 29933
183 26519
184 37569
185 49545
186 39364
187 35250
188 29285
189 40991
190 39601
191 29711
192 41271
193 36574
194 43936
195 32460
196 34618
197 30516
198 38258
199 42884
200 39385
201 43871
202 31238
203 24640
204 37330
205 37920
206 43562
207 40990
208 30534
209 35044
210 33581
211 40119
212 32129
213 41591
214 42973
215 34981
216 43640
217 42480
218 36747
219 23922
220 33718
221 28954
222 40737
223 26298
224 30761
225 33866
226 32845
227 50361
228 31458
229 32521
230 30444
231 33000
232 48670
233 36422
234 35809
235 37864
236 37743
237 33373
238 25553
239 32688
240 35164
241 38809
242 35039
243 35391
244 31389
245 37228
246 34496
247 38432
248 22001
249 32363
250 35396
251 43017
252 32413
253 43961
254 42602
255 37199
256 36723
257 44427
258 33161
259 33525
260 40572
261 48440
262 23321
263 37841
264 40193
265 32834
266 36598
267 40910
268 32843
269 40853
270 33908
271 41889
272 30749
273 37365
274 24753
275 30129
276 43685
277 39248
278 34453
279 41027
280 32415
281 29952
282 35550
283 35998
284 31156
285 39604
286 39572
287 25014
288 41673
289 30819
290 20901
291 37063
292 34772
293 33617
294 25290
295 35688
296 41959
297 35339
298 39425
299 32165
300 30098
301 31573
302 32551
303 28297
304 39515
305 31347
306 31434
307 43937
308 28998
309 38042
310 44057
311 38907
312 43236
313 32931
314 42727
315 35165
316 24675
317 39791
318 37273
319 38112
320 29291
321 35445
322 34938
323 43306
324 31135
325 35416
326 30787
327 29603
328 43270
329 41262
330 32973
331 32167
332 43745
333 38298
334 44435
335 24135
336 35459
337 28728
338 34459
339 33433
340 29525
341 35880
342 39989
343 17909
344 38971
345 29719
346 28939
347 30537
348 24358
349 46270
350 30661
351 39402
352 42044
353 33744
354 32593
355 32041
356 33488
357 38517
358 40187
359 37361
360 35570
361 31539
362 25006
363 26027
364 39229
365 34556
366 34208
367 28926
368 47447
369 42288
370 37215
371 42011
372 28750
373 32124
374 34491
375 37691
376 24168
377 42728
378 29020
379 39041
380 35895
381 39725
382 36514
383 35120
384 40283
385 34820
386 39008
387 35246
388 41594
389 32718
390 39259
391 37852
392 28752
393 29245
394 26781
395 42373
396 44544
397 36521
398 30975
399 43928
400 48560
401 35067
402 33332
403 48720
404 43842
405 38701
406 37696
407 29453
408 46855
409 35441
410 35975
411 42707
412 34318
413 43390
414 34827
415 30003
416 28323
417 34234
418 40949
419 22200
420 27994
421 35912
422 36186
423 29395
424 28283
425 40642
426 38397
427 40668
428 21305
429 31534
430 32870
431 41911
432 39238
433 35223
434 28600
435 43314
436 37904
437 33715
438 31712
439 39283
440 31897
441 33138
442 36755
443 25793
444 28115
445 31612
446 27518
447 41517
448 39076
449 37867
450 27298
451 37270
452 35009
453 32482
454 31905
455 26472
456 49369
457 34673
458 38522
459 32105
460 35520
461 33927
462 37742
463 39393
464 39867
465 33398
466 37485
467 49530
468 32121
469 26434
470 24610
471 39338
472 31066
473 37418
474 35276
475 30867
476 29780
477 42504
478 40499
479 38654
480 46231
481 30123
482 33890
483 40662
484 29845
485 31909
486 34740
487 33767
488 31024
489 27000
490 32310
491 34855
492 33453
493 36854
494 36053
495 42299
496 40641
497 35746
498 38841
499 46979
500 32360
501 32350
502 35342
503 36444
504 34432
505 33057
506 35913
507 28636
508 31735
509 37870
510 31465
511 35655
512 36430
513 35116
514 29481
515 36206
516 32200
517 41713
518 31286
519 26735
520 29463
521 40336
522 34228
523 30928
524 28528
525 31043
526 34675
527 33842
528 32970
529 35702
530 48769
531 37984
532 39071
533 47249
534 35512
535 42708
536 39638
537 36628
538 42094
539 45639
540 22692
541 32076
542 39026
543 20210
544 40771
545 34832
546 35470
547 36394
548 31310
549 40579
550 32171
551 29125
552 28295
553 34937
554 34904
555 34514
556 37708
557 32635
558 36155
559 34104
560 32076
561 39170
562 27600
563 35240
564 41949
565 39418
566 42174
567 35929
568 35112
569 31921
570 26925
571 44785
572 32113
573 22386
574 29716
575 37776
576 35675
577 26825
578 36173
579 49217
580 36623
581 27925
582 36503
583 36136
584 37480
585 23673
586 36083
587 27662
588 33568
589 34470
590 30638
591 28204
592 35687
593 32369
594 32349
595 32983
596 39815
597 35999
598 34078
599 34061
600 37422
601 37313
602 24162
603 34493
604 39376
605 44319
606 35889
607 33686
608 45565
609 31668
610 24260
611 34155
612 40925
613 45134
614 33778
615 38857
616 37104
617 28939
618 33480
619 29593
620 38954
621 47214
622 30876
623 39293
624 41368
625 27924
626 28824
627 29422
628 30713
629 44072
630 33080
631 26838
632 39159
633 44559
634 39774
635 47752
636 33211
637 36003
638 37832
639 41309
640 37677
641 32572
642 20488
643 29946
644 27815
645 34333
646 42435
647 42390
648 36648
649 31268
650 37399
651 37167
652 40407
653 41775
654 35508
655 28977
656 33202
657 33741
658 30176
659 34177
660 36138
661 26100
662 35082
663 30978
664 38873
665 27055
666 36904
667 36668
668 43709
669 32974
670 31483
671 42829
672 33061
673 24424
674 36284
675 41387
676 21427
677 36556
678 37328
679 28516
680 40446
681 34173
682 35635
683 30281
684 33087
685 28925
686 41139
687 36346
688 33119
689 32146
690 34858
691 37580
692 35817
693 36950
694 33140
695 35547
696 36846
697 47001
698 29763
699 38678
700 38873
701 38833
702 40217
703 42252
704 28474
705 36010
706 39565
707 32684
708 40067
709 42784
710 36197
711 36466
712 39272
713 38092
714 30349
715 42002
716 36504
717 32779
718 31117
719 36936
720 34295
721 35707
722 30716
723 36445
724 49198
725 25819
726 34048
727 33369
728 34733
729 37824
730 39864
731 25674
732 35825
733 43504
734 41482
735 35738
736 36787
737 42551
738 33509
739 31915
740 30591
741 39516
742 39671
743 36235
744 37042
745 20747
746 38594
747 29615
748 26485
749 35971
750 36929
751 41541
752 35310
753 32313
754 37021
755 37070
756 35091
757 46110
758 42000
759 42403
760 38659
761 39455
762 33259
763 31817
764 37201
765 44434
766 40890
767 41222
768 30113
769 37752
770 30239
771 33006
772 31177
773 30219
774 29475
775 35313
776 33669
777 42022
778 45433
779 44570
780 39765
781 29082
782 33112
783 29750
784 29043
785 26982
786 46646
787 48081
788 37930
789 36551
790 31864
791 39886
792 38708
793 37102
794 35384
795 39579
796 30671
797 37961
798 46337
799 32249
800 32451
801 41394
802 39599
803 39771
804 31192
805 38034
806 39734
807 46186
808 37846
809 43934
810 32695
811 29451
812 36888
813 26311
814 32608
815 44494
816 36788
817 30352
818 34543
819 27736
820 22642
821 25099
822 30631
823 24124
824 38524
825 42569
826 24078
827 52429
828 34646
829 32956
830 26666
831 27020
832 34080
833 34961
834 34866
835 40063
836 34218
837 28130
838 33953
839 42706
840 35164
841 33964
842 38261
843 47772
844 39488
845 27198
846 37783
847 31931
848 41601
849 33726
850 28962
851 37714
852 32644
853 41422
854 45251
855 42964
856 36653
857 37039
858 32091
859 38512
860 39416
861 32163
862 32257
863 36070
864 38679
865 39435
866 34713
867 35629
868 26004
869 39405
870 38842
871 38363
872 34432
873 39869
874 35346
875 28508
876 45559
877 35024
878 31555
879 21943
880 36666
881 32867
882 36654
883 40565
884 44439
885 36831
886 36292
887 38446
888 37899
889 26065
890 32936
891 34939
892 33097
893 43170
894 40494
895 42099
896 33759
897 27701
898 40958
899 25783
900 38403
901 37614
902 27344
903 29881
904 30287
905 41988
906 38652
907 32694
908 29095
909 37562
910 33126
911 29509
912 35514
913 35212
914 38592
915 26318
916 39988
917 28327
918 25922
919 40261
920 41647
921 40078
922 38026
923 32624
924 42563
925 32491
926 44182
927 33206
928 35664
929 35273
930 38213
931 46410
932 36704
933 33020
934 41611
935 24077
936 40630
937 32862
938 35258
939 30654
940 36167
941 40572
942 42980
943 38360
944 33294
945 32532
946 45918
947 37021
948 33632
949 39619
950 40399
951 39693
952 45294
953 24766
954 42396
955 26809
956 34301
957 42084
958 32071
959 38434
960 36636
961 29425
962 49499
963 32896
964 39297
965 33654
966 44505
967 40295
968 37159
969 47777
970 37803
971 40349
972 39782
973 33486
974 28357
975 52309
976 30851
977 35334
978 38952
979 28374
980 35298
981 40210
982 34568
983 36885
984 37540
985 48126
986 28338
987 35059
988 33394
989 46736
990 36330
991 33338
992 43167
993 42090
994 26670
995 40335
996 39081
997 31696
998 39917
999 36211
1000 34577
1001 44643
1002 32363
1003 38844
1004 36847
1005 40288
1006 21288
1007 32422
1008 36708
1009 31471
1010 35824
1011 25927
1012 25753
1013 27207
1014 34836
1015 36202
1016 37350
1017 38374
1018 34607
1019 38737
1020 30100
1021 40499
1022 42291
1023 30973
1024 34339
1025 43499
1026 28889
1027 42017
1028 37837
1029 23878
1030 37256
1031 43973
1032 25532
1033 34041
1034 31295
1035 45915
1036 41392
1037 42918
1038 35378
1039 39136
1040 31094
1041 33103
1042 22196
1043 38904
1044 39686
1045 43097
1046 33163
1047 24571
1048 34343
1049 29599
1050 31666
1051 36225
1052 25285
1053 31084
1054 35805
1055 39302
1056 43800
1057 33040
1058 26866
1059 40246
1060 31009
1061 34256
1062 26076
1063 38040
1064 36150
1065 42211
1066 32284
1067 42162
1068 43887
1069 41575
1070 41067
1071 36328
1072 35520
1073 26373
1074 31744
1075 41391
1076 44591
1077 40931
1078 31078
1079 45219
1080 21605
1081 37382
1082 37074
1083 32056
1084 34648
1085 40390
1086 46212
1087 28687
1088 27701
1089 42449
1090 34949
1091 40751
1092 28296
1093 38437
1094 33816
1095 34182
1096 29422
1097 50256
1098 44570
1099 36240
1100 34936
1101 29433
1102 34511
1103 32315
1104 42855
1105 36001
1106 33689
1107 38769
1108 38652
1109 35642
1110 35236
1111 49367
1112 30479
1113 36259
1114 42980
1115 37083
1116 34081
1117 30793
1118 40329
1119 37633
1120 36320
1121 30506
1122 40935
1123 37695
1124 18850
1125 31462
1126 24104
1127 40453
1128 32318
1129 45678
1130 32650
1131 34431
1132 32535
1133 48953
1134 35870
1135 36511
1136 46327
1137 41630
1138 23709
1139 28419
1140 30421
1141 49655
1142 35240
1143 32088
1144 28685
1145 41160
1146 26881
1147 43372
1148 34827
1149 33806
1150 47032
1151 43538
1152 27515
1153 38537
1154 32163
1155 52395
1156 42236
1157 27546
1158 43281
1159 35860
1160 49156
1161 38246
1162 39341
1163 38378
1164 38293
1165 33253
1166 35179
1167 38427
1168 34644
1169 25531
1170 28299
1171 38749
1172 41598
1173 31814
1174 25417
1175 39286
1176 38165
1177 36806
1178 33135
1179 32708
1180 42534
1181 39791
1182 29177
1183 25621
1184 31472
1185 38612
1186 36326
1187 36577
1188 38514
1189 28693
1190 38484
1191 31325
1192 40504
1193 34539
1194 37822
1195 35954
1196 35222
1197 37359
1198 41356
1199 27088
1200 40549
1201 38802
1202 32218
1203 38544
1204 38857
1205 33136
1206 23262
1207 29039
1208 35462
1209 37503
1210 30790
1211 39725
1212 31811
1213 42073
1214 35314
1215 47545
1216 36588
1217 40565
1218 36481
1219 32347
1220 39551
1221 36945
1222 34891
1223 38330
1224 30799
1225 41125
1226 42107
1227 28392
1228 32202
1229 26318
1230 45203
1231 41931
1232 36248
1233 30172
1234 31475
1235 32028
1236 37794
1237 31266
1238 29495
1239 24334
1240 39513
1241 42184
1242 34113
1243 35136
1244 43778
1245 42710
1246 35704
1247 30989
1248 35826
1249 30857
1250 41375
1251 45452
1252 42334
1253 44758
1254 48898
1255 31469
1256 39393
1257 41849
1258 31740
1259 34851
1260 36198
1261 39617
1262 34659
1263 42582
1264 36278
1265 41890
1266 32956
1267 38713
1268 29681
1269 30143
1270 37629
1271 29005
1272 31599
1273 27796
1274 32165
1275 30477
1276 34297
1277 45064
1278 44142
1279 35513
1280 39302
1281 37909
1282 33145
1283 44755
1284 39841
1285 38655
1286 40486
1287 26162
1288 42288
1289 29842
1290 29869
1291 43623
1292 34437
1293 30290
1294 46861
1295 33909
1296 45236
1297 36766
1298 26553
1299 28007
1300 34190
1301 38107
1302 36799
1303 28363
1304 31569
1305 26401
1306 39691
1307 29230
1308 42764
1309 24749
1310 32318
1311 36923
1312 34355
1313 40036
1314 51200
1315 35673
1316 36728
1317 26899
1318 33927
1319 32983
1320 39394
1321 26651
1322 49720
1323 40267
1324 45288
1325 41707
1326 46974
1327 28889
1328 32815
1329 39925
1330 29733
1331 33660
1332 33305
1333 27531
1334 30804
1335 37189
1336 29080
1337 35863
1338 34629
1339 32131
1340 36388
1341 34249
1342 37475
1343 40555
1344 32102
1345 36005
1346 30249
1347 32981
1348 30702
1349 36629
1350 43360
1351 48219
1352 41862
1353 24388
1354 47289
1355 23052
1356 27233
1357 39062
1358 39150
1359 40547
1360 35133
1361 33483
1362 41724
1363 32359
1364 31125
1365 45526
1366 29061
1367 28114
1368 34807
1369 27754
1370 36507
1371 35431
1372 44637
1373 33449
1374 28406
1375 42315
1376 37570
1377 33834
1378 38692
1379 34542
1380 37468
1381 23763
1382 31524
1383 34456
1384 37597
1385 33385
1386 19247
1387 46877
1388 45105
1389 41191
1390 38847
1391 35047
1392 29451
1393 28707
1394 33830
1395 41349
1396 34458
1397 30093
1398 31182
1399 41125
1400 36679
1401 38687
1402 27322
1403 30212
1404 35239
1405 30202
1406 33228
1407 41735
1408 34648
1409 31756
1410 36325
1411 38621
1412 27144
1413 42177
1414 46912
1415 46555
1416 39715
1417 30061
1418 24830
1419 26660
1420 38826
1421 47184
1422 40476
1423 30260
1424 37305
1425 38358
1426 38016
1427 30477
1428 33463
1429 40218
1430 30040
1431 37517
1432 30109
1433 35062
1434 38099
1435 31845
1436 37249
1437 33733
1438 28542
1439 32211
1440 30511
1441 24374
1442 36469
1443 43813
1444 40976
1445 39556
1446 42480
1447 27302
1448 37512
1449 36008
1450 41622
1451 33093
1452 31310
1453 27169
1454 28053
1455 40506
1456 31784
1457 37873
1458 36834
1459 40087
1460 39128
1461 32021
1462 41250
1463 43963
1464 35889
1465 44045
1466 29085
1467 37937
1468 40218
1469 29640
1470 45597
1471 38979
1472 37190
1473 28993
1474 35052
1475 30632
1476 34606
1477 38650
1478 30324
1479 39203
1480 29543
1481 41942
1482 38695
1483 44011
1484 32904
1485 41381
1486 37418
1487 52638
1488 46106
1489 40692
1490 40354
1491 34727
1492 41617
1493 42078
1494 34747
1495 29272
1496 32485
1497 30296
1498 33955
1499 40485
1500 42592
1501 33830
1502 46419
1503 38514
1504 36660
1505 36077
1506 45109
1507 31804
1508 30688
1509 19631
1510 39168
1511 26526
1512 34824
1513 35904
1514 36076
1515 28584
1516 40455
1517 34331
1518 38941
1519 38219
1520 37170
1521 35922
1522 29047
1523 33137
1524 26018
1525 29688
1526 34026
1527 39888
1528 36036
1529 41303
1530 39444
1531 26702
1532 37911
1533 33743
1534 34443
1535 45757
1536 33998
1537 27895
1538 29616
1539 41915
1540 43022
1541 38485
1542 20293
1543 41039
1544 33716
1545 34783
1546 30259
1547 43330
1548 25450
1549 45831
1550 42873
1551 22767
1552 43485
1553 27185
1554 44683
1555 37869
1556 37324
1557 39651
1558 36173
1559 34929
1560 39968
1561 34521
1562 31557
1563 22602
1564 42692
1565 30574
1566 42367
1567 38992
1568 31839
1569 33963
1570 42706
1571 39885
1572 41437
1573 37288
1574 23742
1575 33237
1576 33894
1577 44290
1578 40234
1579 32306
1580 32504
1581 33494
1582 43015
1583 34924
1584 25018
1585 36817
1586 38878
1587 36129
1588 35631
1589 29020
1590 32908
1591 45851
1592 37055
1593 37776
1594 36565
1595 34868
1596 30875
1597 38039
1598 36828
1599 31721
1600 26611
1601 31293
1602 29838
1603 35100
1604 31391
1605 36228
1606 26666
1607 42191
1608 40954
1609 44903
1610 38457
1611 36551
1612 34784
1613 45007
1614 33795
1615 44138
1616 34706
1617 36802
1618 26431
1619 30913
1620 44637
1621 46929
1622 42743
1623 24090
1624 29342
1625 39579
1626 25272
1627 37340
1628 33827
1629 34137
1630 31393
1631 37822
1632 46647
1633 45593
1634 27747
1635 26269
1636 33871
1637 45858
1638 35158
1639 30066
1640 38964
1641 28615
1642 35495
1643 38135
1644 38162
1645 32429
1646 30664
1647 31243
1648 37026
1649 39386
1650 32850
1651 40949
1652 37073
1653 38602
1654 29407
1655 27718
1656 41557
1657 39592
1658 30896
1659 41525
1660 28372
1661 41340
1662 29126
1663 36845
1664 36077
1665 37290
1666 42687

0 48 11 4
0 58 21 9
0 296 21 2
0 782 9 14
0 824 36 1
0 1095 6 12
0 1170 8 4
0 1447 39 15
0 1591 1 5
0 1643 1 11
1 9 52 4
1 58 57 9
1 195 9 14
1 268 4 13
1 296 34 4
1 423 5 4
1 740 3 7
1 748 17 13
1 1447 29 12
1 1634 16 8
2 58 24 9
2 105 44 1
2 224 14 14
2 296 55 15
2 426 35 1
2 729 31 15
2 741 60 1
2 972 5 13
2 1447 6 9
2 1457 22 9
2 1516 52 10
3 725 19 5
3 1277 32 9
3 1392 43 10
3 1486 27 4
4 67 59 12
4 325 14 5
4 390 28 8
5 325 34 1
5 424 40 11
5 438 41 14
5 959 44 6
5 1103 35 6
5 1173 2 10
5 1302 40 13
5 1632 32 14
6 592 13 13
6 990 38 15
6 1357 52 2
7 294 29 11
7 666 18 3
7 1211 46 12
7 1317 29 8
7 1359 45 2
7 1428 26 13
7 1550 60 1
8 456 34 9
8 483 17 3
8 966 48 3
8 1527 39 5
9 140 44 6
9 224 59 9
9 977 4 8
9 1278 55 5
9 1366 52 4
9 1502 36 12
9 1593 36 14
10 475 48 5
10 591 19 10
10 1430 17 13
10 1565 15 13
11 476 30 5
11 707 21 4
11 1182 23 3
11 1475 3 9
12 402 35 8
12 437 10 4
12 781 27 8
12 797 22 7
12 1054 52 6
12 1130 34 8
12 1484 19 7
13 742 46 6
13 817 15 5
13 865 54 2
14 228 60 7
14 596 50 6
14 756 9 14
14 865 3 3
14 1489 48 1
15 68 60 14
15 293 13 9
15 334 20 12
16 1556 43 13
16 1658 30 8
17 851 18 4
17 998 39 15
17 1034 31 15
17 1338 46 1
18 173 36 1
18 1324 12 3
18 1380 11 14
18 1441 20 5
18 1593 45 13
19 199 20 13
19 230 18 15
19 445 57 2
19 1027 58 1
19 1107 58 2
19 1587 41 6
20 612 8 1
20 635 12 5
20 1022 46 3
20 1136 39 4
20 1146 19 14
20 1663 16 9
21 180 13 10
21 211 60 5
21 219 59 7
21 341 13 3
21 443 15 11
21 586 22 5
21 646 54 1
21 711 58 4
21 1135 13 13
21 1207 50 8
21 1241 2 10
21 1251 28 13
22 893 32 13
22 934 43 15
22 1048 43 4
22 1501 39 10
23 408 7 3
23 759 33 5
23 810 21 11
24 215 48 7
24 219 49 14
24 233 4 6
24 818 20 12
24 898 46 6
24 1575 10 13
25 100 50 13
25 134 23 12
25 436 5 5
25 529 1 1
25 1473 2 4
26 198 20 12
26 368 39 7
26 545 47 5
26 967 55 10
26 1635 10 6
27 221 51 8
27 366 50 5
27 762 59 13
27 770 13 8
27 1217 24 13
27 1367 52 14
28 168 53 14
28 278 21 7
28 957 58 5
28 1074 41 9
29 49 8 12
29 108 34 10
29 418 30 14
29 489 37 5
29 1012 33 1
29 1038 19 2
29 1126 34 7
29 1192 6 15
29 1238 44 12
29 1245 4 2
29 1404 31 1
29 1614 20 7
30 41 58 14
30 432 45 8
30 1102 22 6
30 1461 24 13
31 306 31 14
31 611 47 3
31 766 50 2
31 1005 6 14
31 1628 49 3
32 475 14 6
32 757 21 3
32 1041 4 8
32 1331 3 10
32 1433 15 2
32 1484 60 11
33 81 19 7
33 694 22 1
33 881 31 4
33 1504 3 10
33 1564 50 1
33 1579 31 4
33 1602 33 15
33 1608 51 6
34 452 29 8
34 630 31 5
34 904 51 2
35 240 20 8
35 1023 46 7
36 43 2 11
36 92 43 10
36 228 7 9
36 301 5 4
36 421 17 11
36 456 22 14
36 514 49 14
36 532 7 8
36 656 34 7
36 987 36 5
36 1285 48 13
36 1641 58 11
37 724 44 12
37 1090 5 12
37 1150 17 15
37 1266 5 15
37 1424 27 9
38 618 60 14
38 1026 37 9
39 230 33 2
39 837 13 8
39 841 17 7
39 1296 29 14
40 424 7 15
40 814 21 7
40 1256 52 14
40 1374 58 3
40 1379 25 14
41 389 9 7
41 437 50 6
41 522 2 5
41 976 47 2
41 1236 25 1
42 111 14 14
42 247 11 1
42 485 34 1
42 1302 3 3
42 1331 54 10
42 1426 25 11
42 1456 12 2
42 1558 16 8
42 1626 20 2
43 72 48 14
43 203 2 15
43 599 5 12
44 473 5 13
44 990 18 12
45 314 51 8
45 651 23 15
45 752 5 13
45 1252 19 12
45 1423 44 5
45 1438 1 1
46 102 21 5
46 200 58 4
46 273 43 1
46 323 44 12
46 500 33 15
46 584 49 3
46 822 10 2
46 1217 14 9
46 1526 25 2
47 131 22 14
47 894 26 12
47 1016 5 11
47 1221 55 2
48 656 56 10
48 907 8 7
48 1020 19 2
48 1089 25 6
48 1109 59 14
48 1653 20 7
49 63 3 13
49 440 11 6
49 790 48 6
49 808 24 3
50 1523 54 14
51 654 39 13
51 702 31 12
51 888 17 5
51 1182 21 12
51 1293 15 5
51 1422 40 7
51 1597 55 10
51 1664 14 3
52 264 42 6
52 821 44 11
52 962 58 15
52 1547 13 15
52 1562 51 11
53 60 6 4
53 88 22 9
53 383 27 4
53 463 8 3
53 902 46 15
53 992 34 4
53 1034 9 3
53 1524 6 9
53 1588 44 6
54 143 57 3
54 280 60 6
54 301 21 12
54 463 41 9
54 696 7 3
54 1022 2 11
55 232 55 8
55 308 42 6
55 452 58 3
55 601 11 8
55 1013 56 11
55 1092 13 10
55 1567 39 3
56 522 49 15
56 1310 43 6
57 650 32 9
57 900 51 12
57 905 1 10
57 1413 24 14
57 1598 3 6
59 117 31 11
59 440 13 4
59 647 6 13
59 896 2 14
59 1026 31 2
59 1535 56 2
60 237 58 12
60 896 14 14
60 1333 3 12
60 1528 39 12
61 158 22 14
61 234 15 7
61 264 7 1
61 454 53 5
61 838 39 2
61 1048 32 4
61 1353 29 13
61 1448 36 3
62 190 26 5
62 1202 48 12
62 1244 53 14
62 1352 18 1
62 1385 30 5
62 1409 40 10
62 1579 35 12
63 516 37 14
63 635 27 12
63 728 27 4
63 890 31 7
63 895 42 11
63 1211 34 6
63 1306 10 1
63 1423 56 11
63 1531 21 15
63 1575 20 3
63 1601 11 9
64 138 1 7
64 209 54 7
64 219 33 5
64 741 10 9
64 753 16 6
64 807 29 4
64 1403 15 10
64 1431 55 3
64 1493 4 10
65 115 40 11
65 699 6 12
65 938 34 3
65 1160 45 4
66 350 26 15
66 1561 51 8
67 76 55 4
67 253 11 8
67 1172 28 3
67 1247 15 10
67 1638 54 11
68 559 46 2
68 1234 28 1
68 1274 23 10
68 1339 44 14
68 1345 39 9
68 1586 17 6
69 129 40 1
69 367 45 5
69 722 38 10
69 735 59 15
69 910 27 1
69 1369 51 6
69 1576 58 8
70 93 1 10
70 100 30 5
70 280 27 1
70 550 20 11
70 581 6 2
70 751 11 4
70 958 33 5
70 1171 36 5
70 1410 40 8
71 761 12 11
71 824 29 6
71 904 48 9
71 1136 59 3
72 149 58 6
72 499 11 10
72 727 44 9
72 767 15 3
72 785 34 4
72 1018 5 10
73 473 12 5
73 715 22 11
73 969 5 9
73 1143 38 9
73 1307 9 7
73 1607 32 1
74 211 57 13
74 489 45 2
74 776 13 4
74 1237 23 12
74 1398 18 2
74 1407 16 5
74 1424 27 8
74 1593 15 11
75 693 13 9
75 957 55 2
75 1310 10 4
75 1375 21 3
76 468 34 6
76 776 60 1
76 796 60 6
76 940 26 1
76 1143 21 12
76 1639 45 6
77 266 33 3
77 619 60 5
77 1066 33 1
78 1095 11 4
78 1207 18 11
78 1274 3 12
79 1285 1 14
79 1389 32 14
79 1400 33 11
79 1470 47 1
79 1574 48 4
80 704 55 3
80 786 45 13
80 1083 14 5
80 1089 39 7
80 1398 27 4
80 1428 43 8
81 625 24 14
81 820 39 9
81 863 47 4
81 959 2 3
81 1300 34 2
81 1587 38 9
82 365 37 3
82 532 53 5
82 601 50 1
82 929 10 5
82 990 49 15
82 1211 1 12
82 1282 16 10
82 1336 43 7
82 1550 4 14
82 1576 45 15
83 190 58 3
83 1052 48 4
83 1230 54 9
83 1316 28 15
83 1382 51 1
83 1537 26 15
84 149 46 12
84 261 13 4
84 637 25 7
84 1217 47 4
84 1358 26 15
84 1530 1 4
85 188 55 3
85 271 32 13
85 495 10 14
85 680 3 13
85 899 6 6
86 123 7 1
86 504 1 14
86 659 39 2
86 679 2 12
86 716 33 12
86 786 5 11
86 1135 23 14
86 1434 43 4
86 1646 54 13
87 1517 17 5
88 611 37 4
88 966 28 1
88 1053 46 11
88 1262 54 1
89 409 11 4
89 871 5 4
89 955 3 3
89 1002 9 5
89 1076 29 13
89 1138 10 6
89 1622 36 12
90 164 54 9
90 877 54 2
90 1233 14 13
90 1408 19 6
90 1465 52 6
91 371 55 13
91 764 59 9
92 1185 31 10
92 1453 27 4
92 1629 50 1
93 466 38 15
93 490 51 3
93 892 28 4
93 1000 20 1
93 1271 12 11
94 1312 45 7
95 910 49 7
95 1084 31 2
95 1396 21 13
96 146 25 4
96 998 9 12
96 1229 31 6
97 452 36 14
97 586 35 10
97 1607 53 10
98 540 39 12
98 568 6 6
98 876 32 4
98 1058 10 5
98 1267 49 11
98 1618 37 2
99 305 33 15
99 586 21 12
99 959 22 1
99 1295 50 8
99 1587 35 7
100 153 50 13
100 850 23 14
100 1216 36 11
101 551 5 6
101 572 35 4
101 585 1 12
101 1003 42 7
101 1418 19 12
102 307 55 14
102 522 13 14
102 658 43 13
102 1109 4 11
102 1326 35 14
102 1327 28 5
102 1546 30 2
102 1552 57 5
103 192 24 6
103 712 13 10
103 1044 24 5
103 1080 32 7
103 1095 26 7
103 1248 41 10
104 140 21 12
104 799 31 14
104 1186 19 9
104 1655 28 15
105 1084 39 13
105 1400 2 3
105 1453 31 11
105 1590 41 7
106 209 20 5
106 1083 24 8
106 1474 34 10
106 1624 28 13
107 317 59 5
107 461 7 1
107 689 3 14
107 723 33 12
107 1111 48 13
107 1255 56 7
108 825 48 13
108 908 11 15
108 1137 27 4
108 1281 28 11
108 1336 25 3
108 1657 46 2
109 404 49 3
109 652 5 11
109 862 10 10
109 876 36 5
109 1028 8 8
109 1075 29 10
109 1412 40 3
109 1469 51 2
109 1548 36 12
109 1606 60 13
110 802 43 13
110 1441 30 6
111 465 4 15
111 505 48 6
111 1156 55 5
112 787 42 6
112 1121 50 15
112 1451 31 11
112 1534 36 2
112 1620 20 6
113 775 60 4
113 1437 42 11
114 295 33 6
114 362 25 1
114 573 53 3
114 769 37 12
114 888 3 2
114 928 46 9
114 1052 6 10
114 1108 22 2
114 1185 20 4
114 1348 37 10
115 118 55 9
115 180 41 4
115 306 14 10
115 412 40 15
115 1115 51 8
116 682 1 11
116 725 32 14
116 1108 7 14
116 1309 3 3
117 446 10 2
117 728 20 3
117 1266 57 10
117 1335 56 5
117 1448 51 11
117 1572 43 5
118 269 11 8
118 325 23 12
118 564 18 14
119 420 17 3
119 561 34 5
119 1397 26 9
120 523 20 8
120 849 12 6
120 1001 48 12
120 1233 21 10
120 1236 4 13
120 1493 51 9
121 372 31 5
121 459 45 9
121 494 47 3
121 585 60 4
121 618 50 11
121 799 42 9
121 954 50 14
121 1221 30 5
121 1527 54 10
122 397 51 10
122 637 33 13
122 753 7 13
122 1230 57 14
123 279 51 13
123 639 56 9
123 714 56 14
123 782 21 6
123 1083 33 8
123 1484 13 12
123 1624 7 5
124 478 22 13
124 972 11 7
124 1062 1 11
124 1285 32 1
125 536 32 8
125 952 59 5
125 1025 48 3
125 1184 35 10
125 1587 15 4
126 388 18 10
126 1088 33 10
126 1442 32 2
126 1648 11 5
127 154 40 6
127 759 31 1
127 913 15 5
127 1445 55 10
127 1616 11 10
128 145 41 13
128 907 47 14
128 945 38 9
128 1374 15 13
128 1605 25 14
129 180 19 7
129 304 20 1
129 554 29 8
129 617 28 15
129 621 60 1
129 1516 38 2
130 418 18 8
130 1405 55 1
131 274 20 8
131 401 28 4
131 865 21 4
131 893 53 12
131 1159 41 5
131 1320 46 13
132 448 17 15
132 553 29 9
132 627 1 6
132 972 3 9
132 1046 44 4
132 1116 48 9
132 1197 6 6
132 1379 18 5
133 691 2 6
133 845 6 3
133 1219 27 13
133 1359 44 15
133 1402 47 7
134 201 39 13
134 497 35 4
134 756 51 9
134 1057 35 3
134 1323 47 7
134 1379 30 14
135 241 46 8
135 644 9 14
135 724 9 5
135 1248 14 11
135 1342 1 6
135 1390 34 13
135 1609 1 4
136 150 19 15
136 238 23 3
136 345 37 12
136 360 10 13
136 650 1 4
136 924 43 8
136 1405 58 7
137 637 25 11
137 874 9 2
137 890 60 4
138 385 26 7
138 462 16 11
138 534 48 6
138 661 38 7
138 975 53 5
138 1076 30 4
138 1497 40 2
139 1250 44 1
140 388 4 8
140 815 16 14
140 1012 45 14
140 1351 27 11
141 175 54 9
141 216 56 10
141 975 13 5
141 1142 55 7
141 1226 29 12
141 1264 48 11
141 1482 59 3
141 1483 31 15
142 300 40 11
142 388 54 3
142 1486 58 5
142 1591 33 11
142 1635 48 2
143 257 14 7
143 338 42 14
143 360 5 1
143 786 21 6
143 952 21 6
143 1020 23 11
144 440 13 4
144 643 13 9
144 1099 11 2
144 1144 44 13
144 1214 12 1
144 1381 55 5
144 1564 35 9
144 1623 4 6
145 811 37 10
145 820 17 13
145 821 55 5
145 892 34 11
145 1261 22 9
146 155 42 6
146 864 49 3
147 152 31 9
147 415 59 14
147 865 12 4
147 903 8 9
147 1211 1 14
147 1237 44 9
147 1416 36 3
147 1559 17 8
148 202 38 12
148 327 46 10
148 542 50 3
148 582 56 5
148 869 39 6
148 1578 48 14
149 889 57 5
149 1142 42 6
149 1612 14 12
150 394 60 10
150 623 52 5
150 858 34 12
151 1085 44 8
152 434 46 7
152 809 54 14
152 857 39 13
152 1369 54 3
152 1490 48 14
153 608 6 5
153 694 41 6
153 741 51 5
153 1028 27 13
153 1071 14 12
153 1346 56 8
153 1429 21 3
154 259 57 15
154 1069 1 15
154 1388 36 15
154 1401 51 6
155 383 60 8
156 482 59 11
156 708 50 6
156 1139 28 6
156 1662 40 2
157 269 5 4
157 389 52 2
157 689 53 8
157 1274 34 8
157 1349 30 13
158 416 11 14
158 1004 1 4
158 1056 11 8
159 200 4 12
159 330 14 15
159 380 51 1
159 470 45 6
159 560 59 6
159 645 36 12
159 980 48 1
159 1335 59 8
159 1561 22 14
160 290 51 6
160 687 30 14
160 765 6 8
160 1065 30 4
160 1289 17 1
161 672 4 1
161 1080 23 3
161 1310 13 10
161 1332 52 14
162 379 44 14
162 524 27 1
162 525 37 3
162 849 19 9
162 1553 1 9
163 739 54 3
163 828 53 15
163 1046 35 11
163 1459 55 8
163 1587 58 1
164 392 34 8
164 411 39 7
164 415 50 9
164 453 24 10
164 678 30 4
164 1122 51 1
164 1272 1 9
165 320 26 12
165 505 25 9
165 550 47 8
165 765 41 15
165 1033 32 9
165 1196 42 4
165 1579 38 14
166 334 21 14
166 353 42 2
166 391 29 7
166 528 1 15
166 560 13 4
166 853 3 5
166 1021 48 6
166 1391 12 5
167 202 56 1
167 278 57 4
167 368 33 4
167 491 14 8
167 613 29 12
167 1043 37 4
167 1372 21 2
167 1610 48 15
168 174 15 2
168 184 45 10
168 475 20 10
168 766 51 1
168 860 22 11
168 1291 52 9
169 246 41 4
169 607 58 13
169 624 52 15
169 707 8 9
169 1081 19 7
169 1501 46 1
169 1529 17 1
170 756 38 13
170 1029 57 14
170 1253 10 14
171 437 56 7
171 546 22 9
171 579 26 13
172 223 32 15
172 798 32 10
172 1259 15 3
173 593 8 14
173 596 36 15
173 1019 50 12
173 1600 2 3
174 260 43 7
174 481 50 11
174 489 6 15
174 680 4 10
174 692 33 9
174 1302 52 10
174 1335 48 1
175 342 42 12
175 347 8 11
175 466 15 7
175 779 60 6
175 1377 4 15
175 1434 18 2
175 1562 32 13
176 261 34 1
176 571 55 13
176 734 56 4
176 883 39 13
176 1010 24 5
176 1407 31 4
177 287 39 14
177 423 52 6
177 884 2 8
177 959 3 4
177 1541 58 5
178 239 25 12
178 1047 35 5
178 1181 26 7
178 1439 26 2
178 1635 17 1
179 191 15 7
179 575 36 1
179 691 53 13
179 1120 9 11
179 1246 12 8
179 1254 44 3
179 1536 60 11
179 1549 30 13
180 256 35 13
180 600 18 7
180 626 1 15
180 841 27 15
180 1058 29 8
180 1097 29 2
180 1140 4 3
180 1417 21 4
180 1613 32 1
181 325 32 3
181 547 3 10
181 723 31 1
181 899 39 3
181 1384 39 13
181 1549 40 3
182 414 21 15
182 486 4 7
182 576 56 9
183 207 15 12
183 434 15 4
183 444 17 1
183 623 51 12
183 670 50 9
183 1051 26 8
184 455 12 3
184 535 53 1
184 1006 23 4
184 1097 9 5
184 1191 7 14
184 1342 36 13
185 744 38 10
185 932 9 15
185 1602 16 12
186 193 34 10
186 432 44 15
186 601 42 4
186 790 31 4
186 1138 8 15
186 1520 52 4
187 1134 26 4
187 1216 17 8
187 1222 17 9
188 650 15 8
188 680 37 15
188 1625 36 13
188 1654 44 7
189 375 32 15
189 541 32 10
189 658 46 3
189 702 42 1
189 1531 39 4
189 1533 57 4
189 1552 58 12
189 1649 40 7
190 342 8 1
190 711 57 10
190 1108 38 14
190 1665 38 4
191 931 49 9
191 1343 47 14
191 1502 23 9
191 1529 43 5
192 543 53 8
192 576 16 15
192 842 9 14
192 889 60 9
193 278 56 1
193 362 54 6
193 461 29 11
193 567 27 4
193 1113 42 2
193 1511 33 5
194 446 32 12
194 479 50 7
194 932 36 5
194 1180 12 15
194 1641 43 3
195 1062 38 12
195 1120 28 2
195 1253 33 14
195 1406 41 1
195 1609 3 5
196 248 12 9
196 280 23 7
196 615 21 6
196 1112 21 3
196 1214 41 13
197 500 55 10
197 521 50 12
197 827 35 11
197 1064 54 11
197 1219 51 9
197 1268 49 5
197 1392 35 2
197 1413 55 12
197 1525 47 2
198 1434 60 8
198 1443 55 10
198 1457 23 2
199 239 20 5
199 293 39 15
199 306 27 4
199 622 20 2
199 1568 30 13
199 1645 53 11
199 1664 29 13
200 319 30 15
200 791 8 7
200 1091 16 15
200 1357 23 5
200 1552 25 8
201 548 46 8
201 570 22 7
201 741 4 12
201 1056 52 7
201 1459 11 4
201 1503 39 7
201 1525 59 11
201 1600 19 3
201 1602 23 1
201 1660 56 15
202 249 10 10
202 502 47 7
202 738 27 10
202 934 39 8
202 1476 60 12
203 669 16 14
203 905 22 1
203 1130 57 8
204 696 2 13
204 847 60 8
204 915 45 9
204 928 31 5
204 1236 8 13
204 1295 52 11
204 1550 30 3
205 1161 30 9
205 1230 2 8
206 396 38 13
206 423 43 10
206 675 13 1
206 851 41 10
206 959 23 7
206 972 54 1
206 1097 44 2
206 1182 26 1
206 1185 24 8
206 1321 20 6
206 1612 9 9
207 616 35 5
207 950 23 2
207 1029 47 6
207 1078 31 8
207 1545 31 9
208 222 48 15
208 338 37 8
208 369 21 2
208 591 33 15
208 660 6 10
208 850 40 8
208 868 21 7
208 950 57 9
208 995 1 8
209 327 60 11
209 525 28 14
209 809 1 3
209 951 36 2
209 1346 43 13
210 265 9 5
210 342 38 14
210 781 25 8
210 841 43 6
210 1050 43 4
210 1079 28 12
210 1187 8 8
210 1201 60 8
210 1375 35 6
211 351 28 4
211 1578 26 15
212 503 47 8
212 854 38 4
212 1036 9 15
212 1329 20 13
212 1540 12 9
212 1642 9 9
213 231 35 7
213 343 32 9
213 468 8 13
213 712 33 4
213 1307 25 9
214 288 21 1
214 391 40 3
214 596 20 15
214 1058 41 11
214 1268 45 1
214 1420 8 11
214 1471 1 5
214 1511 43 1
214 1606 50 15
215 410 28 12
215 612 37 1
215 731 7 7
215 1379 20 13
216 942 14 1
216 1027 15 10
216 1029 39 5
216 1056 16 4
216 1224 54 8
216 1278 52 4
216 1504 25 9
216 1597 7 14
217 407 26 15
217 772 26 10
217 833 21 2
217 1021 51 8
218 499 59 12
218 824 40 2
218 971 18 13
219 463 10 8
219 587 41 3
219 756 10 5
219 1321 8 15
220 240 11 2
220 277 44 13
220 567 10 13
220 1204 11 15
220 1375 50 3
220 1406 3 15
220 1456 33 3
221 649 1 14
221 1230 56 11
221 1320 29 2
221 1603 52 4
222 265 15 8
222 280 49 5
222 533 53 6
222 678 8 8
222 787 18 2
222 988 30 3
223 334 9 1
223 819 17 3
223 990 43 6
223 1075 8 5
223 1245 3 3
224 679 24 12
224 795 6 2
224 1045 3 15
225 700 56 12
225 759 14 2
226 758 3 8
226 898 28 3
226 1111 1 3
226 1450 27 4
226 1535 55 4
227 442 35 1
227 604 37 9
227 607 2 10
227 621 20 13
227 638 3 1
227 678 7 2
227 687 43 3
227 715 20 1
227 940 48 1
227 1479 38 11
228 1097 20 4
228 1251 41 2
228 1586 57 3
228 1590 21 1
228 1600 56 2
229 387 8 2
229 1176 54 10
229 1269 17 6
229 1488 41 1
229 1531 24 15
230 334 60 5
230 407 45 13
230 478 47 1
230 549 12 3
230 644 4 4
230 746 8 6
230 1033 42 2
231 421 45 11
231 848 29 1
231 1274 50 7
231 1319 11 2
231 1428 45 2
231 1542 28 14
231 1662 56 12
232 541 11 14
232 542 40 9
232 613 6 3
232 713 59 3
232 813 51 12
232 1108 55 10
233 498 57 13
233 844 60 1
233 1439 6 14
234 444 27 7
234 639 9 10
234 805 29 7
234 1324 20 6
235 292 59 8
235 646 47 7
235 776 14 6
235 1248 1 12
236 525 38 8
236 559 55 9
236 904 3 11
236 1052 36 5
236 1346 12 6
236 1465 21 8
237 289 8 3
237 317 59 9
237 324 43 13
237 511 18 8
237 1313 4 12
237 1530 2 12
237 1604 3 13
238 317 5 1
238 692 46 4
239 248 57 5
239 478 13 8
239 519 56 13
239 1647 59 14
240 356 11 1
240 480 55 3
240 544 4 5
240 623 30 13
240 669 33 4
240 744 50 6
240 1125 32 2
241 401 58 3
241 939 60 11
241 1069 2 4
241 1268 8 8
241 1370 8 8
241 1654 54 1
242 506 2 3
242 626 22 5
242 782 14 14
242 965 18 3
242 1050 47 5
242 1363 41 6
242 1629 38 4
243 1087 30 12
243 1127 23 5
243 1197 50 3
243 1256 33 7
243 1339 37 13
243 1645 55 10
244 268 16 14
244 527 27 9
244 579 25 4
244 599 15 2
244 602 16 8
244 985 7 14
244 1039 14 13
244 1141 13 10
244 1576 19 10
245 255 49 1
246 319 37 15
246 381 60 10
246 907 46 5
246 1058 6 10
247 776 11 12
247 791 37 8
248 256 32 6
248 578 28 4
248 626 60 13
248 727 36 3
248 856 29 12
248 867 27 9
248 931 3 11
248 986 42 4
248 1066 26 3
248 1180 28 1
248 1442 54 11
249 318 6 5
249 537 36 8
249 727 28 9
249 773 10 8
249 1521 50 11
250 343 42 14
250 416 27 9
250 854 43 3
250 1336 44 9
250 1573 26 2
250 1633 25 6
251 410 26 9
251 597 46 11
251 646 26 15
251 681 2 6
251 777 13 12
252 329 40 1
252 875 29 6
252 1136 15 7
252 1430 26 14
252 1525 57 5
253 558 38 13
253 823 28 5
253 1133 56 15
253 1190 33 11
253 1197 18 8
253 1307 53 5
254 294 26 14
254 593 19 13
254 641 1 12
254 659 11 4
254 729 50 11
254 815 31 1
254 929 41 14
254 1503 43 14
254 1659 12 3
255 625 3 10
255 1060 39 9
255 1170 56 8
256 593 60 10
256 655 39 9
256 1007 51 3
256 1049 13 11
256 1170 12 10
256 1372 23 10
256 1600 17 2
257 771 9 1
257 868 36 8
257 1303 40 11
258 282 18 13
258 682 56 9
258 732 27 3
258 1159 33 3
259 521 26 13
259 855 42 3
259 924 19 7
259 1038 37 2
259 1042 9 14
259 1055 12 11
259 1104 19 6
259 1311 14 14
259 1584 3 4
260 833 56 14
260 927 7 1
260 1539 45 13
260 1623 49 4
261 593 27 9
261 773 15 1
261 1296 14 6
261 1539 20 7
262 1238 15 8
263 350 44 5
263 687 23 4
264 374 32 6
264 1495 4 4
264 1649 41 4
265 457 31 5
265 557 10 1
265 643 24 9
265 848 56 15
266 478 59 15
266 650 36 13
266 916 52 13
266 1154 25 14
266 1315 57 9
266 1567 9 1
267 383 20 4
267 747 50 4
267 1151 50 4
267 1190 11 8
267 1507 12 1
268 291 18 6
268 338 34 5
268 646 14 7
268 665 6 8
268 949 38 10
268 1089 35 5
268 1262 9 5
268 1284 55 1
268 1479 5 3
268 1483 21 4
269 794 18 2
269 809 46 14
269 1061 53 8
270 466 8 2
270 1034 60 14
270 1284 16 3
272 332 35 7
272 553 39 4
272 684 51 14
272 1397 54 7
272 1406 54 10
272 1649 45 5
273 497 11 4
273 750 5 9
274 397 6 5
274 560 47 2
274 685 56 14
274 775 54 11
274 1183 28 6
275 962 36 3
275 1034 40 9
275 1123 52 11
275 1461 59 7
275 1595 50 10
276 422 53 11
276 855 39 5
276 1219 4 11
276 1283 31 11
276 1284 57 3
276 1391 8 12
276 1481 45 1
276 1636 51 11
277 914 8 8
277 1181 2 6
277 1231 8 6
277 1627 34 3
278 372 11 9
278 477 31 12
278 707 23 10
278 863 48 14
278 933 13 11
278 957 11 4
278 986 5 11
278 1019 60 14
278 1295 25 13
278 1393 34 12
278 1526 56 2
279 623 36 14
279 990 34 1
279 1071 28 14
279 1264 27 8
279 1320 6 7
279 1471 25 14
279 1642 11 8
280 412 53 4
280 588 47 15
280 667 60 10
280 914 12 10
280 1145 50 13
280 1637 14 3
281 437 53 10
281 747 49 7
281 904 42 2
282 456 42 10
282 548 7 4
282 621 10 13
282 899 34 3
283 350 58 12
283 642 7 9
283 659 59 12
283 728 20 9
283 990 45 9
283 1053 57 13
283 1393 25 7
284 375 20 8
284 508 37 6
284 762 24 5
284 764 25 2
284 1026 18 6
284 1098 46 15
284 1280 26 14
284 1560 35 15
285 321 13 8
285 414 1 13
285 427 20 11
285 930 40 2
285 1037 1 8
285 1070 18 3
285 1530 43 2
285 1622 7 1
286 394 31 3
286 674 3 8
286 696 54 15
286 751 31 9
286 1274 3 10
287 595 32 15
287 815 20 14
287 910 9 1
287 1181 42 2
288 624 36 4
288 970 18 8
288 1297 26 12
288 1609 27 8
289 377 11 14
289 647 16 12
289 785 26 6
289 888 51 8
289 1093 40 13
289 1443 50 2
289 1520 14 2
289 1607 49 12
290 827 2 5
291 810 60 15
291 978 30 13
291 1145 33 4
291 1221 7 1
291 1360 44 2
291 1536 18 14
291 1579 7 13
292 307 1 7
292 544 35 12
292 855 27 11
292 1144 17 1
292 1152 32 5
293 601 47 3
293 1186 19 13
293 1331 14 11
294 543 36 9
294 560 25 2
294 820 31 3
294 882 33 4
294 1047 6 5
295 406 1 11
295 498 23 10
295 563 52 4
295 882 49 13
295 1384 10 14
295 1552 27 2
297 1016 33 14
297 1171 23 15
297 1184 27 4
297 1586 47 10
298 1202 13 6
298 1244 7 11
298 1571 48 12
299 313 53 14
299 388 53 8
299 850 22 2
299 1556 1 7
299 1562 55 4
299 1613 1 6
300 811 15 2
300 869 34 7
300 1032 24 5
300 1224 15 13
300 1243 14 10
300 1369 34 4
300 1452 14 7
300 1604 50 13
300 1642 35 3
301 358 34 7
301 540 49 6
301 633 14 10
301 1186 10 15
301 1192 40 8
301 1203 41 12
301 1218 58 3
301 1232 56 11
301 1431 40 2
301 1636 39 2
302 402 48 5
302 511 11 2
302 849 43 10
302 981 23 6
302 1096 26 14
302 1127 13 7
302 1551 59 10
303 494 38 13
303 515 40 11
303 523 17 12
303 1008 27 8
303 1323 17 1
303 1444 51 6
304 520 36 1
304 534 7 1
304 892 45 10
304 958 54 13
304 1030 9 14
304 1322 4 5
304 1325 57 3
305 756 39 6
305 958 28 12
305 1172 25 13
305 1660 13 1
306 459 22 11
306 887 12 14
307 587 44 3
307 992 41 4
307 1380 43 10
307 1388 11 4
307 1442 58 9
308 449 32 13
308 1454 4 6
308 1498 13 11
308 1662 11 2
308 1665 28 13
309 629 56 5
309 970 3 8
309 1229 49 9
309 1312 4 8
309 1606 12 14
310 641 8 14
310 918 56 5
310 1002 60 8
310 1185 22 11
310 1187 16 10
310 1317 52 7
310 1438 32 5
310 1444 19 10
310 1484 40 2
311 818 29 2
311 861 57 10
312 330 16 14
312 620 50 10
312 651 59 6
312 1331 4 8
313 734 51 3
313 1133 9 14
313 1140 43 10
313 1486 23 5
314 442 48 6
314 648 50 9
314 671 10 14
314 981 47 6
314 1217 35 12
314 1329 22 1
315 362 16 4
315 501 28 12
315 687 5 9
315 730 19 9
315 1488 26 15
315 1535 1 6
315 1665 29 3
316 457 22 4
316 532 6 5
316 540 29 2
316 560 9 4
316 812 41 5
316 842 38 5
316 850 56 15
316 955 24 9
316 1082 5 8
316 1303 25 11
316 1624 56 2
317 419 50 1
317 792 42 10
317 965 8 9
317 975 50 13
317 1017 42 8
317 1262 49 7
317 1299 51 6
318 895 21 4
318 1015 22 3
318 1364 6 14
319 931 21 10
319 1061 7 6
319 1462 9 9
320 720 1 5
320 1384 25 6
321 703 14 13
321 1035 39 7
321 1366 45 11
322 458 49 15
322 530 20 15
322 1174 33 4
323 533 39 12
323 545 35 13
323 916 5 14
323 1090 11 2
323 1544 59 9
323 1628 52 9
324 418 14 14
324 460 9 2
324 1341 16 10
325 420 22 4
325 535 41 4
325 575 8 8
325 1006 56 9
325 1027 3 3
325 1204 37 5
325 1654 3 7
326 467 26 3
326 699 58 8
326 1019 15 2
326 1344 14 14
327 514 39 8
327 612 1 2
327 1162 16 12
328 418 29 8
328 701 51 1
328 801 36 9
328 823 2 14
328 1193 52 1
328 1268 3 1
328 1321 53 7
329 465 42 15
329 605 1 1
329 1063 13 3
329 1135 14 13
330 678 14 14
330 741 47 10
330 870 38 12
330 1466 2 4
331 613 41 7
331 700 4 10
331 850 10 9
332 384 28 15
332 824 24 3
332 969 3 15
332 1221 9 10
332 1475 1 6
333 519 34 4
333 555 42 6
333 716 28 8
333 946 49 5
333 1056 46 3
333 1170 6 14
333 1618 60 12
334 369 59 2
334 395 10 4
334 602 35 12
334 615 45 1
334 768 25 3
334 974 48 12
334 1003 32 9
334 1208 4 10
334 1635 48 11
335 605 9 12
335 905 10 4
335 977 19 4
335 1083 49 2
335 1352 43 5
335 1603 41 6
336 578 24 11
336 1422 23 3
336 1510 33 3
337 588 37 14
338 431 32 9
338 442 4 6
338 596 14 2
338 675 40 7
338 1099 55 3
338 1246 56 1
338 1351 60 4
338 1427 39 5
338 1435 19 14
339 748 55 14
339 1130 57 12
339 1184 24 8
339 1301 10 5
340 615 54 15
340 714 40 3
340 1111 32 7
340 1268 44 12
341 651 5 5
341 930 1 13
341 998 52 2
341 1160 13 5
341 1345 32 10
341 1471 45 3
342 668 14 7
342 1093 42 12
342 1203 2 7
342 1364 33 4
342 1450 34 14
342 1605 46 2
343 801 24 6
343 1035 19 14
343 1417 53 15
344 424 24 8
344 653 33 7
344 665 26 13
344 838 1 13
344 1142 52 8
344 1309 32 2
344 1464 17 10
345 694 45 9
345 852 14 8
345 883 31 11
345 1073 50 2
345 1079 1 1
346 1015 53 6
346 1520 24 4
347 459 36 7
347 713 4 13
347 768 27 10
347 1315 59 2
348 552 24 3
348 800 51 11
348 873 6 8
348 1180 6 7
348 1489 53 14
349 446 48 11
349 592 4 13
349 630 3 13
349 640 7 6
349 910 16 7
349 1238 4 15
350 451 36 2
350 1092 47 12
351 490 53 10
351 747 46 1
351 1088 46 3
352 361 38 15
352 999 19 11
352 1000 10 1
352 1007 3 12
352 1481 40 11
353 404 17 15
353 605 39 15
353 632 52 4
353 669 40 7
353 809 45 5
353 981 4 14
354 1353 29 15
354 1528 6 2
355 727 45 5
355 804 34 4
355 1236 25 6
355 1426 20 2
356 463 26 12
356 704 27 8
356 831 4 13
356 1457 12 8
357 852 44 2
357 1083 57 5
357 1451 54 2
358 664 45 5
358 886 19 2
358 1009 36 6
358 1072 21 14
358 1493 53 2
359 490 26 7
359 527 19 7
359 675 49 3
359 1035 43 13
359 1493 51 5
360 702 51 12
360 783 25 14
360 1250 10 10
360 1587 30 15
360 1598 41 3
361 446 54 1
361 1150 13 13
361 1176 41 6
361 1326 56 12
361 1529 49 7
362 466 29 5
362 831 56 11
362 907 22 11
363 1201 31 10
363 1466 20 4
363 1552 8 10
364 510 28 14
364 584 8 3
364 956 45 10
364 1384 29 10
364 1403 31 3
365 657 46 12
365 759 8 8
365 823 40 5
366 1486 7 13
367 527 36 6
367 1326 52 5
367 1359 9 1
367 1422 54 12
367 1429 4 8
367 1443 36 6
367 1631 51 5
368 770 33 3
368 1004 7 6
369 478 6 14
369 497 17 12
369 1125 3 6
369 1546 15 2
370 744 45 1
370 992 11 7
370 1024 46 10
370 1364 44 14
370 1430 31 6
370 1543 11 15
371 382 5 6
371 636 41 2
371 1146 7 3
371 1204 33 8
371 1636 4 11
372 539 47 5
372 606 42 15
372 788 33 1
372 832 12 11
372 999 27 13
373 436 59 12
373 597 59 8
373 610 14 8
373 743 31 6
373 931 37 8
373 974 6 9
373 1063 40 6
374 472 9 6
374 626 57 1
375 449 1 6
375 630 59 10
375 970 24 2
375 978 25 5
375 1405 2 11
375 1415 26 15
376 430 59 14
376 1130 46 10
376 1299 13 1
377 963 16 13
377 1436 6 2
377 1491 50 11
377 1496 36 3
378 441 28 8
378 820 31 8
378 972 34 2
378 1008 7 8
378 1056 33 14
378 1367 16 9
379 646 59 3
379 954 10 9
379 990 41 13
379 1190 40 7
379 1218 39 4
379 1392 11 1
380 579 50 12
380 883 35 4
380 1091 56 1
380 1144 3 12
381 413 31 6
381 613 28 3
381 938 13 6
381 1092 59 10
381 1513 3 2
381 1535 58 6
382 853 10 13
382 1056 58 5
382 1431 3 5
382 1437 27 7
383 837 54 5
383 1024 56 3
383 1270 54 8
383 1630 3 4
384 536 19 11
384 646 32 9
384 713 55 14
384 1427 2 10
384 1568 26 6
384 1613 40 1
385 863 48 14
385 1242 20 8
385 1470 31 8
385 1665 45 2
386 429 38 12
386 529 57 11
386 697 39 13
386 841 46 10
386 1111 4 11
386 1518 48 8
387 686 21 1
387 717 8 12
387 903 2 4
387 929 18 7
387 1304 50 8
387 1470 58 5
387 1485 23 7
388 972 52 2
388 1093 45 14
388 1228 41 14
388 1301 47 9
388 1368 31 7
389 880 10 4
389 1280 27 4
389 1300 2 15
389 1352 23 2
390 1469 5 12
390 1513 29 2
390 1596 26 4
391 730 36 6
391 1324 12 2
392 745 57 12
392 1118 17 7
392 1629 40 7
393 557 26 12
393 735 24 3
393 791 16 1
393 818 50 5
393 1086 59 13
393 1272 44 5
393 1328 5 1
393 1611 12 1
394 514 37 2
394 545 60 14
394 778 53 10
394 1014 25 6
394 1603 31 14
394 1648 39 14
395 484 25 12
395 562 21 5
395 581 1 13
395 710 1 6
395 814 5 9
395 1147 23 10
396 559 52 7
396 692 15 4
396 702 27 3
396 733 1 15
396 828 14 15
396 925 48 3
396 957 2 5
396 1366 8 1
396 1378 57 2
396 1469 36 5
396 1558 33 7
397 597 45 3
397 753 14 13
397 927 43 11
397 1293 24 15
397 1343 51 10
397 1581 49 15
397 1632 40 8
398 496 56 13
398 541 40 1
398 849 11 12
398 853 18 2
398 1002 13 9
398 1525 5 4
399 564 31 3
399 787 58 10
399 887 19 1
399 890 23 15
400 797 55 10
400 1082 18 6
400 1124 38 6
400 1193 32 11
400 1373 16 6
401 721 31 13
401 901 2 4
401 1176 25 10
401 1370 57 10
402 644 35 3
402 964 34 5
402 975 42 8
402 1066 14 2
402 1159 55 8
402 1383 53 2
402 1448 17 5
402 1507 39 14
403 443 56 15
403 780 39 1
403 893 54 8
403 1387 44 13
403 1560 54 1
404 518 48 13
404 635 21 12
404 995 36 14
404 1242 39 4
404 1441 25 5
405 824 20 10
405 1024 36 9
405 1224 13 13
405 1393 30 3
405 1430 22 8
405 1649 29 5
406 504 34 15
406 1420 21 9
406 1535 26 13
407 566 56 1
407 606 45 2
407 648 23 14
407 957 53 4
407 983 2 3
407 1379 21 4
408 601 47 13
408 775 4 2
408 945 38 13
408 1065 44 13
409 608 28 2
409 1638 28 8
410 421 34 3
410 605 7 5
410 881 14 15
410 1143 38 15
410 1238 30 13
411 857 15 9
411 899 2 3
411 1329 29 15
411 1481 39 12
412 1167 20 2
412 1235 19 9
412 1588 60 3
413 561 40 14
413 1062 3 6
413 1200 13 5
413 1646 15 7
414 562 26 5
414 622 28 6
414 1094 23 9
414 1095 42 11
414 1188 53 15
414 1212 31 15
414 1468 1 2
414 1653 29 10
415 1047 53 8
415 1189 51 3
415 1277 55 9
415 1292 60 10
416 634 19 1
416 844 16 9
416 945 33 13
416 960 24 1
416 1044 27 13
417 701 16 7
417 713 5 2
417 734 37 9
417 776 22 7
417 1223 21 15
417 1302 57 12
417 1524 3 10
418 664 5 10
418 750 56 2
418 929 23 13
418 1202 25 1
418 1293 42 1
418 1403 12 13
419 851 9 12
419 1307 34 7
419 1392 24 15
420 1027 13 7
420 1074 25 13
420 1273 46 12
420 1357 19 3
421 764 1 6
421 960 18 4
421 1088 39 14
421 1262 28 2
421 1365 40 8
422 647 11 1
422 672 18 15
422 1293 53 7
422 1379 3 7
422 1427 35 5
422 1444 38 14
423 559 33 3
423 785 59 13
423 841 11 3
423 855 10 14
423 962 45 15
423 971 10 2
423 987 50 5
423 1140 22 8
423 1145 51 8
424 612 11 5
424 693 3 4
424 760 38 2
424 1198 19 9
424 1277 11 4
425 580 50 2
425 787 45 8
425 905 2 4
425 1023 11 11
425 1280 33 13
425 1322 36 12
425 1441 43 9
425 1465 4 7
426 451 39 8
426 593 21 5
426 826 2 13
426 1117 13 14
426 1265 14 13
426 1382 35 6
427 639 30 8
427 762 25 9
427 830 58 4
427 1415 5 8
427 1461 50 11
427 1526 8 5
427 1617 3 7
428 572 58 4
428 636 14 12
428 1056 1 3
428 1399 46 15
428 1454 11 10
429 476 29 6
429 503 44 12
429 576 40 11
429 665 49 13
429 818 31 14
429 1540 58 8
429 1638 45 10
430 524 9 6
430 807 28 8
430 932 35 15
430 1068 35 8
430 1312 39 14
430 1428 12 2
430 1543 13 7
430 1601 50 13
431 560 44 10
431 570 21 1
431 962 25 9
431 1114 9 5
431 1432 45 5
431 1632 32 15
432 482 47 11
432 749 56 8
432 856 53 10
432 869 42 5
432 989 39 13
432 1172 23 15
432 1311 56 7
432 1440 41 12
433 511 6 14
433 576 13 1
433 718 44 14
433 1225 5 10
434 519 3 9
434 1208 55 3
435 593 19 6
435 962 12 8
436 484 29 14
436 701 57 12
436 710 39 8
436 774 25 7
436 974 55 15
436 1027 15 15
437 1047 1 12
437 1224 52 11
437 1317 53 14
437 1513 48 8
438 558 58 11
438 1152 42 6
438 1339 32 10
438 1397 26 13
438 1539 57 2
438 1620 48 8
439 508 53 4
439 529 41 1
439 591 18 3
439 740 48 2
439 1010 56 10
439 1386 45 5
439 1410 6 6
439 1532 48 9
440 679 24 6
440 691 57 8
440 892 7 2
440 914 58 5
440 1478 8 11
440 1530 3 3
440 1642 23 13
441 449 9 1
441 541 3 8
441 955 56 5
441 1092 8 15
441 1422 35 5
442 523 27 5
442 975 47 8
442 1060 42 13
442 1062 9 5
443 486 42 9
443 513 37 15
443 1049 11 13
443 1346 7 12
443 1467 17 5
444 723 56 3
445 683 40 9
445 765 39 10
445 1102 6 2
445 1256 2 10
445 1361 43 10
445 1415 6 10
445 1458 47 13
445 1496 21 10
446 536 5 8
446 838 3 2
446 1153 42 3
446 1363 57 14
446 1520 9 11
447 496 33 13
447 846 33 5
447 1127 36 5
447 1595 24 8
448 724 10 13
449 477 7 1
449 909 23 10
449 1101 29 15
449 1507 46 12
450 483 43 5
450 575 5 8
450 1068 41 5
450 1210 28 2
450 1275 24 11
450 1451 19 10
451 581 59 5
451 594 25 3
451 703 20 12
451 892 31 13
451 996 58 6
451 1009 1 2
452 1299 7 7
452 1514 13 7
453 712 13 14
453 889 26 1
453 1017 3 13
453 1139 16 3
453 1400 9 7
454 476 49 6
454 722 37 15
455 896 41 14
455 969 36 7
455 1020 16 2
455 1160 17 11
455 1264 46 10
455 1336 31 13
455 1505 41 12
456 1135 28 6
456 1458 26 7
456 1611 1 12
457 527 17 15
457 695 57 12
457 747 13 4
457 806 46 8
457 1204 35 2
457 1458 49 4
458 497 10 15
458 575 56 11
458 607 27 12
458 1053 2 4
458 1146 15 14
459 857 48 10
459 1391 44 13
460 697 38 4
460 707 36 9
460 741 55 11
460 1269 31 12
460 1513 60 4
460 1629 37 4
461 961 36 11
461 1000 1 13
461 1292 23 14
461 1350 39 5
462 614 23 6
462 1252 48 10
462 1490 21 11
462 1565 14 15
463 781 13 10
463 1096 48 7
463 1158 55 7
463 1380 17 15
464 497 52 14
464 525 42 15
464 529 49 1
464 867 4 6
464 1201 1 10
464 1204 31 3
464 1422 51 8
465 507 59 9
465 528 3 3
465 944 49 3
465 983 51 6
465 1374 52 7
466 669 52 9
466 861 50 14
466 932 8 7
466 993 30 15
466 1023 9 1
466 1057 56 3
466 1244 46 10
466 1652 59 14
467 917 50 14
467 977 6 4
467 1212 32 11
468 632 12 3
468 846 15 11
468 1597 51 13
469 667 52 13
469 699 56 11
469 1359 59 5
469 1411 8 9
470 1604 18 2
471 1138 10 3
471 1384 41 2
472 802 59 1
473 628 27 11
473 802 46 7
473 1505 60 6
473 1533 43 3
473 1659 51 13
474 510 23 3
474 1051 8 5
474 1213 18 3
474 1316 8 4
474 1388 44 5
475 569 52 10
475 983 25 3
475 1070 6 4
475 1186 58 2
476 486 49 12
476 771 11 7
476 812 31 3
476 872 34 6
476 1514 14 5
477 522 60 5
477 588 51 6
477 714 22 12
477 990 38 5
477 1013 1 1
477 1357 22 4
478 570 34 15
478 693 41 10
479 655 15 12
479 988 21 15
480 651 47 12
480 690 12 14
480 747 44 11
480 772 47 12
480 959 27 8
480 1418 57 2
481 752 29 1
481 894 40 10
481 1170 50 7
481 1432 19 3
482 705 10 3
482 845 54 5
483 924 59 4
483 1030 40 12
483 1407 22 15
483 1574 54 11
483 1640 35 15
484 576 48 10
484 691 4 5
484 891 11 3
485 1090 14 3
485 1103 39 1
485 1204 34 4
485 1338 17 10
485 1465 11 4
486 691 16 1
486 701 20 14
486 933 19 14
486 1236 41 12
486 1515 5 12
486 1589 12 14
487 499 8 7
487 742 51 13
487 1162 34 2
487 1190 30 6
487 1219 43 13
487 1275 2 4
487 1431 43 15
488 1107 8 14
489 659 57 5
489 1355 59 15
489 1544 8 6
489 1594 17 5
490 723 34 13
490 1350 13 2
491 566 54 6
491 627 19 12
491 1020 41 8
491 1589 2 2
492 848 15 9
492 943 57 8
492 1023 34 7
492 1536 52 4
492 1548 50 14
493 1110 35 4
494 742 7 5
494 1011 41 8
494 1111 43 6
495 572 23 15
495 990 27 14
495 1034 37 10
495 1330 32 1
496 1137 20 12
496 1458 55 10
496 1460 36 6
496 1528 38 13
496 1533 49 8
497 1346 17 4
498 734 21 11
498 928 15 2
499 736 16 4
499 855 11 13
499 1254 48 11
499 1545 52 14
500 635 54 6
500 857 12 14
500 924 7 10
500 1003 15 2
500 1088 48 8
500 1432 1 10
501 579 58 12
501 695 39 14
501 935 11 1
501 990 20 11
502 626 31 2
502 660 43 5
502 1033 44 2
502 1524 6 7
502 1570 57 11
503 650 21 5
503 724 23 13
503 806 60 9
503 1025 10 4
504 1076 37 2
505 655 27 10
505 813 60 2
505 1019 57 3
505 1577 6 4
506 736 33 10
506 877 16 11
506 1194 39 6
506 1295 5 15
506 1450 42 1
507 1143 47 12
507 1166 52 2
507 1375 46 12
508 883 47 3
508 891 6 5
508 1615 25 10
509 802 29 3
509 827 9 2
509 1142 22 11
509 1516 2 8
510 1022 27 1
511 1280 15 2
511 1401 3 9
511 1461 23 1
511 1549 52 5
511 1599 52 6
512 632 59 7
512 758 38 15
513 1039 38 6
513 1049 28 5
513 1094 47 11
513 1603 31 4
514 661 55 13
514 960 59 2
514 1569 56 3
515 763 15 12
515 779 34 1
515 825 3 14
515 859 60 15
515 881 13 11
515 1135 26 14
515 1451 18 9
515 1562 7 14
516 1063 28 1
516 1129 24 10
516 1558 30 12
517 736 35 10
517 978 54 9
517 985 38 10
517 1095 5 2
517 1411 41 4
517 1588 22 10
517 1591 14 9
517 1630 3 7
518 909 51 2
518 1028 10 15
518 1047 57 8
518 1178 40 2
518 1355 22 7
519 694 40 9
519 1101 54 8
519 1107 1 6
519 1357 27 6
520 703 19 4
520 788 20 6
520 910 47 5
520 926 54 9
520 1143 54 4
520 1400 50 7
520 1456 31 7
520 1620 25 14
521 545 25 15
521 563 30 3
521 684 56 2
521 916 21 9
521 1065 17 13
521 1407 50 8
521 1425 16 12
522 1451 50 13
522 1579 20 7
522 1596 55 15
523 562 25 12
523 957 30 4
523 1004 50 14
523 1253 7 15
524 792 47 13
524 913 48 5
524 982 42 7
524 1298 58 2
524 1428 30 4
524 1457 30 7
524 1618 51 4
525 863 22 12
525 1043 29 12
525 1065 31 2
526 568 36 6
526 662 24 14
526 679 8 3
526 960 2 14
526 1271 58 15
526 1339 57 4
526 1501 27 15
526 1606 31 8
527 922 30 7
527 978 39 6
528 818 14 11
528 974 48 13
528 1467 7 1
529 862 18 5
529 1491 38 6
530 545 32 12
530 802 16 13
530 883 11 10
530 1124 11 13
530 1183 28 15
530 1238 16 5
530 1350 24 9
531 556 45 1
531 864 30 12
531 1432 41 5
531 1532 17 11
532 620 8 8
532 1122 29 13
532 1190 58 15
532 1239 26 5
532 1363 59 2
533 644 44 7
533 738 44 4
533 739 44 6
533 1157 39 11
533 1301 3 6
533 1644 3 6
534 921 21 7
534 1329 8 11
536 590 12 1
536 1646 56 10
537 585 41 12
537 837 49 5
537 984 29 4
537 1313 48 10
537 1536 1 13
538 895 24 8
538 1248 22 5
538 1451 44 8
539 1026 60 14
539 1317 24 2
539 1446 41 11
540 699 27 7
540 830 4 13
540 1112 53 14
540 1423 15 14
541 591 57 5
541 814 9 13
541 1456 2 13
542 712 45 15
542 800 32 5
542 1231 33 3
542 1575 38 3
543 904 33 6
543 1023 52 1
543 1251 7 1
544 588 21 3
544 844 53 9
544 1090 17 5
544 1600 26 5
545 676 53 14
545 1066 48 7
545 1117 46 14
545 1257 55 1
545 1411 58 14
546 909 10 2
546 1353 19 2
546 1435 32 5
547 800 47 1
547 1146 31 10
547 1300 49 14
547 1355 48 2
547 1606 41 1
547 1660 40 7
548 860 3 2
548 983 35 2
548 1311 52 2
548 1583 17 3
549 969 35 2
549 1369 43 10
550 651 47 8
550 1233 48 12
550 1362 40 12
550 1389 50 9
550 1475 5 9
551 753 39 3
551 1119 15 13
551 1197 42 1
551 1277 57 10
551 1450 36 14
551 1485 17 5
552 661 20 4
552 1405 18 6
552 1624 25 2
553 632 60 4
553 797 13 8
553 933 40 4
553 1290 46 10
553 1640 31 15
554 1277 15 2
554 1467 34 7
555 581 57 1
555 847 16 4
555 1127 42 5
556 857 56 10
556 1085 1 9
556 1093 21 8
556 1562 55 14
557 1118 36 7
557 1206 17 15
558 746 57 3
558 928 29 7
558 1152 29 15
558 1207 22 1
558 1312 49 4
558 1364 56 7
558 1498 46 11
558 1615 6 7
559 630 1 6
559 675 55 5
559 759 34 9
559 855 8 8
559 1427 23 10
559 1465 33 13
560 576 42 3
560 662 56 5
560 827 49 3
560 1304 20 2
560 1424 7 5
560 1589 23 2
560 1599 8 13
561 698 36 4
562 1459 53 12
563 1128 60 11
563 1313 34 8
563 1655 49 11
564 587 32 2
564 685 28 13
564 952 42 7
564 1379 56 13
565 664 46 2
565 1248 20 4
565 1576 5 7
565 1631 30 1
566 978 13 3
566 1008 27 4
566 1077 24 7
567 870 45 10
567 950 2 15
567 1334 32 10
568 832 27 11
568 1319 46 8
569 630 54 7
569 666 60 12
569 682 58 7
569 1038 30 3
569 1178 50 9
569 1193 23 9
569 1629 38 3
570 617 59 2
570 865 11 7
570 902 2 9
570 1323 33 9
570 1456 50 5
570 1636 50 6
571 1608 42 14
572 855 25 12
572 886 58 13
572 1435 45 11
573 649 7 14
573 695 21 11
573 793 40 12
573 1072 17 3
573 1561 5 10
573 1646 48 11
574 1153 16 14
574 1514 30 6
574 1563 9 1
575 1021 50 7
575 1054 34 11
575 1145 36 5
575 1289 6 8
575 1329 5 6
575 1355 38 1
575 1434 59 4
576 976 35 5
576 1111 39 8
577 692 30 1
577 1234 37 9
577 1251 56 6
577 1253 11 6
578 902 42 11
578 970 26 10
578 979 38 12
578 988 44 15
578 1020 23 14
578 1239 13 9
578 1332 36 5
578 1555 34 9
579 834 39 1
579 1534 11 6
579 1597 28 3
581 1274 30 6
583 772 52 12
583 1172 18 12
584 941 33 11
584 1256 46 2
584 1618 32 12
585 624 46 10
585 1116 9 1
585 1151 30 8
585 1269 7 8
585 1319 38 1
585 1591 59 2
586 620 59 8
586 1489 21 3
587 921 24 5
587 933 2 5
587 1234 19 5
588 693 56 15
588 792 32 10
588 802 46 12
588 1041 36 9
588 1423 19 4
588 1536 10 3
589 714 7 4
589 903 33 3
589 1496 14 11
590 934 9 1
591 797 43 14
591 944 51 7
591 946 40 11
591 1114 23 15
591 1348 19 12
591 1401 8 9
592 727 25 3
593 1179 37 2
593 1277 45 9
593 1306 46 5
594 651 37 6
594 953 28 15
594 964 49 1
594 1076 41 5
594 1164 12 4
594 1500 23 14
594 1554 19 12
595 834 19 8
595 873 42 15
595 947 54 4
595 1237 31 2
595 1467 30 2
595 1615 49 5
595 1641 52 15
596 818 11 12
596 1155 58 1
597 670 31 2
597 744 33 13
597 862 43 13
597 1545 47 12
598 842 41 8
598 1240 53 2
598 1666 16 8
599 657 43 1
599 721 35 3
599 1291 46 6
599 1351 57 13
599 1430 60 4
599 1441 17 2
600 677 46 13
600 727 26 5
600 743 33 5
600 1491 22 8
601 1008 20 5
601 1055 23 9
602 903 21 5
602 1070 44 9
602 1195 4 13
602 1227 45 3
602 1542 16 1
603 916 35 10
603 1015 5 6
603 1261 23 7
603 1330 39 7
603 1568 41 8
604 1198 7 10
605 878 45 12
605 1534 54 11
606 621 53 4
606 630 45 15
606 853 28 13
606 1253 32 1
606 1346 26 10
606 1614 15 1
606 1639 31 8
606 1656 12 11
607 768 2 14
607 970 50 3
607 1105 29 3
607 1472 1 7
607 1531 25 9
607 1550 50 3
608 845 21 1
609 714 45 10
609 1095 23 3
609 1557 31 8
610 818 37 13
610 915 58 2
610 1010 8 10
610 1291 12 8
610 1394 57 4
610 1479 34 10
611 891 8 11
611 921 60 10
611 976 4 9
611 1063 22 14
611 1335 23 2
611 1465 37 1
612 682 21 1
612 685 25 10
612 690 34 8
612 737 38 11
612 832 58 13
612 1172 59 4
612 1549 53 13
613 776 58 7
613 952 46 6
613 1009 15 1
613 1299 42 9
613 1359 2 1
613 1527 50 15
613 1580 29 2
613 1641 33 3
614 1073 24 6
614 1183 28 15
615 738 31 12
615 758 53 13
615 1316 55 1
616 917 49 9
616 1192 51 10
616 1300 8 9
616 1328 7 14
616 1439 28 11
617 846 16 15
617 1351 58 4
618 908 16 10
618 914 24 4
618 1004 48 11
618 1381 33 11
619 640 60 11
619 716 58 7
619 849 31 1
619 1050 17 9
619 1120 60 7
619 1220 31 7
620 741 45 9
620 757 9 2
620 848 32 8
620 873 50 12
620 956 28 3
620 1069 52 13
620 1407 4 10
620 1541 7 3
621 849 54 9
621 1054 11 13
622 771 38 2
622 1146 39 13
622 1487 17 9
623 791 21 4
623 858 39 14
623 1030 41 6
623 1387 10 7
623 1560 60 14
624 842 54 13
624 1196 22 9
624 1539 9 9
625 627 38 7
626 803 18 7
627 714 27 9
627 1152 47 15
627 1188 53 14
627 1467 58 14
628 792 2 7
628 1031 8 5
628 1042 44 5
629 778 54 3
629 851 50 7
629 920 12 9
629 1473 37 10
629 1627 33 12
630 1358 14 5
630 1430 11 7
630 1548 54 3
630 1596 45 15
631 919 56 13
631 1036 26 7
631 1040 45 15
631 1653 11 4
632 773 46 3
632 866 36 12
632 914 5 12
632 958 46 10
632 1046 6 15
632 1221 18 3
633 874 30 5
633 1001 18 10
633 1235 50 4
633 1462 14 2
633 1639 7 5
634 834 10 3
634 1018 23 3
634 1163 36 14
635 878 29 2
635 1172 12 3
635 1339 39 14
636 1023 15 9
636 1277 35 7
636 1345 56 7
636 1441 40 15
636 1496 21 4
636 1563 24 7
637 828 40 9
637 1082 13 2
637 1176 13 4
637 1490 55 13
637 1497 4 7
637 1569 58 8
637 1662 45 13
638 1126 31 14
638 1431 3 13
639 770 40 5
639 1149 10 6
639 1440 30 3
639 1554 33 11
639 1640 40 6
640 725 12 9
640 1088 18 2
640 1313 5 7
640 1489 50 3
640 1603 39 3
641 706 56 11
641 867 50 6
641 1215 60 15
641 1479 21 15
642 789 25 12
642 938 14 8
642 1275 19 11
642 1547 43 7
642 1549 47 4
642 1561 29 8
643 771 24 6
643 1228 1 8
643 1362 40 10
643 1430 59 4
643 1469 17 8
644 751 3 12
644 1194 30 13
644 1407 50 11
645 1089 55 10
645 1102 34 5
645 1195 30 9
645 1280 59 6
645 1312 52 2
645 1373 30 13
646 727 28 12
646 1181 2 14
646 1434 29 12
648 778 41 12
648 1229 40 15
648 1654 44 14
649 691 58 7
649 907 12 9
649 908 17 14
649 1508 25 15
649 1624 17 8
650 1589 51 13
651 657 5 6
652 1193 58 4
652 1240 23 14
653 1263 59 2
654 783 9 10
654 915 27 1
654 1371 6 11
654 1610 33 6
655 692 34 10
655 736 50 10
655 802 7 6
655 1040 51 2
655 1066 45 9
656 1235 7 3
656 1491 23 4
656 1651 2 11
657 733 44 13
658 1049 49 7
658 1277 39 4
658 1607 44 14
659 813 21 8
659 1052 8 2
659 1062 14 5
659 1161 35 9
659 1181 30 15
659 1524 31 14
659 1611 49 9
660 696 10 13
660 740 30 5
660 1453 49 10
661 966 40 13
662 790 48 10
662 1071 20 12
662 1449 24 8
662 1661 46 12
663 672 35 5
663 1115 58 7
663 1219 14 10
663 1309 52 6
664 901 46 6
664 968 27 10
664 1258 39 8
664 1359 8 15
664 1393 59 13
664 1512 8 15
665 1423 23 4
665 1530 22 5
665 1551 56 6
666 1128 47 10
666 1214 41 7
666 1470 22 14
666 1628 9 3
667 743 24 14
667 1054 32 11
667 1196 21 13
667 1471 18 13
668 732 42 15
668 772 38 14
668 1351 42 14
669 732 4 9
669 845 30 12
669 915 38 2
669 1309 20 3
669 1351 59 1
669 1460 45 7
670 751 12 12
670 1180 1 8
671 900 57 7
671 1055 38 14
671 1361 58 9
672 1062 48 15
673 1074 12 4
673 1102 21 13
674 706 12 1
674 1345 14 7
675 682 22 3
675 755 48 2
675 834 28 7
676 1184 59 3
677 688 26 2
677 925 21 11
677 927 31 11
677 977 7 11
677 1008 15 11
677 1096 34 8
677 1161 1 1
677 1452 15 6
678 794 52 10
678 1219 22 15
678 1378 1 8
678 1386 53 4
678 1594 18 10
678 1637 52 13
679 1321 50 9
680 852 44 15
680 856 26 4
680 961 45 11
680 1209 4 11
680 1277 31 3
681 1322 50 14
681 1369 23 5
681 1376 16 13
681 1504 3 10
682 829 52 2
682 1034 12 8
683 899 41 9
684 764 38 13
684 875 13 11
684 1250 34 5
685 788 53 5
685 1518 22 15
686 732 41 1
686 841 58 5
686 964 14 5
686 1058 7 12
686 1630 52 11
687 905 13 10
687 1078 2 8
687 1266 55 1
688 792 7 15
688 799 40 8
688 1289 36 15
689 824 10 4
689 837 25 12
689 1092 40 9
689 1286 36 14
690 815 12 3
690 869 46 7
690 924 47 7
690 1091 30 3
690 1147 57 14
690 1592 37 13
691 753 44 4
691 1443 58 13
691 1494 41 13
691 1521 40 5
692 756 55 12
692 1231 42 7
693 1273 54 7
693 1494 17 7
694 889 29 9
694 975 57 12
694 1324 11 2
694 1399 1 15
695 1586 11 11
696 859 21 4
696 866 31 10
696 1293 12 9
696 1396 45 7
697 1037 50 12
698 879 33 3
698 1354 38 13
698 1620 56 9
699 773 10 15
699 1513 45 3
700 756 24 8
700 837 14 13
700 1177 42 10
700 1295 27 1
700 1521 33 11
700 1522 13 6
700 1642 28 9
701 735 5 1
701 831 43 14
701 1105 45 13
702 1127 59 12
702 1339 49 14
702 1379 59 2
703 1513 8 5
704 825 17 8
704 847 59 6
704 1389 27 1
705 901 35 8
705 1438 9 12
706 1360 38 4
707 718 37 2
707 724 25 9
707 823 36 1
707 1282 32 6
707 1653 46 5
708 885 15 10
708 965 50 8
708 1247 10 9
709 718 15 2
709 1072 60 7
709 1073 5 5
709 1354 9 12
709 1431 23 3
710 745 33 11
710 794 44 10
710 932 54 7
710 966 27 2
710 1190 59 2
711 828 52 15
712 1340 37 11
712 1458 57 14
712 1589 43 8
713 741 56 11
713 766 49 9
713 800 55 2
713 843 44 6
713 930 7 5
713 999 18 12
713 1418 41 6
714 1341 27 1
714 1415 15 13
714 1474 57 6
714 1497 10 7
715 1015 3 11
715 1185 31 6
716 967 13 3
716 1171 23 12
716 1347 31 3
716 1664 54 8
717 1640 44 10
718 872 40 3
718 1022 57 5
718 1282 49 14
718 1458 7 13
718 1554 25 9
718 1593 59 6
719 946 26 12
719 1053 56 15
719 1087 44 7
719 1088 1 8
719 1394 7 7
719 1561 41 6
720 761 17 3
720 925 25 13
720 941 8 13
721 750 44 1
721 1115 2 12
721 1200 60 11
721 1428 56 2
721 1642 10 2
722 1191 18 5
722 1469 4 6
722 1544 9 14
722 1546 9 8
722 1592 5 13
723 866 7 2
723 1626 40 8
724 889 47 14
724 950 46 10
724 1189 4 1
724 1245 23 12
725 826 21 9
726 1144 5 7
726 1387 10 5
726 1461 49 10
727 905 39 12
727 1041 38 5
727 1574 35 6
727 1661 36 9
728 1495 33 4
729 1488 12 8
729 1598 33 2
729 1643 14 14
730 996 5 14
730 1523 45 10
731 1412 10 11
731 1423 7 2
731 1483 11 12
732 823 56 12
732 1128 11 5
732 1166 12 4
732 1389 47 12
732 1637 3 13
733 1062 44 11
733 1238 14 9
733 1311 15 14
734 822 35 8
734 1091 11 4
734 1288 35 3
735 959 45 7
735 1161 1 14
735 1322 27 9
735 1450 8 1
735 1510 52 14
735 1531 56 13
737 1003 53 10
737 1426 59 2
738 1323 45 5
738 1414 48 2
738 1586 41 6
739 838 49 2
739 924 53 8
739 1110 26 1
739 1582 57 13
740 1090 29 12
740 1373 13 14
740 1547 9 13
741 1597 17 4
742 868 22 15
742 1079 30 2
742 1476 34 6
743 781 51 9
743 892 7 14
743 940 29 11
743 944 27 2
743 1389 27 14
744 913 7 5
744 932 58 4
744 1125 53 1
744 1273 26 4
745 938 7 15
745 1010 15 8
745 1164 57 2
745 1167 49 11
746 1194 32 11
746 1297 19 1
746 1635 41 15
747 1392 12 9
747 1589 48 9
748 933 1 15
748 998 54 15
748 1297 34 4
749 756 54 1
749 989 43 13
749 1364 33 6
749 1388 7 2
749 1512 35 6
749 1532 9 13
750 1501 8 12
750 1540 12 7
751 984 28 8
751 1014 41 9
751 1083 42 12
751 1105 11 15
751 1299 10 8
751 1416 3 1
752 1151 12 4
752 1195 34 2
752 1374 14 1
753 908 6 1
753 919 44 11
753 1318 36 6
753 1609 37 11
754 837 22 6
754 929 51 12
754 1156 4 12
754 1330 42 3
754 1520 8 13
755 861 58 13
755 1118 39 1
755 1316 22 13
755 1510 29 3
756 1327 35 5
757 869 8 12
757 870 17 9
757 1181 57 14
757 1407 60 3
758 1439 29 12
758 1484 17 13
758 1605 39 13
759 923 1 8
759 975 53 2
759 991 58 15
759 1440 12 9
759 1494 36 10
760 977 55 14
760 990 25 5
760 1116 46 15
760 1488 20 10
761 836 58 15
761 1058 21 11
761 1614 58 13
762 1083 45 15
762 1329 55 13
762 1404 30 5
762 1586 25 3
763 903 21 9
764 1152 22 6
764 1191 45 8
764 1635 60 11
765 889 1 5
765 1129 30 14
765 1257 3 12
765 1535 42 10
766 918 2 9
766 1033 57 9
766 1082 51 9
766 1099 10 6
766 1151 56 13
767 788 46 8
767 985 17 12
767 1058 11 5
767 1331 13 5
767 1460 27 13
768 1068 37 2
768 1139 54 11
768 1328 47 5
769 1069 12 8
769 1317 6 11
770 1261 5 11
770 1331 34 12
770 1410 13 8
770 1449 50 8
770 1540 16 7
771 1077 2 9
771 1451 53 5
772 893 38 15
772 984 37 7
772 1099 32 9
773 899 26 13
773 1235 43 4
773 1327 8 6
773 1413 42 13
774 915 12 1
774 1050 34 15
774 1237 30 14
774 1554 36 10
774 1654 22 12
775 858 31 13
775 1450 52 15
776 819 39 5
776 833 38 8
776 1052 43 4
776 1272 15 5
776 1318 43 14
776 1339 42 3
776 1509 7 11
776 1534 54 5
777 1238 32 12
777 1294 34 14
777 1492 51 15
778 994 14 2
778 1404 21 2
778 1600 29 11
779 1059 53 7
779 1469 54 5
780 922 33 4
780 1420 54 9
780 1423 45 4
780 1624 31 5
780 1655 14 9
781 847 48 7
781 1040 40 5
781 1461 13 14
782 863 20 4
782 1162 29 3
783 838 46 4
783 1231 11 13
783 1263 22 14
783 1331 7 13
783 1451 44 11
783 1578 47 14
784 787 49 15
784 1102 24 11
784 1216 50 10
784 1391 59 14
784 1444 2 9
784 1503 56 6
785 1264 51 4
785 1501 45 4
785 1535 14 8
786 1230 51 11
787 1090 52 7
787 1524 28 14
787 1578 17 11
788 805 55 13
788 887 60 5
788 1072 11 11
788 1083 2 6
788 1105 21 1
788 1572 15 6
789 1045 9 15
789 1244 21 3
789 1477 32 6
790 1145 42 9
790 1242 10 9
790 1465 52 10
791 1228 47 14
791 1335 42 12
791 1517 13 14
792 1378 10 4
792 1493 30 6
792 1665 2 5
793 1082 18 13
793 1193 8 7
793 1413 17 3
793 1593 13 3
794 810 15 10
794 990 11 3
795 1035 17 7
795 1288 22 5
795 1365 11 11
795 1459 32 9
795 1581 20 9
795 1620 37 3
796 1353 9 6
797 1650 32 7
797 1654 32 15
798 925 44 7
798 1062 37 11
798 1231 21 15
798 1566 2 14
799 828 38 1
799 1207 50 2
799 1384 22 14
799 1451 50 13
799 1465 16 9
800 1003 12 2
800 1326 2 10
800 1329 38 8
801 911 44 15
801 955 3 3
801 1144 8 3
801 1336 19 15
801 1387 17 15
802 1363 12 14
803 1112 39 2
803 1207 55 3
804 960 18 9
804 1251 38 10
804 1268 32 14
804 1478 14 14
804 1580 23 8
805 1444 35 6
806 912 13 7
806 993 58 13
807 1467 42 15
807 1590 54 11
808 1161 45 4
809 1033 18 8
810 1443 45 9
810 1534 18 14
810 1623 11 4
811 860 33 4
811 936 35 3
811 1308 46 13
812 910 14 12
812 1577 3 12
813 1064 51 5
813 1655 49 2
814 1064 6 5
814 1154 28 13
814 1379 42 2
815 1054 22 15
815 1537 42 1
816 1297 39 13
816 1314 46 10
816 1479 22 13
816 1582 40 7
817 864 2 4
817 1168 37 10
817 1192 32 3
817 1233 1 6
817 1312 29 3
817 1613 11 2
818 1562 46 14
819 917 36 13
819 1472 49 10
819 1554 27 1
819 1563 43 8
820 913 37 2
820 1237 3 8
820 1240 2 13
820 1456 44 13
821 1273 26 12
821 1328 5 9
821 1577 23 6
822 910 16 5
823 899 13 7
823 1199 28 6
823 1567 10 4
825 1240 31 8
825 1622 43 14
826 842 15 1
826 935 53 11
827 1038 29 10
827 1105 52 10
827 1131 29 11
827 1572 51 6
828 967 12 3
828 1238 21 11
828 1289 23 15
828 1389 42 3
828 1587 1 14
829 1525 18 10
829 1581 24 11
829 1660 31 6
830 880 42 14
830 945 21 8
830 1505 7 12
831 892 39 13
831 1075 2 5
831 1184 36 2
832 1123 48 14
832 1126 2 14
832 1196 51 15
832 1506 30 7
833 1123 30 11
833 1162 40 12
834 979 54 5
834 1019 60 9
834 1073 52 3
834 1215 52 11
835 927 29 4
835 1062 54 8
835 1266 13 1
836 1156 10 7
836 1450 20 3
836 1553 38 13
836 1650 48 12
837 864 28 8
837 1048 58 9
838 1184 17 3
838 1572 42 4
838 1638 10 14
839 1207 14 10
839 1454 48 10
839 1460 59 1
840 1014 21 6
840 1152 22 12
840 1261 14 14
840 1596 43 4
841 1040 6 9
841 1364 29 9
841 1371 30 8
841 1659 21 11
843 853 6 6
844 967 2 13
844 973 53 13
844 1022 36 5
844 1115 6 15
844 1258 56 9
844 1285 28 6
844 1449 27 12
845 1030 6 14
846 908 24 14
846 925 45 6
846 1252 42 2
846 1285 17 2
846 1661 22 5
847 962 37 11
848 884 2 11
848 890 55 4
848 959 21 7
848 1284 7 1
849 899 52 2
850 917 37 9
850 1004 56 5
850 1219 4 3
851 932 32 6
851 1129 48 9
851 1172 59 4
851 1426 52 11
851 1457 37 4
852 1114 50 11
852 1422 29 8
852 1430 26 5
853 1095 30 12
853 1267 34 15
853 1463 14 7
853 1580 55 15
854 882 17 1
854 933 41 1
854 1012 16 1
854 1082 40 13
854 1345 37 14
854 1487 1 7
855 1097 55 1
855 1138 52 11
855 1165 16 13
856 954 13 8
856 983 43 11
856 1021 16 2
856 1405 39 13
857 1048 25 5
857 1252 3 2
857 1358 48 15
857 1548 16 10
858 1444 26 12
859 1009 36 8
860 890 24 2
860 918 30 8
860 1017 47 11
860 1126 59 1
860 1595 8 15
861 869 31 4
861 1034 49 6
861 1086 14 14
861 1552 15 4
861 1606 43 10
862 1128 9 14
862 1599 40 5
863 1075 11 11
863 1119 23 11
863 1598 6 12
864 1498 19 11
864 1545 5 10
865 1000 42 15
865 1034 37 11
865 1336 47 10
865 1398 6 13
866 1083 8 2
866 1274 5 10
866 1321 27 5
867 1230 56 7
867 1289 50 3
867 1311 30 4
867 1407 43 3
868 967 53 3
868 1281 27 15
868 1577 58 15
869 1066 57 6
869 1132 48 15
869 1509 28 1
869 1525 38 7
870 1065 13 15
870 1384 16 13
870 1493 49 12
871 1265 5 11
871 1400 36 4
871 1475 23 1
871 1479 33 15
872 878 42 8
872 929 40 13
872 1273 14 15
872 1565 6 2
873 916 12 5
873 1149 45 8
873 1350 9 1
874 1094 5 10
874 1213 38 3
874 1538 4 7
874 1589 48 6
875 1208 16 9
875 1306 6 3
876 888 37 9
877 900 11 11
877 950 1 2
877 1194 48 13
877 1305 9 4
878 907 8 5
878 1562 58 2
878 1583 22 12
879 984 12 2
879 1197 5 9
879 1390 53 4
880 892 8 6
882 1141 43 2
882 1159 15 2
882 1212 41 6
882 1581 42 4
883 1086 15 15
884 1147 14 13
884 1405 32 1
885 1425 26 8
886 1046 24 6
887 1093 24 10
887 1316 54 1
888 893 13 3
888 1263 48 3
888 1463 22 4
889 1422 4 9
890 1405 57 4
890 1534 36 2
890 1554 33 9
890 1598 28 2
891 1427 2 3
891 1631 1 14
892 908 27 4
892 1519 26 11
893 1069 28 9
893 1441 5 3
893 1640 5 4
894 927 40 9
894 1544 41 10
895 1269 50 4
896 1055 49 6
896 1275 4 9
896 1513 56 12
897 950 13 10
897 1138 2 7
897 1179 17 12
897 1320 15 6
897 1395 57 10
898 1060 41 4
898 1193 22 3
899 955 47 13
899 1259 7 5
900 1641 45 15
900 1661 48 14
901 1460 18 9
902 1224 31 6
902 1365 57 11
904 990 52 4
904 1134 53 9
905 1016 26 7
905 1161 16 2
905 1434 33 10
906 1380 18 6
907 1479 14 9
907 1607 22 13
908 1179 51 7
908 1246 50 5
908 1651 40 1
909 1012 52 3
909 1075 57 15
909 1097 43 10
909 1503 11 4
910 1218 52 4
910 1308 8 5
910 1313 7 10
910 1322 9 13
910 1622 1 1
911 1224 41 15
912 952 8 1
912 1490 58 9
913 998 59 14
913 1189 34 1
913 1357 18 11
913 1577 27 5
914 1082 59 7
914 1627 32 13
915 1355 8 2
916 1011 18 3
916 1199 13 4
916 1365 53 11
916 1399 45 3
916 1622 44 14
917 933 29 7
917 950 48 3
917 1150 3 2
917 1559 6 5
917 1619 43 2
918 1272 55 11
918 1591 2 13
919 1145 59 5
920 994 37 3
920 1023 59 6
920 1205 12 12
920 1399 13 5
920 1430 54 14
920 1593 12 13
921 1472 60 7
922 1216 2 13
923 1047 14 11
923 1076 38 11
923 1209 52 11
923 1562 37 14
924 1265 1 6
924 1436 33 9
924 1659 14 9
925 1023 54 3
925 1025 28 13
925 1246 3 11
925 1339 16 9
926 1040 51 11
926 1235 17 9
927 1123 41 13
927 1273 15 3
927 1453 38 15
927 1486 59 11
928 1278 36 1
928 1445 52 3
929 1251 8 6
929 1261 32 11
930 1517 12 7
931 1350 45 9
931 1353 36 5
931 1410 27 4
931 1602 34 9
932 935 21 4
932 1101 9 12
932 1456 51 7
933 1213 9 3
933 1305 54 14
933 1536 40 8
933 1593 35 1
934 985 27 8
934 1029 30 10
934 1365 32 6
935 1082 17 7
935 1231 12 14
935 1455 14 13
936 1477 16 4
937 949 51 11
937 1135 54 13
938 1153 51 1
938 1258 35 3
938 1324 57 3
938 1485 19 7
938 1608 39 11
939 1024 14 14
939 1057 47 10
939 1212 13 1
939 1249 52 15
939 1289 56 11
939 1605 3 8
940 1076 5 12
940 1256 34 11
940 1541 33 8
941 1536 59 10
941 1567 9 7
941 1585 16 11
941 1646 52 4
943 1165 6 8
943 1353 30 13
943 1517 17 1
945 1612 16 11
946 1558 24 15
946 1608 5 10
947 1023 55 5
947 1042 24 11
947 1241 58 9
947 1394 51 13
948 991 28 7
948 1163 22 8
948 1381 37 14
948 1615 10 7
948 1666 26 13
949 1149 60 11
949 1189 43 14
949 1569 40 15
950 1105 17 11
950 1562 31 4
950 1607 37 14
950 1629 5 6
951 1083 46 6
951 1472 25 3
952 1379 18 3
952 1647 32 1
953 1000 60 9
953 1666 55 1
954 971 33 9
954 1192 54 15
954 1437 39 6
954 1498 27 3
954 1606 46 13
955 1473 33 6
955 1511 11 8
956 1053 6 10
956 1249 4 15
956 1371 59 2
956 1477 33 13
957 1259 5 7
957 1499 14 10
957 1520 4 10
957 1642 47 1
958 1055 30 2
958 1124 32 10
958 1157 56 15
958 1314 32 9
958 1402 45 13
958 1568 47 14
958 1642 58 8
959 1158 16 7
959 1195 23 13
959 1330 36 15
960 1438 17 5
960 1486 54 4
961 1439 56 10
962 1146 55 1
962 1513 23 5
962 1524 53 14
963 1041 51 14
963 1168 23 8
963 1365 37 1
963 1600 44 3
963 1646 14 5
964 1425 36 11
964 1655 12 6
965 1118 14 6
965 1224 2 11
965 1441 24 2
966 1004 7 4
966 1354 8 14
966 1420 41 3
966 1627 20 6
967 1024 45 14
967 1555 44 4
968 1101 24 1
968 1108 6 4
969 1028 4 8
969 1423 16 13
969 1424 22 9
970 1061 31 7
970 1181 36 11
970 1183 33 13
970 1186 17 15
970 1201 33 12
970 1396 21 13
971 1135 33 12
971 1138 45 3
971 1198 60 14
971 1439 28 14
972 1132 32 6
972 1237 37 8
972 1433 19 4
972 1438 46 8
973 1022 58 6
973 1067 6 13
973 1305 30 6
973 1472 8 13
974 1446 17 10
974 1463 2 1
974 1583 23 13
975 1042 12 7
975 1343 6 15
975 1462 13 13
976 1656 27 5
977 1257 19 14
977 1595 33 8
978 1324 42 13
978 1494 38 11
978 1628 35 2
978 1654 9 12
979 1167 49 10
979 1613 9 5
980 1268 37 1
980 1665 56 3
981 1135 20 12
981 1434 13 9
982 1101 33 7
982 1249 59 7
982 1528 9 8
983 1060 41 3
983 1214 25 13
983 1634 34 12
984 1070 9 1
984 1187 56 12
984 1337 40 7
984 1379 43 5
985 1149 32 10
985 1169 2 6
985 1282 10 4
985 1407 5 3
985 1495 50 9
986 1421 58 12
986 1482 12 9
986 1504 60 13
987 1082 22 9
987 1457 42 15
988 1636 31 11
989 1138 25 3
989 1340 4 4
989 1367 2 2
989 1407 54 12
989 1481 19 7
990 1208 2 3
990 1330 37 3
991 1057 1 14
991 1187 17 4
992 1175 6 7
992 1203 12 14
992 1251 37 12
992 1428 49 8
992 1461 6 10
993 1243 32 10
993 1358 6 7
994 1001 56 9
994 1194 34 2
994 1385 10 7
994 1506 38 10
995 1045 10 3
996 1152 59 4
996 1219 7 4
997 1182 21 2
997 1424 60 2
998 1073 47 11
998 1105 57 5
999 1289 45 9
1000 1513 29 13
1000 1593 55 7
1000 1635 60 3
1000 1658 6 9
1001 1598 43 7
1002 1184 10 15
1003 1155 9 2
1003 1258 19 13
1003 1416 38 8
1004 1101 41 5
1004 1192 38 11
1004 1221 3 4
1004 1285 10 15
1005 1063 43 5
1005 1543 60 15
1009 1163 9 14
1009 1650 59 7
1010 1085 34 8
1011 1017 31 6
1011 1140 58 6
1011 1271 56 5
1011 1445 5 3
1012 1409 24 1
1013 1069 28 1
1014 1102 14 4
1014 1177 15 3
1014 1262 47 15
1015 1209 33 11
1015 1215 24 3
1015 1262 58 5
1015 1281 28 6
1016 1266 31 4
1016 1313 48 8
1016 1568 18 8
1017 1027 52 4
1017 1035 37 12
1017 1573 15 5
1017 1619 16 5
1017 1644 42 1
1018 1062 21 12
1018 1174 40 7
1018 1601 58 11
1018 1659 14 3
1019 1464 58 3
1019 1488 10 9
1020 1107 43 9
1020 1241 59 13
1021 1516 48 3
1022 1563 55 14
1023 1655 33 3
1024 1369 31 10
1024 1523 39 7
1024 1616 43 6
1025 1260 28 2
1025 1549 56 13
1025 1559 56 11
1025 1664 57 6
1026 1307 22 10
1027 1235 55 15
1029 1124 58 1
1029 1449 26 4
1029 1510 37 13
1029 1634 10 4
1030 1125 57 14
1030 1311 6 7
1030 1486 55 10
1031 1149 53 10
1031 1340 16 7
1031 1357 8 11
1031 1561 1 8
1032 1325 52 3
1032 1560 25 5
1034 1184 27 3
1034 1287 11 15
1034 1352 19 4
1034 1555 14 13
1035 1212 43 7
1035 1347 16 12
1036 1419 27 11
1037 1317 2 6
1037 1538 53 9
1038 1075 33 11
1038 1496 11 14
1039 1263 5 15
1039 1364 7 10
1039 1585 11 6
1041 1141 57 1
1041 1553 34 2
1041 1554 43 10
1042 1098 60 10
1042 1276 1 4
1042 1398 38 1
1042 1501 58 15
1043 1201 29 1
1043 1459 20 14
1043 1562 12 12
1045 1426 29 7
1045 1491 33 6
1046 1096 54 14
1046 1132 59 11
1046 1261 56 15
1046 1318 30 13
1046 1370 27 9
1047 1179 23 14
1047 1580 12 7
1048 1049 9 12
1048 1202 25 9
1048 1296 14 9
1048 1549 20 2
1049 1073 4 11
1049 1100 10 12
1050 1597 31 10
1051 1092 26 3
1051 1226 26 7
1053 1204 13 13
1053 1219 43 5
1053 1268 13 2
1053 1443 48 14
1053 1453 41 8
1053 1543 17 4
1054 1210 56 5
1054 1369 56 13
1054 1374 4 11
1054 1472 40 8
1054 1515 41 10
1055 1083 41 12
1055 1328 35 10
1056 1240 19 12
1056 1272 51 8
1056 1547 34 12
1056 1641 54 12
1057 1356 57 8
1058 1316 30 1
1058 1497 27 13
1060 1595 44 6
1060 1635 32 5
1061 1420 48 4
1061 1567 42 14
1062 1170 11 2
1062 1383 13 10
1063 1125 5 9
1064 1140 13 1
1064 1229 43 2
1064 1350 48 9
1065 1322 4 3
1065 1613 11 10
1066 1108 22 6
1066 1275 57 7
1066 1525 4 1
1067 1074 36 15
1067 1537 8 14
1068 1459 17 9
1069 1181 35 12
1069 1305 37 10
1070 1341 4 2
1071 1364 31 2
1072 1095 46 11
1072 1206 17 9
1072 1477 4 2
1072 1630 4 13
1073 1631 38 12
1075 1269 22 9
1075 1638 17 13
1076 1146 24 2
1076 1610 22 15
1077 1079 39 7
1077 1451 44 4
1077 1649 35 7
1077 1659 8 12
1078 1417 20 3
1078 1450 34 10
1079 1244 60 12
1079 1405 58 10
1080 1525 17 2
1080 1576 20 11
1081 1265 37 12
1081 1283 19 12
1083 1149 50 5
1083 1154 50 8
1083 1322 1 8
1083 1390 53 9
1083 1494 16 12
1084 1149 11 11
1084 1598 29 3
1085 1475 16 10
1086 1157 27 15
1086 1325 22 4
1086 1634 24 12
1086 1641 49 12
1086 1666 11 12
1087 1428 23 8
1087 1552 25 15
1088 1114 54 13
1088 1460 55 13
1089 1276 16 14
1089 1388 28 1
1089 1662 43 10
1090 1364 43 10
1091 1463 32 8
1091 1544 38 3
1091 1632 30 4
1092 1241 32 6
1092 1313 34 13
1092 1522 16 6
1092 1659 16 5
1093 1269 21 8
1093 1379 47 6
1093 1563 47 14
1093 1602 29 8
1094 1172 32 3
1094 1345 36 3
1094 1428 43 2
1094 1451 45 2
1094 1489 12 6
1097 1385 28 2
1097 1541 56 1
1098 1307 8 5
1099 1200 25 5
1099 1524 38 3
1100 1243 58 9
1102 1251 19 15
1102 1472 54 7
1103 1126 56 4
1103 1254 16 9
1103 1480 38 10
1103 1624 38 15
1106 1230 51 14
1106 1236 27 6
1106 1359 15 1
1107 1120 40 9
1108 1370 53 4
1108 1412 52 15
1109 1240 19 8
1110 1341 58 7
1110 1467 43 14
1111 1151 39 1
1111 1420 9 11
1111 1472 56 8
1111 1529 56 6
1111 1598 38 9
1112 1283 18 8
1112 1289 49 1
1112 1575 41 14
1112 1600 15 10
1113 1234 50 8
1113 1328 3 4
1113 1332 9 2
1113 1446 2 3
1113 1538 15 15
1113 1577 14 4
1113 1582 54 12
1114 1182 57 2
1114 1300 5 2
1114 1619 28 4
1115 1175 17 14
1115 1257 18 2
1116 1202 7 13
1116 1236 42 14
1116 1256 35 12
1116 1537 50 13
1117 1422 13 2
1117 1473 42 1
1117 1476 24 13
1117 1605 20 2
1117 1655 31 10
1118 1465 34 13
1119 1534 9 9
1119 1552 21 1
1120 1331 18 6
1120 1666 19 14
1121 1217 50 4
1121 1235 21 5
1121 1382 2 7
1122 1227 15 2
1123 1394 12 1
1123 1629 48 6
1125 1520 40 3
1126 1130 53 13
1126 1435 45 9
1126 1495 9 13
1127 1615 43 15
1127 1632 54 11
1128 1232 23 7
1128 1481 55 6
1128 1520 22 4
1128 1539 14 5
1128 1641 50 9
1130 1482 47 2
1131 1379 18 6
1131 1543 15 10
1132 1238 51 13
1134 1183 4 6
1134 1252 45 8
1134 1627 16 7
1135 1364 38 6
1135 1372 45 4
1136 1468 24 15
1136 1477 60 2
1138 1166 56 3
1138 1317 58 10
1138 1343 27 8
1138 1611 57 9
1139 1272 6 12
1139 1540 28 12
1140 1388 9 9
1140 1502 48 13
1140 1560 27 1
1140 1633 53 5
1141 1242 48 15
1142 1178 25 9
1142 1206 50 3
1143 1423 53 15
1143 1586 29 3
1144 1219 7 6
1145 1319 14 6
1146 1289 24 13
1147 1325 27 15
1148 1339 47 14
1149 1446 2 11
1150 1160 60 13
1150 1615 12 1
1151 1511 33 9
1151 1553 57 2
1151 1579 26 2
1151 1590 43 9
1151 1647 60 14
1153 1240 50 13
1154 1275 49 10
1154 1276 5 6
1155 1372 26 1
1156 1313 3 13
1156 1457 18 5
1158 1248 30 13
1159 1327 20 15
1159 1417 22 15
1159 1482 42 4
1160 1191 37 15
1160 1607 24 9
1161 1234 4 1
1161 1273 44 15
1161 1279 20 5
1162 1317 57 2
1162 1581 16 6
1163 1255 26 12
1163 1451 8 3
1164 1254 20 14
1164 1278 23 2
1164 1531 44 4
1166 1378 4 9
1166 1385 27 15
1167 1398 26 13
1167 1402 42 11
1168 1545 25 4
1169 1309 9 2
1169 1327 21 8
1169 1480 54 7
1170 1645 19 6
1171 1279 7 1
1171 1346 21 9
1171 1449 55 8
1172 1187 60 11
1172 1578 28 12
1172 1638 37 2
1173 1206 5 11
1173 1246 55 5
1174 1341 1 4
1174 1622 9 10
1175 1295 49 4
1175 1651 30 12
1177 1536 3 11
1178 1258 40 9
1178 1545 39 15
1178 1573 16 4
1178 1594 4 8
1179 1640 58 8
1180 1577 55 2
1180 1611 48 9
1181 1385 48 4
1183 1541 28 11
1183 1619 55 1
1186 1655 21 12
1187 1466 26 13
1188 1427 19 2
1190 1595 19 13
1190 1604 20 10
1190 1620 49 7
1192 1310 48 1
1193 1615 5 2
1194 1305 58 7
1195 1225 52 4
1195 1249 36 10
1195 1423 30 1
1195 1511 33 5
1196 1284 48 15
1196 1482 38 13
1197 1288 50 9
1197 1457 16 12
1197 1492 31 5
1197 1576 47 8
1199 1259 24 15
1200 1276 16 2
1201 1282 8 15
1201 1467 57 7
1202 1593 32 2
1203 1239 50 7
1203 1265 20 2
1203 1502 21 4
1205 1592 36 1
1206 1584 16 11
1207 1352 42 5
1207 1592 12 8
1208 1379 46 14
1208 1487 1 1
1211 1322 40 14
1211 1393 6 2
1211 1643 40 10
1212 1451 39 2
1212 1631 44 10
1216 1230 33 1
1216 1295 59 8
1216 1580 9 4
1217 1414 11 5
1217 1478 51 9
1217 1602 5 14
1218 1333 44 4
1218 1534 14 13
1219 1403 57 13
1219 1517 9 1
1219 1537 25 9
1219 1538 60 13
1220 1406 42 12
1220 1442 47 7
1220 1518 37 15
1221 1566 42 6
1222 1424 1 9
1223 1359 7 6
1223 1384 10 3
1223 1636 56 9
1224 1579 2 12
1224 1630 21 4
1225 1470 57 12
1225 1574 38 4
1226 1306 42 12
1226 1443 32 14
1226 1644 51 4
1227 1501 56 14
1228 1353 1 12
1228 1387 6 11
1228 1629 12 2
1228 1633 46 3
1229 1270 8 13
1230 1366 51 3
1231 1321 31 11
1232 1522 53 12
1232 1555 23 15
1234 1528 4 1
1234 1546 51 12
1235 1384 5 13
1236 1485 26 4
1237 1282 20 3
1237 1451 4 3
1237 1494 38 4
1238 1379 2 13
1238 1442 32 7
1239 1420 23 8
1239 1472 18 7
1239 1643 55 9
1240 1303 52 2
1240 1321 31 9
1240 1358 9 15
1240 1485 43 7
1241 1344 8 1
1241 1457 50 15
1241 1619 54 13
1241 1658 30 1
1242 1299 39 9
1242 1561 9 1
1242 1617 54 1
1243 1328 56 11
1244 1298 53 6
1244 1550 60 12
1246 1426 49 7
1246 1457 46 9
1246 1526 19 15
1247 1369 6 10
1249 1334 56 7
1249 1525 8 12
1250 1255 47 15
1250 1421 33 11
1250 1508 24 15
1253 1268 22 3
1253 1410 21 9
1255 1308 29 12
1255 1429 21 2
1255 1491 29 1
1255 1575 22 11
1256 1514 43 2
1256 1618 21 15
1257 1583 30 6
1257 1603 49 3
1257 1652 33 15
1259 1351 10 2
1260 1430 58 4
1260 1474 33 11
1260 1554 60 5
1262 1388 18 7
1262 1522 31 9
1264 1529 49 7
1265 1356 52 12
1265 1571 42 8
1265 1583 34 6
1267 1269 3 12
1267 1310 19 13
1268 1560 5 12
1269 1397 20 8
1269 1618 15 10
1270 1296 11 15
1270 1600 25 6
1270 1613 18 6
1271 1306 47 12
1271 1323 27 15
1272 1594 6 14
1273 1294 1 14
1273 1522 41 6
1274 1309 60 13
1275 1387 47 4
1276 1597 33 6
1279 1316 47 5
1279 1507 27 3
1280 1303 55 14
1280 1402 41 12
1280 1413 18 11
1281 1363 35 12
1281 1629 32 13
1282 1370 22 9
1284 1348 52 11
1284 1573 29 13
1284 1591 25 7
1285 1433 32 4
1286 1407 45 8
1288 1556 42 14
1289 1487 32 9
1289 1543 28 6
1290 1492 55 5
1290 1500 21 10
1290 1579 3 5
1291 1660 56 5
1292 1318 41 10
1293 1369 22 1
1294 1637 5 3
1294 1665 19 7
1295 1474 30 13
1295 1550 18 6
1298 1323 31 5
1299 1332 21 6
1299 1566 34 6
1300 1488 14 15
1301 1336 47 13
1302 1387 27 10
1302 1573 18 3
1302 1584 58 10
1303 1377 7 2
1303 1512 6 8
1304 1330 20 10
1305 1485 55 10
1305 1616 3 7
1306 1608 39 5
1306 1616 15 7
1307 1421 30 3
1308 1362 48 11
1308 1365 3 14
1309 1382 16 1
1311 1360 23 5
1311 1611 8 14
1311 1633 13 1
1311 1652 59 13
1312 1319 6 5
1312 1515 55 8
1313 1470 40 4
1313 1602 12 13
1314 1486 52 9
1315 1350 28 9
1319 1325 48 15
1321 1517 59 12
1321 1612 3 1
1322 1416 2 7
1322 1520 42 2
1323 1346 17 8
1323 1467 55 5
1323 1533 39 3
1324 1484 30 15
1324 1576 29 12
1325 1332 26 14
1325 1473 54 3
1325 1582 43 5
1326 1470 40 5
1329 1642 12 4
1331 1513 33 4
1333 1363 36 11
1333 1601 9 15
1333 1633 7 10
1334 1456 1 5
1334 1548 50 9
1334 1643 29 5
1335 1639 21 14
1336 1450 30 15
1338 1413 42 8
1339 1409 15 15
1339 1592 8 13
1340 1631 50 7
1343 1428 31 15
1343 1650 19 10
1344 1372 20 3
1344 1552 32 12
1344 1610 59 8
1345 1636 35 1
1346 1394 52 4
1346 1495 52 7
1347 1425 21 9
1347 1440 25 15
1347 1462 18 14
1347 1604 49 5
1348 1508 34 1
1350 1550 29 15
1350 1560 5 12
1350 1596 37 10
1352 1437 56 13
1352 1476 10 13
1353 1401 58 15
1354 1369 50 5
1356 1453 50 11
1356 1474 15 10
1356 1484 5 8
1358 1555 18 7
1358 1656 28 6
1359 1657 2 3
1360 1644 19 7
1363 1557 29 13
1364 1432 60 8
1364 1555 19 4
1364 1617 59 5
1367 1382 12 6
1367 1439 7 3
1370 1424 26 3
1370 1596 16 8
1371 1513 14 15
1372 1421 3 14
1375 1430 17 6
1377 1424 21 8
1377 1498 43 14
1377 1598 52 7
1380 1390 56 12
1382 1522 17 14
1383 1401 56 15
1383 1462 58 9
1384 1480 38 3
1384 1583 37 13
1387 1625 26 4
1388 1420 51 8
1388 1596 26 6
1388 1629 6 14
1389 1475 26 7
1392 1464 34 7
1392 1480 49 13
1395 1508 11 12
1395 1606 44 15
1396 1576 33 5
1396 1577 24 15
1397 1548 27 5
1397 1583 46 6
1399 1470 1 10
1401 1536 20 12
1401 1567 12 2
1402 1557 55 9
1403 1435 44 15
1404 1409 20 12
1405 1563 10 15
1413 1541 21 11
1413 1614 35 11
1414 1417 30 8
1414 1540 38 8
1415 1422 12 3
1415 1503 55 1
1415 1573 45 12
1416 1466 41 5
1416 1586 17 13
1420 1480 43 9
1422 1666 18 15
1423 1519 41 4
1426 1593 49 13
1426 1645 56 12
1427 1442 9 3
1427 1483 49 2
1427 1661 25 5
1428 1568 57 2
1429 1561 22 14
1429 1614 59 5
1430 1461 33 14
1430 1639 12 12
1431 1481 27 15
1432 1616 38 1
1433 1514 15 12
1433 1557 46 3
1435 1655 60 6
1440 1594 60 7
1446 1469 3 6
1446 1553 8 8
1448 1494 46 12
1448 1629 16 5
1448 1630 57 4
1449 1606 47 14
1450 1574 59 8
1451 1564 4 11
1451 1574 35 7
1451 1577 4 6
1451 1654 4 15
1453 1653 60 13
1454 1564 32 4
1455 1504 60 15
1455 1640 24 9
1458 1514 50 14
1458 1520 50 5
1459 1617 10 15
1461 1530 56 7
1462 1545 57 6
1463 1610 40 6
1463 1626 11 4
1464 1492 24 9
1465 1544 58 2
1466 1502 33 11
1467 1516 29 11
1470 1592 33 2
1471 1502 17 1
1471 1597 54 14
1472 1529 22 8
1473 1477 26 14
1474 1517 26 2
1474 1623 5 1
1477 1529 32 15
1478 1582 53 15
1479 1572 32 8
1480 1555 28 7
1482 1492 37 1
1483 1586 6 15
1483 1590 58 8
1485 1662 1 3
1489 1656 27 12
1491 1517 1 11
1493 1617 6 11
1493 1646 15 15
1494 1499 26 6
1494 1604 32 7
1494 1650 50 8
1495 1498 41 7
1497 1576 1 12
1497 1634 37 2
1498 1536 57 14
1498 1659 7 15
1501 1529 9 1
1501 1533 10 5
1501 1601 12 12
1502 1559 14 1
1503 1558 39 3
1507 1511 58 14
1508 1637 36 15
1510 1599 33 13
1516 1532 14 5
1516 1617 49 14
1518 1652 7 10
1523 1628 37 14
1524 1607 55 3
1525 1635 6 4
1526 1616 57 8
1527 1568 39 11
1530 1629 37 12
1530 1655 42 2
1531 1577 41 5
1536 1647 60 3
1541 1547 19 9
1542 1652 55 4
1545 1557 53 14
1548 1661 53 9
1554 1581 38 5
1555 1635 38 1
1556 1654 53 4
1557 1586 53 6
1559 1590 31 2
1562 1646 33 5
1563 1633 15 11
1569 1655 38 5
1573 1634 46 5
1574 1597 59 5
1574 1656 28 5
1577 1620 31 1
1579 1601 51 8
1580 1592 49 8
1581 1621 16 4
1581 1652 28 12
1585 1661 29 14
1589 1654 30 11
1597 1617 56 3
1602 1662 43 6
1607 1633 7 8
1615 1648 24 6
1618 1656 34 14
1624 1639 48 1
1633 1642 50 7
1640 1660 3 4

0 2 39
1 9 20
2 11 47
3 18 12
4 26 36
5 31 1
6 38 38
7 56 49
8 71 41
9 88 12
10 98 33
11 112 41
12 114 3
13 124 37
14 136 17
15 140 29
16 141 8
17 145 26
18 150 14
19 158 27
20 161 35
21 166 13
22 173 10
23 184 7
24 188 10
25 199 37
26 225 6
27 226 14
28 244 50
29 249 24
30 261 27
31 268 36
32 275 17
33 290 39
34 309 18
35 311 50
36 333 20
37 361 21
38 404 44
39 432 40
40 439 37
41 444 12
42 448 26
43 449 48
44 465 18
45 494 50
46 508 33
47 518 40
48 520 13
49 522 7
50 523 9
51 527 19
52 528 6
53 534 5
54 540 1
55 569 7
56 573 24
57 579 44
58 589 26
59 599 22
60 615 41
61 617 31
62 618 14
63 626 6
64 637 8
65 660 14
66 672 25
67 682 42
68 685 4
69 692 21
70 698 41
71 718 49
72 744 13
73 754 29
74 763 47
75 773 22
76 784 22
77 785 26
78 805 26
79 832 11
80 843 8
81 858 45
82 862 26
83 878 10
84 882 34
85 884 18
86 886 45
87 910 31
88 943 38
89 967 27
90 974 26
91 978 26
92 985 18
93 996 28
94 1006 34
95 1026 50
96 1027 23
97 1034 6
98 1068 30
99 1079 18
100 1093 25
101 1094 28
102 1111 22
103 1112 32
104 1113 38
105 1123 43
106 1145 22
107 1151 14
108 1158 40
109 1178 28
110 1184 35
111 1191 5
112 1223 44
113 1247 44
114 1248 31
115 1250 23
116 1251 15
117 1257 3
118 1273 41
119 1278 12
120 1280 3
121 1307 21
122 1314 22
123 1337 24
124 1339 9
125 1345 25
126 1351 41
127 1376 44
128 1377 39
129 1382 21
130 1388 41
131 1394 28
132 1396 10
133 1401 8
134 1406 4
135 1414 6
136 1420 11
137 1421 9
138 1422 11
139 1423 16
140 1429 27
141 1436 29
142 1440 47
143 1452 33
144 1458 5
145 1471 46
146 1476 12
147 1477 9
148 1482 25
149 1488 14
150 1499 6
151 1506 31
152 1514 40
153 1545 36
154 1557 31
155 1566 1
156 1570 36
157 1583 19
158 1584 23
159 1589 15
160 1610 40
161 1616 34
162 1636 33
163 1641 12
164 1642 24
165 1647 49
166 1666 33
