1467 5859 146 8

0 30 6192
1 60 12119
2 90 17790
3 120 23212
4 150 28393
5 180 33342
6 210 38066
7 240 42573

0 8363
1 4186
2 9312
3 6240
4 6495
5 7099
6 8873
7 5163
8 9175
9 6288
10 8793
11 7796
12 8335
13 7902
14 7125
15 4956
16 6415
17 6038
18 8188
19 10269
20 10141
21 8897
22 6833
23 9913
24 6543
25 5936
26 8499
27 5351
28 8864
29 6196
30 8468
31 9470
32 7455
33 9255
34 6662
35 4827
36 7486
37 8523
38 7975
39 8191
40 7995
41 6889
42 6111
43 5992
44 5688
45 6826
46 8074
47 7794
48 6808
49 7543
50 7074
51 6218
52 7166
53 7020
54 4647
55 6575
56 5380
57 5759
58 6239
59 8920
60 6032
61 5751
62 10008
63 8033
64 10751
65 8355
66 8318
67 8610
68 6988
69 5490
70 7299
71 7569
72 6865
73 5851
74 7228
75 7925
76 5740
77 8985
78 7612
79 7989
80 6195
81 6284
82 8804
83 6502
84 9606
85 5776
86 7590
87 8255
88 7120
89 7501
90 7289
91 7917
92 5924
93 6568
94 6840
95 9521
96 7262
97 5124
98 6231
99 8294
100 7190
101 7878
102 7970
103 7017
104 6191
105 7694
106 8174
107 5551
108 8261
109 4801
110 6311
111 8019
112 8418
113 6128
114 6728
115 8058
116 5417
117 5730
118 6462
119 6604
120 7277
121 8603
122 8369
123 7262
124 7919
125 6654
126 9221
127 7673
128 7164
129 5385
130 6281
131 6887
132 5665
133 7039
134 6293
135 10978
136 7156
137 6633
138 9153
139 8608
140 7209
141 5847
142 5983
143 8965
144 7664
145 6926
146 8118
147 5934
148 8941
149 7074
150 5991
151 8012
152 8102
153 8304
154 6880
155 6799
156 8216
157 8416
158 7662
159 6812
160 9019
161 7548
162 6240
163 8910
164 8882
165 7540
166 7141
167 5734
168 7935
169 7620
170 5445
171 6378
172 7804
173 8098
174 9072
175 5671
176 7623
177 6433
178 6109
179 8149
180 7731
181 7658
182 8160
183 8203
184 7930
185 7478
186 8398
187 8228
188 9076
189 6414
190 7029
191 8160
192 9656
193 7809
194 6187
195 6814
196 7471
197 6493
198 7414
199 6457
200 6857
201 5635
202 5497
203 8323
204 5791
205 6532
206 7073
207 8613
208 7070
209 3753
210 9026
211 7710
212 7729
213 8207
214 8758
215 7769
216 7919
217 6252
218 9414
219 8166
220 6330
221 6396
222 7822
223 5962
224 7347
225 8184
226 9555
227 8768
228 8229
229 7059
230 7676
231 5836
232 7658
233 6675
234 8766
235 6349
236 7771
237 7428
238 8396
239 4440
240 6175
241 9197
242 6795
243 7412
244 5652
245 10198
246 6692
247 8125
248 8625
249 9426
250 8410
251 8607
252 7212
253 7088
254 5351
255 5686
256 5363
257 7692
258 6938
259 8415
260 6712
261 6655
262 5326
263 5685
264 8961
265 7804
266 7324
267 6178
268 7748
269 7548
270 8710
271 8572
272 7252
273 7335
274 6420
275 5337
276 7834
277 10267
278 7994
279 8314
280 7051
281 6356
282 8905
283 6005
284 9477
285 8618
286 5663
287 5208
288 6988
289 7650
290 7530
291 7411
292 7990
293 8938
294 6680
295 7962
296 7402
297 9255
298 7825
299 7018
300 9162
301 8076
302 8186
303 9126
304 7160
305 6696
306 7779
307 7383
308 6768
309 6278
310 8154
311 7214
312 6855
313 7618
314 7131
315 7484
316 7641
317 5934
318 8657
319 7770
320 7491
321 8369
322 8016
323 6524
324 7096
325 8091
326 7250
327 6153
328 7970
329 7881
330 6963
331 9096
332 7243
333 7476
334 5904
335 8825
336 8262
337 7108
338 6672
339 10279
340 6024
341 9703
342 6535
343 8696
344 7546
345 6935
346 7402
347 9333
348 6915
349 5826
350 6142
351 9007
352 6445
353 7394
354 6943
355 8296
356 8458
357 9265
358 10721
359 7613
360 6859
361 7128
362 7479
363 8685
364 8318
365 5819
366 9050
367 9808
368 6107
369 7901
370 9292
371 7990
372 7310
373 9769
374 7498
375 7849
376 6206
377 9168
378 4991
379 5896
380 7796
381 6134
382 5781
383 5377
384 7057
385 10036
386 7589
387 7170
388 9516
389 6247
390 6401
391 7349
392 7742
393 7369
394 9291
395 11071
396 6066
397 7564
398 7670
399 7073
400 9278
401 6981
402 6523
403 11570
404 8092
405 6112
406 5905
407 7886
408 6096
409 7488
410 8058
411 8894
412 6317
413 8124
414 8094
415 6501
416 6221
417 9610
418 6956
419 6568
420 4756
421 7164
422 8997
423 6951
424 10221
425 8029
426 6995
427 7859
428 8416
429 10157
430 8389
431 7698
432 8287
433 7285
434 6358
435 8448
436 5477
437 7808
438 7427
439 5933
440 7343
441 6643
442 8328
443 6014
444 8102
445 7355
446 7137
447 7359
448 8511
449 7890
450 8532
451 7999
452 9173
453 6654
454 7536
455 9887
456 7320
457 8346
458 8823
459 8749
460 7187
461 7754
462 7291
463 8683
464 7585
465 7246
466 4868
467 8604
468 6444
469 6797
470 7221
471 5571
472 8195
473 6572
474 7123
475 5992
476 7096
477 7747
478 7797
479 6215
480 10677
481 7489
482 5868
483 5280
484 8621
485 7727
486 8125
487 7582
488 8068
489 7272
490 7119
491 8066
492 7881
493 5776
494 9473
495 7221
496 7543
497 9564
498 6049
499 5441
500 8687
501 7435
502 6124
503 7904
504 6883
505 8444
506 5768
507 4456
508 7522
509 7291
510 6723
511 7652
512 7330
513 7880
514 7134
515 5740
516 7134
517 6336
518 6122
519 9003
520 9396
521 8277
522 8342
523 5457
524 8662
525 8544
526 7563
527 6583
528 6563
529 8067
530 7366
531 6316
532 6955
533 4229
534 3871
535 9783
536 8330
537 8586
538 8959
539 7485
540 9920
541 6414
542 6897
543 6781
544 4706
545 6486
546 6397
547 8055
548 7186
549 10917
550 7463
551 7904
552 7629
553 7341
554 9791
555 7685
556 6251
557 7249
558 8572
559 8435
560 9101
561 8153
562 8423
563 9690
564 7676
565 6963
566 5723
567 6475
568 8418
569 6582
570 7482
571 5703
572 6289
573 8415
574 9619
575 7801
576 7203
577 7628
578 4694
579 7021
580 4655
581 6658
582 7988
583 7406
584 8308
585 7223
586 8357
587 8404
588 6001
589 7009
590 6419
591 7659
592 7716
593 7268
594 9325
595 8374
596 7248
597 8315
598 6877
599 7122
600 8835
601 5647
602 7194
603 7081
604 9106
605 7421
606 8232
607 6642
608 7296
609 6675
610 9302
611 5786
612 7875
613 7104
614 7255
615 6873
616 8756
617 6717
618 5913
619 7757
620 9068
621 9010
622 7106
623 6130
624 7058
625 7290
626 6772
627 6497
628 7722
629 7153
630 11218
631 8817
632 7476
633 6549
634 7590
635 7545
636 6536
637 7893
638 7145
639 7087
640 5639
641 7506
642 6726
643 6762
644 8264
645 8120
646 7765
647 8734
648 7438
649 6799
650 8790
651 6987
652 9442
653 6437
654 8645
655 7082
656 5886
657 6017
658 5989
659 7419
660 8703
661 7473
662 7907
663 8280
664 8190
665 8113
666 8197
667 7820
668 7066
669 10217
670 8643
671 5968
672 7132
673 10098
674 6009
675 7395
676 7766
677 5809
678 7145
679 7355
680 8945
681 6891
682 7818
683 8036
684 8540
685 7951
686 6852
687 6052
688 7123
689 6016
690 5942
691 8498
692 8889
693 8242
694 7597
695 6532
696 10764
697 7719
698 4902
699 9246
700 7225
701 7621
702 5891
703 7959
704 8723
705 8726
706 7623
707 6792
708 10226
709 7910
710 6221
711 7623
712 7890
713 7690
714 8760
715 4531
716 8844
717 6748
718 8324
719 6955
720 8344
721 7693
722 8192
723 7565
724 6361
725 8094
726 6870
727 9615
728 7218
729 7114
730 6236
731 8280
732 7102
733 8193
734 7146
735 6406
736 7295
737 8254
738 7063
739 7249
740 9278
741 9278
742 5938
743 6176
744 8199
745 7003
746 8590
747 5727
748 6359
749 8238
750 4918
751 8833
752 6490
753 8406
754 6768
755 7332
756 9284
757 10215
758 8229
759 6145
760 6302
761 6875
762 8304
763 8584
764 9536
765 8022
766 8342
767 8664
768 6449
769 7395
770 4947
771 8878
772 7943
773 4813
774 8559
775 6931
776 5870
777 8252
778 8276
779 7266
780 8464
781 6374
782 6871
783 7079
784 6240
785 7086
786 7003
787 6133
788 7125
789 10893
790 8003
791 7989
792 7345
793 9845
794 8149
795 8129
796 7820
797 7440
798 9742
799 5716
800 5938
801 9225
802 9125
803 6635
804 6053
805 7789
806 8801
807 5908
808 7799
809 8633
810 8410
811 7050
812 5651
813 9289
814 7685
815 7547
816 8997
817 8516
818 8919
819 6939
820 8851
821 11604
822 5922
823 8419
824 6473
825 6083
826 6827
827 7460
828 7353
829 7477
830 6643
831 7396
832 5379
833 7580
834 7632
835 7031
836 8330
837 7137
838 8994
839 7848
840 6568
841 7484
842 6765
843 8984
844 7098
845 10043
846 7186
847 7888
848 6830
849 8116
850 6292
851 8363
852 8522
853 8265
854 5872
855 7158
856 8184
857 6563
858 6805
859 6027
860 7369
861 4484
862 8788
863 7602
864 5049
865 10416
866 6455
867 8432
868 8868
869 6382
870 7627
871 5287
872 9353
873 7821
874 7557
875 6194
876 7073
877 6721
878 7410
879 6643
880 5737
881 8223
882 6690
883 8297
884 7223
885 8041
886 8495
887 9072
888 8124
889 7450
890 8181
891 6969
892 8302
893 8735
894 5638
895 5132
896 7902
897 7269
898 8166
899 9683
900 5737
901 6419
902 8086
903 8345
904 10381
905 7832
906 5821
907 8059
908 5990
909 7202
910 6553
911 6339
912 8212
913 7764
914 6748
915 6524
916 9733
917 8001
918 7548
919 6178
920 5350
921 9697
922 7683
923 9067
924 5728
925 8070
926 7833
927 9798
928 5757
929 9002
930 5677
931 8065
932 8205
933 7043
934 6791
935 6767
936 6432
937 5512
938 5267
939 7266
940 9505
941 6967
942 7324
943 5531
944 7870
945 6662
946 7639
947 8189
948 6731
949 6743
950 6244
951 7162
952 8425
953 8816
954 8221
955 9417
956 7568
957 7384
958 8089
959 7130
960 7912
961 9204
962 6726
963 5865
964 6466
965 6365
966 6829
967 9683
968 7710
969 5283
970 9119
971 8536
972 9525
973 8614
974 7339
975 7985
976 6827
977 7025
978 7210
979 7066
980 8037
981 6812
982 4928
983 6216
984 7127
985 6452
986 7768
987 5602
988 6224
989 6587
990 7126
991 9498
992 8777
993 7088
994 8257
995 5883
996 6232
997 6498
998 7692
999 6779
1000 7207
1001 8628
1002 7793
1003 9141
1004 6374
1005 9136
1006 7830
1007 9588
1008 8554
1009 7775
1010 6699
1011 7343
1012 7017
1013 7748
1014 7125
1015 8387
1016 6888
1017 6339
1018 5397
1019 5559
1020 8604
1021 7090
1022 5499
1023 7953
1024 6330
1025 7123
1026 6021
1027 8445
1028 6652
1029 8340
1030 5976
1031 7333
1032 7595
1033 5389
1034 7851
1035 8182
1036 6884
1037 7414
1038 8231
1039 6733
1040 6278
1041 8413
1042 8130
1043 8561
1044 7000
1045 6951
1046 9454
1047 7422
1048 6107
1049 8441
1050 8152
1051 9172
1052 7145
1053 8323
1054 8901
1055 8471
1056 7981
1057 7848
1058 6737
1059 6523
1060 8972
1061 8499
1062 7573
1063 6677
1064 7921
1065 8226
1066 6261
1067 7316
1068 7536
1069 9546
1070 6990
1071 5461
1072 7358
1073 7807
1074 5972
1075 8508
1076 7032
1077 7949
1078 7508
1079 6105
1080 6682
1081 7294
1082 8028
1083 7627
1084 7542
1085 7197
1086 5028
1087 5893
1088 5475
1089 9212
1090 9606
1091 5577
1092 6356
1093 5112
1094 7856
1095 7935
1096 6242
1097 7445
1098 7852
1099 7526
1100 8801
1101 7785
1102 9002
1103 7098
1104 6530
1105 6957
1106 7777
1107 5690
1108 8605
1109 6543
1110 9065
1111 7393
1112 9357
1113 8652
1114 8324
1115 5688
1116 7876
1117 8468
1118 6363
1119 7524
1120 4991
1121 7083
1122 6428
1123 6946
1124 8212
1125 7867
1126 6220
1127 7568
1128 7144
1129 4620
1130 9605
1131 6896
1132 7827
1133 7912
1134 9267
1135 7470
1136 6272
1137 6809
1138 6970
1139 6303
1140 7974
1141 5675
1142 6307
1143 7738
1144 7769
1145 7029
1146 6477
1147 7101
1148 7265
1149 5952
1150 5797
1151 6588
1152 9786
1153 8313
1154 7449
1155 9026
1156 6506
1157 7735
1158 8077
1159 8913
1160 8459
1161 6826
1162 7492
1163 4515
1164 6601
1165 5872
1166 8763
1167 6474
1168 7587
1169 4773
1170 8501
1171 9188
1172 7324
1173 7027
1174 9015
1175 8180
1176 8397
1177 7687
1178 5421
1179 7098
1180 7817
1181 9578
1182 5426
1183 8291
1184 9273
1185 8848
1186 8497
1187 7206
1188 8905
1189 8453
1190 5811
1191 7614
1192 5734
1193 7549
1194 7587
1195 8965
1196 9997
1197 7787
1198 7136
1199 9223
1200 7680
1201 6351
1202 8521
1203 7065
1204 5622
1205 5844
1206 7618
1207 7657
1208 6819
1209 8158
1210 7910
1211 8551
1212 9215
1213 8723
1214 7765
1215 6811
1216 7872
1217 6873
1218 6626
1219 6604
1220 7700
1221 6887
1222 9385
1223 8045
1224 7159
1225 5109
1226 6257
1227 8133
1228 9515
1229 6855
1230 7642
1231 7985
1232 6249
1233 8074
1234 6248
1235 8299
1236 8689
1237 8777
1238 9677
1239 8065
1240 8294
1241 8686
1242 8317
1243 6371
1244 7573
1245 5092
1246 7587
1247 6454
1248 8330
1249 7601
1250 8434
1251 9165
1252 6806
1253 8164
1254 5624
1255 8501
1256 8253
1257 7880
1258 7868
1259 6323
1260 7419
1261 7085
1262 6115
1263 8832
1264 10248
1265 9255
1266 6751
1267 9110
1268 7667
1269 6770
1270 7690
1271 6069
1272 8588
1273 8545
1274 6706
1275 6386
1276 8017
1277 7351
1278 6535
1279 7764
1280 8534
1281 8820
1282 8058
1283 9082
1284 7259
1285 5330
1286 7588
1287 7486
1288 5771
1289 7047
1290 7297
1291 8490
1292 7770
1293 5710
1294 6202
1295 8211
1296 6535
1297 6716
1298 6677
1299 7007
1300 6574
1301 6498
1302 5186
1303 6634
1304 4802
1305 9829
1306 5926
1307 7830
1308 6454
1309 7460
1310 7037
1311 7999
1312 7086
1313 6391
1314 9339
1315 6995
1316 7817
1317 8961
1318 7679
1319 7492
1320 8434
1321 7714
1322 8848
1323 7367
1324 5620
1325 6241
1326 7908
1327 8322
1328 7606
1329 9216
1330 4993
1331 7694
1332 7373
1333 9421
1334 6232
1335 9636
1336 9121
1337 7035
1338 6628
1339 6530
1340 7757
1341 7300
1342 7395
1343 6068
1344 8286
1345 10927
1346 9168
1347 8289
1348 8737
1349 7303
1350 5995
1351 7092
1352 8456
1353 7765
1354 8701
1355 8137
1356 6991
1357 11071
1358 8627
1359 8475
1360 8603
1361 9972
1362 6934
1363 7358
1364 7767
1365 7472
1366 9183
1367 7911
1368 8362
1369 8162
1370 8336
1371 5804
1372 7526
1373 6684
1374 5789
1375 6813
1376 9059
1377 6993
1378 8558
1379 8326
1380 6551
1381 7080
1382 6403
1383 8169
1384 8524
1385 5180
1386 10789
1387 6548
1388 5632
1389 8236
1390 7633
1391 7942
1392 8340
1393 8229
1394 4909
1395 8788
1396 7547
1397 7472
1398 8465
1399 5654
1400 6228
1401 7042
1402 6216
1403 9356
1404 7262
1405 7283
1406 8438
1407 5723
1408 9014
1409 8683
1410 6932
1411 7062
1412 7877
1413 6677
1414 8984
1415 6829
1416 6022
1417 4863
1418 8048
1419 8917
1420 7357
1421 6220
1422 9191
1423 8156
1424 6567
1425 8396
1426 6892
1427 7451
1428 7372
1429 8910
1430 8303
1431 6454
1432 7945
1433 8600
1434 9654
1435 7455
1436 6359
1437 6454
1438 9420
1439 7241
1440 6907
1441 6695
1442 6737
1443 7164
1444 6633
1445 7059
1446 8358
1447 9610
1448 7647
1449 8293
1450 6478
1451 10135
1452 6234
1453 7647
1454 8852
1455 5992
1456 5000
1457 8334
1458 6340
1459 7767
1460 7748
1461 6971
1462 8808
1463 7567
1464 8324
1465 7718
1466 8434

0 225 14 6
0 350 15 1
0 373 26 1
0 1374 17 12
0 1411 12 3
1 109 37 8
1 480 35 9
1 513 3 13
1 681 52 12
1 694 40 4
1 960 6 10
1 1182 24 14
1 1214 37 12
1 1408 55 6
1 1411 7 13
2 179 29 9
2 357 38 14
2 452 21 5
2 479 47 13
2 616 35 14
2 748 30 6
2 814 26 5
2 1355 25 1
2 1411 44 12
3 119 38 2
3 228 53 7
3 351 16 2
3 469 27 2
3 506 20 12
3 575 54 4
3 625 23 13
3 703 39 11
3 779 59 5
3 1003 15 2
4 20 33 9
4 77 44 9
4 99 23 6
4 420 40 11
4 459 54 13
4 553 32 7
4 653 41 1
4 971 25 9
4 979 25 3
4 1009 23 2
4 1031 1 4
4 1336 44 3
5 169 20 6
5 574 13 10
5 1101 46 10
5 1391 12 8
6 175 24 15
6 766 32 4
6 829 39 11
6 922 18 13
6 997 3 13
6 1000 16 15
6 1208 56 5
7 162 60 7
7 385 9 3
7 507 46 2
7 628 49 2
7 709 41 13
7 868 9 6
7 1007 29 1
7 1175 6 2
7 1211 51 15
7 1322 59 14
8 164 17 3
8 227 17 5
8 309 17 9
8 510 11 12
8 689 26 7
9 76 2 10
9 79 13 10
9 122 2 7
9 301 30 4
9 404 16 14
9 682 43 4
9 1068 56 6
9 1432 22 10
10 206 33 7
10 818 33 9
10 1304 55 14
10 1402 43 3
11 238 18 8
11 952 14 7
11 1378 26 5
11 1421 4 5
12 113 14 11
12 722 31 10
12 858 58 7
12 972 26 3
12 1052 2 10
13 21 54 3
13 86 42 3
13 252 38 15
13 264 39 9
13 473 44 12
13 486 34 3
13 564 58 10
13 700 26 15
13 876 22 13
13 1254 45 11
13 1333 54 13
13 1349 5 11
13 1365 32 4
14 182 8 7
14 256 38 3
14 755 44 7
14 777 44 14
14 883 49 3
14 1127 4 5
14 1204 55 6
15 307 45 1
15 355 55 13
15 372 11 8
15 381 47 9
15 802 6 2
15 979 14 2
15 1025 14 3
15 1072 6 12
15 1093 28 10
15 1239 29 13
16 137 19 2
16 498 51 9
16 801 33 14
16 1033 46 3
17 128 31 13
17 676 11 3
17 897 18 6
18 194 36 13
18 860 23 1
18 898 27 12
18 960 33 11
18 1012 51 9
18 1297 32 8
18 1441 42 5
19 431 20 13
19 685 60 6
19 1117 21 14
19 1249 25 2
19 1374 30 11
19 1453 26 12
20 38 9 5
20 74 1 7
20 302 20 13
20 1022 13 9
20 1326 51 4
21 84 11 13
21 322 19 7
21 340 50 8
21 350 44 4
21 447 40 13
21 547 28 11
21 1008 52 10
21 1026 3 1
21 1209 27 1
21 1388 45 4
22 35 54 2
22 319 35 9
22 375 53 7
22 393 29 11
22 413 43 1
22 499 15 5
22 879 16 3
22 891 44 6
22 893 21 5
22 908 11 4
22 946 26 6
22 965 30 12
22 1120 26 12
22 1164 50 7
22 1184 55 12
22 1188 40 9
22 1387 9 9
22 1460 38 13
23 234 8 5
23 248 25 1
23 272 55 12
23 281 54 8
23 943 20 14
23 1450 28 3
24 361 13 15
24 529 26 12
24 625 50 11
24 688 57 1
24 789 2 12
24 1000 32 5
24 1155 16 12
24 1248 54 10
24 1272 49 10
25 123 28 8
25 662 26 7
25 1301 6 14
25 1320 21 2
25 1374 17 10
26 207 27 8
26 427 35 10
26 785 3 13
26 889 37 1
26 1275 16 8
26 1284 26 5
26 1326 15 3
26 1384 15 4
27 963 39 3
27 1141 51 6
27 1393 6 3
27 1437 56 15
28 374 35 9
28 515 6 4
28 539 8 8
28 555 59 8
28 777 16 14
28 789 13 4
28 886 14 3
28 927 12 12
28 1078 13 7
28 1454 18 3
29 882 45 3
29 886 37 8
29 932 15 15
29 950 59 5
29 959 34 12
29 1342 7 10
30 62 7 14
30 363 11 3
30 449 45 8
30 516 59 7
30 562 51 2
30 1339 33 4
30 1412 55 14
31 75 47 15
31 99 3 13
31 256 38 5
31 535 55 6
31 823 29 10
31 866 40 13
31 1084 25 13
32 370 34 14
32 465 26 2
32 546 38 8
32 663 51 3
32 748 60 14
32 951 27 13
32 987 23 10
32 1051 10 3
32 1166 8 4
32 1207 42 8
33 940 44 5
33 979 10 8
33 1110 49 13
33 1203 23 15
34 366 18 12
34 572 29 12
34 593 48 5
34 642 43 1
34 715 27 2
34 768 41 5
34 1241 13 1
35 93 12 11
35 656 52 14
35 713 31 8
35 731 18 13
35 810 43 3
35 830 52 5
35 889 21 9
35 967 10 2
35 1009 16 15
36 264 4 6
36 322 23 2
36 425 44 1
36 439 43 15
36 485 11 13
36 488 43 10
36 567 60 15
36 685 43 9
36 793 53 9
36 898 30 10
36 966 22 13
36 1033 37 13
36 1175 37 14
36 1318 27 3
37 220 19 14
37 453 24 6
37 477 41 7
37 567 4 6
37 1021 16 3
37 1333 2 5
38 334 5 8
38 466 34 8
38 816 32 12
38 861 21 1
39 99 30 8
39 187 60 3
39 300 39 11
39 387 50 6
39 489 34 15
39 673 19 3
39 1069 25 9
39 1212 9 3
39 1277 8 10
40 501 35 10
40 619 1 4
40 711 22 5
40 764 20 4
40 900 26 7
40 969 10 14
40 1044 8 9
40 1094 44 12
41 44 53 15
41 164 26 11
41 534 11 10
41 573 13 7
41 661 1 9
41 665 46 1
41 688 58 1
41 1124 25 2
41 1307 6 8
42 155 51 4
42 528 11 1
42 682 5 9
42 807 22 7
42 894 31 2
42 1020 60 12
42 1095 20 5
43 226 7 2
43 303 46 14
43 536 18 15
43 712 25 15
43 766 53 7
44 755 25 12
44 1390 31 7
44 1412 15 5
44 1431 18 7
45 106 5 9
45 117 60 12
45 242 5 10
45 466 58 12
45 478 44 2
45 523 44 9
45 670 31 1
45 799 59 6
45 880 25 9
45 1017 19 11
45 1021 20 1
45 1125 54 2
45 1197 20 8
45 1244 43 8
45 1381 31 14
45 1454 54 15
46 47 38 1
46 163 49 8
46 512 37 12
46 651 4 15
46 725 34 9
46 827 29 12
46 1463 21 9
47 137 37 13
47 361 33 2
47 365 34 8
47 604 40 9
47 904 44 7
47 1079 20 6
48 310 32 3
48 333 10 9
48 777 37 11
48 864 7 13
48 1036 55 15
48 1169 27 1
48 1249 17 14
48 1292 38 7
49 478 36 7
49 777 34 14
49 816 28 6
49 880 53 4
50 420 11 10
50 632 31 5
50 824 59 5
50 887 41 10
50 990 10 12
50 1036 14 9
50 1160 34 6
50 1238 18 10
51 398 39 12
51 508 46 3
51 523 27 1
51 548 59 3
51 783 57 7
51 787 25 10
51 830 46 14
51 966 17 12
51 975 58 12
51 1379 15 4
52 701 32 5
52 754 57 1
52 797 26 15
52 863 20 14
52 1379 43 3
53 237 54 8
53 264 15 15
53 614 60 15
53 903 2 10
53 1096 9 11
53 1266 40 6
54 56 46 5
54 278 6 9
54 731 41 10
54 844 57 12
54 954 18 5
54 1417 12 1
55 421 59 5
55 469 25 11
55 1147 15 11
55 1417 3 2
56 243 44 10
56 610 27 14
56 621 4 7
56 690 5 4
56 749 7 12
56 1312 57 5
56 1362 37 12
57 91 6 2
57 559 35 6
57 662 8 4
57 969 4 7
57 1053 10 10
57 1349 2 4
58 297 58 13
58 343 42 1
58 491 40 10
58 585 37 15
58 809 53 13
58 961 26 10
58 1058 19 13
58 1235 36 15
59 217 4 2
59 392 12 3
59 503 8 15
59 507 34 5
59 583 45 2
59 625 21 9
59 739 57 5
59 1003 11 4
59 1033 45 12
59 1130 57 2
59 1156 47 13
59 1181 41 8
59 1241 37 13
59 1301 42 14
59 1450 46 3
60 262 32 9
60 271 22 2
60 336 6 14
60 604 13 12
60 620 26 3
60 740 50 12
60 855 30 15
60 942 32 9
60 1128 15 2
60 1373 26 5
60 1393 44 14
60 1397 6 11
60 1430 52 5
61 330 20 6
61 592 60 3
61 727 34 13
62 119 12 10
62 369 47 4
62 814 28 14
62 825 15 4
62 858 4 3
62 891 53 15
62 895 56 10
62 1058 56 9
62 1344 11 2
62 1374 17 15
62 1401 45 1
63 69 17 5
63 114 6 13
63 343 49 12
63 347 34 11
63 1011 2 4
63 1040 51 2
63 1074 14 10
63 1266 5 6
64 74 26 10
64 94 19 6
64 255 17 10
64 745 31 3
64 791 44 11
64 813 20 3
64 901 55 1
64 1180 36 11
65 481 6 9
65 819 39 10
65 946 50 9
65 1051 46 1
65 1285 25 13
65 1358 36 7
65 1458 37 5
66 274 12 5
66 352 24 5
66 366 11 5
66 372 44 15
66 414 32 12
66 419 18 10
66 717 47 11
66 1202 27 11
67 95 54 15
67 139 21 14
67 173 38 6
67 294 14 4
67 297 27 10
67 533 18 2
67 691 45 15
67 1060 48 15
67 1068 30 13
67 1296 20 6
68 138 54 4
68 187 7 15
68 698 12 3
68 914 56 3
68 932 43 12
68 945 13 4
68 981 3 10
68 989 19 6
68 1013 6 13
68 1050 26 2
68 1217 38 11
68 1322 59 3
68 1386 31 1
69 214 18 13
69 550 9 6
69 767 17 9
69 976 15 6
69 1074 18 8
69 1380 19 15
70 276 25 7
70 280 56 2
70 653 45 11
70 735 19 9
70 1018 51 13
70 1156 39 2
71 315 2 15
71 491 50 1
71 543 40 9
71 616 38 4
71 745 44 12
71 886 35 14
71 959 32 5
71 1393 41 13
72 388 5 9
72 389 10 11
72 1159 60 2
73 217 21 11
73 498 23 14
73 879 39 10
73 1049 2 7
73 1222 41 2
74 129 59 13
74 376 20 3
74 558 51 6
74 562 1 5
74 567 12 7
74 570 5 10
74 624 7 11
74 641 52 6
74 775 56 13
74 845 9 7
74 846 18 14
74 898 56 11
74 965 43 2
74 1061 21 14
74 1273 53 8
74 1310 56 15
74 1461 14 7
75 103 5 13
75 1071 50 1
75 1167 57 3
75 1228 34 10
75 1243 18 14
76 136 45 6
76 322 51 6
76 430 39 11
76 742 58 12
76 778 46 8
76 1120 39 12
76 1170 55 14
76 1264 31 15
76 1326 30 3
76 1363 52 10
76 1373 47 10
77 226 41 5
77 598 46 15
77 609 18 9
77 1127 27 12
77 1429 58 13
77 1439 20 7
78 358 40 4
78 537 5 14
78 540 26 11
78 642 54 15
78 653 41 7
78 674 49 4
78 990 49 6
78 1018 35 7
78 1115 10 8
78 1218 47 1
79 117 4 13
79 959 35 7
79 1131 49 12
80 559 5 10
80 654 46 6
80 1202 22 3
80 1249 5 7
80 1323 58 11
81 116 25 7
81 156 34 12
81 272 51 9
81 558 26 3
81 587 46 9
81 637 27 11
81 1461 5 6
82 386 55 1
82 932 39 4
82 965 8 11
83 469 21 13
83 819 60 3
83 948 39 6
83 1056 2 9
83 1148 16 4
83 1441 44 13
84 331 8 11
84 350 60 1
84 380 47 2
84 432 46 7
84 714 21 4
84 911 20 15
84 916 5 8
84 1330 9 3
84 1443 34 11
85 246 13 2
85 290 4 5
85 293 35 2
85 529 15 13
85 958 47 13
85 1136 34 4
85 1257 53 11
85 1428 33 7
85 1461 23 1
86 474 35 3
86 566 37 10
86 973 3 11
86 1095 23 7
86 1300 11 6
86 1431 17 11
87 194 38 3
87 341 51 13
87 377 12 4
87 589 53 11
87 711 15 5
87 805 7 8
87 859 48 2
87 1320 48 1
87 1407 14 10
87 1413 21 14
88 254 8 5
88 586 25 9
88 660 19 10
88 908 23 5
88 1207 40 3
88 1215 57 7
88 1255 17 13
89 137 19 2
89 217 57 6
89 394 14 14
89 405 33 3
89 432 8 9
89 439 36 10
89 610 15 12
89 858 49 3
89 927 24 13
89 1105 37 3
89 1227 26 9
89 1272 55 5
90 425 15 6
90 462 8 5
90 559 55 3
90 1097 57 10
90 1230 14 6
90 1263 8 1
91 506 56 14
91 1213 41 13
91 1299 31 9
92 103 27 7
92 581 60 13
92 1186 21 3
92 1213 3 2
92 1230 47 3
93 115 16 1
93 144 44 6
93 447 34 2
93 735 16 4
93 921 13 8
93 1202 23 4
93 1345 24 14
93 1442 41 1
94 125 34 7
94 171 55 10
94 201 52 3
94 351 11 4
94 408 15 10
94 598 28 7
94 666 42 2
94 1014 35 1
94 1076 51 8
94 1101 40 12
94 1182 6 9
94 1233 1 13
94 1272 58 5
94 1280 23 7
95 157 24 13
95 233 33 2
95 624 48 1
96 325 9 8
96 329 11 7
96 342 16 11
96 942 18 6
96 1077 22 15
96 1334 49 1
96 1336 28 12
96 1433 27 11
97 1140 52 10
97 1306 18 5
98 204 10 6
98 346 55 3
98 444 33 12
98 490 34 7
98 541 33 1
98 561 53 15
98 707 59 12
98 744 59 9
98 783 26 15
98 859 45 8
98 1437 33 11
99 140 16 9
99 153 6 12
99 347 30 8
99 497 49 3
99 757 56 3
99 930 17 11
99 1164 39 8
100 106 12 8
100 703 48 1
100 803 20 13
100 909 28 2
100 923 3 8
100 1018 5 13
100 1131 56 4
100 1188 22 9
100 1259 34 13
100 1285 36 15
100 1425 4 2
101 179 40 6
101 533 23 4
101 607 1 15
101 640 17 2
101 719 37 1
101 1144 58 10
101 1150 8 3
101 1217 47 2
101 1249 3 11
101 1434 20 10
102 179 1 13
102 240 31 11
102 330 42 9
102 494 33 2
102 952 21 8
102 1171 23 5
102 1182 15 2
102 1227 16 12
102 1348 1 1
103 401 9 8
103 623 47 14
103 902 12 3
103 1067 5 2
103 1139 48 13
103 1255 12 6
103 1325 39 6
104 267 25 11
104 292 22 8
104 352 31 9
104 374 7 6
104 457 37 2
104 690 26 8
104 710 45 13
104 954 41 6
104 1071 50 5
104 1462 16 13
105 263 39 10
105 564 40 1
105 605 15 3
105 646 47 11
105 770 17 6
105 963 9 1
105 987 3 3
105 1031 60 12
105 1121 12 2
105 1244 5 9
106 656 39 10
106 701 50 11
106 820 3 11
106 908 47 15
107 385 35 10
107 456 15 2
107 474 16 4
107 928 31 1
107 948 26 15
107 1400 13 9
107 1437 41 7
108 156 57 5
108 234 53 2
108 318 9 14
108 394 27 13
108 921 53 14
108 991 18 3
108 1056 24 3
108 1230 12 4
108 1264 40 7
108 1420 15 10
109 234 9 4
109 289 15 4
109 326 53 13
109 464 35 10
109 763 40 4
109 1018 16 8
109 1037 15 7
109 1071 34 4
109 1149 28 5
110 369 30 10
110 543 58 15
110 583 12 1
110 588 25 4
110 637 18 3
110 886 7 3
110 1057 36 3
110 1225 25 11
111 837 32 7
111 959 55 8
111 1341 5 9
111 1440 34 4
111 1465 1 1
112 183 24 9
112 358 8 12
112 410 33 4
112 589 38 14
112 629 40 8
112 849 47 1
112 940 58 7
112 1347 12 8
112 1390 28 5
113 244 35 4
113 257 30 6
113 697 54 7
113 970 38 10
113 1255 31 8
114 149 23 6
114 278 16 15
114 460 54 8
114 554 36 12
114 723 18 10
114 904 27 15
114 1396 40 8
115 177 52 5
115 376 35 12
115 460 17 13
115 745 45 12
115 1021 52 8
115 1146 12 5
115 1194 36 13
115 1400 5 8
115 1420 58 14
116 154 35 13
116 440 4 2
116 501 37 1
116 576 42 7
116 596 18 7
116 752 10 10
116 816 44 13
116 981 6 1
116 1076 41 14
117 136 57 5
117 411 28 5
117 756 53 4
117 912 20 2
117 1079 18 10
117 1239 3 1
118 374 45 5
118 457 40 13
118 695 35 8
118 1102 55 1
118 1188 53 3
118 1315 22 11
119 188 20 15
119 870 59 3
119 963 47 9
119 997 6 11
119 1036 11 5
119 1159 46 10
119 1280 52 2
119 1303 59 2
120 185 60 15
120 195 25 8
120 201 50 6
120 207 46 4
120 318 58 10
120 472 35 15
120 752 16 1
120 1154 15 4
120 1372 44 14
121 222 17 12
121 336 42 3
121 732 33 1
121 810 54 1
121 869 53 4
122 436 39 6
122 682 50 4
122 811 44 4
122 1027 12 4
122 1062 50 1
122 1236 15 1
122 1417 29 4
123 354 16 2
123 588 43 1
123 683 60 6
123 760 48 9
123 824 36 4
124 170 1 10
124 233 26 7
124 316 12 9
124 501 16 14
124 637 48 14
124 730 28 4
124 982 33 7
124 985 58 4
125 852 21 3
125 874 15 11
125 1039 48 3
125 1440 2 4
126 758 12 6
126 761 58 7
126 1101 43 13
127 306 45 15
127 479 34 8
127 1087 4 15
127 1217 59 3
128 157 20 14
128 420 58 8
128 884 50 9
128 1075 59 1
128 1089 37 3
128 1139 22 9
129 435 40 4
129 515 37 14
129 610 11 10
129 1000 40 9
129 1019 31 11
129 1127 21 11
129 1148 49 7
129 1272 58 4
129 1387 42 11
130 203 36 5
130 383 46 6
130 528 11 9
130 578 10 13
130 800 12 8
130 886 5 7
130 994 59 4
130 1063 5 1
131 181 6 1
131 243 21 7
131 665 2 1
131 962 51 4
131 1378 28 7
131 1424 8 2
132 270 17 7
132 305 4 8
132 332 37 12
132 488 12 15
132 851 1 4
132 913 51 11
132 921 60 10
132 1052 56 12
132 1398 44 13
133 376 39 1
133 654 59 10
133 697 32 13
133 892 38 9
133 989 17 8
133 1381 2 3
134 582 34 14
134 928 32 15
134 1024 26 12
134 1037 31 6
134 1144 9 15
134 1334 33 5
134 1372 36 15
134 1412 23 9
134 1454 13 12
135 169 26 7
135 543 46 15
135 592 26 8
135 652 58 3
135 1039 42 6
135 1452 25 4
136 231 22 11
136 858 23 11
136 977 44 5
136 1008 15 1
136 1049 3 1
136 1265 43 5
136 1268 52 13
136 1295 4 14
136 1443 22 1
137 298 19 8
137 442 56 6
137 683 30 8
137 976 38 14
137 1127 41 12
137 1398 20 13
138 696 29 12
138 817 36 8
138 1113 26 2
138 1236 36 6
139 179 2 6
139 359 36 3
139 642 19 2
139 810 7 6
140 154 17 3
140 374 51 15
140 425 38 6
140 585 47 11
140 659 42 4
140 895 18 5
140 947 28 10
140 1236 32 9
140 1385 27 8
141 476 35 1
141 548 17 2
141 836 59 9
141 990 56 2
141 1077 60 8
141 1390 19 8
142 185 23 14
142 217 42 12
142 332 55 3
142 442 49 5
142 492 59 12
142 513 53 13
142 609 40 4
142 873 1 9
142 1014 57 8
142 1026 31 10
142 1237 4 11
142 1446 1 10
142 1454 48 12
143 258 22 11
143 434 58 13
143 479 52 9
143 752 57 1
143 1011 31 11
143 1145 33 13
143 1198 27 9
144 571 33 9
144 661 59 14
144 746 57 7
144 881 3 1
144 1056 3 12
144 1088 43 12
144 1338 51 7
144 1341 1 9
145 286 40 10
145 561 55 11
145 708 7 10
145 1006 33 1
145 1399 23 5
146 527 58 9
146 636 27 10
146 642 41 10
146 807 57 13
146 848 33 3
146 1071 54 7
146 1105 46 9
146 1200 1 15
146 1348 52 5
146 1441 30 15
147 461 46 11
147 683 33 14
147 783 22 2
147 929 9 8
147 1010 43 4
147 1174 39 1
147 1327 13 1
148 217 46 14
148 271 21 6
148 513 21 14
148 572 24 2
148 785 45 6
148 803 7 13
148 984 48 9
148 1043 52 3
148 1295 43 13
148 1383 19 4
148 1433 50 11
148 1440 12 4
149 435 19 7
149 678 37 9
149 799 33 1
149 877 50 1
149 1170 20 15
149 1261 32 13
150 675 51 12
150 801 50 1
150 1064 14 2
150 1139 47 8
150 1424 41 13
151 167 51 2
151 199 21 13
151 398 33 11
151 594 36 8
151 692 53 4
151 813 7 3
151 893 10 14
151 1126 35 8
151 1201 7 5
151 1316 44 15
151 1367 50 12
151 1404 50 8
152 689 5 8
152 778 35 7
152 1243 1 11
153 166 36 12
153 197 18 11
153 250 5 12
153 348 49 9
153 665 48 10
153 925 27 9
153 973 15 10
153 1080 26 13
153 1081 49 12
154 353 13 4
154 514 26 3
154 698 8 14
154 723 36 8
154 922 26 15
154 938 60 3
154 1015 55 3
155 385 50 12
155 617 41 9
155 932 36 13
155 1073 44 8
155 1187 12 4
155 1423 6 11
156 1097 54 5
156 1248 17 13
157 162 33 5
157 193 18 5
157 369 45 6
157 597 5 12
157 633 37 5
157 642 45 12
157 921 22 1
158 444 19 8
158 462 27 15
158 1012 15 13
158 1174 34 7
158 1394 16 4
158 1424 50 12
159 181 25 7
159 515 30 1
159 841 45 13
159 1115 13 11
159 1177 41 9
159 1326 29 6
160 383 39 2
160 436 38 2
160 437 7 6
160 494 16 8
160 623 48 2
160 976 37 9
161 311 28 1
161 349 54 11
161 410 1 7
161 746 37 10
161 792 7 10
161 874 56 13
161 1455 8 8
162 264 3 2
162 286 25 15
162 1091 12 7
162 1160 15 11
162 1275 56 9
162 1292 53 7
162 1361 17 15
162 1416 39 7
163 417 4 10
163 444 6 6
163 464 38 9
163 773 47 13
163 795 10 9
163 1008 4 10
163 1310 33 1
163 1406 33 1
163 1444 1 5
164 740 28 14
164 1072 28 7
164 1104 7 7
164 1249 26 11
164 1260 20 6
164 1325 52 7
164 1410 14 12
165 465 8 1
165 607 34 9
165 742 42 2
165 1032 53 2
165 1181 44 3
165 1205 38 4
165 1281 29 5
165 1340 30 12
166 328 11 6
166 405 49 4
166 521 58 9
166 569 28 13
166 712 34 10
166 955 21 10
166 1456 33 10
167 176 57 9
167 221 28 11
167 487 8 14
167 496 46 11
167 619 47 3
167 633 20 8
167 851 49 9
167 854 8 14
167 875 9 10
167 1126 24 6
167 1297 59 4
167 1426 51 1
168 294 40 7
168 703 39 12
168 1166 56 2
168 1390 44 11
169 246 59 11
169 255 29 2
169 320 38 4
169 375 28 11
169 441 34 13
169 556 21 10
169 641 49 5
169 749 55 12
169 807 8 11
169 840 25 3
169 1053 8 12
169 1277 26 1
169 1289 33 12
169 1312 36 2
169 1316 40 12
170 694 46 14
170 964 4 1
170 1122 33 1
170 1274 47 2
170 1303 51 13
170 1345 23 6
171 322 13 6
171 524 47 12
171 643 25 14
171 800 8 15
171 986 48 4
171 1233 32 15
172 174 49 8
172 195 16 12
172 254 42 10
172 301 52 12
172 321 32 5
172 360 12 3
172 598 48 12
172 893 2 9
172 1135 53 3
172 1256 32 7
172 1271 3 12
173 576 3 7
173 674 44 4
173 970 20 7
173 1457 23 13
174 387 55 14
175 509 45 4
175 843 11 3
175 970 5 11
176 214 5 2
176 371 34 4
176 381 1 13
176 420 31 2
176 558 57 7
176 705 18 13
176 1006 53 4
176 1016 8 3
176 1017 50 12
176 1028 20 15
176 1314 1 3
177 219 28 1
177 350 56 10
177 386 23 6
177 1055 17 11
177 1115 23 13
177 1141 12 15
177 1194 46 13
177 1328 19 10
178 322 45 5
178 399 32 10
178 469 48 11
178 507 40 2
178 581 25 4
178 676 14 10
178 730 56 2
178 794 30 2
178 798 29 11
178 938 57 11
178 1060 43 15
178 1284 24 13
179 489 8 1
179 490 55 1
179 676 6 11
179 761 31 11
179 791 55 3
179 897 47 8
179 1069 56 7
179 1249 31 9
179 1290 34 10
179 1436 22 8
180 1110 8 5
180 1126 27 15
180 1206 12 13
180 1302 19 4
181 483 5 10
181 683 51 9
181 948 37 7
181 1199 44 15
181 1267 21 12
181 1329 39 6
181 1364 54 3
181 1431 31 3
182 378 29 7
182 417 34 2
182 501 29 8
182 844 29 5
182 999 38 13
182 1140 36 3
182 1327 51 10
183 269 55 12
183 462 18 7
183 514 58 10
183 543 51 10
183 645 45 5
183 758 60 2
183 806 36 5
183 939 20 15
183 984 45 11
183 985 31 5
183 1201 20 8
183 1330 21 3
183 1395 36 2
184 442 60 15
184 693 29 10
184 784 47 9
184 931 22 13
184 1189 8 3
185 251 11 13
185 265 47 5
185 598 17 3
185 994 32 9
185 1109 30 5
185 1157 44 4
185 1346 12 10
186 628 17 4
186 760 51 11
186 814 55 5
186 886 54 2
186 1177 20 8
186 1428 3 12
187 267 47 9
187 326 2 2
187 704 54 11
187 891 48 6
187 1224 28 13
187 1390 11 6
187 1400 42 5
188 454 33 12
188 614 58 8
188 717 31 6
188 720 10 15
188 912 15 9
188 1090 28 11
188 1334 50 10
189 453 34 1
189 535 33 14
189 801 52 10
189 830 32 12
189 851 36 3
189 1157 54 12
190 255 9 4
190 269 15 14
190 470 54 3
190 471 37 1
190 676 12 10
190 750 48 14
190 1426 47 14
191 585 19 5
191 792 52 10
191 817 42 4
191 825 15 15
191 902 29 2
191 1455 6 15
192 224 25 12
192 232 38 6
192 612 40 14
192 757 33 7
192 808 21 1
192 985 10 13
192 1179 6 5
192 1397 48 12
192 1452 23 6
193 271 19 9
193 596 47 10
193 828 47 4
193 1010 47 12
193 1435 2 15
194 372 27 11
194 456 47 2
194 670 46 15
194 681 28 9
194 766 44 15
194 1120 44 14
194 1127 15 9
194 1129 21 6
194 1321 29 14
195 309 2 12
195 603 15 7
195 912 8 10
195 913 52 6
195 966 29 13
195 1028 49 7
195 1102 36 13
195 1419 39 1
196 314 19 14
196 632 35 8
196 763 48 11
196 1046 33 10
196 1127 12 6
196 1137 11 14
197 385 35 15
197 721 46 1
197 929 38 14
197 1112 19 9
197 1303 45 13
197 1400 28 15
198 296 25 6
198 356 57 9
198 419 49 11
198 717 23 3
198 812 4 10
198 966 3 14
198 1071 19 1
198 1290 16 5
198 1399 11 4
199 231 57 3
199 468 16 14
199 547 58 15
199 631 33 7
199 715 9 1
199 746 22 3
199 946 49 1
199 1075 22 7
199 1126 39 6
199 1345 14 1
199 1347 17 5
200 240 53 14
200 273 56 13
200 304 32 10
200 336 23 2
200 421 33 11
200 483 53 13
200 638 41 1
200 966 42 12
200 1037 34 9
201 257 2 9
201 345 47 6
201 471 46 6
201 514 59 7
201 652 46 12
201 792 28 2
201 842 2 8
201 1035 17 15
201 1091 39 13
201 1178 19 7
201 1371 55 13
201 1415 7 14
202 720 7 5
202 766 21 7
202 820 37 2
202 830 4 14
202 874 58 10
202 886 57 4
202 928 38 10
202 982 46 12
202 1148 53 10
202 1190 19 9
202 1329 12 1
202 1330 42 4
202 1375 26 8
203 476 16 7
203 640 59 2
203 741 39 15
203 1015 53 14
203 1056 18 4
203 1274 21 15
204 246 17 5
204 712 52 1
204 905 27 10
204 930 19 8
204 1079 43 3
204 1125 6 1
204 1126 50 4
204 1160 19 8
204 1218 5 13
204 1466 31 1
205 336 47 5
205 370 41 7
205 429 22 1
205 477 2 10
205 750 8 1
205 1050 38 8
205 1072 45 12
205 1160 56 15
205 1246 19 1
205 1302 58 14
205 1381 1 8
205 1382 11 10
206 407 26 8
206 436 23 15
206 449 28 12
206 691 54 5
206 733 47 9
206 801 60 9
206 831 30 12
206 836 55 11
206 924 39 4
206 1345 42 7
206 1397 31 12
207 411 35 14
207 484 39 11
207 634 15 12
207 746 58 11
207 854 60 8
207 918 20 5
207 962 15 2
207 994 1 6
207 1137 44 13
207 1240 23 4
207 1265 5 3
207 1425 34 5
208 374 15 13
208 441 14 2
208 717 27 6
208 852 15 4
208 1118 17 5
209 659 55 12
209 744 59 15
209 938 34 3
209 1009 8 12
209 1144 51 12
209 1178 23 7
209 1213 14 9
209 1282 40 9
209 1391 14 5
210 353 1 12
210 395 56 8
210 633 43 3
210 846 50 11
210 919 3 8
210 948 60 2
210 954 8 13
210 1051 24 4
211 494 15 4
211 532 48 1
211 605 12 10
211 853 58 7
211 880 25 10
211 1070 43 10
211 1148 58 8
212 280 13 15
212 752 8 6
212 857 42 7
212 975 38 10
212 1137 6 5
212 1234 16 14
212 1244 28 15
212 1307 12 6
212 1326 50 4
212 1421 18 7
213 366 29 10
213 421 32 1
213 713 55 7
213 826 58 4
213 938 8 3
213 1023 38 7
213 1243 32 4
214 331 30 12
214 494 32 15
214 577 54 4
214 669 56 9
214 827 57 3
214 1388 59 10
215 417 59 15
215 795 9 5
215 857 23 10
215 1074 29 4
215 1131 6 3
215 1270 42 5
215 1385 5 12
216 595 48 14
216 766 8 6
216 1057 11 12
216 1207 54 11
216 1355 24 3
217 406 38 4
217 526 27 11
217 589 26 15
217 1243 23 13
218 297 21 5
218 314 60 2
218 1086 46 1
218 1129 42 8
219 275 12 13
219 1030 10 4
219 1073 34 15
219 1075 26 5
219 1080 2 15
219 1244 23 4
219 1349 40 10
219 1414 41 2
220 480 58 5
220 944 31 2
221 281 57 2
221 387 57 3
221 815 14 9
221 987 15 1
221 1003 15 1
221 1109 9 6
221 1177 6 4
221 1311 31 2
221 1449 42 5
221 1464 24 10
222 704 41 2
222 843 58 2
222 943 35 13
222 1010 5 4
222 1044 7 5
223 614 43 3
223 770 27 2
224 657 38 8
224 662 54 2
224 782 43 6
224 803 16 11
224 970 41 5
224 1156 49 1
225 294 6 11
225 345 14 2
225 486 42 6
225 601 34 2
226 357 15 11
226 476 19 4
226 999 23 5
226 1033 24 15
226 1036 37 4
227 246 21 8
227 469 53 1
227 595 32 5
227 1312 45 5
227 1427 54 9
228 295 44 3
228 323 58 10
228 775 34 11
228 1130 10 7
229 630 8 13
229 982 22 1
229 1121 40 12
229 1316 3 9
229 1329 38 5
229 1333 60 3
229 1425 11 11
229 1429 55 10
230 255 6 8
230 308 18 5
230 323 57 10
230 413 54 1
230 713 37 10
230 810 18 9
230 953 20 6
230 1282 32 14
230 1283 19 5
230 1373 35 13
231 253 23 3
231 497 36 5
231 513 60 4
231 530 26 2
231 594 25 11
231 858 6 9
231 952 53 14
231 1437 30 13
232 539 22 12
232 694 12 3
233 302 46 12
233 396 23 7
233 412 12 4
233 737 46 15
233 1407 19 5
234 677 11 1
234 828 38 3
234 864 33 7
234 866 21 7
234 970 59 1
234 1060 15 6
235 262 24 12
235 355 6 2
235 786 55 3
235 1279 14 6
235 1362 6 9
235 1438 27 4
236 242 27 7
236 250 33 13
236 270 34 8
236 286 15 10
236 724 30 14
236 914 55 7
236 954 30 4
236 960 2 8
236 964 14 5
236 1029 52 14
236 1391 15 10
237 313 16 13
237 476 5 11
237 638 53 11
237 826 25 4
237 835 51 8
237 839 11 12
237 1049 56 9
237 1132 35 15
237 1254 36 7
237 1287 38 2
237 1436 23 15
238 260 49 6
238 392 11 4
238 475 50 12
238 575 28 15
238 637 25 15
238 746 15 5
238 795 43 7
238 797 6 10
238 846 49 13
238 906 7 12
238 1088 12 1
238 1338 19 9
239 533 52 5
239 608 23 8
239 1008 4 4
239 1048 2 12
239 1106 52 3
239 1360 18 11
239 1446 7 2
240 267 7 1
240 451 54 14
240 489 39 9
240 754 4 2
240 862 58 8
240 1161 12 6
240 1165 23 9
240 1205 33 6
240 1262 52 13
241 572 4 15
241 627 21 13
241 811 29 5
241 817 25 3
241 970 58 11
241 1367 42 12
242 246 25 9
242 1011 28 12
242 1302 41 2
242 1458 32 4
243 338 26 5
243 439 33 3
243 699 48 6
243 1249 27 1
243 1260 54 7
243 1420 60 6
244 785 57 10
244 788 15 2
244 820 7 14
244 1088 26 2
244 1114 15 14
245 747 54 1
245 915 2 13
245 958 34 14
245 1409 33 7
246 327 12 10
246 566 8 4
246 675 37 15
246 678 60 14
246 845 31 3
246 999 18 8
246 1001 55 9
247 386 36 3
247 391 43 5
247 577 37 14
247 784 19 11
247 970 36 9
247 1070 16 7
247 1296 10 6
247 1310 56 1
247 1353 49 15
247 1400 49 3
247 1409 40 5
248 371 12 8
248 415 4 11
248 1293 11 15
248 1348 41 9
249 352 38 13
249 438 56 6
249 466 29 9
249 552 25 9
249 986 29 10
249 1179 53 12
249 1189 56 2
249 1251 43 11
249 1337 52 10
250 317 1 7
250 397 32 6
250 448 45 1
250 455 40 8
250 664 52 12
250 894 15 12
250 1135 11 11
250 1140 25 8
250 1149 51 2
251 903 41 1
251 946 15 12
251 1226 46 6
252 282 42 1
252 553 28 11
252 802 43 13
252 946 30 8
252 1148 48 12
252 1198 37 5
252 1229 50 2
253 583 38 4
253 629 17 6
253 714 49 8
253 1435 23 14
254 330 21 1
254 462 19 10
254 722 50 15
254 777 55 15
254 1123 13 3
254 1145 31 4
254 1317 2 6
255 331 48 6
255 421 37 14
255 564 60 10
255 569 19 15
255 652 32 2
255 914 57 7
255 1016 57 11
255 1441 16 2
256 356 1 5
256 997 58 1
256 1032 50 3
256 1097 15 7
256 1115 40 14
256 1312 26 10
257 309 28 1
257 339 29 9
257 364 27 7
257 852 60 10
257 1058 13 4
257 1183 6 11
257 1234 47 9
258 413 12 6
258 511 50 7
258 577 22 4
258 592 40 12
258 680 2 4
258 683 51 10
258 772 26 10
259 406 11 5
259 498 44 6
259 585 20 14
259 719 38 6
259 1068 28 12
259 1392 28 12
260 314 2 9
260 519 43 10
260 677 41 11
260 724 2 13
260 1065 33 14
260 1344 4 9
260 1426 37 5
261 657 33 1
261 838 17 3
261 870 45 6
261 919 33 14
261 1156 19 10
261 1361 47 10
262 595 33 4
262 832 44 5
262 927 42 9
262 1179 23 6
262 1250 13 2
262 1391 57 10
263 305 28 3
263 381 41 4
263 410 36 9
263 436 47 4
263 690 47 15
264 270 30 10
264 363 52 15
264 365 11 5
264 523 12 5
264 599 46 15
264 620 58 1
264 677 36 14
264 922 26 14
264 1078 40 2
264 1314 57 1
264 1372 11 8
265 430 13 1
265 525 35 15
265 760 44 4
265 869 18 7
265 1107 24 6
265 1188 5 3
265 1357 50 4
265 1365 59 1
265 1423 23 9
265 1427 36 3
266 287 52 9
266 305 56 1
266 514 21 11
266 930 14 11
266 940 57 2
266 1214 20 14
267 550 6 7
267 626 20 15
267 638 45 2
267 640 21 4
267 660 44 1
267 1374 13 11
268 290 55 15
268 785 34 15
268 890 52 3
268 1370 3 5
268 1412 41 3
268 1464 59 8
269 346 7 14
269 390 48 3
269 842 15 5
269 925 6 13
269 1087 34 4
269 1249 44 5
270 376 8 4
270 517 38 4
270 1027 26 11
270 1036 22 14
270 1044 54 13
270 1069 47 5
270 1278 45 8
270 1290 47 6
270 1319 29 11
271 420 13 4
271 443 19 1
271 502 20 8
271 532 36 12
271 659 38 2
271 846 15 15
271 865 39 3
271 1005 5 8
271 1125 59 11
271 1245 24 15
271 1278 4 3
271 1310 25 8
272 534 28 1
272 578 21 14
272 939 15 15
272 1096 40 11
272 1422 39 8
273 608 48 1
273 930 9 14
273 1121 50 2
273 1146 12 2
274 822 57 9
274 929 49 5
274 977 20 2
274 1274 13 14
274 1322 37 14
274 1449 37 2
275 405 48 14
275 624 57 2
275 702 38 14
275 735 19 3
275 940 33 7
276 442 51 2
276 815 32 14
276 1071 59 8
277 569 6 4
277 888 7 14
277 1185 47 2
277 1199 22 12
278 732 38 12
278 792 15 3
278 924 45 9
278 975 30 10
278 996 10 15
278 1063 27 6
278 1247 12 10
278 1314 45 5
278 1364 46 9
278 1419 42 2
278 1458 7 5
278 1464 44 5
279 554 54 10
279 905 25 4
279 936 31 7
279 1094 60 4
279 1200 17 15
279 1232 41 2
279 1318 45 3
279 1389 12 1
280 361 31 12
280 435 45 2
280 628 11 7
280 680 48 10
280 814 30 9
280 851 5 4
280 908 10 15
280 1426 60 5
281 616 31 10
281 1256 24 3
282 316 8 14
282 810 46 10
282 937 54 10
283 384 6 7
283 453 35 9
283 570 20 3
283 980 39 1
283 1111 53 7
283 1225 25 1
284 573 60 10
284 584 39 10
284 643 29 1
284 714 2 6
284 742 27 5
284 908 23 14
284 933 5 10
284 1238 12 8
285 365 57 7
285 764 44 2
285 1296 49 4
286 552 21 11
286 682 21 1
286 806 50 11
286 922 26 2
286 1006 35 7
286 1044 42 5
286 1128 21 13
286 1196 30 14
286 1260 50 12
286 1351 39 5
286 1361 37 7
287 458 46 8
287 471 33 8
287 494 13 5
287 595 13 4
287 1240 41 7
288 341 16 7
288 431 3 15
288 452 39 11
288 453 23 4
288 462 48 12
288 549 16 9
288 674 30 11
288 794 55 7
288 920 18 7
288 1007 19 15
288 1261 14 7
288 1460 36 1
289 351 52 3
289 457 42 4
289 554 16 15
289 563 1 4
289 947 36 2
289 1250 53 7
290 330 26 14
290 443 52 10
290 596 13 11
290 667 9 12
290 731 53 12
290 1138 59 11
290 1348 5 9
290 1442 51 5
291 413 57 6
291 674 33 8
291 889 53 10
291 1008 8 8
291 1031 17 1
291 1234 27 6
291 1313 50 3
292 372 49 2
292 737 23 9
292 945 36 14
292 1171 16 14
292 1236 51 3
293 463 25 6
293 545 35 2
293 658 31 13
293 859 19 8
293 943 46 7
293 1022 26 14
293 1045 47 15
293 1176 57 2
293 1367 22 14
294 309 48 8
294 1017 22 1
294 1230 24 1
294 1283 5 12
294 1377 1 5
294 1439 6 8
295 370 52 7
295 440 28 14
295 682 42 8
295 744 44 10
295 900 25 11
295 1062 51 9
295 1094 15 10
295 1180 6 15
296 303 24 11
296 446 17 10
296 609 3 2
296 963 27 6
296 1147 53 9
296 1156 1 6
296 1384 6 5
296 1462 3 10
297 578 40 9
297 699 5 8
297 869 58 8
297 1187 9 11
297 1214 14 12
298 381 46 9
298 478 60 1
298 1081 4 4
298 1246 34 6
298 1365 16 7
299 595 17 14
299 669 21 8
299 887 40 4
300 548 55 15
300 559 34 7
300 614 34 12
300 762 14 14
300 1223 10 4
301 540 57 9
301 612 14 15
301 651 1 11
301 696 20 6
301 804 59 9
301 1461 15 13
302 315 32 10
302 450 46 6
303 335 3 3
303 547 39 2
303 629 43 1
303 734 33 4
303 1049 60 13
303 1098 31 7
303 1151 44 5
304 1021 26 7
304 1066 41 7
304 1070 14 3
304 1145 45 12
304 1257 30 12
304 1265 53 13
304 1300 47 14
304 1322 30 12
305 357 2 6
305 763 46 12
305 786 4 7
305 788 21 3
305 1037 20 4
305 1068 7 2
305 1136 6 1
305 1423 52 7
306 442 42 6
306 486 59 1
306 518 36 14
306 1164 35 12
306 1236 34 2
306 1263 49 5
306 1278 34 4
307 312 31 10
307 421 36 1
307 488 7 11
307 490 51 4
307 695 31 3
307 775 59 4
307 1151 43 13
307 1182 29 5
307 1336 23 12
308 320 38 12
308 410 41 5
308 513 6 13
308 818 23 1
308 940 40 1
308 1115 28 11
308 1160 58 14
309 364 21 2
309 439 30 4
309 554 16 10
309 669 50 15
309 725 51 7
309 909 29 9
309 1013 53 8
309 1020 54 11
309 1384 6 9
309 1434 53 7
309 1463 5 12
310 320 6 9
310 643 9 2
310 775 60 13
310 1186 17 13
310 1231 27 1
310 1432 39 11
311 360 54 15
311 883 39 4
311 1309 36 12
311 1426 31 15
312 618 22 13
312 625 46 15
312 757 55 2
312 813 26 14
312 1220 60 12
313 691 19 12
313 744 36 11
313 1197 38 10
313 1246 3 1
313 1271 41 12
313 1314 20 12
313 1409 33 11
314 405 18 8
314 462 56 8
314 756 36 11
314 935 24 13
314 996 19 3
314 1047 59 12
314 1162 1 15
314 1344 13 12
315 484 47 14
315 557 1 5
315 819 6 9
316 639 6 12
316 740 4 15
316 790 23 3
316 925 33 15
316 1029 52 2
316 1117 30 13
316 1184 37 4
316 1323 25 1
317 749 36 6
317 808 53 3
317 953 41 1
317 1052 22 2
317 1123 40 7
317 1177 49 13
317 1254 22 8
317 1295 55 15
318 389 51 6
318 542 37 3
318 551 40 3
318 612 55 8
318 757 37 12
318 854 27 12
318 919 4 13
318 962 19 2
318 963 16 1
318 1316 40 11
318 1414 40 6
318 1452 42 14
319 373 40 11
319 536 47 13
319 746 52 7
319 852 56 7
319 936 20 10
319 1288 19 13
319 1338 47 4
319 1387 29 2
320 785 55 13
320 982 33 12
320 1077 2 14
320 1121 31 3
321 324 3 4
321 511 48 7
321 871 28 9
321 1021 48 11
321 1163 36 12
321 1365 13 8
321 1369 47 5
322 507 47 1
322 509 56 3
322 1172 55 8
322 1259 60 15
323 384 19 15
323 604 8 8
323 697 50 10
323 1210 9 7
323 1299 7 4
323 1357 12 4
324 453 42 6
324 722 49 12
324 929 20 6
324 959 28 11
324 1122 54 2
324 1212 46 3
324 1399 32 13
324 1449 8 8
325 664 25 10
325 789 17 14
325 824 5 9
325 1187 28 7
325 1191 29 8
325 1345 4 1
325 1431 4 10
326 373 5 10
326 631 16 10
326 670 27 6
326 758 28 10
326 934 23 9
326 1111 2 8
327 397 46 5
327 458 23 1
327 620 11 6
327 1092 2 5
327 1158 51 10
327 1164 53 7
327 1248 30 2
327 1301 29 5
327 1308 8 4
328 466 7 2
328 472 44 9
328 496 45 12
328 891 52 3
328 1035 50 14
328 1219 53 8
328 1398 2 4
328 1421 46 10
329 550 59 15
329 590 1 1
329 762 17 14
329 1313 19 4
330 455 13 1
330 632 53 9
330 758 6 12
330 792 41 11
330 827 20 4
330 967 51 6
330 974 2 4
330 1102 22 10
330 1244 46 3
330 1276 37 3
330 1392 39 6
331 412 3 11
331 556 60 5
331 616 9 11
331 713 55 12
331 953 32 4
331 1214 39 8
331 1256 59 6
331 1269 27 1
332 776 43 9
332 814 40 7
332 851 54 9
332 939 46 10
332 1027 55 5
332 1044 38 6
332 1455 58 8
333 408 15 14
333 425 41 5
333 431 31 6
333 529 1 11
333 940 55 10
333 1055 2 10
333 1127 32 5
333 1439 39 8
334 394 2 9
334 448 27 2
334 450 40 15
334 521 25 3
334 624 23 11
334 825 51 8
334 1382 16 5
335 849 6 6
336 563 16 7
336 602 50 6
336 797 53 11
336 847 32 6
336 1344 14 8
337 892 45 10
337 1123 23 6
337 1260 13 9
337 1298 15 14
337 1346 44 15
337 1350 46 3
338 636 37 12
338 1041 29 15
339 487 56 3
339 514 8 13
339 666 4 9
339 1055 40 1
339 1059 46 13
340 438 47 13
340 532 7 2
340 553 47 9
340 689 22 13
340 776 48 15
340 879 47 5
340 927 15 10
340 990 44 6
340 1164 26 4
340 1213 22 5
340 1428 12 5
340 1438 23 6
341 712 53 13
341 937 1 12
341 1049 48 15
342 588 29 3
342 848 4 8
342 1007 5 8
342 1303 17 14
342 1461 49 11
343 480 50 14
343 658 53 10
343 771 2 15
343 990 44 13
343 1234 9 4
343 1274 43 2
343 1364 47 11
344 864 23 11
344 983 35 4
344 1083 47 10
344 1289 10 4
344 1360 53 2
344 1407 18 5
344 1421 57 14
345 714 25 4
345 792 53 4
345 913 49 11
345 915 14 8
345 918 3 2
345 928 37 13
345 969 5 12
345 1054 41 12
345 1250 38 14
346 407 32 7
346 926 29 15
346 1114 11 10
346 1397 36 3
347 471 17 4
347 813 35 14
347 896 14 9
347 903 10 3
348 645 49 1
348 721 21 10
348 828 16 14
348 978 15 13
348 1085 19 7
348 1116 23 7
349 372 50 15
349 625 22 8
349 653 11 12
349 681 20 12
349 700 59 5
349 755 31 9
349 803 55 7
349 847 49 5
349 956 15 12
349 1102 19 3
349 1458 45 13
350 553 5 6
350 685 41 13
350 879 26 5
350 923 53 14
350 1379 37 13
350 1430 8 12
351 394 34 15
351 499 33 5
351 776 21 12
351 778 7 6
351 1016 52 6
351 1042 6 4
352 619 56 10
352 840 26 7
352 873 30 6
352 923 4 3
352 998 39 15
352 1019 28 4
353 447 38 15
353 602 13 2
353 753 53 6
353 773 17 15
353 781 11 11
353 952 51 12
353 1014 24 1
353 1195 48 3
353 1277 44 3
353 1448 15 13
353 1451 32 15
354 372 50 6
354 555 35 3
354 567 30 14
354 602 46 14
354 620 24 8
354 687 17 8
354 1199 47 9
354 1429 4 4
355 573 47 6
355 605 17 4
355 677 31 1
355 707 26 7
355 1107 32 13
356 696 27 8
356 929 36 4
356 1244 8 11
357 583 18 10
357 607 44 7
357 893 36 9
357 994 45 13
357 1048 1 12
357 1154 43 5
357 1321 38 5
357 1367 54 5
358 413 9 7
358 803 41 14
358 828 57 9
358 851 11 3
358 881 7 10
358 1382 9 13
358 1422 23 13
359 496 43 14
359 719 15 9
359 820 34 1
359 1164 15 2
359 1257 38 11
359 1446 44 1
360 595 6 2
360 1040 12 3
360 1130 13 12
360 1344 36 11
361 444 29 7
361 530 13 9
361 643 35 1
361 887 46 3
361 984 49 6
361 1023 12 5
361 1296 1 2
361 1387 17 5
362 434 16 1
362 480 15 1
362 615 23 15
362 869 46 2
362 932 56 2
362 1014 35 14
362 1042 22 10
362 1415 37 14
362 1450 13 9
363 859 3 13
364 398 18 8
364 888 2 13
364 890 31 11
364 990 48 10
364 1016 10 7
364 1020 12 15
364 1049 23 1
365 582 5 6
365 826 8 7
365 1070 25 9
365 1139 22 12
365 1262 46 10
365 1360 1 14
365 1374 43 15
366 427 52 10
366 555 40 3
366 898 12 6
366 902 35 12
366 1427 52 1
366 1441 39 14
367 382 34 2
367 520 43 10
367 543 27 6
367 772 36 14
367 1016 38 10
367 1059 8 7
367 1394 9 10
368 1056 17 8
368 1453 15 15
368 1458 25 5
368 1464 44 8
369 586 25 14
369 639 2 9
369 691 7 7
369 747 19 10
369 1354 57 1
370 410 41 9
370 511 45 15
370 573 32 5
370 736 51 12
370 742 44 1
370 775 46 14
370 1080 44 7
370 1249 52 13
370 1280 47 6
370 1338 43 6
371 408 29 3
371 492 3 2
371 958 8 7
371 1202 36 7
371 1207 52 2
371 1241 12 15
371 1285 56 10
371 1289 54 13
371 1338 60 2
372 389 35 13
372 680 27 9
372 716 8 3
372 731 57 6
372 774 43 14
372 939 43 6
372 970 5 12
373 838 23 11
373 999 17 14
373 1156 24 4
374 846 3 10
374 955 5 13
374 1423 15 7
375 380 23 8
375 393 41 8
375 417 34 4
375 632 8 11
375 739 24 5
375 847 7 6
375 1029 43 11
376 570 13 11
376 758 35 13
376 875 59 15
376 1016 32 11
376 1233 24 15
377 528 32 7
377 777 44 13
377 862 43 6
377 953 32 10
378 583 12 13
378 762 2 15
378 880 29 4
378 1003 18 15
378 1169 9 13
378 1182 56 3
379 1176 55 2
379 1444 12 8
380 742 43 4
380 991 15 9
380 1264 54 1
380 1315 43 15
381 1340 24 2
381 1380 2 8
382 552 48 5
382 920 23 9
382 1033 47 15
382 1253 59 4
383 525 43 1
383 678 8 15
383 983 56 11
383 992 60 8
383 1099 46 12
383 1235 48 1
383 1249 36 5
383 1415 47 4
383 1448 27 11
384 486 31 9
384 506 6 5
384 609 23 10
384 610 21 11
384 998 33 1
384 1285 46 7
385 391 13 5
385 494 48 3
385 719 26 7
385 790 20 5
385 1002 49 8
385 1274 20 2
385 1332 59 12
386 585 33 9
386 1032 21 12
386 1068 55 3
387 428 60 14
387 519 44 4
387 776 1 14
387 893 44 12
387 1426 43 6
388 459 51 11
388 514 9 10
388 551 20 13
388 607 27 8
388 629 54 13
388 663 25 6
388 814 60 6
388 1003 26 11
388 1157 3 15
389 418 22 12
389 633 6 1
389 782 8 5
389 1066 38 3
390 491 18 13
390 637 36 10
390 679 13 2
390 822 44 7
390 1024 52 15
390 1166 26 1
390 1410 38 10
391 559 48 12
391 678 11 9
391 776 3 2
391 905 5 13
391 976 36 9
391 990 51 12
391 1004 38 8
391 1042 38 5
391 1168 23 3
391 1230 47 15
391 1266 7 13
391 1310 37 6
392 453 47 5
392 1104 53 15
392 1113 14 9
392 1138 59 1
393 549 57 7
393 711 53 9
393 861 59 15
393 1189 46 10
393 1194 21 15
393 1213 3 4
393 1236 39 9
393 1387 31 11
393 1424 39 5
393 1438 46 14
393 1448 32 7
394 779 24 5
394 922 58 14
394 1128 33 6
394 1232 31 7
394 1439 46 15
395 455 56 9
395 489 14 3
395 493 9 13
395 604 34 13
395 856 30 6
395 861 43 8
395 1220 47 4
396 471 9 9
396 517 8 7
396 548 2 6
397 490 32 2
397 577 38 10
397 582 9 1
397 601 21 13
397 841 21 1
397 897 30 3
397 918 14 6
397 1113 45 15
397 1194 36 14
397 1345 59 7
397 1397 35 7
398 453 52 2
398 1170 27 6
398 1397 3 10
398 1447 45 9
399 480 17 13
399 585 28 7
399 606 17 4
399 1155 20 10
399 1169 44 12
400 516 15 8
400 1022 26 7
400 1098 51 12
401 536 52 4
401 1119 26 8
401 1124 20 8
401 1160 5 11
402 579 27 6
402 608 10 11
402 833 33 14
402 976 55 2
402 1086 21 9
402 1224 35 6
402 1343 54 9
403 1053 44 15
403 1220 30 2
404 408 30 10
404 626 5 8
404 697 56 13
404 717 6 1
404 1375 34 5
405 493 24 4
405 617 13 7
405 625 54 3
405 1003 18 3
405 1027 3 13
405 1143 46 7
405 1333 31 8
406 693 4 12
406 906 35 3
407 425 17 11
407 592 48 1
407 664 4 5
407 704 23 12
407 740 17 6
407 745 49 5
407 749 34 2
407 1016 29 8
407 1357 33 7
408 525 40 14
408 710 17 7
408 904 46 2
408 1079 49 12
408 1364 12 6
408 1433 13 1
409 670 25 7
409 810 2 15
409 918 57 5
409 1093 20 13
409 1227 9 12
409 1318 51 8
409 1376 32 1
409 1408 36 2
410 527 51 7
410 592 33 4
410 906 41 6
410 1014 3 1
410 1263 60 15
410 1409 41 8
410 1465 51 10
411 622 57 8
411 713 31 3
411 786 13 10
411 795 44 14
411 847 26 2
411 1015 13 12
411 1329 56 9
412 576 49 1
412 856 26 14
412 1236 52 15
412 1384 41 4
413 633 20 9
413 1195 8 11
413 1415 57 2
413 1423 23 6
413 1441 58 8
414 417 27 13
414 454 55 8
414 567 54 15
414 922 41 6
414 1180 16 6
415 686 2 9
415 782 20 7
415 906 29 3
415 971 13 1
415 1104 59 10
415 1322 20 9
415 1420 47 9
416 533 27 9
416 735 51 11
416 770 58 1
416 800 35 12
416 903 10 8
416 1139 27 3
416 1249 13 6
416 1302 2 14
416 1329 39 15
416 1399 48 9
417 981 54 15
417 1137 38 8
417 1443 9 9
418 1293 25 14
419 756 34 7
419 949 19 4
419 1053 41 9
419 1079 32 9
419 1313 15 2
420 498 31 11
420 558 11 10
420 1297 43 6
421 665 36 11
421 943 25 3
421 965 52 11
421 1030 37 5
421 1296 47 15
421 1303 40 8
422 727 48 8
422 769 18 15
422 831 55 5
422 1061 28 1
422 1180 51 15
422 1187 38 3
422 1193 34 5
423 430 22 4
423 636 4 3
423 784 22 6
423 1089 1 1
423 1177 29 6
423 1334 9 1
424 539 7 10
424 926 42 6
424 958 35 14
424 1199 26 8
424 1267 35 7
425 706 29 8
425 946 8 14
425 1115 44 5
425 1189 57 2
425 1230 16 10
425 1316 25 11
425 1348 35 7
426 773 37 15
426 858 3 9
426 932 14 13
426 1089 1 11
426 1434 11 13
427 782 46 6
427 962 15 12
428 443 27 14
428 575 3 4
428 590 59 3
428 812 57 8
428 875 46 11
428 1004 47 2
428 1094 32 5
428 1187 29 6
428 1337 31 12
429 929 50 13
429 1373 27 6
430 1048 39 1
430 1167 50 11
430 1246 40 10
430 1422 26 3
431 597 52 3
431 610 13 12
431 678 17 5
431 906 55 4
431 972 9 6
431 1036 25 7
431 1133 37 12
431 1167 29 10
431 1257 8 10
431 1370 49 12
432 707 42 14
432 762 2 9
432 779 29 3
432 1160 7 3
432 1248 7 11
433 604 4 4
434 798 49 15
434 1178 19 7
434 1312 20 14
435 620 45 15
435 632 50 10
435 654 13 9
435 659 57 9
435 877 6 15
435 1116 21 6
435 1224 39 3
435 1440 28 3
435 1463 23 11
436 494 26 11
436 536 26 8
436 761 2 1
436 872 57 1
436 897 34 8
436 1093 1 8
436 1097 15 5
436 1121 19 8
436 1451 15 5
437 460 32 1
437 477 46 13
437 498 58 5
437 583 59 11
437 702 5 5
437 713 20 8
437 1426 42 6
438 729 16 1
438 789 10 7
438 1326 3 10
440 555 46 5
440 568 58 4
440 747 11 7
440 794 39 4
440 924 11 7
440 1423 29 13
441 923 47 4
441 953 12 1
441 954 32 8
441 977 28 3
441 1199 15 7
441 1276 27 13
442 681 6 13
442 1263 7 1
443 544 13 6
443 916 37 13
443 1221 16 9
443 1282 56 4
443 1432 5 6
444 480 11 14
444 524 20 15
444 770 26 7
444 962 38 7
444 1412 15 15
444 1418 36 4
444 1436 57 9
445 852 51 13
445 900 58 3
445 1121 53 11
445 1326 11 4
445 1340 26 11
446 568 3 11
446 769 42 5
446 773 51 10
446 775 46 15
446 843 1 3
446 1326 58 6
447 614 15 11
447 726 41 6
447 834 49 14
447 1029 32 7
447 1195 22 14
447 1460 6 14
448 756 44 11
448 787 19 10
448 984 3 14
448 1079 13 12
448 1255 58 7
448 1465 50 7
449 505 9 1
449 567 39 14
449 670 50 11
449 702 18 4
449 759 29 12
449 1116 5 2
449 1304 42 10
449 1401 60 8
450 697 11 6
450 833 4 10
450 883 41 9
450 901 18 8
450 958 36 11
450 980 55 7
450 1060 24 8
450 1305 11 1
451 1222 47 6
452 538 56 13
452 785 4 15
452 810 8 8
452 1248 46 13
452 1284 2 5
452 1432 42 5
453 511 17 15
453 593 60 5
453 798 52 5
453 926 57 7
454 491 11 10
454 762 53 6
454 945 34 9
454 1336 45 8
455 654 48 12
455 714 35 14
455 935 30 5
455 1024 11 6
455 1086 12 11
455 1097 25 7
455 1101 30 13
455 1109 35 10
455 1216 43 14
456 601 41 14
456 1032 7 8
456 1084 56 2
456 1389 55 4
457 521 24 10
457 595 21 13
457 1030 15 5
457 1072 18 9
457 1218 30 10
457 1338 21 10
458 611 28 13
458 645 14 12
458 908 14 10
458 1452 26 3
458 1455 10 6
459 738 51 3
459 1154 9 1
459 1155 46 2
460 630 48 5
460 639 60 7
460 680 44 11
460 687 22 6
460 690 44 12
460 708 31 10
460 774 60 4
460 788 26 10
460 1045 8 6
460 1313 40 7
461 484 60 6
461 789 31 14
461 916 55 13
461 943 49 14
461 1162 29 4
461 1206 34 1
461 1406 2 14
462 472 49 2
462 1072 54 2
462 1140 37 1
462 1155 29 1
462 1175 1 12
462 1279 49 12
463 534 41 5
463 704 39 15
463 846 25 10
463 978 41 11
463 1014 17 1
464 893 36 11
465 508 39 12
465 565 39 8
465 679 27 8
465 743 25 13
465 818 16 11
465 1044 32 11
465 1198 42 11
465 1268 31 4
466 487 3 9
466 771 6 10
466 1007 42 7
466 1131 37 5
466 1185 18 4
466 1253 10 8
466 1400 2 1
467 508 35 9
467 905 58 12
467 1015 15 12
467 1150 20 3
468 642 53 12
468 707 26 13
468 1251 33 11
468 1312 40 8
468 1407 50 8
469 685 40 2
469 699 52 15
469 841 28 8
469 873 10 1
469 907 43 7
469 940 48 4
469 1298 19 12
469 1322 38 6
469 1336 10 13
470 748 10 3
470 933 26 8
470 950 12 8
470 1228 58 10
470 1372 13 15
470 1382 10 13
471 487 32 9
471 563 17 4
471 683 30 6
471 1016 5 5
471 1066 20 2
471 1163 13 15
471 1340 4 8
471 1371 9 12
472 580 53 13
472 765 60 2
472 1160 1 8
472 1192 10 2
472 1228 36 3
472 1323 1 10
473 1097 19 1
474 684 29 11
474 838 22 7
474 884 3 7
474 888 10 14
474 947 53 13
474 1094 12 1
474 1225 35 7
475 703 52 13
475 878 10 11
475 1014 23 15
475 1178 32 3
475 1297 15 2
475 1350 54 15
476 562 31 8
476 567 29 2
476 869 50 15
476 978 27 8
476 1376 51 14
476 1418 39 6
476 1456 45 11
477 841 33 2
477 1058 34 1
477 1103 15 13
477 1377 37 9
477 1385 45 8
478 509 19 10
478 546 41 12
478 868 52 13
478 900 29 8
478 974 19 6
478 984 52 7
478 1022 18 12
478 1078 20 7
478 1164 32 2
478 1283 35 11
479 595 39 11
479 1120 53 12
479 1192 32 10
479 1206 13 4
479 1214 15 11
479 1401 18 1
480 606 2 4
480 610 27 2
480 799 1 12
480 819 60 4
480 915 29 13
480 1430 41 3
481 666 52 1
481 965 59 7
481 1130 10 7
481 1177 23 14
482 813 50 9
482 884 42 9
482 1019 42 11
482 1138 24 4
483 489 19 9
483 567 25 12
483 639 17 1
483 1453 22 7
484 618 35 4
484 856 21 14
484 904 1 4
484 961 14 9
484 1137 19 15
484 1275 13 14
484 1326 32 13
485 1321 58 5
485 1378 56 2
486 554 48 13
486 882 12 8
486 952 48 11
486 1253 55 10
486 1282 36 6
486 1366 36 7
487 529 26 10
487 698 53 5
487 772 58 3
487 1025 9 3
487 1092 10 4
488 645 27 5
488 793 46 1
488 872 52 10
488 877 37 6
488 885 29 9
488 982 50 10
488 1201 60 3
488 1342 40 1
488 1440 54 2
489 706 31 12
489 872 54 4
489 904 9 8
489 1233 21 3
489 1265 30 15
489 1300 20 9
490 592 17 11
490 767 10 7
490 1153 37 14
490 1244 33 11
491 724 50 4
491 911 20 1
491 984 16 8
491 1000 30 7
491 1173 24 8
492 657 60 10
492 665 35 7
492 735 27 7
492 975 18 4
492 1057 38 5
492 1097 25 9
492 1201 40 2
492 1237 16 14
492 1370 12 13
493 1075 9 3
493 1103 35 9
493 1367 52 9
494 770 14 11
494 817 58 12
494 1063 1 5
494 1078 25 7
494 1361 32 4
495 747 57 2
495 851 39 13
495 873 29 12
495 1117 20 14
495 1244 54 8
495 1406 5 5
496 531 40 2
496 546 32 9
496 1144 8 7
496 1442 2 9
497 606 19 4
497 700 35 13
497 872 14 6
497 931 15 9
497 1083 38 6
497 1118 43 9
497 1120 18 4
497 1211 6 12
497 1319 25 14
497 1329 58 8
498 595 2 9
498 655 37 8
498 659 59 10
498 1271 3 3
498 1435 48 15
499 713 18 4
499 830 14 6
499 854 60 9
499 897 42 3
499 1036 21 4
499 1248 48 10
499 1434 10 1
499 1441 54 7
500 838 36 12
500 931 36 13
500 1108 37 8
500 1373 4 14
501 564 22 4
501 799 25 13
501 862 6 6
501 911 27 15
501 1225 41 13
501 1267 11 5
502 779 32 4
502 1133 38 4
502 1158 49 12
502 1440 26 15
503 541 21 4
503 570 36 13
503 604 3 14
503 649 11 9
503 781 42 14
503 865 29 5
503 899 13 5
503 1006 32 4
503 1011 27 2
504 626 42 12
504 880 1 1
504 1003 2 2
504 1060 54 6
505 756 21 15
505 1011 21 9
505 1012 40 12
505 1100 40 1
505 1223 23 14
505 1269 48 3
505 1329 12 6
505 1456 38 9
506 538 57 13
506 586 52 5
506 602 21 12
506 849 51 3
506 1165 22 2
506 1268 8 12
506 1290 23 12
507 635 42 4
507 708 37 14
507 740 3 5
507 936 21 11
507 1029 54 14
507 1118 25 4
507 1145 9 6
507 1314 4 8
507 1390 49 1
508 920 31 6
508 991 30 10
508 1046 25 6
508 1152 38 4
509 536 16 11
509 844 3 15
509 1124 16 13
509 1383 36 7
510 651 51 6
510 676 55 11
510 1036 3 15
510 1199 31 13
510 1290 10 6
510 1319 26 8
510 1456 46 3
511 540 8 13
511 628 9 15
511 802 40 4
511 887 8 5
511 1040 2 14
511 1261 47 14
511 1407 60 7
512 523 13 9
512 535 51 13
512 619 39 10
512 667 44 15
512 794 57 3
512 830 59 8
513 1044 52 4
513 1263 2 6
513 1275 21 9
514 579 5 13
514 621 59 11
514 857 11 5
514 959 55 4
514 1384 8 3
515 539 54 13
515 784 31 13
515 878 56 15
515 952 18 14
515 1009 50 11
515 1111 22 4
515 1209 10 10
515 1394 40 5
516 593 11 9
516 1115 58 14
516 1196 27 11
517 589 59 14
517 695 24 5
517 1026 4 11
517 1091 53 4
517 1190 12 10
517 1388 34 11
518 730 28 6
518 916 48 8
518 1134 57 14
518 1152 35 10
518 1221 27 7
518 1294 11 14
519 634 28 9
519 1037 48 3
519 1170 29 4
519 1241 32 9
519 1334 10 10
519 1453 52 7
520 771 9 5
520 774 50 6
520 845 46 10
520 886 56 11
520 971 3 5
520 1130 32 1
520 1303 8 8
520 1322 35 15
521 629 10 6
521 1022 31 7
521 1138 49 1
521 1173 42 5
521 1228 4 6
521 1300 9 6
521 1343 24 12
522 584 9 2
522 642 8 8
522 1016 13 13
522 1074 59 10
523 795 44 10
523 1137 4 11
524 547 9 10
524 806 18 9
524 830 24 6
524 995 25 5
524 1062 13 14
524 1084 29 8
524 1114 58 7
524 1260 5 15
525 871 9 10
525 894 50 7
525 1430 7 13
526 677 24 11
526 790 45 6
526 1466 46 2
527 543 39 11
527 544 36 14
527 1369 20 9
528 623 5 9
528 1056 41 7
528 1083 7 10
528 1108 50 13
528 1208 16 15
528 1315 34 11
529 546 9 11
529 705 40 8
529 739 3 14
529 992 47 5
529 1243 52 2
530 748 37 15
530 1086 52 10
530 1226 7 5
531 709 43 13
531 793 32 3
531 881 48 2
531 924 10 5
531 970 1 13
531 989 17 4
531 996 49 13
531 998 31 10
531 1071 44 5
531 1282 33 2
531 1299 8 12
532 850 4 10
532 1089 21 11
532 1270 30 8
533 627 4 2
533 635 16 15
533 710 51 5
533 885 31 9
533 951 24 15
533 1225 7 4
533 1335 27 7
533 1443 12 3
534 667 18 12
534 833 18 3
534 1218 15 8
534 1437 30 3
534 1444 59 10
535 784 56 6
535 848 5 10
535 973 25 7
535 1081 8 4
535 1090 4 8
535 1165 24 6
536 577 22 3
536 883 30 5
536 937 15 14
536 1270 18 13
536 1289 36 7
537 562 25 9
537 695 38 6
537 789 42 12
537 901 53 11
537 955 4 15
538 732 4 10
538 810 19 11
538 887 36 13
538 1123 2 8
538 1217 44 9
538 1231 42 13
538 1236 45 1
538 1433 41 6
539 1062 58 3
539 1141 19 5
539 1458 45 9
539 1462 54 14
540 630 10 5
540 777 34 13
540 1073 32 12
540 1091 27 2
541 637 8 15
541 1048 33 7
541 1166 14 14
541 1202 55 12
542 598 54 8
542 725 23 14
542 835 4 13
542 860 6 2
542 930 29 5
542 971 9 15
542 1040 60 12
542 1362 2 13
542 1404 16 11
542 1429 25 4
543 1133 44 4
543 1408 22 8
544 865 40 9
544 1013 36 4
544 1087 39 10
544 1406 1 11
545 635 15 14
545 645 29 11
545 1440 51 2
545 1444 31 7
546 809 28 8
546 1083 39 12
547 778 9 15
547 821 58 2
547 846 19 5
547 870 16 5
547 939 54 1
547 1138 44 6
547 1173 17 12
547 1234 11 4
548 585 57 1
548 671 7 5
548 894 29 6
548 1264 17 9
548 1299 32 5
548 1414 20 10
549 1038 7 7
549 1140 52 9
550 664 14 7
550 1239 44 12
550 1386 5 10
551 714 21 3
551 785 52 1
551 810 42 13
551 836 48 6
551 838 44 2
551 1449 21 3
552 598 26 2
552 674 6 6
552 925 20 9
552 1045 46 11
552 1056 55 3
552 1338 39 10
552 1370 36 4
553 664 18 8
553 1061 2 11
554 605 54 9
554 861 44 1
554 943 10 15
554 1122 2 8
554 1173 41 15
554 1313 29 15
554 1347 42 14
554 1369 50 15
555 595 46 2
555 799 22 8
555 948 44 13
555 1166 6 9
555 1195 59 7
555 1465 8 10
556 597 2 7
556 642 55 3
556 812 16 5
556 993 39 11
556 1138 23 10
557 871 24 8
557 962 60 6
557 978 15 6
557 987 49 11
557 1039 21 6
557 1205 18 14
557 1275 11 13
557 1354 17 8
558 785 6 10
558 806 60 1
558 834 40 15
558 922 30 5
558 964 27 10
558 1182 8 8
559 623 23 13
559 875 51 10
559 1070 7 15
559 1124 58 9
559 1315 5 9
560 664 36 11
560 775 27 12
560 1366 34 15
561 880 18 9
561 881 50 2
561 1025 47 7
561 1107 52 10
561 1259 27 2
561 1260 20 14
561 1396 33 5
562 1176 58 10
562 1343 19 11
562 1358 3 12
563 1067 48 8
564 931 7 15
564 1318 1 2
564 1415 41 1
565 593 8 15
565 663 39 10
565 901 2 12
565 1003 28 15
566 645 38 9
566 653 7 7
566 911 25 4
566 995 27 11
566 1081 48 11
566 1098 2 15
566 1279 5 1
566 1415 30 5
567 752 9 4
567 820 33 2
567 929 50 10
567 979 12 9
567 989 18 13
567 1066 31 9
567 1321 8 13
568 596 16 13
568 731 1 14
568 969 26 5
568 1073 40 3
568 1158 2 11
568 1188 2 2
568 1219 43 12
568 1275 16 10
569 825 35 5
569 1130 20 6
569 1320 31 8
569 1413 44 11
570 942 58 1
570 1105 51 9
570 1286 33 3
570 1426 27 5
571 644 43 1
571 767 19 4
571 807 19 12
571 838 47 5
571 845 4 15
571 965 2 11
571 976 15 6
571 1309 4 7
572 825 58 5
572 850 39 5
572 888 14 12
572 935 46 9
572 964 25 3
572 1068 17 3
572 1080 15 8
573 577 45 2
573 802 53 14
573 912 37 11
573 962 45 2
573 969 58 2
573 1381 14 15
573 1435 16 8
574 724 55 12
574 1211 26 2
574 1295 19 14
574 1335 53 1
574 1362 16 9
574 1434 20 8
575 609 60 8
575 716 14 4
575 829 42 3
575 1032 45 5
575 1163 55 15
576 608 36 14
576 636 1 10
576 887 14 4
576 908 37 10
576 974 53 7
576 1014 28 4
576 1181 21 1
576 1268 22 3
577 625 8 10
577 683 16 3
577 697 36 6
577 725 56 15
577 1112 6 13
577 1417 41 4
578 1184 28 2
578 1221 35 6
579 625 38 3
579 758 34 8
579 1238 26 10
579 1462 58 10
580 854 42 7
580 995 34 15
580 1107 31 15
580 1134 50 4
581 652 27 12
581 677 27 7
581 820 5 1
581 1451 32 12
582 702 41 11
582 757 15 15
582 792 14 9
582 793 31 15
582 980 2 12
583 1079 34 6
583 1123 25 6
584 638 60 2
584 832 40 4
584 861 25 3
584 939 16 14
585 829 46 15
585 958 27 8
585 992 37 13
585 1234 17 11
585 1437 42 11
586 925 1 12
586 1080 16 1
587 618 23 3
587 933 4 10
587 1047 12 7
587 1058 44 10
587 1156 13 9
587 1442 29 6
587 1445 34 11
588 918 11 8
588 952 42 10
588 1289 6 3
588 1309 39 13
588 1334 60 7
589 676 59 5
589 912 11 4
589 969 54 12
589 991 49 3
590 591 11 4
590 608 6 6
590 750 13 5
590 965 34 6
590 1167 52 6
590 1243 7 5
590 1390 41 6
591 700 38 3
591 1002 6 6
591 1017 27 5
591 1153 39 6
591 1202 38 3
591 1402 60 7
592 992 37 12
592 1366 45 15
593 697 35 15
593 954 23 4
593 973 60 3
593 1087 30 4
593 1136 30 8
593 1213 28 4
593 1396 15 1
594 658 27 13
594 1084 58 15
594 1230 22 6
594 1293 33 6
594 1333 57 7
595 1352 57 15
595 1393 1 4
596 651 14 1
596 711 24 2
596 768 36 12
596 929 56 13
596 969 55 13
596 1107 15 7
596 1313 19 6
596 1392 31 15
597 841 23 8
597 999 3 14
597 1056 15 4
597 1229 21 2
597 1458 38 14
598 674 16 14
598 698 18 6
598 772 23 2
598 782 29 6
598 793 48 8
598 971 20 6
598 1207 6 3
598 1218 36 13
599 734 38 1
599 883 34 5
599 1080 30 10
599 1116 37 9
599 1289 60 14
599 1319 2 13
599 1361 7 7
600 731 10 11
600 795 31 14
600 842 7 11
600 875 1 5
600 1093 12 10
600 1189 3 6
600 1322 27 15
600 1325 27 4
600 1371 49 11
600 1455 22 15
601 718 22 10
601 766 8 9
601 1257 13 11
601 1449 13 13
602 1070 52 10
602 1092 42 13
602 1140 28 6
602 1141 58 1
602 1188 47 3
602 1313 52 14
603 755 41 12
603 1295 23 5
603 1413 49 9
604 636 21 11
604 980 25 1
605 978 40 2
606 747 19 10
606 763 48 1
606 827 2 5
606 903 44 14
606 1063 46 7
606 1403 2 1
607 726 48 3
607 896 41 11
607 947 57 8
607 979 33 9
607 1196 59 9
607 1229 27 15
607 1332 17 10
608 1023 16 6
608 1180 17 12
608 1196 6 6
608 1257 57 2
608 1434 16 1
609 632 19 10
609 688 37 15
609 793 23 6
609 1147 57 7
609 1458 40 15
610 901 29 11
610 1457 59 6
611 646 31 2
611 719 27 7
611 833 34 8
611 1070 55 8
611 1196 54 15
611 1328 42 9
612 663 14 15
612 1036 14 10
612 1343 30 1
612 1369 6 5
612 1386 1 14
613 679 5 9
613 730 5 5
613 1198 6 1
613 1234 23 4
614 704 1 14
614 713 60 11
615 702 20 11
615 806 57 11
615 836 30 8
615 912 49 15
615 1004 19 2
615 1051 8 8
615 1052 43 15
615 1180 40 15
615 1200 32 5
615 1397 50 1
616 963 51 10
616 1218 13 9
616 1237 37 2
616 1259 15 7
617 716 28 8
617 721 57 5
618 1087 16 6
618 1326 44 4
619 686 4 8
619 837 41 7
619 1289 54 3
619 1324 31 1
620 627 45 5
620 969 44 8
620 992 54 2
620 1046 60 14
620 1084 55 2
620 1185 4 9
620 1236 8 11
620 1396 26 1
620 1462 9 8
621 708 9 7
621 944 26 2
621 1166 34 9
621 1187 50 14
621 1272 33 1
622 1167 47 11
623 648 15 3
623 768 34 3
623 770 42 5
623 907 23 11
623 913 59 12
623 1101 42 13
623 1192 31 5
623 1359 50 2
624 680 47 4
624 760 26 2
624 962 49 7
624 1007 49 3
624 1104 16 14
625 717 17 5
625 1212 57 14
626 648 55 3
626 721 56 8
626 849 20 11
626 925 37 15
626 1137 46 8
626 1236 33 1
627 717 13 4
627 998 31 11
627 1167 44 1
627 1269 47 11
628 884 14 2
628 994 32 10
628 1012 11 12
628 1021 53 9
628 1101 34 2
628 1182 7 8
628 1320 27 4
629 692 42 1
629 748 40 10
629 1123 1 13
629 1237 52 4
630 765 11 1
630 884 4 12
630 995 3 12
630 1142 50 10
631 1212 28 3
631 1265 24 4
632 776 56 2
632 1325 39 11
633 812 18 4
633 1027 20 12
633 1159 46 12
633 1258 38 3
634 729 57 8
634 1234 1 15
634 1273 40 9
635 641 16 13
635 661 31 12
635 768 47 12
635 976 5 10
635 1268 27 3
635 1462 51 11
636 1264 4 14
637 643 37 14
637 665 2 2
637 730 50 1
637 893 8 12
637 967 28 1
637 1282 20 5
638 837 19 4
638 844 34 13
638 934 2 9
638 1250 38 2
639 729 42 3
639 768 47 1
639 820 58 10
639 1130 23 14
639 1195 38 4
639 1224 48 7
639 1231 3 13
640 715 21 12
640 849 24 3
640 1005 21 12
640 1108 39 15
640 1175 54 15
640 1383 40 12
641 869 45 10
641 1181 6 14
641 1347 15 14
641 1379 46 15
642 993 15 5
642 1011 48 4
642 1342 54 9
642 1344 34 5
642 1369 1 3
643 1341 5 14
644 712 40 9
644 865 51 15
644 954 31 10
644 1075 34 10
644 1244 45 4
644 1317 14 2
645 791 19 9
646 733 44 5
647 662 39 5
647 724 16 2
647 832 57 2
647 950 59 10
647 1112 24 10
647 1263 24 15
648 930 29 1
648 953 50 6
648 980 22 7
648 983 40 4
648 1034 33 15
649 738 5 12
649 1292 37 9
650 659 17 9
650 1060 35 2
650 1214 48 9
650 1242 49 14
650 1310 36 4
651 903 36 14
651 958 36 5
651 1193 59 9
651 1250 57 11
652 698 56 3
652 699 29 14
652 781 40 12
652 1018 17 8
652 1047 34 13
652 1115 58 9
652 1306 44 4
652 1377 41 10
653 666 54 11
653 784 47 10
653 899 8 9
653 935 42 13
653 1094 38 6
653 1110 4 1
653 1175 3 11
653 1325 6 10
654 731 57 1
654 765 30 5
654 1278 54 11
655 791 1 8
655 903 41 9
655 1001 4 1
655 1112 2 13
655 1173 34 15
655 1176 36 3
655 1208 5 10
656 759 34 14
656 895 43 15
656 955 8 8
656 1145 21 13
657 1001 31 10
657 1328 15 15
657 1359 12 8
658 698 41 13
658 714 5 15
658 774 18 15
658 916 37 1
658 1089 40 13
658 1131 26 2
659 858 18 11
659 1007 35 13
659 1272 12 4
659 1293 28 10
659 1357 40 5
660 977 17 7
660 1082 1 9
660 1134 51 12
660 1189 58 15
661 750 16 15
661 842 41 7
661 968 38 5
661 1076 33 9
662 784 22 10
662 900 43 4
662 922 5 8
662 928 26 11
662 1281 17 12
662 1400 53 14
662 1442 56 11
663 1029 58 7
663 1117 23 13
663 1154 43 6
663 1319 6 6
664 674 7 8
664 1194 14 5
664 1277 10 2
665 759 42 6
665 1130 32 1
665 1147 43 11
666 807 32 4
666 828 27 5
666 1080 23 6
666 1444 15 11
666 1455 22 10
667 981 46 5
667 984 42 10
667 1337 17 13
667 1392 25 5
668 935 6 2
668 1066 48 13
668 1204 20 5
668 1366 32 3
669 679 51 12
669 857 13 8
669 1289 12 1
670 1065 39 4
670 1354 41 3
671 747 10 10
671 942 33 15
671 952 52 10
671 966 7 2
671 1026 5 8
671 1040 12 13
672 825 30 9
672 1041 14 4
672 1394 48 15
673 747 40 2
673 1017 47 5
673 1070 45 7
673 1454 46 11
674 759 17 3
674 903 17 14
674 1021 9 2
674 1441 18 3
674 1457 33 12
675 777 21 13
675 854 39 10
675 961 54 11
675 970 26 9
676 918 55 15
676 1024 36 3
677 805 19 9
677 1099 56 9
677 1104 23 8
677 1315 35 7
677 1322 2 1
677 1389 1 13
677 1390 37 13
677 1445 47 1
678 783 24 4
678 789 11 3
678 1365 16 10
679 681 25 5
679 745 18 8
679 872 58 2
679 888 55 11
679 974 34 10
679 1457 36 5
680 925 4 7
680 1011 41 7
681 779 52 7
681 981 11 5
681 1288 34 15
681 1441 5 12
682 777 9 3
682 819 5 4
682 830 22 5
682 953 37 13
682 1155 29 9
682 1364 50 12
682 1433 15 9
683 748 36 11
683 855 8 6
683 900 30 11
683 1093 12 8
683 1147 21 13
683 1248 36 5
683 1374 6 1
684 881 20 11
684 1367 33 5
685 697 9 10
685 757 12 9
685 954 24 3
685 1051 35 7
685 1280 40 15
685 1435 32 1
686 784 49 9
686 1050 56 8
686 1312 45 12
687 1073 24 4
688 775 8 10
688 828 57 8
688 858 18 8
688 959 35 13
688 1347 38 14
689 733 35 10
689 1193 28 13
689 1383 45 1
690 810 24 9
690 854 8 11
690 959 2 5
690 1047 24 12
690 1142 47 11
690 1250 17 9
690 1329 6 3
691 711 49 12
691 871 51 3
691 934 6 5
691 1006 11 6
691 1044 59 11
691 1056 16 13
691 1260 11 10
691 1324 12 7
691 1346 13 1
692 729 60 14
692 1148 43 12
693 734 53 9
693 777 35 6
693 840 15 3
693 1042 6 1
693 1135 10 8
693 1144 30 11
694 737 43 15
695 773 53 9
695 907 60 1
695 1088 12 9
695 1270 16 5
695 1443 31 8
696 707 6 15
696 834 34 8
696 976 52 14
696 1176 1 9
696 1263 16 4
697 778 21 2
697 797 38 7
697 940 36 3
697 1017 2 8
697 1140 24 6
697 1266 46 14
697 1322 37 2
697 1326 37 5
697 1428 5 9
697 1436 42 2
697 1460 55 15
698 738 6 11
698 1010 58 10
699 739 9 9
699 836 37 11
699 841 48 5
699 910 9 10
699 1219 58 1
700 1278 32 15
700 1339 6 8
701 975 49 6
701 1089 51 7
701 1363 48 12
701 1373 59 13
702 1204 16 11
703 962 42 3
703 965 55 2
703 1147 15 12
704 708 14 4
704 709 53 8
704 963 54 6
704 1121 48 11
704 1249 7 10
704 1266 34 10
704 1277 33 3
705 933 25 6
705 1068 31 10
706 1209 59 1
706 1215 25 12
706 1349 42 12
706 1412 17 4
706 1459 43 14
707 894 19 12
707 928 15 8
707 1074 19 15
708 1161 39 8
708 1417 20 14
708 1430 23 5
708 1446 28 13
709 797 28 13
709 1118 1 13
710 773 42 3
710 787 45 6
710 875 18 2
710 1253 24 12
710 1376 2 4
710 1390 2 1
710 1408 60 12
711 795 1 15
711 1073 33 10
711 1137 49 9
711 1233 31 9
711 1280 53 2
712 737 23 7
712 1090 52 1
713 772 6 15
713 1189 16 2
713 1271 60 3
713 1462 54 8
714 1149 26 3
714 1268 9 11
715 921 15 9
715 962 47 4
715 1051 17 2
715 1074 60 6
716 762 36 11
716 767 60 14
716 774 44 5
716 882 5 15
716 924 26 13
716 1230 27 15
716 1292 51 9
717 756 49 3
717 975 12 6
717 1234 8 14
719 1079 9 3
719 1128 15 12
719 1131 29 3
719 1178 58 12
719 1189 36 4
719 1214 53 1
719 1230 7 1
719 1301 26 4
719 1399 20 14
720 1309 56 6
721 987 22 5
721 1047 11 8
721 1369 23 12
721 1438 40 4
722 824 17 7
722 930 18 5
722 1013 37 8
722 1216 55 10
723 730 26 1
723 1209 35 12
724 995 30 9
724 1101 56 13
724 1307 54 3
725 1030 56 7
725 1296 10 11
725 1327 18 9
726 1070 4 7
726 1440 44 15
726 1442 39 13
727 871 16 5
727 986 24 11
727 1066 60 15
727 1227 58 2
728 759 22 2
728 959 33 11
729 831 57 14
729 1012 54 14
729 1046 57 6
729 1065 24 13
729 1166 42 9
729 1306 34 3
729 1384 26 14
729 1414 47 4
729 1450 36 14
730 859 36 5
730 1095 14 12
730 1172 25 4
730 1232 37 4
731 941 9 7
731 1148 57 13
732 1303 20 10
733 794 28 4
733 820 24 15
733 1002 4 4
733 1143 53 3
733 1175 51 13
733 1267 35 14
733 1336 49 5
733 1427 15 2
734 827 22 4
734 838 30 15
734 840 31 1
734 1157 6 10
734 1298 27 5
735 867 2 1
735 1136 48 1
735 1277 24 3
735 1294 4 11
735 1457 26 9
736 835 44 10
736 1040 24 15
736 1132 16 15
736 1182 17 3
736 1452 43 8
737 856 42 1
737 1014 36 5
737 1026 21 1
737 1307 55 2
737 1399 57 9
738 947 13 6
738 1216 51 6
738 1437 36 6
738 1444 21 6
739 768 35 1
739 1136 32 6
739 1454 1 10
740 839 34 5
740 947 36 6
740 1164 39 12
740 1233 47 11
740 1236 6 15
740 1380 26 7
741 1309 54 10
741 1453 39 10
742 1426 18 4
743 773 31 14
743 1146 53 6
743 1162 50 3
743 1404 20 12
743 1438 7 14
744 839 33 11
744 868 27 14
744 1275 11 3
745 976 43 1
745 1034 24 10
745 1184 4 12
745 1191 47 6
745 1417 16 6
746 822 25 1
746 917 40 2
746 1058 4 13
746 1270 48 4
746 1309 60 3
746 1336 56 3
747 770 23 14
747 868 35 8
747 951 51 3
747 1170 40 12
748 882 32 15
748 1214 4 8
748 1230 29 13
748 1432 55 5
749 757 39 2
749 875 43 9
749 1059 47 1
749 1369 20 12
749 1460 21 12
750 774 19 2
750 875 30 5
750 1172 57 6
750 1231 7 7
750 1388 56 12
750 1444 7 12
751 892 49 12
751 1024 35 4
751 1237 5 2
751 1350 11 13
751 1400 25 10
752 1001 22 5
752 1165 8 4
753 765 17 1
753 769 40 13
753 1018 42 11
753 1292 25 6
753 1376 57 6
754 848 22 10
754 852 44 14
754 895 45 14
754 1014 6 6
754 1107 59 3
754 1337 50 14
754 1437 46 2
755 855 24 4
755 1188 38 3
755 1359 52 14
755 1406 15 8
756 1071 9 3
756 1221 5 15
757 804 34 13
757 1057 14 2
757 1304 43 5
757 1456 7 11
758 837 35 15
758 1333 40 15
758 1373 47 3
759 950 59 13
759 1090 11 10
760 764 32 8
760 978 50 2
761 822 10 9
761 1111 35 3
761 1197 50 7
761 1223 27 5
761 1423 7 10
762 833 26 6
762 1047 22 4
762 1221 42 5
762 1238 2 6
762 1408 33 2
763 849 27 1
763 1148 55 15
763 1315 24 15
764 1163 45 2
764 1207 40 12
764 1210 8 13
765 856 34 15
765 1061 17 5
765 1327 42 12
765 1364 8 8
765 1426 58 15
766 825 39 13
766 1077 55 2
766 1099 30 8
766 1155 11 12
766 1191 14 2
766 1228 16 5
766 1340 27 10
767 883 39 9
767 943 25 1
767 1261 28 3
767 1360 31 13
768 843 51 13
768 952 24 11
769 873 33 4
769 1104 7 2
769 1270 56 4
769 1374 39 6
769 1407 45 10
770 811 37 2
770 899 36 1
770 931 44 2
770 978 36 2
770 1278 32 1
770 1355 56 6
770 1369 17 5
770 1457 20 1
771 1113 10 5
772 1285 2 12
773 981 42 15
773 1015 37 5
773 1062 46 15
773 1236 59 14
773 1263 58 1
774 843 42 14
774 913 27 2
774 1094 44 3
774 1129 44 13
774 1145 54 7
774 1241 7 5
774 1418 23 10
774 1444 57 11
775 1265 48 11
775 1332 24 9
776 1195 12 4
777 1092 33 11
777 1097 15 8
778 890 12 2
778 952 35 14
778 1308 56 4
778 1371 58 5
779 882 7 4
779 928 53 8
779 1025 9 7
779 1307 13 4
779 1448 29 15
780 1025 50 3
780 1333 49 10
780 1449 49 9
781 820 5 6
781 872 8 7
781 1147 52 2
782 1178 35 1
782 1204 45 6
783 878 37 6
783 932 19 11
783 1380 47 1
784 846 3 11
784 1065 7 3
784 1375 5 4
784 1453 17 4
785 1078 44 4
785 1144 46 8
785 1206 42 9
786 835 57 7
786 1038 14 13
786 1199 1 12
786 1261 25 8
787 958 36 12
787 1144 40 6
787 1439 56 4
788 1197 12 15
788 1389 13 12
788 1441 26 10
788 1454 53 9
789 936 53 2
790 860 50 11
790 1003 49 4
790 1020 4 4
790 1175 50 12
790 1279 22 8
791 1019 54 4
791 1104 13 10
791 1217 6 1
792 958 54 7
792 966 2 13
792 983 45 5
792 1077 31 13
793 1091 9 14
793 1129 14 1
794 827 13 6
794 1044 58 13
794 1205 6 14
794 1304 7 1
794 1419 29 8
795 964 30 2
796 884 45 7
796 954 29 5
796 1081 22 12
796 1086 53 4
797 869 13 4
797 1120 37 10
797 1372 1 3
797 1441 53 9
797 1454 58 2
798 1150 10 9
799 892 10 7
799 1150 18 13
799 1199 48 4
799 1324 22 13
800 950 15 4
800 1046 54 15
801 1367 52 14
802 1071 4 8
802 1181 54 5
802 1192 53 13
802 1198 25 5
802 1437 10 15
802 1458 29 5
803 821 57 5
803 1265 36 13
803 1373 4 5
803 1424 54 15
804 810 6 1
804 1018 54 3
805 844 31 12
805 950 20 9
805 1041 12 4
805 1366 39 9
805 1429 39 14
805 1448 41 11
806 1090 39 3
806 1101 34 12
806 1296 56 6
807 1214 48 1
807 1222 17 10
807 1463 40 5
808 1111 4 14
808 1117 7 1
809 1044 45 12
809 1077 14 13
809 1138 47 9
809 1269 8 8
809 1291 11 12
810 822 37 8
810 1069 60 3
810 1110 11 6
811 906 47 10
811 911 38 6
811 1067 46 3
811 1201 22 10
811 1223 44 8
812 859 18 1
812 888 24 9
812 1214 27 4
813 917 11 15
813 972 58 7
813 1366 16 10
813 1454 28 14
813 1464 23 7
814 1230 7 8
814 1311 45 4
814 1423 28 10
814 1442 23 1
815 900 46 7
815 994 22 6
815 1015 49 13
815 1265 5 1
815 1344 52 8
816 946 38 5
816 1044 20 6
816 1186 51 6
817 919 51 4
817 1233 2 11
817 1244 14 11
817 1384 50 13
817 1461 57 1
818 1033 58 11
818 1090 25 1
818 1126 36 9
818 1225 15 6
819 1017 42 15
819 1279 14 14
819 1373 19 15
820 826 55 13
820 1035 18 13
820 1448 38 9
821 1117 37 5
821 1141 3 5
821 1200 51 13
821 1250 49 10
822 1080 7 7
822 1407 46 4
823 893 11 7
823 918 15 14
823 1056 59 14
823 1246 59 15
823 1249 60 6
823 1323 43 11
823 1440 42 13
824 856 22 2
824 956 10 10
824 988 3 10
825 923 24 15
825 1284 60 13
825 1341 17 10
826 910 37 8
826 1070 14 14
826 1149 28 12
826 1152 15 6
827 925 52 12
827 1217 20 8
827 1227 15 15
827 1276 30 3
828 879 56 9
828 1134 43 7
828 1216 48 14
828 1367 27 13
828 1434 44 11
829 884 50 4
830 884 20 12
830 1019 50 11
830 1128 26 7
830 1368 46 1
831 1115 2 12
832 845 37 7
832 944 49 1
832 989 45 15
832 1404 36 12
833 907 46 2
833 1331 12 5
834 850 54 8
834 1339 49 11
834 1387 60 4
835 867 26 12
835 996 12 12
835 1176 44 5
835 1177 54 14
835 1371 27 7
835 1429 4 7
836 990 51 6
836 1155 22 5
837 842 53 3
837 926 46 3
837 1083 37 3
837 1130 42 2
837 1145 53 12
837 1282 9 11
837 1323 57 9
837 1433 2 3
838 905 1 8
838 1218 36 13
839 886 56 11
839 1252 54 1
839 1277 49 4
839 1347 26 11
840 862 17 1
840 879 48 4
840 1006 27 11
841 992 2 9
841 1109 51 5
842 928 33 9
842 1158 58 12
843 1151 40 14
843 1303 55 13
843 1395 54 6
844 1001 56 2
844 1168 52 5
844 1212 16 15
844 1215 21 13
844 1320 32 10
844 1463 22 8
845 970 41 13
845 1334 25 6
846 861 19 15
846 991 1 9
846 1026 29 13
846 1306 52 8
846 1407 19 13
847 888 56 15
847 898 3 8
847 1409 26 14
847 1426 51 3
849 1018 40 11
849 1459 2 10
850 939 15 8
850 959 43 3
850 1357 11 12
851 896 56 6
851 998 54 11
851 1332 25 12
851 1403 41 13
852 1170 50 5
852 1292 28 13
853 962 34 10
853 1033 59 10
853 1046 10 3
853 1262 57 2
853 1288 52 9
854 1405 11 8
855 858 55 12
855 1067 26 5
855 1217 28 4
855 1453 37 15
856 990 2 14
856 1360 9 6
857 918 8 15
857 1143 16 14
857 1438 14 14
859 909 26 2
859 921 48 5
860 956 19 15
860 960 39 13
860 1078 12 11
860 1079 29 8
860 1246 18 10
860 1392 59 1
861 1061 48 1
862 898 2 5
862 1316 39 3
864 909 22 6
864 922 16 1
864 944 16 7
864 1117 44 6
864 1384 14 8
865 1034 49 13
865 1214 14 1
865 1331 33 10
865 1427 58 15
866 1006 55 4
866 1016 37 8
866 1212 19 11
867 974 10 2
867 986 31 2
867 1053 22 7
867 1180 4 11
867 1444 58 5
868 1288 30 3
868 1308 57 14
869 879 49 1
869 1043 33 4
870 1001 46 3
871 945 9 6
871 1028 2 2
871 1080 24 9
871 1081 1 11
871 1103 42 11
871 1324 55 11
872 951 39 13
872 993 4 14
872 1308 57 10
872 1382 5 5
872 1397 13 9
873 1246 6 4
873 1307 38 15
875 1223 57 10
876 919 26 13
876 1427 31 6
876 1454 57 5
877 956 6 12
877 989 35 10
877 1135 59 9
877 1354 41 14
878 1083 39 6
878 1359 34 11
878 1444 34 3
879 1414 25 4
880 1157 7 14
880 1319 4 15
881 1072 46 7
881 1160 7 2
881 1466 10 9
882 1267 26 7
882 1324 18 1
884 899 38 15
884 1201 9 4
884 1440 24 15
885 974 41 3
885 1110 58 4
885 1402 9 2
886 933 20 4
886 1023 57 15
886 1261 13 9
887 919 56 15
887 1139 55 15
887 1461 36 5
888 1137 59 6
888 1412 24 14
889 963 60 13
889 1395 2 11
890 920 14 15
890 1007 32 7
890 1061 20 7
890 1163 6 5
891 1394 3 4
892 1025 57 12
892 1034 32 8
892 1179 46 13
892 1246 32 2
893 1386 46 2
894 921 5 15
894 1151 6 1
894 1265 15 9
894 1403 22 10
894 1437 35 8
895 1423 48 1
896 929 45 9
896 1208 29 14
896 1245 2 14
896 1345 41 11
896 1354 45 1
897 1247 18 14
897 1402 58 5
898 935 15 5
898 1086 59 7
898 1257 40 3
898 1379 26 8
900 1169 7 15
900 1222 18 1
900 1299 40 1
900 1311 17 2
900 1381 60 13
901 1086 51 3
901 1184 41 1
901 1388 23 5
902 1209 9 4
902 1282 13 5
902 1420 16 13
902 1443 39 6
902 1463 13 1
903 1433 23 12
903 1434 28 11
904 1084 32 2
905 946 54 14
905 977 32 5
905 1342 26 2
905 1358 11 6
905 1433 42 3
905 1447 4 6
906 1044 47 7
906 1137 46 15
907 1035 57 7
907 1077 13 1
907 1175 35 2
907 1320 2 12
907 1327 23 4
907 1378 42 14
908 921 3 15
909 959 16 12
910 931 58 12
911 962 46 10
911 995 54 14
911 1244 47 7
911 1311 11 4
912 1115 51 15
912 1137 39 3
912 1230 59 15
912 1336 19 5
912 1378 55 12
912 1465 15 11
913 1165 58 1
913 1309 31 10
914 940 7 14
914 1000 60 13
914 1075 59 8
915 1037 46 4
915 1365 40 8
915 1368 34 6
915 1386 15 10
916 1004 41 1
916 1200 48 5
916 1438 2 4
916 1460 56 4
917 1236 33 5
917 1422 45 6
917 1445 36 3
918 944 16 8
918 983 25 1
918 1265 12 7
919 1203 33 10
919 1223 8 10
919 1228 6 15
919 1266 8 11
919 1313 19 2
919 1446 50 14
920 981 3 5
921 933 57 14
921 970 46 7
921 1125 5 8
921 1165 32 1
921 1211 38 12
922 1214 13 13
922 1268 38 11
922 1290 43 5
923 1037 28 5
923 1306 29 13
924 1005 50 1
924 1192 57 11
924 1208 29 6
924 1225 15 4
924 1333 55 14
924 1384 54 3
924 1388 25 9
925 933 53 9
925 1364 25 13
925 1409 52 15
925 1461 49 4
926 1017 26 13
926 1400 9 7
927 935 54 13
927 1046 18 2
927 1124 17 14
928 1024 24 10
928 1341 17 7
929 948 15 2
929 1244 14 9
930 953 27 4
930 1103 35 5
931 1082 53 13
931 1102 57 6
931 1103 3 3
931 1154 9 7
931 1293 40 5
931 1306 54 10
931 1325 44 12
932 992 5 15
932 1070 59 11
932 1122 8 8
932 1458 36 8
933 1127 7 11
933 1337 1 14
934 943 29 3
934 1010 55 5
934 1266 33 7
934 1391 4 6
935 1060 59 13
935 1106 6 8
935 1332 43 7
935 1395 23 4
936 1160 42 2
936 1381 11 12
936 1458 40 14
937 1102 42 15
937 1167 2 14
937 1389 24 1
937 1431 17 12
938 1282 28 7
939 1129 36 4
939 1376 41 3
939 1429 42 6
940 1135 30 6
941 1305 16 10
942 1147 40 11
943 1089 53 15
943 1260 46 1
944 957 32 6
945 1419 57 2
946 1068 20 14
946 1077 14 14
946 1108 7 9
946 1186 52 8
947 986 51 15
947 1018 13 4
947 1441 12 14
949 978 27 8
949 1140 47 1
949 1304 55 13
949 1374 28 2
949 1403 47 2
950 1098 48 15
950 1362 52 14
952 1052 8 5
952 1466 56 4
953 961 53 10
953 1158 7 15
953 1160 42 3
954 1013 53 4
955 1289 37 8
955 1430 2 1
956 1071 55 11
957 977 41 7
958 1341 20 11
958 1357 57 7
960 1273 19 10
960 1291 41 5
960 1314 52 6
960 1355 8 5
961 1418 38 9
961 1445 32 15
962 996 18 5
962 1433 53 7
963 1428 21 1
964 1136 29 8
965 1015 43 12
965 1089 30 10
966 1006 48 2
966 1182 13 2
966 1185 41 9
966 1284 44 7
968 1003 51 6
968 1011 4 11
968 1191 52 13
968 1232 5 6
968 1429 1 7
969 973 22 4
969 1197 38 3
969 1302 55 9
970 978 60 15
970 1122 15 14
970 1132 50 2
970 1179 17 2
970 1246 22 13
970 1394 34 8
970 1447 31 8
970 1452 49 14
971 1009 38 3
971 1108 43 4
971 1117 12 8
971 1400 24 14
973 1034 48 11
973 1113 26 11
973 1188 36 12
973 1215 10 5
974 994 28 6
974 1048 41 1
974 1377 19 1
975 1026 58 10
975 1201 35 1
975 1229 51 15
975 1403 60 5
976 1081 42 12
976 1109 21 6
976 1401 48 1
976 1424 39 9
977 1135 60 12
977 1464 27 6
978 1118 29 9
978 1362 34 8
980 993 5 10
980 1255 35 7
981 1266 35 15
981 1325 47 4
981 1426 55 8
982 1008 47 6
982 1098 22 7
982 1169 3 11
982 1185 19 9
982 1324 48 11
982 1326 4 1
982 1348 49 4
982 1452 43 1
984 1250 10 15
985 1052 41 12
985 1465 55 6
986 999 11 3
986 1413 42 3
987 1009 42 13
987 1035 33 4
987 1112 7 1
987 1117 53 1
987 1409 32 5
988 1060 48 1
988 1119 1 7
988 1249 50 1
989 1018 56 12
990 1070 14 1
990 1099 31 13
990 1195 25 11
991 1037 43 11
991 1291 9 3
992 1346 38 15
993 1037 1 10
993 1044 54 6
993 1317 36 10
993 1395 17 13
994 1075 8 4
994 1080 56 10
994 1113 11 11
994 1308 11 2
994 1359 35 12
995 1010 21 1
995 1116 11 12
995 1248 14 6
995 1374 13 13
996 1057 60 6
996 1237 19 11
996 1321 33 11
997 1091 1 9
997 1220 52 1
997 1252 49 11
998 1028 57 11
998 1152 19 13
998 1277 39 4
999 1086 32 10
999 1087 29 9
999 1107 32 12
999 1314 55 2
999 1354 19 9
1000 1014 44 7
1000 1169 35 2
1000 1408 53 13
1001 1174 20 1
1001 1396 17 13
1002 1199 12 6
1002 1318 6 4
1002 1374 10 6
1003 1070 20 6
1003 1180 33 6
1003 1248 8 6
1003 1431 15 4
1004 1212 43 1
1005 1284 20 8
1005 1289 42 10
1006 1076 46 9
1006 1121 22 13
1006 1207 44 14
1006 1236 8 11
1006 1262 58 14
1006 1344 39 7
1007 1444 18 4
1008 1155 41 7
1008 1332 39 8
1009 1402 18 10
1010 1267 54 12
1010 1362 17 13
1011 1038 29 14
1011 1442 5 14
1012 1164 6 10
1012 1219 30 10
1012 1269 51 1
1012 1274 49 8
1013 1102 19 10
1013 1178 34 7
1013 1301 15 5
1013 1400 9 13
1014 1072 3 13
1014 1374 11 11
1015 1170 53 14
1015 1314 1 3
1015 1437 4 11
1016 1043 60 11
1016 1293 48 13
1016 1295 35 7
1017 1140 32 9
1017 1278 15 11
1018 1179 60 7
1018 1447 1 13
1019 1230 57 9
1020 1048 14 10
1020 1409 47 7
1021 1154 46 1
1022 1242 45 9
1023 1102 21 6
1024 1107 40 6
1024 1108 53 14
1024 1141 35 12
1024 1193 47 5
1024 1243 2 8
1024 1365 14 14
1025 1313 22 14
1025 1444 49 12
1027 1197 48 3
1027 1276 7 1
1027 1323 7 3
1027 1359 55 3
1028 1331 57 2
1029 1117 27 9
1029 1458 27 10
1030 1214 36 5
1030 1223 6 2
1031 1304 51 2
1032 1048 50 13
1032 1118 50 12
1032 1219 6 5
1032 1285 39 4
1032 1337 29 4
1033 1263 19 2
1034 1042 16 15
1034 1132 57 13
1034 1204 28 15
1034 1230 39 5
1034 1336 16 13
1034 1443 16 2
1035 1099 23 11
1035 1106 22 14
1036 1330 49 7
1037 1189 44 13
1037 1290 19 12
1037 1364 60 3
1038 1163 14 6
1039 1067 33 12
1039 1229 41 13
1041 1182 42 9
1042 1307 25 12
1042 1319 35 4
1043 1367 6 5
1043 1405 14 10
1044 1085 20 4
1044 1226 5 2
1044 1297 1 5
1044 1351 37 10
1044 1400 41 12
1045 1115 57 8
1045 1203 54 10
1045 1320 45 9
1046 1408 19 15
1047 1056 17 4
1047 1152 19 14
1047 1370 33 13
1047 1384 46 1
1047 1423 15 9
1048 1219 53 5
1048 1284 19 9
1048 1302 31 4
1048 1394 52 1
1049 1112 23 14
1049 1211 24 8
1049 1379 3 15
1049 1452 47 2
1050 1299 6 9
1051 1191 35 12
1051 1199 21 1
1051 1299 4 4
1052 1092 49 1
1052 1143 47 9
1052 1288 17 7
1054 1188 30 3
1055 1121 20 5
1055 1217 50 6
1055 1413 24 6
1055 1428 50 6
1056 1064 10 5
1056 1079 60 4
1056 1231 36 14
1056 1252 15 2
1056 1265 15 14
1057 1201 38 8
1057 1317 29 11
1058 1338 27 14
1059 1152 42 7
1059 1364 59 9
1061 1210 59 8
1061 1404 24 5
1063 1130 42 13
1063 1222 8 12
1063 1421 27 13
1064 1415 32 4
1065 1122 59 12
1065 1200 29 10
1065 1201 49 2
1065 1369 3 6
1066 1195 4 3
1066 1206 23 12
1067 1095 8 7
1067 1102 26 3
1067 1371 31 8
1068 1101 25 15
1068 1207 48 3
1068 1363 1 3
1068 1377 50 1
1069 1249 18 4
1070 1125 1 6
1070 1207 3 5
1071 1114 22 11
1071 1119 15 10
1072 1393 57 10
1073 1106 56 4
1073 1239 37 14
1074 1170 45 13
1074 1429 9 15
1075 1165 34 1
1075 1455 16 10
1075 1458 8 11
1076 1359 40 15
1076 1409 42 14
1076 1412 58 12
1077 1084 34 12
1077 1117 41 3
1077 1293 43 9
1078 1085 15 14
1078 1112 3 15
1079 1196 18 13
1079 1414 10 8
1079 1416 3 5
1079 1451 60 12
1080 1325 57 10
1081 1361 23 15
1081 1460 17 15
1082 1098 38 7
1082 1310 42 15
1082 1421 3 4
1085 1242 42 14
1085 1410 19 13
1086 1117 39 5
1086 1295 10 9
1086 1322 10 3
1087 1192 24 3
1087 1266 2 6
1088 1164 9 13
1088 1342 19 10
1088 1353 12 7
1088 1399 36 2
1091 1132 27 12
1091 1286 5 5
1091 1390 55 5
1092 1373 34 12
1093 1227 5 12
1093 1306 23 15
1094 1191 15 1
1094 1267 37 2
1094 1298 19 4
1094 1317 15 10
1095 1124 12 5
1095 1342 12 9
1095 1389 16 2
1096 1234 42 8
1096 1342 44 3
1096 1352 51 1
1096 1455 34 15
1098 1123 42 6
1098 1130 60 8
1098 1189 21 7
1098 1266 32 3
1098 1413 53 9
1099 1299 38 1
1101 1168 45 7
1101 1271 10 9
1102 1399 45 7
1102 1462 6 12
1104 1241 44 4
1104 1242 10 4
1104 1270 42 1
1104 1277 2 1
1105 1211 22 11
1107 1218 51 15
1107 1240 41 8
1107 1258 18 10
1107 1452 17 13
1108 1203 14 8
1108 1253 25 7
1108 1376 28 6
1109 1287 20 11
1110 1257 31 4
1110 1422 9 3
1111 1251 10 11
1113 1437 3 11
1113 1465 55 12
1114 1213 2 12
1115 1269 51 14
1115 1354 49 8
1115 1463 48 8
1117 1315 59 15
1117 1428 21 6
1118 1185 18 12
1118 1234 36 10
1118 1269 28 11
1120 1275 9 9
1124 1194 40 6
1124 1251 36 12
1125 1202 27 14
1125 1242 47 15
1125 1337 23 4
1126 1284 48 1
1127 1210 27 4
1127 1281 50 5
1127 1401 52 10
1128 1171 48 11
1129 1368 33 12
1130 1233 34 11
1130 1356 23 10
1130 1365 17 6
1133 1318 54 14
1133 1417 32 4
1134 1294 56 7
1134 1451 25 14
1135 1266 45 14
1135 1318 57 14
1136 1178 29 3
1136 1390 50 15
1137 1332 1 9
1138 1239 3 9
1138 1246 35 2
1138 1336 52 1
1139 1250 7 1
1139 1283 24 3
1139 1441 35 13
1140 1337 42 4
1141 1361 15 11
1141 1434 6 10
1142 1152 8 9
1142 1161 33 2
1143 1274 54 2
1146 1168 57 8
1146 1193 42 14
1146 1212 12 5
1146 1214 24 2
1146 1386 5 7
1147 1203 17 3
1147 1460 25 14
1148 1458 36 3
1149 1235 12 11
1149 1243 46 14
1149 1397 16 14
1150 1281 13 10
1151 1187 51 10
1151 1460 46 6
1153 1248 18 14
1153 1348 55 12
1154 1184 46 11
1154 1346 13 6
1154 1422 58 4
1155 1242 43 13
1155 1261 43 6
1155 1274 29 15
1155 1306 28 4
1156 1163 47 6
1156 1299 16 7
1156 1348 6 15
1157 1170 6 12
1157 1419 4 9
1160 1180 24 9
1160 1192 25 9
1160 1393 34 15
1161 1168 17 3
1162 1179 6 1
1165 1173 14 14
1165 1216 60 3
1165 1453 9 1
1166 1272 27 11
1166 1298 50 2
1166 1306 15 9
1167 1328 49 8
1167 1447 27 6
1169 1269 23 1
1170 1424 46 13
1171 1263 30 5
1172 1308 51 2
1173 1203 51 8
1176 1236 19 12
1176 1309 23 4
1177 1200 12 7
1179 1243 12 13
1179 1315 49 3
1179 1376 47 3
1180 1263 11 15
1180 1341 1 1
1181 1447 16 11
1184 1320 26 6
1184 1322 59 13
1185 1234 37 14
1185 1310 8 8
1186 1228 17 5
1186 1234 10 6
1186 1264 57 13
1186 1268 13 6
1186 1410 59 10
1189 1234 14 11
1190 1195 42 15
1190 1243 50 6
1192 1232 5 5
1192 1311 37 11
1193 1206 53 8
1193 1207 26 10
1193 1318 6 2
1194 1236 47 11
1195 1266 6 2
1195 1420 10 4
1196 1250 48 12
1196 1272 4 5
1197 1232 1 13
1197 1344 21 10
1198 1354 21 3
1199 1231 22 11
1199 1331 36 14
1200 1405 45 8
1202 1313 12 1
1203 1253 24 4
1204 1320 47 8
1204 1377 60 12
1204 1433 34 7
1205 1366 46 11
1206 1316 10 10
1207 1232 5 15
1207 1261 48 8
1208 1218 5 4
1208 1222 31 12
1208 1381 43 13
1208 1427 44 8
1208 1452 4 2
1209 1329 17 9
1210 1313 22 5
1211 1280 4 4
1211 1427 17 9
1215 1288 25 5
1215 1449 51 1
1216 1244 25 11
1217 1312 30 15
1217 1356 38 2
1217 1406 26 6
1221 1445 48 12
1222 1224 59 11
1223 1465 43 8
1224 1298 8 4
1225 1272 52 7
1226 1378 49 10
1228 1375 36 4
1228 1402 50 13
1229 1242 18 9
1229 1383 52 5
1230 1320 14 4
1231 1414 2 10
1232 1237 25 6
1232 1272 5 11
1232 1413 6 9
1233 1462 43 11
1234 1444 55 13
1235 1258 52 10
1236 1375 58 12
1237 1389 36 10
1238 1350 12 9
1243 1340 12 4
1245 1352 13 4
1245 1391 49 13
1247 1323 56 5
1248 1300 17 12
1250 1395 8 7
1250 1407 6 3
1250 1439 5 3
1251 1262 48 1
1251 1429 51 15
1257 1405 15 4
1258 1334 14 4
1258 1380 51 4
1259 1314 26 6
1259 1348 4 5
1259 1453 38 8
1260 1400 47 7
1261 1348 8 14
1261 1454 39 14
1263 1357 25 15
1264 1324 34 13
1265 1419 36 4
1266 1327 4 4
1269 1292 33 14
1269 1397 16 4
1270 1363 56 6
1271 1455 59 1
1274 1283 18 1
1275 1280 57 12
1276 1331 10 9
1276 1423 59 4
1277 1389 39 6
1277 1414 49 10
1277 1449 29 4
1277 1454 20 12
1277 1464 30 2
1279 1287 4 7
1280 1360 1 2
1281 1310 38 14
1281 1372 45 6
1281 1463 43 12
1282 1294 37 7
1283 1410 50 2
1283 1460 47 2
1285 1352 21 14
1285 1392 25 7
1285 1443 58 3
1286 1464 47 7
1288 1293 37 9
1289 1417 56 15
1290 1367 26 8
1290 1386 36 8
1291 1404 5 14
1292 1397 6 6
1292 1412 13 9
1293 1336 51 5
1293 1418 32 12
1294 1311 44 11
1294 1427 30 6
1294 1466 21 14
1296 1320 29 7
1301 1459 6 12
1302 1418 31 6
1302 1460 47 1
1305 1329 10 12
1306 1313 52 8
1306 1412 30 11
1307 1416 48 7
1307 1433 38 13
1312 1336 23 11
1312 1341 49 5
1314 1355 45 13
1314 1371 25 14
1315 1338 55 7
1315 1375 19 2
1318 1344 30 10
1318 1347 53 12
1319 1372 20 10
1320 1418 50 13
1321 1419 51 9
1326 1445 29 7
1327 1353 21 8
1327 1419 2 3
1330 1367 43 6
1334 1339 28 12
1339 1372 24 3
1339 1456 58 6
1340 1448 35 3
1341 1451 30 11
1342 1404 43 10
1343 1399 51 8
1344 1438 14 5
1345 1367 22 6
1345 1403 59 11
1346 1395 33 11
1347 1422 39 4
1349 1351 49 9
1350 1428 34 13
1353 1451 56 5
1354 1371 4 10
1354 1374 6 1
1354 1398 58 5
1356 1387 9 10
1356 1403 50 1
1356 1419 14 9
1357 1414 4 12
1360 1415 47 1
1360 1435 47 3
1361 1401 56 15
1365 1371 40 4
1366 1441 4 11
1368 1431 17 10
1368 1443 31 3
1369 1382 53 3
1372 1374 60 13
1374 1377 55 12
1377 1430 29 4
1378 1459 38 13
1379 1423 40 13
1380 1406 39 10
1387 1399 53 8
1387 1456 46 3
1392 1436 25 3
1394 1459 29 13
1394 1460 38 9
1395 1400 57 4
1395 1405 19 3
1395 1427 47 8
1397 1448 15 1
1399 1443 10 6
1400 1429 15 9
1406 1407 35 11
1412 1463 33 1
1416 1449 23 13
1421 1456 26 11
1422 1463 49 12
1423 1440 49 9
1423 1452 50 7
1454 1455 9 14

0 6 1
1 17 7
2 18 45
3 26 32
4 28 28
5 33 48
6 34 37
7 37 14
8 40 41
9 47 16
10 48 37
11 68 8
12 82 22
13 83 48
14 102 31
15 112 12
16 114 39
17 117 4
18 119 49
19 143 47
20 158 6
21 161 4
22 164 21
23 168 32
24 180 1
25 181 24
26 188 20
27 204 11
28 213 30
29 216 37
30 220 16
31 222 7
32 238 38
33 249 2
34 251 17
35 255 49
36 262 5
37 264 10
38 294 24
39 309 36
40 328 8
41 342 5
42 352 25
43 369 15
44 373 24
45 379 17
46 381 32
47 388 37
48 412 12
49 417 39
50 425 37
51 428 44
52 436 40
53 448 3
54 450 9
55 461 10
56 485 9
57 489 39
58 490 31
59 491 31
60 497 3
61 534 7
62 548 40
63 556 13
64 574 7
65 602 5
66 612 4
67 615 4
68 641 7
69 664 46
70 678 23
71 687 9
72 690 44
73 695 5
74 697 23
75 699 19
76 706 18
77 730 39
78 743 20
79 749 38
80 750 18
81 751 27
82 760 4
83 763 47
84 785 4
85 790 42
86 791 35
87 801 15
88 811 35
89 831 8
90 840 3
91 846 49
92 875 2
93 879 22
94 891 7
95 895 46
96 906 39
97 909 15
98 914 15
99 925 27
100 929 15
101 940 50
102 946 45
103 951 14
104 953 7
105 967 31
106 991 39
107 998 27
108 1000 7
109 1013 38
110 1021 21
111 1023 1
112 1030 47
113 1031 29
114 1033 35
115 1043 39
116 1067 32
117 1070 43
118 1082 45
119 1094 17
120 1095 27
121 1110 37
122 1118 29
123 1130 6
124 1132 47
125 1144 8
126 1145 7
127 1172 27
128 1174 39
129 1177 17
130 1185 34
131 1217 40
132 1242 40
133 1244 37
134 1245 3
135 1260 33
136 1289 43
137 1302 21
138 1315 25
139 1316 15
140 1322 50
141 1339 22
142 1370 30
143 1434 13
144 1440 15
145 1461 12
