1702 5104 170 10

0 30 5034
1 60 10385
2 90 16070
3 120 22103
4 150 28502
5 180 35282
6 210 42461
7 240 50059
8 270 58094
9 300 66587

0 24634
1 32870
2 34023
3 33221
4 29744
5 36733
6 31211
7 32359
8 24827
9 30264
10 25148
11 37482
12 33861
13 29614
14 28626
15 35276
16 36818
17 32757
18 28377
19 31738
20 42104
21 33540
22 33804
23 38812
24 37673
25 21776
26 28001
27 33249
28 18804
29 32113
30 29575
31 30998
32 33329
33 36011
34 27546
35 29098
36 24767
37 27277
38 25722
39 27101
40 21791
41 33147
42 28635
43 28665
44 26042
45 36410
46 37634
47 41967
48 29613
49 33203
50 41661
51 31372
52 28183
53 31833
54 30646
55 25398
56 32108
57 27339
58 18347
59 33538
60 34421
61 33023
62 34286
63 30672
64 33625
65 29201
66 31397
67 29420
68 26391
69 35832
70 24834
71 27867
72 29164
73 27459
74 38482
75 31471
76 28645
77 34696
78 34305
79 33085
80 33088
81 27035
82 34468
83 36250
84 24693
85 32135
86 24662
87 29209
88 34034
89 31362
90 32051
91 32353
92 31912
93 32560
94 24694
95 25003
96 31613
97 39164
98 31303
99 31588
100 29726
101 37007
102 22939
103 39975
104 43508
105 20253
106 30239
107 40407
108 33079
109 28892
110 32286
111 27585
112 36373
113 39181
114 31038
115 25532
116 30893
117 38685
118 36461
119 37210
120 30937
121 27044
122 33553
123 34637
124 35694
125 24125
126 27531
127 31802
128 31011
129 30217
130 34218
131 34648
132 30008
133 30075
134 32655
135 35040
136 38614
137 20927
138 25256
139 37069
140 41359
141 22039
142 32595
143 40553
144 34881
145 36233
146 32567
147 26817
148 30791
149 30571
150 29336
151 31392
152 25164
153 34754
154 24343
155 37660
156 29547
157 29597
158 35581
159 35471
160 29943
161 26953
162 25556
163 39527
164 33483
165 28476
166 31153
167 26060
168 37454
169 33568
170 28608
171 21750
172 31380
173 30118
174 22427
175 40992
176 36423
177 26048
178 27365
179 25029
180 37086
181 21771
182 19026
183 35959
184 27220
185 29286
186 31508
187 28854
188 23515
189 31349
190 27179
191 32272
192 31946
193 30964
194 30001
195 35415
196 35327
197 34775
198 31204
199 41076
200 36840
201 23374
202 35256
203 23277
204 33363
205 23272
206 28296
207 33303
208 36660
209 30748
210 40713
211 26837
212 29866
213 38878
214 35430
215 43324
216 28276
217 28822
218 31841
219 26309
220 32323
221 33383
222 28497
223 31059
224 31243
225 26266
226 27204
227 29093
228 29470
229 33237
230 29206
231 24679
232 33231
233 23795
234 25620
235 25364
236 27590
237 25409
238 42537
239 37894
240 28223
241 29054
242 20521
243 36866
244 41473
245 30062
246 28409
247 34964
248 34236
249 34500
250 26129
251 43634
252 37162
253 37936
254 28828
255 34954
256 30583
257 39778
258 31193
259 36595
260 39663
261 26079
262 30353
263 24021
264 30720
265 29657
266 24788
267 33091
268 29866
269 20357
270 35342
271 33370
272 31515
273 23808
274 35291
275 23157
276 30647
277 28272
278 25366
279 31221
280 28630
281 31153
282 44151
283 28471
284 40723
285 27024
286 27307
287 31976
288 32610
289 29525
290 20467
291 36267
292 31304
293 44190
294 25910
295 23889
296 35651
297 27677
298 35131
299 32798
300 29956
301 29030
302 28124
303 34164
304 35731
305 26896
306 26067
307 37323
308 31274
309 34402
310 26165
311 31451
312 34587
313 26020
314 32926
315 33493
316 29616
317 29022
318 37901
319 35699
320 32928
321 31734
322 28699
323 21970
324 36139
325 32402
326 27402
327 22527
328 28730
329 36831
330 29414
331 33076
332 35416
333 27163
334 29862
335 33633
336 34682
337 38286
338 20104
339 27362
340 33668
341 27104
342 29271
343 31458
344 25660
345 29537
346 30677
347 32018
348 24262
349 32877
350 30083
351 36623
352 21392
353 30093
354 27095
355 28199
356 29612
357 27247
358 30230
359 25004
360 37484
361 41963
362 30063
363 28990
364 19796
365 39171
366 32160
367 27842
368 28763
369 30675
370 37469
371 25292
372 29622
373 31655
374 25194
375 25483
376 41330
377 27014
378 38092
379 29337
380 33575
381 39537
382 33609
383 19903
384 28389
385 33903
386 35162
387 24705
388 34449
389 31783
390 30875
391 35007
392 30978
393 29657
394 39364
395 25498
396 28679
397 29518
398 31309
399 29990
400 36600
401 20070
402 34285
403 36665
404 32469
405 29830
406 26315
407 39709
408 20652
409 37704
410 28424
411 27926
412 33537
413 29574
414 18059
415 33987
416 29245
417 29501
418 24414
419 30823
420 28944
421 38782
422 29080
423 38667
424 35731
425 36294
426 38705
427 38714
428 29673
429 38367
430 36794
431 39474
432 37769
433 37209
434 43044
435 31999
436 31602
437 27300
438 38304
439 32174
440 34173
441 29566
442 26301
443 30885
444 28488
445 34424
446 36298
447 31345
448 35700
449 24022
450 34704
451 21113
452 28793
453 34718
454 34333
455 24970
456 23734
457 29041
458 34304
459 30852
460 41587
461 27867
462 36404
463 34557
464 35765
465 36967
466 29477
467 30644
468 29159
469 45382
470 33929
471 33979
472 30222
473 27980
474 28123
475 31727
476 37017
477 36282
478 31286
479 26890
480 42481
481 29339
482 39431
483 31818
484 23498
485 22234
486 31779
487 23550
488 28132
489 25252
490 29902
491 29306
492 24861
493 30462
494 39325
495 32628
496 37107
497 32745
498 34955
499 33630
500 36087
501 28191
502 30131
503 29907
504 42362
505 33441
506 20858
507 32746
508 44091
509 34963
510 32718
511 30936
512 31750
513 31694
514 34312
515 35545
516 30334
517 30740
518 31964
519 27229
520 32165
521 27556
522 22161
523 34241
524 40788
525 31402
526 30055
527 25903
528 24936
529 27134
530 36007
531 31860
532 30033
533 34095
534 30081
535 27459
536 43482
537 29449
538 33700
539 26082
540 35792
541 23024
542 25180
543 35666
544 29719
545 44162
546 31480
547 29090
548 34854
549 32920
550 43689
551 35940
552 28548
553 30141
554 32197
555 28372
556 30742
557 36062
558 30802
559 41363
560 33954
561 34543
562 29455
563 35877
564 33780
565 31743
566 36539
567 31044
568 27776
569 31224
570 29604
571 25246
572 30316
573 39076
574 34348
575 44994
576 21947
577 28901
578 28567
579 38173
580 35363
581 23208
582 37928
583 32369
584 38670
585 24837
586 33500
587 33450
588 30052
589 30774
590 35975
591 35588
592 33021
593 34234
594 28806
595 27509
596 27162
597 20826
598 35788
599 32466
600 28363
601 32551
602 39206
603 37767
604 27324
605 33195
606 29990
607 27660
608 32213
609 34075
610 33760
611 29618
612 22623
613 30337
614 29415
615 29646
616 33557
617 28148
618 28757
619 32165
620 39903
621 33650
622 33580
623 28101
624 29861
625 31161
626 29380
627 28449
628 30704
629 24753
630 40972
631 36530
632 26322
633 42314
634 30425
635 24370
636 30306
637 29697
638 40706
639 21164
640 31623
641 24335
642 29443
643 27181
644 34339
645 31211
646 31682
647 26721
648 25142
649 36601
650 35693
651 32739
652 22163
653 43458
654 16611
655 30178
656 26805
657 37189
658 27311
659 27400
660 31079
661 33909
662 26418
663 34784
664 25223
665 19934
666 41412
667 35043
668 42371
669 37457
670 32809
671 26516
672 29317
673 36043
674 15758
675 30628
676 31796
677 35334
678 39574
679 33747
680 25795
681 30717
682 29821
683 38751
684 24342
685 32353
686 33166
687 39405
688 36876
689 31208
690 27999
691 27519
692 32959
693 36044
694 25644
695 24236
696 32546
697 36663
698 26596
699 39949
700 31627
701 27567
702 40759
703 32125
704 34892
705 36897
706 29679
707 24160
708 34192
709 37027
710 32116
711 38098
712 44379
713 27777
714 40821
715 33894
716 35285
717 19895
718 31841
719 29588
720 36525
721 25281
722 33604
723 23149
724 32115
725 35821
726 29083
727 29651
728 34009
729 35953
730 38406
731 29488
732 28562
733 31855
734 39038
735 29750
736 30180
737 37609
738 35114
739 33702
740 29218
741 28444
742 29529
743 21576
744 28597
745 32245
746 35668
747 31042
748 30747
749 30002
750 32891
751 26692
752 27678
753 28678
754 30390
755 36522
756 28538
757 33023
758 40396
759 20818
760 27493
761 42687
762 30750
763 31547
764 31133
765 33562
766 28130
767 27357
768 36289
769 26986
770 34301
771 35287
772 32033
773 41168
774 36791
775 37707
776 38067
777 36658
778 24374
779 34485
780 29527
781 38792
782 34505
783 27052
784 28387
785 33886
786 36275
787 33716
788 34430
789 37661
790 28268
791 26771
792 35174
793 30854
794 30492
795 31228
796 34842
797 33119
798 35043
799 30647
800 31274
801 36145
802 33566
803 37898
804 23717
805 27905
806 33490
807 36996
808 23954
809 31426
810 21493
811 27602
812 24133
813 38620
814 33035
815 30830
816 26588
817 27190
818 32910
819 34993
820 29213
821 33981
822 31694
823 30391
824 34328
825 27457
826 37531
827 28163
828 36388
829 32435
830 33160
831 29184
832 29683
833 31949
834 41165
835 33111
836 39717
837 31539
838 29038
839 26896
840 18738
841 30175
842 33062
843 33738
844 23126
845 30344
846 32855
847 21063
848 23199
849 20902
850 34693
851 41244
852 35661
853 18660
854 34334
855 29170
856 36529
857 29736
858 36311
859 38357
860 31876
861 30312
862 38807
863 31378
864 39956
865 25666
866 41093
867 39191
868 36574
869 41232
870 31318
871 24758
872 24490
873 28525
874 35776
875 29597
876 33025
877 35173
878 29222
879 21232
880 24250
881 30938
882 23922
883 36551
884 38210
885 28088
886 25480
887 29132
888 37665
889 28980
890 29728
891 31222
892 28549
893 36965
894 31272
895 29802
896 25322
897 26588
898 25603
899 33888
900 28371
901 26156
902 39684
903 40037
904 42197
905 33751
906 42079
907 24227
908 33015
909 38263
910 23550
911 31243
912 29161
913 38448
914 31918
915 43283
916 33469
917 23782
918 35009
919 31919
920 35243
921 39211
922 27401
923 31539
924 24926
925 33140
926 24206
927 25233
928 26928
929 30227
930 33763
931 35098
932 35359
933 37050
934 23746
935 36505
936 30686
937 28409
938 38479
939 35585
940 33861
941 33249
942 38532
943 36651
944 37626
945 28479
946 27123
947 24100
948 35948
949 33731
950 33698
951 32342
952 29103
953 32413
954 37969
955 37015
956 37654
957 33445
958 40101
959 24541
960 30947
961 21213
962 34758
963 26264
964 34519
965 24630
966 23380
967 34594
968 28991
969 31969
970 22622
971 18641
972 33583
973 37867
974 27380
975 38065
976 25607
977 37075
978 26695
979 31224
980 34187
981 32806
982 26051
983 28323
984 30531
985 28101
986 24896
987 23728
988 40948
989 37786
990 22626
991 26558
992 26636
993 21542
994 22779
995 35657
996 32921
997 32493
998 30334
999 27553
1000 26523
1001 26554
1002 30800
1003 30926
1004 38011
1005 31162
1006 33992
1007 31910
1008 30043
1009 22169
1010 29134
1011 30991
1012 38621
1013 36567
1014 22454
1015 36819
1016 33648
1017 29708
1018 30027
1019 28162
1020 31312
1021 32869
1022 25787
1023 20988
1024 30561
1025 26001
1026 27962
1027 39144
1028 31548
1029 22284
1030 40452
1031 31644
1032 36885
1033 32138
1034 34054
1035 36152
1036 24135
1037 32096
1038 28227
1039 29822
1040 36172
1041 32459
1042 31809
1043 36182
1044 41507
1045 34190
1046 30981
1047 28514
1048 27431
1049 25072
1050 38471
1051 35798
1052 30702
1053 33097
1054 36530
1055 33499
1056 19348
1057 33971
1058 36614
1059 32362
1060 33299
1061 38329
1062 41916
1063 41709
1064 30878
1065 34439
1066 19334
1067 30421
1068 31508
1069 24789
1070 35197
1071 28665
1072 35597
1073 33022
1074 30728
1075 32891
1076 28576
1077 34379
1078 30525
1079 25481
1080 26677
1081 21850
1082 38131
1083 25994
1084 35890
1085 34382
1086 27123
1087 33538
1088 32334
1089 32703
1090 26660
1091 29097
1092 34557
1093 23061
1094 27419
1095 35341
1096 36561
1097 26833
1098 33203
1099 26342
1100 27261
1101 33029
1102 33510
1103 29158
1104 30174
1105 35892
1106 27944
1107 37201
1108 28857
1109 36991
1110 22609
1111 35798
1112 29933
1113 32633
1114 31361
1115 26810
1116 29906
1117 34969
1118 29057
1119 25544
1120 26178
1121 35623
1122 34280
1123 31527
1124 27506
1125 26088
1126 29076
1127 32833
1128 29193
1129 25787
1130 28962
1131 35881
1132 34930
1133 43703
1134 34083
1135 25381
1136 33076
1137 24746
1138 29228
1139 31842
1140 23780
1141 25371
1142 34813
1143 33108
1144 39148
1145 32883
1146 25980
1147 33757
1148 29358
1149 33112
1150 27785
1151 27782
1152 22924
1153 37340
1154 26240
1155 34943
1156 31113
1157 31215
1158 26806
1159 28336
1160 28069
1161 30570
1162 20889
1163 26676
1164 31442
1165 28044
1166 28129
1167 37226
1168 39875
1169 34855
1170 26470
1171 26833
1172 32689
1173 40013
1174 25721
1175 32303
1176 30546
1177 38055
1178 31997
1179 31586
1180 32650
1181 27967
1182 25234
1183 31780
1184 27646
1185 28182
1186 20449
1187 31725
1188 32436
1189 32731
1190 29876
1191 21982
1192 38470
1193 40020
1194 38476
1195 21241
1196 30542
1197 35203
1198 24571
1199 42847
1200 36708
1201 35418
1202 35508
1203 45276
1204 26575
1205 43980
1206 35871
1207 33358
1208 31002
1209 23911
1210 32447
1211 21980
1212 36428
1213 22838
1214 24202
1215 31578
1216 15758
1217 30910
1218 27300
1219 23451
1220 32042
1221 28773
1222 30767
1223 41255
1224 41071
1225 18794
1226 35081
1227 32223
1228 37205
1229 24310
1230 26490
1231 27043
1232 27604
1233 31864
1234 37246
1235 35761
1236 32639
1237 35301
1238 36191
1239 29154
1240 30999
1241 29908
1242 34031
1243 20534
1244 38060
1245 36425
1246 25714
1247 24844
1248 30354
1249 27979
1250 33817
1251 37877
1252 27414
1253 33026
1254 34033
1255 33192
1256 30050
1257 24675
1258 38629
1259 38169
1260 38547
1261 23797
1262 28396
1263 28094
1264 36536
1265 30706
1266 34505
1267 28650
1268 26872
1269 34521
1270 26487
1271 25143
1272 21787
1273 32665
1274 30272
1275 29106
1276 42584
1277 31070
1278 41115
1279 33875
1280 38348
1281 27878
1282 34943
1283 38995
1284 22331
1285 30780
1286 21914
1287 23089
1288 33418
1289 30915
1290 35626
1291 27710
1292 33352
1293 31327
1294 33153
1295 36093
1296 28047
1297 40013
1298 29096
1299 32018
1300 22550
1301 31122
1302 31379
1303 34663
1304 32995
1305 39554
1306 24817
1307 17096
1308 39671
1309 36735
1310 41401
1311 30860
1312 27522
1313 33950
1314 24960
1315 28964
1316 33989
1317 37731
1318 31742
1319 35568
1320 30196
1321 32675
1322 25618
1323 28096
1324 32268
1325 33013
1326 32194
1327 23879
1328 34331
1329 32936
1330 32613
1331 38736
1332 39533
1333 41880
1334 21912
1335 32931
1336 31221
1337 36940
1338 35589
1339 23985
1340 40329
1341 33007
1342 33339
1343 31766
1344 30660
1345 34296
1346 33189
1347 31337
1348 24777
1349 32751
1350 32894
1351 24134
1352 30725
1353 25609
1354 16711
1355 36906
1356 28120
1357 25260
1358 27892
1359 40289
1360 34419
1361 33044
1362 34109
1363 40578
1364 44196
1365 31450
1366 42031
1367 34740
1368 22660
1369 34488
1370 39277
1371 27768
1372 30786
1373 32189
1374 26845
1375 24751
1376 44268
1377 30380
1378 28687
1379 30426
1380 41632
1381 34011
1382 29158
1383 29189
1384 27684
1385 38602
1386 38880
1387 28299
1388 35034
1389 31782
1390 40124
1391 28630
1392 34222
1393 34488
1394 37622
1395 33786
1396 24522
1397 32915
1398 38838
1399 34505
1400 29948
1401 22554
1402 18831
1403 36495
1404 21448
1405 36473
1406 30998
1407 23656
1408 27586
1409 29294
1410 35114
1411 30557
1412 39533
1413 28715
1414 35928
1415 29392
1416 32881
1417 38861
1418 32187
1419 33603
1420 34868
1421 34022
1422 28259
1423 27835
1424 27172
1425 22678
1426 30787
1427 22456
1428 26041
1429 23418
1430 38990
1431 37200
1432 28369
1433 38347
1434 24672
1435 33906
1436 32486
1437 34160
1438 25938
1439 29870
1440 26429
1441 27466
1442 34066
1443 31131
1444 33472
1445 33530
1446 27704
1447 28188
1448 38656
1449 41904
1450 34063
1451 29103
1452 29462
1453 40846
1454 28645
1455 24317
1456 31400
1457 25344
1458 34661
1459 34766
1460 28165
1461 35673
1462 33563
1463 38259
1464 26734
1465 38278
1466 19646
1467 19481
1468 35636
1469 40463
1470 24789
1471 31815
1472 31829
1473 32018
1474 28994
1475 32723
1476 34726
1477 32901
1478 25966
1479 30250
1480 39831
1481 38948
1482 33841
1483 32692
1484 29911
1485 25224
1486 40611
1487 37635
1488 28716
1489 30902
1490 36421
1491 30963
1492 27029
1493 39021
1494 35968
1495 31144
1496 30493
1497 35448
1498 37749
1499 45473
1500 34212
1501 27690
1502 27068
1503 31488
1504 31648
1505 30363
1506 39589
1507 29685
1508 29934
1509 34863
1510 27219
1511 30395
1512 27272
1513 31916
1514 32425
1515 39771
1516 33903
1517 32211
1518 32607
1519 30516
1520 38684
1521 28675
1522 27368
1523 30022
1524 34287
1525 27593
1526 25994
1527 28713
1528 24330
1529 30438
1530 35334
1531 29491
1532 30074
1533 31583
1534 30893
1535 37172
1536 35081
1537 33004
1538 27324
1539 31822
1540 33849
1541 30232
1542 22823
1543 28896
1544 30993
1545 21942
1546 27694
1547 30930
1548 33941
1549 39186
1550 26552
1551 25838
1552 28561
1553 38037
1554 36869
1555 41864
1556 29661
1557 32418
1558 27135
1559 27241
1560 21231
1561 26661
1562 33170
1563 33676
1564 23627
1565 21188
1566 31892
1567 28394
1568 27054
1569 32167
1570 26601
1571 30119
1572 39214
1573 32160
1574 30177
1575 35054
1576 27659
1577 35899
1578 34677
1579 31674
1580 41564
1581 34660
1582 33782
1583 30946
1584 21786
1585 19911
1586 28436
1587 32286
1588 26969
1589 35284
1590 35725
1591 29986
1592 26318
1593 44237
1594 33334
1595 26459
1596 28388
1597 26399
1598 28102
1599 36216
1600 38190
1601 27161
1602 30888
1603 24087
1604 37458
1605 33734
1606 33347
1607 24305
1608 32238
1609 27513
1610 34628
1611 32154
1612 27209
1613 23805
1614 39375
1615 30097
1616 27454
1617 39590
1618 24907
1619 28753
1620 29289
1621 28349
1622 31769
1623 40539
1624 28154
1625 43348
1626 22948
1627 33269
1628 21439
1629 35835
1630 30299
1631 42987
1632 28783
1633 31006
1634 31231
1635 27418
1636 29300
1637 26026
1638 22720
1639 38022
1640 32508
1641 32118
1642 26027
1643 38305
1644 37968
1645 22646
1646 35932
1647 32659
1648 34350
1649 32462
1650 39130
1651 30815
1652 25352
1653 27241
1654 34547
1655 26720
1656 35341
1657 33932
1658 36016
1659 27331
1660 36218
1661 37036
1662 31865
1663 36443
1664 36712
1665 28979
1666 30105
1667 40768
1668 28768
1669 24604
1670 29191
1671 29804
1672 23413
1673 26125
1674 25408
1675 40235
1676 29478
1677 30336
1678 42940
1679 20330
1680 35835
1681 32218
1682 31023
1683 32913
1684 31000
1685 24818
1686 29288
1687 32753
1688 41879
1689 29781
1690 31613
1691 43915
1692 36907
1693 26265
1694 35157
1695 32250
1696 23840
1697 22799
1698 36039
1699 34072
1700 28171
1701 35632

0 224 7 15
0 260 30 5
0 311 2 8
0 777 13 10
0 789 52 3
0 1040 15 11
0 1211 21 4
0 1268 1 14
0 1400 21 6
0 1561 20 7
0 1661 26 11
1 224 4 9
1 544 11 15
1 1295 8 5
1 1310 1 2
1 1400 28 1
1 1661 10 5
2 179 9 13
2 224 55 10
2 261 39 1
2 337 42 14
2 681 36 9
2 726 29 3
2 728 1 6
2 1006 15 15
2 1009 20 14
2 1015 28 10
2 1400 9 3
2 1432 35 2
2 1502 38 15
2 1661 6 10
2 1695 29 6
3 819 2 13
3 863 22 15
3 1146 4 6
3 1152 48 1
4 272 40 3
4 406 8 12
4 466 14 15
4 494 22 1
4 669 29 7
5 584 31 1
5 670 12 9
5 968 49 11
5 1143 47 14
5 1641 16 9
6 417 27 14
6 579 46 7
6 651 1 12
6 1063 16 7
6 1149 24 13
7 245 4 3
7 656 45 7
7 1134 52 2
8 321 30 10
8 734 17 3
8 1042 58 13
9 242 15 9
9 476 57 10
9 782 9 10
9 896 60 6
9 1170 10 13
9 1229 59 7
9 1580 56 1
10 20 50 14
10 276 57 15
10 277 20 4
10 928 41 8
10 1019 26 1
10 1469 22 14
10 1532 29 10
11 77 8 12
11 453 57 2
11 705 47 9
11 708 32 1
11 1191 44 12
11 1408 16 13
12 36 60 3
12 352 48 5
12 891 37 9
12 1155 21 7
13 116 48 14
13 399 33 13
13 418 45 13
13 653 8 2
13 1176 15 5
13 1185 57 15
13 1223 31 10
13 1458 35 6
14 81 59 7
14 139 22 7
14 1327 43 14
14 1526 29 5
15 135 1 6
15 594 21 8
15 1134 51 9
16 414 41 10
16 1064 30 13
16 1489 38 8
16 1678 28 8
17 31 51 7
17 289 58 15
17 641 53 6
17 1338 26 4
18 211 23 7
18 442 10 12
18 848 48 8
18 1031 48 13
18 1119 56 8
18 1212 44 4
18 1615 28 4
19 49 35 4
19 650 37 12
19 937 49 9
19 1116 11 4
19 1355 13 13
19 1510 39 8
20 170 32 15
20 269 43 12
20 1089 44 6
20 1286 42 2
20 1313 17 11
20 1389 22 15
21 159 14 2
21 340 48 4
21 367 8 8
21 818 40 6
21 1066 3 14
21 1283 30 10
21 1564 5 11
22 634 28 15
22 890 34 13
22 1143 1 15
22 1161 31 7
22 1285 43 7
23 370 45 11
23 478 27 13
23 513 14 12
23 608 54 5
23 739 18 13
23 853 34 13
23 969 25 8
23 1369 55 13
23 1387 22 4
23 1471 51 15
23 1538 39 4
23 1543 31 5
23 1681 8 1
24 51 14 2
24 62 24 9
24 332 35 3
24 981 39 12
24 1000 30 3
24 1021 9 5
25 193 20 3
25 307 23 3
25 857 27 10
25 997 40 1
25 1578 23 7
26 934 58 4
26 1341 5 4
26 1670 10 2
27 1205 26 2
27 1540 6 8
27 1683 53 7
28 362 36 7
28 587 46 1
28 957 26 8
28 1684 57 1
29 221 25 10
29 642 49 4
29 1280 41 8
29 1522 56 9
30 119 15 15
30 465 35 3
30 1162 20 8
30 1279 34 9
30 1347 4 8
30 1688 15 1
31 557 37 11
31 589 21 11
31 643 53 9
31 735 4 6
31 760 40 3
31 940 58 11
31 1186 1 5
32 186 40 2
32 440 11 9
32 772 6 9
32 1275 55 8
32 1323 22 13
32 1598 43 9
32 1604 59 14
33 164 46 5
33 321 49 6
33 348 33 6
33 391 36 1
33 960 19 3
33 1069 21 15
33 1256 9 9
33 1317 17 9
34 908 2 7
35 1257 15 7
36 51 20 2
36 402 42 3
36 1412 40 9
37 569 20 14
37 900 52 14
37 1444 53 11
37 1486 11 10
37 1691 33 14
38 1010 48 15
38 1205 24 2
38 1282 21 13
38 1329 21 11
38 1334 14 15
38 1509 28 7
39 298 32 2
39 582 54 4
39 752 44 6
39 1442 13 14
39 1515 17 1
40 119 55 3
40 274 16 9
40 555 7 6
40 616 17 15
40 770 37 3
40 1026 39 15
41 666 12 10
41 703 26 4
41 861 12 7
41 1371 8 9
41 1449 12 12
41 1489 17 8
42 739 39 7
42 1367 11 9
42 1474 17 8
42 1585 33 15
43 205 55 12
43 236 32 14
43 347 17 3
43 971 53 6
43 1536 14 10
44 495 20 10
44 663 40 11
44 846 39 10
44 989 10 8
44 1006 23 11
44 1182 43 2
44 1427 33 8
45 139 32 5
45 1170 6 4
45 1461 29 14
46 195 60 15
46 313 58 6
46 1152 57 11
46 1479 22 9
47 264 22 12
47 489 23 10
47 873 22 2
47 923 30 11
47 956 15 13
47 1202 31 14
47 1209 21 8
47 1509 49 4
47 1593 44 12
47 1625 21 8
48 328 47 8
48 443 37 5
48 683 14 1
48 1319 16 15
48 1368 12 9
49 146 21 14
49 1278 11 3
49 1652 32 12
50 82 29 9
50 495 44 9
50 509 37 3
50 578 10 4
50 1037 40 10
50 1415 48 15
51 124 11 5
51 981 51 9
51 996 33 13
51 1086 32 9
51 1390 18 2
52 194 18 7
52 358 8 4
52 407 15 9
52 1198 37 8
53 148 12 13
53 197 36 14
53 204 35 13
53 620 6 12
53 1169 12 1
53 1378 35 15
53 1694 10 4
54 88 47 7
54 117 45 14
54 122 31 10
54 272 48 9
54 321 3 11
54 945 24 14
54 1022 33 14
54 1276 14 6
54 1691 8 9
55 260 38 7
55 426 33 3
55 807 45 4
55 944 11 1
55 1119 51 15
55 1681 34 5
56 126 43 4
56 203 23 9
56 475 35 7
56 526 16 4
56 1493 42 7
56 1622 12 2
57 517 8 4
57 905 1 15
58 309 25 10
58 962 51 14
58 981 32 9
58 1615 52 9
58 1664 44 13
59 456 27 6
59 782 47 4
59 1613 27 13
60 347 1 14
60 378 59 12
60 838 9 7
60 1205 12 9
60 1377 60 11
60 1669 11 8
61 161 15 15
61 308 26 5
61 973 55 14
61 1122 60 8
61 1688 56 5
62 570 16 6
62 1207 27 2
62 1372 23 2
62 1479 32 5
62 1495 5 1
62 1612 8 4
62 1694 56 3
63 67 24 14
63 148 60 1
63 206 24 13
63 331 36 2
63 627 2 10
63 745 57 10
63 874 19 13
63 984 20 7
63 1276 7 7
63 1646 31 11
64 226 37 10
64 577 40 15
64 653 45 9
64 710 51 9
64 746 55 2
64 779 21 12
64 982 38 2
64 1013 46 7
64 1021 5 11
64 1056 31 15
64 1675 60 3
65 228 6 13
65 679 32 1
65 710 6 1
65 1053 8 6
65 1608 5 11
66 72 11 8
66 333 23 2
66 838 28 4
66 950 20 15
66 1231 14 5
66 1284 4 13
66 1612 27 10
66 1626 11 1
67 339 51 14
67 519 28 4
67 619 16 12
67 1325 41 3
68 1241 12 14
68 1469 29 10
69 217 22 3
69 291 28 13
69 407 17 13
69 480 48 11
69 712 9 13
69 1144 14 11
69 1148 42 9
69 1207 54 8
69 1259 60 3
70 291 35 13
70 546 48 9
70 1151 5 3
70 1174 4 4
70 1327 4 1
70 1507 44 9
70 1594 36 4
71 93 41 1
71 351 5 4
71 483 53 7
71 686 18 8
71 800 40 11
71 899 52 13
71 1058 48 11
71 1527 6 14
72 307 30 6
72 605 14 9
72 637 39 4
72 1087 8 7
72 1231 16 7
72 1554 39 12
73 317 25 15
73 436 43 2
73 438 24 15
73 657 8 14
73 1388 5 13
73 1482 45 8
73 1515 3 7
73 1664 24 9
74 463 35 1
74 552 53 5
74 1124 24 3
75 208 30 11
75 522 40 5
75 784 53 15
75 829 58 11
75 1112 28 13
75 1156 5 12
75 1395 19 3
75 1691 14 2
76 216 38 13
76 238 49 15
76 297 54 3
76 828 15 15
76 985 44 3
76 1586 34 11
76 1700 18 8
77 225 32 5
77 546 24 12
77 615 7 15
77 789 54 13
77 918 2 1
77 1361 52 10
77 1501 32 9
77 1518 29 6
78 121 3 1
78 460 25 6
78 1316 59 4
78 1408 4 14
78 1427 46 13
79 126 35 10
79 679 55 5
79 1054 49 6
79 1386 46 9
80 137 8 5
80 184 20 6
80 342 22 3
80 347 12 12
80 416 47 4
80 543 32 9
80 621 1 1
80 1105 21 5
80 1291 42 7
80 1510 18 3
81 431 15 13
81 690 4 6
81 759 57 7
81 903 28 7
81 1174 4 3
82 267 12 10
82 271 11 13
82 391 48 6
82 970 54 3
82 1596 46 11
83 101 28 8
83 1418 21 1
84 147 41 13
84 312 57 10
84 503 57 5
84 525 45 5
84 545 21 12
84 942 46 2
84 1366 31 1
85 214 59 13
85 1318 56 14
85 1423 56 15
85 1619 59 10
85 1622 42 12
85 1653 6 5
86 439 52 3
86 457 53 11
86 1144 13 4
87 553 10 4
87 761 49 1
87 1163 23 8
87 1507 43 3
88 379 39 4
88 838 46 4
88 878 5 3
88 1143 24 11
89 529 35 15
89 894 56 12
89 1048 7 10
89 1220 5 14
89 1629 51 8
90 183 40 4
90 823 47 2
90 850 32 7
90 1322 5 6
91 133 54 9
91 738 13 1
91 834 29 3
91 983 55 15
91 1449 17 4
91 1539 45 3
91 1552 41 10
91 1679 45 6
92 117 13 9
92 639 28 8
92 1671 28 2
93 163 5 9
93 173 14 8
93 276 9 13
93 765 31 12
93 1216 23 9
93 1456 21 4
93 1470 14 9
93 1577 53 5
94 152 44 9
94 318 52 6
94 408 43 15
94 913 46 2
95 274 20 4
95 866 28 9
96 353 3 1
96 808 26 9
96 1055 41 5
96 1064 28 2
96 1274 17 14
96 1300 7 4
97 221 19 13
97 302 20 11
97 404 21 1
97 542 40 6
97 992 4 10
97 1089 26 15
97 1262 55 5
97 1339 30 15
98 316 60 12
98 468 48 13
98 595 9 15
98 692 33 5
98 714 1 2
98 975 39 6
98 1028 29 14
98 1081 30 9
98 1165 55 7
98 1361 42 6
99 762 24 11
99 1183 52 9
99 1187 28 11
99 1527 45 4
100 558 44 15
100 617 60 15
100 1073 20 13
100 1230 25 15
100 1350 52 13
100 1412 35 14
100 1459 8 13
101 472 15 4
101 748 16 3
101 1142 25 6
101 1233 10 5
101 1550 55 10
102 258 15 4
102 834 31 5
102 1028 47 13
102 1184 16 9
102 1406 26 12
103 673 43 13
103 834 32 12
103 1180 57 11
104 350 5 6
104 371 47 14
104 470 22 6
104 795 51 5
104 1373 46 3
105 270 18 6
105 770 17 12
105 809 28 13
105 889 28 5
105 1245 16 3
105 1646 11 13
106 166 13 9
106 236 1 8
106 326 56 3
106 428 21 11
106 653 16 8
106 1174 3 12
106 1556 56 6
106 1564 16 14
107 401 24 5
107 656 50 9
107 726 48 3
107 740 57 13
107 1044 41 15
107 1385 6 12
107 1414 19 8
108 396 25 8
108 407 18 11
108 535 44 3
108 1316 3 3
109 521 56 15
109 523 42 8
109 642 44 1
109 880 2 11
109 1226 51 4
109 1358 54 14
109 1482 18 13
109 1514 36 1
110 239 24 12
110 269 54 1
110 1215 44 15
110 1282 47 7
110 1317 52 15
110 1580 31 12
110 1597 50 10
110 1662 26 10
111 199 15 1
111 557 42 6
111 1045 34 7
111 1084 59 12
111 1254 8 9
111 1330 45 13
111 1476 7 7
111 1672 52 6
112 591 36 4
112 626 51 13
112 787 13 8
112 789 37 9
113 245 29 5
113 370 24 8
113 782 29 7
113 1122 1 6
113 1185 6 3
113 1687 21 11
113 1700 12 10
114 485 4 11
114 1411 27 7
115 918 50 8
115 1456 50 1
115 1576 18 11
116 124 7 4
116 443 26 14
116 647 18 15
116 843 60 3
116 996 60 5
116 1326 11 2
116 1353 44 6
116 1377 43 7
117 267 51 8
117 298 39 7
117 541 17 6
117 639 57 15
117 744 2 7
117 827 38 8
117 1563 40 6
117 1647 22 6
118 180 16 12
118 453 46 14
118 689 34 1
118 1034 4 15
119 1058 44 6
119 1190 32 15
120 675 36 1
120 789 10 4
120 849 39 9
120 1345 37 14
120 1586 13 11
121 164 26 12
121 447 51 12
121 456 32 5
121 601 18 13
121 765 55 10
121 1093 21 7
121 1347 8 4
121 1420 27 11
121 1694 35 5
122 196 36 8
122 642 2 12
122 956 40 2
122 1105 35 9
122 1231 48 4
122 1236 28 10
122 1540 47 1
122 1679 9 4
122 1699 11 7
123 227 32 4
123 237 37 2
123 338 26 5
123 433 17 3
123 480 29 8
123 670 35 4
123 1019 52 3
123 1293 24 6
123 1614 19 14
124 209 39 10
124 428 52 5
124 579 22 12
124 916 38 7
124 949 56 11
124 1078 17 3
124 1196 35 8
124 1280 11 1
124 1440 17 15
125 231 55 5
125 394 13 9
125 724 18 7
125 760 1 11
125 970 30 2
125 1003 45 13
125 1113 56 8
125 1686 22 9
126 279 52 12
126 665 57 11
126 1297 12 8
126 1649 2 1
127 353 54 6
127 826 4 9
127 1168 28 9
127 1546 43 7
128 309 59 6
128 618 1 3
128 877 55 12
128 1247 2 11
129 399 60 6
129 596 24 2
129 1232 60 9
129 1673 60 9
130 1071 57 8
130 1427 38 10
130 1553 53 4
131 228 24 14
131 424 10 6
131 1024 60 1
131 1046 58 15
131 1630 27 9
132 372 30 5
132 540 29 11
132 573 19 7
132 846 2 1
132 953 9 5
132 998 25 8
132 1579 13 15
133 895 27 4
133 1090 17 6
133 1447 52 2
134 177 59 6
134 204 55 11
134 396 54 5
134 462 43 11
134 574 22 14
134 1243 42 10
134 1398 6 7
134 1620 31 11
135 435 5 14
135 895 14 1
135 1254 10 1
135 1463 38 13
136 225 57 4
136 478 55 6
136 681 27 1
136 742 4 10
136 952 14 5
136 1250 8 11
137 513 21 4
137 519 51 4
137 754 49 2
137 776 7 2
137 1168 17 14
138 404 30 5
138 612 60 11
138 1081 23 6
138 1387 12 3
138 1404 40 5
139 267 19 14
139 682 29 9
139 1241 17 10
139 1518 6 2
140 280 41 5
140 758 18 2
140 1036 50 5
140 1185 53 9
140 1285 31 7
140 1556 1 9
141 196 11 5
141 270 5 12
141 283 9 10
141 292 24 4
141 712 8 5
141 732 37 3
141 1130 41 14
141 1192 19 5
141 1268 7 10
141 1437 34 4
141 1588 47 9
142 358 11 8
142 396 45 2
142 1058 30 2
142 1204 53 6
142 1492 11 5
142 1538 11 4
142 1613 13 4
143 255 17 1
143 374 57 11
143 669 29 11
143 681 6 6
143 803 15 12
143 1204 42 5
144 235 5 13
144 333 1 10
144 857 46 2
144 1367 22 11
144 1369 57 11
144 1399 59 3
144 1519 50 14
144 1651 30 15
145 543 22 6
145 824 48 2
145 1487 45 11
146 210 24 9
146 408 18 3
146 411 25 4
146 431 39 9
146 893 5 7
146 1471 24 2
146 1693 23 12
147 342 23 8
147 565 5 13
147 1157 46 14
147 1471 34 3
148 227 42 1
148 350 19 8
148 436 46 9
148 827 45 11
148 1042 39 14
148 1173 37 12
149 310 56 15
149 446 58 11
149 448 21 1
149 574 5 11
149 1226 20 6
149 1523 34 4
150 168 47 9
150 450 33 7
150 589 59 3
150 640 19 3
150 1266 27 9
150 1300 49 4
150 1374 2 11
151 733 1 1
151 968 24 14
151 1302 24 2
151 1338 48 14
151 1544 6 12
152 311 11 13
152 530 37 7
152 681 22 14
152 785 11 7
152 1116 24 11
152 1289 56 12
152 1472 56 15
153 283 35 8
153 600 41 1
153 713 38 12
153 1366 36 11
153 1412 46 7
153 1491 11 1
153 1528 7 13
153 1531 49 7
154 211 8 11
154 216 29 9
154 732 45 11
154 883 23 4
154 1477 53 13
155 320 42 11
155 335 32 1
155 728 46 5
155 1673 18 5
156 523 29 3
156 573 53 1
156 706 10 5
156 817 38 6
156 1090 3 9
156 1122 60 14
156 1288 16 6
156 1520 41 3
156 1544 4 6
156 1605 35 2
156 1654 1 11
157 561 9 12
157 736 10 13
157 864 10 12
157 1288 31 13
158 369 22 4
158 901 60 12
158 991 33 3
158 1251 5 6
158 1344 5 10
158 1388 20 12
159 213 10 5
159 300 11 4
159 704 47 2
159 804 9 9
159 851 20 15
159 1180 9 14
159 1233 22 4
159 1422 40 8
160 275 3 12
160 569 14 3
160 735 34 6
160 1207 24 11
160 1380 37 13
160 1660 16 11
160 1680 12 13
161 1302 55 15
161 1392 58 1
162 1026 38 13
162 1309 45 3
162 1490 48 5
163 616 50 3
163 1653 56 6
164 347 20 14
164 1083 12 7
164 1325 52 9
165 602 51 9
165 729 52 4
165 1258 52 4
165 1452 23 14
166 306 32 8
166 438 59 13
166 452 35 2
166 769 19 2
166 1005 14 13
166 1063 10 12
166 1195 21 13
166 1264 47 13
167 191 11 11
167 271 3 9
167 437 34 13
167 467 10 8
167 477 6 11
167 554 17 14
167 993 28 2
167 1009 17 13
167 1099 5 11
167 1447 4 8
167 1677 15 11
168 565 34 1
168 736 4 11
168 906 16 9
168 924 30 8
168 1260 19 10
168 1288 12 4
169 353 42 9
169 612 51 3
169 1174 32 1
169 1209 36 6
170 975 41 8
170 1032 14 9
170 1076 59 9
170 1276 30 14
170 1373 38 5
170 1619 59 8
171 882 14 11
171 906 38 1
171 1102 46 4
171 1288 25 6
171 1320 1 12
171 1596 47 11
172 541 47 10
172 604 3 9
172 767 7 9
172 805 46 8
172 1026 20 9
172 1041 3 5
172 1194 50 15
172 1204 15 8
173 613 3 7
173 861 55 9
173 903 29 9
173 1126 48 3
173 1584 53 2
174 416 57 10
174 717 8 12
174 978 4 4
174 1066 13 7
174 1395 11 10
174 1447 34 14
174 1449 40 7
175 419 18 4
175 473 27 12
175 965 43 1
175 1128 36 12
175 1233 34 3
175 1266 41 11
175 1281 58 13
175 1534 12 14
176 368 2 7
176 617 28 12
176 998 56 1
176 1202 46 1
176 1329 8 3
176 1378 33 9
176 1515 48 4
176 1654 38 4
177 489 28 14
177 757 31 3
177 1305 43 6
177 1383 12 10
177 1653 42 2
178 195 15 15
178 393 38 10
178 475 57 9
178 796 30 2
178 1180 57 6
179 208 36 1
179 922 53 14
179 1059 10 11
179 1517 10 11
179 1597 47 1
180 939 33 3
180 995 33 5
180 1005 11 3
180 1041 29 4
180 1088 19 10
180 1363 47 8
181 1407 22 3
181 1505 25 9
182 211 21 13
182 382 3 8
182 990 49 14
182 1427 39 6
182 1429 44 13
183 328 4 9
183 666 44 11
183 1266 25 14
184 219 20 6
184 970 36 5
185 506 39 1
185 1008 54 2
185 1056 37 5
185 1121 2 4
185 1361 55 2
186 875 39 7
186 906 47 6
187 286 4 7
187 297 6 3
187 496 49 5
187 533 55 2
187 538 60 7
187 935 57 4
187 1053 25 10
187 1238 31 9
187 1427 20 15
187 1552 26 9
188 1009 55 3
188 1194 54 10
188 1393 60 13
189 715 49 14
189 877 5 3
190 234 40 15
190 439 37 7
190 468 20 9
190 580 54 1
190 1100 41 9
190 1484 24 6
190 1655 50 13
191 624 9 10
191 946 14 11
192 380 33 13
192 706 26 10
192 875 54 8
192 1242 60 1
192 1362 19 8
192 1653 48 13
193 624 5 13
193 1015 33 8
194 394 18 8
194 620 31 12
194 843 59 12
194 1099 1 12
195 828 54 5
195 1234 9 14
195 1280 48 5
195 1569 10 4
196 699 6 7
196 702 56 13
196 776 23 1
196 1262 32 3
196 1461 48 1
197 198 45 3
197 236 23 8
197 339 11 5
197 1054 39 14
197 1133 5 2
197 1348 20 12
197 1391 15 14
198 301 4 1
198 377 34 6
198 821 9 3
198 884 36 14
198 943 23 8
198 1102 12 4
198 1665 58 3
199 208 32 2
199 272 34 9
199 839 8 2
199 1019 2 10
199 1157 39 2
199 1540 2 3
199 1665 56 11
200 556 18 3
200 591 20 12
200 706 51 6
200 760 12 7
200 769 15 3
200 981 60 13
200 1053 44 11
201 311 37 3
201 456 11 4
201 482 25 11
201 556 30 14
201 625 47 4
201 913 41 7
201 1043 42 10
201 1323 50 2
201 1343 15 10
201 1506 18 2
202 579 15 14
202 803 49 4
202 1167 25 2
202 1411 37 3
202 1694 15 3
203 235 2 1
203 461 29 11
203 723 30 7
203 1178 33 13
203 1567 21 6
204 249 25 14
204 298 46 13
204 313 42 9
204 541 60 8
204 1318 38 15
204 1407 47 12
205 334 30 6
205 775 6 10
205 776 39 15
205 959 22 7
205 1223 50 4
205 1694 21 15
206 681 13 8
206 1439 29 3
206 1551 45 9
207 951 26 2
207 1477 5 7
209 385 12 5
209 1301 34 9
209 1492 51 2
210 453 45 1
210 657 49 6
210 905 49 14
211 263 16 13
211 304 59 6
211 509 36 1
211 736 12 8
211 997 36 4
211 1465 3 12
211 1634 5 6
212 269 38 2
212 577 50 11
212 634 5 11
212 682 25 3
212 920 7 3
212 1088 18 6
212 1469 59 8
213 502 55 5
213 595 50 9
213 715 36 2
213 1070 60 2
213 1378 35 15
213 1484 22 8
214 557 49 3
214 651 14 6
214 665 18 13
214 837 30 4
214 888 1 3
214 1244 51 4
215 521 10 10
215 624 57 14
215 774 58 12
215 849 45 2
215 955 56 15
215 1311 27 13
215 1479 5 12
216 427 39 9
216 618 57 2
216 1172 8 15
217 1403 49 5
217 1405 18 8
217 1424 5 6
217 1663 20 9
218 856 32 6
218 911 18 10
218 1100 32 15
218 1395 43 12
219 1404 27 7
219 1431 6 9
219 1597 2 12
220 381 44 12
220 573 4 15
220 655 46 15
220 810 26 3
220 921 23 11
220 1066 4 15
220 1435 33 11
220 1574 58 9
221 232 56 8
221 813 18 10
221 1118 21 11
221 1244 6 1
221 1323 12 12
221 1587 45 11
222 347 32 15
222 465 48 15
222 812 28 9
222 1229 34 10
222 1318 7 1
222 1584 24 13
223 270 35 5
223 495 26 12
223 559 9 1
223 977 52 4
223 1008 18 5
223 1103 34 15
223 1112 40 14
223 1292 28 2
223 1409 55 5
223 1686 49 8
225 494 44 9
225 762 40 1
225 776 22 2
225 799 24 2
225 909 50 10
225 1065 4 9
225 1071 29 11
225 1622 41 1
226 500 22 2
226 749 15 4
226 805 13 8
226 897 46 5
226 1694 5 15
227 452 16 9
227 616 51 7
227 826 9 15
227 1191 4 7
227 1431 59 15
227 1515 29 4
227 1579 45 1
227 1673 24 6
228 267 34 11
228 297 35 2
228 628 19 1
228 635 50 12
228 1247 20 5
228 1479 18 15
228 1670 54 10
229 327 15 7
229 486 44 10
229 534 28 1
229 652 6 7
229 906 18 10
229 978 38 1
229 1166 23 15
229 1241 4 15
229 1610 58 12
229 1675 59 5
230 642 32 8
230 668 38 13
231 357 9 13
231 459 6 4
231 778 43 3
231 883 2 15
231 921 33 14
231 1064 9 9
231 1413 15 12
232 718 4 9
232 885 56 8
233 763 8 10
233 1085 35 10
233 1437 1 13
234 328 41 1
234 870 59 11
234 878 15 6
234 1536 6 7
235 1121 13 15
235 1384 16 11
235 1473 7 1
236 859 35 3
236 1039 10 12
236 1481 3 2
236 1623 29 12
237 325 29 11
237 616 26 4
238 241 15 10
238 246 4 14
238 1696 57 7
239 476 10 9
239 724 23 15
239 1111 13 2
239 1308 41 10
239 1571 21 14
240 1004 33 10
240 1699 16 8
241 707 26 7
241 909 47 5
242 1116 33 2
242 1193 11 13
242 1592 33 14
243 295 33 5
243 702 54 9
243 810 21 1
243 991 46 10
243 1151 28 15
243 1328 28 4
243 1664 13 13
244 569 14 10
244 576 60 2
244 824 37 15
244 1076 41 10
244 1571 2 13
245 658 17 5
245 741 33 14
245 775 7 5
245 1026 36 6
245 1237 57 11
245 1659 21 1
246 530 7 8
246 973 33 3
246 1120 52 13
246 1129 48 6
246 1382 8 6
246 1503 17 5
247 488 58 14
247 655 32 7
247 787 28 3
247 1551 60 13
247 1571 40 15
248 564 21 9
248 849 30 3
248 1124 13 3
248 1169 54 13
248 1592 41 15
249 778 32 11
249 866 32 12
249 921 40 3
249 1264 36 7
249 1468 28 13
249 1516 18 10
250 479 58 12
250 512 13 2
250 1113 17 1
250 1278 48 14
250 1288 57 9
250 1404 6 6
250 1553 18 4
251 501 46 13
251 509 32 6
251 515 17 10
251 877 23 12
251 880 39 3
251 1582 21 2
251 1659 56 14
252 882 57 10
252 1404 34 2
252 1564 17 3
252 1572 41 9
253 791 4 9
253 1153 36 14
253 1191 26 15
254 308 9 1
254 424 31 1
254 474 36 1
254 851 49 5
254 870 25 10
254 925 49 9
255 707 60 13
255 1136 25 13
255 1193 60 2
255 1241 51 4
255 1432 45 14
255 1624 49 7
256 813 47 11
256 1510 51 7
256 1620 19 11
257 1295 49 15
257 1312 13 9
258 635 10 13
258 660 45 15
258 712 32 2
258 797 55 2
258 1045 28 14
258 1200 21 1
259 309 35 15
259 374 30 6
259 621 13 6
259 1038 3 7
259 1573 28 2
260 641 31 8
261 430 15 15
261 569 5 12
261 995 59 1
262 589 52 3
262 780 35 6
262 807 23 5
262 834 42 3
262 880 5 9
262 994 9 12
262 1025 57 5
263 412 38 10
263 861 51 14
263 1298 52 14
264 425 47 9
264 537 1 14
264 762 59 4
264 1119 44 13
264 1293 47 6
264 1317 58 7
264 1523 10 1
264 1671 37 11
264 1674 57 10
265 383 54 10
265 553 5 7
265 655 1 8
265 1452 21 4
265 1592 22 15
265 1682 41 2
266 805 34 3
266 1157 20 12
266 1171 32 3
266 1587 2 6
267 526 28 7
267 711 30 7
267 821 15 13
267 994 60 10
267 1043 21 4
267 1504 43 13
267 1553 58 5
268 309 57 5
268 976 37 3
268 983 12 11
268 1258 37 5
268 1603 6 12
269 700 37 10
269 707 43 14
269 942 6 6
269 998 60 12
269 1018 4 1
269 1106 18 12
269 1199 11 9
269 1337 7 6
270 440 24 8
270 511 19 3
270 819 48 13
270 1083 3 6
270 1650 41 13
270 1697 4 12
270 1698 59 11
271 445 47 9
271 487 29 2
271 1117 58 7
271 1209 28 9
271 1638 2 15
272 294 40 7
272 540 17 14
272 561 9 8
272 960 40 14
272 1565 36 3
272 1660 52 5
273 549 21 3
273 838 53 8
273 1155 16 4
274 307 6 13
274 565 21 1
274 760 17 13
274 821 20 3
274 1283 11 7
274 1344 48 14
275 475 38 15
275 477 39 8
275 508 36 2
275 605 15 12
275 823 4 12
275 844 1 2
275 982 51 1
275 1134 25 7
275 1221 47 11
275 1368 1 1
275 1387 49 3
275 1672 46 4
276 313 30 5
276 1155 12 4
276 1654 23 3
277 892 36 15
277 1062 54 14
277 1436 14 4
278 885 50 8
278 988 17 12
279 863 12 15
280 321 17 6
280 773 44 12
280 898 20 5
281 403 12 11
281 461 16 8
281 626 19 5
281 1539 14 5
281 1610 46 14
282 1325 33 8
282 1700 32 11
284 1036 25 2
284 1063 15 11
285 394 19 11
285 1218 1 7
285 1278 32 10
285 1298 47 7
285 1401 47 6
285 1535 39 15
286 620 31 13
286 981 54 9
287 319 27 4
287 1462 37 10
288 515 48 1
288 740 1 5
288 801 4 12
288 1270 47 6
289 335 19 1
289 425 60 8
289 617 17 5
289 1437 56 13
289 1651 38 13
290 303 15 7
290 483 2 4
290 816 57 7
290 949 13 12
291 512 31 10
291 578 8 13
291 629 57 15
291 704 25 11
291 964 52 13
291 1089 26 8
291 1151 16 4
291 1640 14 13
292 312 1 10
292 510 32 1
292 595 6 6
292 770 50 12
292 1006 1 9
292 1114 20 1
292 1442 9 8
292 1473 29 11
293 509 14 11
293 749 16 13
293 903 59 4
293 964 3 1
293 1049 20 3
293 1157 10 3
293 1340 7 9
293 1438 27 9
293 1491 32 15
293 1690 39 14
294 1307 57 7
294 1318 31 1
294 1412 17 1
294 1692 22 15
296 1669 36 7
296 1680 56 10
297 546 34 11
297 624 20 13
297 1343 50 9
297 1502 7 15
297 1589 39 4
298 962 1 6
298 1098 16 12
298 1257 47 6
298 1303 37 5
298 1330 11 12
298 1394 34 9
298 1671 51 15
299 640 26 1
299 990 26 2
299 1075 44 6
299 1122 16 7
299 1223 36 12
299 1631 13 6
300 723 57 10
300 948 29 2
300 1058 36 13
300 1151 31 3
300 1321 3 14
300 1351 45 11
300 1408 33 12
300 1517 16 5
301 517 34 2
301 641 23 10
301 859 19 9
301 945 59 3
301 1385 24 12
302 693 28 14
302 1047 49 14
303 601 15 9
303 924 10 15
304 466 28 11
304 664 48 13
304 717 1 10
304 739 38 5
304 972 5 5
304 1051 35 14
305 1013 2 10
305 1100 9 6
305 1333 13 6
305 1454 49 2
306 490 49 6
306 1601 8 11
307 309 34 3
307 1201 42 4
307 1282 20 10
307 1674 31 13
308 450 42 1
308 690 56 13
308 776 50 7
308 1406 31 14
308 1621 2 1
309 314 3 13
309 395 44 11
309 628 40 10
309 829 10 5
309 921 35 1
309 1290 31 4
309 1671 10 11
310 699 35 11
310 729 43 15
310 754 56 10
310 833 49 15
310 932 51 3
310 1114 1 10
310 1301 32 12
311 328 26 7
311 934 36 4
311 1024 48 3
311 1027 43 11
311 1048 38 2
311 1076 14 11
311 1149 28 11
311 1219 15 11
311 1413 12 3
311 1649 32 7
313 554 46 8
313 935 15 1
313 941 36 8
313 1306 35 2
313 1506 24 8
314 450 58 7
314 816 20 4
314 925 19 10
314 1008 26 14
314 1090 13 12
314 1208 29 7
315 1171 53 1
316 398 44 3
316 722 38 10
316 868 39 5
317 447 11 11
317 677 6 14
317 922 57 11
317 1658 19 13
318 388 52 11
318 589 48 10
318 1241 59 5
318 1328 40 14
319 806 44 4
320 666 3 4
320 1021 2 3
320 1173 23 7
320 1324 15 4
320 1522 3 13
320 1581 8 14
321 689 26 6
321 925 58 10
321 926 13 4
321 931 60 8
321 1246 48 15
321 1403 18 8
321 1576 40 4
322 538 28 3
322 1581 39 15
323 726 39 7
323 795 10 3
323 1207 30 6
323 1317 2 13
324 1315 30 8
324 1529 43 7
325 793 55 1
325 858 45 11
325 925 58 5
325 1090 40 2
325 1191 47 6
326 347 25 15
326 363 29 15
326 759 16 7
326 858 24 10
326 989 1 15
326 1027 44 12
326 1303 52 12
327 465 52 4
327 605 12 11
327 941 16 14
327 1110 50 9
327 1159 59 1
327 1265 13 15
327 1295 23 11
327 1444 51 12
327 1603 49 2
327 1632 43 14
328 1314 9 9
328 1600 45 5
329 442 4 14
329 840 22 2
329 1032 24 1
329 1039 2 3
329 1145 32 7
329 1218 41 15
329 1229 6 12
329 1243 20 4
329 1543 47 2
330 746 59 15
330 900 38 11
330 988 34 5
330 1079 12 4
330 1292 6 5
330 1652 36 3
331 335 28 8
331 562 53 14
331 763 39 13
331 1230 40 4
331 1405 45 5
331 1551 15 15
331 1606 26 1
332 459 38 5
332 1171 7 13
332 1624 59 2
332 1643 47 11
333 875 49 10
333 1155 14 15
333 1328 11 11
333 1411 38 11
334 597 52 4
334 1403 12 5
334 1483 25 8
335 411 8 10
335 567 19 14
335 660 2 11
335 821 3 5
335 949 32 10
335 1244 5 11
335 1295 57 7
335 1440 25 10
335 1631 32 2
336 364 42 12
336 422 40 8
336 503 41 13
336 507 46 5
336 692 46 5
336 1192 20 13
336 1325 12 12
336 1391 42 7
336 1687 46 8
337 819 57 1
337 1059 33 7
337 1172 1 6
337 1647 30 3
338 1276 37 11
338 1308 24 13
338 1362 19 1
338 1411 49 14
338 1632 8 10
339 737 40 1
339 1150 13 5
339 1467 51 11
339 1645 31 9
340 663 23 14
340 1476 24 10
341 368 6 8
341 469 19 10
341 1095 4 3
341 1120 8 8
341 1574 19 10
342 1150 8 12
342 1409 24 5
342 1682 55 10
343 593 42 14
343 689 32 1
343 1505 52 13
343 1609 57 15
343 1668 21 12
344 408 38 1
344 477 51 9
344 1126 29 2
344 1341 49 13
344 1485 58 13
344 1660 19 12
345 777 35 4
345 1094 28 9
345 1506 24 10
346 443 42 11
346 660 44 9
346 1465 59 8
347 449 49 7
347 520 18 6
347 865 26 7
347 1556 54 3
347 1658 14 1
347 1668 58 5
348 387 29 8
348 1054 58 8
348 1294 25 4
348 1488 4 11
348 1494 52 3
349 432 34 5
349 478 51 1
349 1554 11 8
350 690 39 4
350 1516 26 8
350 1610 45 10
351 441 15 12
351 1033 28 5
351 1119 36 8
351 1402 49 4
351 1543 32 9
352 403 26 14
352 505 14 1
352 611 60 1
352 1168 53 5
352 1259 27 8
353 432 30 15
353 1599 27 7
354 709 10 13
354 852 39 4
355 742 37 6
355 884 4 14
355 986 2 6
355 1114 1 13
355 1542 23 2
356 500 38 9
356 1065 17 15
356 1371 16 14
356 1516 6 10
356 1589 15 3
357 910 13 15
357 939 51 8
358 711 20 3
358 770 35 14
358 1235 43 12
358 1671 15 13
358 1686 48 7
359 519 41 9
359 627 10 15
359 667 42 3
359 1221 27 1
359 1424 25 10
360 372 19 11
360 910 43 15
360 1051 50 11
360 1129 60 2
360 1497 36 11
361 1116 32 8
361 1293 54 15
361 1423 35 13
362 756 1 14
362 1168 24 1
362 1330 25 10
362 1346 43 13
362 1359 14 8
363 799 25 6
363 1172 2 12
363 1183 56 7
364 1097 41 1
364 1355 45 14
365 843 11 11
365 939 57 3
365 1273 6 11
365 1303 58 13
366 386 22 13
366 418 22 12
366 741 40 6
366 1030 48 5
366 1180 60 5
366 1478 52 7
366 1565 35 12
366 1636 29 15
367 956 39 5
367 1563 36 1
368 712 17 4
368 764 49 1
368 1492 4 5
368 1601 20 5
369 655 18 15
369 792 37 13
369 1109 46 13
369 1214 40 8
369 1413 45 14
370 824 11 12
370 926 10 11
370 1200 14 5
370 1290 40 5
370 1657 45 13
371 911 53 6
371 1543 24 15
371 1590 52 7
371 1598 37 3
371 1678 27 15
372 691 2 11
372 1127 9 2
372 1288 22 14
372 1364 50 5
373 401 45 5
373 587 29 6
373 668 34 2
373 1301 54 4
373 1368 5 15
373 1415 14 3
373 1507 43 2
373 1639 24 5
374 1107 3 2
374 1221 29 3
374 1390 31 2
375 538 2 3
375 586 43 10
375 999 3 13
375 1317 23 5
375 1387 45 8
375 1566 18 5
375 1588 2 5
375 1618 12 12
376 423 1 2
376 532 21 6
376 558 30 12
376 660 36 11
376 834 59 11
376 1059 23 14
376 1599 15 10
377 431 41 7
377 609 47 11
377 879 44 5
378 608 7 2
378 1028 9 6
378 1122 35 6
378 1352 24 5
378 1554 3 10
379 1255 50 8
379 1404 23 10
379 1456 4 8
379 1623 43 14
379 1667 16 13
380 748 10 12
380 816 55 9
380 1061 44 8
380 1544 25 3
381 514 5 3
381 567 8 10
381 1231 25 14
381 1254 34 6
381 1380 24 13
382 481 57 5
382 695 35 8
382 1103 18 14
382 1282 27 8
383 472 17 13
383 732 10 14
383 938 55 5
383 1218 58 4
383 1259 9 7
384 472 59 12
384 670 46 7
384 816 42 2
384 865 4 11
384 1040 40 4
384 1226 17 9
384 1662 38 7
385 400 34 7
385 944 22 1
385 1446 49 14
385 1508 47 14
386 758 54 10
386 1383 7 4
386 1386 48 2
386 1510 29 13
386 1519 15 8
387 1279 43 1
387 1308 10 5
387 1465 28 4
387 1588 59 9
388 558 32 3
388 727 39 3
388 765 38 8
388 774 28 13
388 983 12 6
388 1054 29 2
388 1503 31 3
388 1582 23 6
389 481 41 13
389 920 42 10
389 1058 48 11
389 1335 25 15
389 1406 13 2
390 437 50 15
390 564 28 1
390 598 28 2
390 888 17 3
390 1258 42 9
390 1360 59 7
390 1383 60 15
391 466 6 8
391 827 44 7
391 1077 44 15
391 1180 51 10
391 1225 21 6
391 1576 13 1
392 484 59 8
392 946 59 6
392 1019 13 13
392 1434 11 11
393 955 35 2
393 1564 56 1
394 446 8 12
394 559 6 6
394 610 52 5
394 653 51 1
394 884 26 8
394 1376 49 2
394 1429 18 1
395 513 56 6
395 669 24 3
395 709 25 3
396 406 23 1
396 664 18 3
396 872 27 7
396 1080 55 8
396 1365 15 9
396 1498 5 5
397 656 34 10
397 671 26 1
397 1142 30 6
397 1214 34 7
397 1241 52 13
397 1408 3 4
397 1628 57 4
398 432 29 11
398 529 14 10
398 690 4 15
398 1061 53 6
398 1101 53 5
398 1279 41 3
398 1345 36 9
398 1360 1 3
398 1626 18 2
398 1631 7 2
399 714 59 5
399 781 50 12
399 874 8 4
400 587 34 1
400 1050 14 8
400 1211 1 12
400 1313 5 14
401 719 22 2
401 1100 48 10
401 1486 9 10
401 1496 11 15
401 1570 32 4
402 444 8 2
402 909 28 1
402 1039 25 7
402 1140 41 11
402 1481 21 15
403 934 5 12
403 1125 1 3
403 1204 54 10
403 1224 35 7
403 1347 36 11
403 1408 41 9
403 1454 54 14
404 426 6 1
404 555 22 11
404 1480 52 3
405 1332 45 3
405 1393 46 2
405 1643 20 8
406 543 32 1
406 710 28 10
406 807 28 14
406 935 27 11
406 937 20 8
407 412 51 13
407 685 54 8
407 1066 54 14
408 519 53 6
408 722 17 6
408 923 37 6
408 1263 32 6
408 1547 6 12
409 1438 6 9
410 926 59 8
410 1138 54 13
410 1227 12 14
410 1287 11 6
410 1469 12 7
411 1542 28 3
412 759 39 8
412 791 24 3
412 1579 17 2
413 574 27 6
413 1058 57 12
413 1062 34 14
413 1092 1 1
413 1175 43 6
413 1265 25 10
413 1489 35 6
413 1563 24 13
413 1662 46 11
414 534 6 3
414 880 30 12
415 627 12 3
415 684 21 11
415 796 15 3
415 1299 7 1
416 592 12 2
416 1018 34 14
416 1198 39 11
416 1690 34 4
416 1695 29 3
417 852 53 9
417 901 15 5
417 1292 40 8
417 1316 31 2
417 1424 32 7
418 479 8 5
418 648 52 3
418 763 13 7
418 908 35 4
418 917 58 13
418 932 51 3
418 1056 29 5
418 1246 6 6
419 1028 53 14
419 1105 11 14
419 1216 7 3
419 1486 13 7
419 1604 44 7
420 757 54 4
420 1086 15 10
420 1257 16 9
420 1697 43 14
421 1052 1 15
422 523 12 4
422 548 43 6
422 713 24 7
422 753 38 6
422 758 15 5
422 1631 48 7
423 841 46 1
424 536 36 7
424 839 30 10
424 932 9 7
424 1023 28 1
424 1054 24 6
424 1145 45 2
424 1148 44 13
425 563 58 7
425 856 50 6
425 950 43 12
425 1545 58 14
426 1059 22 14
427 710 29 12
427 835 27 11
427 867 40 10
427 945 39 4
427 1204 25 15
427 1326 28 10
427 1356 45 13
427 1630 21 9
428 455 56 15
428 843 29 2
428 922 29 8
428 1121 37 9
428 1256 2 2
428 1271 57 13
428 1412 43 9
428 1625 60 15
429 592 13 8
429 746 55 9
429 918 54 11
429 1202 3 5
430 916 25 11
430 1181 42 6
430 1529 27 9
430 1544 42 3
431 652 9 4
431 813 11 15
431 930 14 7
431 1073 20 4
431 1664 31 12
432 1102 60 15
432 1355 43 8
433 1317 47 7
433 1406 42 7
434 525 20 7
434 599 13 14
434 643 52 3
434 713 8 8
434 803 48 7
434 1075 30 11
434 1249 28 10
434 1457 17 7
435 709 28 12
435 725 4 9
435 1178 17 5
435 1183 43 5
435 1240 40 4
436 580 57 6
436 922 44 12
436 1054 33 4
436 1062 41 14
436 1461 51 15
436 1521 39 12
436 1567 39 5
437 1654 25 5
438 822 31 4
438 1309 14 9
438 1629 34 11
439 651 5 14
439 1149 12 11
439 1191 37 10
439 1221 54 7
439 1556 35 2
440 529 17 12
440 959 6 8
440 1022 19 7
440 1437 44 7
441 456 33 9
441 636 57 2
441 1177 9 8
441 1588 50 12
442 657 37 1
442 1170 10 3
442 1190 26 15
442 1274 37 9
442 1289 3 1
442 1562 26 14
443 478 6 8
443 1078 11 3
443 1609 7 3
444 498 39 5
444 617 43 1
444 854 11 4
444 1239 11 14
444 1625 28 13
445 859 17 15
445 1049 22 12
445 1336 29 11
445 1394 36 11
445 1396 19 1
446 720 60 4
446 793 23 3
446 943 49 13
446 1297 52 12
446 1399 28 5
446 1546 48 9
446 1623 2 4
446 1659 52 9
447 605 34 12
447 713 52 8
447 742 19 2
447 1087 44 14
447 1202 34 6
448 741 18 14
448 930 24 12
448 1037 13 14
448 1461 3 4
448 1467 30 2
449 502 12 2
449 1014 37 10
449 1122 34 12
449 1376 15 8
449 1494 58 11
449 1513 23 6
449 1688 14 6
450 1029 45 13
451 680 31 15
451 763 49 7
452 493 11 8
452 534 4 8
452 916 60 10
452 937 28 2
452 1369 25 15
452 1479 24 1
453 542 52 9
453 674 16 13
453 1657 39 9
454 854 24 11
454 986 25 8
454 1095 48 10
454 1100 57 15
454 1656 35 4
455 587 21 5
455 955 17 8
455 1440 25 15
455 1601 22 5
456 545 57 7
456 547 43 15
456 937 59 15
457 811 43 15
457 856 46 6
457 901 3 4
457 1535 53 9
457 1622 25 13
458 965 48 15
458 1039 15 5
459 1354 12 3
459 1393 47 9
460 697 53 12
460 1104 34 13
460 1292 15 3
461 580 54 11
461 631 2 14
461 1080 6 8
461 1201 59 8
461 1494 31 12
462 769 13 15
462 1236 8 11
462 1570 42 11
463 658 26 15
463 755 55 11
463 1140 3 15
463 1357 12 6
463 1477 22 9
463 1582 42 12
463 1676 57 2
464 538 51 10
464 721 20 14
464 855 20 5
464 1247 8 9
464 1446 27 5
464 1449 16 15
464 1450 15 5
465 478 51 14
465 843 41 15
465 1096 37 7
465 1161 31 11
465 1175 11 6
465 1388 22 2
465 1464 7 10
465 1589 40 12
465 1602 59 13
466 494 2 4
466 581 59 14
466 1327 18 1
467 546 11 12
467 725 57 9
467 891 1 12
467 910 56 7
467 1150 29 7
467 1186 46 1
467 1238 23 12
467 1270 32 11
468 705 13 3
468 810 40 9
468 1017 45 3
468 1202 5 5
468 1271 28 5
468 1290 29 2
468 1299 32 3
469 750 39 2
469 1311 28 1
469 1358 39 9
470 663 3 6
470 829 37 14
470 1239 24 13
471 631 56 14
471 782 47 5
471 1078 31 7
471 1694 4 7
472 903 4 6
472 946 12 11
472 1343 6 8
472 1641 23 2
473 1247 10 5
473 1302 12 5
473 1374 41 13
473 1520 59 4
474 1070 42 6
474 1173 26 15
475 713 6 4
475 851 8 14
475 1203 53 13
475 1604 6 3
476 682 47 13
476 704 15 15
476 1085 17 3
476 1103 52 12
476 1291 22 9
476 1521 2 11
477 1521 56 15
477 1545 36 1
477 1571 42 12
478 603 42 10
478 802 48 12
478 1086 34 12
478 1429 38 8
478 1439 50 7
479 1415 45 12
479 1587 40 1
480 794 39 2
480 1030 5 2
480 1496 5 2
481 843 2 9
481 1133 47 12
481 1259 9 1
481 1475 15 12
482 725 32 5
482 758 53 5
482 809 54 9
482 1063 59 4
483 817 60 7
483 904 26 14
483 1052 6 7
483 1076 36 6
483 1627 60 4
484 548 53 15
484 946 16 5
484 1194 54 6
484 1466 33 4
485 595 1 3
485 928 33 15
485 1295 32 1
486 977 12 12
486 1184 42 14
486 1220 15 5
486 1299 47 7
486 1374 44 9
486 1462 18 11
486 1576 12 1
486 1695 36 13
487 1357 51 1
487 1647 10 1
487 1650 46 1
488 830 56 12
488 876 28 9
488 1000 39 4
488 1648 1 5
489 678 45 12
489 776 1 9
489 1119 9 8
489 1245 14 11
489 1381 59 3
489 1394 21 2
489 1669 58 7
490 1042 11 13
490 1181 42 10
490 1288 47 4
490 1701 3 7
491 535 51 11
491 693 32 10
491 1356 40 11
491 1446 36 4
491 1574 48 6
492 1200 2 9
492 1561 54 9
492 1578 6 13
493 1534 50 14
493 1597 17 6
494 901 19 12
494 1623 22 11
495 703 47 1
495 1179 46 9
495 1280 52 13
495 1309 47 1
495 1512 32 8
495 1545 17 10
496 781 40 1
496 1017 2 10
496 1286 3 11
496 1326 34 12
496 1533 7 14
496 1669 60 13
497 801 31 9
497 918 60 8
497 1423 53 7
497 1631 1 1
498 922 26 10
498 1544 47 12
499 769 54 13
500 656 37 1
500 659 30 10
500 762 42 12
500 839 35 1
500 875 31 7
500 1078 6 2
500 1098 27 10
500 1459 10 15
500 1511 17 2
500 1590 29 5
501 704 23 2
501 916 56 15
501 1062 11 5
501 1595 1 4
501 1604 45 8
502 839 10 3
502 1125 31 8
502 1367 59 6
502 1420 13 1
502 1490 22 11
502 1590 1 9
502 1652 44 13
502 1677 20 10
503 1073 18 6
503 1367 14 10
504 583 10 6
504 651 36 5
504 663 49 15
504 680 27 11
504 1021 55 6
504 1399 51 4
504 1666 53 12
505 1422 31 11
505 1453 17 4
505 1574 59 3
506 766 9 3
506 1064 46 13
506 1173 12 14
506 1383 15 1
506 1457 31 3
506 1484 3 15
507 600 51 5
507 721 57 12
507 909 60 3
507 1205 12 5
507 1243 18 12
507 1437 53 2
508 555 7 14
508 789 34 12
508 1051 14 1
508 1148 60 1
508 1444 4 11
508 1653 55 4
508 1695 14 4
509 546 18 12
509 782 48 13
509 992 47 9
509 1663 31 5
510 1023 55 7
510 1138 33 4
510 1278 39 4
510 1589 48 10
511 1079 36 4
511 1479 35 13
511 1565 44 1
512 525 50 9
512 667 23 14
512 695 60 15
512 1165 56 12
512 1271 44 5
512 1380 57 15
513 1259 7 5
513 1419 46 7
514 583 34 5
514 891 38 13
514 987 18 3
514 1109 5 1
514 1248 2 11
514 1386 43 4
514 1569 38 3
515 650 32 12
515 844 7 15
515 859 46 8
515 1316 14 2
515 1625 5 4
516 544 19 7
516 774 42 14
517 968 18 9
517 1012 9 13
517 1178 49 3
517 1439 29 8
517 1540 14 8
517 1593 46 12
518 1154 38 10
519 821 57 5
519 826 18 6
519 911 24 1
519 993 40 14
519 1564 58 14
520 585 30 9
520 689 10 13
520 1120 53 12
520 1283 9 13
521 941 19 5
521 1251 57 12
521 1345 45 5
521 1374 29 12
521 1489 22 3
521 1560 54 5
521 1638 13 6
522 562 30 15
522 782 21 15
522 825 44 12
522 970 2 7
522 1007 12 6
522 1073 48 12
522 1088 14 6
522 1130 19 10
523 674 3 4
523 800 1 14
523 936 11 2
523 1058 14 11
523 1474 27 7
523 1525 50 14
524 662 2 12
524 919 54 5
525 1279 53 5
525 1376 28 5
525 1483 7 12
525 1524 53 13
526 580 18 6
526 1100 55 11
526 1381 57 3
526 1586 24 9
526 1668 26 15
527 1396 11 14
527 1438 32 7
527 1439 32 9
527 1559 45 13
528 534 23 3
528 1271 19 2
528 1330 53 5
528 1333 55 12
528 1374 28 4
528 1524 57 15
528 1693 12 13
529 992 13 11
530 1037 49 10
530 1104 47 12
530 1269 15 1
530 1304 12 5
530 1622 41 7
531 607 47 15
531 764 33 6
531 860 6 14
531 945 27 5
531 1222 31 6
531 1232 20 4
531 1469 17 6
532 632 8 10
532 907 50 14
532 1420 23 8
532 1469 28 11
532 1682 34 5
533 750 55 12
533 1048 16 3
533 1064 49 9
533 1339 27 6
533 1523 28 6
534 618 56 13
534 803 51 2
534 983 32 6
535 861 40 11
535 1096 9 8
535 1201 37 12
535 1479 42 13
535 1548 54 9
536 579 43 12
536 1204 22 13
536 1283 6 11
536 1415 18 13
536 1502 37 5
536 1517 49 1
537 609 21 2
537 668 31 12
537 753 43 2
537 768 44 3
537 1199 18 10
537 1264 33 9
537 1281 31 10
538 579 47 10
538 611 51 3
538 826 5 13
538 889 19 3
538 1147 16 13
538 1236 28 15
538 1355 43 4
538 1494 1 7
539 680 26 6
539 783 57 13
539 994 60 13
539 1492 21 2
539 1535 37 15
540 1563 58 3
540 1630 10 4
541 737 52 11
541 768 45 11
541 1450 14 10
541 1700 52 8
542 1470 28 10
543 766 24 5
543 823 9 7
543 1068 27 9
543 1093 23 15
544 650 28 9
544 1066 37 8
544 1071 2 6
544 1550 51 8
545 895 19 10
545 1000 24 8
545 1145 42 10
545 1412 48 13
545 1590 9 1
545 1686 21 8
546 701 53 10
546 821 31 4
546 1401 6 12
547 723 18 5
548 1468 13 9
548 1483 23 7
549 673 39 12
549 1319 2 10
549 1479 1 2
549 1563 3 2
549 1575 7 12
550 563 24 9
550 1458 28 2
551 652 11 3
551 743 10 14
551 830 52 11
551 968 13 11
551 1486 48 4
551 1670 22 1
552 655 51 15
552 1525 7 13
553 1062 23 7
553 1488 51 7
553 1541 57 10
554 629 42 1
554 1032 17 4
554 1077 51 3
554 1216 53 2
554 1518 13 13
554 1696 22 1
555 938 47 3
555 1407 41 2
555 1495 56 2
555 1671 20 2
555 1688 29 4
556 594 7 9
556 596 10 5
556 1192 10 1
556 1319 19 3
556 1493 56 9
556 1625 27 12
557 576 2 4
557 1038 36 11
557 1478 54 15
557 1485 14 12
557 1559 55 14
558 706 23 3
558 907 10 15
558 939 32 3
558 1214 19 7
558 1284 48 13
558 1409 37 6
558 1590 7 10
560 821 29 15
560 1305 6 10
560 1323 59 13
560 1425 22 3
560 1498 55 6
561 897 50 8
561 907 12 13
562 738 21 6
562 1255 43 9
562 1613 25 15
563 578 33 2
563 681 18 14
563 882 51 7
563 1389 23 12
563 1564 28 1
564 1467 34 15
564 1540 43 6
564 1556 10 9
565 699 8 15
565 810 34 5
565 959 10 15
565 1265 19 13
565 1658 52 13
566 683 51 7
566 836 28 2
566 1073 2 14
566 1193 27 6
566 1646 58 7
567 701 9 15
567 1383 56 13
567 1650 1 2
567 1673 3 12
568 655 51 2
568 1519 43 15
568 1598 37 1
569 864 57 4
569 1199 59 15
569 1566 9 8
570 999 17 14
571 960 60 4
571 1237 31 14
571 1282 58 4
572 1009 24 5
572 1024 12 13
573 1005 48 13
573 1169 16 14
574 948 53 13
574 1118 39 15
575 713 24 5
576 820 59 11
576 1536 52 2
577 580 59 14
577 634 30 14
577 648 47 2
577 1249 27 11
578 1009 31 5
578 1212 50 15
578 1263 29 3
579 826 4 3
579 1079 52 1
579 1199 31 3
579 1215 12 5
580 1081 54 13
580 1322 48 2
580 1335 54 12
580 1364 17 11
580 1645 52 14
581 703 31 9
581 808 3 8
581 1058 47 11
581 1162 57 10
581 1242 21 11
582 672 12 9
582 785 17 13
582 1323 48 10
583 643 13 8
583 914 56 10
583 1118 35 6
583 1312 2 3
584 1611 57 10
584 1616 55 2
584 1642 2 15
585 690 55 5
585 768 39 11
585 1319 41 6
585 1510 46 9
586 659 58 12
586 823 38 3
586 1013 45 3
586 1122 42 15
587 743 44 5
587 813 47 2
587 857 2 6
587 1052 6 3
588 966 31 9
588 1376 24 3
589 699 47 13
589 741 55 4
589 754 45 1
589 904 10 2
589 925 31 14
589 1090 27 13
589 1306 17 3
589 1642 38 14
590 838 18 13
591 603 31 5
591 1147 34 14
591 1499 4 10
591 1648 16 6
592 648 56 7
592 1262 12 3
592 1290 53 7
592 1605 7 7
592 1696 49 8
593 913 3 15
593 970 14 1
593 1667 34 1
594 716 39 12
594 840 9 12
594 1636 21 15
595 1050 35 6
595 1542 11 12
596 803 8 7
596 850 42 8
597 672 1 5
597 800 42 7
597 876 12 6
597 1038 60 5
597 1260 25 14
597 1492 1 12
598 673 19 8
598 1026 58 1
598 1239 52 8
599 832 36 14
599 1654 21 3
600 923 33 7
600 1512 50 4
601 1127 8 14
601 1427 53 3
601 1593 9 10
603 676 36 2
603 793 56 14
603 984 2 6
603 1056 26 8
603 1208 42 2
604 639 51 1
604 673 49 15
604 876 24 6
604 926 4 4
604 1057 3 3
605 877 54 8
605 1130 57 15
605 1161 9 3
605 1523 21 4
605 1649 47 12
606 1206 24 13
606 1223 1 14
606 1295 1 1
607 719 10 11
608 853 13 4
608 1028 46 15
608 1105 11 15
608 1406 35 3
609 610 46 4
609 755 43 13
609 786 31 11
609 801 31 1
609 916 19 3
609 1181 50 14
610 1538 21 14
611 1192 54 1
611 1608 29 15
612 780 13 6
612 803 40 10
612 871 38 9
612 1140 2 14
613 776 6 9
613 979 12 2
614 1316 19 9
614 1570 36 3
614 1600 37 15
614 1643 39 10
615 633 58 9
615 639 21 3
615 1213 57 7
615 1511 22 12
615 1669 28 14
616 971 41 1
616 1172 35 15
616 1577 50 7
617 795 27 6
617 802 44 14
617 1610 13 2
618 678 3 9
618 738 34 11
618 751 24 1
618 923 56 15
618 1521 21 8
618 1556 10 6
619 842 40 15
619 930 8 1
619 1007 6 8
619 1185 18 7
619 1244 60 6
619 1424 13 15
619 1456 12 7
619 1496 6 12
621 723 1 8
622 664 29 14
622 898 24 8
622 974 1 2
622 1015 42 2
622 1035 20 15
623 824 40 12
623 1413 27 13
624 879 10 10
624 1331 35 5
624 1372 31 2
624 1471 60 15
624 1527 25 1
625 669 27 1
625 864 29 1
625 1114 28 12
625 1367 5 13
625 1463 10 13
625 1647 2 7
626 1443 5 5
626 1615 45 8
626 1632 52 13
627 669 46 6
627 1079 47 6
628 646 25 5
628 817 57 2
628 1174 49 14
629 1024 12 5
629 1467 27 4
629 1638 48 8
630 845 22 3
630 1213 26 12
631 668 40 3
631 739 50 14
631 802 12 13
631 1192 34 8
631 1462 60 8
631 1571 58 14
631 1694 21 4
632 1552 50 7
632 1592 39 4
632 1688 16 10
633 676 38 15
633 678 43 1
633 808 53 14
633 871 52 5
633 1261 21 5
633 1569 42 9
634 1636 10 11
635 719 60 15
635 1108 46 11
635 1119 37 3
635 1252 59 10
635 1408 12 4
635 1410 57 2
635 1682 26 3
636 1338 47 15
637 741 26 5
637 775 9 10
637 1134 17 7
637 1588 7 15
638 641 45 12
638 699 21 8
638 1398 46 15
638 1606 13 15
639 644 21 5
639 793 19 13
639 962 24 13
639 977 4 9
639 999 27 13
639 1430 28 3
640 727 20 14
640 729 9 14
640 831 13 5
640 1217 38 7
640 1618 46 7
641 733 47 9
641 910 5 5
641 954 10 15
641 997 15 10
641 1269 40 4
641 1423 18 3
641 1605 57 10
642 1352 49 6
643 1126 29 6
643 1160 38 2
643 1434 30 12
643 1477 29 7
644 891 28 4
644 937 36 6
644 983 33 5
644 991 14 3
645 1252 24 14
646 986 40 14
646 1046 57 12
646 1226 12 10
646 1330 58 3
647 670 39 3
647 712 22 4
647 1240 23 15
647 1499 10 4
647 1684 44 14
648 737 40 7
648 836 20 2
648 1345 49 10
648 1359 10 1
648 1456 39 7
648 1589 5 10
649 667 5 7
649 1580 57 2
649 1611 2 15
650 734 51 4
650 862 2 7
650 1257 14 5
651 685 33 10
651 766 22 8
651 851 25 11
651 878 1 14
651 933 18 14
651 1030 11 2
652 1321 50 8
652 1412 32 12
652 1549 4 4
653 1156 59 5
653 1179 39 1
653 1250 42 14
653 1354 45 12
654 1189 13 13
654 1237 45 9
654 1525 55 10
655 768 9 9
655 1063 50 15
655 1259 6 11
655 1335 30 8
655 1441 22 12
655 1459 54 10
655 1647 52 8
655 1680 45 11
656 1000 8 7
656 1042 39 12
656 1323 2 8
656 1588 52 6
656 1620 11 15
656 1641 4 15
657 813 31 7
657 960 30 12
657 1114 12 6
657 1352 38 7
657 1401 38 6
657 1509 59 14
658 827 21 1
658 869 29 10
658 1261 57 5
658 1474 46 9
658 1596 18 9
658 1664 58 8
659 809 35 6
659 1170 10 15
659 1200 3 4
659 1461 6 15
659 1638 54 11
659 1647 22 6
660 695 2 15
660 794 39 9
660 1155 60 3
660 1188 20 7
660 1266 11 6
660 1491 27 14
661 1197 36 6
661 1543 8 12
661 1589 34 9
662 998 29 15
662 1043 15 13
662 1157 2 4
662 1667 52 7
663 679 6 13
663 758 17 8
663 841 44 6
663 921 10 15
663 964 59 5
663 1019 33 8
663 1091 50 14
663 1148 45 9
664 785 42 5
664 1325 53 12
665 1056 33 12
665 1458 11 5
666 694 6 3
666 1283 60 12
666 1296 51 15
667 811 16 2
668 749 40 6
669 687 33 3
669 765 35 14
669 1648 14 14
670 827 9 9
670 1033 30 7
670 1221 42 9
670 1327 19 14
670 1386 29 7
670 1433 57 11
671 803 24 2
671 1167 35 7
672 867 51 3
672 1085 8 2
673 1045 12 8
674 1405 51 7
674 1442 34 8
674 1545 20 9
674 1644 15 13
675 1474 7 6
675 1606 8 6
676 687 12 11
676 761 39 15
676 843 8 1
676 1014 29 13
676 1098 59 5
677 1084 51 6
677 1151 55 11
677 1256 51 2
677 1488 28 15
677 1532 15 7
677 1617 59 14
677 1676 13 9
679 765 44 1
679 1419 4 6
679 1536 50 12
679 1694 16 14
680 842 9 4
680 1557 25 13
680 1696 54 8
682 874 2 2
682 1010 57 13
682 1223 47 1
682 1323 59 8
682 1457 48 9
682 1554 34 12
682 1563 46 9
682 1582 22 7
683 1525 8 14
684 906 14 1
684 1077 40 9
684 1095 51 11
684 1146 47 9
684 1249 38 8
684 1276 35 12
684 1621 8 11
684 1699 10 15
685 804 53 4
685 859 44 12
685 885 45 8
686 925 59 2
686 1113 41 7
687 884 14 14
687 1167 30 6
687 1548 56 7
688 766 21 12
688 1327 20 8
688 1364 15 6
688 1398 28 11
689 802 45 15
689 1475 37 11
689 1671 20 6
690 986 49 1
690 1040 38 12
690 1091 4 14
690 1131 19 11
692 1250 18 9
693 836 58 10
694 955 33 1
694 981 28 12
694 993 25 12
694 1346 40 8
694 1370 29 2
694 1486 18 11
695 816 13 8
695 827 37 15
695 1390 6 14
695 1557 35 6
696 727 40 6
696 738 58 10
696 1070 6 1
696 1105 20 15
696 1166 4 8
696 1254 16 2
696 1382 38 14
697 1487 17 12
697 1529 51 15
698 925 2 9
698 1219 15 6
698 1220 49 15
698 1322 30 3
698 1568 35 6
699 1188 18 15
700 810 57 3
700 1670 35 10
701 1132 7 5
701 1378 31 13
702 1369 4 6
703 716 51 14
703 807 55 8
703 895 43 2
703 1250 19 15
703 1595 57 3
703 1673 28 2
704 913 26 11
704 1099 31 10
704 1352 31 9
704 1435 41 8
704 1466 4 13
704 1693 45 9
705 1566 42 6
705 1614 22 14
705 1677 50 12
706 1171 34 13
706 1437 51 8
706 1585 58 6
707 1182 32 9
707 1395 15 2
707 1440 39 14
707 1472 32 3
707 1642 10 15
708 1046 36 4
708 1050 18 14
708 1494 35 9
708 1698 23 3
709 927 47 11
709 1086 33 14
709 1302 1 14
709 1303 3 10
709 1479 5 14
709 1617 50 2
710 820 54 6
710 850 18 9
710 1119 40 15
710 1123 27 10
710 1569 57 5
711 803 43 1
711 851 8 1
711 1039 9 10
711 1046 35 7
711 1323 14 2
711 1396 40 3
711 1563 13 12
711 1573 36 15
711 1618 55 3
712 867 40 14
712 1044 32 6
712 1283 56 8
713 871 29 10
713 1066 11 1
713 1554 56 13
713 1575 5 8
713 1632 5 13
714 844 16 3
714 879 21 15
714 1043 33 8
714 1076 37 4
714 1101 40 1
714 1130 30 2
714 1216 36 14
715 1545 37 15
716 831 55 2
716 1220 11 15
716 1524 38 11
716 1641 54 2
717 833 9 8
717 1054 5 11
717 1222 22 8
717 1258 32 5
717 1512 49 3
717 1663 37 11
719 734 9 2
719 854 4 3
719 1366 33 12
719 1465 8 2
719 1565 7 1
720 976 1 4
720 1069 17 14
720 1478 32 10
720 1485 24 1
720 1526 58 8
721 852 28 1
721 1187 2 3
721 1483 11 14
721 1489 40 13
722 858 14 14
722 865 46 2
722 918 37 14
722 1025 14 15
722 1610 58 15
723 801 32 9
723 1591 51 5
723 1658 48 7
724 1439 13 2
725 778 57 12
725 958 30 13
725 1694 2 10
726 792 50 9
726 946 54 9
727 789 23 13
727 957 39 14
727 1383 60 13
727 1385 16 13
727 1478 52 9
727 1574 13 5
728 949 15 10
728 1163 7 11
728 1189 16 11
728 1488 41 12
729 1136 40 11
729 1172 35 10
729 1269 39 6
730 1129 41 13
730 1315 41 15
731 788 54 1
731 874 35 14
731 1024 48 15
731 1398 46 12
731 1680 10 2
732 1064 42 12
732 1608 12 4
733 861 36 6
733 1113 24 2
733 1152 45 14
733 1446 33 10
733 1676 27 8
734 1174 18 3
734 1604 51 13
735 1389 58 14
735 1466 31 11
735 1676 44 14
736 984 35 1
736 1122 23 11
736 1188 12 13
736 1423 12 2
737 884 29 2
737 1128 57 1
737 1675 57 10
738 741 59 3
738 764 10 8
738 881 58 1
738 1027 37 15
738 1124 57 2
738 1191 19 5
738 1192 49 3
738 1206 43 8
739 948 16 12
739 1111 20 5
739 1588 24 5
740 854 9 11
740 1044 54 12
740 1337 31 5
740 1492 49 5
740 1525 12 6
741 848 32 3
741 888 49 3
741 997 44 11
741 1160 41 7
741 1347 34 14
741 1561 46 7
741 1606 58 8
742 825 54 14
742 838 23 5
742 1096 50 8
742 1247 32 15
742 1360 2 12
743 1120 42 9
743 1273 18 4
743 1368 32 3
743 1498 42 9
744 1404 4 4
744 1470 7 4
744 1619 26 5
745 1151 12 8
745 1203 15 4
746 1433 24 6
747 834 51 15
747 989 33 1
747 1344 9 4
748 845 4 3
748 853 8 6
748 881 52 14
748 927 36 2
748 976 37 5
748 1010 23 4
748 1379 1 6
748 1492 18 4
749 1522 13 13
749 1647 24 8
750 1025 43 5
750 1128 33 6
751 1290 34 5
751 1397 18 7
751 1518 20 9
752 895 49 3
752 934 55 6
752 1008 4 10
752 1095 4 12
752 1163 17 13
752 1472 33 4
753 1193 50 2
753 1388 14 1
753 1470 10 3
754 799 35 4
755 1465 22 2
756 962 5 4
756 968 56 13
756 1147 31 14
756 1339 36 12
756 1461 51 3
756 1488 9 10
757 1135 47 15
757 1416 14 12
758 852 30 1
758 1015 52 10
758 1268 27 12
759 799 12 5
759 906 36 6
759 931 9 6
759 947 34 2
759 1316 54 1
759 1655 53 4
760 837 44 3
760 1333 25 7
760 1457 18 7
760 1551 60 14
761 1118 14 6
761 1138 50 3
761 1260 16 14
761 1294 27 11
761 1599 28 12
761 1614 11 6
762 823 4 1
762 860 26 4
762 1258 9 12
762 1315 40 6
763 880 55 5
763 925 40 1
763 1156 7 13
763 1404 3 12
763 1700 56 13
764 996 48 13
764 1317 31 6
764 1664 54 13
765 840 11 8
765 1210 12 2
765 1270 58 3
766 1011 42 4
766 1040 50 11
766 1438 19 8
766 1481 23 11
766 1648 57 15
766 1667 36 10
767 1388 37 1
767 1527 25 14
768 807 30 4
768 1281 58 9
769 900 37 3
769 1074 48 13
769 1102 21 12
769 1417 25 14
769 1603 1 9
770 871 51 10
770 983 23 10
770 1226 47 2
771 920 10 2
771 1013 16 11
771 1554 50 9
771 1574 4 1
772 981 39 4
772 1058 55 5
772 1331 34 6
772 1575 29 7
772 1597 57 8
772 1678 13 8
773 1145 44 8
773 1385 48 5
773 1619 44 1
774 924 26 1
774 1160 60 9
774 1475 36 12
774 1540 2 11
775 1662 18 6
777 1202 22 11
777 1324 53 10
777 1362 51 3
777 1396 12 1
777 1453 41 12
777 1523 18 12
779 1302 7 9
780 1647 32 2
781 913 11 5
781 1040 16 14
781 1384 46 10
781 1404 59 14
781 1666 29 12
782 1156 58 11
782 1341 9 4
782 1357 54 10
782 1531 41 6
783 1586 52 7
784 954 11 3
784 990 34 9
784 1093 41 5
784 1231 16 15
785 827 11 7
785 1212 55 8
785 1416 59 2
786 1051 6 9
786 1126 29 10
786 1514 43 4
786 1621 30 1
786 1648 21 11
787 1092 15 8
787 1164 43 5
787 1455 11 15
788 1268 59 13
788 1477 38 8
788 1506 54 3
788 1615 60 10
789 1291 30 5
790 808 33 5
790 1011 8 5
790 1539 7 15
791 1197 56 9
792 849 46 3
792 1329 46 5
792 1608 1 2
793 907 4 6
793 1288 21 6
794 841 6 3
794 1053 41 4
794 1111 44 15
794 1324 39 8
794 1425 5 11
794 1516 41 6
794 1631 21 8
794 1643 53 2
795 981 52 10
795 1598 30 1
796 1154 15 15
796 1624 46 10
796 1649 50 4
797 1020 28 4
797 1185 4 12
797 1246 48 9
797 1363 56 11
797 1382 11 12
797 1446 45 2
797 1622 19 4
798 1025 9 1
798 1168 52 9
799 1066 32 13
799 1221 2 1
799 1339 45 9
799 1494 13 3
800 1198 7 8
800 1287 7 7
800 1330 19 4
800 1504 46 11
800 1532 46 3
800 1616 23 11
801 1531 16 8
801 1543 59 10
801 1653 5 7
802 826 46 12
802 1640 18 14
803 1469 18 6
803 1493 17 10
804 1481 57 15
804 1669 21 2
805 1014 51 11
805 1259 13 1
806 1090 38 6
806 1210 25 1
806 1467 54 7
807 1100 50 1
807 1255 31 1
807 1533 49 4
808 1045 57 15
809 822 45 6
809 876 4 1
809 992 7 14
809 1233 27 14
809 1355 45 14
809 1476 13 5
810 1465 31 15
810 1501 34 14
810 1554 24 12
810 1672 25 13
811 997 54 13
811 1188 16 9
812 1133 41 9
812 1600 58 3
813 1421 16 2
814 829 35 4
814 1063 23 10
814 1137 32 7
814 1306 3 8
814 1518 10 5
814 1532 53 3
814 1541 54 3
815 883 16 14
815 927 52 12
815 932 3 2
815 1036 15 11
815 1476 21 8
815 1581 15 13
816 1041 45 1
816 1067 9 5
816 1173 25 10
817 821 52 9
817 1008 43 12
817 1497 30 11
817 1583 50 13
818 1140 28 7
818 1165 9 11
819 831 34 9
819 849 31 14
819 872 52 3
819 1178 24 1
819 1558 29 13
820 860 8 9
820 875 10 14
821 911 58 13
822 917 39 8
822 1390 9 11
823 1103 8 13
823 1216 5 14
824 1164 11 2
824 1214 20 2
824 1373 22 15
824 1557 26 12
824 1559 48 12
824 1670 56 3
825 1018 39 2
825 1160 7 4
825 1172 6 2
826 1225 31 10
826 1587 40 2
826 1673 17 4
827 1571 14 9
828 904 42 4
828 1168 36 15
828 1517 37 14
828 1612 14 6
829 892 19 10
829 1233 51 5
829 1407 56 12
829 1545 4 8
829 1562 49 12
829 1615 16 10
830 911 36 15
830 1071 39 6
830 1092 14 13
830 1375 53 7
830 1548 43 10
830 1660 15 4
831 933 60 2
831 1398 10 14
832 874 24 1
832 883 42 8
832 1059 58 11
832 1241 60 5
832 1260 37 6
832 1345 51 13
832 1346 59 11
832 1635 54 2
833 946 49 10
833 1266 6 1
833 1454 52 11
834 950 12 7
834 1057 35 8
834 1435 47 7
834 1467 17 11
834 1671 48 15
835 1584 35 14
836 1067 36 15
836 1097 11 9
836 1430 28 11
837 955 55 4
837 964 60 3
837 1035 59 10
837 1070 60 9
837 1612 27 9
837 1648 34 3
838 1071 14 9
838 1123 1 11
838 1411 23 5
839 1328 3 9
840 947 15 6
840 1120 26 7
840 1170 51 15
840 1205 5 1
840 1296 34 9
841 939 16 2
841 991 28 2
841 1340 2 9
841 1374 57 8
841 1387 21 14
842 1334 42 5
842 1595 11 14
843 1050 47 14
843 1175 51 8
843 1296 29 12
844 851 49 12
845 1533 12 13
846 1048 40 2
846 1079 58 15
846 1167 7 8
846 1552 37 12
847 926 59 3
847 1039 17 10
847 1192 46 4
847 1228 45 10
847 1456 32 14
848 903 31 13
849 1147 56 15
849 1355 17 8
850 1279 60 7
850 1505 23 8
850 1566 23 7
850 1653 21 10
851 1091 12 2
851 1323 35 1
851 1358 43 13
851 1498 60 10
851 1602 28 14
852 1050 33 13
852 1350 30 9
852 1465 9 11
853 941 29 10
853 994 28 12
853 1360 52 7
853 1485 60 2
853 1539 46 7
854 1068 45 2
854 1273 6 10
854 1529 9 4
855 1110 45 10
855 1119 35 1
855 1233 34 4
856 1346 43 3
856 1695 15 14
857 1061 17 10
857 1251 4 2
857 1298 26 1
857 1352 50 5
857 1389 33 10
857 1422 57 12
857 1438 21 3
858 941 30 1
858 1034 4 10
858 1368 55 3
859 1042 20 1
860 1575 23 11
861 898 10 15
861 945 37 2
861 1187 55 12
861 1237 17 8
861 1281 38 3
862 1084 34 14
862 1354 53 3
863 1170 27 13
863 1355 22 13
863 1627 48 3
864 1210 11 10
864 1283 27 3
865 1101 5 15
865 1160 51 9
865 1238 27 13
865 1690 8 13
866 1098 42 15
867 1109 58 12
867 1372 29 9
867 1558 50 9
868 885 11 12
868 1195 54 8
868 1308 22 2
868 1434 46 11
869 1240 50 12
869 1457 11 8
869 1476 55 6
870 973 9 10
871 1036 35 13
871 1334 37 4
872 972 54 12
872 1029 30 3
872 1265 7 12
873 1048 41 13
873 1184 23 11
873 1191 8 1
873 1588 49 3
874 970 14 9
874 1532 28 10
875 1100 4 15
875 1555 38 9
876 1059 37 13
876 1146 22 4
876 1333 33 11
876 1614 2 13
877 995 3 15
877 1229 21 6
878 968 54 3
878 1017 17 12
878 1287 29 9
879 1122 28 12
880 1147 43 10
880 1428 46 3
881 1294 4 2
882 1183 50 15
882 1266 31 8
882 1297 37 10
883 1301 40 2
883 1683 50 15
884 925 17 5
885 1204 24 4
885 1514 1 3
886 1168 20 3
886 1503 14 10
886 1692 33 2
887 1015 26 12
887 1065 33 5
887 1255 8 12
887 1362 34 14
888 912 4 14
888 969 13 10
888 1694 28 2
889 1477 7 15
890 1025 60 13
890 1061 10 10
890 1161 29 1
890 1503 16 4
891 1432 34 8
891 1490 38 11
891 1513 45 7
891 1516 44 11
893 1044 35 7
893 1356 26 12
893 1566 58 6
893 1604 5 8
894 1463 43 3
895 1684 48 12
896 1058 2 9
896 1062 12 4
897 1199 47 6
898 899 9 13
898 1294 12 9
899 948 33 9
899 1020 39 9
899 1035 47 1
899 1047 50 14
899 1105 5 6
899 1292 42 2
899 1346 47 8
899 1399 28 2
899 1535 28 5
900 1297 42 4
900 1412 28 13
900 1657 45 15
901 1077 4 7
901 1265 3 10
901 1508 42 9
902 1159 35 11
902 1427 6 3
903 947 27 7
903 1064 28 15
903 1670 50 12
904 1487 54 8
904 1525 27 12
904 1565 12 1
905 1082 6 11
905 1609 8 3
905 1618 46 1
906 1148 16 4
906 1217 12 14
906 1619 40 13
907 972 46 13
907 1219 8 11
907 1529 37 8
908 1387 53 9
908 1533 16 2
908 1559 17 8
910 1016 42 12
910 1346 53 8
910 1498 2 3
911 947 1 8
911 1356 55 9
912 981 18 7
912 1250 41 13
912 1563 10 14
912 1607 40 9
913 1009 26 1
913 1021 6 10
913 1493 48 13
914 1367 27 11
914 1659 22 1
915 978 43 8
915 1466 14 12
916 1015 14 13
916 1103 40 10
917 926 47 2
917 1333 4 6
918 1440 48 5
918 1631 42 7
919 939 43 7
920 977 17 7
920 1483 46 6
920 1515 31 4
921 1120 5 3
921 1345 48 5
922 997 52 4
922 1166 51 6
922 1538 9 6
922 1693 52 1
923 950 30 2
923 1098 10 11
923 1136 21 9
923 1540 7 10
924 1357 19 7
924 1625 22 6
924 1683 35 1
925 977 3 6
925 1099 21 1
925 1140 16 13
926 1186 18 7
926 1285 28 3
926 1575 11 3
926 1619 12 12
926 1657 8 3
928 1105 25 14
928 1120 52 9
929 945 30 8
929 1065 23 14
929 1366 1 1
929 1627 57 12
930 1296 2 10
930 1347 29 11
930 1364 56 15
930 1466 22 10
930 1529 47 8
931 1266 37 10
931 1616 13 3
932 1092 43 13
932 1699 31 10
933 1030 26 13
933 1306 34 12
933 1485 58 1
933 1521 58 11
933 1611 48 2
934 1033 10 6
934 1244 60 15
934 1388 2 1
934 1425 45 10
934 1467 8 3
935 1405 54 11
936 1134 12 10
936 1488 52 1
936 1631 16 8
937 1621 46 10
938 1039 35 15
938 1245 2 4
938 1303 12 8
938 1469 33 11
940 1105 39 3
940 1133 9 11
940 1561 2 3
940 1605 46 13
941 1000 54 4
941 1587 12 2
941 1692 42 14
942 1190 2 14
942 1376 21 14
943 970 8 13
943 1187 37 15
943 1239 6 2
943 1245 32 15
943 1344 13 4
944 1227 41 15
945 1148 16 8
945 1497 5 8
945 1561 34 3
945 1567 9 10
946 981 18 13
946 1068 15 7
946 1109 59 11
946 1258 16 8
946 1596 55 5
946 1663 49 4
947 1626 1 2
947 1693 4 12
948 1129 54 8
949 1135 35 6
949 1387 60 2
949 1474 32 15
950 1008 23 12
950 1159 53 4
950 1179 7 8
950 1314 12 10
950 1449 20 10
950 1528 13 10
951 1379 31 1
952 1060 31 12
952 1258 26 12
953 1333 7 14
953 1368 55 15
953 1656 17 14
954 1190 2 8
954 1327 9 3
954 1486 5 4
955 1681 25 12
956 1042 38 2
956 1079 40 13
957 1131 20 3
957 1338 7 6
958 1315 40 4
958 1409 19 9
958 1477 52 4
959 1088 19 9
959 1269 13 10
960 1032 14 9
960 1170 19 14
960 1190 51 4
961 1164 42 3
961 1446 11 2
962 1249 10 10
962 1482 29 9
963 1209 30 1
963 1259 26 8
963 1320 4 12
964 1113 10 11
964 1157 17 15
965 1120 51 2
965 1229 59 15
965 1554 18 8
967 1001 17 2
967 1051 10 8
967 1255 34 2
968 1018 51 1
968 1675 47 4
969 1095 60 11
969 1359 1 14
969 1441 51 5
970 1066 33 11
970 1303 14 5
971 1076 11 2
972 1157 18 12
972 1165 42 7
973 1075 41 13
973 1349 40 6
974 1494 36 5
975 1184 41 2
976 1470 1 2
977 1088 7 13
977 1157 18 8
977 1478 12 1
979 1060 30 1
979 1386 22 6
979 1635 4 3
980 1126 38 3
980 1226 13 3
980 1254 41 9
981 1288 9 7
981 1326 11 13
983 1078 36 11
983 1331 8 13
983 1542 46 7
984 1461 31 4
986 1177 4 8
986 1513 43 4
986 1581 36 8
987 1640 6 13
988 1265 45 13
988 1484 22 10
988 1677 39 1
989 1009 24 12
989 1110 43 10
990 1160 32 13
990 1282 10 8
990 1349 6 13
991 1075 11 15
991 1140 54 11
991 1156 49 1
991 1278 51 6
991 1349 42 13
991 1401 17 10
992 1324 57 12
992 1342 43 14
992 1701 49 8
993 1026 60 13
993 1101 6 5
994 1240 46 14
995 1271 51 1
995 1411 8 2
995 1698 48 13
996 1000 17 12
996 1127 45 11
996 1169 14 4
996 1471 57 13
996 1658 59 9
997 1111 43 4
997 1368 32 12
997 1630 19 11
998 1026 28 5
998 1233 51 6
998 1350 45 13
998 1428 1 3
998 1668 24 13
999 1084 2 8
999 1147 50 5
999 1181 52 14
999 1414 54 11
1000 1023 49 14
1000 1043 31 6
1000 1263 59 3
1001 1038 37 5
1001 1242 39 10
1001 1678 29 12
1002 1530 29 14
1003 1267 55 13
1003 1287 37 1
1003 1365 46 4
1003 1377 1 14
1003 1445 23 10
1004 1062 35 3
1004 1171 14 11
1004 1655 38 4
1005 1609 10 8
1006 1009 42 7
1006 1101 43 1
1006 1315 40 3
1006 1373 7 2
1006 1477 35 10
1006 1580 31 5
1007 1493 15 14
1007 1648 9 4
1008 1052 13 3
1008 1305 20 15
1008 1461 22 9
1008 1475 10 9
1008 1544 45 12
1008 1579 9 4
1008 1676 18 1
1009 1074 20 8
1009 1297 50 4
1009 1621 33 12
1010 1168 31 7
1010 1479 44 2
1010 1530 13 15
1011 1440 4 5
1011 1610 9 3
1011 1677 12 13
1012 1247 8 4
1012 1352 3 12
1012 1549 35 5
1012 1635 11 2
1013 1435 14 8
1013 1505 44 3
1014 1497 1 3
1014 1665 3 10
1014 1674 57 1
1016 1197 53 2
1016 1210 21 11
1016 1526 20 6
1017 1421 19 4
1017 1665 59 7
1017 1685 27 10
1018 1045 14 13
1018 1139 10 12
1018 1451 49 14
1018 1648 16 13
1019 1344 48 14
1020 1239 14 9
1020 1467 42 13
1020 1552 26 7
1020 1564 34 4
1020 1567 58 10
1021 1422 4 9
1021 1481 14 1
1021 1525 22 11
1022 1161 40 8
1023 1251 28 5
1023 1516 2 9
1023 1677 10 15
1024 1043 11 12
1025 1075 60 11
1026 1672 9 10
1027 1103 17 1
1027 1229 8 9
1027 1288 16 13
1028 1155 27 12
1028 1362 30 14
1029 1041 36 2
1029 1275 1 7
1030 1050 6 10
1030 1170 15 2
1030 1264 31 3
1030 1476 10 14
1030 1485 60 9
1031 1035 1 1
1031 1443 47 4
1032 1475 11 15
1032 1567 17 9
1034 1583 46 2
1034 1606 11 14
1035 1233 4 6
1035 1261 18 6
1035 1268 44 12
1035 1336 27 12
1035 1370 44 13
1035 1376 8 12
1035 1452 51 9
1035 1578 60 10
1035 1654 28 10
1036 1347 15 13
1036 1592 3 7
1037 1696 48 10
1038 1069 51 11
1038 1154 11 6
1038 1263 58 11
1038 1520 2 9
1038 1683 45 15
1039 1623 37 14
1041 1633 59 2
1042 1283 37 2
1043 1349 31 8
1043 1387 48 11
1044 1290 44 15
1044 1418 30 8
1044 1613 27 8
1045 1072 46 7
1046 1380 27 15
1046 1411 38 7
1046 1461 4 10
1046 1696 58 5
1047 1096 4 14
1047 1193 58 9
1047 1450 54 2
1047 1555 54 3
1047 1595 14 4
1048 1276 53 15
1048 1384 50 8
1048 1428 7 3
1048 1485 56 9
1048 1567 59 6
1048 1643 13 8
1049 1457 45 1
1049 1591 11 10
1050 1266 28 3
1050 1369 11 10
1050 1698 36 13
1050 1701 18 3
1051 1072 60 8
1051 1290 15 14
1051 1299 21 7
1051 1449 54 10
1052 1309 40 11
1052 1513 3 12
1052 1574 52 8
1052 1583 53 7
1053 1357 45 5
1053 1423 53 7
1054 1508 57 2
1054 1681 29 14
1055 1393 32 1
1056 1268 11 8
1057 1154 46 1
1057 1441 10 11
1057 1685 14 4
1057 1691 8 2
1058 1373 36 13
1058 1579 38 12
1059 1390 42 11
1059 1570 13 9
1060 1193 15 7
1060 1232 44 2
1061 1154 37 3
1061 1303 15 3
1062 1174 30 2
1062 1262 4 9
1062 1298 34 6
1062 1308 53 9
1062 1645 26 7
1063 1565 44 7
1064 1276 20 3
1064 1651 19 12
1065 1150 46 4
1065 1405 32 3
1065 1674 52 7
1066 1070 40 8
1066 1298 19 8
1066 1382 17 2
1066 1483 58 13
1067 1099 51 12
1067 1614 37 9
1068 1136 56 12
1069 1166 22 15
1069 1701 26 10
1070 1102 56 5
1070 1107 3 14
1070 1381 22 10
1070 1623 20 9
1070 1696 54 8
1071 1131 24 5
1072 1244 13 11
1072 1517 38 13
1072 1528 52 2
1073 1437 57 2
1073 1460 21 14
1073 1621 49 15
1074 1585 59 3
1075 1091 29 1
1075 1137 8 11
1075 1199 37 13
1075 1202 14 14
1075 1385 49 1
1075 1483 14 1
1075 1559 41 12
1076 1115 57 2
1076 1438 55 2
1076 1539 31 6
1076 1601 14 12
1076 1647 51 4
1076 1663 51 2
1077 1178 58 9
1077 1344 9 11
1077 1578 10 3
1078 1579 32 8
1079 1190 34 6
1080 1541 7 4
1081 1343 50 13
1081 1429 49 11
1081 1564 47 9
1082 1127 22 11
1083 1236 39 5
1083 1483 45 11
1083 1526 46 11
1084 1117 38 14
1084 1451 55 7
1085 1639 22 9
1086 1113 54 5
1086 1386 12 14
1087 1183 41 1
1087 1219 39 6
1087 1233 17 4
1087 1389 58 4
1087 1519 15 11
1087 1542 42 5
1087 1651 6 10
1088 1283 38 3
1088 1650 12 11
1089 1165 12 13
1089 1186 43 3
1089 1677 12 14
1089 1687 2 3
1090 1274 29 10
1090 1289 49 3
1090 1663 44 12
1093 1265 18 4
1093 1428 17 4
1094 1101 3 10
1095 1384 3 11
1096 1337 26 6
1096 1672 35 1
1097 1496 13 2
1097 1633 27 10
1098 1571 45 13
1099 1381 39 3
1099 1509 51 1
1099 1537 37 13
1099 1538 24 5
1101 1132 8 8
1101 1394 51 1
1102 1485 7 14
1102 1576 3 3
1103 1311 23 8
1104 1432 18 5
1104 1515 52 7
1104 1630 22 2
1104 1633 45 11
1105 1129 32 10
1106 1330 15 6
1106 1355 38 7
1108 1627 38 12
1109 1252 50 3
1109 1447 22 7
1110 1621 36 1
1111 1208 37 5
1111 1701 42 2
1112 1497 42 3
1113 1271 19 10
1113 1445 15 3
1114 1252 50 15
1114 1377 38 11
1114 1513 25 11
1115 1386 53 2
1115 1613 7 12
1116 1195 6 10
1116 1259 22 13
1116 1658 9 5
1117 1237 40 9
1117 1644 44 2
1118 1346 10 2
1118 1695 31 7
1119 1413 60 4
1119 1463 3 5
1119 1573 43 11
1119 1605 11 10
1121 1158 41 14
1121 1282 2 13
1122 1169 38 12
1122 1329 42 9
1122 1403 31 2
1122 1460 57 2
1122 1546 8 10
1122 1655 21 4
1123 1197 36 14
1123 1412 46 1
1123 1524 16 6
1123 1587 34 5
1123 1621 32 11
1124 1431 40 13
1124 1576 19 5
1127 1309 20 9
1127 1330 59 6
1127 1532 44 1
1127 1626 45 2
1129 1318 59 12
1129 1616 17 3
1130 1297 45 13
1130 1693 36 1
1131 1335 2 2
1133 1261 52 3
1134 1236 33 14
1134 1370 58 2
1135 1140 46 3
1135 1515 4 12
1135 1647 53 6
1136 1343 40 5
1136 1664 51 1
1137 1569 16 7
1138 1432 12 3
1140 1277 20 3
1140 1543 46 4
1141 1574 43 7
1141 1658 23 5
1142 1237 56 7
1142 1241 7 15
1142 1332 12 13
1143 1324 45 13
1143 1444 21 1
1144 1175 20 3
1144 1580 22 5
1144 1660 19 9
1145 1357 36 7
1145 1394 6 5
1146 1351 42 13
1146 1433 40 8
1146 1501 1 1
1146 1609 38 8
1146 1684 40 14
1149 1291 49 3
1149 1492 55 5
1149 1691 49 5
1150 1639 51 13
1151 1491 25 7
1151 1668 57 8
1151 1680 11 8
1152 1350 19 9
1152 1466 22 2
1153 1338 1 14
1154 1337 48 2
1154 1571 51 15
1154 1618 5 5
1156 1281 15 11
1156 1507 6 14
1157 1176 20 9
1158 1433 55 4
1158 1647 54 8
1159 1584 27 9
1159 1626 2 9
1160 1197 6 7
1160 1493 36 5
1161 1465 38 6
1162 1445 58 2
1163 1527 42 2
1164 1279 44 6
1164 1371 35 5
1166 1350 8 9
1166 1358 33 7
1166 1402 27 7
1166 1429 11 8
1168 1366 32 7
1168 1505 35 4
1168 1687 55 11
1169 1284 60 10
1169 1402 54 4
1169 1533 13 9
1170 1319 22 5
1170 1670 5 14
1171 1415 13 2
1172 1471 50 13
1173 1319 23 3
1173 1367 38 13
1173 1436 52 3
1173 1474 26 9
1174 1395 56 8
1175 1241 59 3
1175 1551 28 3
1175 1627 43 14
1176 1200 15 15
1176 1301 13 13
1177 1244 44 6
1178 1199 51 5
1178 1300 33 9
1178 1600 9 4
1178 1608 51 8
1178 1644 58 13
1179 1371 47 8
1179 1563 39 6
1179 1688 46 15
1180 1559 38 6
1181 1203 43 14
1181 1347 57 1
1182 1398 1 8
1182 1564 50 11
1184 1289 49 7
1184 1389 58 7
1185 1324 43 8
1185 1389 24 11
1186 1578 29 4
1187 1218 52 4
1187 1312 37 10
1187 1550 23 4
1188 1373 13 9
1188 1684 12 3
1189 1195 6 11
1189 1429 22 9
1189 1674 58 10
1190 1272 52 13
1190 1329 11 13
1191 1277 57 2
1191 1651 27 7
1193 1194 12 10
1193 1302 31 15
1194 1357 25 2
1196 1305 19 10
1196 1657 23 6
1197 1304 24 15
1197 1481 37 13
1198 1262 54 4
1199 1311 39 11
1199 1562 38 3
1199 1579 37 5
1201 1398 52 11
1201 1434 42 1
1201 1680 55 4
1202 1383 41 10
1202 1589 36 5
1205 1526 31 1
1206 1289 23 14
1206 1497 44 10
1206 1656 30 15
1207 1540 27 12
1208 1233 55 15
1208 1275 3 7
1208 1585 30 14
1209 1382 1 4
1214 1391 26 14
1214 1516 14 14
1214 1569 27 11
1215 1293 36 5
1215 1434 36 15
1215 1581 7 1
1215 1626 13 5
1216 1228 18 8
1216 1674 34 4
1217 1349 2 7
1217 1549 6 12
1219 1594 48 14
1222 1244 55 10
1222 1508 21 11
1223 1502 16 6
1224 1523 34 14
1225 1289 9 8
1227 1315 36 11
1227 1627 25 4
1227 1633 30 14
1228 1424 26 15
1228 1587 56 13
1229 1326 55 7
1230 1258 12 11
1230 1345 14 9
1230 1524 46 2
1231 1592 44 4
1231 1652 52 7
1233 1363 58 15
1236 1473 50 1
1236 1689 42 1
1237 1241 10 9
1237 1568 46 7
1238 1248 60 5
1238 1652 30 3
1240 1378 4 11
1240 1403 6 15
1240 1444 35 5
1240 1680 26 9
1241 1301 12 14
1242 1407 14 1
1242 1561 44 11
1243 1379 17 6
1244 1388 1 9
1245 1446 8 15
1245 1507 51 11
1245 1645 47 7
1247 1376 40 4
1248 1263 59 8
1248 1290 11 14
1248 1508 12 10
1248 1682 40 8
1249 1276 14 8
1249 1278 40 9
1249 1505 13 9
1250 1455 21 8
1251 1351 59 9
1251 1514 45 11
1251 1516 29 11
1251 1601 6 2
1252 1326 15 1
1252 1683 16 15
1253 1491 23 2
1253 1517 31 8
1253 1672 60 8
1254 1451 46 5
1254 1469 4 12
1254 1558 53 7
1254 1568 27 6
1255 1521 46 11
1256 1373 19 12
1257 1339 14 15
1257 1584 60 12
1257 1654 37 12
1258 1352 54 13
1258 1651 34 12
1259 1374 3 10
1259 1685 58 2
1260 1423 42 1
1260 1648 1 12
1261 1282 31 4
1261 1455 18 5
1261 1497 43 15
1262 1589 29 5
1263 1521 1 12
1265 1417 11 8
1265 1500 1 11
1265 1625 30 6
1266 1328 26 8
1268 1286 56 1
1269 1411 25 8
1270 1385 34 13
1272 1290 37 11
1272 1315 21 7
1273 1596 48 9
1273 1680 19 1
1274 1412 32 3
1274 1493 56 14
1274 1497 14 14
1275 1362 41 13
1275 1363 32 14
1276 1538 18 2
1277 1373 20 7
1277 1486 2 2
1277 1585 28 10
1277 1666 27 11
1278 1662 58 12
1279 1551 39 10
1280 1567 22 14
1281 1472 42 9
1281 1686 50 11
1282 1534 27 7
1283 1524 32 4
1284 1633 21 10
1284 1664 5 11
1287 1323 54 10
1288 1461 33 9
1289 1417 30 1
1289 1428 57 2
1289 1487 55 13
1289 1496 33 4
1289 1649 60 5
1291 1631 4 12
1294 1362 42 5
1294 1507 13 11
1294 1558 27 2
1295 1460 10 2
1297 1299 15 7
1297 1559 23 4
1298 1564 56 7
1299 1462 10 14
1299 1601 37 12
1300 1625 48 2
1301 1404 59 12
1301 1489 10 12
1302 1539 35 8
1302 1577 44 3
1302 1645 10 3
1303 1449 9 5
1304 1446 21 2
1304 1485 50 8
1305 1628 60 9
1306 1417 21 15
1307 1651 22 9
1308 1597 13 4
1310 1367 22 5
1310 1619 17 13
1311 1529 35 7
1312 1338 15 11
1312 1577 59 4
1313 1324 21 3
1314 1333 48 10
1314 1505 41 14
1314 1696 9 11
1316 1541 40 10
1317 1606 6 11
1317 1646 60 15
1317 1697 10 8
1318 1458 3 11
1322 1425 24 5
1322 1576 12 7
1323 1546 50 4
1324 1623 46 11
1324 1690 14 14
1325 1476 52 13
1325 1687 14 9
1327 1593 28 5
1327 1689 2 7
1328 1398 15 8
1328 1436 2 4
1328 1511 8 6
1329 1369 2 14
1330 1381 54 8
1330 1484 47 11
1331 1383 26 14
1331 1583 8 13
1331 1676 12 9
1332 1334 55 15
1332 1370 47 10
1333 1679 44 10
1334 1534 60 1
1334 1633 22 4
1334 1681 29 11
1335 1518 48 4
1337 1396 33 6
1337 1634 1 4
1338 1407 35 4
1338 1516 20 5
1339 1486 6 15
1339 1553 9 12
1340 1520 50 4
1341 1376 46 9
1342 1667 13 12
1343 1499 5 6
1345 1574 34 8
1345 1692 18 5
1346 1466 54 9
1346 1555 32 10
1347 1390 33 9
1347 1455 41 8
1347 1462 26 9
1348 1506 14 1
1349 1465 56 15
1349 1491 43 6
1350 1388 38 13
1350 1402 53 12
1351 1603 39 6
1353 1489 2 9
1353 1646 2 4
1354 1407 52 4
1354 1524 9 7
1354 1617 44 4
1355 1411 20 7
1355 1451 43 11
1355 1575 43 1
1356 1406 33 5
1356 1674 10 1
1357 1608 42 10
1358 1593 22 1
1359 1398 50 7
1359 1484 54 11
1360 1382 21 7
1362 1425 6 14
1362 1535 44 4
1362 1536 57 14
1362 1660 25 4
1362 1679 44 13
1365 1439 35 4
1367 1406 3 9
1367 1532 27 5
1367 1657 50 12
1368 1406 13 6
1370 1480 37 14
1370 1582 38 6
1371 1658 51 1
1372 1547 44 1
1374 1622 23 14
1374 1669 28 6
1375 1448 8 3
1378 1440 41 7
1378 1671 27 3
1379 1387 44 9
1380 1386 55 7
1381 1407 39 7
1381 1587 42 15
1382 1397 37 2
1382 1509 53 9
1384 1531 13 11
1384 1685 21 8
1385 1581 30 6
1386 1391 56 13
1386 1616 31 14
1387 1581 28 8
1387 1680 11 8
1387 1683 2 15
1389 1554 45 2
1389 1555 5 3
1389 1597 10 15
1389 1636 33 5
1390 1429 57 11
1390 1572 2 3
1391 1548 28 8
1391 1568 3 12
1392 1467 26 5
1395 1447 55 1
1395 1652 58 7
1396 1433 37 4
1397 1670 26 3
1401 1504 48 2
1401 1692 40 3
1403 1426 46 5
1403 1604 53 2
1405 1497 36 4
1408 1450 9 14
1410 1662 46 3
1410 1688 6 11
1413 1571 5 4
1414 1514 19 3
1415 1629 5 2
1417 1675 56 4
1417 1685 43 8
1419 1442 21 7
1419 1630 17 5
1419 1672 36 14
1421 1526 27 9
1422 1506 18 12
1422 1651 7 3
1422 1686 14 10
1423 1473 47 8
1423 1685 5 14
1424 1587 35 7
1426 1466 60 10
1426 1597 4 8
1426 1666 39 10
1429 1503 36 13
1429 1541 40 12
1432 1489 56 14
1432 1680 25 14
1436 1584 41 11
1436 1645 41 7
1441 1603 57 15
1442 1656 59 1
1443 1527 2 12
1443 1595 50 13
1443 1681 20 1
1444 1595 28 12
1447 1573 6 6
1447 1655 55 1
1448 1614 44 6
1448 1693 31 15
1449 1481 60 12
1449 1576 11 1
1449 1578 40 15
1450 1585 56 14
1450 1589 51 9
1451 1570 51 10
1451 1658 39 15
1454 1523 54 2
1457 1528 24 5
1458 1493 13 13
1458 1514 5 6
1458 1576 49 8
1460 1551 38 1
1461 1573 17 2
1461 1602 33 10
1463 1570 39 9
1464 1476 32 1
1464 1496 51 7
1464 1533 60 6
1466 1542 54 7
1467 1501 29 4
1468 1570 24 4
1468 1666 56 14
1471 1530 21 11
1472 1612 39 10
1472 1681 16 10
1473 1554 8 15
1473 1689 7 10
1476 1517 34 12
1476 1557 8 10
1477 1549 34 13
1477 1698 58 4
1479 1684 8 14
1481 1557 54 10
1481 1609 44 6
1481 1641 55 11
1484 1604 59 8
1485 1551 19 13
1489 1644 19 6
1490 1581 16 7
1491 1500 12 14
1493 1543 55 12
1493 1609 43 7
1495 1636 13 4
1497 1511 35 12
1497 1575 24 10
1497 1590 24 3
1499 1586 47 4
1502 1634 31 9
1507 1521 20 15
1511 1611 48 13
1511 1620 60 8
1514 1572 42 11
1521 1679 2 14
1522 1539 37 9
1524 1573 21 11
1526 1578 51 15
1526 1614 34 15
1527 1636 48 7
1527 1656 57 7
1528 1551 37 7
1528 1606 15 14
1529 1575 17 5
1538 1698 31 3
1539 1553 1 7
1539 1672 60 6
1542 1614 26 5
1545 1620 35 6
1548 1677 13 1
1549 1615 50 11
1550 1608 33 6
1551 1582 39 14
1552 1651 18 10
1553 1596 16 10
1556 1626 23 11
1560 1619 24 9
1562 1620 23 3
1562 1666 28 9
1562 1676 1 1
1562 1700 1 7
1563 1567 2 2
1565 1634 7 15
1565 1665 36 13
1566 1672 9 1
1567 1614 24 3
1567 1615 4 10
1568 1624 29 8
1568 1629 53 9
1569 1635 6 7
1570 1629 17 7
1570 1640 24 6
1572 1623 29 7
1574 1617 19 1
1574 1625 58 12
1576 1601 30 14
1576 1645 59 11
1580 1605 3 8
1585 1631 23 12
1598 1625 59 1
1599 1687 58 6
1599 1691 28 14
1603 1639 16 6
1606 1623 58 11
1609 1633 55 10
1611 1637 28 5
1611 1668 26 4
1614 1654 42 3
1617 1637 40 15
1620 1635 58 13
1624 1652 19 4
1627 1658 7 5
1637 1643 53 1
1637 1650 42 1
1638 1692 23 5
1639 1669 31 9
1640 1650 7 4
1641 1654 22 13
1642 1650 3 15
1644 1675 42 12
1644 1692 43 15
1645 1699 11 13
1655 1660 16 3
1656 1700 20 13
1659 1692 17 9
1665 1689 16 9
1689 1697 20 6

0 12 48
1 15 1
2 25 37
3 28 29
4 34 22
5 37 36
6 41 42
7 47 23
8 59 27
9 61 30
10 64 29
11 111 18
12 115 46
13 116 15
14 136 26
15 144 22
16 148 45
17 152 24
18 176 38
19 194 5
20 198 5
21 208 31
22 210 15
23 211 16
24 213 18
25 233 47
26 262 40
27 272 40
28 289 12
29 297 24
30 315 37
31 336 38
32 365 50
33 377 8
34 379 8
35 383 31
36 407 25
37 415 23
38 416 10
39 432 45
40 444 37
41 448 38
42 455 30
43 465 45
44 517 43
45 519 43
46 533 17
47 537 48
48 541 37
49 542 7
50 545 6
51 549 30
52 557 10
53 570 1
54 574 19
55 584 37
56 598 32
57 607 39
58 613 16
59 625 10
60 626 33
61 633 29
62 641 30
63 642 15
64 643 29
65 648 28
66 649 6
67 650 29
68 652 15
69 656 7
70 663 29
71 667 19
72 673 33
73 680 33
74 682 35
75 700 21
76 716 40
77 730 5
78 737 29
79 738 38
80 753 11
81 758 42
82 759 37
83 763 29
84 764 45
85 773 46
86 799 27
87 801 50
88 811 49
89 823 31
90 839 38
91 840 29
92 848 45
93 868 12
94 872 42
95 877 38
96 889 22
97 897 5
98 905 23
99 907 23
100 920 11
101 922 3
102 936 41
103 938 28
104 984 37
105 995 14
106 997 24
107 1024 49
108 1043 4
109 1050 42
110 1056 20
111 1083 29
112 1091 4
113 1100 42
114 1103 27
115 1124 29
116 1133 50
117 1145 44
118 1153 48
119 1162 35
120 1185 42
121 1190 11
122 1204 17
123 1208 1
124 1209 46
125 1214 29
126 1260 12
127 1265 30
128 1276 36
129 1277 23
130 1286 24
131 1293 15
132 1296 3
133 1298 46
134 1308 3
135 1316 43
136 1317 24
137 1327 8
138 1333 26
139 1340 24
140 1360 31
141 1364 13
142 1373 17
143 1374 35
144 1376 20
145 1392 6
146 1395 26
147 1397 12
148 1413 9
149 1434 5
150 1464 36
151 1465 19
152 1486 13
153 1488 12
154 1490 34
155 1499 39
156 1500 38
157 1506 12
158 1543 32
159 1549 7
160 1550 47
161 1558 31
162 1600 2
163 1603 12
164 1641 22
165 1672 9
166 1675 9
167 1681 18
168 1685 35
169 1689 15
