623 3089 62 14

0 30 7905
1 60 15895
2 90 23970
3 120 32130
4 150 40376
5 180 48709
6 210 57129
7 240 65637
8 270 74234
9 300 82921
10 330 91698
11 360 100566
12 390 109526
13 420 118578

0 5937
1 5202
2 5450
3 4548
4 5737
5 4447
6 5552
7 5490
8 6381
9 5496
10 4339
11 5883
12 7067
13 5535
14 6794
15 6799
16 3599
17 6948
18 4303
19 5139
20 5552
21 5853
22 4673
23 7367
24 5797
25 7177
26 5009
27 5815
28 5948
29 3992
30 5112
31 5143
32 3778
33 5060
34 4774
35 5943
36 3237
37 5242
38 6574
39 4878
40 6771
41 4644
42 5665
43 5749
44 3268
45 4958
46 5689
47 4494
48 4999
49 4756
50 4512
51 6260
52 4628
53 5150
54 6142
55 6679
56 5459
57 5498
58 6235
59 5997
60 4201
61 4244
62 5387
63 6294
64 5281
65 6075
66 6138
67 6958
68 4527
69 3691
70 5520
71 5989
72 5146
73 4294
74 5417
75 4546
76 5007
77 4218
78 4421
79 4412
80 5249
81 5984
82 4714
83 5611
84 5362
85 4328
86 5472
87 6509
88 3709
89 6037
90 4500
91 5001
92 6328
93 3227
94 4796
95 3641
96 3444
97 5136
98 4796
99 6859
100 4577
101 5349
102 5241
103 4840
104 5426
105 4387
106 6213
107 4592
108 6333
109 5685
110 5784
111 4832
112 5990
113 4990
114 5301
115 6268
116 7486
117 5340
118 4859
119 4262
120 4351
121 5002
122 4420
123 5653
124 4300
125 4821
126 5451
127 5762
128 5564
129 5585
130 4747
131 5971
132 6101
133 4833
134 6585
135 4235
136 3496
137 4753
138 6276
139 5402
140 6290
141 5680
142 5864
143 5164
144 5434
145 3838
146 5239
147 6697
148 4730
149 4966
150 5797
151 5178
152 4797
153 5141
154 3733
155 5481
156 5565
157 5726
158 5248
159 6694
160 4288
161 4324
162 5680
163 6277
164 4615
165 5657
166 5162
167 6441
168 3892
169 6008
170 4485
171 4046
172 5824
173 4728
174 4972
175 5403
176 6107
177 5187
178 5820
179 4857
180 4722
181 6814
182 6207
183 4892
184 4700
185 6979
186 4174
187 5404
188 5741
189 5941
190 4535
191 6857
192 5500
193 5202
194 5346
195 5156
196 5963
197 7112
198 6109
199 5002
200 5568
201 4817
202 6388
203 6215
204 5817
205 6020
206 6222
207 4910
208 4872
209 5380
210 6642
211 4436
212 6537
213 4609
214 4438
215 4995
216 5130
217 6911
218 4687
219 5800
220 4937
221 5881
222 6567
223 3475
224 5132
225 5378
226 5986
227 5446
228 4966
229 5674
230 5636
231 5393
232 5147
233 5075
234 4351
235 5085
236 5645
237 5019
238 6635
239 5127
240 4244
241 5399
242 5502
243 5082
244 4864
245 5602
246 5937
247 7052
248 5329
249 4487
250 4939
251 5913
252 5895
253 4098
254 5637
255 5387
256 6802
257 5067
258 4288
259 5729
260 6382
261 6633
262 5368
263 5101
264 4094
265 5713
266 5408
267 4664
268 5001
269 5901
270 5225
271 5687
272 5537
273 4815
274 4978
275 4663
276 4924
277 5342
278 6153
279 5291
280 5608
281 5768
282 5551
283 4067
284 7594
285 4890
286 6398
287 3953
288 4351
289 6234
290 4806
291 6852
292 4969
293 5200
294 6543
295 4047
296 5544
297 4856
298 6002
299 6073
300 5763
301 5563
302 5551
303 6356
304 4455
305 4608
306 6247
307 6196
308 4612
309 3645
310 5286
311 3606
312 5531
313 6034
314 5569
315 4448
316 6174
317 4318
318 6690
319 5695
320 5977
321 5516
322 6288
323 5250
324 5435
325 6155
326 5775
327 4844
328 5948
329 5911
330 6186
331 5631
332 5803
333 6412
334 7271
335 4364
336 5678
337 6941
338 5198
339 5713
340 6460
341 5583
342 3976
343 5310
344 5909
345 4455
346 5742
347 6053
348 4488
349 5168
350 4809
351 5400
352 4475
353 4033
354 4995
355 4414
356 3854
357 5307
358 5072
359 4888
360 4510
361 5248
362 3992
363 4683
364 4636
365 4728
366 4578
367 5359
368 6089
369 5227
370 5074
371 6041
372 5110
373 3977
374 6142
375 5140
376 6355
377 7198
378 4553
379 3750
380 6581
381 5073
382 5005
383 4893
384 5113
385 6865
386 5430
387 5986
388 5353
389 5808
390 4157
391 5911
392 4451
393 5417
394 5575
395 5583
396 5948
397 6207
398 6029
399 4968
400 4697
401 3582
402 5121
403 6236
404 4606
405 6906
406 6266
407 6175
408 4080
409 6553
410 4696
411 6169
412 4598
413 3554
414 5329
415 3678
416 4752
417 6401
418 5693
419 5235
420 5537
421 3599
422 5498
423 5173
424 5565
425 4633
426 4748
427 5721
428 3698
429 5282
430 5487
431 5356
432 5519
433 3852
434 5837
435 5885
436 5727
437 5388
438 5300
439 5354
440 6240
441 4583
442 4916
443 4137
444 4120
445 4115
446 5105
447 5144
448 5044
449 6920
450 5560
451 6621
452 5248
453 4804
454 4805
455 4709
456 4324
457 5475
458 5351
459 5971
460 4796
461 4956
462 5599
463 4046
464 4879
465 6385
466 5160
467 4483
468 5483
469 6938
470 5899
471 6511
472 4875
473 4382
474 7211
475 6185
476 6307
477 5393
478 4745
479 6137
480 6543
481 5008
482 6382
483 4612
484 4929
485 5642
486 6422
487 4752
488 6551
489 4782
490 4951
491 5062
492 5849
493 6835
494 5312
495 3950
496 5671
497 4690
498 6083
499 6903
500 5613
501 4027
502 7787
503 6478
504 4660
505 6537
506 5377
507 3276
508 3691
509 6964
510 5736
511 5584
512 3970
513 5295
514 4250
515 5024
516 3953
517 5709
518 4836
519 5517
520 4358
521 7025
522 6392
523 5260
524 5091
525 5451
526 5291
527 6307
528 5930
529 6228
530 5828
531 5715
532 5637
533 4517
534 6011
535 4567
536 6776
537 6389
538 5497
539 6252
540 5090
541 4191
542 4833
543 4128
544 5365
545 6071
546 5217
547 5912
548 5346
549 4973
550 6043
551 6522
552 5295
553 5823
554 4503
555 5992
556 4645
557 5973
558 4896
559 5314
560 4293
561 6759
562 5345
563 4226
564 7754
565 5712
566 4240
567 4602
568 5853
569 6537
570 5662
571 6461
572 6251
573 5361
574 5018
575 5166
576 5936
577 7183
578 5398
579 5497
580 5648
581 5542
582 4685
583 5158
584 5039
585 5045
586 5025
587 4012
588 5614
589 5644
590 4559
591 4725
592 5915
593 5908
594 5712
595 3809
596 5054
597 4658
598 3771
599 5857
600 5278
601 5984
602 4588
603 5425
604 4452
605 6190
606 6327
607 5519
608 5546
609 4646
610 6673
611 4557
612 6592
613 6680
614 5343
615 5397
616 5677
617 3922
618 5869
619 3253
620 5344
621 6726
622 5713

0 19 27 9
0 45 9 2
0 92 12 10
0 107 29 8
0 217 20 12
0 379 33 10
0 384 19 9
0 411 21 12
0 414 31 9
1 151 47 3
1 164 47 8
1 165 32 5
1 185 37 1
1 303 38 13
1 319 25 2
1 333 17 4
1 346 41 5
1 487 38 5
1 488 29 4
1 538 21 15
1 579 43 12
2 18 14 12
2 72 27 2
2 130 43 14
2 163 43 5
2 199 46 14
2 367 36 12
2 380 42 7
2 515 19 12
2 545 54 15
3 82 21 11
3 196 9 10
3 231 57 14
3 256 30 4
3 272 3 3
3 284 35 10
3 301 8 9
3 306 8 9
3 319 56 13
3 352 32 9
3 372 23 4
3 492 18 5
3 553 6 3
3 560 20 8
3 570 26 7
3 611 36 10
4 88 27 6
4 130 24 6
4 169 25 12
4 193 7 2
4 272 23 4
4 346 33 11
4 474 8 10
4 498 57 13
4 586 32 15
5 18 26 13
5 117 55 8
5 124 3 11
5 155 17 3
5 161 16 4
5 268 59 15
5 291 49 6
5 370 49 12
5 443 8 1
5 546 48 3
5 553 43 7
6 93 19 15
6 137 19 4
6 170 53 13
6 171 22 13
6 211 24 6
6 227 39 2
6 278 41 8
6 283 29 1
6 305 27 4
6 374 1 4
6 391 30 11
6 565 52 13
7 27 7 6
7 87 26 9
7 227 4 6
7 285 9 3
7 432 11 2
8 137 31 7
8 180 50 11
8 237 4 4
8 264 10 8
8 266 29 1
8 299 18 8
8 368 39 9
8 407 26 4
8 429 13 14
8 432 12 5
8 434 4 13
8 437 40 15
8 527 17 3
8 560 58 15
9 57 29 15
9 64 16 15
9 131 57 11
9 178 2 4
9 291 55 10
9 343 5 1
9 406 35 2
9 579 47 6
9 580 47 12
10 17 36 5
10 27 33 14
10 53 50 9
10 78 7 6
10 183 6 12
10 205 38 7
10 538 8 13
11 108 12 10
11 128 25 13
11 236 49 12
11 265 19 7
11 321 45 10
11 334 36 11
11 384 5 2
11 412 2 4
11 502 40 13
11 515 45 13
11 554 57 10
12 16 5 8
12 17 48 7
12 188 49 14
12 205 22 6
12 223 17 2
12 259 18 6
12 279 51 3
12 388 36 5
12 507 19 9
12 572 59 9
13 167 16 5
13 174 43 10
13 339 45 8
13 358 9 12
13 476 60 1
13 585 42 10
13 619 50 1
14 192 42 7
14 206 24 14
14 212 24 9
14 314 13 2
14 350 12 10
14 352 47 6
14 410 47 13
14 419 4 10
15 33 58 1
15 46 31 10
15 149 3 4
15 217 9 4
15 418 39 6
15 427 60 4
15 589 13 7
15 600 60 14
15 616 44 15
16 20 29 15
16 133 39 3
16 158 35 9
16 170 2 15
16 274 31 12
16 406 29 15
16 439 50 5
16 486 41 7
16 516 34 13
16 522 59 15
16 539 24 1
16 553 31 10
16 557 25 10
16 565 14 7
17 56 53 1
17 112 52 8
18 98 18 10
18 153 2 6
18 195 56 8
18 339 24 13
18 357 13 15
18 446 28 5
18 468 56 2
18 544 53 7
19 104 55 6
19 173 49 1
19 217 11 8
19 322 19 12
19 337 53 4
19 372 37 1
19 494 6 11
19 516 29 4
19 537 27 14
19 547 4 3
19 588 57 11
20 91 5 3
20 137 25 6
20 227 21 8
20 325 49 4
20 391 23 5
20 402 37 12
20 419 50 5
20 451 58 12
20 598 16 14
21 174 19 5
21 314 7 14
21 334 14 12
21 358 14 2
21 375 13 2
21 414 15 6
21 434 24 8
21 438 9 11
21 522 34 6
21 621 43 4
22 128 50 5
22 171 16 11
22 196 35 4
22 227 56 4
22 258 29 2
22 290 57 14
22 317 56 4
22 323 4 10
22 396 30 1
22 410 7 14
22 419 11 9
22 515 2 7
22 550 49 6
22 571 3 9
22 600 26 5
22 607 59 14
23 94 33 14
23 101 36 8
23 117 42 15
23 169 30 2
23 197 19 14
23 198 3 1
23 226 11 3
23 321 57 6
23 359 2 11
23 371 30 5
23 379 13 5
23 497 45 4
23 506 52 5
24 49 25 7
24 95 43 6
24 264 21 15
24 394 33 3
24 444 46 7
24 455 13 2
24 537 12 15
25 70 21 12
25 170 52 3
25 241 33 10
25 447 41 12
25 487 20 1
25 500 18 4
26 40 14 2
26 58 23 9
26 94 38 13
26 113 6 15
26 293 33 11
26 295 54 5
26 353 32 14
26 384 16 5
26 400 60 7
26 500 27 15
26 605 33 4
27 128 37 9
27 268 35 3
27 398 5 4
27 405 56 1
27 423 42 7
27 429 50 14
27 436 28 1
27 573 3 14
27 611 60 2
28 51 35 15
28 132 23 2
28 188 31 1
28 224 32 2
28 300 45 11
28 309 19 4
28 382 51 8
28 457 36 4
28 483 5 1
28 491 22 12
28 513 36 13
28 520 5 9
28 532 11 10
28 545 10 5
28 590 17 4
28 596 44 8
28 622 38 11
29 62 29 11
29 179 10 11
29 378 29 7
29 379 25 10
29 420 45 14
29 429 32 7
29 468 35 14
29 486 42 6
29 525 37 4
29 596 30 4
30 204 43 13
30 244 39 5
30 294 59 13
30 342 59 4
30 360 43 8
30 381 37 10
30 545 26 1
30 589 48 9
30 622 10 4
31 87 11 8
31 215 28 6
31 223 28 1
31 409 29 4
31 459 9 10
31 526 42 10
31 535 12 7
31 548 40 7
31 550 1 13
31 576 1 14
32 55 8 10
32 89 25 8
32 175 42 5
32 176 15 2
32 206 18 5
32 232 16 1
32 310 45 8
32 345 45 4
32 353 50 1
32 387 35 8
32 518 9 4
32 527 46 13
32 567 21 1
32 592 46 5
33 153 41 11
33 279 7 15
33 285 36 15
33 287 8 9
33 365 35 10
33 585 22 12
34 144 36 6
34 170 12 11
34 232 31 12
34 365 33 1
34 437 27 1
34 597 35 8
34 610 39 9
35 65 29 12
35 67 35 7
35 135 34 8
35 255 2 11
35 405 22 14
35 471 44 1
35 475 23 15
35 478 57 12
35 483 10 13
35 492 40 1
35 496 2 3
35 552 21 8
35 555 52 6
35 576 8 15
35 588 18 11
36 199 30 5
36 246 14 13
36 408 31 15
36 468 50 3
36 474 2 12
36 562 10 14
37 74 54 8
37 181 16 2
37 232 40 3
37 278 55 1
37 324 14 5
37 336 6 11
37 458 43 2
37 542 40 1
38 62 46 10
38 159 55 1
38 210 45 14
38 218 3 5
38 244 54 5
38 426 8 3
38 444 43 9
38 515 41 15
38 536 39 9
38 580 20 4
39 55 14 1
39 171 26 14
39 180 29 12
39 240 19 15
39 246 22 3
39 247 6 7
39 334 24 12
39 446 21 13
39 495 18 10
39 513 52 12
39 549 23 12
39 577 39 14
39 588 38 5
40 53 35 7
40 62 55 9
40 148 48 4
40 164 60 9
40 186 43 8
40 312 20 8
40 412 49 6
40 415 54 1
40 435 19 3
40 462 7 8
40 465 3 10
40 476 55 7
40 563 27 6
41 165 1 2
41 204 2 10
41 280 10 2
41 459 26 14
41 578 9 2
41 622 34 13
42 80 43 9
42 110 47 9
42 140 9 8
42 191 18 13
42 290 45 10
42 309 48 14
42 380 14 12
42 386 45 13
42 394 50 13
42 428 42 5
42 453 20 15
42 507 50 3
42 555 17 1
43 148 53 7
43 163 6 15
43 257 58 1
43 271 34 5
43 502 16 5
43 510 47 14
43 526 19 3
43 536 25 2
43 570 16 2
44 55 11 10
44 64 43 8
44 136 2 5
44 205 8 4
44 211 38 5
44 266 25 10
44 283 48 6
44 307 46 9
44 514 33 5
44 564 23 11
45 113 38 10
45 204 12 7
45 229 26 9
45 340 43 9
45 368 55 1
45 385 38 9
45 522 37 15
45 555 1 8
46 58 39 1
46 60 5 8
46 81 40 15
46 94 30 14
46 196 16 12
46 251 45 13
46 294 19 1
46 330 15 7
46 477 50 4
46 506 16 8
46 513 20 7
46 515 39 14
46 526 49 6
47 104 8 8
47 314 16 6
47 348 41 8
47 349 15 8
47 424 5 15
47 497 17 13
47 501 42 11
47 508 53 11
47 568 44 1
47 579 57 13
47 584 17 5
48 50 59 3
48 120 3 5
48 147 20 5
48 184 59 13
48 259 12 13
48 346 7 11
48 367 6 11
48 388 25 5
48 427 42 15
48 481 16 3
48 545 13 2
48 548 13 8
48 608 24 3
49 124 55 6
49 172 27 7
49 304 50 4
49 316 33 5
49 409 11 1
49 476 38 1
49 549 3 15
50 247 3 15
50 372 26 1
50 398 41 11
50 436 1 7
51 57 60 8
51 164 5 10
51 225 17 8
51 361 53 10
51 386 5 5
51 590 26 6
52 134 49 10
52 280 52 1
52 295 26 15
52 309 39 8
52 323 30 10
52 360 47 7
52 421 57 13
52 424 30 12
52 425 34 4
52 517 25 1
52 549 49 15
52 617 6 11
52 621 3 3
53 106 58 14
53 113 29 12
53 146 50 14
53 158 49 14
53 193 32 4
53 281 9 2
53 391 55 10
53 451 4 14
53 603 25 10
54 202 4 4
54 207 43 8
54 270 30 14
54 333 19 7
54 471 31 10
55 146 22 4
55 334 45 7
55 370 41 15
55 537 55 3
55 557 34 10
55 580 33 1
56 134 17 4
56 211 29 7
56 335 50 8
56 396 8 13
56 448 16 8
56 456 54 3
56 487 33 9
56 563 48 4
57 119 59 7
57 127 40 2
57 133 26 4
57 319 60 6
57 409 27 6
57 520 47 13
57 523 18 8
57 608 15 13
58 130 52 1
58 242 54 7
58 325 5 9
58 389 14 2
58 395 37 6
59 72 20 12
59 84 46 12
59 122 44 10
59 185 51 8
59 343 47 4
59 363 36 14
59 483 47 15
59 518 26 7
60 96 23 12
60 133 11 7
60 244 21 7
60 332 48 7
60 364 45 13
60 482 53 3
60 512 22 7
60 606 15 14
61 72 44 15
61 73 19 6
61 104 19 13
61 150 8 8
61 181 27 14
61 246 15 6
61 369 16 5
61 377 3 7
61 581 48 13
62 145 23 15
62 166 30 4
62 235 17 1
62 371 22 5
62 399 56 3
62 430 60 3
62 553 55 1
62 554 56 4
62 603 22 8
63 212 60 1
63 216 46 8
63 400 52 12
63 429 38 11
63 476 13 1
64 85 32 6
64 110 50 1
64 136 19 3
64 153 40 7
64 263 58 12
64 332 24 11
64 359 6 3
64 400 15 5
64 402 28 10
64 464 43 13
64 469 39 11
64 529 56 4
64 535 36 4
64 609 8 6
65 169 17 15
65 235 2 7
65 240 56 14
65 411 32 15
65 420 5 11
65 430 4 10
65 467 60 6
65 521 33 14
66 79 20 9
66 98 40 14
66 156 43 15
66 163 37 15
66 188 52 11
66 193 45 5
66 246 1 4
66 294 55 1
66 385 51 3
66 482 17 15
66 562 11 7
66 582 27 1
66 617 22 4
67 158 10 7
67 201 29 2
67 225 46 5
67 308 8 8
67 340 58 13
67 347 59 10
67 433 12 9
67 526 23 1
67 537 35 3
67 546 46 9
67 557 50 11
67 619 22 1
68 212 59 8
68 381 10 12
68 418 6 8
68 525 49 10
68 586 25 13
68 595 23 8
68 606 21 7
69 85 19 7
69 103 56 14
69 168 29 5
69 189 16 4
69 252 58 10
69 388 34 10
69 618 39 3
70 96 32 5
70 112 21 3
70 126 19 5
70 163 6 8
70 165 55 2
70 245 47 10
70 340 59 9
70 389 52 7
70 392 33 4
70 519 43 10
71 154 7 7
71 554 26 10
71 560 17 11
71 572 12 3
72 87 5 2
72 218 13 4
72 295 59 8
72 314 38 11
72 375 37 4
73 113 54 13
73 185 21 3
73 194 14 7
73 271 7 4
73 615 25 13
74 102 48 2
74 120 26 6
74 239 28 2
74 280 30 13
74 352 36 1
74 403 55 13
74 536 50 8
74 599 11 15
75 199 44 3
75 247 18 12
75 287 13 11
75 304 31 3
75 309 18 8
75 319 48 7
75 369 35 15
75 507 48 14
76 114 34 9
76 143 54 3
76 162 60 7
76 172 37 6
76 472 22 9
76 479 11 6
77 159 46 7
77 171 56 3
77 272 16 6
77 295 20 13
77 327 36 3
77 350 2 12
77 416 5 1
77 566 31 4
78 98 34 1
78 105 13 13
78 228 48 12
78 271 7 9
78 318 2 14
78 329 12 10
78 337 14 3
78 342 23 5
78 420 18 2
78 429 24 1
78 474 29 7
78 499 12 9
78 521 32 6
78 522 19 2
78 620 21 12
79 183 21 12
79 218 38 11
79 505 11 3
80 101 24 13
80 102 37 15
80 171 25 1
80 198 53 9
80 223 37 2
80 238 11 9
80 291 12 7
80 340 14 13
80 353 51 10
81 103 24 5
81 177 29 7
81 190 14 7
81 195 12 3
81 321 35 2
81 426 10 4
81 434 40 7
81 470 5 7
81 532 25 4
81 581 52 11
82 113 21 4
82 130 26 15
82 291 55 11
82 450 6 4
82 466 29 6
82 473 10 8
82 606 43 15
82 610 41 15
83 150 39 10
83 158 30 4
83 192 19 4
83 257 40 4
83 276 26 2
83 290 46 9
83 291 55 2
83 419 5 11
83 435 27 3
83 529 40 13
83 532 22 6
83 533 53 1
84 134 27 2
84 144 24 9
84 164 57 6
84 166 9 9
84 353 60 4
84 487 6 7
85 130 4 7
85 169 51 2
85 206 23 6
85 418 22 14
85 481 20 15
85 498 21 13
85 513 59 13
85 524 35 2
85 539 59 14
85 546 8 9
85 606 3 2
85 613 46 5
86 189 53 10
86 191 57 11
86 202 52 14
86 224 12 1
86 240 31 13
86 251 43 5
86 345 22 3
86 375 21 1
86 396 48 2
86 402 41 10
86 437 58 10
86 457 8 12
86 512 8 15
86 565 9 3
86 596 24 7
87 211 8 14
87 287 19 1
87 390 59 1
87 425 42 11
87 495 7 1
87 547 38 7
88 109 48 9
88 173 28 3
88 182 54 11
88 237 5 1
88 341 25 14
88 352 39 4
88 370 32 14
88 398 49 7
88 399 52 10
88 403 54 6
88 424 41 10
88 433 15 4
88 570 16 6
89 146 7 5
89 231 49 6
89 246 2 13
89 248 40 13
89 414 6 2
89 563 38 3
89 570 30 6
90 366 17 10
90 387 58 8
90 465 27 13
90 521 46 2
90 547 12 15
90 574 17 11
90 618 14 13
91 94 26 6
91 117 34 13
91 189 48 4
91 231 37 12
91 276 41 5
91 436 11 5
91 459 36 3
91 484 28 12
91 566 55 8
91 589 46 12
92 123 6 8
92 296 42 12
93 121 26 13
93 125 17 10
93 255 42 9
93 449 37 12
93 542 50 11
94 197 17 4
94 268 21 13
94 316 45 4
94 437 37 3
94 441 60 11
94 547 51 5
94 594 9 11
94 595 59 9
94 596 23 15
95 124 21 9
95 173 26 3
95 178 5 7
95 314 24 13
95 352 11 13
95 375 34 11
96 272 24 15
96 337 25 1
96 443 50 10
96 497 11 11
96 608 54 11
97 151 23 8
97 200 60 8
97 232 10 7
97 404 2 13
97 440 15 5
97 441 16 1
97 473 6 10
98 197 17 14
98 425 15 15
98 448 34 9
98 477 37 9
98 530 35 13
99 136 12 15
99 187 48 9
99 240 53 11
99 417 54 8
99 428 5 2
99 533 42 4
99 534 44 13
99 610 58 5
100 160 31 7
100 182 50 6
100 195 45 8
100 370 56 1
100 537 12 4
100 577 37 14
101 132 22 2
101 136 2 1
101 270 40 6
101 502 25 5
101 567 57 9
101 604 4 8
102 130 47 3
102 172 26 3
102 341 6 13
102 403 27 4
102 429 39 12
102 483 59 14
102 487 50 3
102 497 31 8
102 508 7 8
102 559 39 15
103 209 47 14
103 232 10 3
103 266 7 3
103 429 59 9
103 539 55 3
103 581 42 15
104 288 44 2
104 329 13 15
104 350 37 8
104 390 11 6
104 392 14 9
104 393 59 1
104 402 50 3
104 427 5 11
104 455 60 3
104 508 46 1
104 575 11 8
105 205 21 2
105 294 18 5
105 320 11 9
105 437 25 7
105 509 50 6
105 533 27 3
106 132 24 2
106 154 1 12
106 280 5 6
106 311 47 7
106 435 14 2
106 512 60 13
106 530 35 11
107 166 31 12
107 170 46 9
107 242 19 14
107 376 50 12
107 425 49 2
107 472 42 14
107 506 12 13
107 514 1 14
107 528 29 13
107 536 47 15
107 546 49 10
107 621 4 9
108 128 45 9
108 171 3 4
108 187 4 3
108 190 17 1
108 206 45 2
108 255 16 9
108 257 24 4
108 284 36 12
108 312 35 12
108 330 37 13
108 407 7 4
108 413 44 5
108 470 32 10
108 471 39 8
109 210 44 9
109 244 21 5
109 264 24 12
109 270 14 14
109 303 23 8
109 433 25 2
109 494 36 2
109 499 40 6
109 523 26 8
109 527 31 4
110 167 53 12
110 328 31 3
110 401 23 4
110 537 54 14
110 593 8 6
111 133 9 11
111 197 55 1
111 221 5 8
111 231 2 2
111 263 6 10
111 265 13 13
111 285 15 13
111 302 33 6
111 442 48 13
111 455 25 12
111 487 16 15
111 533 30 2
111 604 21 15
112 151 18 4
112 167 35 2
112 180 9 15
112 239 27 8
112 331 14 9
112 338 55 15
112 349 55 15
112 361 9 15
112 466 49 4
112 493 50 4
113 170 8 8
113 183 21 4
113 234 8 7
113 354 60 12
113 380 47 2
113 485 24 15
113 509 27 15
113 533 2 15
113 538 1 14
113 580 22 14
114 233 38 5
114 368 49 4
114 452 52 15
114 491 19 2
114 515 22 4
114 563 5 15
115 171 27 7
115 217 22 13
115 220 11 3
115 229 29 3
115 236 57 15
115 469 52 3
115 470 26 14
115 495 11 11
116 303 50 9
116 373 34 13
116 468 39 9
116 517 47 8
116 549 39 7
116 573 30 6
116 598 46 12
117 126 37 9
117 174 20 1
117 185 17 5
117 197 25 15
117 304 10 5
117 308 39 10
117 311 39 13
117 518 28 11
117 595 60 6
117 619 9 10
118 152 13 3
118 281 59 12
118 301 12 14
118 399 18 9
118 621 47 11
119 272 27 3
119 370 11 3
119 470 2 14
119 540 48 14
120 140 39 6
120 152 60 15
120 177 22 9
120 229 59 11
120 294 10 4
120 404 24 8
120 415 19 4
120 418 13 9
120 419 4 2
120 565 51 14
120 573 30 12
121 125 26 7
121 141 50 11
121 144 18 9
121 161 31 12
121 171 9 12
121 279 21 5
121 335 55 11
121 397 58 7
121 413 15 9
121 473 24 11
121 480 27 14
121 532 48 10
121 548 48 6
121 583 50 3
121 586 52 13
121 588 54 3
122 362 35 2
122 456 30 5
122 459 14 11
122 577 31 9
122 600 19 7
123 189 46 14
123 199 31 3
123 214 59 14
123 231 15 5
123 261 3 5
123 331 43 7
123 457 46 2
123 564 4 4
124 260 29 14
124 308 44 3
124 368 60 4
124 390 25 5
124 391 31 13
124 420 37 9
124 561 56 13
124 581 20 1
124 596 33 5
125 246 57 13
125 254 58 1
125 445 47 13
125 447 60 10
125 501 37 3
125 548 55 1
125 601 60 11
126 229 38 12
126 256 58 10
126 296 26 12
126 327 47 6
126 411 40 11
126 493 1 11
126 533 1 15
126 543 12 9
126 616 27 15
127 137 22 3
127 261 11 6
127 281 46 11
127 315 57 12
127 381 41 11
127 397 27 8
127 400 5 1
127 409 41 13
127 481 34 14
127 564 29 12
127 580 8 15
127 607 26 11
128 158 10 1
128 255 33 7
128 322 20 9
128 356 35 1
128 358 49 13
128 474 1 9
128 563 24 10
129 144 19 8
129 188 56 9
129 343 29 2
129 394 29 11
129 403 53 7
129 594 38 2
130 172 36 9
130 316 26 1
130 370 39 10
130 387 7 10
130 446 47 2
130 542 8 5
130 612 4 1
131 226 30 4
131 277 16 15
131 422 6 3
131 533 12 15
132 202 49 1
132 233 57 10
132 254 9 4
132 374 38 1
132 414 9 11
132 591 17 3
133 157 1 14
133 329 43 4
133 352 43 6
133 435 43 8
134 210 45 1
134 332 22 14
134 413 8 14
134 436 14 14
134 549 58 9
134 564 7 10
134 619 29 1
135 292 18 5
135 351 58 6
135 426 59 2
135 441 44 6
135 463 7 3
135 478 21 4
135 591 29 4
136 141 1 15
136 205 54 14
136 298 39 8
136 326 60 11
136 345 47 14
136 454 56 14
136 468 49 1
136 480 49 2
136 508 30 11
136 519 9 7
136 555 49 9
137 152 4 12
137 197 15 13
137 221 29 11
137 239 22 10
137 242 13 13
137 246 49 13
137 314 28 15
137 415 22 13
137 471 39 6
137 539 38 14
137 611 29 10
138 222 20 12
138 246 40 3
138 263 22 6
138 373 1 1
138 420 39 6
138 450 22 2
138 483 33 5
138 553 46 10
138 560 3 15
138 561 47 14
138 575 42 5
138 579 60 10
138 612 8 10
139 279 37 10
139 490 54 13
139 500 8 7
140 296 12 2
140 322 54 13
140 376 31 9
140 512 26 9
141 155 42 10
141 328 46 9
141 330 4 1
141 425 32 5
141 430 51 6
141 538 56 2
141 546 17 6
141 617 2 10
142 153 53 2
142 215 15 7
142 232 42 3
142 237 6 6
142 251 43 10
142 263 43 9
142 265 30 9
142 279 46 2
142 316 54 3
142 365 50 9
142 445 3 10
142 481 4 14
143 144 55 1
143 157 18 4
143 192 4 9
143 219 30 9
143 232 24 14
143 273 15 4
143 356 35 7
143 462 16 9
143 614 36 3
143 617 1 1
144 248 22 12
144 284 19 5
144 504 31 12
144 516 39 8
144 536 41 13
144 609 51 11
145 210 1 10
145 357 29 2
145 400 27 6
145 439 32 10
145 447 18 13
145 481 31 4
145 594 37 10
146 247 51 9
146 386 15 2
146 492 33 6
146 584 29 14
146 592 42 5
147 191 30 3
147 243 44 15
147 274 57 6
147 407 53 4
147 459 41 10
147 496 7 2
147 581 53 15
148 193 14 14
148 243 51 5
148 334 10 6
148 361 48 7
148 462 60 13
148 469 41 14
148 487 29 13
148 551 20 8
148 585 16 11
148 607 15 12
149 164 6 7
149 268 39 11
149 275 3 5
149 341 32 11
149 389 23 3
149 420 6 12
149 439 53 14
149 449 8 15
149 535 11 14
149 550 46 1
149 608 4 9
150 169 25 9
150 219 52 14
150 273 25 1
150 289 51 11
150 365 13 8
150 491 9 10
150 500 5 11
151 167 30 13
151 304 36 3
151 357 33 15
151 363 31 14
151 382 42 12
151 496 57 9
151 510 38 5
152 157 8 9
152 165 2 9
152 169 54 14
152 176 33 3
152 185 11 15
152 241 5 14
152 405 60 5
152 433 38 15
152 558 58 11
153 169 52 1
153 201 9 7
153 235 29 1
153 474 57 14
154 177 56 3
154 257 7 11
154 291 48 12
154 347 59 5
154 364 48 3
154 469 4 1
154 556 22 6
154 575 46 8
155 175 27 6
155 183 22 13
155 187 34 13
155 270 48 1
155 287 27 15
155 381 16 13
155 412 9 13
155 465 21 3
156 198 33 15
156 214 20 15
156 247 16 3
156 287 55 15
156 429 50 8
156 431 31 2
156 442 49 1
156 474 8 8
156 513 57 13
156 519 26 6
156 588 59 8
156 592 45 14
157 185 54 3
157 242 7 9
157 330 56 2
157 335 46 8
157 380 57 12
157 402 26 15
157 427 37 14
157 447 31 11
157 485 52 6
157 592 1 3
158 271 19 11
158 292 33 7
158 342 57 13
158 398 56 3
158 421 29 8
158 446 2 2
158 453 16 12
158 618 28 9
159 182 50 7
159 193 43 14
159 400 42 9
159 417 49 11
159 429 28 13
159 537 32 5
160 167 21 4
160 171 59 11
160 201 52 8
160 394 3 5
160 483 51 10
160 493 53 11
160 587 30 3
160 597 34 4
161 199 56 12
161 337 50 10
161 366 35 1
161 374 11 13
161 411 52 5
162 182 18 9
162 249 12 12
162 365 44 15
162 367 27 14
162 418 58 15
162 431 38 2
162 494 28 14
162 499 27 7
162 579 10 7
163 220 49 4
163 386 50 13
163 415 60 10
164 251 22 9
164 331 25 3
164 346 26 14
164 378 46 10
164 411 11 15
164 448 55 2
164 526 43 3
165 173 1 8
165 228 5 7
165 295 45 14
165 369 47 5
165 574 24 5
166 219 6 15
166 245 7 4
166 279 10 6
166 433 34 11
166 443 48 14
166 477 44 13
166 488 52 10
166 492 3 3
166 541 26 15
167 168 15 12
167 232 16 1
167 255 19 9
167 270 58 7
167 273 29 11
167 325 40 14
167 368 12 5
167 382 13 14
167 405 16 14
167 438 1 7
167 454 2 9
167 505 5 9
167 530 57 12
167 578 46 13
167 602 4 4
168 208 52 12
168 242 11 13
168 455 9 3
168 467 36 10
168 513 8 4
168 602 20 13
168 604 22 9
169 283 32 5
169 287 59 1
169 293 52 2
169 354 22 8
169 358 34 12
169 477 24 6
169 507 23 7
169 567 25 2
170 223 24 4
170 305 52 7
170 528 58 4
170 532 4 8
170 585 1 8
170 591 24 4
171 196 37 11
171 239 20 5
171 405 53 14
171 489 36 13
171 505 38 15
171 547 3 2
172 240 60 6
172 363 30 8
172 367 32 14
172 386 31 3
172 394 7 15
172 404 17 13
172 432 37 12
172 500 26 9
172 535 1 4
172 575 53 5
173 265 33 5
173 274 28 13
173 330 40 13
173 345 18 6
173 443 20 8
173 446 40 15
173 498 8 8
173 531 12 13
173 611 49 1
174 180 24 7
174 181 7 10
174 363 32 8
174 413 51 7
174 442 59 5
174 458 7 13
174 472 40 8
174 501 31 5
174 521 5 15
174 588 58 12
175 278 60 2
175 409 53 4
175 413 57 8
175 419 44 1
175 562 22 3
176 510 25 3
176 569 33 4
176 571 52 12
176 586 40 11
176 617 23 6
177 192 3 12
177 197 12 5
177 431 20 3
177 508 26 6
177 522 23 7
177 595 45 3
177 622 48 9
178 203 28 12
178 259 54 12
178 292 11 3
178 301 33 1
178 425 39 12
178 443 52 3
178 456 33 2
178 558 4 4
178 567 20 5
178 575 50 6
179 263 33 5
179 339 23 7
179 433 17 5
179 499 56 7
179 530 46 1
179 558 19 2
180 209 48 14
180 312 8 11
180 503 35 7
180 528 49 6
180 564 34 12
181 187 15 1
181 201 7 1
181 334 5 11
181 360 23 5
181 423 48 7
181 436 8 10
181 599 14 7
182 239 10 7
182 276 46 2
182 344 32 2
182 435 7 13
182 482 17 11
182 512 59 6
182 535 52 3
182 596 26 2
183 309 57 7
183 334 38 2
183 336 60 11
183 456 28 5
183 501 32 11
183 512 48 12
183 558 44 15
183 599 33 14
184 215 12 14
184 246 11 9
184 250 13 8
184 310 30 14
184 369 27 7
184 491 53 8
184 576 24 10
185 287 15 2
185 338 23 13
185 340 45 4
185 349 2 12
185 431 7 5
185 454 48 5
185 489 11 10
185 507 37 1
186 232 7 15
186 265 22 8
186 267 44 10
186 312 11 1
187 436 42 11
187 526 19 8
187 598 18 7
187 618 59 8
188 189 29 11
188 292 53 8
188 438 50 10
188 540 23 15
188 601 7 9
188 614 36 5
189 273 54 15
189 306 19 3
189 434 13 2
189 452 33 15
189 453 46 14
189 457 44 2
189 458 21 5
189 465 21 12
189 482 58 2
189 591 23 15
190 226 52 7
190 358 45 12
190 436 51 12
190 511 43 1
190 531 19 6
191 220 56 1
191 335 55 1
191 452 54 9
191 518 11 14
191 527 60 4
191 564 19 7
192 194 57 15
192 210 60 12
192 240 45 6
192 244 29 12
192 350 18 3
192 378 54 3
192 594 43 8
192 597 33 12
192 617 53 6
193 272 53 8
193 285 58 7
193 325 51 6
193 329 58 7
193 346 18 14
193 427 1 7
194 202 46 5
194 336 60 14
194 395 18 7
194 480 54 7
194 482 3 14
195 264 38 4
195 354 56 8
195 376 10 5
195 540 7 1
196 212 55 3
196 288 16 11
196 328 44 2
196 340 17 4
196 353 37 7
196 420 46 9
196 487 39 9
196 502 45 7
196 572 22 5
196 582 2 8
196 608 59 13
196 613 60 14
197 219 19 4
197 316 59 3
197 343 3 15
197 365 3 14
197 385 18 4
197 467 32 13
197 510 4 2
197 528 54 14
197 587 11 3
198 203 27 1
198 293 36 2
198 307 49 6
198 341 8 14
198 349 19 15
198 395 14 12
198 415 58 15
198 497 23 1
199 241 49 2
199 280 9 6
199 312 59 9
199 359 59 1
199 377 16 5
199 522 33 14
199 588 31 1
200 216 15 15
200 283 7 3
200 345 27 13
200 367 58 7
200 508 42 4
200 542 11 13
200 618 45 13
201 211 45 6
201 273 45 15
201 343 52 13
201 369 29 12
201 401 20 8
201 444 56 6
201 466 1 2
201 480 37 4
201 531 3 14
201 540 39 15
202 317 24 12
202 416 23 12
202 427 38 9
202 442 52 15
202 493 21 13
202 528 39 13
203 282 25 12
203 306 55 5
203 370 14 10
203 393 30 5
203 424 9 14
203 529 25 11
203 595 5 5
204 237 51 13
204 344 2 15
204 364 27 3
204 451 32 12
204 472 54 3
204 527 19 8
204 533 33 8
204 602 1 15
205 286 59 12
205 300 10 7
205 330 22 8
205 337 19 7
205 367 12 4
205 595 49 4
206 218 33 2
206 240 33 10
206 252 3 12
206 323 51 4
206 351 24 1
206 380 17 2
206 424 53 13
206 458 60 11
206 562 53 9
206 577 3 3
206 610 40 12
207 210 19 7
207 288 18 8
207 387 46 3
207 428 23 8
207 509 42 5
208 218 8 12
208 281 40 10
208 429 16 13
208 572 19 6
208 586 6 4
208 599 18 10
208 604 53 15
209 254 27 7
209 277 3 12
209 367 41 10
209 405 60 8
209 458 26 9
209 507 25 14
210 232 27 11
210 241 37 12
210 266 36 2
210 306 50 11
210 308 39 2
210 385 52 14
210 523 28 13
210 592 56 15
211 268 41 15
211 280 45 6
211 436 44 5
211 496 44 15
211 556 15 15
211 579 18 6
212 227 33 4
212 323 20 6
212 364 37 4
212 398 45 10
212 528 16 3
212 551 30 2
213 352 22 8
213 355 60 6
213 358 28 11
213 412 14 6
213 605 44 1
214 220 43 5
214 301 46 2
214 365 60 6
214 391 7 12
214 506 59 6
215 300 19 5
215 361 12 8
215 385 36 11
215 458 60 15
215 483 55 15
215 539 3 10
215 540 22 15
216 311 49 11
216 409 3 8
216 492 40 9
216 498 51 7
216 561 27 10
217 275 32 14
217 337 17 6
217 384 47 6
217 469 57 11
217 512 26 6
218 241 30 3
218 394 38 12
218 444 37 12
218 458 32 13
218 526 57 2
218 549 1 6
218 572 48 5
218 610 7 3
219 273 33 6
219 306 55 5
219 368 41 8
219 386 57 7
219 454 22 11
219 503 48 5
219 530 50 6
219 566 57 11
220 221 43 2
220 225 15 8
220 386 48 10
220 396 29 2
220 435 5 12
220 530 57 6
221 263 27 14
221 296 49 15
221 343 44 4
221 372 6 3
221 382 31 3
221 451 20 7
221 465 28 12
221 571 3 14
221 580 16 6
221 603 15 10
222 241 58 10
222 269 5 12
222 346 13 4
222 349 49 6
222 353 21 7
222 364 26 7
222 468 59 6
222 543 46 10
222 566 8 2
223 391 30 13
223 418 50 3
224 374 53 11
224 389 4 5
224 452 60 5
224 463 29 5
224 522 19 8
224 581 40 15
225 242 56 10
225 361 5 11
225 587 47 5
225 590 2 8
225 615 9 10
226 248 16 8
226 283 21 10
226 346 4 9
226 358 46 2
226 394 46 12
226 467 23 10
226 500 37 4
226 502 18 13
226 537 47 3
226 545 45 14
226 564 48 13
226 568 20 14
226 577 35 3
227 229 38 3
227 242 38 15
227 317 6 7
227 326 17 6
227 372 44 12
227 537 49 6
228 293 49 11
228 326 42 14
228 525 28 12
228 533 11 8
229 264 7 2
229 317 26 4
229 361 52 4
229 461 29 4
229 549 46 8
229 568 33 2
229 579 19 11
229 617 5 5
230 237 37 5
230 288 28 14
230 317 43 7
230 319 14 7
230 335 46 7
230 381 48 9
230 407 2 10
230 439 5 2
230 461 22 13
230 466 57 15
230 605 36 12
230 613 43 4
231 320 50 8
231 392 24 2
231 467 56 15
231 495 60 2
231 558 14 10
231 559 10 9
231 606 49 14
232 241 53 6
232 314 24 14
232 344 32 14
232 374 36 8
232 382 23 8
232 536 49 11
232 562 35 9
233 274 36 14
233 423 35 6
233 435 32 8
233 518 33 13
233 612 10 12
234 416 8 4
234 568 50 15
234 585 45 8
234 610 18 12
235 278 25 15
235 283 47 11
235 466 44 6
235 472 29 3
235 487 35 9
235 608 43 15
236 238 29 5
236 352 17 5
236 360 30 5
236 445 13 5
237 304 32 11
237 392 23 1
237 507 9 9
237 512 12 15
237 563 25 10
237 581 51 3
238 258 47 15
238 262 8 3
238 273 15 13
238 343 20 10
238 386 21 5
238 610 24 14
239 243 14 10
239 372 46 6
239 379 42 5
239 427 60 15
239 441 16 9
239 502 49 6
239 583 44 11
240 250 12 12
240 350 48 6
240 452 44 9
240 465 7 8
240 476 52 11
240 605 54 9
241 316 48 12
241 340 24 15
241 422 49 7
241 428 54 4
241 567 17 7
241 612 58 8
242 323 28 1
242 371 26 14
242 387 28 2
242 456 38 13
242 498 32 4
242 534 33 9
243 331 9 3
243 419 3 6
243 442 1 6
243 554 30 6
243 575 37 13
244 271 2 11
244 307 22 9
244 329 39 13
244 363 8 2
244 432 15 10
244 450 10 14
244 456 19 12
244 460 2 11
244 476 19 11
244 493 20 10
245 258 28 12
245 291 32 13
245 401 60 12
245 421 46 1
245 486 40 15
245 571 27 11
245 614 1 10
246 352 37 9
246 370 53 4
246 388 42 4
246 479 34 4
246 568 5 8
247 307 4 5
247 400 24 12
247 407 5 5
247 409 50 15
247 489 12 13
247 535 41 9
247 568 12 2
248 253 54 5
248 367 8 2
248 375 45 4
248 418 53 15
248 420 23 4
248 427 54 12
248 455 19 11
248 532 47 5
248 600 48 1
249 324 55 4
249 408 55 5
249 425 44 14
249 426 41 14
249 467 28 11
249 540 7 2
250 270 37 12
250 273 26 1
250 290 30 14
250 347 13 14
250 480 45 6
250 482 46 5
250 612 46 3
251 254 36 11
251 263 18 5
251 297 27 6
251 373 25 8
251 375 36 15
251 447 57 2
251 462 7 4
251 463 56 12
251 507 5 15
251 530 14 15
251 545 19 11
251 592 13 6
252 309 52 6
252 418 38 2
252 427 3 13
252 498 19 6
252 592 33 1
252 616 19 1
253 274 52 15
253 420 10 6
253 471 23 10
253 592 45 7
254 261 51 7
254 342 41 8
254 368 27 4
254 397 43 12
254 444 20 4
254 561 1 15
254 576 54 3
254 602 1 1
255 278 6 12
255 280 25 14
255 304 20 14
255 321 26 6
255 357 14 2
255 539 19 2
255 568 59 13
256 319 47 6
256 377 15 5
256 427 35 4
256 494 45 8
256 609 39 9
257 269 60 7
257 287 19 8
257 311 20 15
257 315 48 8
257 363 11 7
257 532 31 5
257 614 34 10
258 280 39 4
258 365 43 5
259 546 57 2
259 589 58 4
259 615 56 9
260 262 5 9
260 444 38 5
260 465 9 6
261 267 54 3
261 293 44 14
261 501 13 2
262 350 6 12
262 374 17 3
262 453 11 9
262 470 1 14
262 489 17 3
262 500 60 14
262 573 38 11
263 277 51 13
263 282 52 4
263 406 53 3
263 450 39 14
263 465 2 12
263 502 53 6
263 541 15 11
263 544 32 13
263 598 35 4
263 618 17 5
264 345 34 9
264 384 10 14
264 472 26 14
264 585 4 2
264 613 10 2
265 296 30 13
265 406 8 10
266 304 5 7
266 373 4 9
266 400 30 4
266 420 27 7
266 466 40 4
266 476 35 3
266 492 56 7
266 507 34 6
266 568 54 8
267 295 45 9
267 437 6 1
267 539 9 15
268 356 38 4
268 359 26 5
268 384 5 5
268 390 14 8
268 404 15 3
268 455 31 12
268 503 9 8
268 538 17 14
268 545 19 1
268 548 33 1
268 606 22 10
269 407 45 11
269 526 43 2
269 604 26 1
270 336 43 14
270 365 42 6
270 371 19 1
270 376 39 6
270 451 17 5
270 452 45 1
270 455 30 13
270 485 26 15
270 512 3 12
270 570 18 10
271 338 10 3
271 382 32 1
271 449 17 4
272 275 20 12
272 602 4 4
272 612 33 6
273 366 20 3
273 428 16 10
273 483 4 6
273 495 36 14
273 521 28 8
273 560 26 10
274 385 37 3
274 401 53 5
274 477 43 4
274 532 55 9
275 330 36 8
275 332 38 15
275 378 31 12
275 460 44 11
275 607 18 8
276 294 26 4
276 310 12 13
276 364 42 3
276 392 41 13
276 409 19 7
276 445 50 5
276 605 56 3
277 398 19 7
277 437 56 12
277 540 29 7
278 461 39 6
278 477 29 5
278 506 56 12
278 601 53 8
279 298 5 2
279 395 42 12
280 319 14 14
280 406 6 5
280 455 4 6
280 621 2 14
281 305 18 2
281 393 56 4
281 483 22 4
281 512 58 10
281 552 9 11
281 577 25 14
281 600 46 14
282 413 35 1
282 481 30 9
282 516 51 12
283 316 25 1
283 362 29 4
283 553 36 1
283 590 4 8
283 592 26 10
284 290 37 8
284 358 25 12
284 411 28 3
284 426 50 1
284 497 10 5
284 606 43 12
285 338 19 8
285 392 34 8
285 511 4 3
285 586 45 14
285 603 48 9
286 296 18 5
286 320 34 11
286 374 27 14
286 430 47 2
286 552 13 14
287 310 18 8
287 379 17 11
287 414 24 14
287 460 47 12
287 473 42 2
287 486 44 12
287 505 50 13
287 529 28 13
288 294 49 5
288 304 60 6
288 358 60 6
288 388 14 13
288 430 17 6
288 458 40 8
289 344 49 1
289 454 47 5
289 505 6 8
289 553 12 8
289 577 27 8
290 310 42 9
290 351 27 5
290 375 38 13
290 388 51 6
290 468 59 8
290 528 45 9
290 565 55 2
291 347 33 3
291 385 47 5
291 439 10 14
291 466 42 6
291 578 19 11
291 596 8 15
292 296 19 9
292 349 19 9
292 367 26 5
292 429 5 10
292 485 12 9
292 528 14 7
293 308 6 6
293 365 1 12
293 372 9 7
293 380 58 7
293 438 8 9
293 459 56 10
293 525 33 9
293 529 27 11
293 610 38 8
294 410 41 12
294 411 58 12
294 416 17 11
294 424 30 11
294 431 14 10
294 435 59 1
294 444 42 2
294 567 30 4
294 574 16 9
294 600 41 13
295 297 8 1
295 353 12 13
295 356 33 13
295 468 31 4
295 597 31 9
295 598 4 14
296 344 26 2
296 370 54 12
296 412 23 12
296 437 51 1
296 500 42 14
296 590 36 14
297 373 51 13
297 385 3 15
297 387 31 14
297 482 57 7
297 484 21 4
297 494 13 4
298 403 43 6
298 568 25 3
299 303 26 6
299 352 51 15
299 370 43 11
299 371 59 14
299 448 28 7
299 461 8 2
299 477 31 5
300 407 11 5
300 473 47 7
300 496 48 13
301 309 34 4
301 486 31 5
301 525 9 14
301 549 10 11
301 578 11 9
301 579 31 2
302 322 18 15
302 409 13 3
302 441 25 14
302 487 6 8
302 498 13 7
302 513 1 14
302 591 40 1
303 415 7 2
304 335 54 8
304 497 49 2
304 573 40 2
305 431 30 12
305 469 18 1
305 541 49 9
306 377 46 15
306 491 42 12
306 505 24 9
307 311 42 11
307 411 34 9
307 427 60 5
307 450 12 9
307 468 12 12
308 445 58 7
308 479 32 12
308 500 6 9
308 523 50 9
308 569 22 8
308 593 8 2
308 609 30 4
309 374 16 13
309 505 52 4
309 590 7 1
310 366 43 7
310 371 9 10
310 448 31 9
310 491 1 14
310 532 13 8
310 564 30 8
310 618 24 11
311 421 39 11
311 436 30 15
311 460 48 2
311 512 7 1
311 532 49 8
311 579 51 13
312 326 32 12
312 348 41 11
312 367 55 9
312 554 60 7
313 375 6 5
313 401 60 10
313 481 3 14
313 531 40 1
313 545 40 9
313 609 46 10
314 373 49 10
314 454 40 5
314 485 39 5
314 489 30 8
314 561 3 3
314 577 5 4
314 587 29 10
315 389 36 4
315 519 56 6
315 588 13 2
315 603 8 13
315 613 56 1
316 352 44 1
316 356 39 3
316 364 30 8
316 370 41 2
316 382 60 2
316 405 28 11
316 431 6 14
316 551 32 14
316 563 14 9
317 344 40 2
317 502 38 14
317 510 6 2
317 532 47 6
317 584 15 12
318 397 46 8
318 413 27 1
318 540 33 4
319 365 22 13
319 371 2 15
319 441 54 5
319 460 28 7
319 467 44 11
319 553 54 4
319 556 30 4
319 590 46 1
319 607 52 5
320 350 44 7
320 569 6 3
320 595 53 15
320 598 21 15
321 503 7 9
321 513 35 3
321 524 17 14
321 525 36 2
322 474 4 9
323 430 26 12
323 497 29 10
323 617 9 11
323 621 59 10
324 346 55 10
324 350 8 15
324 457 23 14
324 510 2 2
325 482 9 5
325 527 20 5
325 540 54 11
325 576 52 11
326 339 33 3
326 455 56 3
326 483 9 15
326 561 46 6
327 391 2 4
327 398 43 11
327 424 55 13
327 517 25 12
327 553 54 6
328 418 11 3
328 444 14 5
328 459 56 15
328 462 23 10
328 477 13 1
328 600 27 2
329 364 33 11
329 425 58 7
329 439 42 6
329 484 54 9
329 533 30 8
329 540 11 6
329 544 47 3
330 343 20 7
330 405 40 13
330 547 59 2
330 566 58 9
331 341 8 1
331 374 27 3
331 442 47 14
331 498 46 4
331 510 6 7
331 556 3 14
331 610 42 3
332 358 7 4
332 375 51 14
332 401 50 7
332 485 23 15
332 515 58 8
333 375 55 1
333 430 46 15
333 446 6 3
333 581 37 12
333 595 34 9
333 596 58 13
334 347 47 6
334 373 58 12
334 489 58 5
335 407 35 15
335 432 31 6
335 530 16 5
335 544 11 5
335 559 60 12
335 563 6 14
336 376 47 15
336 440 27 1
336 462 18 15
336 493 44 5
336 509 55 11
336 543 35 5
337 362 36 5
337 474 26 11
337 527 57 5
337 542 14 5
338 397 41 1
338 401 29 14
338 422 29 12
338 469 57 12
338 591 30 3
338 600 56 2
339 368 42 7
339 385 11 15
339 404 53 3
339 407 6 13
339 412 50 6
339 438 22 10
339 492 43 12
339 509 33 2
339 558 7 2
340 342 41 9
340 508 52 5
340 510 36 3
340 553 27 14
341 344 51 6
341 484 44 4
341 493 40 8
341 588 29 8
341 606 56 13
342 383 38 3
342 455 6 4
342 560 14 5
343 363 11 7
343 380 33 3
343 526 38 11
344 372 32 11
344 392 35 8
344 406 45 7
344 466 6 3
344 588 5 6
345 426 11 1
345 518 54 2
345 608 59 14
345 614 14 12
346 352 46 6
346 386 52 9
346 387 40 7
346 559 17 6
347 358 56 12
347 419 37 15
347 531 39 12
347 574 57 10
347 600 31 12
348 451 8 6
348 509 58 7
349 368 1 7
349 406 57 2
349 412 37 4
349 510 25 12
349 599 26 1
349 607 41 1
349 620 24 3
350 554 2 6
351 371 17 13
351 382 37 15
351 551 23 10
352 403 38 8
352 520 27 11
352 606 20 10
353 358 46 4
353 456 3 7
353 465 16 13
353 473 11 13
353 585 53 8
353 599 20 15
353 609 46 13
354 402 32 6
354 457 31 5
354 468 37 3
354 485 11 11
354 551 32 1
355 367 53 14
355 472 32 14
355 481 40 1
355 488 56 15
355 546 12 3
355 582 36 6
356 398 47 1
356 479 23 9
356 549 21 1
356 568 8 10
356 588 29 11
357 463 47 5
357 482 46 3
358 379 48 4
358 424 45 14
358 499 40 4
358 571 60 8
359 365 18 9
359 406 32 8
359 416 19 1
359 450 15 6
359 467 27 3
359 470 29 3
359 615 13 4
360 391 43 7
360 411 10 10
361 374 13 9
361 452 60 14
361 532 18 13
362 397 23 13
362 455 11 12
362 458 26 9
362 495 51 7
363 393 14 7
363 487 42 15
363 590 18 15
364 612 9 5
365 454 15 8
365 476 58 14
365 493 10 12
365 590 9 3
365 615 3 3
366 373 2 12
366 418 11 5
366 429 27 9
366 467 14 8
366 518 36 5
366 531 29 4
366 553 52 7
367 517 48 11
367 600 59 5
368 405 26 6
368 457 8 2
369 520 58 14
369 575 54 4
369 580 22 12
370 406 52 1
371 559 51 6
371 568 18 11
371 580 42 12
372 438 25 1
373 392 28 12
373 447 45 15
373 543 28 3
373 560 23 6
373 587 22 5
374 486 60 3
374 560 30 11
374 587 1 12
375 393 56 3
375 448 32 7
375 568 48 1
376 379 56 6
376 506 44 8
376 577 22 13
376 596 25 11
376 611 37 15
378 449 44 15
378 483 45 1
378 485 37 1
378 597 11 5
379 386 17 4
379 399 45 3
379 438 20 4
379 455 1 5
379 463 4 15
379 501 19 5
379 526 56 14
379 597 34 13
379 600 15 13
380 411 28 8
380 472 55 11
380 494 33 10
380 511 21 3
381 415 34 6
381 540 27 5
382 390 35 2
382 484 18 6
382 596 36 6
383 386 9 6
383 457 9 15
383 539 46 8
384 395 29 13
384 480 30 15
384 579 58 3
385 452 49 6
385 514 19 9
385 517 58 9
385 528 7 3
385 577 6 7
385 615 56 11
386 392 13 10
386 404 50 3
386 456 7 4
386 457 41 5
386 468 31 10
386 596 9 12
387 460 35 4
387 502 3 11
387 527 47 12
387 600 22 9
387 604 7 11
388 399 40 12
388 416 37 6
388 432 17 7
388 531 50 12
389 429 59 4
389 442 59 8
389 448 32 14
389 482 29 13
389 618 29 2
390 397 48 15
390 547 30 5
390 582 8 9
391 462 49 11
391 483 35 5
391 552 26 9
392 433 3 12
392 556 34 4
393 445 24 5
393 507 18 10
393 620 25 5
394 417 54 14
394 486 26 4
394 520 33 1
394 560 3 5
394 607 36 7
395 455 8 7
395 534 1 3
395 608 6 2
396 525 45 4
396 595 59 13
396 610 23 14
396 618 48 10
397 430 29 12
397 571 28 1
398 425 13 2
398 468 51 3
399 403 10 4
399 539 16 3
399 541 45 1
399 563 45 1
400 474 4 12
400 539 35 4
400 569 17 8
401 591 4 1
401 614 5 2
402 456 33 8
402 505 41 1
403 422 41 8
404 417 22 15
404 482 37 4
404 621 56 7
405 406 28 10
405 418 46 11
405 452 45 7
405 513 6 6
405 566 21 8
407 461 58 4
407 505 29 3
407 597 53 2
408 533 58 2
408 622 54 11
409 459 41 1
409 501 38 11
409 532 34 7
409 570 32 14
409 571 5 2
410 432 16 5
410 517 45 12
411 534 44 14
411 548 31 7
411 565 16 12
411 617 36 4
412 462 18 12
412 519 34 6
412 573 46 8
413 472 56 9
413 481 47 10
413 515 34 6
413 563 13 8
414 441 43 10
414 466 38 6
414 476 12 12
414 579 22 1
415 446 23 8
415 462 25 15
415 498 52 4
415 549 9 2
416 432 11 10
416 578 35 7
417 442 29 8
417 446 31 3
417 558 33 3
418 473 34 14
418 585 12 15
418 596 49 11
419 420 32 10
419 495 37 7
419 529 5 14
420 438 12 13
420 550 6 2
420 618 5 4
421 457 16 2
421 469 44 6
421 569 16 6
421 620 4 10
422 491 47 15
422 516 52 7
422 577 10 6
423 447 21 2
423 454 34 12
423 462 13 1
423 480 53 10
423 561 51 2
425 428 58 9
425 479 16 6
425 562 18 2
425 587 43 8
426 446 11 5
426 454 29 12
426 489 11 9
426 531 55 11
426 563 36 8
428 481 10 9
428 572 59 12
428 597 28 8
429 468 57 14
429 593 28 9
430 503 15 3
430 555 45 12
431 525 15 10
432 440 12 2
432 449 27 11
432 593 1 7
432 605 46 15
433 471 46 4
433 490 5 6
433 518 2 14
433 617 1 15
434 536 26 14
434 582 1 12
434 615 14 11
435 443 24 7
436 521 10 13
437 506 25 13
437 550 50 1
438 444 4 10
438 515 50 15
438 597 16 6
439 526 15 3
440 586 2 9
441 454 38 7
441 534 49 11
441 602 59 3
442 540 53 14
443 468 59 10
443 470 5 4
443 486 42 2
444 459 16 13
444 472 3 4
444 493 46 14
444 509 37 2
444 515 35 3
444 569 25 15
444 575 7 5
445 463 38 8
445 510 45 3
445 525 54 14
445 557 55 1
445 615 54 3
447 502 9 13
447 565 32 5
447 601 57 3
448 455 53 9
448 460 47 6
448 473 14 5
448 578 9 13
448 583 45 3
448 610 16 6
449 554 54 2
449 622 41 3
450 471 12 8
450 499 35 12
450 543 58 5
450 552 43 3
450 581 25 1
451 477 39 5
451 498 45 4
451 545 48 10
451 615 19 8
452 481 6 11
453 522 38 7
453 594 13 11
454 599 42 11
454 620 13 11
455 461 33 4
456 554 36 5
456 599 51 14
456 620 8 7
457 462 12 10
457 467 40 11
457 484 54 15
457 599 57 8
457 602 26 12
457 607 45 10
458 501 46 12
458 518 15 14
459 593 35 7
459 614 34 3
460 540 57 14
460 544 52 3
461 516 12 2
461 562 54 2
462 520 47 6
462 579 2 3
463 559 45 5
464 517 51 8
464 542 43 12
464 606 29 10
465 490 39 11
465 613 15 10
466 503 48 3
466 535 53 7
467 562 30 7
468 477 15 13
468 517 35 12
468 524 10 2
468 541 46 5
469 487 17 9
469 606 3 14
471 522 29 3
471 586 23 5
471 602 4 10
471 610 9 15
472 560 30 13
473 551 18 7
473 585 22 2
473 601 24 6
474 489 4 5
474 524 34 10
474 603 43 9
474 618 37 8
475 528 45 6
475 572 32 9
476 484 27 11
476 520 31 12
476 530 10 4
476 547 48 2
477 479 57 1
477 538 7 6
477 554 57 6
478 502 58 10
478 579 14 1
478 595 1 4
479 508 1 1
479 533 32 5
480 481 58 15
480 521 29 11
481 495 18 13
482 570 12 9
482 576 59 11
482 606 28 8
483 540 27 6
484 557 38 9
485 519 36 5
485 598 38 2
486 525 55 14
486 575 20 1
486 580 4 5
486 618 4 6
489 506 34 7
489 527 53 4
490 559 54 7
490 579 47 1
490 601 25 8
491 495 19 9
491 531 24 12
491 542 2 15
491 553 20 13
492 504 34 13
492 553 60 10
492 572 45 2
492 602 40 4
494 564 47 9
494 582 13 7
494 620 20 6
495 499 39 13
495 524 38 4
495 572 19 6
495 613 14 10
495 622 30 14
498 506 1 7
498 534 23 8
499 507 26 1
499 514 26 15
499 604 47 6
500 527 19 5
501 557 27 8
502 505 10 15
502 561 37 9
503 560 10 1
503 617 25 4
504 515 44 14
504 587 39 13
504 614 29 1
505 520 51 6
506 561 56 4
506 620 18 7
507 518 59 2
507 622 42 7
508 592 44 14
509 517 11 2
509 591 27 7
509 611 4 7
510 610 22 9
511 551 18 7
511 604 26 15
513 539 31 14
513 602 12 11
516 539 37 14
516 557 53 15
517 568 5 7
517 587 50 9
517 590 2 8
517 591 43 1
517 620 11 9
519 530 57 13
519 539 2 4
519 616 13 11
520 608 41 11
521 536 22 7
521 586 8 5
522 527 20 7
522 568 50 4
522 575 20 1
523 594 57 14
524 530 20 12
524 621 43 9
526 533 20 6
526 562 49 6
526 613 40 6
527 596 14 11
528 547 46 5
528 600 21 3
528 611 41 5
529 606 15 1
530 556 14 9
531 536 7 15
531 580 20 14
531 593 53 11
532 567 28 5
533 536 18 2
534 608 1 9
534 612 18 8
534 622 19 6
535 564 16 11
535 603 10 12
536 586 46 8
537 565 5 13
539 574 50 10
540 565 23 4
542 560 44 2
542 568 60 6
547 556 4 15
547 562 32 10
548 589 35 10
550 574 21 2
551 573 14 12
551 583 50 4
551 616 26 1
552 604 2 12
553 572 44 12
553 609 8 13
554 557 9 12
554 564 38 1
556 567 5 2
556 573 56 3
557 567 10 14
557 573 59 9
557 616 40 7
560 564 37 5
560 598 35 11
560 601 17 5
561 602 48 8
563 580 17 3
563 606 21 3
564 570 45 6
564 580 32 5
565 582 52 5
567 569 28 1
569 584 21 14
570 582 52 15
571 605 53 9
573 578 15 4
573 589 46 13
576 589 59 5
577 588 57 13
577 595 34 7
577 618 60 13
578 612 45 14
578 620 17 13
579 596 36 15
579 612 28 6
584 592 22 15
585 613 48 14
586 588 15 12
588 599 52 5
591 595 5 7
591 604 45 12
592 616 33 7
607 617 15 3

0 6 3
1 10 14
2 17 31
3 18 45
4 28 30
5 36 42
6 53 43
7 55 10
8 78 25
9 98 33
10 105 10
11 107 24
12 116 6
13 122 48
14 127 21
15 129 46
16 130 1
17 135 38
18 150 6
19 159 5
20 161 15
21 169 33
22 192 32
23 194 28
24 211 47
25 220 20
26 223 35
27 228 1
28 229 10
29 231 32
30 233 28
31 238 44
32 244 12
33 250 19
34 260 32
35 267 19
36 273 35
37 296 3
38 297 12
39 336 6
40 358 10
41 360 4
42 365 36
43 366 29
44 383 26
45 385 38
46 402 38
47 443 16
48 464 26
49 468 41
50 476 15
51 480 43
52 482 26
53 484 9
54 514 20
55 521 49
56 533 19
57 538 14
58 541 47
59 559 22
60 587 47
61 608 32
