1135 4532 113 14

0 30 3798
1 60 7003
2 90 9685
3 120 11906
4 150 13720
5 180 15179
6 210 16327
7 240 17203
8 270 17842
9 300 18277
10 330 18536
11 360 18642
12 390 18619
13 420 18486

0 29865
1 29853
2 36057
3 31435
4 44763
5 43789
6 30200
7 31538
8 36884
9 23773
10 35566
11 43409
12 35500
13 43827
14 19970
15 33222
16 34461
17 43640
18 22698
19 35171
20 26198
21 39558
22 35165
23 34379
24 42393
25 40185
26 34795
27 28373
28 24435
29 30150
30 29310
31 31112
32 35584
33 36398
34 40709
35 29568
36 41811
37 33148
38 36764
39 34407
40 34688
41 35119
42 42777
43 39860
44 32252
45 39821
46 36461
47 36281
48 29572
49 28313
50 37743
51 37380
52 21943
53 34716
54 41512
55 32395
56 40608
57 37570
58 39134
59 30651
60 28302
61 30504
62 40853
63 34619
64 39969
65 45598
66 39434
67 34196
68 52439
69 39287
70 31136
71 39685
72 27485
73 38555
74 38793
75 31935
76 44335
77 33347
78 30576
79 32113
80 43896
81 27148
82 30402
83 40038
84 33713
85 41111
86 33621
87 43545
88 34157
89 35477
90 40827
91 52567
92 44632
93 30927
94 35859
95 34780
96 23849
97 46365
98 44273
99 34586
100 35478
101 40100
102 28034
103 30998
104 36889
105 32879
106 24719
107 38562
108 46271
109 38790
110 31179
111 35442
112 34798
113 26429
114 36429
115 40179
116 44803
117 36213
118 28821
119 35895
120 35683
121 31357
122 41299
123 29275
124 32628
125 38161
126 37026
127 42596
128 30605
129 32149
130 37593
131 36979
132 33201
133 30066
134 34628
135 41016
136 38003
137 33312
138 43745
139 38796
140 40012
141 35877
142 33594
143 40814
144 41759
145 44421
146 54155
147 36786
148 39568
149 36760
150 37609
151 34575
152 24662
153 43546
154 31104
155 46676
156 36117
157 29247
158 38677
159 39785
160 35577
161 36552
162 41439
163 40568
164 29874
165 38044
166 34786
167 34069
168 46340
169 38471
170 38490
171 37640
172 29691
173 47106
174 36746
175 48509
176 44881
177 29812
178 36206
179 39190
180 28415
181 42888
182 33274
183 43293
184 35239
185 35678
186 36682
187 40975
188 44789
189 37949
190 42738
191 41230
192 37058
193 29098
194 35433
195 44517
196 42453
197 40780
198 34660
199 36457
200 33482
201 42714
202 44592
203 22694
204 43599
205 32031
206 30706
207 30199
208 47093
209 27911
210 44657
211 44344
212 32010
213 31991
214 34021
215 32221
216 34320
217 40737
218 24996
219 43467
220 37959
221 44387
222 32182
223 39291
224 35606
225 40825
226 35410
227 32450
228 26695
229 35675
230 27705
231 36519
232 36251
233 25307
234 32478
235 43321
236 36553
237 26930
238 32477
239 42772
240 34821
241 32806
242 29770
243 37602
244 37885
245 31485
246 33998
247 31454
248 34027
249 46354
250 38534
251 34308
252 34748
253 32879
254 32165
255 29557
256 32174
257 42241
258 40079
259 39664
260 37726
261 29190
262 26978
263 34692
264 45959
265 23278
266 34526
267 40623
268 34696
269 35268
270 44155
271 35613
272 39438
273 34514
274 36629
275 37212
276 34087
277 29969
278 29619
279 40554
280 49098
281 32934
282 35441
283 32546
284 31298
285 32433
286 37206
287 37580
288 33406
289 33429
290 37101
291 37357
292 36344
293 39176
294 26498
295 29392
296 38432
297 18012
298 39503
299 28557
300 38123
301 27826
302 30662
303 34939
304 43286
305 28557
306 30336
307 36933
308 37359
309 34329
310 35875
311 28780
312 41962
313 36059
314 25580
315 29591
316 35672
317 41050
318 37030
319 27182
320 38787
321 28169
322 35377
323 20267
324 43916
325 36561
326 41171
327 36967
328 42396
329 38631
330 46054
331 36375
332 31647
333 32118
334 44918
335 38851
336 34251
337 29716
338 47908
339 35366
340 28686
341 29306
342 24834
343 22641
344 28509
345 43914
346 39558
347 43227
348 29553
349 42865
350 36221
351 28687
352 36614
353 34667
354 35154
355 31888
356 37571
357 38012
358 34215
359 39821
360 31551
361 39278
362 32959
363 41856
364 33020
365 32717
366 32280
367 35726
368 34442
369 36848
370 32729
371 35605
372 40184
373 28001
374 34858
375 38831
376 31326
377 28954
378 32465
379 44571
380 33462
381 41082
382 33737
383 34504
384 32380
385 26136
386 35339
387 38791
388 28147
389 40118
390 38607
391 41994
392 34730
393 32187
394 49896
395 30072
396 43227
397 36904
398 34410
399 20070
400 31494
401 32209
402 35760
403 43861
404 35612
405 37436
406 44564
407 32671
408 34017
409 31720
410 37669
411 35843
412 44880
413 32921
414 36722
415 25701
416 40083
417 30624
418 43357
419 31671
420 39841
421 34182
422 37496
423 37796
424 33768
425 39147
426 38804
427 31892
428 39446
429 35883
430 35114
431 33390
432 35583
433 38511
434 37169
435 42296
436 40436
437 38675
438 43815
439 30060
440 28488
441 29023
442 37410
443 29495
444 39352
445 48085
446 36731
447 29248
448 33774
449 40998
450 35332
451 42582
452 46173
453 34100
454 34132
455 33051
456 43001
457 41934
458 32576
459 34758
460 28901
461 40279
462 29408
463 33146
464 35547
465 30743
466 28324
467 43047
468 34545
469 34950
470 35324
471 42400
472 34989
473 37241
474 31019
475 47648
476 33323
477 31038
478 31180
479 35333
480 35145
481 31406
482 37857
483 38746
484 45223
485 30335
486 39997
487 42083
488 43103
489 44488
490 35031
491 32320
492 35091
493 34326
494 35015
495 37192
496 32894
497 32580
498 43498
499 32089
500 34710
501 44873
502 25788
503 29546
504 33581
505 36010
506 37523
507 42734
508 31882
509 33735
510 42665
511 31227
512 37251
513 37434
514 42589
515 32294
516 47396
517 43937
518 40968
519 32853
520 34307
521 40923
522 43671
523 44723
524 32171
525 29939
526 28234
527 31018
528 34634
529 44493
530 26762
531 33345
532 49576
533 45016
534 40235
535 33174
536 30727
537 43736
538 32583
539 25450
540 42409
541 37050
542 36784
543 44756
544 36908
545 36376
546 32459
547 36733
548 44695
549 35972
550 27791
551 29663
552 30924
553 33731
554 31624
555 37364
556 35598
557 40020
558 40210
559 34267
560 30710
561 44243
562 50862
563 36183
564 45970
565 29902
566 37158
567 32509
568 36145
569 26478
570 42088
571 43657
572 38120
573 34834
574 34719
575 33935
576 31419
577 33529
578 41827
579 29711
580 38115
581 33594
582 35715
583 29806
584 44195
585 44433
586 35744
587 36838
588 31486
589 43407
590 43255
591 28996
592 24358
593 43034
594 32532
595 42349
596 28969
597 37442
598 31628
599 32618
600 39419
601 25168
602 40105
603 42494
604 43489
605 31302
606 30747
607 38594
608 26972
609 33542
610 31621
611 33749
612 25430
613 20388
614 33323
615 36629
616 22731
617 27778
618 27643
619 36382
620 40353
621 29904
622 27433
623 38327
624 32739
625 28570
626 36772
627 36800
628 43513
629 38480
630 21016
631 30735
632 42529
633 34994
634 44411
635 22223
636 59105
637 37299
638 47623
639 38723
640 28764
641 37729
642 26865
643 40247
644 43507
645 30130
646 36273
647 28060
648 40122
649 40334
650 37089
651 45341
652 42651
653 36663
654 38741
655 40031
656 24474
657 35804
658 47500
659 37493
660 33069
661 41470
662 39694
663 39568
664 47032
665 35952
666 42573
667 36085
668 31784
669 30789
670 39093
671 34392
672 30303
673 37220
674 30424
675 37842
676 20777
677 35916
678 39985
679 37448
680 30584
681 35077
682 34130
683 37864
684 38369
685 40833
686 28548
687 32782
688 39249
689 41420
690 35649
691 42431
692 47332
693 42857
694 31548
695 31932
696 42124
697 35002
698 30151
699 36149
700 38965
701 36070
702 36001
703 39085
704 29849
705 22593
706 31202
707 26718
708 29735
709 39097
710 41084
711 41176
712 36208
713 29198
714 32602
715 36228
716 38284
717 32560
718 41449
719 45787
720 43542
721 40402
722 29560
723 31119
724 31966
725 49544
726 33357
727 30244
728 41210
729 43692
730 42390
731 27056
732 42716
733 36376
734 32915
735 35467
736 41349
737 39101
738 30427
739 38547
740 42296
741 42376
742 28966
743 36324
744 40342
745 49603
746 33956
747 21799
748 38709
749 40515
750 34493
751 41027
752 38241
753 28362
754 36279
755 36010
756 42099
757 33801
758 36831
759 38047
760 44484
761 40040
762 36068
763 26368
764 25810
765 37789
766 30740
767 32168
768 35386
769 34462
770 26500
771 39677
772 41986
773 31064
774 19582
775 29573
776 34478
777 35635
778 32348
779 22732
780 43407
781 27219
782 25436
783 37216
784 37416
785 42877
786 30230
787 40848
788 33907
789 37850
790 33432
791 38327
792 34058
793 29574
794 34301
795 29599
796 32250
797 40274
798 35524
799 35324
800 35759
801 33211
802 38505
803 39480
804 35102
805 36347
806 37824
807 38278
808 33804
809 28593
810 26623
811 31837
812 32602
813 47469
814 40183
815 37364
816 48996
817 38663
818 33736
819 30508
820 38839
821 39080
822 47689
823 33510
824 34221
825 39368
826 29834
827 39322
828 32533
829 33956
830 33832
831 42709
832 31040
833 37806
834 26796
835 39159
836 36566
837 39544
838 29931
839 47442
840 33781
841 39751
842 45282
843 38318
844 39081
845 27142
846 40019
847 34636
848 36073
849 43678
850 36989
851 49264
852 39261
853 33026
854 35119
855 37308
856 39230
857 43893
858 35787
859 42697
860 29194
861 32826
862 40505
863 40485
864 29300
865 31915
866 40602
867 48425
868 31246
869 41552
870 35549
871 37499
872 28749
873 34930
874 39720
875 35449
876 31261
877 40718
878 37004
879 43309
880 36013
881 32648
882 33819
883 40905
884 35034
885 42844
886 39266
887 33144
888 44120
889 35564
890 30812
891 27275
892 34194
893 39437
894 45852
895 30245
896 41220
897 40343
898 33513
899 32494
900 39299
901 36250
902 37087
903 23000
904 33159
905 22485
906 33274
907 36834
908 46696
909 48630
910 39888
911 35590
912 25897
913 33647
914 33306
915 37343
916 44696
917 30096
918 42267
919 47896
920 32531
921 32969
922 25599
923 42940
924 31731
925 46098
926 27030
927 31858
928 37458
929 35098
930 30477
931 23656
932 31650
933 30883
934 42227
935 32030
936 32161
937 34869
938 38886
939 42659
940 31554
941 32799
942 41825
943 34040
944 38689
945 35882
946 28536
947 38185
948 25598
949 38363
950 39065
951 32247
952 35395
953 37135
954 30549
955 37553
956 31335
957 34760
958 46975
959 38981
960 26861
961 31306
962 30444
963 30079
964 42654
965 30803
966 32151
967 34300
968 48333
969 27373
970 45700
971 36715
972 36771
973 30518
974 34707
975 42382
976 41115
977 34783
978 32426
979 37613
980 31727
981 38230
982 40584
983 34653
984 30254
985 36866
986 31419
987 34478
988 28101
989 45515
990 36417
991 39859
992 36802
993 37353
994 38093
995 43254
996 31464
997 34396
998 36948
999 36314
1000 37744
1001 36342
1002 37759
1003 38551
1004 42446
1005 46827
1006 26659
1007 34805
1008 30799
1009 32488
1010 37753
1011 34474
1012 48093
1013 45645
1014 36209
1015 33927
1016 39446
1017 30933
1018 28474
1019 39371
1020 43717
1021 37249
1022 29849
1023 30813
1024 35057
1025 28427
1026 28311
1027 39315
1028 24430
1029 34607
1030 44202
1031 34416
1032 33757
1033 25102
1034 36432
1035 37351
1036 33735
1037 25880
1038 36420
1039 42509
1040 30323
1041 39047
1042 50859
1043 44036
1044 35136
1045 36560
1046 40762
1047 37823
1048 35773
1049 36941
1050 36918
1051 42943
1052 34507
1053 42684
1054 45272
1055 18648
1056 36319
1057 32696
1058 29809
1059 42207
1060 33798
1061 40119
1062 26994
1063 27091
1064 30212
1065 34188
1066 30782
1067 43533
1068 36594
1069 35249
1070 36477
1071 44917
1072 48603
1073 31187
1074 39535
1075 40089
1076 39571
1077 33768
1078 45717
1079 39353
1080 35813
1081 29904
1082 36670
1083 40266
1084 34043
1085 40723
1086 37512
1087 44025
1088 37092
1089 35755
1090 33513
1091 35791
1092 31693
1093 35587
1094 41546
1095 46100
1096 22069
1097 49398
1098 30524
1099 37698
1100 29671
1101 31403
1102 46515
1103 29700
1104 39880
1105 35122
1106 33923
1107 33959
1108 26799
1109 37289
1110 36370
1111 46792
1112 34180
1113 31867
1114 30814
1115 33020
1116 28326
1117 27366
1118 34461
1119 31049
1120 33782
1121 32165
1122 31217
1123 37420
1124 31961
1125 35483
1126 43566
1127 34765
1128 37254
1129 37897
1130 23711
1131 41177
1132 32767
1133 37228
1134 48504

0 67 10 12
0 109 11 14
0 114 28 14
0 376 42 10
0 382 8 12
0 392 5 9
0 725 9 5
0 854 26 1
0 899 20 7
0 950 5 12
0 1112 22 4
0 1118 44 15
0 1119 44 10
1 46 15 12
1 86 1 15
1 123 59 12
1 701 16 15
2 15 22 10
2 85 17 3
2 186 16 6
2 278 60 2
2 537 59 6
2 790 16 11
2 948 48 1
2 995 55 9
2 1004 1 14
2 1082 41 2
3 123 7 8
3 350 37 12
3 606 10 8
3 659 49 12
4 208 9 14
4 296 29 10
4 722 7 12
4 776 48 3
4 1079 3 6
5 521 51 5
5 831 15 13
5 850 11 14
5 999 37 10
6 169 39 11
6 240 15 4
6 263 44 12
6 278 45 1
6 439 19 12
6 526 19 14
6 922 33 11
6 994 55 9
7 206 10 6
7 223 8 10
7 243 12 11
7 298 19 13
7 818 48 9
7 846 33 1
7 925 58 15
7 1042 20 8
8 73 35 10
8 130 52 12
8 326 45 15
8 597 48 9
8 765 31 9
9 11 57 12
9 219 35 12
9 257 14 6
9 786 18 12
9 852 1 3
9 946 24 4
9 984 20 1
9 1106 51 2
10 264 44 4
10 277 43 2
10 379 18 5
10 706 55 8
10 783 32 10
10 802 11 3
10 1005 31 4
10 1060 58 6
10 1107 1 13
10 1113 42 2
11 75 5 8
11 82 46 8
11 146 32 15
11 202 28 3
11 435 35 6
11 561 21 11
11 575 10 5
11 787 27 14
11 807 40 13
11 925 48 1
11 942 47 14
11 1134 40 11
12 42 7 9
12 326 46 5
12 655 1 5
12 927 8 8
13 73 39 8
13 97 6 5
13 164 18 14
13 309 19 4
13 446 5 1
13 519 5 3
13 548 11 10
13 607 7 12
13 644 27 8
13 646 9 8
13 668 40 2
13 829 39 15
13 978 33 12
13 1001 41 7
14 87 42 6
14 109 30 10
14 488 43 2
14 512 10 14
14 581 34 7
14 887 12 1
14 924 9 3
14 939 30 4
14 1080 5 11
14 1092 6 14
15 104 30 6
15 316 20 13
15 370 16 7
15 627 39 8
15 926 31 14
15 1095 49 7
16 242 16 14
16 635 31 9
16 663 32 12
16 951 30 4
16 1059 6 4
16 1129 40 10
17 23 9 7
17 436 23 13
17 472 2 13
17 529 10 3
17 594 25 12
17 665 16 13
17 856 18 1
18 208 58 5
18 272 43 1
18 321 22 14
18 330 40 3
18 393 55 4
18 479 16 4
18 597 27 12
18 653 41 5
18 814 5 5
18 1024 4 15
19 48 23 6
19 50 26 13
19 476 43 9
19 662 19 14
19 1023 57 4
19 1058 16 12
20 59 2 13
20 210 42 9
20 329 42 13
20 475 47 8
20 815 19 11
20 912 4 6
20 1007 21 10
21 26 58 9
21 69 34 8
21 175 40 5
22 249 19 1
22 424 52 1
22 796 59 2
22 900 39 8
22 1085 57 11
23 156 53 11
23 267 47 10
23 286 2 3
23 328 54 7
23 597 8 6
23 645 31 15
23 663 50 13
23 687 27 6
23 762 10 8
23 781 59 1
23 791 3 14
24 103 43 3
24 230 46 10
24 301 6 15
24 365 41 2
24 439 57 13
24 469 27 5
24 640 57 8
24 1122 22 15
25 113 58 7
25 146 30 1
25 227 25 9
25 456 21 15
25 514 55 8
25 560 19 14
25 574 53 6
25 650 49 3
25 937 35 4
25 948 11 2
25 1073 15 4
26 41 41 10
26 50 31 2
26 517 50 8
26 555 16 2
26 566 51 5
26 624 60 8
27 64 14 11
27 167 24 5
27 419 36 12
27 434 1 1
27 935 16 3
27 1035 8 7
28 62 29 13
28 115 46 12
28 346 6 10
28 734 3 1
28 996 24 3
29 364 54 1
29 581 59 13
29 608 35 6
29 741 4 12
29 779 36 13
29 942 43 12
29 950 5 7
29 1020 53 10
29 1032 17 6
29 1050 3 15
30 151 12 12
30 312 17 5
30 462 14 3
30 575 35 8
30 576 26 1
30 716 4 15
30 731 44 9
30 794 46 4
31 222 9 8
31 395 26 13
31 555 39 11
31 605 26 5
31 775 40 11
31 935 11 12
31 976 9 7
31 1008 23 5
32 305 44 2
32 396 47 14
32 404 25 3
32 528 57 15
32 900 7 15
32 960 57 6
32 962 4 6
32 1022 24 7
32 1039 30 3
32 1129 10 10
33 38 58 11
33 110 36 3
33 172 49 9
33 232 30 10
33 314 18 9
33 862 6 15
33 925 33 15
33 945 28 4
34 334 35 4
34 345 23 6
34 357 51 12
34 372 50 13
34 410 55 13
34 471 14 12
34 490 47 4
34 663 51 3
34 1003 32 13
34 1004 31 7
34 1086 60 7
35 242 2 4
35 267 36 7
35 343 29 4
35 416 30 5
35 543 38 8
35 649 28 1
35 656 36 11
35 854 9 4
35 1065 7 2
35 1098 57 12
35 1109 17 3
36 114 51 7
36 176 17 14
36 214 10 2
36 228 32 4
36 273 54 4
36 361 44 5
36 368 55 5
36 601 27 12
36 878 34 6
36 963 37 14
37 146 21 10
37 292 7 13
37 419 60 14
37 433 20 7
37 479 48 11
37 643 41 9
37 728 49 7
37 766 9 9
37 826 19 6
37 924 7 6
38 205 41 6
38 478 23 14
38 526 55 8
38 850 45 15
39 132 33 7
39 178 55 14
39 194 57 4
39 420 54 11
39 669 31 3
39 797 25 4
39 816 41 14
39 846 42 8
39 937 13 5
40 658 30 2
40 696 36 1
40 809 12 10
40 917 9 12
40 930 29 13
41 605 2 8
41 748 16 14
41 798 38 8
42 119 11 4
42 136 56 5
42 273 15 15
42 275 21 15
42 295 12 6
42 683 43 11
43 151 37 3
43 330 49 12
43 725 33 13
43 744 41 3
43 800 16 9
43 1035 27 13
44 111 14 14
44 543 18 7
44 581 37 12
44 816 46 12
44 882 32 10
44 1018 59 2
45 202 20 8
45 240 11 2
45 266 22 7
45 391 33 14
45 664 50 10
45 796 2 1
45 815 22 11
45 903 29 9
45 931 8 1
46 171 10 15
46 190 26 13
46 271 23 11
46 385 53 10
46 395 34 11
46 873 47 10
46 895 11 7
46 1052 53 2
47 97 49 11
47 216 33 15
47 528 37 4
47 667 13 8
47 1009 24 6
47 1019 60 11
48 474 48 14
48 524 27 14
48 732 10 9
48 1127 38 2
48 1134 23 10
49 109 7 14
49 553 42 15
49 695 16 10
49 979 6 13
49 983 28 3
49 987 13 9
50 91 2 3
50 124 45 3
50 569 34 10
50 747 4 9
50 842 30 14
50 1000 59 5
50 1106 31 8
50 1123 19 10
51 76 25 14
51 97 23 9
51 385 7 1
51 402 44 10
51 729 44 7
51 1112 11 5
52 82 54 6
52 129 53 1
52 557 36 12
52 711 2 11
52 729 40 14
52 1113 27 7
53 282 24 2
53 348 33 15
53 375 3 2
53 462 34 2
53 511 29 11
53 705 8 1
53 760 28 2
53 938 47 15
53 992 58 5
54 374 44 2
54 446 53 15
54 679 41 5
54 734 7 11
54 745 35 10
54 916 19 4
54 929 33 10
55 200 54 5
55 269 34 13
55 482 15 15
55 635 7 7
55 837 17 7
55 842 41 11
55 959 59 5
55 1004 36 4
56 165 15 1
56 186 53 9
56 544 45 3
56 702 49 14
56 753 23 11
57 616 51 11
57 627 20 12
57 889 44 4
57 974 58 3
57 985 29 13
57 999 8 7
57 1105 6 7
57 1132 26 10
58 157 26 10
58 365 39 4
58 503 17 5
58 752 37 9
58 754 8 5
58 779 57 14
58 794 30 10
58 875 13 2
58 878 45 3
58 969 21 1
58 1092 2 9
59 432 39 9
59 478 44 14
59 637 32 12
59 680 32 7
59 822 44 4
59 881 16 3
60 67 34 3
60 83 20 10
60 139 24 11
60 342 38 4
60 425 38 13
60 715 18 2
60 746 7 14
60 758 41 2
61 209 28 11
61 337 58 13
61 494 27 13
61 1044 5 6
62 68 30 9
62 310 38 5
62 639 27 2
62 690 25 9
62 757 57 7
62 1096 15 6
63 132 44 13
63 290 17 2
63 376 10 11
63 424 36 9
63 627 24 15
63 688 56 12
63 945 37 4
63 972 17 10
63 1064 48 11
64 389 53 1
64 393 18 9
64 559 18 5
64 1118 1 7
65 243 55 1
65 437 9 15
65 439 60 14
65 552 27 10
65 690 9 12
65 936 54 13
66 142 38 4
66 163 37 12
66 567 6 4
66 1054 14 15
67 271 42 15
67 339 9 10
67 392 58 4
67 404 17 13
67 557 41 3
67 572 36 8
67 673 43 3
67 757 11 11
67 847 41 3
67 1110 57 11
68 135 42 8
68 222 13 4
68 246 46 11
68 275 4 12
68 599 36 8
68 970 49 11
68 1108 19 3
69 226 26 12
69 576 59 9
69 666 38 9
69 708 43 5
69 1048 53 7
70 429 28 6
70 450 16 8
70 893 11 7
70 1065 8 2
71 111 60 15
71 178 26 1
71 342 4 11
71 527 57 9
71 542 15 7
71 546 5 12
71 746 59 13
71 987 39 4
72 120 52 2
72 188 12 3
72 215 28 9
72 284 51 2
72 540 54 12
72 940 16 6
72 983 55 1
73 91 6 13
73 330 57 7
73 346 5 12
73 631 14 6
73 636 8 1
73 682 3 14
73 1030 15 3
73 1051 48 6
74 196 1 7
74 451 26 9
74 823 2 15
75 299 55 9
75 420 57 12
75 509 35 9
75 532 3 12
75 896 10 13
75 1083 16 15
75 1090 40 4
75 1111 37 13
76 262 27 10
76 323 59 8
76 350 32 14
76 525 37 11
76 756 21 11
76 806 27 11
76 825 27 15
76 945 8 4
76 973 56 8
76 1079 34 2
76 1088 56 13
77 241 26 10
77 369 21 7
77 963 5 8
77 982 49 6
78 222 34 6
78 246 28 1
78 281 24 3
78 451 29 10
78 471 32 5
78 532 49 9
78 833 13 12
78 859 27 1
78 1004 49 2
79 129 56 5
79 600 6 8
79 615 31 13
79 939 60 5
79 1119 15 6
79 1123 56 6
80 143 58 6
80 157 60 13
80 163 9 7
80 246 18 14
80 340 52 12
80 370 30 10
80 420 47 10
80 610 6 15
80 779 55 1
81 452 12 5
81 490 18 1
81 552 2 6
81 776 40 15
81 777 41 11
81 787 31 7
81 873 10 2
81 1131 47 4
82 516 48 1
82 666 43 6
82 750 6 2
82 872 33 3
82 1107 41 9
83 114 18 7
83 656 60 5
83 731 14 3
83 830 6 4
83 853 17 15
83 987 47 8
83 1060 24 10
84 256 9 8
84 411 19 14
84 495 49 4
84 598 12 5
84 919 5 3
84 945 36 3
84 1125 10 15
85 535 55 6
85 708 3 7
85 977 27 2
86 187 55 12
86 444 1 10
86 519 8 15
86 650 12 3
86 672 60 2
86 770 5 8
86 776 2 5
86 875 11 14
86 943 52 2
86 966 56 13
86 988 3 1
86 1027 60 1
87 166 60 9
87 233 36 2
87 319 8 5
87 769 26 4
87 835 23 14
87 1079 11 1
88 250 39 7
88 476 26 11
88 639 54 13
88 880 6 6
89 533 3 15
89 652 17 6
89 937 36 5
89 939 27 8
89 988 58 14
89 1037 31 14
90 161 39 4
90 163 36 2
90 175 56 14
90 213 41 4
90 293 47 9
90 338 55 12
90 706 1 14
90 780 19 3
90 804 5 13
90 965 52 8
90 1044 10 3
91 96 52 2
91 147 59 10
91 242 5 4
91 300 41 1
91 375 35 2
91 559 33 10
91 563 53 5
91 621 3 13
91 699 20 11
91 757 52 3
91 978 59 7
92 450 46 6
92 498 55 3
92 524 6 6
92 530 36 11
92 534 27 9
92 540 8 11
92 897 41 7
92 963 56 4
92 966 23 8
92 1028 53 11
93 447 49 7
93 464 55 10
93 567 20 3
93 716 29 9
93 783 1 15
93 822 25 14
93 991 35 6
93 1059 54 7
93 1069 51 10
94 414 34 6
94 569 59 15
94 1061 25 3
95 218 35 13
95 446 45 1
95 737 55 13
95 806 10 14
95 820 54 6
95 1052 20 3
96 263 32 15
96 390 8 10
96 391 46 11
96 483 9 7
96 537 48 2
96 654 31 8
96 878 45 13
96 980 21 10
96 1038 6 4
96 1090 32 11
96 1125 48 4
97 461 46 13
97 516 31 3
97 594 2 12
97 682 57 3
97 1028 47 14
97 1115 6 15
98 457 18 5
98 538 11 9
98 848 27 15
98 937 37 1
99 246 44 1
99 253 59 2
99 333 10 6
99 544 51 3
99 583 28 12
99 732 60 1
99 760 58 14
99 787 32 9
99 875 22 5
99 977 40 4
99 992 9 11
99 1081 47 12
99 1130 43 3
100 804 15 14
100 957 30 2
100 1060 3 3
100 1078 60 6
100 1087 16 7
101 268 31 14
101 396 58 10
101 542 44 12
101 730 36 11
101 778 32 8
101 795 33 3
101 1021 22 1
102 125 10 9
102 383 20 10
102 541 32 6
102 598 2 12
103 166 11 11
103 190 47 7
103 315 55 15
103 513 38 12
103 690 32 12
103 1014 1 10
103 1072 6 3
103 1091 2 6
104 347 27 15
104 465 50 14
104 536 57 7
104 1109 51 2
104 1115 15 11
104 1128 58 4
105 242 3 9
105 376 22 3
105 380 37 3
105 450 39 15
105 1039 7 14
105 1107 38 15
106 190 51 3
106 192 27 10
106 205 21 14
106 348 17 2
106 411 23 11
106 753 23 7
106 765 4 8
106 847 22 8
106 889 22 6
106 924 39 8
106 938 13 11
106 1098 49 8
107 251 15 13
107 290 54 8
107 649 58 9
107 686 48 1
107 832 48 12
107 895 26 7
108 297 22 5
108 496 59 15
108 541 5 4
108 673 3 10
108 894 12 11
108 978 1 14
108 996 47 2
108 1104 54 12
109 464 26 6
109 763 16 14
109 782 6 3
109 952 16 3
110 319 32 9
110 362 42 13
110 508 40 8
110 545 8 12
110 630 47 2
110 977 29 3
111 165 31 13
111 667 22 13
111 809 60 3
111 1022 22 12
111 1027 29 11
111 1074 53 6
111 1121 4 11
112 456 18 9
112 653 37 14
112 673 56 14
112 975 48 10
113 137 31 9
113 201 3 8
113 228 58 9
113 268 54 9
113 509 54 14
113 836 57 9
113 844 39 15
113 905 55 7
114 395 49 9
114 838 57 10
114 863 54 5
114 962 30 12
114 971 4 4
115 261 15 5
115 280 51 9
115 334 5 1
115 378 50 7
115 690 14 5
115 697 42 3
115 926 35 11
115 937 46 11
115 953 6 13
116 298 6 3
116 337 27 5
116 485 36 2
116 787 1 6
116 814 57 3
116 873 13 4
116 907 48 8
116 908 46 9
116 1097 3 6
117 227 60 15
117 276 59 8
117 293 59 9
117 408 41 12
117 423 16 12
117 743 56 12
117 792 33 3
117 856 59 7
117 876 21 5
117 906 57 5
117 991 12 3
118 120 16 11
118 342 60 13
118 391 1 14
118 528 12 9
118 537 2 6
118 880 46 15
118 1038 3 2
118 1061 53 8
119 210 45 11
119 314 12 14
119 402 4 6
119 417 32 7
119 618 45 10
119 1057 51 11
119 1104 42 11
120 167 31 12
120 254 57 13
120 443 55 15
120 498 35 14
120 628 51 12
120 645 29 15
120 669 36 9
120 793 33 11
120 803 4 6
120 979 33 10
121 563 5 4
121 854 22 15
121 943 44 14
121 1038 15 15
121 1080 2 12
122 126 50 8
122 232 29 12
122 352 4 8
122 572 37 11
122 700 39 3
122 896 47 14
123 125 34 7
123 237 4 14
123 279 55 10
123 466 52 4
123 630 45 12
123 688 7 5
123 718 24 14
123 946 21 14
123 1117 44 1
124 662 33 1
124 663 43 10
124 973 3 2
124 1089 52 15
125 492 32 9
125 658 39 13
125 731 47 4
125 746 56 15
125 802 54 13
125 941 36 15
125 963 11 2
126 140 31 9
126 336 26 4
126 388 30 15
126 405 6 15
126 572 35 13
126 578 29 6
126 607 37 4
126 725 36 7
126 743 16 4
126 888 41 6
126 904 28 10
126 915 1 5
126 972 38 14
126 1012 43 1
126 1049 2 2
127 362 52 13
127 678 19 15
128 174 42 15
128 176 39 14
128 305 21 14
128 392 46 9
128 639 9 8
128 894 49 8
128 1119 43 11
129 153 24 9
129 333 47 3
129 360 40 2
129 463 18 9
129 554 34 12
129 721 10 15
129 757 53 14
129 766 42 1
129 1067 41 7
129 1078 44 14
130 546 23 15
130 567 59 5
130 1132 25 7
131 205 31 9
131 464 57 13
131 468 16 4
131 491 27 11
131 528 47 12
131 1081 47 10
132 280 43 2
132 1019 8 9
132 1022 2 3
133 224 59 8
133 231 7 13
133 252 49 14
133 393 6 6
133 439 40 11
133 610 40 5
133 835 17 4
133 845 57 4
133 902 33 6
133 955 56 10
133 969 4 7
133 976 55 9
133 986 25 1
133 1009 31 9
134 226 30 9
134 351 54 7
134 557 29 2
134 563 59 6
134 625 59 9
134 714 31 4
134 1072 58 6
135 293 43 6
135 355 57 12
135 441 49 13
135 481 58 11
135 606 7 8
135 638 49 13
135 674 35 15
135 760 27 1
135 825 36 2
135 980 36 6
135 1091 46 3
136 162 17 5
136 265 22 3
136 438 59 11
136 652 51 5
136 654 49 4
136 712 14 9
137 174 23 9
137 256 18 14
137 416 51 8
137 460 21 4
137 545 45 4
137 743 47 13
137 765 33 15
137 1130 50 11
138 500 7 13
138 505 49 8
138 772 59 15
138 1030 48 4
138 1043 21 5
139 168 34 11
139 421 24 11
139 507 57 1
139 549 31 4
139 879 50 9
139 904 50 3
139 917 2 11
139 951 22 13
139 1042 42 3
140 350 12 5
140 370 7 3
140 460 18 15
140 898 26 1
141 340 9 1
141 479 15 15
141 732 16 13
141 984 25 12
141 992 12 11
141 1078 9 5
142 154 46 13
142 268 57 4
142 271 57 15
142 647 7 13
142 1066 43 6
143 503 39 13
143 786 13 15
144 258 26 4
144 299 30 13
144 723 37 15
144 737 47 5
144 951 5 11
144 1087 42 13
145 188 10 15
145 293 37 7
145 423 21 6
145 430 56 5
145 535 18 15
145 750 13 5
145 757 47 4
145 764 52 12
145 779 18 1
146 147 49 6
146 166 11 14
146 699 54 7
146 744 34 10
146 833 31 15
147 174 50 5
147 248 12 2
147 599 18 6
147 636 1 12
148 291 9 12
148 331 39 12
148 657 51 8
148 763 56 2
148 807 58 1
148 948 48 7
148 1134 16 4
149 425 37 10
149 950 1 5
150 250 48 2
150 359 39 1
150 399 14 15
150 475 22 15
150 640 22 8
150 864 28 15
151 411 7 5
151 745 48 14
152 249 37 3
152 251 47 2
152 292 23 9
152 451 28 5
152 464 22 11
152 524 15 6
152 642 10 9
152 854 8 5
152 861 16 15
152 954 58 11
152 1042 53 5
153 203 6 10
153 232 57 6
153 238 53 6
153 487 60 6
153 649 21 8
153 729 29 11
153 766 33 11
153 1078 58 10
154 546 3 9
154 569 10 9
154 888 47 15
154 903 54 12
155 284 49 15
155 549 19 8
155 562 41 3
155 571 46 2
155 722 56 4
155 1024 20 10
156 178 16 14
156 691 8 4
156 802 17 9
156 808 22 3
156 823 18 12
156 825 28 8
156 915 16 15
156 946 19 14
157 303 58 4
157 448 18 5
157 528 4 3
157 588 40 1
157 734 16 9
157 917 57 4
158 261 21 14
158 324 51 4
158 429 39 6
158 430 24 1
158 554 11 5
158 721 43 7
158 821 20 2
158 986 42 15
158 1027 42 7
159 412 29 14
159 474 56 4
159 544 24 12
159 664 47 8
159 1063 26 6
160 512 31 13
160 554 50 10
160 589 3 8
160 712 17 1
160 719 43 4
160 814 38 8
160 826 45 4
160 1020 13 5
161 360 5 13
161 376 48 1
161 435 37 6
161 787 55 2
161 847 22 4
161 891 54 9
161 988 60 3
161 1058 11 3
161 1108 58 4
162 436 38 9
162 556 29 8
162 709 59 8
162 751 45 2
162 775 23 4
162 776 53 3
162 826 24 14
162 864 47 1
163 175 43 4
163 374 2 15
163 458 38 3
163 843 35 2
164 216 27 12
164 518 60 2
164 568 15 6
164 655 2 13
164 792 14 4
164 873 42 5
164 1065 10 2
164 1113 49 2
165 171 3 7
165 299 37 9
165 394 57 6
165 506 34 5
165 525 53 11
165 788 28 11
165 1016 20 4
166 796 9 13
166 1021 49 8
167 395 10 2
167 611 16 5
167 624 5 5
167 657 35 9
167 678 55 12
167 1022 35 4
167 1132 7 9
168 293 49 15
168 373 47 12
168 513 42 6
168 666 57 10
168 805 11 6
168 912 16 3
168 944 7 9
168 1007 5 2
169 191 57 15
169 239 15 11
169 413 51 4
169 498 1 4
169 689 9 7
169 697 26 6
169 785 55 2
169 787 41 8
169 808 55 13
169 983 46 5
170 359 44 11
170 407 34 10
170 419 11 8
170 510 37 15
170 565 13 12
170 634 25 13
170 1053 24 9
171 469 13 7
171 551 22 13
171 607 49 5
171 635 31 6
171 866 55 3
171 928 21 9
172 184 43 13
172 656 4 11
172 723 45 7
172 848 23 10
172 903 1 14
172 913 26 9
172 1025 42 6
173 185 2 12
173 217 5 15
173 219 16 4
173 290 2 1
173 480 16 6
173 532 16 14
173 593 48 11
173 637 49 5
173 663 17 13
173 687 47 5
173 743 13 3
173 848 1 12
173 850 52 15
173 930 4 15
173 970 51 3
173 997 2 12
173 1039 39 5
173 1092 12 9
174 262 25 5
174 353 57 11
174 821 37 6
174 902 52 15
174 966 31 4
175 304 32 5
175 330 21 9
175 372 18 3
175 792 2 1
175 1035 11 4
176 417 8 10
176 526 60 4
176 549 27 14
176 554 23 15
176 597 7 11
176 710 31 13
176 872 4 4
176 943 57 1
176 1114 54 6
177 298 9 1
177 615 44 1
177 628 4 8
177 653 2 1
177 869 24 11
177 1005 3 5
177 1117 20 4
178 189 35 10
178 211 4 4
178 356 50 14
178 413 16 7
178 490 46 9
178 631 14 9
178 654 35 12
178 715 39 10
179 238 19 12
179 372 34 8
179 379 8 5
179 477 2 1
179 614 59 15
179 649 22 7
179 706 8 10
179 824 34 1
179 978 51 8
179 990 48 4
179 1007 27 9
179 1056 12 3
179 1122 11 14
180 375 57 2
180 531 46 9
180 543 7 8
180 558 21 10
180 715 43 5
180 939 53 14
181 187 31 5
181 427 26 5
181 650 40 4
181 719 23 5
181 908 41 2
181 967 4 8
181 1034 1 6
182 232 38 2
182 393 43 3
182 408 53 14
182 500 18 6
182 856 10 8
183 418 5 10
183 614 31 9
183 696 28 7
183 833 44 12
183 854 34 8
183 863 60 3
184 246 5 8
184 254 32 9
184 892 51 9
184 939 40 6
184 1105 55 15
185 224 28 7
185 389 38 1
185 486 58 13
185 550 9 2
185 865 17 7
185 1086 45 6
186 242 50 11
186 515 53 8
186 592 36 15
186 800 43 13
186 902 6 6
186 973 7 6
186 1107 55 12
186 1134 57 10
187 629 56 15
187 796 40 15
187 866 60 11
187 1016 11 10
187 1082 13 15
187 1083 4 6
188 629 19 6
188 826 34 10
189 317 53 3
189 423 18 10
189 659 5 14
189 713 33 11
189 926 2 15
189 990 10 2
190 221 8 3
190 238 40 12
190 438 37 10
190 612 39 15
190 978 17 9
190 1061 11 9
191 202 12 11
191 231 53 14
191 275 53 9
191 284 3 15
191 367 38 6
191 525 47 11
191 969 55 6
191 1051 43 9
192 216 45 1
192 254 41 12
192 297 2 12
192 447 37 7
192 557 40 6
192 748 12 15
192 799 54 13
192 843 9 13
192 1032 14 4
193 394 59 15
193 457 53 3
193 469 55 9
193 474 56 2
193 691 56 1
193 705 1 10
193 727 21 6
193 947 48 5
193 1006 56 2
194 202 52 13
194 308 54 1
194 547 17 10
194 839 34 12
195 292 35 15
195 432 49 1
195 678 46 4
195 913 9 9
196 238 59 3
196 312 48 12
196 504 2 12
196 570 45 9
196 690 16 5
196 727 14 6
196 812 21 14
196 828 28 12
196 929 31 1
197 253 8 14
197 359 19 15
197 562 24 15
197 585 59 3
197 648 27 6
197 687 41 2
197 748 20 9
197 1062 30 15
198 248 18 7
198 313 25 13
198 485 51 15
198 648 7 8
198 697 36 1
198 778 48 15
198 830 40 14
198 956 43 7
198 982 18 12
198 1002 25 8
199 409 9 7
199 433 29 8
199 917 46 11
199 982 27 15
200 219 7 2
200 236 35 13
200 676 3 11
201 537 44 9
201 954 3 14
201 1001 55 14
202 220 16 11
202 333 49 12
202 507 54 13
202 517 23 10
202 831 48 12
202 1133 22 2
203 860 51 5
204 280 49 1
204 291 57 10
204 311 13 9
204 403 11 4
204 587 9 14
204 790 14 5
204 799 18 9
204 862 48 14
204 943 31 14
204 983 53 8
204 1082 28 15
204 1107 9 11
205 216 40 3
205 538 35 11
205 791 40 12
205 929 24 4
206 461 29 10
206 748 38 11
206 898 27 7
206 1125 59 1
207 262 11 1
207 333 39 13
207 478 59 15
207 787 7 13
207 798 56 5
207 963 18 6
207 1058 38 15
208 248 3 8
208 300 36 7
208 350 60 13
208 483 28 6
208 520 59 10
208 982 26 10
209 246 18 5
209 254 37 14
209 256 18 12
209 426 56 14
209 446 36 5
209 663 2 4
209 820 50 12
210 238 38 5
210 267 1 1
210 322 36 13
210 329 37 2
210 477 15 5
210 556 45 13
210 601 52 12
210 724 34 15
211 228 26 5
211 334 34 7
211 483 21 1
211 599 2 6
211 604 25 6
211 831 59 13
211 912 36 7
211 997 52 14
212 233 42 11
212 359 6 10
212 519 1 13
212 678 35 11
212 812 32 15
212 868 41 15
212 905 49 2
212 932 47 5
212 1075 41 3
213 578 12 2
213 632 41 14
213 701 60 10
213 845 32 13
214 215 23 1
214 243 48 13
214 305 16 11
215 538 2 8
215 555 20 9
215 698 37 13
215 722 40 2
215 866 38 4
215 940 28 10
215 1015 51 8
216 220 6 12
216 251 35 3
216 343 9 10
216 897 15 11
216 909 40 15
216 1083 53 1
217 278 18 5
217 412 60 7
217 854 53 12
217 909 5 14
217 1076 24 15
218 253 17 7
218 305 49 15
218 911 9 15
218 986 28 2
219 402 11 5
219 465 44 1
219 549 43 15
219 853 60 7
219 1017 15 5
219 1071 39 13
220 224 18 3
220 257 24 7
220 487 37 6
220 901 37 12
221 542 3 4
221 697 49 11
221 936 15 5
221 953 4 9
221 999 11 5
221 1037 39 11
221 1067 53 7
221 1133 11 5
222 250 27 11
222 346 4 2
222 445 28 8
222 694 27 7
222 757 31 8
222 986 24 8
222 1008 33 12
222 1009 11 8
223 280 44 1
223 354 58 3
223 547 38 9
223 633 9 12
223 839 22 4
223 875 43 12
223 1107 35 8
224 498 57 1
224 625 20 7
224 701 14 6
224 872 5 8
224 935 52 11
224 961 40 8
225 312 37 2
225 839 26 2
226 238 38 4
226 290 27 10
226 379 38 1
226 384 10 7
226 420 50 8
226 506 7 9
226 619 11 11
226 980 20 8
227 844 12 8
227 869 13 6
227 1021 17 15
227 1106 13 6
228 313 36 13
228 474 41 9
229 377 30 14
229 407 48 2
229 492 29 11
229 712 29 2
229 849 43 7
229 861 6 15
230 292 12 14
230 393 18 7
230 436 14 8
230 555 32 3
230 669 59 10
230 745 36 9
230 786 54 1
230 794 31 5
230 933 23 7
230 1052 33 3
230 1054 18 14
231 390 24 9
231 491 29 12
232 563 56 14
232 617 38 13
232 639 57 13
232 655 53 4
232 661 15 11
232 1047 33 8
233 376 39 10
233 1014 45 2
234 513 56 7
234 515 11 7
234 548 37 10
234 584 53 6
234 594 47 10
234 821 49 1
234 833 31 9
234 1083 2 3
235 463 48 4
235 525 9 4
235 707 23 13
235 1043 22 11
236 458 37 11
236 808 8 3
236 860 28 5
236 892 59 10
237 494 16 4
237 610 34 4
237 624 3 10
237 653 34 7
237 660 39 4
237 747 56 6
237 794 45 7
237 855 39 7
237 1040 10 8
238 261 50 6
238 388 55 15
238 629 24 10
238 733 4 10
238 755 26 5
238 863 7 5
239 349 1 13
239 377 58 14
239 451 56 15
239 591 47 14
240 451 8 5
240 537 10 4
240 577 60 5
240 1092 51 9
240 1095 50 3
240 1130 9 5
241 281 44 7
241 748 33 9
241 973 59 11
242 251 44 6
242 482 8 8
242 817 11 6
242 915 29 15
242 927 51 12
242 947 20 2
242 992 8 4
242 1005 52 13
243 283 38 13
243 327 58 4
243 346 11 10
243 562 22 9
243 606 45 12
243 989 30 13
243 1026 2 3
243 1033 60 13
244 279 20 10
244 373 51 10
244 599 40 11
244 676 29 4
244 678 5 13
244 994 46 11
244 1063 18 12
244 1110 48 5
245 294 30 5
245 365 16 10
245 941 10 3
245 1132 2 3
246 548 13 13
246 736 14 2
246 832 11 12
247 391 52 9
247 425 19 1
247 658 21 5
247 782 13 11
247 1049 28 9
248 295 48 10
248 302 51 3
248 525 49 5
248 664 36 12
248 756 50 5
248 927 25 3
248 992 22 3
248 1044 6 12
249 311 45 14
249 552 36 4
249 794 8 15
249 831 57 10
249 874 7 6
249 1067 2 14
250 585 56 13
250 830 21 11
250 1045 31 9
250 1133 33 15
251 318 6 6
251 501 40 4
251 632 39 7
251 871 42 8
251 912 32 9
251 932 49 14
252 330 50 2
252 385 40 8
252 509 36 15
252 642 30 12
253 803 10 15
253 987 51 2
254 328 9 15
254 337 53 8
254 543 47 6
254 594 56 8
254 991 47 10
255 292 2 13
255 294 31 12
255 617 36 3
255 673 56 12
255 742 55 4
256 263 1 7
256 265 43 14
256 302 11 6
256 540 35 6
256 623 58 9
256 730 35 8
256 1060 27 15
257 702 30 15
257 744 37 5
257 869 28 10
257 943 50 13
257 1059 59 14
257 1120 32 13
258 376 1 14
258 438 6 11
258 516 51 15
258 591 41 8
258 593 24 6
258 649 49 13
258 688 26 1
258 731 2 4
258 775 30 1
258 963 54 11
258 964 52 14
259 302 19 1
259 514 57 1
259 574 53 1
259 852 51 4
259 1000 54 6
259 1060 6 11
259 1069 57 7
259 1110 9 14
260 340 10 6
260 349 56 11
260 437 58 11
260 888 25 12
260 942 5 9
261 364 59 7
261 375 13 11
261 424 49 8
261 458 4 13
261 557 17 11
261 819 17 15
261 1113 25 12
261 1126 11 6
262 304 28 2
262 397 50 12
262 554 52 11
262 756 1 2
262 778 41 12
262 840 51 10
262 1078 10 4
263 711 56 10
263 721 54 10
263 755 4 3
263 774 50 9
263 862 41 9
263 994 44 15
263 1099 31 10
264 280 16 5
264 389 50 9
264 485 17 13
264 686 32 11
264 755 30 7
264 764 35 6
264 790 31 13
264 889 19 14
264 1022 51 12
264 1034 22 2
264 1038 8 8
264 1093 9 15
264 1095 17 4
265 396 35 9
265 479 12 3
265 519 58 7
265 662 57 12
265 679 20 14
265 720 1 3
265 751 8 12
265 959 45 9
265 991 21 11
265 992 16 13
266 592 19 13
266 866 47 11
266 937 59 8
266 1039 29 1
267 288 13 3
267 334 17 11
267 460 5 7
268 576 33 2
268 603 38 14
268 610 10 1
268 680 31 5
268 753 2 8
268 794 24 12
268 829 31 13
268 891 6 5
269 290 60 10
269 332 36 13
269 395 17 10
269 693 56 5
269 764 30 9
269 1098 19 10
270 360 34 7
270 423 28 8
270 467 24 1
270 598 60 9
270 658 25 11
270 762 57 14
270 812 37 14
270 817 18 2
270 825 40 13
270 877 53 12
270 933 43 6
270 1058 32 12
271 419 33 3
271 525 12 3
271 562 43 7
271 574 54 9
271 704 25 2
271 723 23 10
271 914 9 11
271 1078 9 15
271 1111 21 5
272 327 24 5
272 365 11 5
272 489 60 12
272 622 13 5
272 749 56 1
272 759 6 4
272 802 18 12
272 943 49 10
272 1006 7 13
272 1060 39 2
272 1094 36 9
273 598 10 7
273 834 25 11
273 925 2 15
274 408 8 1
274 527 5 7
274 529 33 7
274 614 2 7
274 697 50 9
274 799 53 4
274 808 15 14
275 373 59 8
275 532 4 10
275 559 14 11
275 821 47 3
275 985 19 9
276 486 47 10
276 491 29 6
276 731 46 3
276 819 40 3
276 923 27 13
276 1049 53 12
276 1066 10 11
276 1072 50 3
277 354 36 7
277 424 59 9
278 563 14 1
278 620 40 15
278 673 7 13
278 823 31 15
278 1075 8 12
279 457 11 11
279 623 13 1
279 796 52 3
279 921 58 13
279 952 39 9
279 999 29 7
279 1055 52 2
280 327 55 6
280 345 1 7
280 558 2 10
280 735 45 14
280 983 42 14
280 1102 31 15
281 386 6 1
281 494 59 5
281 708 50 8
281 739 57 15
281 799 55 11
281 1038 32 1
282 289 46 14
282 382 28 13
282 635 11 10
282 920 48 4
283 293 21 12
283 344 46 9
283 398 44 13
283 583 2 14
283 757 53 1
283 993 52 5
283 999 56 5
284 324 5 1
284 333 14 10
284 475 41 3
284 670 24 4
284 752 54 7
284 868 60 5
284 1065 60 11
285 345 13 2
285 433 8 14
285 561 38 7
285 733 58 4
285 751 13 2
286 376 59 10
286 460 40 3
286 562 21 7
286 653 5 15
286 803 14 5
286 875 50 11
286 902 18 8
286 1037 33 5
286 1086 11 4
286 1117 19 6
287 290 21 10
287 318 31 12
287 448 51 3
287 615 59 4
287 813 40 12
287 1132 36 2
288 326 18 14
288 382 15 6
288 493 8 3
288 593 1 3
288 761 45 13
288 857 53 2
288 1018 23 11
288 1118 37 11
288 1134 50 5
289 655 50 6
289 885 13 2
289 1056 35 15
290 560 36 14
290 576 34 9
291 717 54 5
291 737 4 9
291 801 60 7
291 1016 44 11
291 1017 33 13
292 370 13 4
292 553 40 11
292 962 44 2
292 1004 7 13
292 1017 60 1
292 1133 30 10
293 325 22 13
293 352 60 12
293 577 25 1
293 655 30 15
293 712 30 4
293 737 9 4
293 744 35 2
293 863 25 14
293 930 57 11
293 1101 6 1
294 655 25 8
294 926 45 14
294 954 29 7
294 994 25 7
294 1065 58 3
295 320 32 13
295 850 58 8
295 978 15 15
295 1124 31 10
296 362 25 4
296 385 35 10
296 585 60 13
296 809 52 5
296 862 60 13
296 907 31 9
296 936 29 7
297 809 11 2
297 923 21 7
298 538 16 11
298 708 20 15
298 771 11 13
298 904 37 8
298 932 22 15
299 331 19 5
299 413 5 6
299 528 17 13
299 686 43 8
299 723 39 4
299 793 25 14
299 1108 23 10
300 407 47 10
300 408 38 15
300 439 26 6
300 615 26 13
300 645 57 10
300 753 48 9
300 838 6 2
300 941 37 8
301 415 60 12
301 732 54 3
301 766 44 8
301 851 52 4
302 376 13 11
302 383 54 9
302 428 34 12
302 520 41 13
302 577 45 11
302 588 49 2
302 799 11 14
303 389 44 5
303 667 45 5
303 743 53 5
303 868 32 8
303 897 44 9
303 948 14 9
304 788 48 1
304 938 45 4
304 1055 7 11
304 1105 39 2
305 765 35 13
305 860 22 14
305 983 22 3
305 1008 52 13
305 1037 15 13
306 446 60 13
306 504 57 13
306 544 50 1
306 671 50 1
306 752 5 4
306 1034 23 2
307 387 5 15
307 467 2 9
307 736 50 1
307 836 25 6
307 838 37 14
307 856 24 15
307 887 47 10
307 936 26 6
307 1098 14 2
308 510 9 12
308 647 4 12
308 796 23 1
308 885 46 1
309 314 55 11
309 341 44 13
309 413 37 5
309 428 47 1
309 508 16 11
309 686 14 3
309 693 18 2
309 713 44 12
309 725 52 12
309 1003 40 9
309 1121 30 6
310 568 59 4
310 746 14 6
310 767 11 9
310 782 51 1
310 973 26 4
310 1030 34 8
310 1083 12 15
311 541 58 6
311 597 29 5
311 614 6 15
311 983 35 6
311 1114 22 6
312 333 40 1
312 676 48 10
312 687 40 11
312 1035 4 3
313 518 41 14
313 696 13 6
313 1014 39 15
313 1054 35 12
314 887 5 4
315 472 3 12
315 509 42 2
315 592 8 15
315 1076 34 12
316 381 31 8
316 482 16 10
316 548 7 12
316 557 29 15
316 563 51 14
316 648 33 6
316 650 48 8
316 713 38 7
316 1071 45 14
316 1095 50 15
316 1098 55 14
317 392 56 15
317 489 42 1
317 619 6 6
317 653 52 15
317 677 31 11
317 814 31 15
317 928 4 5
317 995 42 11
318 626 57 8
318 649 5 9
318 720 35 7
318 792 41 6
318 809 43 4
319 448 42 5
319 687 54 4
319 820 19 3
319 854 11 15
321 328 3 13
321 343 34 13
321 534 14 4
321 1035 60 4
321 1118 12 7
322 393 21 2
322 575 3 7
322 801 1 8
323 387 41 15
323 433 45 6
323 908 43 13
324 375 59 10
324 516 21 5
324 544 18 8
324 618 25 15
324 993 2 7
325 342 17 9
325 387 38 9
325 402 58 5
325 414 60 5
325 532 35 12
325 864 21 8
325 973 43 7
325 981 6 8
325 1005 6 1
325 1111 16 6
326 341 45 14
326 602 57 1
326 679 10 14
326 683 20 4
326 770 3 5
326 963 25 14
326 1010 25 7
327 412 19 3
327 480 13 5
327 589 27 1
327 627 2 2
327 768 9 13
327 937 27 1
327 998 51 5
327 1019 13 5
327 1092 20 5
328 337 56 9
328 466 4 7
328 596 32 7
328 617 13 4
328 832 31 2
328 1045 12 1
328 1046 32 10
329 429 16 14
329 504 18 9
329 664 25 11
329 668 11 6
329 719 33 8
329 741 49 2
329 849 43 15
329 1107 60 10
330 342 53 7
330 391 31 5
330 468 42 10
330 544 57 4
330 785 46 8
330 995 4 12
330 1109 34 5
331 419 10 12
331 592 42 3
331 669 10 9
331 927 27 14
331 946 18 4
332 499 8 7
332 570 55 9
332 598 40 2
332 703 2 8
332 749 7 13
332 796 32 7
332 863 38 8
332 919 7 13
332 960 48 15
332 1097 18 4
333 678 51 15
333 753 25 14
333 918 57 1
333 1027 31 15
334 343 20 9
334 567 17 6
334 588 18 7
334 816 8 4
334 854 52 10
335 423 41 14
336 837 23 10
337 409 27 1
337 596 7 12
337 815 47 10
337 897 20 8
337 916 23 14
337 927 25 15
337 933 23 2
337 1030 1 8
337 1032 56 1
337 1112 60 9
338 579 20 5
338 681 5 11
338 699 53 6
338 738 41 13
339 380 39 4
339 405 3 5
339 463 33 7
339 711 46 6
339 804 29 7
339 861 20 1
339 957 51 11
339 1106 35 5
339 1126 58 15
340 462 44 1
340 495 51 15
340 535 57 8
340 665 32 10
340 669 28 12
340 865 27 12
340 880 32 6
340 1054 46 14
341 392 51 8
341 448 38 6
341 550 55 6
341 739 52 1
341 985 58 2
341 1003 37 5
341 1051 14 14
341 1066 10 3
341 1090 34 1
342 357 42 15
342 411 34 12
342 445 6 9
342 609 21 8
342 654 55 15
342 725 22 7
342 794 16 6
342 884 2 6
342 919 29 11
342 983 40 4
343 480 22 15
343 482 13 14
343 691 20 9
343 725 25 12
344 561 17 9
344 649 37 7
344 816 46 6
345 375 44 4
345 412 47 8
345 873 43 7
345 941 43 15
345 969 20 7
346 365 7 10
346 552 26 13
346 610 11 3
346 662 45 11
346 668 52 10
346 1062 52 11
346 1134 39 5
347 365 6 8
347 951 22 1
348 525 4 9
348 543 50 10
348 704 47 2
348 789 54 8
348 952 1 2
348 953 49 9
348 1061 1 12
348 1093 5 9
349 376 57 4
349 384 18 7
349 439 16 9
349 527 10 6
350 447 55 4
350 452 25 13
350 461 8 15
350 489 46 7
350 517 19 7
350 580 14 3
351 380 31 15
351 489 15 3
351 700 12 5
351 729 31 2
351 769 32 9
351 878 54 11
351 884 30 15
351 888 24 9
352 589 36 7
352 750 50 1
352 842 23 2
352 1001 22 5
352 1086 23 8
352 1102 33 1
353 418 59 6
353 1052 16 5
353 1065 59 10
354 556 3 6
354 664 52 11
354 757 34 8
354 906 30 15
354 1093 10 9
354 1094 31 10
355 379 12 8
355 402 50 5
355 572 8 7
355 646 30 7
355 930 1 15
355 977 40 6
355 1115 7 13
356 555 39 10
356 556 1 13
356 589 12 13
356 854 28 5
356 1017 18 8
357 407 23 6
357 449 59 14
357 808 35 11
357 993 26 2
357 1089 41 5
358 437 7 4
358 591 50 12
358 841 53 6
358 847 58 12
358 862 3 12
358 1004 5 14
358 1126 16 5
359 407 39 6
359 436 46 7
359 475 23 13
359 481 42 12
359 672 12 14
359 686 12 9
359 934 42 6
359 946 10 8
359 1083 16 12
359 1091 38 11
359 1102 37 13
359 1120 17 6
360 403 38 6
360 422 2 1
360 424 32 7
360 490 48 6
360 526 37 7
360 716 10 10
360 833 47 4
360 992 24 15
360 1040 46 4
361 851 29 12
361 860 54 15
361 995 7 5
362 430 44 10
362 514 29 13
362 683 38 7
362 752 52 4
362 821 26 8
362 902 12 4
363 417 59 9
363 622 37 11
363 667 43 3
363 734 46 12
363 919 6 5
363 959 31 12
363 1040 17 6
363 1064 22 9
363 1106 39 9
363 1134 58 9
364 634 44 13
364 676 20 1
364 793 31 14
364 827 10 13
364 944 38 14
364 966 10 8
364 1072 2 10
365 417 52 10
365 559 21 15
365 713 57 10
365 906 37 14
366 443 19 13
366 792 7 14
366 958 5 11
366 988 54 14
366 1046 5 5
366 1123 55 9
367 435 14 4
367 436 48 3
368 410 58 3
368 497 52 6
368 619 17 14
368 1061 20 7
368 1109 39 7
369 380 31 10
369 574 48 4
369 652 45 14
369 805 14 11
369 1039 60 13
370 533 32 5
370 587 25 14
370 759 30 4
370 782 41 1
370 917 16 11
371 414 6 1
371 461 54 11
371 504 8 4
371 532 39 12
371 684 28 7
371 749 58 2
371 825 20 14
371 940 52 6
371 1115 25 10
372 498 33 3
372 516 46 6
372 597 8 10
372 759 5 11
372 852 1 15
372 967 1 1
372 984 49 12
372 1065 10 3
373 376 23 10
373 419 45 2
373 521 30 11
373 689 25 5
373 887 41 4
373 956 17 7
374 635 23 3
375 418 31 9
375 523 45 9
375 834 29 7
375 873 32 11
375 1066 39 15
376 432 36 8
376 444 54 15
376 491 37 2
376 523 58 12
376 841 12 10
376 900 40 5
377 694 47 11
377 717 50 7
377 1044 49 3
378 527 50 5
378 723 18 1
378 1001 42 4
378 1018 56 13
379 951 41 5
379 1078 54 8
379 1096 29 15
380 391 13 7
380 682 35 5
380 926 25 8
381 410 25 9
381 706 35 4
381 776 46 13
381 826 24 3
382 483 39 14
382 510 11 2
382 557 49 9
382 966 2 12
382 1066 4 13
383 416 15 5
383 461 11 12
383 545 57 8
383 908 41 1
383 1066 25 12
383 1105 53 13
383 1120 44 4
384 472 15 13
384 800 49 12
384 883 51 12
384 908 30 4
384 948 50 6
384 1070 25 15
385 408 17 4
385 531 31 3
385 630 15 7
385 784 22 12
385 971 55 12
385 972 52 2
385 1109 32 2
386 426 28 9
386 560 41 9
386 1059 58 2
386 1074 17 9
387 409 44 11
387 516 52 9
387 826 45 1
387 921 40 9
387 932 50 14
387 1006 25 14
387 1034 36 2
387 1044 22 6
387 1045 16 2
388 574 22 2
388 601 21 8
388 652 39 6
388 660 20 12
388 855 25 1
388 933 51 10
388 1067 8 3
388 1074 49 4
389 394 2 5
389 543 7 5
389 672 36 7
389 874 2 12
389 1046 6 8
389 1134 23 6
390 569 55 6
390 597 23 3
390 615 19 9
390 702 28 15
390 980 29 13
390 1006 15 6
390 1078 24 12
391 412 47 10
391 531 2 9
391 720 52 2
391 767 15 5
391 831 58 12
391 989 33 8
391 1069 24 4
391 1091 25 14
392 627 34 13
392 639 23 2
392 787 49 15
392 789 57 15
392 909 53 8
392 1048 22 1
392 1124 46 1
393 586 24 1
393 655 18 13
393 663 46 15
393 690 37 6
393 830 39 3
394 543 58 6
394 873 27 13
394 906 12 11
394 960 38 1
395 432 40 2
395 476 60 2
395 554 31 7
395 692 36 3
395 729 41 13
395 750 8 5
395 794 50 12
395 914 18 9
395 927 39 3
395 1071 35 4
396 625 1 5
396 952 37 6
396 1077 3 10
397 467 46 4
397 564 48 2
397 567 37 15
397 609 10 1
397 628 50 4
397 678 6 4
397 849 35 5
397 1024 23 7
397 1042 4 12
397 1069 9 4
397 1120 8 12
398 425 50 2
398 553 34 12
398 588 18 13
398 660 8 11
398 870 56 10
398 891 14 2
398 898 20 13
399 448 3 14
399 792 49 12
399 934 60 6
399 1132 30 15
400 460 49 8
400 470 39 3
400 890 48 13
401 468 6 9
401 471 49 4
401 551 8 13
401 592 22 11
401 913 59 12
401 968 12 12
401 1019 34 2
402 1053 40 2
402 1095 36 9
403 430 46 10
403 573 34 12
403 667 11 11
403 782 44 5
403 929 32 11
403 983 28 8
404 475 7 9
404 620 29 11
404 738 52 1
404 997 26 5
404 1107 9 11
405 444 38 15
405 468 16 13
405 510 27 9
405 539 2 9
405 619 18 8
405 1109 34 7
406 502 23 14
406 574 48 5
406 648 34 9
406 904 36 9
406 1007 46 10
406 1103 37 10
407 488 18 5
407 674 27 15
407 702 25 6
407 778 38 10
407 930 42 9
407 1019 14 4
407 1026 57 10
407 1050 52 1
408 419 30 9
408 450 13 9
408 490 1 4
408 513 40 10
408 618 39 10
408 702 46 12
408 725 5 8
408 1008 53 7
409 427 46 7
409 446 49 8
409 474 53 2
409 707 18 13
409 773 27 6
409 785 29 10
409 833 18 8
409 868 48 10
409 927 33 10
409 988 6 13
410 452 26 3
410 483 48 15
410 823 48 6
410 1114 33 3
411 474 5 5
411 548 3 8
411 892 55 3
411 959 54 8
412 422 41 5
412 478 8 13
412 496 59 7
412 754 33 3
412 834 18 1
412 898 50 1
412 1058 29 6
413 563 51 12
413 637 33 15
413 790 58 2
413 850 12 15
413 1018 38 8
414 452 54 14
414 604 48 3
414 703 52 10
414 839 34 12
414 844 10 4
414 888 54 12
414 958 34 3
415 568 44 12
415 585 10 13
415 599 37 3
415 685 53 6
415 732 56 11
415 786 59 15
415 884 49 13
416 470 43 4
416 856 23 9
416 1019 42 3
417 849 38 14
417 898 47 15
417 932 45 11
418 423 38 10
418 541 53 1
418 651 48 6
418 1011 12 15
419 684 26 11
419 751 59 4
420 428 37 5
420 458 32 10
420 548 49 3
420 578 12 10
420 890 57 13
420 1104 34 2
420 1105 6 7
421 429 20 5
421 597 28 7
421 877 18 13
421 1092 31 11
422 458 34 8
422 539 49 11
422 612 2 10
422 665 2 4
422 863 44 3
422 918 3 7
422 974 40 12
422 1007 15 8
422 1092 43 12
423 575 26 9
423 623 3 7
424 515 23 13
424 568 60 10
424 658 3 7
424 805 14 6
424 921 59 10
424 991 37 10
425 459 57 3
425 743 5 8
425 880 7 14
425 958 43 8
425 974 34 14
425 1021 38 5
426 590 28 3
426 847 52 7
426 930 24 11
426 1111 48 3
427 435 25 2
427 466 39 1
427 546 31 8
427 579 49 4
427 702 52 2
427 854 1 12
428 451 16 14
428 714 57 9
429 493 26 11
429 536 41 13
429 538 5 4
429 713 32 1
429 990 28 8
429 1117 44 2
429 1123 59 2
430 974 17 7
430 1087 36 6
430 1124 13 13
431 531 46 13
431 538 55 10
431 581 35 15
431 600 19 1
431 665 5 9
431 926 47 12
432 684 34 7
432 1031 58 10
432 1057 6 1
432 1065 55 10
432 1131 8 12
433 458 2 8
433 629 16 12
433 788 6 12
433 878 43 6
433 915 24 10
433 1078 26 14
434 472 18 7
434 550 24 2
434 570 49 7
434 873 24 4
435 515 1 11
435 595 37 15
435 818 45 12
435 874 25 5
436 657 15 13
436 800 56 11
436 1069 47 14
436 1133 2 1
437 788 12 2
437 1011 34 2
438 521 58 13
438 604 49 6
438 910 33 14
438 912 11 11
438 1022 54 9
438 1041 1 9
438 1087 11 1
439 491 47 14
439 565 9 4
439 745 20 14
439 900 56 13
440 451 50 3
440 641 9 15
440 1076 13 15
440 1123 58 10
441 483 50 8
441 536 38 11
441 677 19 6
441 736 5 5
441 810 58 8
441 861 25 2
441 872 41 13
441 971 14 15
441 1028 4 4
441 1036 5 12
441 1077 2 3
442 574 59 3
442 874 36 7
442 1089 36 9
442 1104 42 5
443 477 32 10
443 510 10 11
443 895 13 9
443 1042 37 3
444 547 46 11
444 687 50 10
444 699 21 5
444 778 19 10
444 782 51 2
445 524 8 9
445 572 47 14
445 698 56 14
445 788 37 13
445 848 60 1
445 900 39 15
445 906 18 7
445 959 51 6
445 1077 37 14
446 558 36 6
446 785 58 5
446 868 43 9
446 918 52 8
446 949 20 1
446 980 20 8
446 1014 24 12
447 476 55 8
447 712 29 14
447 743 5 14
447 771 46 11
447 784 29 2
447 966 9 11
448 856 43 1
448 1037 49 7
449 573 35 2
449 607 43 11
449 651 26 9
449 727 45 14
449 786 9 12
449 911 9 11
449 1042 20 13
450 520 42 13
450 664 6 6
450 685 51 15
450 872 21 14
450 917 51 3
451 741 38 5
451 772 59 14
451 831 53 14
451 907 34 7
451 1057 50 10
451 1130 18 2
451 1133 4 11
452 553 24 11
452 812 20 13
452 813 11 3
452 1004 25 7
452 1104 23 15
453 661 1 7
453 857 24 4
453 893 25 3
453 907 9 10
454 649 40 11
454 826 3 1
454 862 37 1
454 898 21 9
454 1118 31 11
455 742 45 2
455 782 31 15
455 913 26 6
455 1126 43 9
456 701 40 12
456 874 58 7
456 1083 42 4
457 759 48 5
457 937 55 6
457 949 19 8
458 514 45 9
458 1038 41 7
459 465 10 7
459 508 11 8
459 608 42 9
459 642 10 14
459 699 60 11
459 796 42 1
459 821 37 3
459 837 39 2
459 847 38 12
459 1007 27 6
460 463 40 2
460 745 5 8
460 774 54 10
460 933 3 2
460 1063 8 10
461 467 35 5
461 561 30 2
461 672 40 4
461 862 2 7
461 895 19 4
461 899 11 3
461 984 40 13
461 1127 26 11
462 513 37 3
462 532 51 6
462 741 21 10
462 997 32 9
462 1086 24 3
463 466 35 1
463 492 36 14
463 633 2 6
463 860 6 11
463 973 53 15
463 1084 9 3
463 1119 34 12
464 513 33 12
464 634 59 13
464 785 37 12
464 835 36 14
464 1023 37 14
464 1050 7 7
465 551 33 15
465 707 10 9
465 865 29 15
465 1048 24 14
465 1059 54 9
465 1080 2 12
466 528 23 9
466 923 16 9
466 1122 44 12
467 600 24 8
467 766 26 10
467 1052 36 2
467 1067 52 3
468 520 27 7
468 743 1 9
468 946 48 4
468 974 26 3
468 1029 11 14
469 526 23 10
469 768 49 6
469 841 48 2
469 875 1 4
470 515 41 4
470 880 9 8
470 985 37 8
471 488 50 2
471 608 25 6
471 640 11 11
471 875 24 11
472 588 43 12
472 794 48 13
472 876 11 7
472 927 49 12
472 1064 43 12
473 564 7 8
473 582 23 6
473 727 57 9
473 931 42 12
473 1007 35 14
474 485 27 11
474 557 20 7
474 775 35 11
474 806 15 13
474 811 16 6
474 944 33 11
474 1012 9 11
474 1031 26 4
475 612 51 7
475 683 49 7
475 815 24 15
475 942 1 13
476 484 59 4
476 524 29 2
476 604 2 15
476 787 34 12
476 806 45 5
476 858 44 14
477 527 43 11
477 698 29 12
477 710 4 9
477 897 36 8
477 939 27 11
478 648 59 14
478 762 59 5
478 769 3 13
478 775 4 4
478 898 37 1
478 922 49 9
479 488 44 3
479 528 26 5
479 712 42 3
479 745 9 6
479 796 39 5
479 937 25 5
479 1065 55 10
479 1124 23 14
480 502 53 5
480 511 18 7
480 645 32 11
480 1008 44 5
480 1017 5 11
481 533 24 7
481 795 3 12
481 803 35 10
481 807 47 10
481 808 45 9
481 1052 59 10
482 686 3 5
482 884 47 10
482 990 41 10
482 1130 27 6
483 657 20 1
483 785 25 2
483 826 18 8
483 1037 31 12
483 1064 51 10
484 512 16 7
484 513 55 10
484 695 49 13
484 1073 7 8
484 1085 44 7
484 1122 43 10
485 710 5 8
485 866 31 5
485 955 37 8
485 1063 55 13
486 513 25 10
486 554 39 5
486 560 49 8
486 582 31 1
486 711 34 9
486 1001 52 4
486 1019 5 4
486 1025 45 13
486 1133 52 13
487 506 49 4
487 523 22 11
487 611 56 11
487 877 36 15
487 1075 58 11
487 1093 39 13
487 1109 30 7
488 547 55 13
488 601 40 4
489 490 14 14
489 809 46 15
489 820 22 5
489 870 44 14
489 921 30 6
490 547 58 12
490 613 1 5
490 720 29 4
491 504 11 1
491 541 23 3
491 548 38 10
491 628 33 11
491 705 57 11
491 734 45 11
492 493 21 7
492 722 43 3
492 834 22 1
492 860 11 6
492 880 17 7
493 599 43 12
493 604 16 14
493 631 16 1
493 652 32 15
493 815 15 12
493 963 58 3
494 521 12 2
494 1074 28 7
495 506 9 13
495 565 3 9
495 675 23 7
495 861 8 6
495 880 23 8
495 1029 22 15
496 811 24 11
497 799 43 2
497 880 37 6
497 931 38 14
497 956 12 15
497 980 54 8
498 505 27 11
498 706 44 13
499 600 18 5
499 648 28 7
499 1053 5 11
499 1096 25 7
500 608 33 15
501 855 54 3
501 981 26 11
501 1125 12 9
501 1130 47 15
502 925 20 1
502 933 58 2
502 953 55 15
502 1015 48 15
502 1063 9 5
503 676 30 5
503 711 1 10
503 805 29 13
503 873 38 10
503 896 42 4
503 1040 11 8
504 683 9 12
504 744 38 10
504 897 38 10
504 898 31 4
504 1081 34 14
505 706 32 1
505 707 15 14
505 866 22 10
505 909 32 6
505 1032 55 9
505 1056 31 14
506 584 12 7
506 622 23 15
506 837 28 11
506 899 50 14
507 647 43 3
507 837 8 2
508 646 54 1
508 917 17 8
508 936 10 8
508 941 30 9
508 1026 22 5
509 528 1 8
509 619 16 14
509 782 34 6
509 864 58 2
510 864 56 13
510 993 60 8
511 644 27 13
511 854 59 6
512 520 43 1
512 545 12 11
512 570 41 3
512 690 47 6
512 900 48 3
512 964 55 5
512 1129 35 9
513 757 6 5
513 766 16 7
513 944 14 9
513 1045 44 2
513 1076 31 11
514 582 32 14
514 626 38 9
514 1114 31 3
515 579 36 4
515 886 34 5
515 1005 41 13
515 1078 30 11
515 1098 50 3
516 641 25 1
516 662 11 5
516 901 10 3
516 923 54 12
516 1003 23 3
517 554 45 13
517 852 28 4
517 901 60 13
518 557 13 3
519 616 23 12
519 643 22 10
519 660 52 5
519 801 56 15
519 944 40 9
519 1039 25 13
519 1047 55 3
520 712 25 13
521 656 51 8
521 709 2 9
521 780 13 14
521 856 49 11
521 924 50 1
521 981 26 12
521 1041 19 8
522 835 50 9
522 938 22 12
522 1036 5 2
522 1080 43 4
523 658 16 2
523 726 49 15
523 916 41 10
523 1094 49 10
523 1099 2 7
524 581 41 9
524 609 51 11
524 972 56 1
524 976 23 13
524 986 20 12
525 577 51 7
525 712 44 9
525 754 55 6
525 786 58 6
526 581 59 1
526 818 25 13
526 861 22 10
526 901 50 10
527 556 53 10
527 567 4 5
527 695 43 3
527 709 31 11
527 889 33 13
527 909 9 12
527 971 58 9
528 772 22 9
528 870 40 5
529 551 42 15
529 886 10 7
529 897 56 15
529 925 53 14
529 1005 57 7
529 1041 44 10
529 1063 42 1
530 579 34 10
530 629 48 13
530 637 46 9
530 646 30 14
530 877 26 4
530 978 8 11
530 1122 28 1
531 677 42 2
531 730 39 2
531 779 42 14
531 785 8 4
531 802 1 2
532 570 15 10
532 607 14 4
532 648 39 10
532 703 22 7
532 1015 59 6
532 1130 28 8
533 641 15 7
533 673 12 4
533 859 39 2
533 916 56 4
533 933 1 8
534 788 38 1
534 832 59 13
535 537 18 7
535 620 58 8
535 631 25 3
535 1100 53 10
535 1114 5 1
536 668 50 6
536 835 7 6
536 845 10 6
536 870 36 8
536 1026 42 2
537 563 13 13
537 761 23 7
537 867 12 14
537 1033 15 5
538 547 20 3
538 790 11 1
538 840 10 7
538 866 59 15
539 629 50 5
539 811 45 5
539 937 16 11
539 945 57 12
539 1003 28 9
540 683 32 11
540 819 4 7
540 850 14 1
540 853 8 10
540 978 42 1
540 991 59 14
540 1064 47 14
540 1105 10 11
541 548 31 12
541 686 35 12
541 862 11 1
541 921 53 2
541 1095 10 7
542 690 60 1
542 992 28 2
543 726 39 12
543 781 8 3
543 806 29 14
543 841 13 10
543 917 49 10
543 921 47 10
543 1029 40 3
544 661 54 13
544 1119 9 14
545 724 44 4
545 995 20 2
545 1022 60 1
545 1117 59 6
546 578 21 3
546 585 59 15
546 646 24 4
546 689 50 12
546 725 26 6
546 761 33 15
547 830 28 4
547 867 56 11
547 1066 45 8
548 589 57 4
548 645 58 11
548 720 10 9
548 762 35 4
548 963 16 15
548 1064 34 6
549 841 22 10
549 894 17 9
549 941 51 6
549 1111 17 6
550 671 55 6
550 1074 6 1
551 625 5 12
551 769 48 5
551 773 54 6
551 821 45 14
551 979 58 14
551 1016 30 2
552 620 23 8
552 628 47 9
553 704 24 2
553 740 19 1
553 759 20 5
553 838 45 15
553 1113 57 2
554 692 50 1
554 711 37 9
554 719 54 5
555 646 26 5
555 803 27 6
555 836 42 10
555 1037 25 7
555 1065 39 9
555 1126 14 7
556 576 33 5
556 1046 11 5
556 1051 19 3
557 615 60 10
557 715 5 9
557 811 38 14
557 925 32 1
558 699 42 9
558 715 1 9
558 855 18 6
559 582 6 13
559 899 9 8
560 663 14 10
560 719 39 5
560 779 27 3
560 942 33 10
561 586 21 6
561 875 17 12
561 903 8 11
561 951 37 13
562 739 31 5
562 1067 21 2
563 576 9 6
563 640 28 3
563 666 23 14
563 734 13 11
563 880 30 9
563 881 9 14
563 970 42 4
564 620 47 10
564 658 12 15
564 693 26 8
564 839 15 10
564 954 37 3
564 1005 50 8
564 1100 45 1
564 1114 17 3
564 1125 51 9
565 567 13 14
565 690 29 15
565 916 6 5
565 949 58 7
566 755 37 5
566 904 35 10
566 976 13 6
566 991 44 7
567 616 18 13
567 626 17 15
567 674 24 12
568 1100 45 10
569 656 4 5
569 748 27 13
569 806 19 11
569 945 14 1
570 604 39 9
570 644 17 11
570 855 10 9
570 1017 8 10
571 687 43 14
571 1055 24 11
572 882 46 13
572 913 59 2
573 636 36 2
573 807 16 10
573 1061 45 3
574 593 50 12
574 684 41 10
574 728 52 6
574 770 46 13
574 786 32 9
574 916 11 6
574 978 51 13
574 993 52 1
574 1106 18 12
575 637 1 10
575 675 24 9
575 736 17 3
575 761 4 4
575 901 55 12
575 935 21 8
575 1005 13 2
575 1075 41 5
576 625 37 14
576 765 41 13
576 927 35 15
576 997 2 13
576 1085 38 14
577 629 4 14
577 815 1 8
577 1040 12 13
578 802 35 2
578 837 14 14
578 950 53 10
578 1129 2 10
579 668 13 14
579 928 57 15
579 948 36 9
580 607 48 10
580 989 59 2
580 1124 53 7
581 910 37 6
581 991 17 9
582 786 41 15
582 902 56 1
582 980 27 2
582 1058 45 3
583 999 48 8
583 1028 28 11
583 1070 51 11
584 607 33 3
584 679 35 2
584 794 18 12
584 798 36 5
585 614 9 7
585 812 29 4
585 839 11 4
585 850 26 12
585 1056 15 12
586 859 43 7
586 907 31 4
587 624 55 7
587 844 22 3
587 1054 16 1
588 825 56 11
588 957 46 4
589 677 29 11
589 1011 2 8
590 723 46 3
590 1001 20 14
590 1019 13 7
590 1028 11 13
591 760 48 5
591 1046 17 15
591 1067 49 3
591 1132 22 1
592 595 20 10
592 714 33 2
592 724 29 4
592 860 25 4
592 903 42 13
592 935 53 3
592 1131 50 6
593 685 38 15
593 831 37 5
593 868 53 8
593 1018 17 6
594 614 36 4
594 722 53 10
594 853 14 13
594 1029 57 11
594 1074 17 7
595 909 10 15
596 751 44 11
596 859 20 7
596 1083 5 1
597 1106 33 11
598 637 13 14
598 727 50 12
598 899 33 3
598 932 59 1
598 1023 23 2
599 610 46 5
599 652 39 14
599 760 31 13
600 904 32 10
601 705 31 5
601 749 8 9
601 751 47 10
601 917 1 5
601 942 19 5
602 1041 32 7
603 688 36 11
603 697 5 4
603 845 57 3
603 947 52 15
604 728 35 6
604 921 42 13
604 1077 11 8
605 727 25 3
605 820 49 1
605 832 14 5
605 1024 13 15
606 702 40 13
606 923 19 6
606 1021 6 7
606 1028 60 8
607 833 17 7
607 850 36 4
607 858 60 9
608 717 41 6
608 828 52 1
608 832 47 5
608 1003 38 15
608 1071 9 7
609 685 58 13
609 715 51 5
609 850 55 15
609 935 56 10
609 939 46 11
610 611 5 4
610 725 57 10
610 848 1 6
610 965 59 8
610 1107 41 3
611 978 15 12
611 1032 53 15
612 771 41 11
612 871 50 2
612 1016 11 15
613 668 40 6
613 670 58 13
613 732 8 14
614 864 39 6
614 883 34 12
614 991 51 10
615 836 29 10
615 1018 10 2
615 1091 13 8
616 663 42 15
616 769 39 6
616 883 44 12
616 900 6 1
616 1025 42 11
617 774 20 2
617 958 5 12
617 1050 20 10
618 625 14 2
618 841 2 10
618 1084 27 14
619 626 60 15
619 776 21 8
619 858 34 12
619 864 48 9
619 929 23 1
620 640 44 15
620 796 53 6
620 917 25 8
620 1022 16 2
621 649 4 12
621 829 19 14
622 985 45 7
623 662 24 9
624 1051 41 6
624 1086 55 10
624 1126 25 6
625 635 56 8
625 956 28 5
625 1006 34 7
625 1015 15 12
626 1012 38 5
626 1095 16 13
627 775 43 6
627 780 36 12
627 925 19 11
627 976 21 15
627 1056 39 7
627 1123 22 3
627 1133 46 4
628 669 53 6
628 1101 9 1
628 1125 38 6
629 809 20 1
629 823 60 14
629 853 7 4
629 937 11 1
629 978 2 8
629 1112 48 10
630 641 18 10
630 862 8 3
630 1100 40 10
631 694 49 9
631 747 40 2
631 752 54 10
631 817 5 1
631 867 6 6
631 1077 31 4
631 1109 2 2
631 1124 56 10
632 1078 27 6
632 1080 9 11
633 655 21 11
633 700 39 15
633 725 10 4
633 950 6 11
633 990 47 11
633 1027 30 14
633 1127 40 14
634 766 51 15
634 779 59 3
634 1039 54 13
634 1133 38 8
635 669 46 13
635 1118 52 7
636 1052 3 12
636 1108 54 3
636 1116 23 15
637 719 56 5
637 872 19 5
637 943 20 3
637 1017 38 5
637 1028 35 6
637 1040 52 14
637 1119 8 10
637 1127 34 6
638 777 21 1
638 865 60 6
639 964 12 15
640 707 56 9
640 776 53 12
640 905 38 3
640 923 41 9
640 927 60 10
641 939 59 7
642 785 31 4
642 869 32 9
642 885 44 1
642 905 45 13
642 1075 51 4
643 646 11 11
643 688 16 6
643 700 51 6
643 854 8 10
643 889 33 5
643 1064 1 14
644 655 44 2
644 809 34 8
644 836 18 4
644 974 52 13
644 1121 60 5
645 675 42 12
645 738 10 13
645 1129 35 11
646 734 54 10
646 847 43 6
646 962 10 6
647 858 21 10
647 895 8 13
647 1051 22 9
648 718 22 2
648 1079 54 14
648 1085 10 1
649 755 10 3
649 795 43 6
649 802 43 8
649 881 29 11
649 1127 40 1
650 848 18 15
650 853 47 7
650 859 14 15
650 1131 21 4
651 745 54 5
651 983 16 12
651 1080 58 3
651 1081 30 4
652 691 58 14
652 693 23 15
652 706 7 5
652 857 48 15
652 943 44 15
652 950 54 12
652 993 14 1
652 1069 26 2
653 704 56 4
653 1020 38 2
653 1045 52 1
653 1116 40 5
654 715 58 2
654 823 56 2
654 1060 44 7
655 682 53 3
655 688 8 6
655 711 40 11
655 895 45 8
655 1062 47 13
656 657 38 8
656 731 34 5
656 734 8 15
656 770 58 15
656 786 12 14
656 877 17 12
656 963 41 3
657 691 49 15
657 1058 60 5
657 1127 32 14
658 732 15 2
658 762 32 8
658 771 38 2
658 786 8 8
658 809 19 3
658 960 36 6
659 694 39 6
659 760 44 14
659 765 36 3
659 812 17 8
659 865 10 1
659 1071 28 9
659 1116 57 6
660 1098 58 2
660 1115 31 9
662 928 59 12
662 1018 29 14
663 737 8 5
663 940 18 3
663 1016 5 9
664 1043 56 1
664 1073 3 13
665 686 25 4
665 756 53 4
665 1075 5 14
666 802 31 4
666 1041 37 11
666 1087 25 1
667 794 12 13
667 835 10 3
667 864 10 9
667 865 29 3
667 1025 15 13
668 903 13 10
668 942 48 6
668 1111 28 2
669 680 11 13
669 701 59 2
669 829 8 14
670 768 50 9
670 791 53 8
670 803 14 5
670 811 33 9
670 891 2 3
670 1116 43 8
671 692 13 8
671 873 54 11
671 897 46 5
671 981 22 7
671 1018 51 15
673 716 38 6
673 750 21 12
673 855 44 3
673 903 53 6
673 936 29 13
673 946 40 8
674 717 45 7
674 790 16 8
674 1007 13 1
674 1048 31 7
674 1097 41 7
675 690 21 1
676 787 17 9
676 965 22 4
676 1019 25 13
676 1078 55 14
677 697 33 12
677 843 47 9
677 949 2 3
677 974 37 5
677 1025 18 1
677 1122 46 2
678 770 10 2
678 775 36 5
678 821 5 11
679 788 32 7
679 851 4 14
679 935 49 11
680 746 16 5
680 1074 39 8
680 1092 8 3
682 912 46 5
682 955 53 6
683 732 55 13
683 806 33 11
683 877 57 7
683 905 7 7
683 915 1 9
683 1098 7 4
684 701 7 9
684 705 19 3
684 761 3 12
684 793 25 12
684 794 54 9
684 1090 5 5
686 694 58 12
686 986 34 1
687 709 8 9
688 829 18 8
688 957 51 14
688 965 20 14
689 917 55 14
690 861 35 11
690 949 2 10
690 1078 22 8
691 767 40 9
691 1065 1 7
692 947 43 12
693 767 42 12
693 928 18 10
693 1022 22 14
694 738 44 1
694 741 47 4
695 912 21 3
696 1028 41 5
696 1128 30 15
697 794 13 6
697 1029 19 9
698 824 7 11
698 891 14 3
698 1067 7 10
698 1130 25 8
699 716 5 9
700 939 60 11
700 946 11 4
701 1035 7 8
701 1040 2 3
702 788 22 5
702 1105 6 15
703 744 15 15
703 910 30 10
703 949 2 14
703 1033 30 5
704 768 50 7
704 842 56 11
705 775 36 14
705 864 2 15
705 935 23 11
705 988 23 13
705 1131 29 8
706 1004 50 6
706 1078 23 9
707 1013 3 14
708 850 59 7
709 731 48 3
709 864 23 4
709 945 16 10
709 1034 43 4
709 1060 14 9
710 903 35 9
710 977 53 1
710 986 57 11
710 1093 29 8
710 1117 3 7
711 721 58 3
711 1067 14 1
712 739 1 1
712 1030 10 1
712 1051 6 5
712 1066 11 7
713 731 38 6
713 773 23 3
713 841 18 10
713 924 50 9
713 959 47 9
713 1107 59 2
714 806 27 15
714 828 12 5
714 921 12 8
714 1123 52 3
715 821 11 7
715 822 10 12
715 850 14 9
716 778 31 10
716 865 10 13
716 886 31 7
716 898 53 15
716 901 40 15
716 1129 21 1
717 762 60 13
717 803 12 4
718 782 30 12
718 987 28 3
718 1012 11 1
719 729 32 14
719 761 15 14
719 886 23 3
719 910 54 11
719 954 45 2
719 1057 58 5
719 1082 10 14
720 752 46 9
720 835 43 11
720 865 18 11
720 943 6 5
720 978 52 10
721 848 38 14
721 928 16 15
721 949 37 15
721 973 10 10
721 1018 58 6
722 951 22 15
722 990 36 2
723 879 34 10
723 1115 18 12
723 1119 46 11
725 742 17 9
725 828 40 14
725 920 49 11
725 1002 33 3
725 1005 41 1
725 1116 1 9
726 1038 59 14
727 776 45 14
728 1033 27 15
728 1100 57 4
728 1124 58 14
729 743 42 7
729 767 20 5
729 1010 60 11
729 1067 51 6
729 1104 26 10
729 1115 24 10
730 759 50 6
730 803 33 9
730 889 56 10
730 937 1 3
731 904 54 1
731 980 21 6
731 1068 44 2
732 977 22 6
732 978 5 13
732 1014 53 3
733 763 17 13
733 789 36 9
733 830 46 2
733 940 21 12
733 992 41 15
733 1018 44 4
734 805 16 15
734 898 6 12
735 906 9 8
735 1059 10 15
736 803 32 13
736 841 56 7
736 972 47 10
736 1038 10 14
736 1046 11 2
736 1115 20 8
737 759 50 7
737 767 9 10
737 801 16 8
737 814 11 3
738 840 19 2
739 818 5 12
739 1019 23 7
739 1102 48 5
740 810 24 2
740 1028 22 9
740 1046 59 8
741 763 31 13
741 786 29 1
741 842 22 5
741 875 25 10
741 878 46 5
741 968 40 14
741 1055 50 15
742 744 37 14
742 830 5 1
742 1013 52 10
742 1075 60 13
743 820 9 7
743 1079 10 5
745 939 48 11
746 810 22 9
746 811 26 8
746 1060 12 7
747 831 50 10
747 904 59 13
747 961 5 4
748 1089 15 10
749 941 19 9
749 982 4 15
749 1044 24 15
751 1132 23 15
752 1092 42 6
753 810 17 2
753 852 7 9
754 827 44 7
754 942 58 10
755 894 1 4
755 1025 14 6
756 815 45 15
756 831 43 9
756 882 41 10
756 891 54 11
756 1104 22 2
756 1127 48 2
757 808 15 6
757 865 32 2
757 897 3 5
758 809 59 2
758 838 40 2
758 956 31 3
758 961 30 13
758 1041 10 8
759 815 59 4
759 904 30 8
759 908 37 12
760 896 19 5
760 1045 5 11
760 1104 29 11
761 889 25 3
762 1006 45 5
762 1075 7 6
763 778 11 3
764 1079 25 8
766 860 15 6
766 1031 51 14
766 1090 25 12
767 809 2 14
767 967 16 10
767 980 46 7
768 772 33 9
768 909 42 2
769 776 35 2
769 1050 40 1
769 1071 38 1
769 1081 34 15
770 867 14 5
770 914 35 12
771 855 44 14
771 861 22 2
771 892 1 14
771 964 19 12
771 968 14 15
772 781 46 3
772 844 33 9
772 850 41 8
772 981 27 6
772 999 14 2
774 791 7 9
774 859 3 4
774 1069 10 11
775 946 27 12
776 873 17 8
776 971 13 3
776 1090 41 13
777 915 52 7
777 1102 46 5
777 1104 47 5
778 803 20 8
778 933 21 15
780 782 25 12
780 930 6 4
781 920 20 9
781 1002 14 3
782 806 43 4
782 860 51 8
782 950 53 10
782 980 59 5
782 1084 1 6
783 834 47 2
783 899 28 4
784 814 14 7
784 985 13 6
784 1019 24 15
785 1018 57 14
786 1053 51 13
787 807 19 9
787 883 59 7
787 1115 25 11
788 1002 33 4
789 867 9 7
789 1010 28 13
791 922 38 9
791 1049 28 4
792 848 39 13
792 1006 39 8
792 1037 41 5
792 1066 11 15
793 1050 44 11
794 923 44 8
794 928 57 15
794 1083 19 4
794 1124 11 9
795 972 7 6
795 1054 28 7
796 807 27 9
796 817 19 4
796 986 21 15
796 1057 5 10
796 1120 39 10
797 833 5 7
797 902 58 7
797 1097 5 2
798 950 51 7
799 959 18 15
799 1119 16 9
800 857 53 5
801 1026 5 3
802 803 43 7
802 970 48 7
803 898 33 1
803 1009 40 2
803 1042 32 13
804 989 7 2
804 1106 26 10
805 814 14 12
805 826 59 2
806 831 52 6
806 916 21 13
806 1096 4 14
806 1113 43 3
807 824 40 8
808 868 5 6
808 879 47 10
809 890 27 10
809 1000 30 6
810 1022 27 3
811 921 8 1
811 931 18 10
811 1012 18 15
812 859 46 6
812 965 13 2
812 1078 16 14
814 946 33 11
814 1103 45 1
815 945 30 3
815 987 29 9
815 1000 37 11
815 1039 16 15
815 1108 49 5
815 1124 52 9
816 982 51 2
818 862 48 4
818 981 53 7
818 1023 59 12
820 885 35 15
820 932 24 7
821 1017 9 2
821 1115 52 9
822 902 15 13
824 956 11 1
824 958 8 10
825 826 9 3
825 914 60 9
825 989 42 6
826 866 23 2
826 900 5 12
826 931 13 9
827 831 55 6
827 852 20 15
827 983 51 10
828 872 51 12
828 953 57 3
828 966 4 10
829 842 20 2
829 1133 15 8
832 834 23 15
833 951 2 7
834 880 42 2
834 1076 26 5
835 927 22 6
835 946 19 15
835 968 60 10
835 1052 49 7
837 868 48 7
837 962 47 11
837 1026 14 1
838 856 3 1
838 964 58 14
838 1002 4 12
838 1124 59 3
839 917 31 10
839 1077 28 7
840 869 38 7
840 945 23 6
840 1023 43 12
841 970 13 4
842 866 60 6
842 868 40 2
843 848 27 2
843 1026 40 15
844 954 50 12
845 871 36 14
845 958 12 5
845 987 9 9
845 1083 8 1
845 1096 36 4
846 1055 24 8
847 912 22 14
847 962 31 6
848 939 41 9
848 1070 50 14
849 961 59 6
849 1125 10 8
849 1127 26 8
849 1130 45 4
850 1033 26 14
851 913 43 2
852 1067 40 4
852 1102 24 7
852 1115 31 12
853 952 50 2
854 1035 41 10
854 1043 45 7
855 886 56 13
856 1100 51 1
857 938 39 12
858 1004 44 3
858 1008 3 9
859 916 33 7
859 917 5 8
859 1048 29 5
859 1091 10 1
860 914 3 7
861 982 11 11
862 916 28 6
862 944 48 7
864 888 56 3
864 1016 50 2
864 1039 38 10
864 1051 28 7
867 906 13 6
867 928 36 1
867 999 54 12
868 1064 12 6
868 1073 26 3
869 884 31 5
870 934 21 2
870 1067 7 3
870 1122 40 12
871 913 34 9
873 888 47 14
874 1120 26 15
875 905 46 11
876 954 23 3
876 993 23 2
876 1064 4 2
880 900 41 5
880 976 41 11
881 1016 60 9
881 1115 23 4
881 1134 30 3
882 976 7 4
883 887 17 14
883 912 8 7
883 948 39 4
883 974 30 11
884 1047 15 5
885 942 35 13
885 976 31 13
885 1074 53 11
886 938 42 14
886 970 10 3
887 1069 21 14
887 1131 46 10
888 903 39 5
888 1017 10 3
888 1122 41 4
889 1093 33 6
890 917 3 4
890 1036 14 11
890 1115 21 6
891 920 5 12
891 1068 51 7
891 1131 4 8
892 904 55 11
892 994 11 13
893 911 6 15
894 955 15 5
894 1044 30 12
896 942 56 4
896 956 57 7
896 1034 27 9
897 904 24 7
897 1024 30 1
898 932 35 15
899 987 20 2
900 919 53 7
900 1010 32 11
900 1067 18 14
901 941 22 3
901 978 2 9
901 1081 59 6
902 1043 54 6
903 927 21 2
904 1033 3 8
905 1031 54 9
906 1110 34 12
908 947 41 12
908 1020 26 3
909 1024 56 4
910 942 46 9
910 1079 36 9
911 1020 46 12
912 950 52 1
913 1093 27 11
913 1122 23 4
914 946 29 12
914 988 49 13
914 1021 4 8
914 1075 29 6
915 1071 51 12
916 1109 43 12
916 1134 46 9
918 931 48 10
918 1029 21 13
918 1101 34 6
920 1119 38 13
921 1078 42 1
921 1101 34 8
922 949 58 6
922 1030 41 12
925 1040 22 1
926 930 15 14
927 983 52 2
927 998 9 2
928 951 15 9
928 969 12 5
928 1031 29 12
928 1089 24 9
929 940 32 10
929 968 9 3
929 1032 23 15
929 1121 54 2
929 1126 42 3
930 997 24 9
930 1080 57 6
931 1106 46 9
931 1121 9 8
933 990 15 11
935 1062 4 13
936 944 34 15
936 1048 30 15
937 951 46 9
937 1089 14 9
938 997 23 3
938 1000 36 6
938 1082 54 2
938 1095 33 9
940 998 20 13
940 1009 23 5
940 1076 17 8
940 1101 36 6
942 944 19 6
943 974 20 14
943 978 8 5
947 971 54 10
947 1047 43 11
949 1044 55 1
949 1134 7 15
950 955 29 2
951 1036 7 7
951 1113 21 1
953 975 55 2
953 982 22 10
953 1034 1 1
953 1133 17 2
954 1068 25 4
955 1118 13 13
956 1037 3 13
957 997 53 14
958 1019 46 3
958 1120 7 4
959 1024 6 4
960 961 5 14
960 1047 59 6
960 1091 13 8
962 986 25 11
962 1089 47 7
965 1049 34 12
965 1085 27 3
966 1076 51 5
966 1088 15 11
967 1001 29 9
968 1020 13 2
968 1104 55 4
969 989 31 5
969 1063 35 7
969 1080 17 10
970 1108 17 6
971 1043 2 14
971 1067 4 11
973 1121 44 11
973 1122 34 1
974 1125 42 8
975 1006 57 4
975 1122 27 7
976 1093 37 13
976 1101 28 2
977 1023 3 9
977 1042 40 9
979 1029 60 8
979 1038 11 2
979 1069 59 12
979 1071 3 14
980 989 33 14
980 1005 16 3
980 1069 60 12
981 988 29 9
982 1013 35 8
982 1029 38 6
982 1086 15 15
983 1033 48 1
985 1053 48 12
985 1111 8 14
986 1070 19 15
986 1127 38 7
987 1055 3 1
987 1066 48 7
987 1093 10 8
988 1028 3 9
988 1103 18 14
989 1117 31 8
990 1029 41 2
992 1016 58 13
995 1032 37 3
996 1076 41 3
997 1006 23 9
999 1005 25 8
999 1064 54 12
999 1073 50 2
1005 1023 31 1
1005 1098 11 11
1006 1038 59 1
1010 1132 12 8
1014 1067 5 4
1015 1098 2 14
1016 1077 49 11
1016 1129 20 8
1017 1060 9 8
1018 1082 50 13
1019 1124 16 4
1020 1062 46 1
1020 1124 5 14
1021 1047 29 8
1021 1103 9 7
1022 1073 28 14
1023 1127 21 5
1024 1047 49 6
1024 1081 60 4
1024 1112 39 6
1025 1121 24 11
1026 1090 17 7
1026 1112 29 11
1027 1124 27 5
1031 1122 52 8
1032 1091 3 12
1032 1112 53 3
1032 1126 45 14
1033 1060 34 13
1036 1092 16 10
1039 1070 21 10
1040 1124 15 15
1044 1091 30 8
1048 1054 48 1
1050 1116 55 13
1054 1127 54 8
1055 1125 45 5
1057 1062 46 14
1058 1130 53 14
1059 1082 9 8
1060 1083 13 8
1062 1077 11 11
1063 1071 40 15
1063 1086 60 5
1063 1134 25 9
1065 1087 47 4
1069 1127 18 4
1074 1097 18 3
1074 1123 23 12
1078 1080 32 12
1081 1121 36 8
1083 1107 31 11
1083 1125 31 5
1084 1086 15 11
1091 1133 30 3
1093 1132 54 15
1096 1100 19 9
1102 1113 1 2
1104 1110 28 9
1104 1126 40 1
1107 1130 51 12
1112 1122 2 11
1112 1131 46 4
1122 1127 9 12

0 3 44
1 12 11
2 13 34
3 16 42
4 20 35
5 32 40
6 44 25
7 60 38
8 63 39
9 79 29
10 86 10
11 100 20
12 114 38
13 129 46
14 140 22
15 160 1
16 167 32
17 170 32
18 177 35
19 180 36
20 186 3
21 189 36
22 190 45
23 193 9
24 197 17
25 202 27
26 203 26
27 208 42
28 212 13
29 238 42
30 256 33
31 263 46
32 287 14
33 298 12
34 311 28
35 312 40
36 336 31
37 346 16
38 353 20
39 356 3
40 358 44
41 366 5
42 369 37
43 375 47
44 385 2
45 394 17
46 405 25
47 412 33
48 432 5
49 448 2
50 463 33
51 465 20
52 467 24
53 488 40
54 494 1
55 496 1
56 511 20
57 515 5
58 516 33
59 523 28
60 560 37
61 604 49
62 607 24
63 608 38
64 624 41
65 628 3
66 633 22
67 637 30
68 646 14
69 652 23
70 662 48
71 669 4
72 690 48
73 692 1
74 696 39
75 705 36
76 744 45
77 762 21
78 778 10
79 780 48
80 790 35
81 794 32
82 820 27
83 826 26
84 832 19
85 838 32
86 860 34
87 864 39
88 870 45
89 888 21
90 890 34
91 915 42
92 925 49
93 928 2
94 959 18
95 966 6
96 978 28
97 991 21
98 995 44
99 998 30
100 1003 35
101 1037 3
102 1059 37
103 1061 5
104 1062 36
105 1075 10
106 1078 49
107 1094 4
108 1102 31
109 1104 31
110 1106 18
111 1123 33
112 1126 1
