1201 4791 120 10

0 30 3489
1 60 7130
2 90 10926
3 120 14883
4 150 19006
5 180 23300
6 210 27770
7 240 32423
8 270 37264
9 300 42299

0 34447
1 29493
2 32248
3 36201
4 37018
5 39141
6 31629
7 27198
8 34905
9 22251
10 30690
11 29181
12 39836
13 30690
14 42853
15 27787
16 43408
17 27736
18 40030
19 38161
20 41178
21 33486
22 27512
23 32739
24 30086
25 36729
26 26656
27 31110
28 29233
29 42401
30 40737
31 25644
32 29406
33 37006
34 39488
35 29438
36 32953
37 34131
38 39131
39 31093
40 28924
41 33278
42 39538
43 26208
44 25909
45 25784
46 26798
47 27231
48 30073
49 26093
50 31393
51 34323
52 33608
53 36193
54 39663
55 24467
56 40613
57 41790
58 33083
59 37353
60 29757
61 25834
62 27468
63 31807
64 38840
65 23898
66 28644
67 27606
68 34699
69 17025
70 33718
71 33181
72 29848
73 31121
74 32654
75 30511
76 41604
77 31132
78 32019
79 42086
80 24968
81 36152
82 28929
83 34161
84 38975
85 29067
86 36991
87 44611
88 27287
89 35085
90 35240
91 36357
92 35668
93 34060
94 38368
95 33270
96 38903
97 34763
98 31634
99 41528
100 26614
101 28022
102 34879
103 36180
104 34779
105 38556
106 30392
107 25121
108 32491
109 24157
110 21753
111 38035
112 25530
113 40650
114 29296
115 24475
116 28025
117 34041
118 22296
119 25073
120 31184
121 39323
122 41767
123 20417
124 22009
125 31428
126 39808
127 38892
128 31173
129 27415
130 34268
131 37720
132 33300
133 34021
134 28213
135 42142
136 35398
137 33221
138 33798
139 31887
140 33911
141 33252
142 24280
143 29759
144 27664
145 27662
146 35793
147 39852
148 27768
149 32439
150 39172
151 37323
152 38575
153 35678
154 32341
155 34732
156 32901
157 27211
158 25485
159 27929
160 33274
161 34555
162 36788
163 26522
164 42658
165 39224
166 35826
167 40586
168 40838
169 31773
170 36200
171 26257
172 32396
173 42514
174 40375
175 29657
176 31322
177 35358
178 37141
179 36793
180 26353
181 34933
182 25242
183 40068
184 42825
185 37100
186 36758
187 29086
188 23854
189 30745
190 38289
191 32059
192 41453
193 29471
194 39578
195 29804
196 30822
197 37406
198 30725
199 30464
200 43296
201 41551
202 33346
203 33881
204 26017
205 39317
206 32274
207 43665
208 33343
209 35928
210 31515
211 29038
212 25165
213 39029
214 28896
215 38223
216 26770
217 43543
218 21958
219 27506
220 28488
221 44110
222 34970
223 33175
224 32060
225 26790
226 33884
227 35772
228 28209
229 26556
230 33269
231 32167
232 43277
233 26898
234 39037
235 34323
236 39552
237 38742
238 31852
239 33153
240 40503
241 26069
242 28777
243 30407
244 34770
245 40001
246 31504
247 34887
248 36930
249 33783
250 32625
251 29976
252 44179
253 39878
254 35769
255 25475
256 32587
257 43592
258 32015
259 35908
260 29535
261 33999
262 36869
263 29771
264 37423
265 38127
266 35428
267 24444
268 35516
269 24065
270 35281
271 31085
272 41505
273 31413
274 43159
275 31677
276 34388
277 35081
278 22295
279 38337
280 31381
281 28077
282 32452
283 24850
284 25966
285 33404
286 27640
287 31006
288 32157
289 32597
290 31559
291 29499
292 30764
293 28618
294 28812
295 42952
296 47527
297 19987
298 39907
299 38135
300 26615
301 33750
302 37987
303 32064
304 35386
305 39722
306 34883
307 31992
308 37316
309 32773
310 38124
311 29365
312 31196
313 31578
314 40467
315 33753
316 42764
317 37400
318 32157
319 40265
320 29568
321 38254
322 30994
323 17537
324 26233
325 33013
326 34812
327 27388
328 28234
329 21432
330 28562
331 29168
332 29943
333 29499
334 30133
335 33550
336 32892
337 34949
338 31463
339 33885
340 38149
341 29223
342 24296
343 31221
344 29789
345 26476
346 34608
347 41823
348 39370
349 37577
350 30911
351 28458
352 35438
353 28880
354 23146
355 33348
356 34537
357 35451
358 42903
359 30104
360 35157
361 31108
362 37171
363 21767
364 37354
365 42006
366 26426
367 23345
368 34094
369 46977
370 40526
371 36259
372 28680
373 25170
374 30726
375 42570
376 32036
377 29647
378 25198
379 19250
380 34442
381 34007
382 28172
383 31489
384 29733
385 32592
386 32054
387 38467
388 35907
389 40831
390 42785
391 26192
392 36197
393 32592
394 33755
395 38692
396 36242
397 41597
398 30430
399 30109
400 25887
401 34994
402 21249
403 25618
404 40664
405 36757
406 35640
407 30692
408 39213
409 31912
410 34984
411 45406
412 33878
413 34749
414 33243
415 29156
416 35388
417 30487
418 35532
419 46433
420 29165
421 33319
422 42760
423 23701
424 41392
425 32552
426 36836
427 34732
428 33724
429 40942
430 27040
431 38885
432 34789
433 32021
434 40535
435 28738
436 34461
437 54269
438 37810
439 38108
440 29492
441 28588
442 41358
443 34050
444 34629
445 37510
446 41676
447 33423
448 36169
449 33462
450 33291
451 32583
452 34633
453 38982
454 28362
455 36396
456 37646
457 31344
458 30258
459 34133
460 27646
461 29418
462 39650
463 34786
464 34620
465 40650
466 26904
467 32862
468 44746
469 37122
470 29593
471 34331
472 43757
473 27562
474 25608
475 39662
476 34939
477 25981
478 29732
479 34771
480 39694
481 27476
482 30938
483 43849
484 44212
485 30085
486 39583
487 18862
488 34309
489 39283
490 35028
491 35746
492 28694
493 35637
494 28273
495 27796
496 35545
497 39077
498 27315
499 34747
500 30933
501 34043
502 42687
503 45171
504 47174
505 19818
506 41045
507 33962
508 35861
509 22045
510 39034
511 39054
512 27807
513 39881
514 31661
515 36727
516 24857
517 39344
518 34232
519 28014
520 32001
521 30065
522 29541
523 33154
524 32230
525 36071
526 47448
527 30838
528 30682
529 31176
530 37267
531 23639
532 41664
533 30385
534 32345
535 24729
536 25592
537 28881
538 30175
539 28037
540 32502
541 42219
542 35780
543 40153
544 30151
545 22638
546 31142
547 31196
548 31163
549 30324
550 36219
551 39204
552 45396
553 35283
554 27845
555 35077
556 41547
557 31479
558 31486
559 31029
560 38634
561 25570
562 24489
563 36582
564 32042
565 32496
566 32381
567 28106
568 36657
569 31787
570 39575
571 35413
572 31286
573 30528
574 39842
575 35219
576 29636
577 23104
578 23297
579 31727
580 40366
581 34708
582 26383
583 30663
584 36431
585 26566
586 43805
587 31403
588 33545
589 42876
590 32329
591 26451
592 37383
593 24807
594 36815
595 42291
596 31007
597 25679
598 33065
599 37507
600 34616
601 27648
602 32521
603 32607
604 29269
605 27073
606 41168
607 28553
608 31906
609 37221
610 35834
611 33510
612 43737
613 33553
614 37316
615 27767
616 28784
617 29287
618 39035
619 31802
620 29750
621 29439
622 34243
623 30140
624 37399
625 28207
626 37405
627 33652
628 21066
629 37510
630 29911
631 36700
632 35150
633 42017
634 40213
635 37371
636 36282
637 25236
638 31348
639 36447
640 21564
641 31219
642 36636
643 27353
644 28152
645 37123
646 44795
647 29769
648 30647
649 43914
650 43560
651 34000
652 34564
653 33004
654 28254
655 33908
656 27274
657 44285
658 27071
659 37442
660 42826
661 40119
662 28955
663 31779
664 44771
665 34091
666 31351
667 38114
668 41390
669 37374
670 32586
671 33179
672 29984
673 40809
674 38654
675 34308
676 27755
677 30324
678 36375
679 28255
680 34695
681 41038
682 37757
683 44948
684 44671
685 24446
686 41658
687 26568
688 27031
689 41187
690 25375
691 30425
692 34552
693 23176
694 24836
695 34567
696 32051
697 33517
698 34500
699 34649
700 38881
701 39333
702 34230
703 42662
704 29395
705 35642
706 29633
707 37446
708 24206
709 34540
710 29499
711 39319
712 32936
713 32576
714 26376
715 36059
716 27067
717 33912
718 26251
719 36363
720 32940
721 32540
722 30220
723 31997
724 31926
725 30324
726 42108
727 33667
728 24799
729 39874
730 34257
731 27447
732 36728
733 40698
734 39133
735 43703
736 28841
737 43771
738 29945
739 30056
740 35924
741 38544
742 35772
743 30579
744 36688
745 25240
746 40260
747 36330
748 29535
749 38532
750 29349
751 32141
752 31278
753 37938
754 28913
755 33599
756 28617
757 33010
758 44219
759 44019
760 21192
761 38790
762 37441
763 19448
764 38261
765 39644
766 35799
767 31769
768 36534
769 40683
770 40835
771 31404
772 25195
773 24507
774 29001
775 36786
776 36478
777 28768
778 34902
779 34208
780 32624
781 36899
782 30775
783 36227
784 41203
785 44972
786 28106
787 38477
788 28516
789 33559
790 40484
791 31869
792 17855
793 31562
794 34064
795 43225
796 39303
797 28857
798 28209
799 25588
800 29437
801 43043
802 39882
803 32010
804 27825
805 30776
806 28858
807 31320
808 31600
809 34191
810 30872
811 34111
812 38926
813 29987
814 28873
815 25344
816 37899
817 34506
818 27865
819 38880
820 28180
821 32214
822 37322
823 35513
824 33400
825 38288
826 29702
827 29926
828 46139
829 20250
830 36543
831 33716
832 31415
833 32057
834 31456
835 31891
836 40858
837 27266
838 31752
839 37151
840 39892
841 34925
842 38272
843 26774
844 29399
845 22107
846 27744
847 31340
848 32816
849 30264
850 39240
851 33529
852 38132
853 25982
854 39209
855 33773
856 36317
857 33814
858 33140
859 37042
860 27829
861 41659
862 32155
863 30918
864 29846
865 28972
866 44608
867 33314
868 43772
869 40994
870 34345
871 43272
872 34839
873 33694
874 25349
875 39943
876 25471
877 34010
878 31104
879 26660
880 38573
881 42919
882 33890
883 36972
884 24150
885 33929
886 24401
887 34464
888 35313
889 32159
890 31032
891 32304
892 39724
893 37726
894 23248
895 29082
896 37876
897 27913
898 39761
899 32834
900 33185
901 38214
902 35123
903 21112
904 41701
905 28370
906 42593
907 43594
908 36055
909 37336
910 32842
911 31998
912 24380
913 47131
914 38853
915 30279
916 33714
917 35165
918 39818
919 30694
920 30019
921 28849
922 33729
923 28405
924 31871
925 27428
926 28962
927 40355
928 34555
929 38025
930 31943
931 35607
932 31353
933 34190
934 28409
935 36358
936 21469
937 24530
938 29194
939 40123
940 36910
941 35453
942 40530
943 47764
944 37342
945 34537
946 34244
947 25013
948 23104
949 35256
950 33488
951 43430
952 34944
953 33100
954 32179
955 33571
956 48303
957 33900
958 29159
959 26250
960 40433
961 39815
962 31889
963 34002
964 36069
965 38148
966 37372
967 25847
968 37415
969 35280
970 26975
971 29111
972 31728
973 31919
974 26957
975 35504
976 31835
977 32084
978 36232
979 27327
980 35810
981 36671
982 30492
983 32683
984 29297
985 38082
986 33829
987 32854
988 41056
989 27574
990 38762
991 38341
992 40433
993 38930
994 29366
995 45132
996 44583
997 36347
998 33944
999 34102
1000 31931
1001 32444
1002 29465
1003 26751
1004 36572
1005 38766
1006 34823
1007 37755
1008 32576
1009 34596
1010 28043
1011 27767
1012 35717
1013 38865
1014 30810
1015 29182
1016 32823
1017 26866
1018 32434
1019 29295
1020 33733
1021 41355
1022 28489
1023 32412
1024 34647
1025 44806
1026 31907
1027 36825
1028 26462
1029 32752
1030 25334
1031 36571
1032 23632
1033 28806
1034 39389
1035 24523
1036 39120
1037 37807
1038 36588
1039 30344
1040 33271
1041 28472
1042 42106
1043 39464
1044 22600
1045 34996
1046 35296
1047 27905
1048 38243
1049 38828
1050 29832
1051 30599
1052 31109
1053 33135
1054 45068
1055 36181
1056 31652
1057 34652
1058 41188
1059 37141
1060 42062
1061 36071
1062 29458
1063 21361
1064 38726
1065 23495
1066 43415
1067 37443
1068 36733
1069 35369
1070 27722
1071 41496
1072 40681
1073 37020
1074 32836
1075 23255
1076 36838
1077 33014
1078 33832
1079 29058
1080 36745
1081 40014
1082 40558
1083 38723
1084 40043
1085 33625
1086 29210
1087 35158
1088 27226
1089 28835
1090 27030
1091 37390
1092 30916
1093 35219
1094 32063
1095 30264
1096 34351
1097 36127
1098 35134
1099 24699
1100 44654
1101 24673
1102 39672
1103 31035
1104 27733
1105 18195
1106 24960
1107 30708
1108 30226
1109 35221
1110 31495
1111 29713
1112 37989
1113 31654
1114 31419
1115 35230
1116 43891
1117 36551
1118 28734
1119 39120
1120 35243
1121 38505
1122 35450
1123 30861
1124 36446
1125 24001
1126 28216
1127 25243
1128 31695
1129 29766
1130 33405
1131 21497
1132 39782
1133 22243
1134 34710
1135 35240
1136 32091
1137 28419
1138 38482
1139 25819
1140 35166
1141 30972
1142 38615
1143 30486
1144 26323
1145 34283
1146 36888
1147 38079
1148 27867
1149 29891
1150 45139
1151 29490
1152 33513
1153 37675
1154 28977
1155 34715
1156 32305
1157 26642
1158 34172
1159 28661
1160 27161
1161 31116
1162 23615
1163 20711
1164 24912
1165 37407
1166 34519
1167 35795
1168 25567
1169 31844
1170 28160
1171 28156
1172 27355
1173 39353
1174 34685
1175 37125
1176 51131
1177 24415
1178 36115
1179 39416
1180 28459
1181 38045
1182 33381
1183 32345
1184 30187
1185 34518
1186 41921
1187 29278
1188 34722
1189 37942
1190 37547
1191 38181
1192 33112
1193 30842
1194 27351
1195 43823
1196 31751
1197 25943
1198 41089
1199 29903
1200 36288

0 96 29 7
0 118 12 5
0 189 53 8
0 307 34 12
0 355 47 1
0 373 3 5
0 773 57 1
0 937 52 10
0 1062 15 8
0 1076 58 14
0 1131 45 14
0 1175 28 7
1 96 35 15
1 384 3 13
1 415 2 13
1 442 53 12
1 589 55 15
1 766 9 13
1 977 27 1
1 1032 8 4
1 1085 22 7
2 96 50 1
2 153 28 9
2 268 12 15
2 386 23 3
2 760 58 8
2 775 20 3
2 811 26 6
2 1065 6 11
3 50 59 7
3 97 23 12
3 658 13 5
3 789 20 8
3 895 49 13
3 935 20 4
3 1019 38 6
3 1099 50 2
4 95 22 2
4 112 39 6
4 151 32 10
4 245 24 14
4 257 7 6
4 408 29 9
4 634 48 4
4 824 26 7
4 1143 1 12
5 60 55 8
5 351 50 4
5 379 16 13
5 510 51 7
5 511 55 6
5 662 32 5
5 848 18 12
5 951 4 7
5 1005 14 10
6 55 51 14
6 176 12 5
6 296 1 14
6 334 54 11
6 421 58 9
6 535 2 2
6 650 25 15
6 810 58 8
6 827 4 11
6 896 27 6
6 987 43 9
6 1015 3 15
6 1189 55 3
7 195 4 14
7 272 27 4
7 305 25 1
7 763 55 12
7 773 55 7
7 790 35 13
7 838 4 5
7 866 44 7
7 889 23 14
7 936 52 8
8 24 36 2
8 333 22 15
8 336 39 9
8 562 54 4
8 834 25 6
8 967 25 14
9 24 32 9
9 161 9 5
9 267 14 12
9 329 38 5
9 369 51 8
9 546 58 10
9 694 52 5
9 815 52 5
9 823 34 7
9 1131 32 5
9 1184 58 8
9 1194 35 8
10 73 32 8
10 152 35 3
10 197 30 3
10 373 5 7
10 477 1 10
10 741 55 15
10 875 20 6
10 955 58 14
10 1153 18 15
11 393 21 10
11 774 59 10
11 841 41 7
11 929 58 9
11 972 41 8
11 1018 9 2
12 259 26 9
12 397 49 9
12 547 5 8
12 638 45 8
12 872 39 9
12 1020 14 13
12 1092 42 3
12 1100 44 12
13 47 50 9
13 236 43 11
13 497 11 3
13 564 48 14
13 667 47 9
13 675 32 1
14 500 47 12
14 571 36 3
14 618 11 11
15 292 6 12
15 348 28 4
15 375 48 9
15 449 9 2
15 571 19 8
15 678 23 13
15 736 35 10
15 755 4 13
15 797 25 8
15 812 23 13
15 1070 54 9
15 1194 48 4
16 129 21 9
16 203 59 6
16 336 20 1
16 351 31 10
16 402 22 8
16 431 38 5
16 624 45 11
16 702 45 10
16 772 36 2
16 1031 35 5
16 1036 38 3
16 1053 21 1
17 352 14 9
17 559 19 13
17 621 6 10
17 679 6 13
17 699 41 4
17 788 21 8
17 935 21 9
18 228 7 11
18 253 23 13
18 273 49 13
18 761 42 7
18 770 49 11
18 811 35 5
18 949 42 10
19 180 32 14
19 237 28 4
19 330 3 3
19 732 20 11
19 787 15 11
19 958 26 12
20 31 40 1
20 406 44 15
20 443 59 8
20 608 16 10
20 635 30 5
20 699 9 3
20 769 60 1
21 59 27 7
21 119 38 7
21 197 39 14
21 323 12 9
21 464 43 2
21 798 39 2
21 854 7 5
21 879 8 3
21 886 5 1
22 181 30 1
22 207 42 3
22 388 33 10
22 469 3 12
22 552 5 7
22 646 43 4
22 721 19 3
22 832 41 13
22 1071 60 3
23 469 59 13
23 477 52 5
23 819 57 10
23 1193 60 5
24 303 52 10
24 333 3 6
24 371 44 13
24 389 41 13
24 550 24 15
24 874 60 9
24 977 59 6
24 1018 36 8
25 124 25 8
25 143 5 7
25 147 54 11
25 524 14 14
25 530 43 10
25 686 6 10
25 945 60 9
25 958 33 4
25 1083 5 2
25 1122 32 9
26 247 59 12
26 320 34 8
26 341 10 8
26 361 20 11
26 683 11 10
26 911 29 1
26 1085 33 1
26 1190 29 7
27 243 9 8
27 269 34 15
27 476 43 7
27 692 24 13
27 755 35 5
27 767 38 10
27 912 45 7
27 974 30 3
27 1195 42 6
28 59 8 8
28 100 57 5
28 146 32 12
28 287 25 2
28 352 56 14
28 531 34 6
28 701 12 11
28 717 39 5
28 750 54 5
28 822 44 13
28 852 9 9
28 990 17 1
28 1023 53 13
29 285 53 10
29 444 14 2
29 625 35 12
29 781 50 10
30 97 57 9
30 519 45 6
30 871 46 13
31 116 18 3
31 176 22 8
31 401 47 12
31 714 54 2
31 745 22 15
31 794 16 9
31 891 5 10
31 1008 55 9
32 241 1 6
32 734 56 1
32 1016 32 3
33 390 43 2
33 401 29 1
33 414 16 2
33 434 36 4
33 526 5 3
33 684 50 5
33 763 57 4
33 908 6 10
33 1194 35 6
34 106 59 15
34 185 14 15
34 463 52 8
34 956 58 6
34 1156 45 10
34 1172 42 1
35 108 9 9
35 177 11 5
35 261 24 15
35 458 21 11
35 459 6 3
35 461 21 1
35 501 24 12
35 584 5 7
35 915 15 10
35 972 23 5
36 57 40 6
36 88 11 2
36 133 14 6
36 157 28 8
36 336 35 4
36 542 50 4
36 603 27 6
36 672 10 6
36 678 32 13
36 898 20 5
36 1175 40 3
37 604 6 15
37 775 22 12
37 849 38 15
37 880 5 3
37 906 54 10
37 1004 10 1
38 104 37 6
38 213 23 12
38 459 32 8
38 583 44 3
39 385 9 3
39 469 25 7
39 744 43 12
39 896 32 2
39 989 10 11
39 1089 55 4
39 1101 39 3
40 52 48 12
40 336 20 4
40 548 53 11
40 570 26 10
40 664 1 12
40 666 21 11
40 786 10 1
40 965 56 2
40 1023 9 8
40 1038 58 4
40 1155 36 2
40 1188 35 7
41 330 37 9
41 772 59 7
41 846 40 14
41 853 59 6
41 1018 52 7
42 270 23 1
42 300 43 3
42 364 13 2
42 607 5 15
42 707 60 3
42 902 1 11
42 1028 19 5
42 1156 24 6
42 1189 39 1
43 236 60 9
43 807 22 3
43 822 33 3
43 1059 6 13
43 1087 6 6
43 1189 40 13
44 740 48 5
44 930 7 14
44 991 31 8
44 1043 34 3
45 279 10 2
45 345 21 1
45 516 19 9
45 556 58 10
45 616 32 8
45 647 55 6
45 710 17 9
45 826 52 11
45 899 4 1
45 942 10 6
46 47 8 13
46 268 19 5
46 334 2 13
46 476 58 6
46 484 50 4
46 676 57 5
46 911 32 1
46 958 16 12
46 1072 56 1
47 68 3 4
47 79 59 1
47 93 44 13
47 161 5 2
47 301 31 7
47 723 13 11
47 920 49 7
47 996 15 8
47 1047 39 3
48 541 20 13
48 596 55 14
48 891 2 2
48 1005 26 7
48 1090 46 10
48 1100 30 15
49 84 42 15
49 146 10 5
49 264 18 8
49 502 14 11
49 791 24 4
49 1006 60 12
50 181 4 7
50 373 57 3
50 608 40 1
50 676 43 11
50 711 54 4
50 829 24 15
50 932 43 1
50 1095 33 6
50 1102 53 7
50 1143 22 7
51 335 54 14
51 415 13 11
51 454 49 8
51 474 11 4
51 477 53 4
51 744 32 8
51 915 41 3
51 935 13 5
52 191 51 13
52 233 7 10
52 322 11 3
52 335 34 4
52 680 37 4
52 713 34 13
52 801 19 4
53 177 58 1
53 629 9 11
53 914 45 3
54 590 13 2
54 772 7 3
54 1066 15 7
54 1122 5 15
54 1132 41 8
55 129 38 1
55 428 46 5
55 531 24 7
55 1023 60 11
56 455 20 13
56 631 7 15
56 707 40 3
56 742 15 10
57 553 58 14
57 748 24 10
57 754 51 4
57 758 2 6
57 914 3 11
57 1008 45 2
58 137 52 4
58 156 47 12
58 309 41 7
58 330 11 12
58 471 39 12
58 656 46 2
58 726 53 2
58 774 32 1
58 867 22 1
58 997 47 13
59 115 16 9
59 249 7 8
59 439 9 13
59 681 29 11
59 734 46 3
59 1014 27 1
59 1023 1 8
60 175 18 15
60 275 44 3
60 592 44 9
60 1095 38 2
60 1183 29 8
61 273 60 14
61 304 23 13
61 328 13 14
61 372 12 4
61 602 58 14
61 827 23 1
61 1013 3 3
62 213 2 15
62 372 29 10
62 664 1 8
62 834 12 8
62 916 20 6
62 950 41 12
62 1122 15 1
63 124 12 11
63 317 23 1
63 436 47 2
63 989 52 15
63 1021 35 2
64 73 39 3
64 101 37 8
64 262 36 8
64 478 41 12
64 632 23 13
64 823 44 9
64 877 17 9
64 1043 59 3
64 1112 25 14
65 71 6 9
65 97 25 3
65 272 28 14
65 577 48 13
65 617 39 5
65 816 10 9
66 86 35 2
66 426 28 8
66 436 33 2
66 547 51 4
66 753 57 6
66 828 53 6
66 1157 51 4
67 496 13 3
67 515 33 3
67 699 50 8
67 742 9 5
67 794 49 1
67 846 20 15
67 877 18 15
67 960 22 12
67 1118 44 1
68 100 2 1
68 260 3 2
68 369 39 14
68 624 17 6
68 767 10 6
68 811 13 13
68 908 13 3
68 925 42 3
68 971 45 8
68 1055 56 13
68 1061 36 7
68 1133 36 9
69 111 59 14
69 135 56 7
69 430 11 15
69 587 22 10
69 758 19 2
69 835 37 8
69 938 8 11
69 958 21 9
69 1087 46 1
70 187 47 7
70 194 17 3
70 386 21 7
70 507 36 6
70 897 26 15
70 953 21 15
70 1196 11 13
71 89 15 7
71 307 12 11
71 315 54 12
71 420 57 4
71 447 20 13
71 486 5 7
71 730 47 13
71 939 26 4
71 1088 37 8
71 1192 60 8
72 118 7 12
72 141 23 6
72 311 8 1
72 348 35 10
72 370 41 4
72 428 30 6
72 624 36 10
72 783 1 3
72 792 49 6
72 854 19 13
72 910 11 12
73 78 55 7
73 158 15 15
73 312 20 6
73 318 9 11
73 337 13 11
73 455 38 3
73 494 15 1
73 567 38 9
73 828 25 6
73 872 1 8
73 882 39 15
73 923 55 7
73 1058 60 7
74 479 16 4
74 541 23 14
74 559 27 6
74 734 11 14
74 850 47 1
74 1089 34 10
75 598 12 11
75 711 54 1
75 714 13 3
75 776 40 13
75 843 54 7
75 909 53 11
75 967 7 15
76 325 26 7
76 757 33 3
76 825 59 3
77 184 37 1
77 362 47 13
77 383 28 14
77 510 51 12
77 590 47 2
77 662 58 9
77 665 30 7
77 684 53 14
77 688 24 13
77 847 39 13
77 947 38 10
77 1019 3 4
77 1106 58 2
78 187 60 7
78 205 34 13
78 398 34 1
78 735 36 6
78 860 26 4
78 980 49 10
78 1071 9 10
78 1112 5 9
79 118 25 9
79 360 58 8
79 436 11 14
79 800 56 2
79 850 21 2
79 857 10 15
79 902 26 12
79 985 49 10
79 1054 17 8
79 1150 48 11
80 265 23 14
80 381 33 2
80 395 57 7
80 557 47 1
80 700 14 9
80 910 43 9
80 1025 41 10
81 91 51 11
81 402 47 5
81 438 43 4
81 543 16 7
81 549 6 1
81 825 12 8
81 891 42 10
81 1035 46 5
81 1053 18 9
82 93 52 15
82 229 57 2
82 733 50 3
82 738 24 4
82 861 2 8
82 1020 33 5
82 1025 31 11
82 1145 18 1
83 148 24 10
83 433 10 11
83 572 26 13
83 600 48 6
83 853 7 3
84 433 57 13
84 498 30 9
84 534 12 14
84 555 17 10
84 937 46 6
84 1076 8 6
85 237 24 5
85 366 58 9
85 469 54 12
85 491 52 8
85 500 44 6
85 509 1 6
85 618 44 10
85 762 56 13
86 177 16 13
86 320 7 2
86 372 53 8
86 381 39 1
86 428 51 10
86 454 52 12
86 494 60 8
86 806 50 3
86 1026 21 12
86 1134 51 6
86 1178 11 13
87 139 60 12
87 271 10 9
87 320 22 1
87 416 54 8
87 463 30 5
87 490 52 14
87 537 9 2
87 695 24 14
87 927 35 5
87 941 41 8
87 1018 19 15
88 337 50 9
88 839 14 15
88 1029 30 1
88 1123 34 11
89 99 54 8
89 248 4 12
89 316 27 6
89 331 1 6
89 403 21 13
89 475 41 3
89 577 51 4
89 1136 15 1
90 131 38 8
90 172 32 10
90 220 47 2
90 230 27 11
90 398 7 5
90 757 5 14
90 1007 21 1
90 1114 13 2
91 189 57 4
91 194 52 5
91 288 16 2
91 417 48 8
91 582 60 5
91 1058 52 15
91 1172 26 6
92 153 52 5
92 154 25 11
92 830 6 14
92 1009 50 8
92 1078 9 1
92 1090 17 14
92 1100 34 13
92 1120 52 2
93 104 13 5
93 304 56 4
93 308 27 14
93 514 35 11
93 742 49 7
93 932 14 2
93 977 10 12
93 1150 58 2
94 338 40 2
94 436 11 7
94 593 43 14
94 621 8 10
94 701 20 8
94 1004 18 13
94 1009 30 14
94 1173 60 4
94 1179 23 13
95 534 7 6
95 572 57 15
95 578 6 5
95 645 28 1
95 850 32 15
95 923 54 10
95 929 32 5
95 1014 56 6
97 148 29 7
97 271 32 14
97 421 20 14
97 422 56 14
97 667 38 7
97 920 22 1
97 963 22 12
97 1001 12 14
98 178 51 6
98 332 18 11
98 368 40 2
98 468 9 5
98 521 50 10
98 549 47 3
98 572 29 3
98 593 36 15
99 296 27 10
99 343 48 4
99 452 50 7
99 489 2 3
99 632 11 9
99 991 29 8
99 1009 50 11
99 1083 18 10
100 117 31 7
100 671 1 14
100 745 38 3
100 865 16 8
100 1043 34 4
100 1158 33 13
101 125 40 2
101 149 39 14
101 327 4 13
101 427 33 1
101 455 41 10
101 532 19 7
101 692 1 8
101 757 10 5
101 1004 57 13
101 1029 1 1
101 1067 42 11
101 1082 43 15
102 230 57 3
102 280 13 14
102 957 17 7
102 995 29 8
102 1169 54 2
103 245 49 7
103 829 12 7
103 907 46 15
103 1088 47 14
104 220 43 9
104 262 38 13
104 299 46 2
104 380 3 15
104 736 59 10
104 740 19 6
104 888 31 12
104 919 46 15
105 154 20 9
105 491 50 12
105 723 3 15
105 851 28 14
106 564 16 13
106 731 5 15
106 847 27 14
106 913 4 7
106 1028 43 10
106 1115 36 3
106 1129 44 8
107 171 6 6
107 182 32 12
107 472 41 13
107 638 11 3
107 713 30 3
107 743 41 6
107 875 49 3
107 1125 59 12
107 1198 60 15
108 123 34 7
108 488 22 9
108 685 46 5
108 821 4 8
108 1103 34 2
109 231 30 10
109 610 56 6
109 693 42 15
109 936 16 12
109 1021 8 4
110 125 31 11
110 222 10 9
110 278 16 4
110 284 7 1
110 311 9 4
110 467 20 8
110 474 51 3
110 559 50 9
110 667 32 4
110 771 5 14
110 969 21 4
111 789 38 4
111 830 57 13
111 847 14 12
111 908 35 9
111 1016 54 1
112 233 46 1
112 241 32 10
112 403 40 7
112 519 38 5
112 689 19 15
112 861 25 12
112 1200 28 6
113 203 11 1
113 306 59 13
113 420 1 8
113 666 5 14
113 673 54 8
113 717 29 7
113 753 19 3
113 831 2 12
113 970 29 8
113 1154 1 7
114 168 52 6
114 349 4 15
114 415 26 1
114 461 2 13
114 464 10 7
114 527 19 6
114 544 25 15
114 615 47 7
114 882 46 2
114 1074 10 15
114 1163 47 15
114 1169 42 11
115 175 21 6
115 176 11 10
115 512 13 7
115 631 35 12
115 702 22 11
115 1012 47 13
116 237 40 11
116 287 3 12
116 331 40 2
116 404 19 1
116 487 7 2
116 885 56 15
116 920 17 5
116 1097 17 12
117 596 43 1
117 689 32 13
117 908 8 3
117 1035 44 15
117 1081 8 9
117 1114 54 4
118 148 18 3
118 211 25 10
118 223 39 14
118 367 31 8
118 405 5 3
118 429 55 3
118 574 54 14
118 1051 28 11
118 1149 55 6
118 1171 1 15
118 1183 36 4
119 209 13 2
119 273 51 4
119 484 54 13
119 710 40 14
119 721 57 5
119 738 42 3
119 751 6 1
119 834 44 15
119 992 8 10
119 1122 13 10
120 384 10 8
120 413 19 12
120 720 15 10
120 807 52 10
120 977 21 9
121 339 57 4
121 439 23 15
121 668 58 3
121 927 29 2
121 973 48 9
121 1134 54 10
122 552 51 6
122 872 37 7
122 1135 52 15
123 207 48 4
123 462 9 12
123 763 1 15
123 805 17 7
123 1094 57 11
124 218 9 10
124 220 35 12
124 281 46 4
124 1044 30 14
124 1134 27 1
125 169 60 1
125 296 2 2
125 406 31 6
125 460 23 6
125 575 2 2
125 710 26 6
125 766 6 6
125 791 15 11
125 939 51 9
125 945 2 6
125 1016 60 9
125 1064 28 7
126 137 27 10
126 304 56 14
126 412 34 9
126 529 42 15
126 688 10 14
126 707 10 13
126 761 48 11
126 1166 47 8
126 1197 55 4
127 314 9 4
127 535 18 2
127 569 14 7
127 707 13 15
127 709 46 15
127 741 44 5
127 749 32 14
127 895 30 3
127 898 37 3
128 151 46 11
128 158 5 4
128 335 1 8
128 892 21 15
128 906 15 6
128 1157 38 9
129 432 52 1
129 890 18 11
129 892 10 14
129 928 39 7
129 1012 8 8
130 220 34 6
130 268 57 3
130 280 28 9
130 453 55 7
130 1036 43 11
130 1057 23 14
130 1092 43 15
130 1171 43 10
130 1187 45 6
131 175 55 2
131 408 39 14
131 835 5 14
132 283 45 5
132 634 4 15
132 688 8 11
132 827 36 4
132 1058 49 12
133 148 55 15
133 224 19 4
133 675 2 6
133 799 19 10
133 886 28 5
133 957 8 8
133 1023 57 4
133 1029 18 4
134 182 48 7
134 250 48 6
134 346 33 12
134 352 37 4
134 677 39 12
134 774 27 4
134 816 8 9
134 830 19 13
134 851 9 9
134 884 30 15
134 1034 52 9
135 181 55 14
135 217 48 11
135 234 52 4
135 278 28 3
135 296 5 14
135 326 33 13
135 479 50 7
135 554 34 8
135 879 50 14
135 958 17 3
135 1030 43 14
135 1121 18 13
136 150 25 11
136 156 12 12
136 827 39 13
136 916 25 2
136 1104 14 10
136 1115 33 3
137 185 21 4
137 214 32 9
137 384 43 2
137 585 26 3
137 650 33 12
137 739 35 6
137 1189 49 2
138 189 24 13
138 214 10 12
138 245 54 9
138 670 57 8
138 681 47 13
138 1005 47 3
138 1153 39 8
139 167 42 7
139 204 42 12
139 389 6 13
139 619 2 13
139 735 35 4
139 745 51 7
139 1165 46 5
140 202 28 14
140 220 26 15
140 350 53 15
140 600 57 2
140 691 28 6
140 749 26 13
140 1198 14 15
141 154 45 3
141 161 51 8
141 267 36 13
141 359 45 8
141 504 51 15
141 644 38 12
141 654 30 12
141 659 20 4
141 810 26 6
141 1000 1 15
141 1026 27 11
141 1056 42 11
141 1176 55 1
142 299 3 4
142 528 16 1
142 585 5 10
142 602 54 11
142 774 35 5
142 1048 9 14
142 1149 60 5
143 402 60 6
143 1062 54 7
144 251 34 5
144 345 25 4
144 364 54 8
144 457 21 13
144 710 30 10
144 1082 46 5
144 1103 37 15
144 1113 50 1
145 257 58 13
145 390 53 2
145 505 55 1
145 813 58 15
145 851 35 15
145 865 12 6
145 961 13 1
145 988 20 4
145 990 49 13
146 648 48 4
146 766 52 15
146 893 39 3
146 1016 52 8
146 1110 59 7
146 1162 50 3
147 160 37 6
147 261 32 8
147 323 60 11
147 376 4 5
147 476 45 3
147 623 14 10
147 697 22 11
147 835 40 4
148 159 2 1
148 169 14 10
148 506 59 15
148 759 22 11
148 885 25 3
148 894 1 15
148 923 18 11
148 1089 3 8
148 1101 24 10
149 184 20 6
149 221 7 13
149 318 58 6
149 442 19 14
149 523 24 11
149 577 58 12
149 794 15 3
149 925 44 10
149 947 14 2
149 976 42 6
149 1035 32 7
149 1089 52 2
150 160 36 3
150 191 1 5
150 212 20 15
150 558 55 14
150 682 32 6
150 726 45 5
150 756 39 12
150 871 60 1
150 879 12 1
150 944 51 7
151 349 16 11
151 484 46 8
151 747 35 15
151 808 32 13
151 1014 41 1
151 1091 41 3
152 264 17 7
152 429 44 10
152 490 35 15
152 512 40 9
152 599 1 9
152 677 13 2
152 869 52 4
152 981 29 5
152 995 24 3
152 1075 20 7
152 1133 24 4
153 793 31 12
153 876 7 15
153 930 29 8
153 1153 32 1
153 1163 5 9
154 550 31 13
154 896 27 6
155 216 44 4
155 343 58 3
155 584 26 8
155 724 55 3
155 755 50 13
155 793 12 12
155 952 39 12
155 1103 48 14
155 1146 30 13
156 763 21 10
156 784 5 9
156 901 59 15
156 937 23 10
157 322 44 11
157 912 1 2
157 962 14 3
157 1130 51 13
158 194 59 10
158 616 21 1
158 651 58 2
158 1015 6 3
158 1042 12 13
158 1051 38 11
159 369 2 9
159 458 51 11
159 1177 9 8
160 349 10 11
160 641 36 9
160 670 40 4
160 687 18 14
160 700 17 13
160 825 3 6
160 946 50 9
160 1101 23 9
160 1180 12 8
161 182 58 1
161 198 35 3
161 231 2 5
161 234 7 13
161 273 8 6
161 299 27 3
161 306 52 7
161 400 48 8
161 401 7 12
161 549 21 3
161 797 12 4
161 860 41 11
161 890 52 1
162 166 37 4
162 183 35 2
162 355 21 11
162 464 16 11
162 969 52 7
162 1083 49 12
162 1089 43 4
162 1167 25 13
163 263 47 5
163 320 42 4
163 917 14 8
163 973 57 3
163 1018 13 15
163 1105 7 1
164 304 47 9
164 652 4 11
164 864 14 5
164 917 29 5
164 1164 9 15
165 749 18 1
165 839 27 7
165 866 3 1
165 951 12 13
165 979 54 8
165 1039 55 14
166 436 55 15
167 727 41 6
167 907 23 9
167 979 12 5
167 1015 42 4
167 1025 36 5
167 1028 16 2
168 342 4 13
168 520 53 13
168 536 3 14
168 571 29 3
168 726 24 11
168 827 20 13
168 926 36 1
168 1075 38 10
169 176 4 9
169 270 45 5
169 322 47 10
169 434 14 4
169 549 25 10
169 727 21 11
169 744 38 10
169 882 9 1
169 1041 13 4
169 1077 24 15
170 336 5 14
170 516 5 1
170 1151 27 3
171 297 5 15
171 447 24 6
171 464 2 15
171 687 47 14
171 867 51 4
171 935 44 1
171 948 38 13
171 1194 6 3
172 379 27 15
172 391 42 9
172 423 49 13
172 674 17 8
172 714 50 7
172 798 36 10
172 894 4 10
172 954 60 6
172 1034 1 5
173 219 37 1
173 459 59 8
173 499 37 1
173 883 28 4
173 887 45 7
173 1153 37 3
173 1173 49 4
174 401 8 3
174 491 38 4
174 651 18 12
174 705 4 12
174 872 28 12
174 890 49 12
175 224 21 13
175 315 6 10
175 558 59 7
175 1058 54 8
176 338 1 4
176 404 21 1
176 539 55 4
176 629 5 15
176 681 54 2
176 799 2 9
176 1044 10 5
176 1076 13 8
177 434 50 4
177 489 10 14
177 508 11 3
177 631 19 14
177 1054 35 10
177 1143 52 2
177 1182 46 8
178 264 1 8
178 469 40 4
178 760 26 15
178 1090 57 10
178 1168 50 5
179 271 5 13
179 289 21 13
179 343 16 7
179 413 29 10
179 698 24 8
179 917 34 10
179 1113 33 14
180 207 58 15
180 218 56 13
180 579 51 14
181 326 8 2
181 408 20 13
181 423 52 5
181 503 11 3
181 537 47 9
181 825 48 14
181 1081 30 1
182 238 12 2
182 397 19 14
182 499 29 9
182 510 21 9
182 577 37 10
182 629 35 7
182 760 32 9
182 845 39 2
182 913 26 4
182 940 27 4
182 1066 33 5
182 1124 39 2
183 366 54 8
183 604 17 1
184 256 53 15
184 266 48 5
184 523 38 12
184 744 12 11
185 191 52 12
185 623 59 9
185 1125 45 13
185 1141 19 3
185 1156 59 14
186 260 13 4
186 301 21 11
186 306 47 7
186 328 60 15
186 384 33 15
186 530 51 8
186 723 22 15
186 773 8 12
186 807 22 15
186 1055 50 14
187 233 43 12
187 311 47 15
187 364 32 1
187 597 38 2
187 631 22 14
187 721 30 10
187 873 25 2
187 1039 40 6
188 605 10 10
188 632 1 14
188 688 52 8
188 798 29 5
188 854 21 11
189 407 33 8
189 460 54 14
189 465 57 7
189 691 59 9
189 983 33 4
190 232 57 4
190 262 34 15
190 384 54 7
190 775 2 9
190 1088 2 6
190 1174 21 12
190 1180 58 5
191 289 20 15
191 292 29 4
191 296 24 1
191 333 31 2
191 508 7 6
191 930 3 5
191 980 11 1
191 1081 37 1
191 1121 16 15
192 386 33 3
192 421 6 1
192 440 29 15
192 787 24 14
192 811 24 5
192 1103 59 11
193 279 39 13
193 433 40 14
193 1048 2 3
194 219 13 7
194 301 2 13
194 327 17 11
194 332 47 1
194 405 31 13
194 433 8 1
194 609 47 6
194 815 53 4
194 1106 34 3
195 243 3 7
195 261 48 7
195 338 26 3
195 347 49 1
195 486 47 12
195 582 14 2
195 587 23 14
195 664 51 14
195 943 1 2
195 1029 3 6
195 1046 37 15
196 210 59 2
196 508 18 5
196 697 30 5
196 899 28 8
196 960 21 9
197 665 15 2
197 1035 50 8
198 257 21 2
198 265 7 3
198 561 43 1
198 639 35 6
198 755 23 8
198 926 26 13
198 970 17 13
198 1056 52 7
198 1166 15 12
199 226 7 4
199 297 55 10
199 392 33 9
199 1042 45 15
199 1044 51 13
199 1058 47 7
199 1199 41 15
200 253 50 1
200 729 21 2
200 936 24 15
200 1048 6 1
200 1076 44 10
200 1107 34 14
201 525 53 10
201 784 16 14
201 822 29 13
201 942 58 4
201 998 49 2
201 1015 24 5
201 1195 14 10
202 233 52 15
203 368 37 7
203 485 50 7
203 499 25 10
203 538 22 9
203 646 9 12
203 1005 55 15
203 1011 31 6
203 1014 5 7
204 418 29 6
204 690 44 11
204 831 60 5
204 865 11 11
204 1152 33 4
204 1158 11 14
205 253 45 9
205 308 49 12
205 334 18 5
205 406 21 15
205 618 60 13
205 781 3 1
205 811 57 4
205 845 57 1
205 1029 42 3
205 1068 47 7
205 1119 7 2
206 299 4 5
206 329 47 1
206 340 26 5
206 939 52 15
206 1040 43 12
207 219 55 2
207 306 40 15
207 341 55 6
207 497 52 3
207 658 53 15
207 979 56 14
207 1046 31 4
207 1099 4 5
208 294 7 12
208 567 26 3
208 778 53 12
208 815 36 1
208 1124 41 14
209 733 38 15
209 746 42 13
209 809 1 15
209 842 35 6
209 1007 6 13
209 1116 4 15
209 1135 51 10
209 1162 26 11
210 649 56 12
210 1155 60 5
211 215 2 12
211 377 40 10
211 608 25 3
211 732 15 1
211 812 16 8
211 863 49 6
211 946 32 1
211 953 17 8
211 1060 4 6
212 515 28 12
212 760 12 13
212 826 7 1
212 864 31 7
213 236 20 11
213 601 53 6
213 620 21 4
213 864 27 6
213 989 52 6
214 422 55 5
214 430 15 1
214 517 60 2
214 518 6 5
214 727 38 8
214 821 60 2
215 483 12 7
215 536 40 7
215 680 28 1
215 890 39 14
215 921 16 5
215 1076 56 10
215 1098 5 2
216 380 37 9
216 400 20 10
216 516 53 9
216 672 52 5
216 690 30 7
216 1137 3 11
217 354 2 8
217 399 50 2
217 565 55 11
217 661 20 7
217 722 29 13
217 922 31 15
217 1191 57 10
218 388 44 14
218 539 36 15
218 636 12 11
218 1142 7 8
218 1195 27 12
219 239 1 8
219 320 28 2
219 501 19 3
219 824 23 8
219 1028 49 5
219 1075 59 8
220 451 36 9
220 482 18 2
220 567 36 7
220 609 25 15
220 776 45 7
220 784 1 8
221 352 34 15
221 589 27 12
221 636 29 5
221 708 25 9
221 1090 13 5
221 1129 27 14
222 278 20 9
222 317 47 5
222 423 10 2
222 751 14 5
222 765 48 12
222 796 30 5
222 909 54 5
222 962 53 9
222 1159 58 8
223 288 41 3
223 337 44 7
223 445 46 8
223 462 42 2
223 587 18 11
223 786 19 1
223 1021 34 5
224 466 54 4
224 696 41 7
224 923 21 1
224 930 41 4
225 409 29 13
225 509 52 4
225 674 23 2
225 721 46 6
225 989 48 6
225 1135 18 12
226 615 47 3
226 617 33 15
226 640 32 15
226 708 24 2
226 965 4 11
226 981 2 13
227 624 5 9
227 679 53 15
227 763 39 14
227 792 40 14
227 1033 10 2
227 1129 7 7
228 359 5 5
228 521 31 13
228 592 26 1
228 752 38 2
228 1045 53 11
228 1197 37 11
229 503 40 15
229 588 23 4
229 624 55 15
229 638 25 14
229 723 31 3
229 772 58 11
229 787 24 1
229 914 18 5
229 983 3 10
229 1040 20 5
229 1059 2 12
229 1125 29 10
230 254 8 5
230 360 3 10
230 628 43 14
230 638 20 12
230 954 5 6
230 1086 21 7
230 1162 5 8
231 433 49 9
231 700 13 5
231 734 21 13
231 769 14 5
231 920 35 7
231 1089 7 1
232 323 43 14
232 493 31 9
232 652 38 3
232 824 10 2
232 841 28 15
232 886 30 11
233 369 32 10
233 420 10 6
233 549 43 5
233 566 16 12
233 876 16 14
233 1030 12 15
233 1160 41 8
234 330 36 2
234 360 23 5
234 483 52 12
234 616 54 13
234 838 19 15
234 1166 56 13
234 1180 12 15
235 377 44 13
235 406 52 13
235 559 60 15
235 604 47 2
235 814 50 6
235 1092 10 1
236 441 22 3
236 585 14 5
236 618 2 9
236 643 60 8
236 833 46 6
236 1070 38 8
236 1112 57 8
236 1122 39 6
236 1149 16 15
237 333 21 8
237 486 50 2
237 527 54 4
237 1020 20 7
237 1102 32 14
238 414 38 8
238 597 17 3
238 855 38 7
238 917 11 1
238 1005 24 1
238 1076 27 15
238 1079 45 3
238 1183 7 12
239 357 21 3
239 444 11 14
239 460 27 6
239 644 38 2
239 705 35 2
239 922 27 4
239 943 37 12
239 1167 4 11
240 327 5 9
240 489 14 5
240 652 7 9
240 688 8 12
240 930 26 1
240 986 30 7
241 423 50 15
241 574 60 9
241 683 41 8
241 716 47 7
241 721 48 14
241 1036 16 3
241 1149 25 14
241 1169 39 1
242 245 5 7
242 307 50 2
242 436 39 5
242 1184 53 7
243 490 50 11
243 593 37 12
243 635 14 6
243 672 35 1
243 740 7 3
243 978 43 6
243 1195 54 8
244 355 54 9
244 780 20 1
244 835 7 7
244 892 13 8
244 987 19 5
244 1102 19 8
244 1199 27 9
245 373 17 8
245 779 15 12
245 822 50 5
245 1110 55 2
246 359 25 11
246 1121 15 11
246 1146 7 15
246 1186 19 12
247 380 15 3
247 415 17 10
247 434 27 5
247 780 25 8
247 824 56 3
247 864 21 12
247 1102 22 14
247 1116 36 9
248 313 14 12
248 373 7 10
248 579 53 10
248 690 53 10
248 890 17 15
248 993 46 2
249 349 22 4
249 551 10 10
249 612 26 14
249 679 48 11
249 693 2 7
249 738 47 7
249 1021 40 3
249 1046 45 2
249 1168 30 4
250 292 39 14
250 981 47 7
250 1183 15 4
251 372 42 15
251 576 34 10
251 612 47 4
251 684 55 5
251 1006 28 2
251 1035 7 7
251 1131 31 4
251 1200 13 10
252 404 53 7
252 659 14 9
252 764 1 6
252 914 39 14
252 965 58 5
253 290 40 1
253 807 12 8
253 907 4 8
253 1096 27 14
253 1107 52 2
253 1186 27 1
254 272 27 1
254 334 60 6
254 485 18 3
254 656 56 5
254 946 31 5
255 350 43 2
255 435 32 13
255 664 54 1
255 803 1 3
255 822 46 3
255 833 34 1
255 1000 16 9
255 1169 48 12
256 431 22 7
256 438 10 11
256 591 6 9
256 1009 16 13
257 357 4 10
257 792 33 7
257 978 19 12
258 287 58 12
258 516 51 6
258 989 41 14
258 1013 36 7
259 349 43 11
259 413 12 11
259 452 2 10
259 481 58 6
259 668 31 9
259 987 39 5
259 1024 6 4
259 1171 4 3
260 296 40 4
260 369 15 5
260 480 38 12
260 632 6 6
260 1192 52 7
261 818 50 14
261 934 38 4
261 966 25 1
261 1135 3 10
261 1171 21 1
262 555 25 7
262 700 51 1
262 764 6 4
262 778 3 10
262 963 2 6
263 291 20 8
263 378 39 7
263 387 31 15
263 427 11 6
263 608 11 14
263 803 36 4
263 935 28 13
264 394 5 11
264 569 46 14
264 595 8 6
264 795 13 1
264 988 47 9
264 1196 27 5
265 286 50 14
265 312 6 6
265 317 4 5
265 506 51 14
265 655 6 3
265 700 32 9
265 751 34 14
265 767 33 1
265 978 53 8
265 1028 13 2
265 1051 6 2
265 1064 50 10
266 381 8 5
266 459 53 7
266 867 29 2
266 893 14 5
267 300 6 1
267 541 25 7
267 677 21 10
267 704 26 8
267 718 49 1
267 863 55 1
267 976 2 11
267 1196 46 11
268 451 14 14
268 466 3 13
268 510 6 4
268 573 34 8
268 664 28 1
268 675 7 13
268 788 59 6
268 1108 54 7
269 481 3 11
269 536 11 9
269 727 46 15
269 743 57 2
269 837 45 5
269 839 4 2
269 1113 36 4
269 1172 10 5
270 288 60 2
270 397 47 15
270 698 60 15
270 723 1 4
270 774 48 2
270 781 21 11
270 862 33 7
270 886 51 3
270 1018 18 8
270 1059 43 10
270 1097 31 1
270 1189 33 3
271 859 5 13
271 887 30 4
271 1009 53 11
271 1141 51 3
272 301 14 6
272 391 12 10
272 874 46 7
272 994 2 8
273 321 23 11
273 481 58 9
273 570 6 14
273 771 5 5
273 842 29 5
273 1054 52 10
273 1095 17 2
273 1166 13 6
274 320 19 13
274 455 53 4
274 736 18 8
274 797 16 11
274 857 59 9
274 895 33 3
274 1134 55 12
275 304 33 1
275 389 32 8
275 514 21 4
275 669 15 8
275 959 47 8
276 531 17 12
276 703 47 9
276 705 23 1
276 813 58 14
276 878 12 13
276 972 28 13
276 986 27 12
276 1141 13 12
276 1184 59 4
277 282 18 2
277 331 24 2
277 633 19 12
277 672 58 15
277 940 17 15
277 944 4 13
277 951 27 5
277 1082 19 13
278 405 28 15
278 949 12 7
279 396 27 6
279 468 16 2
279 590 7 2
279 719 22 8
279 917 19 9
279 960 5 8
279 1127 24 5
280 369 59 14
280 639 18 1
281 400 27 7
281 406 32 7
281 949 23 6
282 438 8 7
282 496 31 13
282 581 18 5
282 610 16 5
282 711 23 11
282 712 9 7
282 827 24 4
282 1024 3 8
282 1100 4 3
283 286 1 2
283 540 16 10
283 770 59 5
283 950 57 7
284 376 14 14
284 428 37 11
284 642 57 12
284 715 17 10
284 771 43 8
284 870 29 10
284 1045 51 11
284 1111 1 12
285 430 26 8
285 870 35 12
285 1146 29 14
285 1175 8 1
286 532 44 11
286 551 47 12
286 668 32 6
286 1003 36 10
286 1054 14 14
286 1125 28 5
287 294 19 12
287 484 8 6
287 710 45 2
287 719 3 12
287 926 3 3
287 1078 25 10
287 1120 40 12
288 397 36 14
288 487 39 8
288 647 46 14
288 708 32 12
288 710 27 10
288 718 51 15
288 1043 34 9
289 295 25 8
289 433 29 5
289 466 58 15
289 547 48 10
289 725 18 5
289 731 50 14
290 314 45 11
290 477 15 10
290 729 31 1
290 731 37 14
290 877 2 11
290 954 21 12
290 1101 16 10
290 1143 21 8
291 585 16 7
291 815 54 10
291 991 52 8
292 432 37 11
292 449 23 6
292 560 23 5
292 745 33 10
292 889 17 10
292 912 12 15
292 980 49 13
292 1131 44 3
293 345 33 8
293 568 48 11
293 615 31 8
293 651 59 3
293 772 21 7
293 851 30 3
293 902 49 10
293 1113 34 10
294 448 8 3
294 603 19 5
294 629 8 6
294 847 21 5
294 850 15 6
294 1004 56 3
294 1068 4 4
294 1103 43 14
295 408 6 1
295 646 8 10
295 928 38 12
295 1057 7 4
296 364 12 8
296 403 58 4
296 412 33 3
296 616 48 12
296 665 29 10
296 1184 43 10
297 357 26 4
297 406 11 10
297 498 19 2
297 716 57 14
297 803 3 13
297 988 41 3
297 1013 15 12
298 318 54 15
298 331 47 11
298 409 6 12
298 501 1 9
298 768 14 11
299 394 25 1
299 411 31 13
299 606 4 6
299 641 54 12
299 795 29 5
299 808 10 10
299 915 14 4
299 1008 43 11
299 1067 33 2
299 1198 48 4
299 1200 23 12
300 333 4 8
300 454 12 2
300 603 47 12
300 980 35 4
301 392 8 13
301 447 53 1
301 852 19 13
301 1042 6 3
302 412 31 7
302 478 7 10
302 492 52 7
302 494 24 3
302 1142 59 11
303 317 49 10
303 860 58 10
303 1117 58 4
304 701 7 11
304 899 34 5
304 1108 10 10
305 306 30 5
305 326 56 13
305 395 22 11
305 438 15 14
305 545 57 6
305 864 25 13
305 866 13 3
305 1069 12 15
305 1096 26 12
305 1168 11 15
306 318 13 15
306 421 7 1
306 936 33 7
306 1091 14 13
307 611 12 3
307 790 37 2
307 1006 54 3
308 628 6 9
308 689 21 4
308 863 30 5
308 880 13 15
308 904 16 6
308 1035 54 1
309 370 32 4
309 438 38 2
309 487 1 11
309 511 32 9
309 616 50 11
309 716 25 14
309 871 51 1
309 1102 38 11
309 1130 55 7
310 332 56 7
310 464 29 8
310 607 7 1
310 682 60 7
310 761 44 7
310 1083 11 3
310 1134 21 2
311 524 42 2
311 829 38 14
311 897 25 2
311 1149 51 15
312 654 49 2
312 788 44 7
312 993 14 10
312 1116 1 3
313 344 26 12
313 486 17 11
313 512 33 5
313 952 42 2
314 520 53 2
314 528 11 10
314 536 39 2
314 583 2 9
314 592 55 14
314 911 36 13
314 922 49 5
314 1114 58 14
314 1174 33 8
315 492 31 7
315 577 5 6
315 729 31 9
315 878 20 2
315 940 52 10
315 1189 13 6
316 499 23 3
316 766 35 7
316 806 8 11
316 1147 13 4
316 1177 26 12
317 381 43 10
317 615 15 13
317 830 36 11
317 900 41 6
317 917 6 2
318 717 47 8
318 721 60 10
318 820 42 10
318 833 54 12
318 940 4 4
318 1017 21 1
319 857 11 12
319 943 17 15
319 1085 44 5
319 1174 51 12
320 583 45 6
320 1077 56 5
320 1200 23 11
321 630 31 14
321 826 36 15
322 340 56 9
322 518 45 4
322 579 19 6
322 798 60 7
322 905 37 1
323 385 27 7
323 452 38 4
323 479 13 13
323 502 33 9
323 788 16 3
323 1001 34 2
323 1037 51 6
323 1076 40 14
324 469 35 10
324 567 39 3
324 674 27 15
324 750 28 1
324 828 16 5
324 878 22 2
324 988 41 2
325 381 28 12
325 424 17 14
325 453 1 10
325 749 53 10
325 898 58 3
325 907 34 1
325 938 12 15
325 975 37 1
325 1130 1 8
326 369 44 7
326 421 56 15
326 574 31 5
326 583 11 13
326 663 38 3
326 671 15 12
326 864 3 2
326 1124 36 7
326 1129 49 7
326 1170 59 8
327 335 60 12
327 492 25 9
327 648 43 7
327 895 53 7
327 1051 51 4
327 1132 19 9
328 488 10 9
328 511 26 15
328 557 47 8
328 565 19 1
328 593 20 4
328 605 26 10
328 905 59 6
329 371 18 2
329 380 17 2
329 402 17 10
329 441 25 12
329 466 35 12
329 725 37 2
329 865 38 11
329 906 27 6
329 938 55 4
329 1013 37 1
330 501 29 8
330 507 41 12
330 518 50 3
330 630 3 6
330 735 1 14
330 912 33 6
330 978 5 15
330 1122 46 9
331 368 12 13
331 400 55 10
331 586 34 1
331 608 54 2
331 724 21 8
331 898 11 4
332 462 48 15
332 468 41 8
332 506 59 9
332 625 40 7
332 630 29 11
332 758 15 12
332 796 27 8
332 856 12 13
332 870 23 5
332 935 37 15
333 831 6 8
333 880 45 4
333 970 55 3
333 975 54 8
333 1088 28 12
333 1097 59 14
334 447 33 15
334 652 59 2
334 653 7 5
334 788 6 1
334 1048 49 9
335 640 47 3
335 710 5 15
335 746 34 10
335 968 47 7
335 1081 44 2
336 414 2 9
336 557 50 6
336 700 51 4
336 802 32 14
336 819 11 15
336 859 54 1
336 868 56 13
337 414 43 10
337 476 15 12
337 749 6 2
337 864 30 8
337 1172 60 4
338 417 21 14
338 550 13 11
338 594 43 4
338 607 42 6
338 1133 37 7
339 347 60 9
339 511 39 5
339 726 50 14
339 779 41 12
339 833 28 11
339 882 13 9
339 1151 24 10
339 1159 55 6
340 482 43 5
340 570 14 3
340 878 46 13
340 973 18 4
341 476 4 1
341 478 58 8
341 629 12 5
341 664 4 13
341 826 49 1
341 1000 54 2
342 657 26 10
342 1173 58 12
342 1181 42 3
343 375 17 3
343 455 52 7
343 539 41 11
343 679 8 11
343 1129 30 12
344 353 29 7
344 432 1 15
344 504 44 5
344 664 29 2
344 667 52 8
344 691 39 14
344 891 60 2
344 1102 13 11
344 1135 36 10
344 1185 39 8
345 537 39 4
345 859 18 13
345 998 6 1
345 1144 36 11
346 393 36 10
346 618 2 8
346 712 41 13
346 879 16 6
346 1169 21 13
347 579 34 7
347 634 42 1
347 853 46 15
347 857 14 6
347 1166 49 5
347 1168 33 2
348 408 34 8
348 468 25 10
348 571 3 4
348 639 56 11
348 873 3 5
348 884 21 1
348 1117 6 6
349 492 3 15
349 849 52 1
350 356 21 14
350 394 18 15
350 927 3 12
350 1154 30 14
350 1179 57 1
351 409 17 3
351 485 27 5
351 749 21 7
351 893 6 9
352 636 48 15
352 642 9 14
352 718 57 1
352 751 50 4
352 763 1 3
352 874 56 7
352 898 8 8
352 1029 60 11
352 1180 35 7
353 434 38 13
353 704 11 10
353 749 35 8
353 812 48 15
353 832 35 13
353 1039 59 10
353 1124 43 15
353 1160 60 11
354 400 1 6
354 567 5 4
354 627 22 13
354 852 40 5
354 1074 29 5
355 506 14 9
355 537 54 3
355 869 42 15
355 996 28 8
355 1061 8 6
355 1107 16 7
356 725 59 7
356 923 54 14
356 1055 28 14
357 501 15 12
357 568 52 4
357 578 1 3
357 719 29 13
357 963 51 13
357 1161 26 9
358 616 9 4
358 695 17 8
358 810 10 15
358 1104 44 9
359 541 8 6
359 669 40 3
359 733 17 9
359 820 35 6
359 940 17 8
359 1105 14 5
359 1123 20 2
359 1130 32 14
360 701 9 2
360 764 50 8
360 1028 30 12
360 1041 54 5
361 445 32 6
361 515 53 2
361 624 31 6
361 743 6 12
361 778 52 12
361 868 14 14
361 908 57 1
361 982 7 5
362 446 10 11
362 621 59 15
362 774 11 7
362 809 10 13
362 911 5 15
362 917 17 2
362 1175 37 8
363 594 15 11
363 613 16 6
363 621 19 4
363 664 39 9
363 692 40 13
363 779 37 15
363 809 31 9
363 949 39 12
363 1104 14 2
364 399 51 6
364 473 9 9
364 547 55 6
364 596 23 6
364 640 22 14
364 671 13 5
364 887 36 14
364 1001 57 14
364 1047 29 13
364 1161 14 9
365 511 50 3
365 617 34 1
365 799 38 8
365 890 37 15
365 1161 22 1
365 1182 34 8
366 367 57 4
366 544 37 15
366 812 60 15
366 825 15 6
366 981 14 7
366 1025 11 13
366 1111 43 13
367 674 16 9
367 710 7 14
367 763 56 11
367 932 41 13
368 619 29 10
368 668 18 15
368 690 25 10
368 1014 4 9
368 1062 21 8
368 1174 50 1
369 543 31 14
369 892 43 1
369 1124 49 7
369 1193 55 12
370 372 8 5
370 469 8 9
370 660 47 10
370 1074 60 11
371 435 43 7
371 902 28 3
371 1042 2 11
371 1120 11 14
371 1144 57 14
371 1147 9 9
372 519 35 8
372 600 30 2
372 668 51 5
373 436 39 8
373 763 40 1
373 923 9 15
373 1058 6 5
373 1069 22 1
374 396 13 8
374 404 12 1
374 505 26 10
374 524 8 8
374 791 25 10
374 912 11 9
374 1106 37 5
375 394 48 3
375 552 7 9
375 704 37 13
375 713 18 11
375 741 29 3
375 790 40 13
375 893 11 3
375 1100 17 8
375 1155 35 2
376 484 3 3
376 524 37 5
376 583 23 1
376 910 51 11
376 1122 23 12
376 1140 49 14
377 407 3 1
377 499 28 8
377 534 10 9
377 663 24 2
377 887 38 2
377 1134 35 3
377 1173 35 4
377 1175 45 7
379 473 23 9
379 528 21 14
379 549 24 12
379 657 7 1
379 949 45 5
379 1182 6 10
379 1192 50 6
380 413 43 10
380 561 12 3
380 767 8 13
380 779 45 2
380 1114 29 8
381 418 26 9
381 615 39 12
381 683 1 13
381 1027 37 7
381 1070 13 14
382 424 22 12
382 647 7 15
382 649 16 1
382 816 28 7
382 884 36 12
382 916 29 11
382 1115 8 9
382 1172 15 5
383 412 41 14
383 507 3 13
383 544 5 11
383 575 46 14
383 1003 50 3
384 401 48 4
384 1025 45 9
384 1095 33 7
384 1177 15 15
385 515 47 5
385 553 41 13
385 595 4 14
385 680 34 8
385 739 20 4
385 1189 36 7
386 564 59 7
386 748 24 10
386 894 2 1
387 411 15 14
387 450 42 3
387 458 60 5
387 582 25 11
387 686 41 14
387 963 4 2
387 1083 8 2
388 473 1 11
388 511 3 11
388 754 35 9
388 812 17 1
389 453 39 2
389 483 4 4
389 547 9 9
389 931 51 15
390 473 50 10
390 498 37 12
390 808 58 8
390 994 18 4
391 417 43 13
391 959 60 9
392 438 4 5
392 665 12 11
392 762 55 2
392 932 17 8
393 399 12 15
393 541 38 2
393 690 3 13
393 720 55 7
393 807 1 7
393 1148 8 5
394 398 54 4
394 450 38 6
394 520 8 13
394 689 17 10
394 691 59 6
394 1120 51 14
396 524 26 15
396 763 6 3
396 839 44 9
396 852 19 12
396 1149 21 14
398 537 41 7
398 872 20 3
398 889 28 3
398 920 25 5
398 983 57 9
398 1013 10 2
398 1051 47 8
398 1124 6 6
399 461 36 10
399 509 9 3
399 679 20 2
399 772 39 3
400 527 46 2
400 776 32 1
401 478 12 1
401 522 29 8
401 741 42 13
401 810 32 12
401 929 17 3
401 940 8 13
401 1048 35 10
401 1083 38 12
402 688 56 6
402 698 9 12
402 1011 60 13
402 1041 39 12
403 486 31 2
403 487 21 15
403 505 20 14
403 518 50 8
403 591 23 3
403 718 26 5
403 805 32 1
403 1170 4 10
404 783 52 2
404 832 55 1
404 1065 22 4
405 512 36 5
405 725 34 6
405 730 7 14
405 756 10 13
405 797 33 3
405 950 58 15
405 1175 9 3
406 454 4 6
406 608 46 2
406 665 53 5
406 667 51 13
406 1112 49 14
406 1123 10 4
407 446 4 10
407 515 5 10
407 538 12 2
407 849 48 11
407 1076 29 12
407 1198 45 11
408 440 12 4
408 643 9 11
408 793 48 5
408 838 27 8
408 1024 24 3
408 1159 24 10
409 444 47 6
409 484 2 15
409 521 52 2
409 617 58 10
409 635 50 12
409 645 22 5
409 852 60 9
409 1019 14 10
409 1066 20 2
410 559 27 15
410 767 42 12
410 772 32 12
410 774 45 15
410 887 17 8
410 1077 2 6
411 838 8 13
411 1001 48 3
412 550 35 7
412 990 57 11
412 1176 42 12
412 1194 12 13
413 433 59 7
413 529 10 2
413 684 4 13
413 834 54 10
413 943 16 3
414 469 27 4
414 513 53 11
414 514 37 3
414 635 20 12
414 800 26 5
414 842 19 2
414 1182 16 5
415 741 56 11
415 793 44 7
415 991 35 4
415 1104 33 15
415 1121 4 13
416 678 51 13
416 706 53 1
416 743 19 11
416 774 14 1
416 992 10 10
416 1038 4 8
417 553 18 12
417 648 30 3
417 862 18 4
417 1132 14 2
418 774 26 15
418 949 34 15
418 983 52 12
418 1082 16 5
418 1160 31 2
419 669 23 6
419 689 27 14
419 726 21 1
419 753 54 2
419 851 57 3
419 960 29 4
419 1124 5 7
420 883 57 9
420 1002 39 14
420 1058 52 6
421 496 19 3
421 509 34 1
421 526 45 4
421 596 36 1
421 756 25 7
421 848 37 4
421 978 5 3
421 1067 57 9
422 583 23 1
422 627 55 3
422 816 15 12
422 956 8 11
423 815 34 11
424 576 42 2
424 793 39 10
425 617 2 13
425 746 47 13
425 771 45 1
425 837 18 12
425 932 30 2
425 977 27 5
425 1008 13 4
425 1015 58 8
425 1190 52 15
425 1192 4 1
426 470 40 7
426 948 6 12
426 1149 48 3
427 446 33 10
427 462 4 2
427 638 19 14
427 713 17 14
427 812 33 6
427 889 58 8
427 998 53 5
427 1113 60 2
428 483 26 14
428 571 14 6
428 640 51 6
428 687 10 10
428 702 14 2
428 950 22 15
428 1004 15 4
428 1144 14 15
429 473 57 14
429 627 35 13
429 652 9 6
429 729 40 12
429 734 42 4
429 856 16 7
429 880 53 11
429 954 32 7
429 1065 51 11
430 547 4 1
430 593 21 12
430 642 32 10
430 650 33 1
431 714 33 1
431 1039 48 9
432 538 4 5
432 567 34 2
432 576 28 1
432 711 41 4
432 783 31 9
432 862 23 15
432 883 51 7
432 908 21 5
432 921 49 8
433 601 25 5
433 602 11 12
433 818 58 10
433 964 2 2
433 1104 39 14
433 1107 24 10
434 436 46 11
434 617 11 4
434 691 11 6
434 817 12 13
434 877 38 13
434 1164 34 13
435 649 26 1
435 760 35 3
435 902 1 11
436 674 38 9
436 841 41 7
436 903 15 3
436 1000 44 13
437 489 56 9
437 569 15 4
437 756 16 6
437 946 38 6
437 1024 10 1
437 1150 33 1
438 462 5 8
438 561 39 1
438 695 16 7
438 1020 31 13
438 1081 32 8
438 1179 9 3
439 457 1 15
439 574 57 14
439 622 43 13
439 871 53 15
439 956 14 4
439 1075 15 11
440 787 54 13
440 822 51 10
440 864 5 2
440 1119 34 13
441 444 41 2
441 577 52 15
441 981 22 1
441 1115 44 11
442 837 27 10
442 1114 7 2
442 1161 34 9
443 512 40 13
443 611 58 2
443 720 37 7
443 737 14 13
443 754 49 10
443 893 34 11
443 970 40 12
443 1082 12 5
443 1108 57 7
443 1140 30 5
444 605 37 11
444 762 47 5
444 767 30 10
444 948 55 1
444 1034 12 2
445 673 52 15
445 760 55 3
445 905 5 12
445 1164 15 13
446 712 11 2
446 844 12 1
446 981 38 6
447 472 43 14
447 503 34 1
447 688 13 12
447 1070 24 7
448 502 33 7
448 581 1 13
448 646 30 14
448 960 8 6
448 979 1 1
448 1064 23 2
448 1156 48 5
449 760 37 8
449 768 6 10
449 776 35 4
449 786 50 3
450 760 58 14
450 781 2 4
450 899 51 7
450 1080 35 15
450 1161 44 7
450 1197 54 13
451 466 12 13
451 601 20 12
451 807 48 10
451 867 36 4
452 537 49 8
452 548 52 6
452 892 9 1
452 965 39 7
452 1024 38 4
452 1050 55 6
453 496 35 14
453 529 31 10
453 788 25 13
453 998 43 6
453 1116 55 11
454 814 60 11
454 986 44 5
454 1059 56 11
454 1060 55 15
455 502 35 4
455 695 50 3
455 815 27 6
455 822 30 4
455 892 29 15
455 914 4 11
455 971 36 11
455 979 50 9
455 1092 51 12
456 478 21 7
456 497 35 12
456 677 44 7
456 717 9 7
456 821 10 4
456 836 50 5
456 1015 35 4
456 1093 30 7
456 1121 33 1
457 540 55 1
457 663 43 1
457 964 30 11
457 965 45 1
457 1036 9 10
457 1153 18 12
458 529 39 6
458 805 35 12
458 832 60 3
458 1100 6 9
458 1110 47 9
458 1183 34 6
459 647 34 6
459 809 51 4
459 819 39 13
459 872 20 4
459 1141 29 1
459 1165 4 4
460 579 43 7
460 605 30 10
460 988 30 2
460 1145 2 5
460 1170 9 14
460 1197 60 3
461 693 59 5
461 703 50 2
461 743 17 5
462 491 46 15
462 621 40 3
462 900 50 1
463 518 38 10
463 687 7 10
463 775 22 15
463 789 24 5
463 800 26 4
463 829 19 13
463 840 53 5
463 855 13 8
463 915 2 3
463 1012 44 13
463 1022 57 12
463 1119 15 7
464 606 34 9
464 619 57 6
464 933 48 4
464 1027 1 10
465 560 3 5
465 604 50 4
465 713 15 5
465 970 23 10
465 1110 50 14
465 1199 37 12
466 579 32 1
466 1172 30 4
467 654 9 14
467 674 38 11
467 681 55 11
467 872 33 7
467 875 17 15
467 1053 30 11
468 512 29 13
468 604 4 9
468 609 6 14
468 861 43 12
468 978 18 4
468 1034 38 2
469 544 25 13
469 567 24 4
469 577 18 6
469 778 27 3
469 897 21 1
469 978 18 7
469 997 16 6
469 1032 2 9
469 1129 56 4
470 680 50 11
470 737 26 13
470 919 46 12
470 967 5 10
470 1058 27 8
471 756 1 9
471 931 59 12
471 945 50 10
472 695 49 8
472 726 8 5
472 745 45 1
472 857 26 4
472 901 16 13
472 1067 29 2
472 1172 9 3
473 893 24 11
473 968 59 8
473 1096 57 13
473 1177 59 8
474 508 25 9
474 526 6 12
474 535 35 6
474 586 8 8
474 809 32 11
474 942 18 3
475 687 8 13
475 752 17 8
475 822 15 7
475 1126 54 5
476 514 12 2
476 643 52 1
476 875 13 8
476 958 28 7
476 1179 17 8
477 559 9 12
477 1021 21 11
477 1118 55 12
478 565 24 15
478 568 6 3
478 911 59 5
478 1000 59 15
478 1048 6 13
479 593 38 3
479 599 23 12
479 841 19 14
479 1164 43 13
480 517 41 13
480 683 21 15
480 770 22 7
480 781 21 6
481 941 52 11
481 993 25 1
482 531 5 11
482 551 6 3
482 570 48 2
482 584 4 12
482 706 29 12
482 892 29 13
482 1067 27 2
482 1145 7 9
483 578 45 4
483 980 9 11
483 987 24 6
483 1130 3 15
483 1155 48 6
484 572 52 13
484 649 5 1
485 490 45 2
485 493 46 3
485 799 43 9
485 829 11 5
485 896 31 3
485 1100 30 15
486 596 41 9
486 876 8 12
486 887 15 13
486 941 41 10
486 1062 56 4
487 806 35 6
487 936 26 11
487 1074 53 4
488 563 36 14
488 607 18 13
488 712 43 1
488 883 25 9
488 938 31 5
488 1038 33 6
488 1177 4 13
489 1160 36 4
489 1193 30 10
490 530 51 2
490 549 41 13
490 620 26 4
490 635 4 10
490 693 21 11
490 1015 33 11
491 1072 44 15
492 531 38 3
492 738 52 14
492 741 39 2
492 742 47 2
492 754 42 6
492 890 3 11
492 899 9 8
492 1035 25 9
492 1054 50 2
493 698 8 14
493 1035 26 15
493 1056 10 2
494 632 40 3
494 793 22 6
494 851 18 9
494 1144 56 2
495 626 39 7
495 655 45 12
495 761 57 8
495 797 55 3
495 842 14 3
495 913 43 11
495 998 9 1
496 603 18 11
496 691 59 4
496 721 47 6
496 725 6 9
496 897 31 13
496 941 35 14
496 1084 33 11
497 620 7 12
497 638 57 6
497 1165 36 9
498 552 29 10
498 910 6 9
498 951 52 3
498 1019 17 12
498 1103 56 13
499 810 29 3
499 887 29 7
499 904 45 11
499 1067 59 5
499 1178 5 5
500 613 27 8
500 745 43 4
500 865 48 11
500 1183 52 1
500 1197 37 11
501 513 50 9
501 574 9 14
501 604 2 11
501 682 60 15
501 756 58 3
501 1053 55 4
501 1059 7 15
501 1111 11 6
502 780 38 12
502 915 30 6
502 984 41 3
502 1086 26 10
502 1097 5 6
502 1192 13 15
503 909 32 12
503 916 6 7
503 918 45 8
503 1042 38 9
504 1043 46 7
505 510 60 7
505 511 32 13
505 924 57 15
505 945 3 12
506 549 46 12
506 724 56 4
506 859 53 2
506 950 28 2
506 977 34 8
506 1125 4 7
506 1173 10 4
507 770 41 8
507 860 1 8
507 1056 24 3
507 1096 29 10
508 563 15 11
508 668 58 5
508 740 11 2
508 908 23 13
509 644 30 14
509 709 58 11
509 816 5 4
509 1038 41 7
510 520 45 9
510 612 28 3
510 735 2 6
510 1031 59 9
511 540 29 4
511 620 47 9
511 629 4 2
511 809 10 15
511 983 16 5
511 1031 19 3
512 567 37 3
512 634 51 9
512 717 20 9
512 982 40 14
512 1170 56 4
513 533 3 4
513 627 43 2
513 628 55 2
513 675 17 2
513 861 6 7
514 641 28 8
514 1006 29 8
514 1107 44 2
514 1122 13 6
515 524 27 1
515 661 51 6
515 1190 13 7
515 1193 23 14
516 729 48 3
516 764 26 13
516 922 23 4
517 651 5 12
517 659 52 10
517 828 23 12
517 1032 21 11
518 727 32 1
518 744 24 4
518 773 29 13
518 813 40 9
518 1003 11 8
518 1028 30 14
518 1048 12 2
518 1172 55 15
519 571 58 8
519 667 8 9
519 711 49 7
519 727 51 5
519 845 31 9
519 1178 8 3
519 1186 11 2
520 601 25 1
520 781 10 6
520 1147 59 11
521 539 10 11
521 791 38 3
521 853 54 14
521 1199 16 10
522 673 20 4
522 715 5 10
522 826 36 4
522 887 17 6
522 888 25 6
522 903 60 4
522 1128 14 7
522 1190 52 7
523 528 52 5
523 586 12 15
523 1060 35 13
524 649 32 5
524 682 55 14
524 899 26 8
524 1031 10 9
524 1173 52 11
525 535 9 2
525 543 26 7
525 620 28 13
525 1137 4 13
526 531 33 1
526 540 12 11
526 618 17 3
526 791 3 1
526 899 50 13
526 1107 60 15
526 1190 36 10
527 545 22 10
527 609 9 6
527 629 23 3
527 663 21 7
527 672 34 3
527 815 56 14
527 1044 42 3
528 590 45 8
528 686 25 4
528 844 25 6
528 1037 3 4
529 734 30 8
529 886 38 4
529 1036 53 11
529 1141 51 10
529 1185 14 9
530 696 10 5
530 941 23 12
530 1005 54 6
530 1039 6 3
530 1129 55 2
531 606 10 2
531 844 43 8
531 846 15 5
531 891 21 7
531 1056 23 12
531 1077 41 10
531 1083 34 14
532 711 14 10
532 805 47 8
532 1077 58 11
533 613 9 13
533 696 28 2
533 931 52 4
534 739 33 10
534 801 60 2
535 576 30 15
535 803 18 9
535 842 39 5
535 1068 25 10
536 609 30 4
537 597 48 11
537 749 47 15
537 763 16 9
537 778 45 12
537 798 58 2
537 1016 33 9
537 1132 5 4
538 941 35 13
538 951 56 10
538 1028 31 10
538 1105 16 3
539 1034 51 12
540 729 14 7
540 752 38 5
540 905 25 11
540 948 29 15
540 959 18 5
540 1080 44 12
540 1128 9 1
540 1161 50 10
541 669 51 1
541 690 41 15
542 840 29 3
542 930 18 13
542 950 17 7
543 858 2 3
543 861 55 6
543 868 35 13
543 977 38 13
543 1037 17 9
543 1164 7 7
544 613 33 15
544 670 46 1
544 671 8 5
544 716 12 5
544 849 12 10
544 1162 42 9
544 1180 28 2
545 593 2 15
545 778 60 15
546 573 33 15
546 701 59 15
546 948 36 7
546 958 33 8
547 732 19 15
547 880 10 10
547 953 37 8
547 975 2 8
547 1077 4 11
547 1183 60 10
548 614 56 8
548 677 30 4
548 804 51 11
548 1160 60 6
549 839 33 15
549 1098 51 3
550 556 46 6
550 595 13 4
550 952 59 4
550 1063 22 5
550 1070 42 2
550 1109 58 10
550 1157 16 5
550 1186 11 1
551 782 45 10
551 847 31 7
551 853 16 10
551 926 50 13
551 959 59 4
551 982 51 13
552 704 3 15
552 970 26 6
553 655 58 7
553 1018 38 12
554 812 56 7
554 919 57 14
554 1089 6 12
554 1166 16 13
554 1184 33 11
555 628 56 7
555 887 11 9
555 985 6 11
555 1120 8 1
556 796 1 14
557 570 58 8
557 800 54 4
557 1163 7 11
558 584 14 1
558 603 32 10
558 609 35 7
558 621 38 4
558 909 23 12
559 743 10 13
559 1162 14 6
559 1186 33 5
560 704 59 4
560 1099 49 8
560 1105 2 5
561 809 48 15
561 958 54 2
561 1101 33 5
562 812 39 7
562 875 11 14
562 926 37 8
562 1170 32 15
563 779 36 1
564 576 14 12
564 583 59 6
564 703 51 5
564 1094 49 4
565 595 24 8
565 679 46 15
565 837 45 2
565 850 34 14
565 1091 18 4
565 1124 33 14
565 1197 9 3
566 937 40 5
567 595 6 5
567 843 13 13
567 944 46 10
567 1055 29 9
568 604 6 10
568 769 29 2
568 977 52 11
568 984 11 3
568 1096 22 14
569 742 59 11
569 751 48 14
569 1020 51 10
569 1087 29 2
569 1149 57 14
569 1197 18 11
570 615 30 12
570 751 6 8
570 754 33 4
570 769 50 3
570 905 50 14
570 988 19 7
571 770 24 10
571 889 18 6
571 920 59 5
571 1133 34 11
572 649 3 14
572 738 14 11
572 1141 15 14
573 596 2 14
573 611 8 7
573 974 49 3
574 636 50 8
574 872 45 2
574 987 50 15
574 1055 5 1
574 1157 7 1
575 863 34 10
575 864 60 10
575 1094 2 8
575 1117 10 11
576 648 8 3
576 750 30 4
576 946 33 10
576 961 26 9
576 1071 17 1
576 1162 42 8
577 612 55 6
577 913 21 3
577 1179 19 3
578 712 52 2
578 1083 18 15
578 1176 24 9
579 590 23 6
579 695 32 6
579 849 48 3
579 916 15 4
580 616 10 9
580 867 2 11
580 944 7 14
580 972 5 13
580 1011 21 14
581 863 38 5
581 881 13 8
581 1018 40 12
581 1019 19 3
581 1039 24 5
581 1063 54 5
582 595 51 12
582 653 5 7
582 724 26 3
582 943 53 9
582 948 38 2
582 975 27 14
582 987 4 10
582 1007 36 11
583 631 7 4
583 682 31 4
583 795 25 14
583 849 6 8
583 1103 1 14
583 1171 35 2
585 620 35 8
585 699 18 13
585 1199 3 9
586 846 17 15
586 1151 31 14
587 694 37 4
587 981 11 9
587 1146 60 5
588 663 25 12
588 880 60 5
588 1026 3 6
588 1083 27 12
589 700 30 11
589 726 6 15
589 810 6 13
589 868 51 11
589 1024 35 2
590 629 57 4
590 800 4 7
590 946 12 13
591 627 17 12
591 800 47 6
591 857 40 13
591 1074 17 11
592 765 17 6
592 1057 34 4
593 606 5 8
593 1068 42 13
594 750 45 2
594 784 8 6
594 924 47 7
594 1152 54 2
596 729 51 2
596 783 10 4
596 883 38 3
596 961 30 7
596 1006 46 2
596 1093 4 8
596 1128 9 11
596 1158 23 3
597 1016 42 6
598 625 19 13
598 650 44 12
598 702 12 4
598 1046 47 10
598 1107 53 7
598 1124 46 14
598 1132 1 13
598 1173 3 6
598 1180 51 11
599 684 2 11
599 774 57 8
599 784 11 8
599 1039 36 11
599 1107 40 1
600 659 43 8
600 752 54 13
600 928 39 3
600 932 60 8
601 779 17 2
601 856 11 1
601 862 11 12
601 881 24 14
601 961 1 11
601 1037 26 3
601 1057 47 14
601 1170 50 12
602 659 2 3
602 673 11 13
602 1153 27 12
603 736 27 13
603 981 58 14
603 1161 2 8
604 631 58 13
604 667 3 14
604 688 32 7
604 867 42 6
604 921 3 13
605 794 29 7
606 662 22 3
606 765 3 2
606 1109 32 14
608 792 23 9
608 827 42 2
608 1133 52 4
608 1134 56 14
609 652 34 5
609 685 32 13
609 719 49 15
609 801 28 5
609 874 5 2
609 877 5 10
609 1102 53 4
609 1114 48 15
610 819 55 3
610 942 54 6
610 1124 55 3
611 694 19 6
611 896 15 7
611 958 23 11
611 1006 33 11
611 1052 30 12
611 1110 2 3
611 1179 7 9
612 666 28 10
612 924 55 3
612 1184 59 5
613 1069 60 3
613 1147 37 15
614 751 1 8
614 884 48 5
614 1008 28 9
615 952 10 3
615 1046 49 11
615 1066 43 14
615 1197 32 5
616 652 43 15
616 803 30 9
616 885 13 5
616 937 20 5
616 966 20 6
616 1070 27 5
616 1153 3 1
616 1170 58 2
617 708 44 11
617 735 41 8
617 744 30 15
617 769 3 10
617 993 12 12
617 1030 6 3
618 786 39 12
618 1005 6 2
619 805 22 3
620 792 29 4
620 807 27 6
621 745 28 11
622 642 44 4
622 661 20 11
622 1001 16 12
622 1033 58 5
622 1087 55 10
623 1082 13 2
624 1101 33 15
624 1122 41 12
624 1192 22 11
625 746 48 13
625 751 55 1
625 871 17 3
625 950 42 15
625 963 49 8
625 1016 10 10
626 726 13 8
626 773 48 5
626 956 45 10
627 637 20 7
627 826 35 4
627 952 50 1
627 1036 34 8
627 1172 42 3
628 633 55 7
628 659 41 3
628 776 38 14
628 909 33 2
629 704 46 15
629 710 52 11
629 713 47 12
629 1166 59 8
630 738 34 12
630 997 36 10
630 1084 30 4
630 1151 46 3
631 893 46 8
631 1028 41 5
632 674 19 10
632 748 38 8
632 979 28 15
632 1112 52 1
632 1164 6 4
633 910 21 3
634 636 56 11
634 890 5 8
635 719 35 2
635 728 12 13
635 842 60 13
635 920 15 10
636 870 16 4
636 925 54 5
636 1010 18 13
636 1074 45 3
636 1138 32 12
637 750 3 11
637 1174 21 1
638 640 59 6
638 644 28 3
638 665 14 9
638 689 52 9
638 743 47 1
639 780 43 8
639 903 8 7
639 1009 10 10
639 1068 36 13
639 1170 21 1
639 1185 17 9
640 690 8 4
640 1100 14 1
642 755 45 2
642 806 49 2
642 867 37 14
642 882 17 3
642 924 15 13
643 694 15 14
643 743 54 13
643 803 5 15
643 1100 29 3
644 762 39 15
644 770 17 4
644 969 53 11
644 979 42 1
644 1036 27 7
645 826 31 8
645 890 15 6
646 790 29 3
646 859 24 7
646 1065 46 14
647 972 26 14
647 973 28 6
648 700 12 8
648 929 45 3
648 1070 14 9
649 1185 49 10
650 732 16 14
650 911 40 12
650 940 46 6
650 971 29 10
650 1129 4 8
650 1163 5 8
650 1171 27 10
651 1096 54 12
652 772 32 15
652 909 39 15
652 1125 30 11
653 711 50 13
653 1079 27 15
653 1099 49 4
653 1171 18 12
654 658 17 2
654 861 43 7
654 916 31 2
655 1154 43 4
655 1185 43 9
656 691 24 13
656 773 54 5
656 815 37 1
656 912 18 6
656 1017 48 2
656 1063 56 15
656 1130 7 7
656 1165 47 13
657 1019 30 9
657 1091 59 5
658 1006 27 13
659 704 16 2
660 801 42 3
660 928 50 8
660 929 39 11
661 861 23 5
661 905 25 15
661 1097 49 4
661 1160 19 6
662 915 19 12
662 1040 55 8
662 1114 15 6
663 799 21 14
663 847 55 10
663 1107 10 6
663 1148 56 7
664 672 17 7
664 922 10 10
664 956 30 13
665 689 31 13
665 763 57 3
665 802 53 10
665 937 3 11
665 1058 17 12
665 1092 46 7
665 1103 1 13
666 912 37 13
666 1073 28 8
667 680 46 1
667 871 13 14
667 994 25 9
668 752 25 3
668 1009 52 11
668 1126 46 7
668 1169 41 15
668 1191 26 13
669 800 31 1
669 967 41 1
669 1020 8 6
670 789 7 1
670 822 54 11
670 909 12 14
670 1161 34 12
671 925 18 14
671 1072 28 10
672 748 55 6
672 972 31 14
672 1121 32 7
673 741 28 10
673 799 3 10
673 883 28 2
674 705 1 4
674 826 24 2
674 954 51 9
674 977 7 14
675 774 11 15
675 794 3 11
675 1008 48 6
676 694 30 7
676 1072 34 9
676 1199 31 9
677 751 48 15
677 801 21 8
677 1070 10 5
678 731 22 1
678 942 28 3
678 950 6 1
679 977 23 3
679 1098 14 10
680 786 42 6
680 829 17 3
680 919 51 10
680 988 14 8
680 1046 46 3
680 1180 17 5
681 737 39 1
681 1106 55 13
681 1145 6 11
681 1195 7 5
682 694 36 14
682 781 57 12
682 1143 16 4
683 742 18 8
683 879 10 2
683 893 10 12
683 997 23 13
683 1094 57 6
683 1137 37 8
684 900 3 15
684 988 52 12
684 1156 8 9
685 768 23 13
685 786 29 6
685 998 8 6
686 867 29 11
686 970 60 13
686 981 45 14
687 1119 28 7
688 717 48 13
688 963 40 10
688 1138 12 8
689 697 9 14
689 729 55 9
689 733 21 6
689 823 16 10
689 912 8 3
689 1003 30 6
689 1072 24 6
689 1173 46 3
690 857 34 5
690 874 16 1
690 886 12 11
690 888 38 1
690 974 5 13
690 1005 49 5
690 1079 44 11
691 865 27 3
691 886 22 15
691 1007 19 4
691 1037 9 8
691 1128 15 3
691 1175 45 8
692 718 54 11
692 746 40 4
692 1068 58 3
692 1069 50 7
693 901 1 1
693 1113 25 9
693 1174 4 9
694 885 8 8
694 1120 24 4
694 1158 6 4
694 1200 19 12
695 730 15 7
695 763 51 14
695 888 39 12
695 1061 4 15
695 1149 31 11
696 710 21 12
696 758 54 13
696 765 35 2
696 804 31 7
696 886 32 10
696 945 54 13
696 972 57 4
696 1102 12 13
696 1116 17 8
697 760 13 10
697 1105 13 5
698 719 50 2
698 722 8 14
698 1010 59 7
699 947 29 9
699 956 43 1
699 1029 18 9
700 796 29 10
700 807 20 4
700 1057 57 6
700 1116 6 15
700 1176 23 7
701 854 51 2
702 746 20 3
702 868 30 10
702 1093 16 12
702 1131 59 14
702 1139 4 6
703 798 12 9
703 978 31 15
703 998 7 14
703 1048 59 4
704 757 32 13
704 832 52 10
704 877 35 11
704 920 32 6
705 720 25 13
705 871 7 8
705 963 47 3
705 991 14 3
705 1062 4 10
705 1106 60 6
706 862 54 10
706 1087 52 15
707 720 4 11
707 782 17 7
707 876 13 8
707 977 14 12
707 979 10 13
707 994 58 9
707 1076 15 12
708 767 35 6
708 1022 46 10
708 1067 28 3
709 999 44 11
709 1023 5 8
710 746 3 13
711 844 33 8
711 925 44 11
711 1162 49 15
712 740 44 8
712 867 31 14
712 1098 40 9
713 787 38 12
713 1018 25 10
714 767 33 14
714 835 14 5
714 910 4 1
714 994 41 13
715 776 40 3
715 910 29 12
715 1065 33 15
715 1117 33 14
715 1167 21 13
716 953 46 13
716 969 37 3
716 1096 45 3
717 854 57 11
718 872 20 13
718 968 23 10
718 986 4 3
718 1103 45 15
718 1115 26 14
718 1138 15 14
718 1158 23 1
719 871 37 1
719 945 38 6
719 1067 35 9
720 933 58 3
720 997 52 2
720 1005 1 2
720 1066 44 8
720 1169 31 7
720 1176 33 3
721 723 1 1
721 766 55 8
721 1053 10 15
722 1178 16 6
724 739 5 14
724 914 45 9
724 922 13 7
724 1074 46 13
725 918 8 3
725 1030 41 4
725 1094 13 2
725 1183 3 5
727 827 23 15
727 918 45 3
727 921 50 3
727 1138 46 15
728 910 45 4
728 952 46 5
728 1029 34 7
728 1081 60 4
728 1106 47 12
730 993 34 15
730 1083 23 3
730 1169 4 14
731 872 49 2
731 923 37 7
731 1005 29 3
731 1154 30 12
731 1179 23 10
731 1190 2 4
732 853 26 4
732 972 55 5
732 1027 45 10
732 1107 1 13
732 1126 34 5
734 783 44 3
734 1010 44 12
734 1025 8 9
734 1129 37 5
734 1160 10 12
735 955 11 13
735 1001 3 4
736 747 44 14
736 897 8 1
737 780 53 14
737 875 51 6
737 895 50 5
737 929 55 12
737 1048 47 4
737 1111 50 15
738 880 34 7
738 1031 42 10
738 1164 13 3
739 839 37 11
739 866 43 7
739 903 44 4
739 974 26 14
739 1154 55 10
740 918 55 9
740 977 58 3
740 999 57 6
740 1071 38 12
740 1144 5 7
741 778 40 7
741 900 42 12
741 991 2 6
742 846 14 15
742 1179 11 5
743 776 55 14
743 994 60 14
743 1010 44 5
743 1014 22 4
744 808 59 14
744 999 60 5
744 1088 48 10
744 1190 33 3
745 808 18 7
746 750 10 15
746 981 52 8
746 984 52 9
747 898 58 13
747 906 55 9
747 1063 4 10
748 752 30 6
748 755 19 3
748 806 51 1
748 997 22 2
749 867 36 6
750 827 7 3
750 922 37 14
750 1108 31 5
751 801 36 11
751 841 31 14
751 984 50 3
752 798 31 10
752 814 10 13
752 876 2 2
752 959 2 10
752 1144 59 6
754 1094 54 15
754 1194 46 10
755 788 34 4
755 899 47 10
755 1106 21 4
755 1151 6 14
756 928 44 8
756 977 24 13
757 811 12 10
757 821 58 11
757 866 43 12
757 880 33 8
758 815 34 1
758 1152 22 4
759 839 3 9
759 919 29 9
759 1180 12 4
760 768 40 9
760 1069 50 12
760 1088 2 5
761 845 33 14
761 1197 24 14
762 945 13 1
762 1003 37 15
762 1130 55 14
763 832 50 14
763 834 49 9
763 1031 14 12
764 788 26 2
764 931 11 5
764 1089 30 11
764 1157 59 12
765 812 2 2
765 949 56 10
766 919 52 8
766 969 2 4
766 1159 22 9
767 891 59 4
767 1194 47 11
768 941 53 10
768 1184 2 4
769 1097 23 8
769 1190 31 11
769 1193 38 11
770 785 51 14
770 951 39 4
770 960 6 12
770 1017 35 6
770 1060 35 12
770 1125 25 15
771 812 5 4
771 887 9 14
771 1024 45 3
772 797 47 4
772 972 17 2
772 977 43 9
772 1199 17 14
773 932 1 7
773 957 7 1
775 1010 6 9
775 1084 44 15
776 951 58 14
776 1011 8 2
776 1060 2 7
776 1155 1 7
777 861 35 2
777 922 11 6
777 1058 18 11
778 804 3 10
778 902 13 4
778 936 54 12
779 1042 58 10
780 853 23 12
780 856 5 9
780 959 55 12
780 1073 3 14
781 873 21 4
781 998 39 6
783 1034 27 7
783 1047 34 12
783 1104 48 5
783 1195 45 13
784 845 1 15
784 1068 57 4
785 826 58 7
785 931 26 4
785 1070 23 11
785 1146 6 1
785 1191 25 2
786 962 48 1
786 988 28 3
786 1156 8 10
787 875 27 8
789 805 45 4
789 851 10 9
789 877 40 12
789 910 32 12
789 933 28 14
789 1008 14 14
789 1111 48 15
789 1129 2 12
790 1183 49 12
791 858 28 3
791 1063 52 9
792 944 38 3
792 1007 18 13
792 1024 54 1
793 1126 8 6
793 1165 19 11
794 887 28 12
794 939 55 15
794 1144 16 8
794 1169 46 12
795 886 57 4
795 1002 30 12
795 1040 5 13
795 1096 28 3
795 1105 42 7
796 894 46 11
797 948 13 12
798 1046 37 3
799 932 16 1
799 942 19 4
799 1083 5 6
800 802 37 7
800 815 25 11
800 828 15 2
800 849 13 6
800 1159 44 14
801 850 30 8
802 893 53 6
802 916 22 1
802 977 13 14
802 987 33 14
802 1119 29 7
803 973 51 8
803 1187 18 12
803 1198 55 3
804 871 52 8
804 1090 29 9
805 806 38 2
805 1018 47 4
806 820 17 11
806 990 12 13
807 907 26 5
808 1051 34 15
810 816 16 11
810 825 21 9
810 844 7 12
810 1095 49 5
810 1142 1 5
811 848 25 15
811 960 54 3
812 816 57 12
812 905 23 13
814 968 21 9
814 1023 25 12
814 1073 7 3
814 1128 32 14
815 869 20 5
815 1157 15 15
816 1170 34 8
817 834 26 12
817 1020 38 13
817 1105 7 3
817 1166 52 13
819 850 32 4
820 943 46 3
820 996 34 12
820 1064 21 12
821 881 11 12
821 1121 57 5
822 935 31 11
822 964 33 13
823 888 18 12
823 974 43 6
823 976 9 10
824 992 51 10
824 1109 2 6
825 1003 2 10
825 1068 6 1
826 972 41 14
826 1007 56 15
826 1135 59 14
827 994 12 12
827 1007 9 12
827 1097 21 14
827 1154 58 5
827 1189 3 9
828 1080 3 7
828 1111 38 9
829 1013 29 3
829 1102 35 13
830 870 39 5
830 1193 14 10
831 834 10 11
831 951 32 11
831 1077 38 7
831 1118 26 7
832 1085 21 1
832 1102 18 13
833 840 47 2
833 873 39 1
833 882 49 6
833 1055 55 14
833 1061 28 1
834 1143 21 9
835 849 36 7
835 919 53 6
835 1062 29 3
836 864 13 5
836 894 31 6
836 899 55 3
836 1065 59 12
836 1084 55 13
836 1171 17 9
837 865 58 6
837 1119 24 13
839 1046 49 13
840 868 60 6
840 1098 50 7
840 1113 12 2
840 1136 44 14
840 1200 46 1
841 1054 26 2
841 1055 56 9
842 999 40 8
842 1080 27 14
842 1173 58 7
843 878 33 14
844 1140 13 5
844 1152 51 3
845 1161 46 6
846 934 47 1
846 998 3 3
846 1000 4 6
847 857 31 11
847 879 10 10
847 998 51 8
848 1140 37 6
849 861 13 6
849 1040 3 12
849 1057 48 10
850 866 32 10
851 874 22 3
851 1066 59 14
851 1073 58 7
851 1146 35 4
851 1188 36 2
852 1129 31 3
853 953 5 11
853 1066 46 12
853 1101 34 1
854 946 14 9
855 949 5 8
857 924 26 5
857 1153 31 6
858 911 12 8
858 1038 29 2
858 1188 40 2
859 896 43 1
859 902 1 10
860 1024 48 12
860 1048 38 7
860 1143 45 6
860 1189 51 14
861 949 40 13
861 966 15 6
861 969 53 2
861 983 24 2
861 1037 50 6
861 1121 48 15
861 1143 45 3
861 1190 37 1
862 1086 45 3
863 976 43 14
863 1017 8 4
863 1088 22 9
863 1089 13 7
863 1196 28 9
864 957 3 6
864 979 58 3
864 1127 11 2
865 930 24 8
866 899 38 11
866 1077 23 14
866 1142 2 5
867 977 8 1
867 1163 30 4
868 904 58 12
868 1047 14 7
868 1064 23 10
868 1070 3 1
868 1093 15 13
868 1164 22 5
868 1186 1 3
869 883 26 7
869 950 24 4
869 1048 52 8
872 1046 41 4
872 1173 1 7
873 995 58 7
874 1180 60 1
875 1005 8 14
878 966 1 8
878 1081 26 6
878 1098 22 9
878 1145 38 13
878 1187 55 12
878 1189 33 11
880 938 45 13
880 968 17 10
880 1015 14 12
880 1081 27 11
881 903 60 11
881 1097 59 15
881 1128 49 13
881 1181 28 6
882 1001 1 4
882 1187 12 8
883 934 9 11
883 940 22 6
883 969 45 7
883 1089 34 2
883 1110 38 5
884 1075 2 12
884 1087 35 14
884 1154 40 15
884 1194 15 6
885 1026 57 7
887 947 47 11
887 971 45 13
887 984 16 11
887 1001 56 13
887 1190 57 12
888 1131 40 4
890 969 28 13
890 1018 55 6
890 1156 47 8
891 1083 41 10
892 994 27 13
892 1171 27 6
892 1193 7 5
893 934 34 8
893 1109 27 9
894 1053 20 13
894 1145 44 9
895 976 29 8
895 1155 1 12
896 1167 51 3
897 925 16 4
897 927 51 1
897 1083 55 11
897 1143 8 12
898 936 38 15
899 1175 54 8
900 911 6 6
900 931 41 5
900 987 11 2
900 1060 55 10
900 1078 8 13
901 926 9 1
901 1014 32 15
901 1032 50 13
902 976 51 13
902 1100 14 12
903 960 58 9
905 1070 18 11
905 1119 48 1
905 1181 26 10
906 920 16 14
906 1095 18 4
907 1110 19 1
907 1121 38 15
907 1124 60 7
908 920 14 7
908 1128 30 14
909 973 26 7
909 1123 23 3
910 1067 56 4
910 1082 6 2
911 936 36 1
911 942 56 13
911 1074 44 6
912 1001 2 14
913 1098 28 4
914 1011 8 8
914 1041 16 3
914 1105 32 6
916 1041 29 13
916 1149 46 11
916 1183 6 7
916 1186 44 13
917 1101 33 12
918 1091 5 6
919 1043 3 5
920 1043 35 15
920 1046 31 7
921 947 58 3
921 1021 3 5
921 1054 56 11
921 1094 17 4
922 1010 24 5
922 1013 25 10
922 1085 51 4
922 1120 60 6
923 931 32 14
923 948 4 2
923 1045 32 7
923 1085 40 14
924 1199 41 9
925 1016 38 5
926 1121 23 11
927 945 16 9
927 957 34 1
927 1036 1 15
927 1046 15 14
928 931 23 3
929 1035 44 8
930 1124 35 13
931 993 7 11
931 1036 13 15
931 1037 23 10
931 1150 2 8
932 1075 20 15
933 1028 10 9
933 1030 53 14
933 1037 3 2
933 1113 46 5
936 1032 49 8
936 1094 55 9
936 1104 27 3
936 1113 27 6
937 993 41 8
938 1200 8 4
940 982 53 7
940 1026 2 4
940 1060 53 8
941 1137 7 1
941 1149 59 3
942 954 13 12
942 976 11 12
942 1049 2 7
942 1097 5 12
944 1072 8 9
945 997 29 14
946 949 1 3
946 1009 27 12
946 1107 11 11
947 969 17 10
947 1121 12 3
947 1155 40 12
949 1118 31 3
950 1128 48 6
951 1066 41 10
951 1183 13 11
952 998 2 11
953 1003 26 12
953 1115 56 9
953 1143 51 3
954 1179 58 5
955 1014 13 14
956 1017 3 8
956 1170 13 5
957 997 46 14
957 1002 52 15
957 1197 37 5
958 1037 2 1
958 1115 49 2
958 1146 48 13
959 984 34 15
959 993 44 9
959 1185 12 11
962 1169 17 8
963 1118 5 8
963 1135 15 3
965 1114 20 12
967 1017 50 11
968 1061 36 12
968 1094 31 8
968 1099 38 15
969 1015 12 8
971 1017 47 14
972 1028 4 3
973 1014 58 14
973 1157 50 1
974 1133 40 7
975 1037 49 12
975 1140 50 13
975 1172 12 6
976 985 51 7
977 1045 15 8
977 1087 57 2
977 1095 31 2
977 1165 2 9
977 1171 31 15
977 1174 32 9
980 1081 29 2
980 1146 27 14
981 986 54 4
982 1080 16 8
982 1129 22 12
983 1038 28 12
983 1072 27 5
983 1121 42 10
983 1160 40 10
984 1200 3 14
985 1036 20 1
985 1122 6 6
986 1097 59 4
987 1002 56 8
988 1032 22 5
991 1048 12 15
992 1136 53 12
992 1140 58 6
992 1156 52 9
993 1094 52 10
994 1053 40 9
995 1004 44 15
996 1094 26 3
997 1020 10 14
998 1147 57 3
998 1166 53 4
999 1014 29 2
999 1068 29 3
999 1166 8 6
999 1174 45 13
1000 1026 42 8
1000 1140 21 5
1000 1180 30 14
1001 1179 52 8
1002 1094 30 11
1003 1071 22 14
1004 1186 37 14
1005 1034 6 8
1006 1060 42 8
1007 1024 40 14
1007 1099 33 2
1007 1200 24 5
1008 1187 26 3
1009 1139 48 8
1011 1107 25 12
1011 1184 32 12
1014 1041 47 4
1014 1048 24 13
1015 1164 22 8
1016 1042 26 3
1016 1134 38 13
1016 1184 52 14
1018 1084 32 8
1020 1122 27 8
1021 1098 41 2
1021 1186 27 12
1023 1073 23 10
1024 1048 25 7
1025 1060 18 12
1025 1104 60 6
1025 1153 14 10
1027 1040 39 12
1028 1032 34 14
1028 1058 56 2
1028 1152 41 7
1030 1073 58 2
1031 1188 5 4
1033 1136 26 11
1033 1200 57 10
1034 1045 48 8
1035 1056 30 9
1035 1167 18 3
1035 1177 24 4
1036 1057 11 13
1037 1181 24 15
1038 1039 24 2
1038 1138 16 3
1040 1042 41 4
1044 1049 12 12
1044 1078 26 12
1044 1134 34 11
1047 1170 27 5
1048 1075 50 4
1050 1157 6 5
1052 1070 35 10
1054 1084 34 11
1054 1190 4 2
1055 1059 12 6
1055 1095 36 10
1056 1171 32 6
1057 1133 40 10
1058 1176 49 4
1060 1151 12 1
1063 1087 8 10
1063 1092 36 3
1065 1133 46 11
1066 1163 16 2
1068 1076 16 12
1073 1131 11 4
1074 1115 15 6
1075 1104 39 15
1076 1084 37 13
1077 1147 20 5
1077 1179 1 9
1079 1124 16 10
1084 1093 15 2
1085 1118 2 2
1085 1187 33 7
1087 1181 5 6
1088 1174 55 13
1089 1184 46 9
1091 1191 21 5
1092 1183 42 12
1094 1122 11 13
1095 1116 51 7
1098 1122 3 10
1102 1148 4 14
1103 1190 16 6
1104 1107 15 4
1105 1141 24 15
1106 1157 4 1
1110 1124 2 13
1112 1137 33 2
1113 1114 37 7
1114 1157 38 13
1116 1169 22 8
1119 1144 12 1
1120 1182 46 15
1122 1173 1 3
1123 1192 23 5
1124 1132 21 7
1127 1200 44 10
1130 1160 30 4
1131 1146 52 6
1134 1194 46 2
1137 1148 27 4
1138 1165 26 15
1141 1157 55 8
1149 1155 22 4
1152 1178 52 3
1155 1176 32 12
1159 1182 1 7
1168 1174 24 11
1168 1196 45 12
1169 1173 48 2
1183 1196 33 5
1184 1194 57 4

0 3 43
1 17 32
2 22 29
3 42 46
4 50 27
5 52 41
6 65 21
7 85 21
8 91 39
9 98 44
10 104 28
11 105 35
12 131 21
13 137 48
14 147 19
15 155 35
16 156 33
17 171 15
18 172 34
19 182 41
20 185 48
21 187 30
22 200 9
23 202 31
24 221 23
25 225 49
26 234 31
27 268 27
28 278 48
29 284 27
30 338 18
31 339 18
32 340 46
33 369 3
34 390 12
35 407 8
36 414 17
37 416 17
38 431 44
39 444 10
40 446 44
41 450 41
42 451 21
43 453 5
44 466 49
45 475 31
46 478 32
47 483 49
48 493 26
49 494 47
50 497 25
51 502 1
52 513 29
53 519 39
54 533 11
55 543 18
56 544 47
57 553 3
58 567 28
59 608 46
60 616 11
61 628 20
62 649 7
63 661 37
64 684 7
65 693 8
66 704 2
67 709 29
68 714 31
69 718 19
70 719 39
71 729 37
72 731 49
73 732 39
74 758 10
75 763 38
76 772 2
77 785 22
78 811 30
79 815 46
80 817 13
81 819 31
82 821 4
83 841 5
84 842 29
85 886 34
86 895 21
87 910 22
88 914 33
89 923 36
90 933 10
91 936 36
92 937 39
93 944 41
94 948 15
95 951 15
96 953 24
97 978 6
98 984 13
99 1032 17
100 1035 35
101 1058 32
102 1062 40
103 1066 23
104 1069 43
105 1084 2
106 1087 44
107 1094 50
108 1096 41
109 1098 21
110 1105 41
111 1107 14
112 1116 4
113 1122 21
114 1133 49
115 1147 41
116 1151 23
117 1172 12
118 1184 34
119 1197 43
