766 2292 76 13

0 30 997
1 60 1897
2 90 2707
3 120 3434
4 150 4084
5 180 4662
6 210 5175
7 240 5627
8 270 6022
9 300 6366
10 330 6662
11 360 6915
12 390 7127

0 7388
1 6622
2 7259
3 7050
4 7838
5 6459
6 7309
7 8913
8 7076
9 8324
10 9308
11 8488
12 7519
13 7297
14 10386
15 8135
16 8325
17 8247
18 9696
19 9374
20 11026
21 7210
22 8524
23 9254
24 7520
25 10292
26 7619
27 4679
28 11506
29 6318
30 9763
31 6492
32 7279
33 11499
34 6793
35 8613
36 6354
37 8218
38 9147
39 10285
40 9100
41 7944
42 8593
43 10523
44 8197
45 8073
46 10050
47 8152
48 5242
49 10382
50 10574
51 7379
52 9324
53 7714
54 9112
55 9347
56 8921
57 8502
58 9002
59 7765
60 8122
61 11651
62 8254
63 9190
64 9238
65 9109
66 6702
67 7865
68 11914
69 10002
70 6215
71 9523
72 7221
73 9366
74 7450
75 7901
76 9643
77 7989
78 8018
79 9282
80 9057
81 7189
82 8567
83 9508
84 7118
85 8568
86 7800
87 7033
88 8662
89 8838
90 8841
91 9680
92 8584
93 7434
94 8395
95 8271
96 6460
97 7108
98 7955
99 9664
100 9543
101 7790
102 5894
103 6819
104 8116
105 8530
106 5987
107 7972
108 8671
109 8603
110 8012
111 8749
112 10198
113 10785
114 7159
115 5598
116 6211
117 7214
118 7651
119 9121
120 9036
121 8442
122 11166
123 10228
124 6349
125 10320
126 7523
127 9692
128 8867
129 7860
130 8755
131 7162
132 10226
133 7634
134 10158
135 8318
136 9252
137 9384
138 7366
139 8609
140 9384
141 7701
142 7574
143 7358
144 7770
145 8532
146 7980
147 7291
148 8027
149 8294
150 9699
151 7320
152 7825
153 9338
154 8617
155 9396
156 6881
157 8979
158 7515
159 5977
160 7845
161 7484
162 9805
163 7165
164 7829
165 8560
166 10127
167 9475
168 9323
169 9443
170 5115
171 9439
172 9538
173 7297
174 6655
175 7397
176 7908
177 6935
178 9783
179 7906
180 9444
181 7976
182 10225
183 10606
184 9161
185 6359
186 8374
187 7245
188 8864
189 9582
190 8677
191 7922
192 7482
193 8482
194 6245
195 10850
196 9196
197 9473
198 7846
199 7107
200 8643
201 7617
202 6399
203 8575
204 8352
205 8000
206 8443
207 6881
208 8515
209 8046
210 6962
211 9653
212 8465
213 7815
214 8000
215 6928
216 10146
217 8814
218 9009
219 7534
220 8978
221 7649
222 9867
223 9085
224 6708
225 8966
226 6357
227 7086
228 6833
229 11266
230 6751
231 10799
232 10606
233 7069
234 9104
235 9954
236 5697
237 9473
238 9042
239 8104
240 6288
241 10330
242 9013
243 9547
244 10351
245 10072
246 6276
247 8449
248 9922
249 9658
250 12157
251 10083
252 10358
253 8604
254 6923
255 7425
256 9187
257 8771
258 8929
259 5302
260 8131
261 8654
262 9343
263 6828
264 7844
265 10430
266 9854
267 4185
268 9200
269 8212
270 7605
271 6900
272 9176
273 10274
274 8010
275 7866
276 9697
277 11076
278 8502
279 9915
280 9996
281 8025
282 10167
283 6290
284 9349
285 9651
286 8004
287 8731
288 7560
289 8005
290 6679
291 9068
292 8850
293 5689
294 7455
295 9241
296 7852
297 8872
298 7348
299 7023
300 4982
301 11675
302 8433
303 9657
304 6081
305 5818
306 11182
307 9447
308 6855
309 7755
310 8762
311 9503
312 8873
313 9628
314 6903
315 7600
316 9183
317 8125
318 9094
319 7750
320 9525
321 5869
322 8034
323 7173
324 6469
325 9100
326 8446
327 7786
328 9044
329 6828
330 8960
331 7374
332 10829
333 6945
334 8090
335 7205
336 6135
337 6679
338 6220
339 8135
340 6696
341 9044
342 8511
343 6426
344 7909
345 9391
346 8248
347 6661
348 10301
349 8193
350 9239
351 6974
352 8335
353 9130
354 9383
355 7208
356 9146
357 10104
358 10492
359 8424
360 9600
361 8696
362 8796
363 7408
364 11038
365 10211
366 8568
367 9475
368 8994
369 8475
370 9958
371 8706
372 6700
373 8658
374 8357
375 7254
376 9723
377 8460
378 8946
379 7857
380 9524
381 8510
382 7602
383 8039
384 9184
385 9727
386 9179
387 8671
388 11203
389 7106
390 6987
391 7956
392 8126
393 9065
394 5110
395 6572
396 7551
397 11342
398 8384
399 8797
400 7684
401 8027
402 8131
403 9104
404 11193
405 10881
406 9347
407 10521
408 8510
409 8171
410 7359
411 7972
412 6359
413 9117
414 7611
415 7347
416 10092
417 8850
418 7760
419 7407
420 8410
421 6744
422 8504
423 8914
424 7474
425 8860
426 7430
427 6896
428 7007
429 7889
430 8129
431 5645
432 10253
433 7983
434 8926
435 8218
436 7218
437 7893
438 8785
439 8356
440 8204
441 9278
442 10197
443 8220
444 7533
445 8777
446 6138
447 5985
448 7269
449 11151
450 8144
451 6896
452 9323
453 7028
454 7547
455 10504
456 7802
457 8415
458 9562
459 8740
460 8367
461 8411
462 8700
463 8456
464 5414
465 9668
466 7992
467 9786
468 9736
469 8336
470 10089
471 10700
472 8641
473 10250
474 9696
475 9850
476 9523
477 6418
478 7211
479 8090
480 7076
481 7466
482 6959
483 8630
484 9958
485 8147
486 8766
487 8240
488 9961
489 7971
490 7712
491 8103
492 7378
493 8464
494 9441
495 8306
496 10775
497 10930
498 6664
499 9263
500 8147
501 8106
502 9045
503 7542
504 10527
505 7112
506 8195
507 11015
508 8026
509 10935
510 8934
511 8675
512 9168
513 7068
514 8890
515 8841
516 10295
517 8188
518 7708
519 10116
520 7624
521 7665
522 9388
523 6272
524 9807
525 8629
526 7534
527 9982
528 10129
529 7931
530 7323
531 6899
532 8469
533 6721
534 6637
535 7790
536 10190
537 8370
538 8116
539 9415
540 6935
541 8014
542 7909
543 7444
544 7352
545 8203
546 8382
547 9634
548 7864
549 9323
550 6652
551 8670
552 9007
553 5068
554 9726
555 8927
556 9636
557 7062
558 8580
559 7900
560 9754
561 8000
562 6842
563 7909
564 7591
565 8394
566 8302
567 10285
568 10538
569 9001
570 8991
571 7693
572 10491
573 7751
574 8425
575 9480
576 9203
577 8400
578 9690
579 7691
580 7490
581 6989
582 6559
583 6423
584 8208
585 8020
586 9096
587 7244
588 7690
589 7376
590 11018
591 6683
592 9818
593 7454
594 6539
595 7082
596 10501
597 11623
598 8494
599 9689
600 8308
601 12576
602 6948
603 7294
604 8849
605 9781
606 6984
607 4574
608 6390
609 7976
610 10244
611 7396
612 8105
613 11636
614 5274
615 8382
616 11216
617 8885
618 7068
619 8742
620 5357
621 7872
622 9118
623 7118
624 4642
625 9385
626 7407
627 10139
628 7619
629 8911
630 5817
631 8616
632 10776
633 8649
634 8467
635 6267
636 9661
637 7927
638 7848
639 9968
640 5431
641 8723
642 7295
643 8975
644 8554
645 9058
646 5564
647 10003
648 6701
649 7767
650 6538
651 8955
652 8623
653 7890
654 10728
655 8209
656 8045
657 7534
658 9557
659 6651
660 9250
661 7134
662 8092
663 7541
664 10070
665 6549
666 7286
667 8487
668 8969
669 8327
670 12209
671 11285
672 8842
673 8351
674 7096
675 8400
676 8183
677 7141
678 7032
679 8578
680 9115
681 6321
682 7784
683 6952
684 10237
685 8186
686 8960
687 8901
688 7989
689 6999
690 9246
691 7938
692 7909
693 6542
694 7987
695 8962
696 8600
697 9392
698 9168
699 7758
700 6694
701 10120
702 7407
703 8647
704 8972
705 7461
706 8632
707 8111
708 9590
709 10161
710 10788
711 9417
712 9132
713 9451
714 5103
715 7326
716 9516
717 9317
718 7430
719 7993
720 9233
721 11267
722 6304
723 8957
724 8470
725 10875
726 7599
727 7784
728 8465
729 8261
730 8459
731 7185
732 8771
733 9162
734 9665
735 5715
736 7138
737 6868
738 10139
739 10067
740 8571
741 7487
742 9786
743 8990
744 6155
745 9209
746 7990
747 8067
748 8934
749 8190
750 5906
751 10214
752 9230
753 7478
754 8435
755 9522
756 9791
757 7625
758 8207
759 8845
760 10734
761 9352
762 7868
763 9334
764 9394
765 9426

0 93 31 11
0 156 2 9
0 216 40 12
0 417 43 13
0 525 30 10
0 594 14 14
0 628 6 8
0 673 11 15
0 700 59 8
0 705 26 15
1 23 22 6
1 95 11 7
1 115 27 9
1 216 40 2
1 231 14 9
1 266 3 1
1 591 43 9
1 700 26 9
1 725 60 9
2 7 42 13
2 38 23 14
2 137 3 4
2 216 60 13
2 366 54 6
2 485 14 2
2 504 36 9
2 538 35 15
2 668 27 4
2 700 10 10
3 227 54 3
3 368 33 2
3 422 35 11
3 478 15 15
3 671 19 6
4 10 17 2
4 451 60 11
4 461 47 10
4 566 2 9
4 650 54 9
4 714 56 2
4 724 25 8
5 24 5 4
5 237 5 13
5 289 33 11
5 375 29 12
5 558 46 11
5 591 38 9
5 638 58 12
6 160 59 14
6 224 18 8
6 406 58 4
6 503 22 11
7 38 20 11
7 447 17 14
7 513 34 14
7 536 24 8
7 745 5 10
8 283 2 15
8 298 46 10
8 415 33 12
8 594 58 11
9 100 55 15
9 175 39 15
9 181 21 15
9 338 23 2
9 578 7 2
9 665 13 11
9 731 38 7
10 107 55 9
10 135 23 5
10 249 21 3
10 299 55 12
10 572 27 11
10 586 59 4
10 759 22 2
11 127 18 14
11 461 47 2
11 587 4 14
12 152 26 14
12 333 21 10
12 360 8 14
12 467 7 6
12 613 23 14
12 615 48 4
12 695 52 4
13 99 45 1
13 156 1 3
13 225 27 14
13 330 13 8
13 574 24 13
13 626 26 4
14 619 46 8
14 699 59 15
14 762 42 10
15 77 36 7
15 130 27 4
15 296 5 12
15 317 30 9
15 360 20 7
15 513 48 4
15 688 47 1
16 152 54 8
16 304 28 7
16 492 25 7
16 570 5 8
16 708 24 13
16 723 10 2
17 149 18 12
17 153 9 14
17 186 24 4
17 411 30 3
17 487 26 1
17 506 59 5
17 523 56 10
17 663 7 12
17 714 6 3
18 146 30 12
18 210 30 3
18 246 42 4
18 249 35 8
18 254 29 2
18 342 40 14
18 397 35 5
18 615 40 9
18 680 2 2
18 681 6 8
19 143 60 9
19 186 12 5
19 353 55 4
19 411 14 13
19 428 58 4
19 532 14 9
19 539 2 12
20 84 29 6
20 143 50 15
20 188 2 11
20 331 18 9
20 547 14 8
20 589 56 11
20 711 50 5
21 229 32 8
21 325 51 5
21 511 51 15
21 661 1 14
21 695 30 4
21 749 26 8
22 83 59 13
22 317 37 15
22 364 53 15
22 433 10 15
22 560 53 11
22 739 11 9
23 225 1 14
23 326 54 5
23 328 35 3
23 535 28 2
23 539 14 14
23 556 12 12
23 763 34 8
24 380 40 5
24 395 59 1
24 580 17 13
24 689 50 12
25 234 17 10
25 361 23 8
25 467 52 8
25 474 15 7
25 596 36 10
25 612 29 2
26 238 8 12
26 366 16 5
26 503 59 2
26 568 26 2
26 621 17 2
26 631 49 10
26 686 40 12
27 106 52 9
27 181 42 9
27 221 46 7
27 238 2 6
27 241 59 3
27 359 41 10
27 390 16 13
27 701 57 15
28 634 6 14
28 697 24 7
28 721 60 15
29 159 12 13
29 450 11 8
29 515 36 5
29 540 37 1
30 146 42 5
30 576 13 4
30 760 33 9
31 173 4 12
31 180 36 6
31 366 14 2
31 573 36 9
31 646 2 3
31 738 14 10
32 121 14 11
32 419 43 10
32 476 55 13
32 486 6 11
32 561 55 10
32 710 48 14
33 65 13 14
33 129 50 3
33 311 39 5
33 363 45 7
33 386 50 2
33 739 35 8
33 746 46 13
34 37 12 4
34 71 26 9
34 435 44 7
34 557 47 10
35 42 12 2
35 65 43 14
35 312 7 10
35 532 7 11
35 654 9 6
36 159 28 8
36 439 38 2
36 474 16 4
36 540 30 5
36 572 18 14
37 95 7 13
37 221 27 5
37 359 39 1
37 442 59 5
37 564 5 4
37 697 29 10
38 131 27 6
38 319 38 8
38 347 27 2
38 446 18 12
38 639 1 2
38 664 17 2
39 77 43 11
39 115 38 11
39 401 38 14
39 433 24 9
39 477 31 1
40 171 48 13
40 358 33 4
40 388 36 11
40 421 46 1
40 486 45 3
40 529 10 7
40 569 22 12
40 650 55 7
41 150 52 8
41 217 8 7
41 727 2 15
42 224 45 2
42 263 19 1
42 362 52 1
42 455 31 12
42 530 37 2
42 567 8 13
42 591 5 6
43 98 7 11
43 104 23 11
43 151 29 11
43 261 40 2
43 431 25 8
43 476 6 15
43 577 45 2
44 353 53 2
44 392 34 12
44 687 57 9
44 761 38 6
45 47 16 15
45 283 16 9
45 293 18 1
45 295 33 5
45 511 8 8
45 689 37 9
45 717 3 2
46 66 31 13
46 118 50 3
46 132 41 1
46 414 10 10
46 550 52 13
46 574 41 5
46 626 16 11
47 67 23 5
47 259 17 3
47 271 23 6
47 343 42 8
47 574 56 12
47 608 28 4
48 502 33 1
48 534 20 15
49 121 51 15
49 147 1 13
49 241 33 3
49 251 34 13
49 347 2 13
49 378 55 6
49 392 13 6
49 455 30 4
49 575 33 9
49 591 28 7
50 113 58 8
50 148 36 13
50 192 28 7
50 293 41 3
50 344 49 1
50 360 33 14
50 383 50 4
50 605 27 1
50 720 43 10
51 572 10 14
51 694 45 7
52 78 48 14
52 273 40 12
52 291 40 1
52 319 9 7
52 521 53 7
52 615 7 3
52 751 59 10
53 145 47 9
53 191 15 4
53 232 11 7
53 242 4 7
53 516 49 4
53 659 54 1
54 109 49 4
54 527 16 14
54 759 10 10
55 135 45 5
55 160 16 10
55 357 60 11
55 581 47 12
55 727 41 12
56 101 60 13
56 543 59 4
56 568 28 8
56 681 38 13
57 157 15 8
57 258 31 9
57 330 56 6
57 684 49 8
57 698 37 7
58 199 12 12
58 200 41 14
58 230 41 1
58 486 46 12
58 611 45 6
58 658 37 11
59 165 26 1
59 173 55 11
59 363 20 9
59 541 32 1
59 562 47 5
59 573 48 12
59 754 9 7
60 217 27 8
60 361 14 6
60 394 7 5
60 604 17 8
61 210 21 13
61 254 11 15
61 399 22 4
62 96 26 8
62 134 43 10
62 188 23 7
62 310 25 4
62 396 15 4
62 509 13 8
62 638 20 4
62 717 41 9
62 765 6 4
63 93 33 14
63 377 36 2
63 381 11 11
63 402 45 11
63 411 1 13
63 508 46 8
64 214 51 5
64 220 17 11
64 428 33 14
64 588 52 15
65 74 60 13
65 79 20 9
65 345 48 3
65 372 19 10
65 436 56 2
65 659 34 14
66 90 26 3
66 122 55 2
66 123 59 5
66 240 46 11
66 650 15 2
67 193 1 11
67 436 14 6
67 460 10 5
67 607 14 1
67 754 7 4
68 113 9 15
68 196 58 7
68 398 9 4
68 632 14 14
68 743 4 5
69 84 54 13
69 439 25 2
69 463 50 5
69 507 11 6
69 570 17 2
69 695 9 11
69 708 22 13
70 202 17 8
70 236 24 12
70 251 57 7
70 499 60 9
70 544 27 6
70 614 22 1
70 628 38 7
71 88 34 11
71 93 55 7
71 239 32 6
71 405 21 10
71 459 2 6
71 541 5 12
71 559 31 3
71 633 48 14
71 648 48 7
72 381 35 4
72 703 22 10
73 583 46 7
73 594 11 3
73 658 12 4
74 76 19 5
74 377 25 10
74 399 47 13
74 463 30 8
74 538 7 15
74 678 33 5
74 752 38 9
75 162 49 7
75 235 28 10
75 261 45 1
75 403 42 9
75 506 10 2
75 763 10 9
76 93 19 2
76 104 10 11
76 180 18 11
76 237 2 5
76 275 59 9
76 300 23 13
76 393 37 10
76 690 18 1
77 236 53 15
77 263 54 11
77 344 54 5
77 420 29 10
77 447 29 9
77 585 21 2
77 612 41 9
77 694 45 4
77 746 39 8
78 98 9 14
78 159 4 13
78 233 60 5
78 244 50 7
78 285 37 14
78 302 56 9
78 477 1 10
78 493 9 8
78 589 32 6
78 682 57 2
78 740 21 5
79 129 12 2
79 202 60 12
79 248 30 7
79 298 29 14
79 429 23 2
79 567 40 1
80 147 35 3
80 174 8 9
80 176 37 10
80 229 13 9
80 467 5 3
80 540 53 8
80 625 10 11
80 629 58 8
81 154 28 1
81 222 7 9
81 340 14 4
81 520 27 9
81 605 22 12
82 367 28 7
82 464 12 12
82 589 26 15
82 601 44 12
83 317 7 10
83 320 30 7
83 481 22 12
83 706 23 1
84 298 15 1
84 611 34 11
84 677 13 9
85 126 8 10
85 699 47 1
86 296 8 9
86 585 4 12
87 203 39 3
87 395 22 15
87 471 28 14
87 533 17 12
87 658 21 1
87 724 4 8
88 92 45 12
88 434 38 7
88 465 13 6
88 611 33 1
88 644 34 15
89 228 24 1
89 350 53 15
89 512 46 14
89 743 13 8
90 344 46 4
90 350 11 2
90 577 13 1
90 633 32 3
91 342 58 13
91 413 7 1
91 545 43 13
91 680 29 2
91 683 5 15
92 160 11 12
92 247 20 5
92 401 51 10
92 692 40 15
93 595 36 1
93 755 22 7
94 408 59 5
94 591 24 13
94 593 16 14
94 675 30 10
94 763 44 12
95 116 52 13
95 144 31 13
95 253 7 10
95 403 58 6
95 481 58 9
95 657 16 9
96 351 56 7
96 480 38 1
96 528 7 13
96 551 59 15
96 565 44 2
97 99 43 15
97 100 43 4
97 248 51 11
97 339 19 4
97 403 25 6
97 477 44 11
97 763 27 5
98 199 21 3
98 226 6 13
98 228 34 4
98 300 9 10
98 355 52 8
98 452 57 9
98 453 23 9
98 468 30 6
98 626 9 4
98 743 1 11
99 103 48 13
99 274 19 5
99 305 41 8
99 322 18 12
99 551 51 12
99 636 55 3
99 699 47 10
100 529 10 3
100 552 17 2
100 727 36 15
100 746 3 6
100 757 21 9
101 121 44 4
101 178 10 6
101 316 48 3
101 512 2 8
102 112 22 4
102 272 4 9
102 695 45 2
102 708 20 9
103 204 54 14
103 313 21 1
103 480 33 2
103 523 37 2
103 552 53 4
103 583 53 15
103 678 4 11
103 740 37 15
104 538 25 11
104 565 20 3
104 583 58 3
104 617 5 10
105 165 44 15
105 203 43 1
105 299 29 5
105 326 49 11
105 327 47 11
105 418 7 13
106 175 44 1
106 199 30 8
106 490 42 8
106 542 31 6
106 697 14 6
107 207 12 5
107 264 22 14
107 409 21 10
107 444 15 7
107 538 37 3
107 562 24 10
107 564 13 1
108 195 35 4
108 228 43 15
108 631 2 15
109 335 18 1
109 514 58 14
109 706 45 8
109 737 35 9
110 315 19 2
110 332 54 1
110 491 54 4
110 511 29 5
110 682 21 13
111 123 30 13
111 291 28 10
111 350 30 14
111 521 22 9
111 731 39 7
112 153 52 10
112 179 48 15
112 326 57 11
112 439 8 3
112 601 43 7
112 679 47 1
112 725 32 9
112 764 9 7
113 388 37 12
114 202 27 3
114 282 60 11
114 359 30 8
114 388 3 14
114 517 32 14
114 730 20 15
114 740 5 4
114 765 13 10
115 515 58 1
115 553 40 9
116 177 50 12
116 345 58 3
116 526 2 3
117 239 55 6
117 304 56 9
117 403 26 9
117 434 60 10
117 517 5 6
117 599 11 1
117 669 24 11
118 166 59 7
118 388 20 6
118 448 18 11
118 591 29 2
118 614 30 3
119 203 56 15
119 253 42 15
119 313 11 1
119 561 28 3
119 662 43 14
119 712 4 1
120 125 5 4
120 132 57 9
120 212 16 15
120 235 7 5
120 373 47 8
120 444 14 3
120 546 15 13
120 573 48 4
120 678 24 14
120 709 8 13
121 444 35 2
121 491 17 10
121 541 42 10
121 672 9 12
122 145 40 3
122 238 43 11
122 402 30 1
122 447 4 1
122 761 23 2
123 182 46 8
123 369 15 1
123 441 48 6
123 611 32 6
123 736 24 10
124 245 30 9
124 324 35 2
124 366 8 9
124 654 57 4
125 182 48 2
125 371 27 2
125 555 1 15
125 562 4 15
126 192 24 2
126 305 13 5
126 342 41 3
126 552 22 1
126 621 53 7
127 204 39 6
127 265 29 5
127 504 45 5
127 590 23 9
127 647 53 5
128 323 14 2
128 499 60 15
128 541 19 10
128 759 11 13
129 158 20 12
129 281 49 15
129 341 32 12
129 406 27 7
129 548 37 3
129 630 5 2
130 259 32 1
130 343 26 6
130 368 9 8
130 516 32 4
130 639 12 3
130 653 37 5
131 238 48 9
131 466 13 8
131 520 43 15
132 217 10 14
132 223 38 10
132 350 5 5
132 473 1 6
132 506 7 13
133 259 38 7
133 273 11 12
133 447 49 9
133 546 26 10
133 720 21 9
133 745 18 11
134 180 17 1
134 230 57 10
134 232 53 15
134 309 38 13
134 325 28 1
134 329 16 11
134 529 15 5
134 691 53 8
135 487 20 4
135 532 55 15
135 664 10 5
135 760 59 5
136 151 47 7
136 282 5 12
136 468 47 13
136 758 27 2
137 212 56 11
137 413 44 13
137 418 2 4
138 194 8 2
138 243 36 3
138 259 28 14
138 552 48 11
138 593 17 11
138 714 41 12
138 762 49 2
139 522 21 15
139 604 2 4
139 666 6 3
140 165 59 2
140 193 52 5
140 255 24 15
140 261 58 8
140 322 4 12
140 440 56 8
140 509 47 12
141 244 22 11
141 367 10 7
141 444 56 15
142 196 56 4
142 260 19 1
142 644 49 4
143 494 60 10
143 514 55 2
143 705 34 11
144 157 43 1
144 401 7 6
144 446 10 1
144 450 1 7
144 549 30 12
144 570 5 15
144 589 5 6
144 646 18 2
145 219 45 7
145 555 7 1
146 296 48 2
146 355 1 11
146 663 59 14
146 725 14 13
147 169 45 13
147 188 24 15
147 385 43 2
147 454 3 4
147 647 9 4
148 230 45 15
148 238 11 14
148 393 41 8
148 406 33 10
149 239 49 4
149 339 22 14
149 373 3 15
150 542 19 14
150 566 53 11
150 646 53 12
150 682 60 11
151 757 45 6
152 157 46 11
152 200 11 6
152 386 16 4
152 397 33 15
152 441 24 4
152 596 28 12
152 604 36 5
152 656 52 5
152 688 2 11
153 232 33 9
153 406 23 9
153 618 42 11
153 691 29 5
154 371 59 7
154 382 18 15
154 494 44 6
154 521 49 9
154 594 9 14
154 620 27 1
155 233 15 4
155 251 1 14
155 329 53 8
155 336 9 4
155 343 60 2
155 364 12 1
155 731 6 10
155 746 28 8
156 283 23 11
156 471 48 7
156 558 51 15
156 716 18 4
157 273 37 4
157 373 31 14
157 524 30 4
157 569 4 8
157 578 24 4
158 240 29 1
158 268 24 6
158 344 37 2
158 607 44 5
159 269 5 5
159 362 31 3
159 440 44 8
159 604 26 1
159 666 26 12
160 281 14 10
160 500 23 15
160 646 44 11
161 695 56 8
161 720 56 7
162 215 45 7
162 286 21 5
162 465 22 6
163 284 18 12
163 316 59 6
163 709 3 11
163 737 14 7
164 169 12 10
164 176 21 13
164 215 36 8
164 322 37 9
164 555 35 3
164 566 4 8
165 284 34 10
165 359 4 6
165 383 29 11
165 436 56 3
165 446 25 14
165 456 28 5
165 686 35 4
165 758 57 6
166 335 6 5
166 449 8 12
166 531 51 7
166 589 4 4
166 663 13 9
167 247 20 10
167 335 22 2
167 683 53 8
168 245 21 5
168 290 10 8
168 465 52 1
168 591 52 4
168 732 55 13
169 270 14 14
169 311 10 1
169 342 50 3
169 524 24 13
169 705 7 14
170 229 45 12
170 476 1 8
170 754 46 10
171 188 49 11
171 260 58 11
171 652 47 10
171 667 45 12
172 185 43 8
172 241 5 11
172 319 44 12
173 251 10 12
173 258 40 4
173 274 9 12
173 538 55 4
174 220 59 6
174 232 8 9
174 434 21 8
174 476 33 11
174 562 47 7
174 580 49 1
174 668 50 6
175 369 6 7
175 465 54 2
175 680 58 10
176 327 29 1
176 593 19 11
176 613 38 7
176 645 41 4
176 665 47 13
177 182 2 13
177 238 32 15
177 350 41 7
177 575 56 3
177 663 4 2
177 749 31 11
178 232 38 6
178 294 15 8
178 295 49 11
178 560 8 4
178 705 25 9
178 764 56 15
179 414 59 13
179 764 15 9
180 305 52 3
180 416 1 4
180 644 11 11
181 506 9 6
181 569 27 7
181 751 13 9
182 280 23 5
182 365 14 11
182 460 59 9
182 503 51 14
183 189 10 5
183 579 16 3
183 683 42 3
183 693 30 15
183 731 26 7
184 290 33 1
184 563 10 9
185 370 6 4
185 521 49 11
185 546 5 8
186 387 20 4
186 444 1 6
186 445 39 7
186 745 48 8
187 375 29 1
187 616 41 10
188 240 6 11
188 427 33 10
188 593 11 5
188 599 1 15
188 627 50 12
188 751 35 10
189 193 29 5
189 251 15 4
189 684 57 14
190 381 22 9
190 463 57 5
190 483 16 13
190 730 14 8
191 226 54 4
191 277 19 8
191 298 51 5
191 378 60 3
191 441 3 2
191 620 30 12
191 701 8 4
191 744 21 11
191 755 28 5
191 763 44 4
192 214 50 14
192 222 45 3
192 386 32 8
192 435 18 7
192 765 6 14
193 434 3 10
193 464 57 1
193 494 18 5
193 580 25 11
193 686 2 5
194 238 37 5
194 320 12 3
194 374 58 9
194 414 57 10
195 230 15 15
195 266 46 10
195 296 20 13
195 319 7 6
195 454 14 2
195 601 32 13
196 689 4 14
197 237 6 8
197 503 17 7
197 650 54 12
198 276 12 14
198 383 15 3
198 454 55 9
199 239 54 14
199 462 16 2
199 582 40 13
200 527 21 9
201 496 4 11
202 232 43 13
202 331 45 9
202 336 35 7
202 344 17 9
202 548 12 14
202 708 7 15
202 757 58 9
203 272 47 12
203 315 50 14
203 421 18 4
203 443 34 1
203 566 58 13
203 596 4 7
203 751 46 12
204 222 43 13
204 556 10 7
204 557 26 11
204 721 50 3
205 308 25 2
205 413 48 12
205 483 35 3
205 627 9 4
206 259 30 6
207 280 32 3
207 325 18 13
207 365 41 1
207 539 5 3
207 621 60 5
208 297 53 3
208 397 19 15
208 475 53 12
208 568 30 11
208 571 4 2
208 586 9 5
208 603 32 2
209 254 25 7
209 394 14 8
209 524 35 3
209 560 7 8
209 686 46 14
210 402 4 8
210 466 14 10
210 490 59 4
210 563 34 5
211 466 48 9
211 634 29 5
212 422 17 5
212 617 10 2
213 309 31 7
213 583 9 7
213 599 47 5
213 730 54 5
213 747 35 11
214 385 53 15
214 481 37 5
214 613 52 7
214 626 32 15
214 670 21 9
215 251 57 8
215 331 24 4
215 433 51 3
215 524 54 8
215 563 11 7
215 659 41 4
215 672 28 6
215 761 20 11
217 286 4 5
218 411 1 12
218 474 55 6
218 507 45 5
218 533 58 7
218 585 50 10
218 586 50 2
218 633 32 12
218 746 46 15
219 227 56 7
219 455 50 4
219 494 7 13
219 611 58 4
220 250 48 15
220 465 15 14
220 615 38 6
220 636 37 14
221 270 7 1
221 432 32 3
221 535 34 8
221 570 6 13
222 375 53 11
222 383 42 7
222 568 10 12
222 607 55 2
222 704 24 2
223 260 41 1
223 318 52 12
224 440 2 13
224 465 53 2
225 368 3 12
225 389 60 5
225 580 14 13
226 409 7 12
226 469 21 14
226 512 14 14
227 392 26 6
227 750 24 14
228 307 42 10
228 349 36 13
228 524 56 11
228 570 37 15
228 677 17 7
228 702 6 14
228 742 40 15
229 377 28 9
229 749 33 6
230 245 52 4
230 274 29 1
230 439 39 13
230 731 60 6
231 402 23 15
231 586 48 8
231 639 26 14
232 345 5 13
232 705 5 15
233 340 25 1
233 406 43 6
233 608 30 15
233 682 3 12
233 715 7 12
233 750 34 3
235 594 25 5
235 714 43 6
235 764 10 9
236 363 44 5
236 603 38 10
236 760 10 11
237 273 22 14
237 436 59 7
237 591 27 15
238 388 52 1
238 540 54 14
238 614 35 15
238 694 36 5
239 421 32 7
239 442 32 9
239 543 27 8
239 638 56 1
240 540 13 12
240 617 19 11
241 522 53 2
241 623 34 5
242 250 29 3
242 438 19 12
243 319 3 1
243 475 46 3
243 522 47 12
243 552 12 9
244 543 21 13
244 679 15 13
244 703 35 11
245 297 46 9
245 417 29 10
245 472 2 3
245 551 28 14
246 338 34 1
247 274 6 11
247 578 34 11
248 354 25 2
248 366 59 5
248 551 20 12
248 687 45 3
249 331 23 8
249 577 54 13
249 646 9 1
249 696 38 7
249 729 49 5
250 401 54 13
251 285 25 3
251 367 59 10
251 436 14 14
251 483 49 1
251 487 14 13
251 544 4 11
251 555 33 12
251 600 1 13
251 673 28 1
251 724 5 15
251 728 60 2
251 744 47 2
252 292 14 14
252 303 3 7
252 389 2 1
252 722 17 15
253 319 49 2
253 536 5 5
253 696 39 10
253 755 13 13
254 359 35 6
254 367 32 11
254 386 12 4
254 501 56 6
254 580 13 2
254 603 5 11
255 372 59 14
255 429 12 8
255 571 50 9
255 574 46 15
256 390 43 8
256 519 12 3
256 761 39 2
257 450 42 4
257 523 21 8
258 361 15 4
258 393 9 12
258 748 47 14
259 260 47 12
259 691 12 5
260 411 26 5
260 442 41 14
260 509 8 10
260 571 38 9
260 621 3 8
261 338 57 10
261 596 52 7
262 286 42 4
262 355 8 8
262 475 34 1
262 611 4 13
262 679 58 8
262 711 8 1
263 594 29 13
263 615 55 4
263 706 38 1
263 730 55 15
264 300 49 14
264 379 22 4
264 397 28 2
264 469 26 1
264 613 38 14
264 697 18 3
264 739 47 1
264 742 29 9
265 289 54 2
265 314 13 10
265 414 54 10
266 324 31 12
266 569 8 15
267 499 26 13
267 596 39 9
267 636 37 4
267 756 44 2
267 761 5 15
268 626 56 8
269 276 1 14
269 477 29 11
269 661 15 7
270 313 35 14
270 323 18 11
270 342 57 1
270 508 48 9
270 591 28 1
270 698 10 4
271 281 31 9
271 417 4 4
271 630 20 14
271 666 49 12
271 723 42 11
271 757 27 14
272 276 27 5
272 408 46 7
272 530 60 15
272 684 9 2
273 359 25 9
273 464 17 11
273 633 15 5
273 638 51 13
273 765 60 5
274 304 59 3
274 495 20 14
274 564 55 7
274 613 28 13
274 697 47 2
275 297 34 15
275 414 45 13
276 313 48 8
276 379 19 3
276 530 38 12
276 553 4 7
277 355 7 9
277 380 59 1
277 461 34 8
277 468 28 10
277 526 19 1
277 537 30 10
277 540 8 13
277 587 26 2
277 760 4 7
278 390 53 2
278 482 15 11
278 509 23 4
279 335 27 2
279 359 60 7
279 531 53 8
279 622 27 10
279 659 40 5
279 674 32 10
279 679 33 14
280 406 9 14
281 308 6 9
281 404 1 2
281 478 2 4
281 511 46 11
281 573 8 12
282 345 32 2
282 379 43 1
282 521 12 1
282 686 24 5
283 335 29 5
283 604 15 11
283 612 33 15
284 328 60 8
284 413 25 1
284 421 39 2
284 478 12 9
284 567 8 12
284 689 20 2
285 752 54 3
286 331 42 8
286 341 39 4
286 394 8 14
286 498 59 11
286 563 3 7
286 564 11 13
286 632 24 7
287 325 38 5
287 412 4 13
287 583 46 8
287 728 14 6
288 713 48 15
289 349 48 15
289 516 48 5
289 625 15 9
289 627 42 6
290 329 49 11
290 721 40 13
291 509 41 10
291 688 56 13
292 302 6 14
292 431 22 13
292 451 40 4
292 603 41 9
293 383 59 11
293 436 56 2
293 476 36 11
293 601 7 9
294 313 15 10
294 570 56 12
294 672 8 1
295 311 32 12
295 378 33 12
295 477 17 5
295 615 55 3
295 683 14 1
295 725 38 1
295 738 3 15
296 426 55 1
296 507 40 3
296 676 60 7
296 692 17 2
297 398 21 4
297 722 1 2
297 750 8 9
298 409 58 14
299 392 60 5
299 476 29 10
300 437 25 5
300 461 20 5
300 686 42 3
300 738 51 13
301 459 6 10
301 681 6 7
302 304 49 3
302 406 51 9
302 520 50 13
302 594 20 1
302 755 41 14
303 395 25 14
303 412 46 13
303 415 42 14
303 422 31 6
303 755 15 2
304 395 14 15
304 643 3 1
305 405 38 15
305 440 43 11
305 726 56 9
306 348 18 15
306 396 32 2
306 504 53 2
306 509 60 1
306 656 41 5
307 309 44 2
307 514 52 2
307 672 52 15
308 423 38 15
308 462 54 9
308 473 43 1
308 696 42 7
308 755 27 3
309 515 47 14
309 578 33 15
310 314 31 6
310 342 29 5
310 373 23 11
310 488 19 3
310 505 36 10
310 510 37 8
310 638 27 14
311 371 56 11
311 545 8 6
311 729 59 11
312 592 4 9
312 676 58 7
313 349 20 15
313 381 58 1
313 404 42 9
314 369 5 5
314 412 24 4
314 533 39 14
314 572 25 6
315 363 20 8
315 506 33 6
315 582 52 7
316 404 43 11
316 424 29 12
316 487 17 3
317 515 43 9
317 525 16 10
318 500 24 6
318 530 11 2
318 583 10 15
318 617 38 12
319 721 51 2
320 335 58 4
320 593 40 7
321 324 30 1
321 617 56 9
322 418 1 15
322 525 60 10
322 542 44 4
322 644 13 8
322 662 56 9
322 758 16 7
323 351 54 3
323 357 13 13
323 512 41 4
323 650 60 1
324 333 22 1
324 421 31 11
325 330 48 3
325 447 14 5
326 576 29 9
326 657 20 11
327 454 3 5
327 632 4 7
327 676 37 15
327 733 47 3
328 458 23 1
328 464 55 7
328 520 20 1
328 583 53 13
328 659 56 6
328 755 13 2
330 373 46 7
330 421 40 3
330 436 44 8
330 467 45 5
330 506 10 1
330 717 18 1
331 388 7 14
331 490 57 10
331 559 58 3
332 475 2 3
332 727 18 7
332 731 4 15
333 403 46 4
333 404 55 8
333 431 53 12
333 494 21 9
333 533 29 10
334 484 29 14
334 698 25 8
335 477 23 4
335 481 14 15
336 344 30 7
336 517 59 14
336 662 40 3
336 729 46 13
337 433 18 5
337 603 51 3
337 612 1 8
338 358 28 1
338 502 60 3
338 653 60 6
338 721 35 15
338 724 36 3
339 599 57 15
339 705 41 9
339 725 49 10
340 423 35 7
340 491 6 7
340 653 18 2
340 660 34 11
341 360 18 2
341 458 25 7
341 498 37 15
341 516 49 7
342 402 53 1
342 465 55 6
342 759 16 4
343 404 33 8
343 422 13 11
343 525 55 14
343 598 33 12
343 628 22 4
344 449 24 2
344 578 25 8
344 597 28 5
345 401 53 3
345 728 8 1
346 466 34 3
346 513 34 13
347 517 23 4
347 574 27 10
347 638 20 7
347 693 22 4
347 747 46 11
347 757 1 6
348 428 25 1
348 549 38 4
348 736 56 14
349 352 27 14
349 414 22 12
349 420 44 13
349 494 41 8
349 585 8 3
349 655 48 5
349 681 54 7
350 478 49 12
350 562 35 1
350 669 27 7
350 686 13 12
350 713 17 8
351 384 10 10
351 483 46 2
351 492 25 13
351 667 47 2
352 464 23 15
352 517 12 11
352 646 49 4
353 364 51 1
353 582 52 3
354 376 24 1
354 386 7 9
354 449 9 9
354 459 37 13
354 576 2 10
354 756 52 15
355 357 2 3
355 502 55 5
356 496 7 6
356 652 35 8
357 439 27 15
357 692 43 11
357 720 43 7
358 504 33 2
358 527 10 6
359 378 57 2
359 433 39 4
359 463 36 9
359 521 9 7
359 531 40 15
359 544 19 4
359 584 7 9
360 379 15 1
360 448 36 5
361 646 24 6
361 676 46 15
361 725 25 2
361 726 32 2
361 732 46 4
362 550 37 7
362 701 34 3
363 395 50 13
363 577 11 6
363 666 44 5
363 757 52 7
364 439 7 4
364 478 33 11
364 716 5 12
364 736 36 9
364 744 33 6
365 415 18 15
365 419 42 12
365 550 57 3
366 371 20 2
366 574 35 10
366 620 14 3
366 714 4 9
367 369 34 7
367 429 60 1
367 687 59 4
368 433 10 15
368 716 28 11
369 408 40 1
369 487 38 7
369 542 30 4
369 673 18 2
369 737 6 8
370 421 11 11
370 594 25 2
370 641 6 10
371 417 17 9
371 425 45 2
371 458 57 5
371 475 31 12
371 536 54 15
371 621 31 14
371 672 3 15
371 760 3 15
372 523 38 11
372 694 60 10
373 432 13 8
373 606 20 13
373 686 60 6
373 730 23 8
374 563 58 15
374 580 47 13
374 581 6 15
375 590 51 5
375 726 42 12
376 452 26 4
376 651 42 12
376 679 55 15
376 708 28 15
377 571 50 8
377 722 16 4
378 401 18 3
379 562 18 8
379 727 34 4
380 393 55 8
380 413 35 13
381 518 7 11
381 549 16 10
382 737 26 3
383 548 10 12
383 677 28 11
383 696 41 2
383 702 35 8
385 400 19 13
385 407 9 7
385 476 48 8
385 554 2 12
386 536 8 14
386 618 15 9
386 671 20 13
387 629 33 6
387 669 60 3
387 730 37 6
387 732 48 15
387 733 33 9
387 765 59 14
388 441 56 9
388 464 51 9
388 597 2 7
389 417 36 10
389 443 23 2
389 492 13 7
389 507 40 9
389 721 23 4
390 476 37 9
390 486 9 14
390 621 59 10
390 680 33 14
391 413 43 5
391 666 51 11
391 696 39 4
391 759 41 1
392 433 25 5
392 497 37 2
392 580 43 2
392 620 10 2
392 689 25 9
393 578 24 14
394 440 55 5
394 607 26 12
395 397 50 3
395 456 23 8
395 494 23 10
395 584 17 1
395 641 29 7
396 431 41 6
396 432 52 2
396 658 2 4
396 671 44 7
396 729 24 12
397 699 14 10
398 480 7 5
399 462 42 3
399 627 16 7
400 447 42 5
400 753 49 3
401 624 20 11
401 711 27 12
403 408 55 9
403 447 6 4
403 569 59 2
403 653 13 13
403 710 10 6
403 719 30 3
404 448 12 2
404 635 34 3
404 710 45 1
405 417 31 14
405 460 44 15
405 658 6 10
405 675 6 8
405 689 17 2
405 713 21 5
406 436 31 13
406 442 24 5
406 698 14 12
407 579 54 7
407 639 54 2
407 643 11 11
407 701 16 12
408 530 17 6
409 476 54 12
409 542 59 4
409 575 45 12
409 600 36 9
410 600 1 2
410 611 39 14
410 709 22 2
411 459 23 15
411 524 55 9
412 535 51 11
412 658 53 4
413 443 57 6
413 609 45 4
413 663 49 7
414 468 29 2
414 765 60 8
415 665 20 2
415 751 52 13
415 756 28 13
416 544 46 9
417 465 5 7
418 474 22 11
418 527 5 12
418 540 16 7
418 560 11 7
418 574 34 11
419 696 55 10
420 469 24 2
420 533 8 4
420 597 56 12
420 681 57 2
422 496 41 12
422 641 1 7
422 645 16 9
423 445 28 2
423 583 18 5
423 657 47 3
424 550 20 11
424 595 38 3
424 741 6 5
424 751 28 1
425 665 4 2
425 677 53 1
425 720 25 7
426 487 28 6
426 493 14 8
426 557 38 11
426 665 24 8
426 727 4 13
427 639 3 1
428 683 44 14
429 547 18 12
429 572 4 11
429 641 50 13
429 691 41 4
429 749 56 3
429 759 29 3
430 684 53 7
430 689 25 14
430 738 7 12
431 575 26 15
433 542 51 5
433 704 46 1
434 465 33 14
434 473 19 14
434 498 45 7
434 532 39 4
434 609 35 10
434 663 40 12
434 736 3 10
435 672 57 4
435 737 10 8
435 744 7 11
436 680 2 7
437 494 32 11
437 739 2 13
438 447 33 12
439 502 40 11
439 593 21 2
439 699 4 15
440 704 5 6
441 478 44 6
441 601 49 7
441 624 58 11
442 477 39 14
442 508 55 12
442 553 23 6
443 447 1 1
444 544 30 11
444 581 17 3
444 616 55 5
444 690 48 3
444 745 15 11
445 518 10 12
445 551 26 8
446 504 12 3
446 727 45 6
447 466 41 12
447 677 54 1
448 489 17 12
448 614 16 6
449 667 48 8
450 456 16 6
450 494 51 10
450 546 25 6
450 653 11 8
450 754 31 15
451 471 13 10
451 505 56 7
451 564 12 15
451 585 59 5
451 683 54 11
451 703 13 3
452 529 9 12
452 702 9 3
453 565 5 14
453 609 4 12
454 462 22 3
455 504 48 10
455 703 59 15
455 748 18 14
456 673 40 13
456 679 12 8
456 749 16 10
457 506 33 12
457 515 14 3
457 541 45 10
457 734 37 7
459 659 20 13
459 678 4 8
460 539 25 15
460 581 40 2
460 601 24 9
460 625 33 2
460 677 41 2
461 469 25 8
462 591 38 12
462 734 21 11
463 747 4 6
464 679 23 12
465 530 14 15
466 487 16 7
466 653 43 11
466 741 11 7
467 623 39 7
468 544 38 9
468 660 35 10
468 736 28 8
469 536 51 5
469 736 26 12
469 761 4 7
470 674 7 6
471 475 31 13
472 495 52 10
472 542 7 8
472 638 47 4
472 672 24 12
473 536 48 7
473 591 2 11
473 632 7 4
474 637 10 12
474 710 3 4
475 708 20 8
476 689 10 6
476 737 2 2
477 482 32 7
477 611 52 6
478 547 42 2
478 682 59 10
479 676 40 10
480 736 18 4
481 572 37 4
481 654 2 9
481 754 55 13
483 490 36 2
483 519 25 2
483 588 40 15
483 633 50 7
484 490 55 7
484 513 57 10
484 543 18 12
485 763 47 8
486 562 9 15
486 604 8 8
486 686 41 1
486 723 38 9
487 599 23 10
488 548 52 14
488 573 15 9
488 615 52 10
488 728 60 4
488 756 40 9
489 526 16 15
490 504 49 14
490 536 19 7
490 608 54 7
491 509 8 7
491 587 40 15
491 751 30 4
492 587 6 4
492 683 25 1
493 583 12 11
493 653 3 1
493 664 30 3
494 514 23 1
494 579 5 2
496 545 13 7
496 664 38 14
497 512 13 7
497 523 33 12
497 560 37 13
497 679 4 11
497 729 6 7
497 732 37 3
498 629 18 8
499 654 20 4
500 593 20 5
500 619 9 6
500 710 25 4
500 744 37 8
501 535 19 4
501 654 45 6
501 670 53 3
502 613 22 10
502 720 39 14
502 726 4 8
503 605 37 15
503 661 11 8
504 745 24 14
505 606 34 13
506 603 36 4
507 666 4 10
507 715 54 12
507 737 10 2
508 521 33 6
508 594 21 1
508 595 21 13
510 650 38 5
510 662 26 9
510 670 56 11
510 680 31 1
511 706 18 11
512 567 56 2
513 601 50 9
513 678 44 5
513 704 33 3
514 521 1 2
515 523 35 1
515 537 16 6
516 591 3 3
516 613 55 12
516 677 49 13
517 541 40 6
517 598 24 3
517 741 13 11
518 537 7 11
519 729 37 14
520 625 48 14
520 664 8 14
520 694 44 3
520 713 52 7
520 731 14 7
521 604 1 15
521 688 23 3
521 747 8 4
521 749 23 12
522 592 17 15
522 738 21 12
523 736 6 10
523 759 21 14
524 539 18 11
524 620 33 7
524 748 15 13
525 633 35 1
525 753 22 7
526 629 48 1
526 698 34 11
526 719 27 12
527 714 28 5
528 572 35 3
528 577 29 10
528 662 33 12
528 748 46 13
528 760 60 8
529 717 25 15
530 636 29 1
530 671 4 1
531 536 11 9
531 591 59 4
531 653 54 11
531 710 31 8
532 543 31 2
532 605 23 3
532 639 55 6
532 642 40 13
532 667 35 2
532 721 28 8
532 741 8 7
533 705 19 1
533 708 9 2
533 718 9 12
534 582 17 1
534 697 58 1
535 611 60 14
538 602 25 10
538 674 48 11
539 587 56 14
539 634 15 2
540 544 38 1
541 747 36 15
542 716 36 4
543 558 37 6
543 680 5 6
543 718 14 6
543 722 42 7
544 569 47 13
545 618 18 10
545 649 17 15
545 752 17 15
546 672 11 9
546 714 60 5
547 603 43 4
547 742 8 8
547 749 5 5
549 569 6 12
549 727 55 6
549 748 33 11
552 622 12 6
553 663 32 1
554 600 3 2
554 619 49 4
554 640 15 4
554 645 11 11
555 646 53 4
556 638 16 5
557 581 13 11
558 604 14 7
559 614 57 2
559 699 32 11
560 694 38 10
560 740 16 13
561 619 1 1
562 629 58 7
562 660 55 13
563 671 42 3
564 594 47 6
564 632 52 9
565 608 7 11
565 665 38 15
565 756 23 9
566 709 20 15
569 600 35 13
569 626 19 4
569 631 54 15
569 750 35 7
569 759 38 2
569 760 39 1
570 718 55 1
571 656 50 15
571 696 34 3
571 702 29 4
572 582 3 6
572 612 29 12
574 646 40 15
575 644 38 5
576 578 49 10
576 637 45 11
576 641 24 4
576 717 22 15
576 726 42 12
576 746 10 11
576 764 54 1
577 592 32 4
577 695 53 5
579 685 17 14
579 707 8 14
580 588 26 1
581 623 33 2
581 660 18 1
581 754 33 14
581 762 57 7
582 726 32 1
583 699 12 15
583 727 25 12
585 607 20 3
585 668 55 7
586 630 42 3
588 673 50 6
588 764 1 11
589 735 21 13
590 662 48 2
591 702 18 6
592 595 4 8
592 621 42 2
593 654 18 11
594 706 33 13
595 628 51 7
596 616 40 14
596 655 21 9
596 688 43 14
597 613 42 7
597 644 47 6
597 678 40 7
599 659 19 3
599 749 33 12
601 608 16 5
601 730 50 2
603 668 49 2
603 695 13 7
603 723 52 8
604 730 37 8
605 706 30 6
605 710 47 8
605 737 38 6
607 643 23 12
608 686 25 13
608 730 50 9
609 677 37 11
610 641 9 4
610 674 11 10
611 644 44 6
611 657 12 15
614 667 49 13
614 708 44 10
614 738 48 13
614 751 43 10
615 658 21 6
615 753 14 11
617 658 10 12
617 760 11 13
618 712 20 2
619 737 46 15
619 762 38 14
620 637 24 12
620 730 44 1
620 754 5 12
621 684 32 12
624 755 17 3
626 713 3 6
626 731 46 3
627 643 30 2
627 702 60 7
627 710 10 7
627 712 9 10
629 669 39 4
629 718 38 1
630 634 1 3
630 684 32 1
630 761 2 14
631 725 53 3
632 688 29 13
633 657 7 10
633 693 32 14
633 747 32 6
634 747 37 2
635 765 2 9
636 644 57 13
636 702 52 9
637 736 19 3
638 655 28 13
639 655 24 9
639 680 40 1
639 689 44 15
639 726 1 14
639 758 53 11
641 655 5 12
641 668 9 5
641 708 34 13
643 668 49 6
643 765 2 4
646 741 27 10
646 754 12 15
647 683 30 14
647 733 15 14
650 654 56 2
651 675 35 7
653 733 44 8
655 704 24 13
657 736 7 7
659 690 29 15
661 693 17 8
662 677 5 5
663 711 39 8
663 754 45 4
665 706 14 8
666 714 44 4
667 675 50 15
669 725 58 3
671 730 17 6
678 721 32 1
680 752 42 14
682 687 10 9
688 728 22 9
690 722 35 4
693 740 28 9
696 733 27 11
702 748 47 7
703 732 21 12
712 725 55 4
713 714 46 3
714 759 24 14
715 729 20 4
717 765 21 13
718 724 47 1
719 729 6 3
723 728 43 9
724 762 53 8
729 735 9 12
729 739 47 9
732 755 24 3
733 740 35 12
737 738 34 10
737 757 58 6
745 756 1 11
748 751 43 5
757 758 51 9
757 764 22 12

0 5 11
1 14 11
2 24 41
3 29 47
4 44 45
5 51 35
6 64 37
7 75 29
8 89 26
9 123 29
10 126 36
11 128 39
12 145 22
13 148 39
14 165 21
15 180 27
16 195 8
17 196 13
18 200 6
19 216 12
20 217 27
21 228 25
22 236 15
23 242 42
24 259 34
25 265 36
26 268 43
27 284 46
28 285 32
29 303 41
30 305 16
31 347 27
32 353 32
33 361 7
34 370 25
35 388 32
36 391 15
37 394 31
38 405 3
39 406 26
40 409 29
41 419 36
42 427 11
43 439 29
44 493 28
45 505 25
46 513 28
47 518 7
48 535 14
49 545 19
50 547 8
51 551 10
52 562 29
53 580 8
54 584 6
55 606 16
56 607 25
57 621 26
58 628 42
59 633 11
60 644 18
61 648 30
62 664 5
63 668 8
64 672 49
65 674 6
66 680 32
67 683 33
68 687 25
69 702 28
70 708 39
71 721 48
72 745 30
73 747 22
74 760 29
75 764 24
