1023 3067 102 11

0 30 6318
1 60 11633
2 90 16064
3 120 19717
4 150 22689
5 180 25064
6 210 26919
7 240 28320
8 270 29330
9 300 30000
10 330 30379

0 2161
1 2458
2 1910
3 2431
4 2384
5 2127
6 1937
7 2189
8 1932
9 2289
10 1696
11 1759
12 2622
13 2349
14 1509
15 3112
16 2433
17 2032
18 2974
19 2292
20 2565
21 2318
22 2425
23 2798
24 2872
25 2038
26 2154
27 2351
28 1840
29 2010
30 2532
31 2680
32 1984
33 2176
34 2672
35 2868
36 2988
37 2574
38 1659
39 2405
40 2250
41 2775
42 2091
43 2230
44 2620
45 2988
46 1971
47 2726
48 2602
49 2598
50 2699
51 2124
52 3001
53 2638
54 2008
55 3022
56 2757
57 3413
58 3194
59 2466
60 3181
61 2302
62 2859
63 2700
64 2434
65 1655
66 2056
67 2492
68 2800
69 2375
70 2038
71 1887
72 2602
73 2419
74 2449
75 2101
76 1605
77 2397
78 2489
79 3321
80 2145
81 2622
82 2073
83 3046
84 1916
85 2935
86 2549
87 2398
88 3104
89 2248
90 2414
91 2588
92 2133
93 1927
94 2499
95 2597
96 3087
97 2841
98 3265
99 3194
100 2482
101 1945
102 2835
103 1942
104 2447
105 1774
106 2948
107 1975
108 2178
109 2159
110 2951
111 2652
112 2297
113 2285
114 2451
115 2715
116 2276
117 2192
118 2273
119 2731
120 2245
121 2766
122 3281
123 2446
124 2216
125 3191
126 2558
127 2803
128 2414
129 2148
130 2419
131 2515
132 2252
133 2948
134 2824
135 1951
136 1849
137 2208
138 2768
139 2730
140 2733
141 2254
142 2814
143 2572
144 2248
145 2176
146 2749
147 1877
148 2924
149 3045
150 1555
151 2754
152 2030
153 3192
154 3012
155 2957
156 2514
157 2411
158 2985
159 1882
160 2118
161 2296
162 3620
163 2107
164 2718
165 2633
166 2309
167 2765
168 2691
169 2332
170 2350
171 2523
172 1706
173 3066
174 2085
175 1720
176 2076
177 1850
178 2340
179 2241
180 2842
181 3224
182 2999
183 2479
184 2644
185 2541
186 2804
187 2971
188 2495
189 2969
190 2299
191 2041
192 2575
193 2519
194 2757
195 2416
196 2460
197 2324
198 2341
199 2526
200 2689
201 1810
202 3031
203 2066
204 2071
205 1374
206 2445
207 2255
208 1702
209 2674
210 2179
211 1907
212 2271
213 2250
214 2536
215 2623
216 2966
217 2464
218 2627
219 2201
220 2456
221 2537
222 1615
223 2084
224 2570
225 2508
226 2810
227 2243
228 2812
229 2650
230 3163
231 2862
232 2217
233 2069
234 2592
235 2590
236 1866
237 2195
238 2749
239 2592
240 2036
241 3234
242 2579
243 2264
244 3513
245 2775
246 3295
247 2002
248 2663
249 2110
250 1762
251 2518
252 1846
253 2413
254 3042
255 3292
256 2830
257 2156
258 3027
259 2204
260 2290
261 2207
262 2399
263 2461
264 2670
265 2149
266 1883
267 2194
268 2075
269 2939
270 2677
271 2696
272 2118
273 2312
274 2305
275 3149
276 2536
277 2137
278 2348
279 2759
280 2236
281 2413
282 1877
283 2484
284 1967
285 2349
286 2255
287 2223
288 2579
289 2496
290 2057
291 2016
292 2838
293 2125
294 2761
295 2803
296 2698
297 2290
298 3207
299 2921
300 2172
301 2390
302 1650
303 3257
304 1691
305 2565
306 1722
307 2673
308 2002
309 2238
310 1740
311 1658
312 2316
313 2256
314 2834
315 2714
316 3142
317 2166
318 2331
319 3037
320 2293
321 2114
322 2497
323 1805
324 1736
325 2731
326 2348
327 2474
328 2790
329 2349
330 2481
331 2439
332 2166
333 2309
334 2545
335 2514
336 3439
337 2105
338 1941
339 2234
340 3268
341 2473
342 2480
343 1643
344 2842
345 2869
346 2239
347 3015
348 2406
349 2707
350 1952
351 2981
352 2381
353 2386
354 2321
355 1836
356 2440
357 1820
358 1832
359 2445
360 2690
361 1947
362 2297
363 2562
364 2433
365 2189
366 2227
367 2645
368 2138
369 2083
370 2551
371 2432
372 2339
373 2161
374 2719
375 2650
376 2967
377 2443
378 2607
379 1853
380 2250
381 2305
382 2461
383 2074
384 2546
385 1920
386 2217
387 2835
388 2505
389 2687
390 1707
391 1915
392 1788
393 2321
394 2543
395 1646
396 2183
397 2120
398 2803
399 2013
400 2038
401 2298
402 2973
403 1215
404 2754
405 2615
406 2475
407 2062
408 1823
409 1870
410 2150
411 2826
412 2265
413 2860
414 2287
415 2129
416 3644
417 2730
418 2078
419 1215
420 3104
421 2652
422 3438
423 2699
424 3103
425 3189
426 3077
427 2637
428 3153
429 2601
430 2713
431 3363
432 2689
433 2499
434 2391
435 2729
436 1795
437 2410
438 2373
439 2669
440 1691
441 2847
442 2065
443 2672
444 2485
445 2118
446 2580
447 2793
448 1932
449 1780
450 2665
451 2158
452 2807
453 2394
454 2429
455 2142
456 2328
457 1765
458 2183
459 2820
460 2202
461 2711
462 2155
463 2735
464 2567
465 2027
466 2494
467 1687
468 2476
469 2185
470 3009
471 2676
472 2225
473 2359
474 2880
475 2567
476 2612
477 2880
478 1541
479 3108
480 2455
481 2227
482 2441
483 1475
484 2038
485 1865
486 2159
487 2322
488 3029
489 3357
490 2750
491 2287
492 2635
493 2065
494 1976
495 1887
496 1890
497 2359
498 2495
499 2543
500 2256
501 2287
502 2422
503 2731
504 2638
505 2547
506 2426
507 2577
508 2275
509 2856
510 2687
511 2640
512 2442
513 2399
514 2084
515 2564
516 3267
517 2033
518 2245
519 2284
520 2244
521 2585
522 2692
523 2455
524 2493
525 2970
526 1827
527 2524
528 2460
529 2261
530 2568
531 2811
532 2537
533 2231
534 2671
535 1886
536 2488
537 2481
538 2171
539 2974
540 2607
541 2937
542 1973
543 2388
544 2459
545 1885
546 2285
547 2355
548 2423
549 2881
550 2628
551 1755
552 2622
553 2834
554 2696
555 1739
556 2210
557 2974
558 1794
559 2611
560 1920
561 2318
562 1911
563 2876
564 1996
565 2428
566 2327
567 2138
568 2794
569 2565
570 2623
571 2926
572 2847
573 2564
574 2179
575 3026
576 2792
577 2101
578 1517
579 2799
580 2938
581 2575
582 2132
583 2238
584 3491
585 2767
586 2479
587 2516
588 2402
589 1961
590 2186
591 2643
592 2491
593 2307
594 2777
595 2186
596 2497
597 2313
598 2153
599 2154
600 2416
601 2651
602 2972
603 2279
604 2188
605 2334
606 2386
607 3294
608 2056
609 2002
610 2930
611 2327
612 1858
613 2717
614 1875
615 2808
616 3153
617 2418
618 1662
619 2099
620 2055
621 1794
622 2890
623 2264
624 2729
625 2645
626 2408
627 2818
628 2568
629 2269
630 2770
631 3080
632 2416
633 1876
634 3030
635 2757
636 1906
637 3240
638 2349
639 2560
640 3119
641 2618
642 2413
643 3046
644 3043
645 2146
646 2187
647 2375
648 2310
649 2168
650 1703
651 3394
652 2750
653 2964
654 2766
655 2475
656 3076
657 2346
658 2887
659 2042
660 1652
661 2547
662 2745
663 2971
664 2397
665 2264
666 2642
667 3182
668 2969
669 2910
670 2623
671 2305
672 2860
673 1948
674 2199
675 2055
676 2125
677 2458
678 2351
679 2284
680 2171
681 2336
682 1779
683 2740
684 2119
685 1696
686 2176
687 2572
688 2822
689 3056
690 2260
691 2593
692 2601
693 2360
694 2101
695 2471
696 2101
697 1325
698 1835
699 3529
700 2239
701 2028
702 1914
703 3166
704 2962
705 2034
706 2037
707 2785
708 2068
709 2220
710 2649
711 1961
712 1864
713 2017
714 3102
715 2861
716 2328
717 2697
718 2129
719 2550
720 2139
721 2509
722 1913
723 2383
724 1901
725 2517
726 1825
727 2253
728 2982
729 2914
730 2290
731 2951
732 2796
733 2593
734 2098
735 2752
736 2839
737 2705
738 1959
739 2709
740 2655
741 2271
742 2671
743 2796
744 1800
745 2805
746 2484
747 3025
748 2805
749 1811
750 2723
751 3226
752 1843
753 2482
754 2668
755 1918
756 3093
757 2001
758 2461
759 1873
760 3341
761 2535
762 2904
763 2503
764 2814
765 2113
766 2822
767 1874
768 2563
769 2940
770 2052
771 1228
772 1633
773 2296
774 3285
775 2384
776 2726
777 1933
778 2771
779 2421
780 3117
781 1978
782 2474
783 2151
784 2282
785 2161
786 2208
787 2124
788 2891
789 2045
790 2038
791 2750
792 2475
793 2351
794 2541
795 2872
796 2473
797 2279
798 3264
799 2173
800 2656
801 2329
802 3296
803 2384
804 2816
805 2404
806 2634
807 1899
808 2124
809 2485
810 2551
811 2036
812 2577
813 2653
814 2280
815 2856
816 1837
817 2451
818 2840
819 2110
820 2100
821 1451
822 2747
823 2181
824 2515
825 2476
826 2886
827 3398
828 3692
829 2410
830 2326
831 3114
832 2051
833 2358
834 2607
835 2659
836 2685
837 2694
838 2319
839 2109
840 2566
841 2958
842 2902
843 2675
844 2322
845 1787
846 2862
847 2228
848 1821
849 2695
850 2367
851 2509
852 2827
853 2439
854 1809
855 3069
856 3298
857 2088
858 1979
859 2739
860 2418
861 2694
862 2341
863 2827
864 3249
865 2483
866 1672
867 2618
868 1924
869 2857
870 2547
871 3356
872 2426
873 2338
874 1743
875 2127
876 2225
877 2443
878 2507
879 2357
880 2343
881 1939
882 1958
883 2722
884 2396
885 1901
886 1750
887 2014
888 2792
889 2290
890 2822
891 2421
892 3083
893 1904
894 2173
895 2430
896 1726
897 2096
898 2645
899 1917
900 2234
901 1886
902 3174
903 2638
904 2146
905 2918
906 2654
907 1835
908 2233
909 2412
910 2431
911 2333
912 2731
913 2452
914 1946
915 2977
916 2452
917 2040
918 2785
919 2311
920 2838
921 1469
922 1984
923 3026
924 2931
925 2397
926 2456
927 2142
928 2406
929 2185
930 2818
931 2726
932 1943
933 2013
934 2287
935 2144
936 2003
937 2261
938 2422
939 1837
940 3113
941 3065
942 1876
943 1561
944 1420
945 1956
946 2452
947 2019
948 2272
949 2418
950 1902
951 2488
952 2104
953 2502
954 2554
955 2358
956 2764
957 2831
958 3163
959 1560
960 2115
961 2303
962 2269
963 2901
964 2168
965 2947
966 2900
967 2359
968 2195
969 2919
970 1973
971 2765
972 3371
973 2208
974 3093
975 2462
976 2078
977 1893
978 1723
979 2146
980 1851
981 1686
982 2099
983 2666
984 2610
985 2049
986 2127
987 2362
988 2673
989 2318
990 2258
991 3114
992 2499
993 2756
994 2315
995 2174
996 1921
997 2522
998 1889
999 2731
1000 2407
1001 2122
1002 2507
1003 2731
1004 1802
1005 2391
1006 2947
1007 2703
1008 2084
1009 2427
1010 2220
1011 2131
1012 2184
1013 2524
1014 2593
1015 2319
1016 2970
1017 2625
1018 2322
1019 2162
1020 2846
1021 3704
1022 2658

0 56 45 1
0 94 43 7
0 258 6 4
0 293 38 11
0 351 22 14
0 363 12 4
0 419 27 7
0 662 59 11
0 700 17 10
0 862 5 7
0 926 47 6
0 933 42 15
1 82 30 6
1 88 44 10
1 94 46 4
1 104 11 14
1 351 41 12
1 591 17 12
1 734 34 1
1 862 45 15
1 1012 50 2
2 94 53 2
2 351 18 13
2 484 24 4
2 663 38 6
2 862 12 11
2 930 2 12
2 999 36 9
3 129 17 11
3 198 31 11
3 320 4 11
3 649 33 11
3 757 46 12
3 938 52 12
4 276 9 11
4 469 56 4
4 549 2 3
4 681 47 1
4 759 25 7
4 1006 18 5
5 175 16 3
5 346 55 1
5 439 15 10
5 539 7 5
5 879 6 12
6 48 3 7
6 86 49 12
6 346 25 9
6 393 7 10
6 704 51 15
7 171 58 15
7 456 37 3
7 606 17 9
7 685 42 3
7 789 10 9
7 841 27 5
7 924 19 3
8 18 11 15
8 39 57 6
8 293 32 8
8 354 59 8
8 358 28 10
8 390 21 13
8 686 14 9
9 111 58 4
9 680 16 2
9 785 10 10
9 986 40 12
10 219 55 8
10 603 18 1
10 683 21 11
10 772 26 9
10 928 14 13
11 144 19 6
11 180 23 1
11 427 1 2
11 645 56 14
12 27 7 3
12 329 51 2
12 401 19 11
12 584 14 13
12 898 46 13
12 932 46 6
12 943 19 6
13 788 46 12
13 805 43 7
13 828 15 3
13 962 34 10
14 48 8 8
14 113 39 13
14 236 40 10
14 570 6 13
14 606 48 7
14 817 7 3
14 823 17 13
15 50 8 2
15 109 32 1
15 217 37 4
15 247 15 15
15 295 41 9
15 544 23 3
15 588 33 1
15 688 32 13
16 196 5 4
16 624 36 8
16 994 8 7
17 130 28 12
17 146 60 2
17 204 15 5
17 223 9 4
17 567 38 6
17 714 56 7
17 720 26 6
17 789 9 1
17 808 21 1
18 424 48 9
18 788 41 3
18 807 32 8
18 973 43 9
19 86 17 6
19 149 39 8
19 172 6 12
19 271 19 5
19 290 54 9
19 487 14 7
20 73 2 14
20 99 50 11
20 219 52 10
20 228 20 13
20 569 3 15
20 606 19 9
20 670 21 3
20 781 5 12
20 1005 60 13
21 108 32 12
21 334 29 9
21 474 26 4
21 899 42 9
22 244 2 6
22 654 46 2
22 681 44 15
22 773 9 5
22 877 45 3
22 1003 40 2
23 93 19 3
23 201 34 11
23 417 46 6
23 489 37 12
23 695 33 10
23 718 29 8
23 842 42 3
23 921 12 9
24 60 24 14
24 139 2 10
24 342 22 5
24 344 45 12
24 502 58 9
24 713 44 11
24 714 4 4
24 739 4 5
24 789 31 15
24 903 26 4
24 990 33 1
25 63 9 11
25 131 47 4
25 287 17 6
25 455 12 14
25 518 13 11
25 658 58 6
25 696 18 14
25 781 23 7
26 259 50 3
26 493 13 8
26 634 6 10
26 837 6 2
26 969 25 6
27 144 11 13
27 243 9 1
27 349 57 12
27 498 46 15
27 609 31 10
27 643 21 8
27 807 16 10
27 953 25 1
28 134 60 8
28 367 36 10
28 901 42 9
29 37 46 8
29 389 16 2
30 300 49 11
30 349 50 3
30 685 58 8
31 93 37 1
31 294 22 13
31 714 5 10
31 852 10 1
31 903 54 4
32 129 17 14
32 426 23 7
32 815 58 3
32 877 59 12
33 231 51 4
33 234 30 15
33 466 50 9
33 588 2 7
33 608 20 3
33 735 38 13
34 51 12 11
34 293 27 9
34 318 6 10
34 347 28 14
34 500 26 13
34 566 8 8
34 596 19 6
34 661 4 9
35 138 21 6
35 222 4 6
35 513 35 10
35 529 28 2
35 579 60 10
35 692 1 7
35 786 54 4
36 234 45 9
36 361 5 11
36 946 39 4
37 166 41 9
37 204 41 1
37 220 19 12
37 294 59 13
37 344 41 9
37 452 42 15
37 499 49 6
37 605 28 9
37 683 16 8
37 997 12 5
38 224 10 15
38 244 5 5
38 699 15 12
38 842 5 2
38 950 2 15
38 1014 3 13
39 225 14 2
39 267 6 12
39 519 22 9
39 892 40 13
39 965 32 9
40 921 55 14
40 969 31 6
40 1003 44 15
41 50 46 2
41 165 46 6
41 441 19 5
41 452 10 15
41 602 4 9
41 939 38 7
42 422 56 5
42 507 3 9
42 619 11 13
42 785 7 13
43 204 54 14
43 231 33 11
43 504 11 5
43 734 6 14
43 842 6 3
43 935 18 8
44 273 7 8
44 281 23 6
44 649 40 2
44 940 22 15
44 1014 46 8
45 155 18 5
45 249 58 1
45 334 43 5
45 566 6 13
45 793 43 12
45 974 41 6
46 170 19 10
46 245 43 3
46 254 50 10
46 552 40 7
46 633 31 12
46 806 4 2
46 817 19 5
46 985 59 5
47 87 25 12
47 107 11 1
47 176 25 14
47 230 25 7
47 280 14 10
47 329 9 1
47 398 23 10
47 425 44 11
47 479 46 14
47 558 17 10
47 786 21 15
47 848 18 8
47 900 27 11
48 80 50 14
48 422 25 1
48 872 50 15
48 931 9 4
48 975 46 6
48 1017 51 6
49 91 30 13
49 231 60 13
49 623 59 10
49 726 29 8
49 738 50 13
49 900 1 7
50 197 32 6
50 232 15 6
50 330 37 1
50 712 27 10
50 753 28 10
50 796 15 12
50 853 6 4
50 977 50 7
50 989 46 5
51 316 29 11
51 460 5 13
51 556 10 14
51 758 15 9
51 828 38 12
51 853 15 2
51 904 36 14
51 908 7 10
52 113 21 14
52 163 15 3
52 299 60 13
52 450 21 9
52 615 47 14
52 656 40 4
52 699 45 11
53 536 10 11
53 780 31 4
54 144 37 4
54 174 10 11
54 268 34 13
54 288 17 9
54 333 8 12
54 359 50 4
54 395 50 6
54 543 45 4
55 815 15 4
55 872 50 7
55 896 1 15
56 182 59 15
57 67 7 6
57 158 51 9
57 205 37 7
57 305 38 4
57 370 52 4
57 535 31 7
57 712 35 12
57 932 25 2
57 945 45 12
58 70 16 13
58 233 39 3
58 250 3 2
58 388 3 12
58 735 28 11
58 981 60 2
59 259 15 7
59 371 55 15
59 645 32 9
59 681 18 13
59 939 47 10
59 946 1 10
60 284 23 5
60 355 12 10
60 500 37 15
60 554 46 6
60 897 36 7
61 548 43 6
61 876 42 1
61 923 25 2
62 524 36 11
62 535 30 1
62 570 24 10
62 600 21 4
62 639 30 8
62 756 51 13
62 757 42 14
62 894 55 6
63 104 15 6
63 167 39 7
63 591 11 10
63 604 21 11
64 379 35 11
64 465 5 5
64 637 30 14
64 664 42 6
64 826 1 2
64 894 33 15
64 898 1 6
65 69 36 5
65 542 11 5
65 672 4 14
65 949 9 13
65 984 35 1
66 182 10 9
66 553 29 7
66 785 31 2
66 894 9 8
66 958 24 15
67 80 33 1
67 89 56 3
67 231 15 5
67 280 51 8
68 806 57 15
69 161 27 5
69 305 50 7
69 330 20 5
69 346 48 10
69 433 4 11
69 525 59 2
70 73 51 1
70 140 35 9
70 455 21 10
70 512 2 1
70 611 53 14
70 650 29 6
70 839 49 3
71 257 58 6
71 440 45 13
71 462 27 10
71 510 35 2
71 619 12 12
71 710 39 12
71 830 14 12
72 97 28 11
72 109 10 2
72 291 51 9
72 413 48 5
72 464 12 5
72 741 5 9
73 193 19 6
73 818 51 8
73 860 38 15
74 461 55 11
74 470 59 3
74 588 4 10
74 600 43 12
74 956 38 6
75 325 28 8
75 483 31 10
75 752 43 14
75 993 32 8
76 201 18 7
76 272 58 2
77 779 7 11
77 930 29 2
78 142 5 11
78 239 54 7
78 729 39 11
78 793 24 2
78 796 58 8
78 885 50 4
78 1018 49 10
79 163 8 14
79 202 27 4
79 411 57 7
79 471 8 5
79 593 10 8
79 659 46 14
79 661 16 14
79 718 2 10
79 836 41 15
79 866 46 8
80 188 25 11
80 379 40 2
80 407 18 14
80 527 13 7
80 718 30 8
80 731 2 9
80 790 8 3
80 822 22 3
81 90 23 6
81 194 60 3
81 438 54 8
81 512 52 9
81 732 48 14
81 894 52 2
82 182 37 4
82 210 20 3
82 263 14 15
82 475 60 6
82 631 2 14
82 747 30 11
82 767 60 7
82 915 30 14
83 575 10 12
83 756 14 12
83 760 52 12
84 972 12 14
85 454 55 12
85 881 1 3
86 223 41 8
86 248 52 7
86 447 8 9
86 466 14 10
86 902 35 2
86 937 28 15
86 952 25 9
87 307 55 14
87 420 47 15
87 529 43 15
87 699 54 11
87 725 37 8
87 875 13 7
88 236 40 5
88 621 24 3
88 985 42 12
89 156 47 5
89 211 5 12
89 501 28 15
89 832 4 2
90 376 3 13
90 415 2 15
90 542 25 1
90 633 47 10
90 639 33 1
90 668 57 5
90 745 42 1
90 994 24 11
91 471 1 8
91 916 16 11
92 113 5 3
92 242 37 4
92 263 52 4
92 680 47 10
92 700 43 15
92 879 18 7
92 924 48 6
93 371 25 12
93 406 10 9
93 774 12 8
95 210 5 8
95 287 28 1
95 348 25 15
95 423 33 15
95 443 47 3
95 445 34 11
95 462 14 11
95 758 22 2
95 974 5 8
95 1008 43 4
96 184 28 7
96 348 49 13
96 573 38 1
96 650 39 7
96 912 54 1
97 181 40 13
97 259 28 1
97 387 31 15
97 771 34 6
97 828 10 11
98 175 41 13
98 657 16 15
98 883 50 7
99 381 6 2
99 436 3 5
99 485 31 9
99 799 27 2
99 807 9 14
100 553 1 1
100 587 59 13
100 619 36 4
100 874 46 1
100 916 12 3
100 1003 19 5
101 251 24 5
101 885 51 7
101 930 50 14
102 487 7 15
102 498 45 7
102 887 5 7
103 640 42 14
103 922 1 8
103 967 26 14
103 968 37 11
104 279 8 9
104 383 55 6
104 459 30 9
104 663 51 12
104 672 56 2
104 732 53 13
104 902 57 14
105 271 15 2
105 469 29 14
105 499 30 1
105 662 45 12
105 710 2 7
106 158 48 5
106 720 6 6
107 474 45 14
107 680 10 1
107 731 29 9
107 744 4 7
107 797 3 10
108 501 31 6
108 568 5 11
108 572 60 13
108 860 2 7
108 887 26 12
108 940 11 13
109 168 55 5
109 173 53 15
109 190 20 5
109 225 42 7
109 357 8 9
109 523 23 2
109 730 46 2
109 979 39 10
110 626 40 15
110 963 39 11
111 512 42 8
111 630 59 8
111 751 4 1
111 770 8 1
111 925 5 11
111 1008 28 1
112 469 59 5
112 537 51 2
112 660 22 5
112 772 6 5
112 816 2 8
113 117 5 10
113 158 48 8
113 285 29 12
113 584 13 1
113 859 59 2
114 192 60 13
114 195 44 14
114 484 17 6
115 177 53 11
115 230 19 2
115 288 20 10
115 544 28 4
115 593 33 7
115 730 56 11
115 839 19 7
116 811 42 8
117 522 38 10
117 531 9 13
117 627 6 4
118 945 58 15
118 972 56 7
119 453 46 7
119 584 14 6
119 917 28 6
120 208 39 3
120 879 28 12
120 957 39 10
121 223 21 13
121 355 50 13
121 384 20 2
121 505 53 4
121 602 16 11
121 841 9 12
121 858 16 2
122 477 44 3
122 801 24 6
122 896 43 7
122 923 41 15
123 402 43 4
123 447 15 10
123 473 4 3
123 602 16 4
123 654 30 2
123 952 29 12
124 226 43 12
124 732 58 13
125 235 4 13
125 475 16 15
125 724 60 15
125 752 60 12
125 979 21 3
126 308 22 1
126 380 38 11
126 584 36 12
126 864 19 4
127 240 45 10
127 332 43 14
127 944 37 11
127 989 31 9
128 294 51 3
128 427 18 7
128 429 30 1
128 504 12 7
128 1009 56 10
129 154 40 9
129 170 49 6
129 552 9 14
129 720 19 13
129 754 37 14
129 963 47 2
129 991 33 6
130 509 54 8
130 549 33 12
130 1010 33 3
131 974 49 14
132 452 8 6
132 741 13 15
132 763 46 12
132 829 27 15
132 1001 27 4
133 209 4 6
133 437 12 10
133 469 27 5
133 716 2 4
133 974 26 3
133 1015 6 14
134 258 2 7
134 274 4 11
134 632 20 14
134 754 14 8
134 867 47 5
134 906 50 8
135 320 25 15
135 577 34 10
135 714 10 9
136 208 11 13
136 295 53 5
136 950 12 13
137 717 19 14
138 253 40 12
138 383 17 10
138 446 26 11
138 701 11 10
138 827 59 14
138 1015 23 14
139 189 54 5
139 426 58 2
139 576 46 8
139 689 7 13
139 742 50 3
139 780 14 10
139 782 26 11
139 827 57 2
139 834 36 14
139 889 11 11
140 342 1 10
140 402 37 5
140 468 21 14
140 566 9 2
140 591 50 4
141 166 19 11
141 167 14 6
141 397 21 11
141 467 46 9
141 752 50 1
141 971 14 13
142 410 21 2
142 415 46 8
142 509 32 14
142 610 28 2
142 673 11 7
142 751 34 1
142 856 8 10
143 364 60 9
143 391 39 7
143 489 5 7
143 601 45 4
143 725 51 15
144 590 35 9
144 705 54 8
144 999 37 5
145 173 47 1
145 298 15 8
145 451 2 8
145 474 43 1
146 208 57 13
146 884 34 10
146 1000 37 4
147 455 4 14
147 596 11 1
147 632 39 1
148 207 20 8
148 229 49 3
148 246 55 8
148 252 53 2
148 410 52 7
148 562 48 13
148 751 30 9
148 893 30 8
149 177 27 10
149 348 6 11
149 548 43 11
149 764 33 6
149 904 21 5
149 967 24 8
150 340 25 7
150 357 33 11
150 364 28 11
150 680 59 13
150 769 27 3
151 247 46 1
151 845 49 2
152 210 38 5
152 451 17 12
152 545 16 10
152 713 37 13
152 818 45 7
152 903 14 12
153 334 35 2
153 624 3 7
153 701 35 9
154 371 10 10
154 690 29 7
155 251 46 15
155 477 48 6
155 649 54 6
155 765 58 15
155 929 2 14
156 371 39 10
156 404 60 3
156 475 24 13
156 618 44 12
156 973 40 11
157 538 11 1
157 564 51 8
157 577 33 5
157 649 54 3
157 885 58 14
158 225 24 8
158 241 16 7
158 279 29 11
158 334 7 9
158 436 12 15
158 638 34 15
158 676 29 2
158 888 54 15
159 201 8 13
159 477 31 6
159 590 44 13
159 754 1 4
160 249 10 15
160 368 29 2
160 412 60 5
160 423 10 10
160 671 43 1
160 724 46 4
160 730 38 12
160 799 57 2
160 836 53 7
160 1005 23 10
162 257 51 4
162 298 21 11
162 439 51 8
162 446 21 8
162 462 9 12
163 309 44 9
163 459 21 10
163 639 27 13
163 692 18 8
163 866 7 1
163 909 11 15
163 981 18 14
164 281 25 15
164 420 6 8
164 480 44 11
164 582 1 6
164 618 59 7
165 198 8 9
165 213 24 15
165 357 2 10
165 402 52 8
165 477 19 8
165 852 32 15
166 325 36 5
166 676 57 9
166 711 1 4
166 789 58 8
166 982 37 9
167 360 21 13
167 869 57 13
167 960 55 1
167 987 16 6
168 251 51 12
168 343 59 15
168 382 18 14
168 455 6 14
168 482 53 4
168 549 37 8
168 596 55 2
169 322 42 10
169 365 42 1
169 666 47 3
169 819 7 10
169 820 54 2
169 867 32 11
169 878 41 5
169 953 7 5
169 985 36 5
169 992 19 10
170 193 48 6
170 357 50 3
170 391 43 15
170 676 55 6
170 693 59 12
170 709 17 10
170 752 55 14
170 790 5 8
170 827 51 7
170 929 44 8
171 558 6 14
171 777 28 7
171 866 36 4
171 1019 51 9
172 234 31 15
172 300 34 12
172 726 51 11
172 964 23 3
173 185 14 7
173 228 3 12
173 370 49 3
173 780 30 2
173 963 29 2
174 307 28 3
174 362 9 9
174 432 55 15
174 633 36 9
174 695 8 9
175 228 27 4
175 295 27 5
175 536 15 1
175 559 42 1
175 615 48 12
175 632 40 9
175 702 23 11
175 755 59 3
175 820 57 7
175 970 56 1
176 219 24 12
176 365 47 15
176 621 18 8
176 650 26 9
176 832 4 6
176 900 7 9
176 1010 56 15
177 245 3 12
177 355 51 10
177 390 47 3
177 402 21 4
177 564 54 5
177 594 55 2
177 595 33 8
177 630 50 7
177 683 49 8
177 693 5 15
178 205 49 8
178 215 3 4
178 248 41 11
178 829 42 7
178 849 26 3
179 727 59 1
179 837 51 13
180 201 51 14
181 184 9 7
181 216 6 15
181 283 51 14
181 434 15 7
181 1010 12 5
182 299 1 15
182 689 15 13
182 760 27 14
182 857 7 2
183 193 40 12
183 387 38 5
183 460 20 2
183 528 21 6
183 738 49 12
183 776 28 13
183 822 8 14
183 928 16 14
184 212 8 2
184 287 46 7
184 302 16 3
184 410 31 5
185 259 12 12
185 343 35 3
185 378 34 1
185 480 45 13
185 819 60 5
185 853 26 7
186 201 2 5
186 314 4 5
187 300 33 15
187 371 58 10
187 406 26 14
187 440 27 8
187 458 33 14
187 623 12 11
187 643 26 10
187 857 10 4
187 868 51 10
187 897 59 4
188 419 3 3
188 431 29 8
188 486 13 6
188 525 41 15
188 662 41 15
188 868 31 4
188 892 14 1
189 352 9 15
189 353 22 7
189 564 4 13
189 568 3 10
189 755 58 4
189 863 9 6
189 894 51 6
190 271 46 7
190 408 29 14
190 491 27 7
190 561 6 4
190 660 51 10
190 694 30 8
190 885 36 11
190 987 5 2
191 449 39 15
192 230 60 2
192 395 55 6
192 451 27 6
192 723 48 10
192 953 31 1
193 249 17 6
193 276 25 7
193 529 21 14
193 957 14 12
194 345 5 15
194 896 26 2
195 586 27 3
195 825 13 1
195 916 24 15
195 933 25 5
195 935 33 14
196 301 18 4
196 991 32 9
197 503 30 10
197 585 8 7
197 688 37 8
197 764 24 15
197 794 30 4
198 223 23 7
198 279 43 3
198 481 1 4
198 497 11 12
198 761 29 11
198 792 25 9
198 813 20 14
198 818 14 9
198 863 33 10
198 904 41 14
199 267 5 2
199 476 17 15
199 590 22 1
200 222 34 6
200 276 2 11
200 322 1 6
200 586 31 15
200 699 26 6
200 736 43 13
201 216 19 7
201 242 3 12
201 260 27 1
201 297 12 13
201 355 53 13
201 626 18 14
202 235 44 10
202 369 38 12
202 371 59 11
202 407 60 4
202 647 33 8
202 807 2 6
202 854 36 10
203 236 9 9
203 317 34 8
203 922 14 1
203 993 12 2
204 298 8 7
204 499 36 2
204 998 24 9
205 292 31 2
205 298 19 6
205 370 53 12
205 526 16 9
205 588 15 7
205 692 28 9
205 781 3 6
206 378 21 4
206 437 6 7
206 569 56 7
206 649 5 4
206 723 23 9
206 835 25 11
206 991 31 11
207 333 22 1
207 609 38 1
207 699 42 5
207 852 8 13
208 257 15 8
208 607 9 5
208 864 46 6
208 884 57 2
209 243 34 10
209 274 3 4
209 463 28 7
209 474 21 9
209 509 9 2
209 553 20 6
209 571 54 11
209 689 17 8
209 703 47 14
209 708 10 2
210 222 18 13
210 260 36 14
210 376 15 9
210 712 34 2
210 816 3 1
211 215 12 2
211 221 45 11
211 471 31 5
211 769 11 7
211 800 49 14
211 907 12 1
211 967 15 9
212 408 36 10
212 460 59 13
212 463 26 1
212 522 60 11
212 690 32 10
212 917 36 6
213 326 38 13
213 403 26 1
213 417 23 6
213 488 58 9
213 602 53 15
213 796 25 11
213 918 22 2
214 551 35 11
215 302 4 10
215 326 8 2
215 540 32 5
215 552 46 4
215 595 22 4
215 741 58 7
215 797 26 14
216 834 48 15
217 394 32 15
217 517 11 8
217 646 19 9
217 657 43 2
217 756 28 6
217 967 13 5
218 301 42 4
218 417 19 10
218 442 26 5
218 662 13 4
218 728 38 4
218 750 47 13
218 801 14 6
218 1002 41 8
219 246 53 2
219 377 35 11
219 872 35 11
220 462 55 4
220 728 42 10
221 681 45 4
221 924 59 13
221 1014 34 4
222 348 20 1
222 424 57 3
223 237 23 3
223 414 59 15
223 730 12 11
223 935 57 11
223 1009 59 14
224 470 22 3
224 509 5 2
224 511 49 2
224 850 38 12
225 467 23 11
225 634 33 5
225 743 52 9
226 696 60 13
227 260 23 7
227 817 16 6
227 885 46 7
227 914 56 14
228 265 34 3
228 313 5 14
228 655 30 6
228 844 41 1
229 231 12 12
229 255 57 1
229 598 37 10
229 641 29 15
229 734 60 12
229 758 46 1
229 923 20 3
229 947 53 15
230 335 19 8
230 759 10 1
230 803 14 3
230 957 31 1
231 381 53 10
231 762 19 4
231 934 5 11
232 341 9 9
232 344 50 2
232 402 57 9
232 431 44 15
232 455 44 4
232 642 37 10
232 769 46 4
233 370 49 15
233 564 13 11
233 660 48 11
233 784 1 11
233 844 30 5
233 968 11 12
233 1017 17 14
234 786 49 11
234 810 45 12
234 1013 1 3
235 307 11 7
235 525 24 13
235 594 42 3
235 668 2 6
235 722 34 10
235 756 18 13
235 846 24 7
236 319 26 4
236 395 22 12
237 406 21 13
237 456 21 2
237 789 11 4
238 317 17 15
238 321 18 9
238 674 41 2
238 688 18 6
238 744 54 15
238 876 15 14
238 970 58 11
239 269 41 2
239 568 18 4
239 593 9 11
239 844 14 1
239 1015 29 4
240 424 26 12
240 527 12 13
240 749 13 9
240 800 4 14
240 808 38 12
240 873 28 1
241 436 5 7
241 897 58 5
242 295 51 13
242 417 6 11
242 660 33 5
242 712 44 7
242 775 22 6
242 814 31 13
243 406 59 14
243 433 17 11
243 468 53 13
243 616 41 15
243 775 44 8
243 839 29 4
243 940 40 11
244 272 28 11
244 524 44 1
244 873 43 13
245 378 39 15
245 656 39 15
246 364 5 2
246 407 55 6
246 580 17 10
247 974 57 4
248 308 40 10
248 398 46 1
248 442 54 5
248 449 60 9
248 509 55 15
248 690 16 1
248 700 35 3
249 270 57 14
249 384 3 13
249 414 58 5
249 470 35 8
249 890 31 7
250 473 47 2
250 678 31 9
251 431 57 15
251 609 17 10
251 695 13 3
251 814 42 11
251 935 29 12
252 281 43 2
252 543 26 2
252 797 11 2
252 841 49 4
253 383 44 12
253 417 55 13
253 844 8 12
254 577 3 15
254 643 51 9
254 690 19 2
254 693 10 6
254 865 45 10
254 930 52 7
255 306 41 10
255 710 58 15
255 732 39 13
256 585 24 6
256 791 19 14
257 261 41 1
257 651 55 1
257 838 10 1
258 275 2 13
258 280 19 3
258 293 23 4
258 942 35 2
259 314 40 10
259 512 50 8
259 802 31 12
259 864 26 13
259 880 44 3
260 287 22 4
260 459 9 6
261 411 18 4
261 730 43 13
261 748 26 6
261 795 39 6
261 833 30 8
261 839 37 1
261 916 48 2
262 815 11 15
262 947 7 8
263 352 20 1
263 732 13 7
263 780 29 2
263 843 51 14
263 880 13 10
263 919 31 8
263 933 19 13
264 291 29 2
264 370 38 14
264 474 10 13
264 527 58 9
264 685 38 4
264 745 29 1
264 819 35 9
264 872 37 12
264 986 27 6
264 996 47 5
265 411 29 2
265 475 22 6
265 728 42 7
265 751 33 15
265 949 22 8
266 450 53 11
266 632 28 3
266 718 10 3
266 753 32 5
266 786 60 12
266 861 46 11
266 872 12 5
266 894 21 4
266 1000 21 2
267 285 4 3
267 870 49 13
267 917 50 7
268 325 58 14
268 407 22 6
268 521 19 4
269 339 39 10
269 483 4 12
269 620 18 13
269 692 40 7
269 1021 13 11
270 287 23 11
270 558 48 7
270 955 4 5
271 397 4 9
271 406 7 10
272 404 3 9
272 444 38 12
272 446 8 1
272 550 24 3
272 924 1 5
273 331 51 14
273 436 42 13
273 437 31 3
273 523 55 10
273 539 8 1
273 564 28 15
273 635 60 13
273 700 44 8
273 873 39 9
274 368 56 3
274 382 21 5
274 412 9 7
274 540 54 10
274 609 11 8
274 723 28 8
274 956 8 5
275 832 6 2
276 333 52 9
276 353 42 5
277 319 16 11
277 524 53 9
277 547 20 10
278 281 44 4
278 291 47 10
278 478 35 11
278 629 31 4
278 844 13 13
278 955 38 11
279 365 35 14
279 475 15 15
279 527 45 8
279 669 38 11
279 964 5 15
280 964 35 10
281 361 43 6
281 557 23 1
281 562 52 14
281 1003 31 15
281 1018 60 15
282 331 42 14
282 408 4 7
282 544 34 3
282 933 29 11
282 989 46 4
283 469 31 6
283 552 3 5
283 747 45 11
283 987 11 5
284 604 26 6
284 647 53 14
284 693 24 4
284 698 59 3
284 799 13 14
285 504 28 2
285 683 27 15
285 710 18 10
286 423 14 2
286 431 22 10
286 570 23 5
286 622 42 3
286 750 39 4
287 506 2 7
287 715 45 1
287 779 36 15
287 875 2 11
288 388 28 11
288 529 37 3
288 683 55 1
288 770 6 4
288 900 50 11
289 360 51 12
289 770 56 9
289 882 7 1
290 397 42 11
290 872 3 1
291 369 60 11
291 689 20 13
291 883 52 4
291 914 49 10
291 934 59 5
292 423 16 1
292 565 32 1
292 759 21 6
293 302 39 9
294 499 34 9
294 688 27 11
294 990 48 9
295 723 18 2
295 767 42 7
296 615 58 12
296 758 5 1
296 985 37 15
297 904 8 14
297 928 16 14
297 997 25 3
298 305 12 1
298 349 16 3
298 378 15 1
298 396 11 3
298 592 7 11
298 975 43 13
299 453 2 5
299 478 34 7
299 539 43 12
299 636 38 6
300 693 22 10
300 757 59 6
300 796 24 14
300 895 38 2
301 853 11 3
302 442 60 3
302 702 42 2
302 707 5 9
302 951 12 7
303 320 12 15
303 424 32 7
303 526 28 4
303 782 2 11
304 566 49 10
304 643 25 15
304 700 57 7
304 813 12 8
304 853 14 2
304 906 51 9
304 958 5 14
305 422 27 3
305 435 57 10
305 556 1 8
305 607 20 5
305 661 50 8
305 728 16 4
305 853 3 8
306 368 39 6
306 419 18 15
306 428 2 12
306 605 15 7
306 663 5 3
306 790 54 4
307 571 4 5
307 724 46 3
307 730 50 5
308 320 25 11
308 827 36 13
308 992 42 15
309 519 53 12
309 696 39 4
309 699 39 4
309 748 57 3
309 839 13 11
309 842 42 3
309 845 22 1
309 989 6 8
309 998 13 12
310 320 60 7
310 469 46 1
310 592 26 4
310 681 59 14
310 890 7 3
311 323 45 7
311 448 1 12
311 786 14 13
312 408 52 5
312 832 52 10
313 424 38 15
314 424 47 2
314 439 56 12
314 661 50 5
314 720 36 1
314 790 32 3
314 852 20 4
314 905 37 14
315 375 6 5
315 434 60 10
315 519 18 9
315 615 35 4
315 803 47 1
315 889 20 10
316 455 10 3
316 460 39 1
316 474 37 9
316 521 56 8
316 813 20 5
316 869 33 9
316 981 58 12
317 352 36 2
317 474 23 2
317 667 26 5
317 846 5 14
318 644 40 11
318 697 24 12
318 702 47 12
319 367 21 15
319 833 51 5
320 532 55 8
320 915 26 3
321 425 54 7
321 766 12 13
321 879 58 5
322 385 5 7
322 392 34 10
322 472 43 4
322 932 41 1
322 937 10 15
322 1022 36 11
323 343 40 12
323 446 3 6
323 522 13 10
323 553 19 1
323 605 15 3
323 622 25 4
323 704 32 8
323 1001 40 10
323 1016 36 13
324 429 16 3
324 625 38 11
324 675 55 2
324 892 23 14
324 895 56 4
324 945 15 8
325 441 55 2
325 758 24 12
325 853 19 6
326 557 50 4
326 648 3 4
326 656 60 8
326 821 11 1
327 364 51 8
327 552 51 9
327 805 25 12
328 386 55 13
328 402 53 14
328 912 58 2
329 443 6 15
329 622 31 2
330 382 2 12
330 427 17 2
330 428 47 1
330 698 52 4
330 710 32 12
330 747 51 5
330 771 52 12
330 835 47 13
330 959 54 3
331 379 56 1
331 679 14 8
331 763 57 10
331 927 32 13
331 975 14 12
331 985 26 10
332 799 48 6
332 834 25 1
332 849 60 12
332 854 50 7
332 901 49 10
332 958 44 11
333 516 2 13
333 664 52 14
333 676 58 11
333 735 45 6
333 877 18 6
334 372 38 9
334 409 59 9
334 485 18 4
334 703 3 10
334 942 37 7
335 747 24 1
335 935 12 6
336 507 37 4
336 620 13 5
336 712 38 10
336 752 8 12
336 847 34 1
336 870 21 9
337 372 18 3
337 855 14 6
337 897 23 6
337 902 47 2
337 947 40 7
338 477 41 6
338 708 44 5
338 765 4 7
339 362 12 2
339 565 26 8
339 690 34 14
339 864 12 6
339 995 15 12
340 579 51 2
340 606 25 15
340 904 25 7
340 917 7 2
340 962 44 1
340 970 30 6
341 361 19 1
341 418 10 2
341 934 59 5
341 947 49 5
341 974 41 1
342 452 19 7
342 477 44 13
342 548 54 14
342 722 52 13
343 683 19 2
343 716 41 6
343 950 14 1
344 650 60 3
344 752 38 1
344 897 7 12
344 994 30 2
344 1018 18 12
345 540 23 12
345 684 4 2
345 958 60 13
346 413 21 15
346 499 3 14
346 578 41 13
346 630 29 8
346 968 15 13
347 399 6 6
347 496 50 10
347 574 7 10
347 663 23 7
347 674 8 15
347 857 31 4
347 887 6 7
347 996 32 3
348 521 14 15
348 549 5 10
348 762 52 13
348 808 20 1
348 857 7 11
348 911 15 8
348 964 40 14
349 433 25 11
349 871 9 7
349 922 25 1
350 405 49 1
350 450 47 4
350 483 11 5
350 736 21 12
350 847 50 15
350 854 47 1
350 917 4 12
350 1012 32 1
352 468 29 15
352 646 58 5
352 848 35 7
353 447 32 10
353 488 35 2
353 549 15 2
353 809 43 11
353 989 58 6
354 652 22 8
354 670 50 2
354 865 36 12
354 884 30 5
355 534 41 4
355 834 47 5
355 842 57 4
355 933 57 6
355 978 31 3
356 496 38 11
356 525 40 14
356 573 19 7
356 915 22 9
357 554 37 15
357 728 12 15
357 808 6 8
357 1009 57 5
357 1015 47 7
358 377 17 5
358 408 47 4
358 540 11 7
358 863 48 6
358 880 5 13
358 915 57 4
358 972 8 5
359 365 10 1
359 418 33 13
359 582 60 14
359 659 56 14
359 853 4 10
360 493 54 13
360 593 10 14
360 682 12 8
360 683 52 4
360 914 50 9
361 772 21 13
361 947 5 14
361 981 3 6
362 367 48 9
362 484 44 3
362 598 29 12
362 942 37 7
363 408 22 9
363 519 1 5
363 678 34 11
363 802 3 4
363 883 25 10
363 939 13 2
364 380 8 12
364 420 27 14
364 482 27 15
364 587 52 13
364 609 23 11
364 825 39 10
364 869 33 10
364 917 22 15
364 943 7 4
364 1012 34 15
365 488 42 13
365 651 37 13
365 813 11 5
366 484 7 7
366 557 8 5
366 637 30 8
366 654 35 11
366 757 14 10
366 1011 41 9
367 548 6 13
367 555 60 8
367 648 59 9
367 837 60 12
367 952 1 6
368 748 23 2
368 781 58 3
368 829 29 15
368 841 34 13
368 1009 28 15
369 552 25 10
369 651 50 15
369 698 46 1
369 716 12 12
370 625 27 10
370 738 23 10
370 776 37 11
370 805 45 15
370 808 6 8
370 901 19 9
370 1014 23 6
371 433 26 8
371 687 47 11
371 756 21 4
372 496 60 10
372 708 8 6
372 806 45 15
372 897 22 15
373 732 24 15
373 760 45 2
373 926 23 1
374 400 48 3
374 409 45 13
374 924 27 2
375 439 42 12
375 442 24 10
375 971 17 14
376 773 45 2
376 841 35 7
376 1020 45 14
377 424 25 3
377 454 22 13
377 461 41 9
377 626 47 3
377 683 48 15
377 927 45 6
377 978 32 5
378 419 8 15
379 479 39 7
379 558 10 14
379 643 19 1
379 692 34 15
380 383 29 13
380 712 4 2
380 732 47 10
381 404 28 12
381 414 3 1
381 438 51 8
382 630 60 2
382 698 60 9
382 948 48 14
383 617 54 1
383 647 16 4
383 709 39 14
384 781 59 8
384 817 31 13
384 889 43 1
384 1007 18 2
385 469 56 1
385 470 27 13
385 582 22 4
385 651 31 4
385 894 25 1
386 482 4 2
386 643 11 9
386 780 51 13
386 998 55 15
387 672 35 15
387 813 12 10
388 574 47 5
388 675 27 1
388 866 44 8
388 925 53 2
388 939 56 5
388 959 25 2
389 537 42 4
389 813 59 4
389 915 3 8
390 653 19 11
390 854 10 11
390 930 55 7
391 869 38 1
391 955 40 15
392 523 11 15
392 942 44 2
392 976 14 6
393 567 55 15
393 722 9 9
393 747 53 7
393 864 37 15
394 436 18 10
394 724 22 11
394 817 12 10
394 855 30 1
394 946 14 13
395 497 6 9
395 686 54 9
395 860 56 15
395 883 43 12
395 904 23 1
396 831 13 4
396 912 36 15
397 722 19 14
397 741 12 6
397 814 57 1
397 832 24 14
397 1010 46 12
398 418 4 9
398 476 38 10
398 504 17 6
398 611 2 3
398 687 14 10
398 697 44 10
398 912 43 4
399 580 32 13
399 963 45 10
399 1001 9 15
400 616 17 8
400 984 21 14
401 465 45 11
401 579 32 1
401 754 58 6
401 933 32 15
401 984 56 3
402 639 52 8
402 645 30 13
403 717 17 8
403 923 53 12
403 1011 43 14
404 506 58 7
404 660 49 13
405 640 20 10
405 889 44 6
405 983 48 7
406 491 2 14
406 645 56 4
406 684 23 6
406 893 5 5
407 580 29 2
407 657 55 1
407 758 58 8
407 803 22 12
408 425 42 2
408 867 40 9
408 879 1 3
408 884 19 6
408 962 46 3
408 999 6 8
409 691 58 12
409 860 3 8
409 906 22 11
410 526 26 3
410 574 26 2
410 615 35 15
410 676 22 14
411 581 44 6
411 755 11 3
411 907 15 9
411 985 18 5
412 950 48 3
412 1020 36 8
413 725 25 4
413 926 16 13
413 990 50 10
414 425 49 5
414 769 56 2
414 807 18 15
414 864 52 2
415 748 22 10
416 669 31 9
416 843 26 10
417 721 7 14
418 493 47 11
418 604 4 15
418 805 56 8
418 870 20 10
419 599 58 13
419 944 34 10
420 803 41 9
420 1018 19 14
421 517 10 11
421 636 23 11
421 679 34 12
421 680 22 8
422 441 31 15
422 472 47 1
422 587 52 1
422 887 21 7
423 681 13 5
423 907 33 7
423 932 11 4
424 525 43 11
424 606 13 7
424 945 51 5
425 604 36 6
425 605 2 5
425 625 22 9
425 833 38 3
425 859 49 1
426 435 37 2
426 474 50 2
426 895 2 14
426 918 47 4
426 920 43 10
427 606 23 1
427 634 32 11
427 671 30 13
427 989 33 8
429 785 33 6
430 515 18 8
430 567 28 14
430 942 29 5
431 702 50 10
432 508 55 5
432 703 4 13
432 823 1 8
432 827 58 14
432 936 40 14
433 479 8 15
434 574 9 6
434 715 51 11
434 808 30 12
435 562 27 10
435 901 49 1
435 1000 34 1
436 484 49 12
436 542 23 2
436 674 20 7
436 721 14 2
436 982 9 6
437 698 46 7
437 736 6 7
439 621 21 14
439 742 56 2
439 934 40 11
440 561 26 14
441 501 16 3
441 529 23 9
441 612 33 10
441 659 57 7
441 1002 25 10
442 897 48 14
442 928 29 8
442 937 32 12
442 1011 5 14
443 525 24 13
443 534 16 5
443 859 30 1
444 471 31 5
444 693 39 13
444 839 5 4
444 969 60 7
444 990 16 9
445 510 38 3
445 537 37 15
445 932 25 5
446 807 19 1
447 569 4 14
447 701 39 10
447 764 5 1
448 490 20 3
448 819 3 6
449 525 54 3
449 676 52 12
449 800 12 14
449 913 33 6
450 555 39 5
450 617 28 2
450 740 40 11
450 811 32 10
450 912 50 15
450 991 8 11
451 479 31 10
451 615 2 10
451 657 16 14
451 742 35 11
451 825 41 3
452 932 37 6
453 675 60 5
454 534 46 5
454 668 3 8
454 669 12 8
455 567 43 14
455 651 59 11
455 883 17 13
456 721 52 11
456 1021 29 3
457 750 51 12
457 762 39 10
457 1009 60 3
458 601 20 12
458 805 60 15
459 645 35 10
459 734 50 9
459 794 40 8
459 843 46 7
459 911 7 3
460 662 34 8
460 687 56 15
460 903 37 7
460 986 5 2
461 1020 35 1
462 464 43 12
462 571 15 2
462 591 7 1
462 787 16 9
462 978 2 3
463 578 3 8
463 654 45 4
463 893 4 9
463 938 26 3
464 676 52 5
464 742 14 2
464 775 3 8
465 643 48 11
465 1018 12 12
466 479 13 1
466 488 46 12
466 754 30 10
467 809 40 11
467 948 47 2
467 981 60 13
468 538 27 2
468 539 29 15
468 594 27 3
468 662 35 1
468 852 59 7
469 823 12 9
469 957 43 5
470 686 45 11
470 691 60 11
470 828 21 3
471 636 22 9
471 847 58 2
471 892 3 4
471 921 2 2
472 504 30 9
472 664 5 12
472 750 55 3
472 904 42 5
472 935 44 14
473 536 8 11
473 558 41 1
473 583 14 13
473 857 18 7
473 876 42 12
474 645 15 6
474 687 43 9
475 745 2 5
475 941 45 8
476 749 43 13
476 902 27 10
476 937 14 13
477 604 24 1
478 816 7 13
478 967 28 6
478 991 27 4
480 485 4 10
480 591 57 9
480 701 30 14
481 712 25 3
481 772 35 15
481 793 4 12
481 907 1 13
481 997 21 1
482 725 40 9
482 897 12 15
482 938 40 8
483 920 30 5
484 599 20 2
484 677 56 13
484 904 39 7
485 854 50 14
487 788 57 6
488 562 17 7
488 579 48 6
488 584 51 1
488 600 6 9
488 644 59 12
488 875 46 7
488 905 28 4
489 539 38 6
489 712 46 7
489 813 57 7
489 913 38 1
490 527 52 1
490 629 14 5
491 624 6 14
491 805 20 1
492 518 32 15
492 693 11 9
493 564 32 3
493 575 5 9
493 617 23 7
493 1018 24 15
494 565 3 3
494 887 49 10
494 981 29 5
495 544 14 10
495 576 32 3
495 818 41 15
496 519 23 15
496 527 51 7
496 604 3 3
496 883 46 10
496 967 4 9
496 999 19 7
497 815 49 7
498 547 2 15
498 627 55 15
498 808 1 14
498 958 58 9
499 550 21 4
500 773 8 5
500 796 45 14
500 829 50 2
500 977 20 11
500 985 5 7
501 625 7 8
501 983 19 8
501 989 38 5
502 959 17 11
502 969 49 6
503 591 30 14
503 653 2 12
503 669 54 12
503 696 2 7
503 731 53 11
503 752 17 12
504 661 32 3
504 843 5 14
504 965 57 10
504 984 14 11
505 655 20 7
505 803 32 2
505 849 54 9
505 917 51 14
505 969 29 6
507 547 12 11
508 664 58 13
508 722 27 11
508 839 12 14
508 921 30 9
508 933 36 12
509 601 32 6
509 802 12 12
509 851 1 11
509 872 44 1
509 896 21 3
509 969 47 4
510 677 25 5
510 823 20 11
510 864 50 10
510 878 24 10
510 886 36 8
511 571 21 14
511 615 55 13
512 547 6 4
512 640 22 4
512 817 16 10
512 820 48 13
512 920 15 1
512 968 56 2
513 707 12 13
513 728 22 4
514 528 54 12
514 566 21 3
514 702 2 8
514 792 10 8
514 897 23 15
514 919 4 4
514 988 8 10
515 650 50 11
515 654 9 12
515 868 43 11
516 798 29 14
516 987 58 8
517 885 19 9
517 914 52 9
518 579 21 7
518 948 45 5
520 724 42 4
521 674 10 10
521 730 24 11
521 898 49 6
521 948 22 13
522 798 18 11
522 819 60 7
522 895 40 14
523 776 27 6
523 792 56 3
524 575 16 14
524 588 26 5
524 988 26 6
525 602 50 3
525 723 21 7
525 879 31 9
525 912 56 9
525 923 24 14
525 1016 43 5
526 607 38 4
526 729 30 3
526 743 11 8
526 915 47 7
527 592 28 13
527 688 19 9
527 751 1 13
527 777 2 12
527 805 37 11
527 972 12 1
527 977 2 5
527 1019 4 5
528 687 6 15
528 696 17 11
528 736 49 3
529 877 36 11
530 890 40 5
530 1017 26 11
531 616 34 15
531 877 35 5
531 951 55 11
531 980 14 1
532 738 15 9
532 836 7 15
532 875 10 12
533 737 26 15
533 796 43 7
533 988 50 5
534 756 55 2
535 719 53 1
535 732 9 4
537 567 13 11
537 662 12 5
537 704 52 4
537 705 42 14
538 927 60 6
538 988 55 1
539 568 5 11
539 632 60 8
539 758 13 10
539 771 17 11
539 867 52 4
539 1015 60 7
540 650 5 10
540 1006 6 14
540 1014 26 5
541 560 40 4
541 776 50 13
541 890 31 15
542 613 8 15
542 730 52 12
542 800 59 4
542 979 12 11
543 588 3 13
543 732 43 4
543 745 43 15
543 777 25 13
543 980 57 14
544 593 21 9
544 666 33 12
544 767 56 4
544 981 2 6
546 611 2 10
546 927 38 2
546 1012 7 4
547 652 16 4
547 702 46 15
547 704 43 8
547 763 54 15
547 866 18 8
547 1002 43 4
549 572 30 4
549 687 32 2
549 828 24 8
549 873 4 3
550 877 24 11
550 937 23 10
550 994 47 8
551 635 29 6
551 745 46 15
551 752 11 5
551 792 2 11
551 876 48 11
553 730 12 13
553 1008 41 11
554 683 7 7
554 910 56 1
555 989 53 10
556 621 47 10
556 849 3 3
556 969 31 14
557 563 26 14
557 727 48 9
557 858 3 14
557 932 58 2
558 659 45 11
558 760 11 6
559 649 7 14
559 653 30 3
559 992 29 15
560 792 11 10
561 757 52 10
561 773 23 15
561 817 30 14
561 936 1 14
562 834 24 14
562 908 11 5
563 710 5 3
563 765 18 2
563 892 57 14
564 617 52 9
564 707 24 11
565 737 52 12
565 818 5 13
565 903 41 6
566 585 42 1
566 769 36 15
566 778 9 11
566 802 55 7
566 995 44 7
567 703 9 13
567 863 35 5
567 978 1 7
567 982 22 3
568 622 32 11
568 959 38 8
568 966 7 11
569 579 16 4
569 745 6 15
569 1009 19 13
570 925 23 9
570 968 4 8
571 630 51 6
571 924 16 11
571 941 28 2
572 822 22 1
573 795 55 14
573 931 44 9
574 771 40 6
575 833 7 7
576 739 8 7
576 838 58 7
577 663 57 10
577 801 28 10
577 934 55 2
578 798 29 14
578 884 22 8
578 916 38 8
578 937 15 9
578 981 50 3
579 896 25 6
579 909 34 6
579 960 34 15
580 651 46 14
580 745 60 5
580 809 20 2
580 845 27 5
580 965 53 6
582 596 54 13
582 651 54 6
582 663 19 14
583 675 16 3
583 676 3 6
583 677 25 12
583 972 26 9
584 629 29 8
584 737 42 2
584 951 40 11
584 955 1 3
584 980 2 5
585 933 5 3
585 946 59 12
585 971 39 7
586 589 16 15
586 678 43 6
586 756 57 7
586 1004 25 14
587 762 20 11
588 678 15 7
588 874 39 1
588 886 44 15
588 995 37 1
589 970 21 9
589 1002 34 11
589 1021 12 2
590 650 12 12
590 716 35 14
590 987 10 1
591 683 29 4
591 956 57 11
592 593 20 13
592 609 12 14
593 655 34 12
593 757 10 2
594 952 8 10
594 984 55 3
594 990 54 3
595 735 40 8
595 877 53 12
596 617 57 15
596 619 16 8
596 679 4 12
596 885 2 6
597 738 19 1
598 831 45 13
598 902 30 7
598 923 24 10
599 706 49 10
600 852 12 9
601 953 28 8
602 746 19 4
602 777 16 9
603 639 53 5
604 628 48 4
604 1001 6 8
605 980 45 7
606 857 34 12
606 1004 47 1
607 701 16 9
607 979 58 10
608 690 4 2
608 697 54 3
608 876 34 8
608 917 25 4
609 760 22 11
609 803 52 13
609 837 18 4
609 922 59 4
609 987 11 7
610 768 31 14
610 823 48 13
611 616 19 15
611 650 51 15
611 676 44 1
611 842 10 2
611 860 13 11
612 649 22 11
612 717 48 2
612 795 49 2
612 846 21 11
612 912 30 7
613 727 16 1
613 779 29 10
613 824 15 1
613 945 7 7
613 972 32 10
614 727 58 9
614 774 16 4
614 846 55 12
614 978 11 8
615 632 32 8
615 697 17 8
615 893 57 14
615 929 3 11
615 1019 24 10
616 897 11 5
617 720 30 15
617 745 9 14
617 770 12 4
618 680 14 6
618 731 22 4
618 813 52 7
618 978 38 8
619 725 3 15
619 758 25 4
620 692 46 4
620 719 32 11
621 857 30 9
622 662 18 13
622 909 40 14
622 950 51 7
623 895 29 12
624 659 46 12
625 683 1 8
625 887 42 11
625 1000 24 3
626 631 33 6
626 717 36 13
626 897 56 2
626 937 13 9
627 640 18 10
627 691 15 1
627 780 4 2
627 875 31 5
627 959 60 14
628 682 21 3
628 777 3 15
628 987 33 7
629 741 37 6
629 841 50 6
630 741 30 11
630 788 47 12
630 831 10 7
630 945 8 14
630 947 53 7
630 1002 45 15
631 843 19 2
631 1012 8 5
632 842 23 3
632 951 52 11
632 963 31 8
633 814 50 6
633 931 54 9
636 676 48 7
636 980 3 10
637 894 12 8
638 890 2 8
639 696 31 10
639 813 53 5
640 652 9 2
640 817 35 7
641 687 8 4
641 877 52 13
641 892 26 15
642 693 28 7
643 725 56 6
643 770 50 4
644 705 28 14
644 775 31 8
645 741 15 10
647 724 8 1
648 1013 1 15
649 703 33 6
649 723 60 14
649 824 3 3
650 690 14 12
650 912 10 10
650 1020 37 2
651 699 41 5
653 763 20 6
653 905 23 14
653 989 26 15
654 879 40 9
654 1017 57 15
656 672 38 3
656 735 21 9
657 721 14 15
658 662 3 12
658 684 30 11
658 863 41 6
658 941 42 9
659 751 6 7
659 829 1 7
659 908 56 5
659 964 4 12
661 675 45 6
661 902 14 5
661 989 20 4
663 871 48 8
663 893 52 10
664 681 20 5
664 718 36 11
664 768 20 11
665 918 2 3
666 667 1 13
666 717 1 13
666 1004 59 15
667 679 37 2
667 796 11 8
667 993 48 6
668 775 59 4
668 833 55 13
669 756 7 14
670 819 33 15
670 828 46 2
670 940 22 10
670 948 47 7
671 866 57 5
671 973 52 14
671 1016 19 2
673 872 34 8
674 1019 29 3
675 717 39 1
676 804 57 14
676 917 20 6
676 1018 19 7
678 808 52 15
678 904 3 4
678 988 50 3
679 867 30 6
679 921 20 9
680 745 41 12
680 768 15 13
680 787 41 11
680 979 34 4
681 699 9 1
681 789 13 14
682 742 10 1
682 788 38 14
682 998 59 1
683 930 58 15
684 1002 44 10
685 842 50 9
685 917 27 6
685 962 50 2
688 733 9 5
689 731 57 5
689 833 45 3
689 859 16 7
689 894 25 13
689 912 2 7
689 978 24 8
690 760 24 11
690 930 11 2
691 937 25 12
691 985 21 4
691 1016 10 3
692 954 40 14
694 762 4 11
694 770 45 5
694 809 27 1
694 848 19 2
694 928 26 9
694 965 30 8
695 698 45 2
696 717 47 3
696 868 3 1
696 951 31 9
697 725 16 11
697 744 33 4
698 885 29 13
699 801 51 14
699 818 4 9
699 952 14 3
699 1010 25 1
700 725 35 12
700 740 56 3
702 768 18 14
703 710 20 8
703 1008 37 15
704 722 16 4
704 915 53 9
705 788 6 13
705 829 42 7
705 847 6 15
705 894 35 8
706 964 11 15
706 985 50 12
708 738 54 2
708 803 58 8
708 999 32 7
709 931 1 13
709 1017 32 7
710 759 25 7
713 769 24 12
713 920 39 9
714 804 24 9
714 1018 2 15
716 729 53 1
716 855 44 7
717 737 52 13
717 841 2 7
718 875 1 8
719 763 2 11
719 844 58 9
720 741 15 8
720 827 19 9
721 830 7 8
721 907 41 7
721 939 39 9
722 731 10 13
723 812 14 4
723 960 47 2
724 746 19 7
725 774 44 1
725 799 37 10
726 729 12 7
726 848 59 14
727 929 49 12
728 816 59 9
728 850 5 4
728 875 18 2
729 761 29 1
730 765 54 2
731 781 27 1
731 820 15 10
731 990 25 4
731 998 16 15
732 964 44 3
734 735 39 12
734 864 3 11
734 941 42 3
735 842 55 10
735 910 20 1
735 920 17 3
736 911 37 14
737 903 38 13
737 955 23 15
737 995 7 9
738 802 59 10
738 825 51 2
738 836 3 4
739 869 15 5
739 991 6 4
740 892 29 12
740 962 26 5
740 978 58 3
741 903 58 12
742 945 15 1
743 792 31 2
743 901 23 11
743 971 29 8
743 974 38 14
744 948 5 2
744 993 1 11
745 783 36 13
745 941 28 14
747 779 3 4
747 837 6 3
747 863 52 3
747 1012 19 13
749 861 57 4
749 884 25 5
750 938 41 3
750 949 54 5
752 978 60 15
752 1004 15 12
752 1014 35 2
753 778 25 2
755 765 35 4
755 815 25 5
755 829 59 3
755 903 40 6
755 1003 60 7
756 807 21 10
756 937 5 13
756 1009 28 13
757 792 42 15
758 894 42 7
759 947 22 5
759 1009 14 13
761 902 28 15
761 907 19 15
762 826 59 14
762 845 56 4
762 1001 34 1
763 795 26 10
763 814 56 8
763 897 19 7
764 850 14 3
764 891 60 15
765 915 9 15
765 964 36 14
767 912 58 7
767 920 14 1
769 980 33 2
770 819 6 1
770 917 36 5
770 968 50 7
770 994 43 2
771 826 49 2
773 860 5 14
774 891 10 1
776 854 35 3
778 879 6 3
778 880 43 13
779 840 47 5
779 847 41 2
779 992 34 13
782 853 9 10
782 988 47 5
783 878 51 2
783 915 34 4
784 994 18 10
785 828 12 2
785 844 26 13
785 1001 38 8
787 1016 22 11
788 799 14 9
789 841 4 15
790 849 21 4
790 915 2 14
790 1009 55 11
791 840 43 8
793 826 10 1
793 844 50 6
794 901 48 4
794 906 19 15
796 998 20 12
798 909 14 5
798 919 25 4
799 962 34 13
799 1017 23 6
800 929 16 11
801 886 5 4
802 840 15 4
802 1022 11 13
803 929 37 14
804 850 21 15
804 994 23 15
805 935 33 3
805 1010 32 10
807 969 54 15
808 853 30 12
808 1007 58 2
810 875 12 14
810 894 51 9
810 895 38 10
810 910 56 11
811 832 43 5
812 959 53 15
812 995 47 10
812 1017 21 10
813 1021 34 1
814 981 60 9
815 1007 5 5
817 979 15 11
819 1011 17 12
820 876 49 15
820 891 26 11
822 872 6 11
822 912 2 9
823 973 58 12
824 852 46 11
824 958 54 9
825 981 48 14
825 1020 59 10
826 890 15 1
827 968 1 6
827 1006 50 13
829 918 12 13
829 942 34 7
832 856 4 11
832 904 17 11
832 937 60 9
833 860 59 10
833 876 25 12
835 1010 42 15
836 973 16 1
838 860 59 11
838 1022 39 12
839 889 37 1
839 961 40 6
839 991 15 12
840 953 35 10
843 966 60 10
846 979 8 3
846 994 48 10
847 946 12 12
847 963 35 1
849 883 18 14
849 928 24 9
849 948 31 13
850 960 12 5
850 988 28 3
850 1001 44 7
851 874 10 2
853 903 37 13
854 879 3 14
854 889 56 9
854 954 12 5
855 900 21 12
855 925 42 3
855 969 52 12
857 1002 39 8
858 1015 15 14
858 1022 38 8
859 968 50 6
860 896 49 5
863 868 49 11
863 957 40 1
863 1004 25 9
864 878 49 14
864 934 4 13
865 889 9 2
865 901 17 4
865 980 44 15
868 886 13 13
869 913 49 14
869 936 4 8
869 963 36 10
869 1006 7 12
871 895 26 4
871 925 33 1
871 933 25 4
873 1022 2 7
875 999 46 11
879 1019 50 8
880 1006 38 11
881 883 50 8
884 893 27 7
884 895 52 13
884 896 23 13
884 922 36 2
884 986 1 11
886 976 51 10
886 977 43 15
892 981 24 15
893 976 39 7
895 916 60 8
895 946 48 8
896 928 30 15
897 930 36 12
898 934 23 11
902 1002 10 3
903 985 4 10
906 970 23 9
906 1010 36 15
909 984 44 11
909 985 57 15
910 975 34 13
911 970 30 1
911 989 57 11
912 981 23 9
912 1009 36 5
912 1018 6 1
913 961 18 11
916 956 48 12
917 953 1 1
917 962 8 11
919 963 57 12
921 967 42 6
921 975 29 5
921 976 25 13
924 1019 7 13
926 965 42 9
926 996 55 1
927 929 57 7
930 992 22 9
935 981 36 6
936 993 8 8
937 960 9 15
940 947 24 7
944 979 16 15
945 956 50 8
947 957 11 2
947 1008 19 8
948 960 35 8
950 974 55 7
954 984 28 13
957 981 20 6
957 992 47 3
957 1004 55 4
960 970 38 13
960 1002 33 6
962 1010 53 2
966 986 10 5
975 1003 21 8
978 989 48 15
982 999 26 8
983 1010 1 9
988 993 13 7
991 1021 51 1
996 1010 5 7
1000 1002 58 7
1000 1009 33 14
1006 1010 22 5

0 0 11
1 20 39
2 29 35
3 43 44
4 53 9
5 62 2
6 73 6
7 74 45
8 76 49
9 81 25
10 84 41
11 97 39
12 112 3
13 127 22
14 130 50
15 134 37
16 138 34
17 145 35
18 150 26
19 152 9
20 155 20
21 159 23
22 164 25
23 186 6
24 190 19
25 213 18
26 227 23
27 231 9
28 258 13
29 262 11
30 276 9
31 291 15
32 293 35
33 294 14
34 299 24
35 302 13
36 328 6
37 339 26
38 370 39
39 387 39
40 409 19
41 426 2
42 440 23
43 449 35
44 450 27
45 453 17
46 462 43
47 463 25
48 472 5
49 479 26
50 495 6
51 496 7
52 499 38
53 504 48
54 516 19
55 517 31
56 519 19
57 524 34
58 546 10
59 549 2
60 553 3
61 558 37
62 573 24
63 579 29
64 593 12
65 594 4
66 596 32
67 601 8
68 607 47
69 646 34
70 671 30
71 694 50
72 698 41
73 704 13
74 706 16
75 710 28
76 723 43
77 731 1
78 738 26
79 743 30
80 749 11
81 766 3
82 767 6
83 776 24
84 787 13
85 791 2
86 795 24
87 798 5
88 817 21
89 830 11
90 844 11
91 878 43
92 891 34
93 900 47
94 908 5
95 920 1
96 921 32
97 926 18
98 933 27
99 950 27
100 955 16
101 971 9
