1267 6320 126 10

0 30 7235
1 60 13746
2 90 19588
3 120 24812
4 150 29464
5 180 33589
6 210 37227
7 240 40418
8 270 43196
9 300 45596

0 14394
1 19945
2 18049
3 16794
4 21814
5 18128
6 14251
7 17418
8 16428
9 16510
10 13855
11 20479
12 13376
13 19933
14 16008
15 16170
16 15106
17 13503
18 18186
19 20294
20 16673
21 14008
22 16231
23 17106
24 15096
25 15334
26 18779
27 22610
28 16100
29 16172
30 12950
31 16227
32 18047
33 15740
34 19585
35 14715
36 13535
37 10974
38 13986
39 19878
40 21530
41 19288
42 20151
43 19705
44 15246
45 15001
46 17471
47 15948
48 17420
49 13121
50 15603
51 18201
52 14580
53 19277
54 16363
55 15100
56 17763
57 15436
58 13507
59 12803
60 21848
61 20151
62 16706
63 14849
64 18978
65 13013
66 16969
67 17469
68 14428
69 14808
70 15096
71 19135
72 19667
73 20476
74 16594
75 19154
76 17780
77 17187
78 22410
79 15710
80 16314
81 20810
82 19672
83 15585
84 17004
85 20914
86 13874
87 14230
88 21287
89 19039
90 15053
91 12619
92 16135
93 14743
94 16357
95 19256
96 15522
97 14602
98 17950
99 14761
100 15914
101 22329
102 19116
103 21549
104 16475
105 14217
106 11388
107 10913
108 14242
109 13709
110 19438
111 15832
112 18742
113 13621
114 16604
115 19476
116 18423
117 19323
118 18888
119 13263
120 18609
121 15400
122 19958
123 12954
124 19519
125 18330
126 16474
127 18563
128 14477
129 15188
130 12652
131 17048
132 16868
133 12035
134 14242
135 15152
136 13088
137 15163
138 16259
139 15583
140 19560
141 19633
142 11987
143 17300
144 19062
145 22067
146 16341
147 15329
148 12505
149 19881
150 17328
151 17652
152 13231
153 13766
154 14428
155 16310
156 14953
157 15163
158 12505
159 15266
160 14849
161 13071
162 19146
163 17759
164 17686
165 17324
166 21235
167 12335
168 12904
169 14333
170 13275
171 16210
172 19991
173 17625
174 20074
175 21833
176 11445
177 16822
178 16787
179 14912
180 12690
181 13087
182 14294
183 14961
184 19409
185 12834
186 15383
187 13466
188 22034
189 15414
190 19162
191 14030
192 11926
193 14101
194 20686
195 16792
196 17694
197 20046
198 19602
199 15667
200 21705
201 19097
202 15080
203 17775
204 16983
205 18523
206 13468
207 15308
208 15176
209 15501
210 17836
211 20042
212 14687
213 14802
214 13934
215 17651
216 13556
217 16486
218 13321
219 20103
220 18652
221 15055
222 16124
223 20570
224 19338
225 12873
226 11042
227 14984
228 20922
229 16714
230 16154
231 18286
232 11351
233 9568
234 14238
235 17784
236 18891
237 15650
238 15013
239 22739
240 17548
241 12582
242 19817
243 17111
244 8295
245 17854
246 17552
247 12425
248 17117
249 17683
250 19605
251 14926
252 16069
253 15044
254 19376
255 18371
256 17500
257 18625
258 19093
259 20760
260 20270
261 19492
262 15055
263 12370
264 17088
265 16345
266 17737
267 15013
268 16131
269 17670
270 22427
271 8295
272 16329
273 16571
274 23167
275 14654
276 15661
277 16484
278 12209
279 20020
280 18272
281 12520
282 17531
283 20254
284 15734
285 16340
286 15320
287 18443
288 14693
289 13838
290 20441
291 12187
292 16252
293 18789
294 16466
295 15467
296 18882
297 17670
298 16591
299 10888
300 11861
301 13115
302 18257
303 13621
304 11490
305 16984
306 11478
307 15113
308 17634
309 9932
310 14753
311 14592
312 15776
313 20364
314 20243
315 19264
316 20942
317 18207
318 12664
319 17793
320 22886
321 17558
322 20816
323 17713
324 17358
325 18848
326 19364
327 20633
328 18633
329 15493
330 17058
331 18724
332 13087
333 15029
334 19178
335 16336
336 17609
337 18165
338 18348
339 16892
340 18064
341 16015
342 15380
343 20915
344 19867
345 15210
346 11115
347 17245
348 15801
349 16383
350 10606
351 16014
352 20077
353 20260
354 17269
355 14998
356 16576
357 15452
358 17909
359 19029
360 12839
361 13085
362 16748
363 19100
364 13845
365 13903
366 15002
367 18070
368 18578
369 17088
370 16853
371 12643
372 17333
373 15424
374 18670
375 17265
376 18182
377 14545
378 8295
379 19556
380 18087
381 17397
382 17847
383 17378
384 18358
385 17156
386 17889
387 22389
388 17551
389 16449
390 17671
391 14632
392 19808
393 15293
394 18542
395 13820
396 15813
397 15488
398 21441
399 13133
400 19011
401 22782
402 18421
403 17755
404 17681
405 12496
406 13723
407 15220
408 15085
409 12710
410 19328
411 17564
412 20430
413 19156
414 13348
415 18308
416 15918
417 18014
418 16193
419 16367
420 13307
421 11987
422 17274
423 15393
424 16460
425 16262
426 17540
427 20753
428 17289
429 18717
430 20144
431 20729
432 15426
433 18369
434 21296
435 14106
436 10185
437 16664
438 16540
439 18490
440 17529
441 18300
442 10512
443 14082
444 12116
445 18171
446 19318
447 12870
448 19171
449 12591
450 13251
451 16720
452 21417
453 23237
454 18927
455 15649
456 14490
457 14828
458 16868
459 15768
460 15634
461 22339
462 15682
463 15493
464 15739
465 17855
466 12202
467 14970
468 16668
469 15961
470 14951
471 16606
472 16693
473 16303
474 8654
475 17817
476 17928
477 19871
478 16595
479 17746
480 16903
481 11603
482 14886
483 19177
484 14357
485 15069
486 19473
487 17038
488 19925
489 15551
490 16775
491 24388
492 16426
493 18470
494 20420
495 16817
496 16131
497 16610
498 16388
499 17707
500 20196
501 19026
502 15008
503 14109
504 20636
505 18310
506 15753
507 16558
508 16034
509 17484
510 23118
511 14470
512 17274
513 16669
514 18818
515 13896
516 14724
517 17126
518 15442
519 18288
520 10454
521 17220
522 13037
523 18473
524 19619
525 15659
526 12367
527 13223
528 17009
529 13625
530 13362
531 20095
532 11442
533 20897
534 15748
535 18528
536 16149
537 14001
538 18837
539 14609
540 14341
541 13833
542 16931
543 15379
544 18890
545 18406
546 18614
547 17329
548 15280
549 14734
550 15920
551 16110
552 18021
553 19355
554 16030
555 16776
556 15756
557 17650
558 12229
559 19340
560 15666
561 16183
562 18400
563 19613
564 14720
565 13925
566 16766
567 20260
568 17051
569 14130
570 18053
571 15555
572 18093
573 16976
574 12569
575 18813
576 16761
577 16381
578 15961
579 15688
580 12330
581 18866
582 16733
583 13689
584 17466
585 13686
586 11069
587 16791
588 21441
589 8295
590 17263
591 16596
592 12218
593 23526
594 19705
595 22650
596 19010
597 13069
598 17033
599 16096
600 11687
601 13374
602 20168
603 19861
604 13002
605 18640
606 17375
607 12904
608 16408
609 17591
610 17201
611 13938
612 17320
613 20022
614 13253
615 13444
616 19802
617 16157
618 14883
619 20572
620 17231
621 21055
622 15757
623 15691
624 14788
625 24375
626 18852
627 16224
628 16069
629 13098
630 18994
631 19076
632 15015
633 15908
634 12637
635 14994
636 15543
637 13114
638 22246
639 11838
640 15507
641 10990
642 18834
643 15077
644 20009
645 16356
646 18893
647 19265
648 15601
649 13597
650 16032
651 13237
652 11659
653 16423
654 12305
655 14857
656 14108
657 14651
658 19268
659 22359
660 16413
661 21014
662 17821
663 21573
664 18613
665 15977
666 18003
667 19576
668 11751
669 14853
670 14588
671 17063
672 15436
673 20725
674 19857
675 17303
676 25791
677 16945
678 20946
679 17463
680 18077
681 14698
682 17102
683 17368
684 14281
685 20638
686 21375
687 18895
688 15624
689 15870
690 18196
691 22658
692 16438
693 14695
694 18210
695 18555
696 17691
697 20165
698 17996
699 20167
700 14134
701 14790
702 22203
703 18459
704 16484
705 20007
706 20420
707 15537
708 14078
709 19870
710 18191
711 15635
712 15143
713 17694
714 17858
715 13085
716 18439
717 22748
718 15971
719 15925
720 12621
721 18270
722 12186
723 16637
724 11630
725 17673
726 17095
727 14957
728 17838
729 12897
730 22341
731 20848
732 17376
733 18768
734 15116
735 18652
736 17180
737 14793
738 20501
739 18429
740 15890
741 15402
742 14595
743 15542
744 17017
745 16122
746 12313
747 18807
748 16257
749 13981
750 17243
751 18275
752 16403
753 16081
754 15552
755 11932
756 15256
757 16420
758 21532
759 17053
760 12794
761 17952
762 17452
763 21217
764 15279
765 11345
766 13632
767 16476
768 20472
769 14679
770 14064
771 14641
772 10915
773 13262
774 19124
775 19936
776 19861
777 16792
778 13924
779 16852
780 17098
781 13792
782 11860
783 16152
784 12822
785 12011
786 20505
787 15187
788 14517
789 17527
790 13280
791 16712
792 22243
793 15495
794 14478
795 16317
796 12922
797 17061
798 16072
799 18199
800 14606
801 21024
802 16420
803 18813
804 21575
805 15643
806 13795
807 19668
808 16037
809 15326
810 12069
811 18545
812 15291
813 12038
814 15541
815 14130
816 15940
817 14878
818 16528
819 16476
820 13835
821 17033
822 13655
823 19475
824 16295
825 18977
826 21346
827 16155
828 16900
829 20827
830 15109
831 16825
832 16519
833 14939
834 18368
835 15820
836 20681
837 19541
838 11733
839 13102
840 17485
841 12857
842 14676
843 17090
844 20158
845 16515
846 18340
847 14257
848 8607
849 16536
850 18814
851 14307
852 16690
853 18893
854 16910
855 15137
856 17669
857 17310
858 19388
859 15393
860 17205
861 14529
862 17862
863 16933
864 16973
865 19380
866 14804
867 21022
868 16575
869 13428
870 18148
871 14499
872 16160
873 14405
874 16255
875 13840
876 18211
877 11785
878 8374
879 15072
880 16605
881 12414
882 22294
883 15238
884 15145
885 18823
886 15733
887 16673
888 16626
889 16533
890 16140
891 15146
892 20814
893 22886
894 19723
895 14391
896 19051
897 16642
898 18097
899 16524
900 14769
901 18201
902 21123
903 17160
904 15824
905 18476
906 17828
907 15570
908 11706
909 16699
910 13866
911 18842
912 14353
913 21943
914 17175
915 17356
916 13176
917 15273
918 21048
919 16159
920 15596
921 15926
922 17256
923 19376
924 15598
925 15854
926 16007
927 20829
928 15252
929 20092
930 14673
931 15067
932 16627
933 14251
934 16070
935 14460
936 12364
937 15365
938 16105
939 14490
940 20199
941 22017
942 17315
943 17510
944 18870
945 19767
946 14082
947 17362
948 17058
949 19662
950 15997
951 19309
952 20557
953 18263
954 17177
955 16732
956 22843
957 13397
958 19051
959 10701
960 14033
961 19653
962 16135
963 12198
964 15817
965 15485
966 13254
967 15804
968 14275
969 17835
970 15244
971 17704
972 15283
973 18488
974 17242
975 15360
976 18366
977 17175
978 14988
979 15300
980 16836
981 16331
982 19451
983 17669
984 12639
985 15481
986 16544
987 21235
988 17594
989 14764
990 26050
991 15342
992 12904
993 17771
994 19163
995 16880
996 17516
997 17120
998 16457
999 21548
1000 16343
1001 15413
1002 19220
1003 17482
1004 18251
1005 16549
1006 15457
1007 18149
1008 14157
1009 17657
1010 15586
1011 14793
1012 13018
1013 17415
1014 12335
1015 19000
1016 17663
1017 19183
1018 19364
1019 17561
1020 19724
1021 20821
1022 17013
1023 14843
1024 17441
1025 15355
1026 12586
1027 19116
1028 14403
1029 18764
1030 16427
1031 13872
1032 17463
1033 20231
1034 17528
1035 17874
1036 14919
1037 17974
1038 19057
1039 16046
1040 16494
1041 16132
1042 14890
1043 15424
1044 13082
1045 17299
1046 18305
1047 21848
1048 17110
1049 17851
1050 18029
1051 15070
1052 15672
1053 11385
1054 13859
1055 18856
1056 20383
1057 13916
1058 24289
1059 15918
1060 18238
1061 16543
1062 14359
1063 16760
1064 12602
1065 17285
1066 18592
1067 17067
1068 15127
1069 15525
1070 16573
1071 16685
1072 17298
1073 12968
1074 17267
1075 15829
1076 16469
1077 15574
1078 15390
1079 18598
1080 19564
1081 17201
1082 18982
1083 17894
1084 18737
1085 14988
1086 16942
1087 18358
1088 18919
1089 17419
1090 22446
1091 19226
1092 15883
1093 18178
1094 21800
1095 13136
1096 15811
1097 21765
1098 20530
1099 15465
1100 16398
1101 13463
1102 13068
1103 19216
1104 11592
1105 18753
1106 20879
1107 19118
1108 15967
1109 18009
1110 20368
1111 15118
1112 20910
1113 14775
1114 12340
1115 13632
1116 17076
1117 17513
1118 15478
1119 18717
1120 15719
1121 13769
1122 15905
1123 23879
1124 17390
1125 14213
1126 13950
1127 19864
1128 19293
1129 19420
1130 16137
1131 13454
1132 18673
1133 16762
1134 19361
1135 15480
1136 21785
1137 18568
1138 17430
1139 12595
1140 23998
1141 15094
1142 19541
1143 13260
1144 16298
1145 18467
1146 12129
1147 13210
1148 13100
1149 15373
1150 18744
1151 13142
1152 15924
1153 18145
1154 16212
1155 17603
1156 17414
1157 21363
1158 19449
1159 17757
1160 17285
1161 18831
1162 14217
1163 13287
1164 13058
1165 19218
1166 15872
1167 12802
1168 17904
1169 17306
1170 17474
1171 13950
1172 14222
1173 12712
1174 16589
1175 12967
1176 13535
1177 22980
1178 10885
1179 17437
1180 18550
1181 15262
1182 17421
1183 18788
1184 22835
1185 17792
1186 19126
1187 17471
1188 14650
1189 18577
1190 15423
1191 16209
1192 18925
1193 22295
1194 17455
1195 15867
1196 13078
1197 15558
1198 15648
1199 18413
1200 14688
1201 12106
1202 14166
1203 15996
1204 19043
1205 21806
1206 16803
1207 14166
1208 19161
1209 17844
1210 24208
1211 15255
1212 9639
1213 16353
1214 20008
1215 12658
1216 23340
1217 16884
1218 18111
1219 15285
1220 18955
1221 14606
1222 18391
1223 14486
1224 13904
1225 14036
1226 12983
1227 22979
1228 20307
1229 17185
1230 18310
1231 19679
1232 14418
1233 17518
1234 19377
1235 21971
1236 18796
1237 19548
1238 20803
1239 19512
1240 18274
1241 16399
1242 12442
1243 17807
1244 18129
1245 9938
1246 13896
1247 11698
1248 19752
1249 13493
1250 16344
1251 18573
1252 17935
1253 18581
1254 15001
1255 14509
1256 14974
1257 14289
1258 18362
1259 15193
1260 16765
1261 15397
1262 16684
1263 12537
1264 16575
1265 16736
1266 15706

0 48 14 10
0 237 4 2
0 485 9 3
0 525 13 10
0 564 60 1
0 572 11 3
0 719 13 14
0 831 26 12
0 941 48 4
0 1160 20 3
0 1196 9 7
1 146 13 1
1 272 12 4
1 334 3 7
1 528 45 2
1 849 43 5
1 923 9 14
1 1014 23 5
1 1080 52 1
1 1146 42 1
1 1233 59 1
2 33 13 10
2 244 51 5
2 377 33 9
2 511 43 7
2 558 40 1
2 592 53 2
2 620 19 4
2 667 23 9
2 686 1 14
2 803 14 12
2 860 58 6
2 871 55 7
2 878 29 1
2 968 44 2
2 1170 53 10
2 1199 35 5
3 11 32 10
3 55 26 10
3 71 33 1
3 142 34 11
3 164 57 7
3 410 19 2
3 412 22 6
3 460 24 7
3 617 49 3
3 631 55 4
3 672 37 4
3 763 17 15
3 793 32 13
3 799 34 9
3 864 45 6
3 1024 23 15
3 1048 2 11
3 1189 24 14
3 1219 16 7
4 6 12 3
4 59 45 15
4 540 21 8
4 541 47 12
4 670 38 9
4 999 16 4
4 1009 52 11
4 1173 59 2
5 55 41 9
5 173 28 2
5 458 14 1
5 1129 6 7
6 11 33 2
6 150 48 8
6 182 27 2
6 371 6 11
6 436 13 1
6 628 52 11
6 825 41 3
6 828 39 12
6 847 60 13
6 895 18 13
6 991 60 1
6 1188 26 4
7 75 13 4
7 96 16 15
7 323 57 2
7 406 55 2
7 474 37 10
7 548 18 3
7 778 9 13
7 1091 45 11
7 1250 20 2
8 256 54 12
8 260 36 5
8 271 52 2
8 1240 26 13
9 10 59 15
9 241 46 15
9 439 16 10
9 676 27 11
9 775 33 12
9 875 25 4
9 1232 7 14
9 1254 36 11
10 92 59 9
10 108 56 10
10 310 48 14
10 353 9 12
10 435 26 9
10 719 3 8
10 724 6 2
10 921 49 3
10 1080 41 7
10 1258 23 12
11 77 58 2
11 154 26 9
11 258 21 12
11 360 15 13
11 469 46 10
11 575 55 14
11 614 57 8
11 674 24 1
11 737 54 14
11 1038 36 8
11 1065 43 12
11 1240 42 8
12 95 49 6
12 98 3 9
12 211 58 14
12 213 45 15
12 371 7 12
12 459 13 11
12 590 23 5
12 694 51 15
12 891 9 10
12 907 5 13
12 1119 24 14
12 1182 31 11
13 62 12 7
13 295 7 15
13 300 26 1
13 398 16 1
13 534 29 2
13 648 21 2
13 728 36 2
13 767 1 14
13 879 45 15
13 916 29 15
13 1146 42 13
13 1172 51 4
13 1211 40 4
14 256 51 5
14 275 52 5
14 517 36 5
14 873 38 4
14 930 41 4
15 173 55 11
15 268 60 6
15 299 35 15
15 339 29 8
15 510 22 11
15 575 25 7
15 787 40 15
15 881 53 2
15 899 24 9
15 1096 47 8
15 1195 41 13
15 1204 25 1
16 34 38 11
16 89 36 8
16 243 52 2
16 250 19 8
16 490 10 1
16 518 16 8
16 630 17 14
16 810 6 4
17 208 8 15
17 387 15 15
17 517 48 2
17 519 5 12
17 590 5 12
17 595 59 9
17 654 59 12
17 657 22 7
17 834 8 6
17 904 6 4
17 993 53 5
18 476 7 13
18 558 4 5
18 633 2 9
18 741 11 3
18 760 17 12
18 849 13 10
18 878 49 14
18 906 19 6
18 973 14 1
18 1003 48 12
19 210 22 12
19 384 34 5
19 418 33 6
19 437 43 3
19 625 59 14
19 806 35 7
19 823 5 14
19 871 43 14
19 1219 49 12
19 1244 19 6
19 1249 56 6
20 201 8 8
20 202 55 15
20 210 39 5
20 240 50 9
20 248 30 12
20 266 31 3
20 665 9 14
20 861 2 6
20 1022 35 9
20 1133 6 7
20 1158 2 1
21 45 25 8
21 191 25 13
21 220 56 10
21 230 22 12
21 252 48 6
21 327 30 10
21 452 45 8
21 542 26 14
21 617 14 13
21 932 43 14
21 1091 39 9
21 1170 1 14
21 1202 8 2
22 52 52 4
22 161 27 4
22 343 41 3
22 384 57 7
22 625 51 3
22 718 43 8
22 1059 38 9
22 1063 5 2
22 1110 1 13
22 1168 3 5
22 1169 15 1
22 1239 11 4
23 40 9 10
23 206 56 10
23 224 59 10
23 724 28 8
23 826 37 4
23 910 16 4
23 934 51 1
23 1240 41 6
24 289 3 10
24 481 56 9
24 592 27 1
24 672 45 7
24 854 35 14
24 884 26 15
24 998 11 12
24 1020 24 6
24 1171 54 14
25 446 22 15
25 607 17 13
25 669 60 12
25 764 37 14
25 960 50 8
25 996 48 1
25 1007 51 1
26 30 37 10
26 109 17 14
26 145 20 9
26 304 6 6
26 690 32 5
26 913 23 13
26 1006 45 8
27 324 15 1
27 978 42 12
27 1034 10 3
27 1159 37 11
27 1186 4 4
27 1202 19 2
28 37 56 13
28 397 30 14
28 610 27 15
28 622 39 6
28 664 3 11
28 773 26 12
28 774 45 3
28 794 40 7
28 917 56 11
28 1033 43 6
29 55 46 13
29 74 44 15
29 276 35 4
29 396 29 11
29 417 10 4
29 709 11 9
29 856 28 2
29 1049 51 6
29 1256 33 13
30 712 4 15
30 1140 49 9
30 1236 56 10
31 53 44 10
31 261 4 1
31 481 3 4
31 582 53 13
31 754 39 8
31 888 51 12
31 906 1 11
31 1133 20 13
31 1142 17 8
31 1233 44 9
32 77 5 12
32 130 45 13
32 350 25 9
32 504 14 12
32 513 26 14
32 697 17 15
32 776 49 4
32 1039 33 7
32 1069 23 3
33 69 15 12
33 125 43 8
33 364 48 4
33 447 51 11
33 520 6 5
33 539 42 3
33 882 43 8
33 1080 54 10
33 1096 54 8
34 38 2 6
34 220 44 9
34 300 19 1
34 613 20 11
34 638 12 7
34 667 27 12
34 836 19 1
34 852 20 13
34 877 55 10
34 1083 52 10
34 1099 19 12
34 1165 29 4
35 366 27 11
35 514 36 3
35 692 54 12
35 705 43 4
35 973 54 12
35 1137 20 10
35 1179 8 4
36 60 5 2
36 97 4 9
36 303 41 8
36 305 42 7
36 341 29 13
36 450 21 11
36 628 12 5
36 651 30 3
36 1093 3 15
36 1261 15 4
37 148 39 2
37 152 1 14
37 238 30 3
37 767 13 3
37 854 29 8
37 941 23 6
38 190 44 2
38 211 4 2
38 283 57 1
38 338 15 4
38 351 15 3
38 455 35 1
38 463 36 7
38 952 59 13
38 971 45 9
38 1011 9 13
38 1079 10 7
38 1199 27 11
39 245 52 14
39 260 41 10
39 280 13 15
39 299 27 5
39 301 34 3
39 329 18 12
39 474 2 8
39 730 14 11
39 742 43 5
39 949 28 3
39 998 28 9
40 209 52 15
40 288 7 12
40 399 36 10
40 1049 38 10
40 1171 28 12
41 357 33 10
41 540 3 12
41 561 25 3
41 578 2 5
41 764 58 4
41 811 34 13
41 942 23 3
41 1184 52 12
42 265 47 4
42 419 46 4
42 739 29 4
42 810 7 5
42 820 60 10
42 859 12 4
42 1150 2 1
43 598 30 5
43 623 35 6
43 632 9 2
43 765 20 12
43 972 27 8
43 1085 59 3
43 1161 44 4
44 194 25 14
44 309 25 15
44 461 18 3
44 612 55 1
44 808 31 7
44 896 34 4
44 921 49 14
44 1083 3 5
44 1259 59 3
45 117 37 10
45 614 24 4
45 676 29 1
45 693 25 5
45 732 24 10
45 982 1 4
45 1015 2 12
45 1055 48 3
46 317 47 5
46 372 40 3
46 478 55 1
46 502 5 8
46 566 14 2
46 773 17 10
46 810 38 5
47 99 26 12
47 211 60 9
47 278 8 8
47 284 54 2
47 291 6 5
47 318 51 6
47 715 31 11
47 742 17 15
47 782 16 2
47 950 30 6
47 1038 40 11
47 1079 28 6
48 125 35 7
48 219 30 9
48 315 16 11
48 327 10 9
48 382 34 11
48 606 38 7
48 651 3 14
48 804 47 14
48 966 22 15
48 1159 16 8
49 111 5 7
49 182 34 14
49 184 40 11
49 213 43 6
49 217 21 14
49 402 26 7
49 520 49 1
49 557 6 3
49 849 12 2
49 1076 31 8
49 1089 15 10
50 71 57 1
50 225 28 7
50 251 2 2
50 303 53 11
50 490 17 12
50 615 33 12
50 728 33 14
50 730 56 3
50 755 28 4
50 1030 7 14
50 1110 29 3
50 1195 7 1
51 316 40 2
51 329 49 6
51 374 26 2
51 467 35 2
51 555 31 4
51 723 36 12
51 731 12 9
51 808 27 10
51 860 33 9
51 922 57 2
51 1093 51 5
51 1119 32 14
52 143 21 13
52 168 32 14
52 210 34 14
52 247 40 9
52 478 58 4
52 705 22 13
52 733 31 7
52 755 40 6
52 791 41 3
52 939 51 5
52 1005 38 5
52 1075 37 15
52 1109 23 10
52 1141 2 12
53 75 51 12
53 205 23 15
53 229 6 10
53 233 26 5
53 351 20 7
53 374 57 3
53 993 58 13
54 217 5 3
54 342 26 11
54 380 60 3
54 460 44 8
54 500 6 15
54 656 32 5
54 712 60 13
54 730 18 5
54 833 13 8
54 865 16 1
54 1025 10 6
54 1230 22 7
54 1257 42 15
55 120 28 15
55 131 36 5
55 220 60 7
55 223 27 2
55 321 11 14
55 327 41 6
55 363 1 7
55 493 40 12
55 554 56 11
55 557 52 5
55 960 20 2
55 1011 5 13
55 1224 20 15
56 160 60 9
56 180 12 9
56 381 22 5
56 726 5 10
56 916 60 9
56 998 39 4
57 153 27 6
57 199 44 13
57 213 5 2
57 429 17 15
57 519 19 13
57 545 56 9
57 778 28 2
57 854 53 2
57 896 21 10
57 903 33 4
57 938 57 7
57 965 27 12
57 1066 27 9
57 1072 19 4
57 1099 15 13
57 1107 3 10
57 1173 47 13
57 1191 41 6
58 521 41 13
58 727 58 7
58 751 9 11
58 840 39 13
58 1074 57 13
58 1204 47 14
58 1220 13 4
59 86 52 3
59 159 29 6
59 477 23 12
59 512 46 8
59 575 27 1
59 642 10 2
59 715 3 3
59 858 50 1
59 1046 3 6
59 1137 55 4
59 1162 47 4
59 1266 31 13
60 121 34 10
60 186 6 6
60 273 4 12
60 274 39 13
60 352 47 14
60 634 50 14
60 843 53 12
60 849 17 2
60 1118 44 13
60 1174 18 6
60 1234 23 8
61 200 18 3
61 366 8 4
61 697 18 14
61 937 8 5
61 1050 38 2
62 64 11 5
62 153 41 13
62 174 54 4
62 216 24 11
62 310 55 14
62 353 48 4
62 391 7 14
62 548 2 11
62 565 24 2
62 568 23 10
62 750 8 3
62 811 9 3
62 1001 24 7
62 1163 42 7
63 99 13 6
63 248 47 11
63 336 17 7
63 356 31 1
63 833 55 14
63 868 58 1
63 1150 12 5
63 1247 9 3
63 1255 26 4
64 109 14 1
64 374 14 14
64 628 40 12
64 667 28 4
64 1108 23 5
64 1173 56 15
64 1262 1 12
65 498 4 1
65 652 27 10
65 751 32 2
65 815 35 5
65 1024 55 11
65 1123 10 13
65 1232 11 6
65 1238 39 4
66 133 50 7
66 143 2 7
66 179 20 7
66 206 60 2
66 807 25 6
66 842 4 4
66 886 26 4
66 917 10 14
66 978 21 9
66 1030 31 9
66 1032 60 11
66 1188 19 8
66 1190 53 10
66 1213 58 11
67 338 28 8
67 449 1 6
67 454 50 2
67 592 58 10
67 1047 30 15
67 1053 29 10
68 254 45 2
68 279 56 15
68 380 24 13
68 720 41 15
68 874 35 15
68 1180 42 4
69 330 60 12
69 541 31 3
69 686 32 5
69 691 28 6
69 746 58 12
69 771 9 4
69 835 27 3
69 869 16 6
69 1036 26 9
69 1203 43 6
70 302 4 4
70 333 58 3
70 888 23 1
70 919 17 5
70 952 37 15
70 1013 56 11
70 1043 2 6
70 1165 16 4
70 1262 52 11
71 275 1 6
71 278 39 15
71 325 16 15
71 376 29 1
71 720 18 2
71 948 48 10
71 974 31 6
71 983 22 3
71 1085 54 4
71 1089 54 4
71 1183 37 5
72 73 8 5
72 189 48 8
72 201 33 3
72 282 3 14
72 435 35 8
72 527 54 12
72 594 41 9
72 626 22 8
72 697 40 12
72 819 7 13
72 1019 37 9
72 1188 12 6
72 1217 21 15
73 239 26 3
73 285 14 14
73 499 14 1
73 607 35 12
73 620 52 11
73 729 11 14
73 791 28 11
73 897 46 3
73 1044 30 8
73 1156 23 12
74 536 44 10
74 563 54 15
74 810 46 4
74 856 32 9
74 903 41 10
74 1007 59 6
74 1100 32 2
74 1112 43 9
75 85 25 6
75 211 8 4
75 337 32 12
75 560 44 3
75 617 2 6
75 640 11 6
75 665 2 8
75 796 47 2
75 927 31 1
75 1011 19 7
75 1013 34 6
75 1014 30 5
75 1102 20 3
75 1133 50 7
76 77 51 10
76 153 39 6
76 213 25 2
76 310 16 10
76 723 38 5
76 729 52 1
76 734 46 11
76 806 44 2
76 830 10 14
76 920 43 11
77 84 49 5
77 114 27 1
77 224 46 4
77 249 47 14
77 262 32 12
77 338 23 11
77 652 22 15
77 743 4 7
77 1101 37 7
77 1148 11 9
77 1166 27 8
77 1227 35 14
78 179 36 7
78 218 15 2
78 307 38 10
78 489 59 1
78 595 10 15
78 716 32 1
78 984 27 7
79 159 21 13
79 164 28 10
79 266 21 8
79 371 56 6
79 375 22 11
79 422 15 5
79 447 56 8
79 540 19 1
79 595 42 5
79 809 45 1
79 1044 43 3
79 1046 25 5
79 1156 32 13
79 1171 16 4
80 136 35 9
80 154 57 14
80 158 43 15
80 205 6 13
80 383 7 9
80 772 21 12
80 902 32 13
80 956 60 4
80 1057 4 15
80 1085 45 11
80 1090 2 6
80 1122 37 3
80 1138 46 12
80 1176 22 11
80 1179 40 1
81 316 39 14
81 533 36 2
81 698 5 5
81 1168 20 15
82 192 29 1
82 246 19 8
82 469 29 2
82 535 37 9
82 756 50 1
82 792 9 3
82 824 4 11
82 955 40 4
82 965 35 3
82 1055 52 13
82 1131 23 11
83 408 18 4
83 438 56 7
83 502 58 2
83 748 28 7
83 807 19 2
83 874 36 1
83 1144 43 6
83 1208 34 2
84 187 15 5
84 292 28 6
84 347 42 2
84 365 57 7
84 505 6 13
84 577 22 7
84 662 9 6
84 852 49 4
84 1015 53 8
84 1087 26 1
84 1121 29 1
85 165 23 1
85 187 29 14
85 286 49 10
85 315 34 15
85 372 37 14
85 496 10 9
85 582 9 7
85 594 57 11
85 629 28 1
85 630 34 7
85 667 45 2
85 698 19 9
85 875 19 1
85 970 24 2
86 157 1 10
86 343 38 3
86 406 40 1
86 414 49 11
86 430 2 2
86 578 8 8
86 580 52 6
86 825 1 9
86 940 36 12
87 324 17 10
87 540 24 10
87 610 7 6
87 634 53 11
87 722 38 3
87 737 18 8
87 947 9 14
87 1106 3 12
87 1184 27 9
87 1261 10 9
88 120 48 7
88 216 43 11
88 228 14 2
88 402 42 4
88 473 17 14
88 485 24 11
88 592 57 1
88 620 16 3
88 937 15 4
88 1016 59 2
88 1020 25 11
88 1151 2 10
88 1188 45 3
89 160 56 5
89 420 45 2
89 460 44 12
89 492 21 6
89 532 38 13
89 798 57 3
89 891 33 1
89 1127 35 5
90 221 16 10
90 368 56 13
90 397 57 4
90 447 3 9
90 723 5 13
90 755 32 15
90 881 46 15
90 1160 37 3
91 115 40 9
91 180 37 15
91 280 7 12
91 519 13 14
91 528 23 7
91 678 60 13
91 737 29 2
91 810 57 1
91 1015 15 7
91 1163 5 13
91 1233 31 6
91 1248 48 7
91 1252 38 5
92 110 24 3
92 176 14 2
92 262 43 5
92 269 42 4
92 292 23 8
92 772 3 14
92 774 55 5
92 964 29 14
92 979 29 1
92 991 38 13
92 1028 22 6
92 1200 54 7
93 385 15 1
93 404 6 14
93 484 38 6
93 514 8 8
93 519 24 15
93 622 52 11
93 742 14 9
93 862 15 15
94 207 27 13
94 459 25 6
94 602 13 7
94 717 49 4
94 830 29 1
94 905 49 7
94 989 47 5
94 1069 40 14
94 1167 36 9
95 156 52 13
95 158 52 9
95 290 27 3
95 515 37 4
95 530 15 12
95 932 29 4
95 951 56 6
95 1020 24 2
95 1256 36 10
96 191 25 13
96 284 51 11
96 364 48 8
96 368 31 3
96 572 45 11
96 658 20 7
96 671 40 11
96 705 13 4
96 855 27 6
96 1043 27 15
97 177 32 10
97 264 1 6
97 316 54 6
97 374 4 9
97 585 51 7
97 717 2 13
97 809 17 2
97 845 19 8
97 1010 56 8
97 1063 56 7
97 1123 49 4
98 109 45 7
98 326 36 15
98 342 15 8
98 392 6 11
98 501 20 6
98 512 28 13
98 676 33 8
98 789 14 8
98 861 59 4
98 1000 55 2
99 124 59 10
99 138 13 15
99 238 8 4
99 558 3 6
99 799 8 5
99 864 57 15
99 874 34 13
99 928 14 2
99 1108 55 15
100 178 22 15
100 268 59 4
100 506 56 10
100 511 9 3
100 622 23 6
100 644 39 13
100 699 58 7
100 753 27 5
100 796 44 8
100 894 55 11
100 914 34 6
100 982 38 8
101 411 35 7
101 589 9 1
101 617 31 8
101 658 3 9
101 663 6 6
101 664 41 10
101 804 14 4
101 912 25 2
101 969 1 1
101 986 22 3
101 994 12 11
101 1089 53 13
101 1234 17 7
102 142 25 7
102 1039 6 5
102 1080 32 2
103 149 17 11
103 252 12 6
103 280 11 7
103 313 56 13
103 452 25 1
103 643 25 12
103 733 8 1
103 811 52 6
103 902 22 11
103 1146 55 11
103 1156 3 5
103 1184 35 9
104 401 19 13
104 450 30 8
104 485 6 1
104 631 12 10
104 637 23 6
104 771 32 14
104 915 51 10
104 1008 36 8
104 1039 24 5
104 1121 26 12
104 1127 21 5
104 1154 30 12
105 208 16 3
105 217 30 1
105 335 6 11
105 621 44 4
105 649 27 10
105 650 14 1
105 986 46 2
105 1008 21 12
105 1022 35 12
106 212 48 9
106 466 29 1
106 678 51 6
107 305 59 10
107 386 34 6
107 748 48 8
107 834 58 13
107 1105 17 7
107 1222 58 9
108 213 33 6
108 335 31 6
108 520 4 14
108 638 10 8
108 780 48 6
108 894 47 2
108 1175 54 1
109 410 41 5
109 503 46 4
109 536 39 13
109 714 43 10
109 1175 31 8
109 1198 9 13
110 238 25 12
110 344 59 4
110 647 8 9
110 678 57 13
110 996 58 13
111 158 27 9
111 295 2 12
111 336 47 13
111 390 38 9
111 554 31 6
111 612 2 12
111 676 10 7
111 681 49 12
111 684 23 4
111 762 28 2
111 1036 18 8
112 455 56 1
112 731 35 9
113 485 3 6
113 721 39 4
113 786 20 13
113 822 60 15
113 880 31 9
114 284 55 11
114 369 60 10
114 467 57 10
114 489 12 15
114 598 22 2
114 599 3 11
114 690 2 8
114 777 10 7
114 926 11 13
115 181 46 8
115 229 32 1
115 345 39 10
115 371 47 14
115 601 32 7
115 878 57 6
115 883 50 2
115 974 41 5
115 1012 5 15
115 1035 15 10
115 1039 6 5
115 1059 30 14
115 1139 6 4
116 416 1 5
116 426 30 15
116 431 60 15
116 501 57 5
116 623 48 1
116 659 16 13
116 810 54 14
116 874 44 3
116 927 16 5
116 934 54 4
116 1094 40 5
116 1204 48 13
116 1237 35 13
116 1248 57 10
116 1266 60 3
117 141 51 3
117 160 5 8
117 251 26 5
117 558 55 6
117 613 45 8
117 652 45 7
117 698 23 13
117 734 38 6
117 1088 38 13
117 1227 11 1
117 1252 35 5
118 477 56 3
118 539 6 10
118 742 6 3
118 746 42 5
118 917 38 8
119 242 51 13
119 345 50 10
119 418 11 4
119 546 16 2
119 563 2 1
119 732 52 3
119 1107 46 11
120 124 14 14
120 404 60 8
120 409 16 8
120 797 34 13
120 808 22 15
120 881 43 2
120 989 52 8
120 1167 37 2
120 1172 50 7
121 152 52 8
121 472 43 6
121 474 42 6
121 479 8 6
121 552 27 15
121 710 31 4
121 947 60 5
122 136 45 1
122 240 55 15
122 405 49 9
122 465 44 9
122 470 30 3
122 665 27 2
122 805 48 13
122 927 25 13
122 972 25 11
123 140 54 13
123 186 18 15
123 256 40 13
123 405 57 7
123 440 20 13
123 572 4 3
123 931 57 12
123 946 27 10
123 1028 8 3
124 235 36 13
124 532 32 11
124 890 48 2
124 1245 59 1
125 228 37 5
125 273 8 8
125 314 25 6
125 320 37 9
125 362 9 6
125 616 14 5
125 713 23 8
125 940 40 10
125 1249 47 1
126 324 35 1
126 700 45 12
126 1197 60 7
126 1249 44 6
127 303 41 13
127 359 3 8
127 547 52 3
127 707 57 1
127 928 26 8
127 1051 32 8
127 1100 40 13
127 1207 26 15
128 193 55 5
128 255 23 13
128 334 28 4
128 361 53 13
128 372 8 15
128 401 31 12
128 442 30 12
128 840 39 5
128 1026 32 10
128 1063 19 14
128 1166 24 15
129 669 22 15
129 701 49 2
129 879 49 11
129 962 39 7
129 968 16 6
129 1230 50 6
129 1254 7 6
130 267 59 5
130 337 48 13
130 341 38 5
131 194 35 2
131 500 56 2
131 670 18 7
131 1097 59 14
131 1112 17 12
131 1121 11 13
131 1201 21 5
132 271 53 9
132 332 5 12
132 366 50 15
132 401 6 7
132 573 32 12
132 672 31 12
132 798 55 1
132 854 13 1
132 874 56 6
132 891 6 4
132 931 54 13
132 965 1 6
132 1158 29 9
132 1168 24 14
133 365 40 13
133 483 49 1
133 1100 51 4
134 270 41 5
134 403 37 8
134 447 35 5
134 472 21 10
134 474 51 1
134 664 35 1
134 762 39 13
134 767 16 7
134 775 31 5
134 856 27 2
134 862 17 13
134 915 33 10
134 942 60 13
134 1013 25 6
134 1093 50 4
134 1118 30 4
134 1174 55 10
134 1198 30 13
134 1233 44 13
135 597 51 15
135 627 53 9
135 701 23 15
135 721 38 3
135 860 9 7
135 966 30 11
135 986 7 13
135 1175 3 5
135 1253 16 9
136 446 48 6
136 706 17 3
136 836 3 11
136 862 42 3
136 903 54 12
136 1083 58 3
136 1250 22 2
137 172 24 1
137 324 54 15
137 398 47 6
137 402 29 8
137 454 9 2
137 822 45 2
137 1038 34 8
137 1057 22 10
137 1147 39 6
138 153 59 5
138 200 56 9
138 300 26 8
138 352 5 1
138 379 7 2
138 423 24 11
138 512 30 15
138 638 13 10
138 693 4 3
138 856 59 11
138 886 12 13
138 971 44 10
138 1034 24 11
138 1123 12 15
139 249 5 15
139 454 1 14
139 673 2 15
139 711 40 9
139 749 59 12
139 1221 27 7
139 1252 35 15
140 149 54 10
140 238 26 2
140 485 53 14
140 512 6 5
140 634 26 3
140 827 48 8
140 1118 34 6
141 282 3 14
141 317 56 9
141 328 38 4
141 373 20 12
141 393 15 3
141 492 4 9
141 791 24 1
141 866 59 11
141 878 43 1
141 943 35 9
141 944 1 15
141 1138 27 9
141 1174 58 6
141 1253 46 8
142 545 19 13
142 691 39 14
142 721 46 12
142 740 53 2
142 796 13 6
142 875 29 4
142 995 50 8
142 1109 9 10
143 190 56 12
143 348 38 4
143 377 2 13
143 717 29 7
143 727 19 5
143 866 33 5
144 293 52 4
144 365 19 13
144 414 21 6
144 432 35 3
144 440 58 6
144 518 9 2
144 850 54 3
144 1102 13 8
145 244 49 10
145 429 14 14
145 528 15 8
145 556 53 5
145 711 16 11
145 1004 25 10
145 1203 12 5
146 176 35 6
146 393 43 12
146 1010 39 12
146 1049 48 12
147 334 15 11
147 342 51 3
147 613 50 9
147 997 22 4
148 180 60 5
148 251 22 8
148 271 12 3
148 331 59 8
148 783 59 15
148 1025 17 4
148 1067 53 1
148 1134 28 3
148 1262 54 1
149 210 1 11
149 281 50 1
149 311 29 11
149 442 34 15
149 614 54 3
149 752 42 10
149 753 12 8
149 1183 53 13
149 1257 18 5
150 185 45 15
150 421 14 14
150 732 16 11
150 802 40 11
150 830 36 14
150 952 16 10
150 1126 57 9
151 377 15 1
151 550 20 15
151 723 5 8
151 769 46 14
151 857 13 13
151 901 34 14
151 1059 45 7
151 1167 14 2
151 1222 20 11
152 291 55 2
152 407 15 15
152 421 27 8
152 491 35 9
152 928 35 11
152 1105 58 9
153 588 45 7
153 713 4 1
153 777 50 2
153 847 60 11
153 1070 46 2
153 1252 25 10
154 194 37 3
154 212 27 3
154 295 4 6
154 620 19 1
154 632 43 2
154 777 9 14
154 1019 30 6
155 304 44 7
155 540 5 4
155 596 3 8
155 635 52 1
156 264 55 12
156 489 29 6
156 993 28 7
156 1058 6 6
156 1091 46 6
156 1136 28 9
156 1177 51 5
156 1243 59 4
157 197 59 9
157 245 57 1
157 312 12 14
157 344 4 2
157 350 22 3
157 666 9 2
157 899 51 10
157 973 37 5
158 193 24 1
158 416 1 11
158 480 6 5
158 528 48 9
158 576 45 15
158 623 15 14
158 696 3 10
158 821 46 11
158 835 6 11
158 896 57 4
159 222 27 12
159 559 10 10
159 568 3 7
159 580 9 12
159 974 7 10
159 1004 6 4
159 1122 41 12
160 180 60 6
160 182 8 4
160 298 54 14
160 444 23 2
160 526 32 10
160 547 54 15
160 770 57 7
160 791 28 9
160 1001 20 9
160 1155 47 6
160 1196 54 7
161 944 5 5
161 994 42 10
161 1123 13 6
161 1208 38 9
161 1234 33 4
162 170 50 9
162 238 59 13
162 239 15 14
162 385 21 14
162 628 24 9
162 656 29 14
162 779 42 3
162 1067 43 8
162 1083 33 12
162 1251 47 7
163 470 52 7
163 661 44 13
163 671 21 4
163 676 23 14
163 946 26 9
163 1003 36 8
163 1080 30 15
163 1197 12 14
164 231 39 15
164 515 27 10
164 746 46 4
164 841 49 12
164 1034 30 7
164 1225 21 6
165 627 53 3
165 739 24 10
165 987 50 8
165 1046 35 3
165 1109 24 11
165 1226 3 8
166 178 26 7
166 249 17 14
166 281 10 2
166 380 29 12
166 474 31 8
166 992 48 7
166 1099 23 14
166 1107 36 15
166 1165 44 3
166 1189 46 12
167 453 46 10
167 472 36 12
167 570 38 9
167 702 28 13
167 971 42 5
167 1106 41 5
168 244 52 1
168 256 40 8
168 323 50 10
168 378 50 8
168 607 26 9
168 653 60 1
168 884 6 10
168 976 31 15
168 1023 20 13
168 1204 50 8
169 338 32 11
169 365 21 2
169 376 7 7
169 480 60 9
169 540 11 15
169 586 13 1
169 879 59 2
169 1046 1 1
169 1078 34 1
170 286 23 4
170 394 34 5
170 524 40 14
170 544 35 14
170 885 38 10
170 928 30 2
170 1022 51 13
170 1045 50 11
170 1110 37 7
171 178 36 4
171 212 38 4
171 339 17 11
171 368 9 5
171 390 52 4
171 468 16 2
171 704 54 13
171 800 3 13
171 848 32 6
171 864 33 14
171 910 39 11
171 1071 8 4
171 1146 45 2
171 1167 25 12
171 1170 44 11
171 1179 45 13
171 1217 43 8
172 244 3 12
172 350 13 3
172 516 10 15
172 537 9 1
172 840 42 3
172 908 38 13
172 1039 21 5
172 1073 53 7
172 1145 27 10
172 1196 21 14
173 244 48 11
173 245 20 2
173 288 51 13
173 534 47 7
173 636 18 1
173 876 47 11
173 1018 56 8
174 290 15 13
174 326 33 3
174 480 27 9
174 543 26 9
174 553 55 2
174 591 28 6
174 680 50 2
174 693 49 13
174 701 39 6
174 760 56 11
174 821 40 8
174 860 19 9
174 1002 18 2
175 201 32 9
175 510 53 11
175 599 45 11
175 690 33 8
175 732 2 8
175 864 2 12
175 924 11 7
175 1086 31 10
176 386 3 5
176 396 17 9
176 475 22 12
176 822 26 10
176 853 51 10
176 1038 21 15
177 331 18 9
177 678 53 8
177 876 5 7
177 1070 14 10
177 1220 60 6
178 253 40 11
178 400 13 13
178 448 31 10
178 1097 60 14
179 390 41 11
179 447 57 6
179 469 35 1
179 699 9 3
179 748 19 1
179 911 4 8
179 925 55 5
179 992 38 8
179 1147 46 8
179 1220 52 9
180 237 10 7
180 249 37 15
180 477 27 9
180 502 60 2
180 950 15 8
180 1149 33 6
180 1234 29 3
181 194 48 12
181 283 54 8
181 317 17 5
181 385 43 2
181 508 37 3
181 1072 21 14
181 1124 2 5
181 1208 9 7
181 1227 46 11
182 284 51 10
182 482 20 12
182 867 2 14
182 934 29 13
182 1050 15 15
182 1086 53 12
183 319 36 4
183 334 37 7
183 449 3 14
183 680 23 9
183 691 31 13
183 750 33 11
183 1047 10 13
183 1085 40 11
183 1147 60 5
183 1220 33 11
184 189 8 8
184 196 59 6
184 245 47 14
184 419 3 8
184 1044 30 14
184 1217 54 2
185 207 2 10
185 336 31 12
185 363 25 5
185 433 24 1
185 443 16 9
185 460 29 5
185 471 5 15
185 536 16 7
185 555 13 6
185 570 18 5
185 701 56 10
185 720 57 10
185 872 5 7
185 1066 54 4
185 1186 52 9
185 1189 13 13
185 1251 43 1
186 235 11 3
186 480 59 15
186 527 34 11
186 567 34 10
186 643 50 14
186 736 55 15
186 936 6 14
186 1100 26 1
186 1126 26 12
187 376 54 4
187 489 43 1
187 501 31 15
187 669 35 13
187 1113 25 11
187 1150 43 5
187 1191 51 7
187 1195 25 10
187 1263 20 1
188 232 55 15
188 400 28 2
188 595 31 9
188 652 47 8
188 738 12 2
188 795 49 10
188 1083 59 10
188 1232 50 13
189 300 24 8
189 308 11 2
189 376 53 15
189 386 30 7
189 451 31 6
189 457 15 7
189 1046 27 6
189 1057 41 2
189 1150 20 14
189 1166 37 1
189 1235 21 9
189 1262 30 1
190 329 37 8
190 540 43 8
190 663 24 14
190 1179 58 12
191 342 1 5
191 580 5 12
191 629 34 3
191 646 35 12
191 674 31 11
191 866 14 5
191 895 37 1
191 925 41 13
191 1033 3 13
191 1093 54 1
192 193 35 7
192 228 59 15
192 323 1 9
192 391 52 9
192 406 57 5
192 538 52 1
192 580 14 4
192 590 3 6
192 605 41 14
192 882 18 6
192 1038 28 11
192 1213 51 7
192 1253 2 13
193 275 5 2
193 796 57 13
193 905 52 12
193 908 24 6
193 1085 10 10
194 255 54 1
194 306 4 15
194 345 17 15
194 391 17 14
194 435 22 1
194 496 39 6
194 516 38 9
194 523 56 3
194 681 47 14
194 918 2 3
194 1006 39 1
194 1023 47 13
194 1031 55 1
194 1215 3 11
194 1233 50 10
195 200 17 10
195 221 50 3
195 256 42 1
195 406 54 2
195 597 57 14
195 676 59 15
195 722 4 10
195 755 39 10
195 1000 32 11
195 1137 9 4
196 242 27 8
196 467 29 14
196 542 47 10
196 922 46 1
196 1004 27 8
196 1012 23 1
196 1098 29 11
197 298 39 13
197 464 37 1
197 661 4 11
197 690 7 13
198 317 58 15
198 327 14 15
198 529 56 1
198 751 37 5
198 773 27 6
198 1050 19 3
198 1169 39 3
199 656 3 5
199 994 60 4
199 1044 10 7
199 1064 25 15
199 1100 28 10
200 287 21 8
200 343 6 11
200 360 32 13
200 460 20 4
200 602 15 6
200 688 36 5
200 733 51 12
200 902 59 2
200 1035 25 3
200 1109 34 8
200 1154 11 9
200 1156 2 13
201 202 36 9
201 258 2 9
201 768 55 3
201 824 2 10
201 893 23 12
201 919 8 5
201 999 41 6
201 1150 50 11
201 1177 60 14
201 1206 25 5
202 230 47 7
202 357 42 13
202 416 46 8
202 479 38 8
202 562 60 13
202 849 33 12
203 243 39 13
203 331 32 15
203 359 34 1
203 437 45 9
203 520 9 6
203 710 4 14
203 968 10 1
203 1180 29 4
204 615 35 14
204 643 51 7
204 937 3 9
204 955 30 10
205 236 26 5
205 248 56 13
205 414 20 5
205 476 30 10
205 739 55 6
205 771 27 4
205 908 22 4
206 217 36 5
206 475 9 6
206 503 60 8
206 518 29 1
206 673 58 4
206 917 40 5
206 1013 46 15
206 1108 25 2
206 1169 49 1
207 296 36 13
207 647 3 11
207 855 10 2
207 1122 41 3
207 1148 48 14
207 1205 42 13
207 1247 30 1
208 211 7 15
208 215 41 1
208 327 56 8
208 355 14 15
208 482 33 6
208 947 43 2
208 960 1 15
208 1177 56 1
208 1218 24 2
209 253 59 10
209 392 55 7
209 571 31 3
209 817 6 7
209 966 60 5
209 1165 29 14
210 469 41 12
210 497 18 3
210 759 60 6
210 898 10 3
210 921 5 10
210 1013 49 10
210 1113 33 5
211 764 25 12
211 973 13 4
211 983 1 3
211 1179 14 5
211 1193 31 5
211 1203 59 7
212 342 4 14
212 377 42 13
212 468 55 3
212 536 59 3
212 722 57 7
212 748 27 3
212 986 23 4
212 1148 45 12
212 1155 31 3
213 257 44 2
213 305 50 12
213 321 20 4
213 356 50 10
213 436 38 11
213 574 46 13
213 657 46 12
213 758 23 6
213 848 13 11
213 938 6 13
213 1028 1 13
213 1263 7 6
214 318 26 2
214 376 45 15
214 408 18 2
214 462 40 6
214 916 14 4
214 1132 33 11
215 276 31 11
215 408 37 4
215 488 49 13
215 514 58 12
215 533 31 1
215 673 56 2
215 740 43 2
215 900 14 5
215 1034 10 8
215 1076 57 15
215 1198 20 13
216 459 44 13
216 597 33 8
216 1105 39 10
216 1127 2 4
216 1245 59 12
217 221 23 15
217 547 1 10
217 846 32 8
217 962 1 2
218 389 38 12
218 424 37 9
218 658 50 9
218 678 59 15
218 765 55 7
218 776 31 5
218 778 20 3
218 903 60 6
218 982 49 15
218 1066 19 15
219 242 46 10
219 623 42 4
219 790 41 13
219 1038 49 11
220 346 18 6
220 413 26 15
220 472 51 13
220 519 37 10
220 673 21 13
220 710 3 13
220 761 17 7
220 781 58 6
220 1011 18 11
220 1124 36 9
220 1138 56 13
220 1144 58 3
220 1176 33 11
220 1198 11 9
221 334 32 15
221 719 8 3
221 746 17 14
221 905 23 3
221 1020 29 12
222 226 11 1
222 252 51 13
222 954 27 13
222 1199 24 3
223 255 7 6
223 305 15 10
223 426 5 11
223 601 14 4
223 609 29 4
223 724 50 13
224 484 17 12
224 553 12 10
224 644 3 15
224 652 43 9
224 875 10 3
224 1044 47 6
225 253 34 2
225 258 16 6
225 264 46 13
225 298 3 9
225 377 52 6
225 419 49 10
225 522 19 2
225 563 36 11
225 653 53 11
225 661 36 6
225 698 14 4
225 743 11 10
225 909 35 4
225 925 20 12
225 1054 39 1
225 1084 42 4
225 1090 12 10
225 1209 54 6
226 299 58 8
226 319 42 7
226 333 29 14
226 399 49 8
226 406 17 5
226 649 54 10
226 839 40 5
226 1020 13 10
226 1112 32 8
227 535 51 12
227 803 48 13
227 1001 5 15
227 1063 43 13
227 1073 26 8
227 1179 56 7
228 398 20 6
228 411 42 1
228 598 19 7
228 660 39 14
228 729 18 2
229 281 36 1
229 350 52 3
229 430 1 14
229 554 31 7
229 639 16 6
229 840 58 13
229 992 50 3
229 1044 29 5
229 1222 2 6
230 240 12 3
230 259 52 4
230 362 46 11
230 397 12 10
230 572 17 12
230 607 10 13
230 617 21 3
230 660 56 8
230 720 39 4
230 741 5 1
230 858 9 14
230 906 31 9
230 1107 7 5
230 1110 10 3
231 243 11 9
231 408 55 8
231 621 35 2
231 923 8 3
231 1204 22 5
232 240 2 6
232 392 21 3
232 528 16 13
232 601 22 3
232 958 5 15
232 1159 59 10
232 1262 57 9
233 435 51 11
233 436 56 1
233 698 22 9
233 795 23 10
233 886 41 15
233 911 50 6
234 336 33 9
234 359 2 1
234 380 60 9
234 465 18 7
234 870 39 1
234 957 42 11
234 990 3 12
235 318 20 4
235 437 7 6
235 527 2 4
235 533 34 14
235 747 18 6
235 866 53 12
235 1039 4 3
235 1160 6 9
236 647 30 5
236 691 59 6
236 748 32 3
236 1178 51 2
237 333 26 8
237 490 31 14
237 563 19 14
237 583 19 12
237 626 9 2
237 639 35 8
237 698 28 10
237 735 44 14
237 1104 48 2
237 1181 44 7
237 1199 51 5
238 327 51 15
238 640 45 5
238 745 48 3
238 793 45 12
238 1133 3 5
239 351 16 9
239 444 24 2
239 651 36 15
239 668 13 9
239 791 5 7
240 357 18 9
240 462 26 1
240 621 35 10
240 733 25 10
240 735 41 12
240 803 19 2
240 1093 23 8
240 1240 30 7
240 1266 22 6
241 254 2 1
241 297 9 5
241 336 55 4
241 565 6 10
241 706 25 11
241 758 51 12
241 769 56 1
241 789 44 1
241 798 49 10
241 922 26 6
241 951 9 1
241 973 36 10
241 1019 11 5
241 1217 23 7
242 737 55 12
242 816 26 9
242 837 50 8
242 986 55 14
242 1012 26 5
242 1107 47 8
243 251 22 11
243 559 37 8
243 698 59 2
243 820 3 13
243 879 19 10
243 1016 4 7
243 1074 12 2
243 1231 33 3
243 1262 11 7
244 369 28 6
244 412 36 8
244 424 9 12
244 641 23 9
244 757 4 5
244 845 39 11
244 1013 28 5
244 1089 60 13
245 374 46 11
245 527 18 15
245 540 37 11
245 562 22 5
245 676 31 13
245 899 31 5
245 967 17 3
245 1070 39 15
245 1143 28 8
245 1188 29 1
245 1247 50 9
246 251 18 1
246 376 9 1
246 388 57 5
246 571 37 15
246 658 32 15
246 876 10 6
246 953 3 10
246 960 30 13
246 1108 16 7
247 278 44 11
247 312 48 12
247 686 46 15
247 714 58 3
247 828 38 1
247 970 48 2
247 993 26 6
247 1081 13 14
248 250 29 13
248 327 59 12
248 361 12 5
248 532 34 7
248 687 57 7
248 732 53 1
248 861 18 10
248 931 40 1
248 1020 25 8
248 1188 26 14
248 1239 5 14
249 442 32 2
249 553 19 5
249 718 46 10
249 822 22 14
249 912 26 13
249 924 4 9
249 1063 12 8
249 1201 26 10
250 327 18 14
250 452 22 3
250 629 8 4
250 728 56 7
250 1028 10 15
250 1250 50 3
251 779 35 3
251 973 42 1
251 1140 25 12
251 1182 2 5
252 372 57 3
252 696 38 6
252 821 33 6
252 854 14 14
252 913 20 4
252 1064 29 6
253 283 51 9
253 321 14 13
253 414 54 2
253 845 33 4
253 886 2 9
253 900 39 15
253 1153 9 3
254 588 31 15
254 760 26 10
254 1183 18 5
254 1216 36 5
254 1219 51 5
255 280 15 2
255 383 28 11
255 448 33 12
255 452 37 1
255 683 60 3
255 762 28 8
255 925 52 3
256 362 36 12
256 444 45 2
256 849 39 7
256 1041 19 1
256 1067 55 13
256 1215 13 7
257 705 3 13
257 796 47 1
257 1071 56 9
258 543 44 11
258 688 24 3
258 711 36 12
258 845 32 7
258 1114 43 9
258 1196 8 12
258 1217 1 12
258 1218 56 12
258 1227 7 14
258 1240 2 12
259 381 22 4
259 424 29 12
259 440 1 8
259 506 48 9
259 783 42 6
259 813 14 14
259 896 13 7
259 938 1 3
259 958 54 14
259 1157 30 13
260 518 22 7
260 519 54 12
260 612 28 5
260 814 20 2
260 881 1 11
260 963 31 6
260 1170 2 9
260 1200 38 13
261 342 2 10
261 364 14 5
261 477 34 2
261 491 32 12
261 523 12 11
261 648 13 5
261 792 34 3
261 855 12 8
261 941 46 2
261 1040 60 4
261 1085 59 2
261 1114 37 6
261 1183 4 5
262 283 31 2
262 319 51 4
262 329 9 5
262 347 16 13
262 439 34 4
262 552 41 7
262 574 6 2
262 640 12 6
262 871 25 2
262 934 40 8
262 984 58 8
262 1026 36 7
262 1170 52 5
262 1210 30 8
263 270 31 8
263 271 19 9
263 283 32 8
263 462 36 3
263 730 36 3
263 911 11 8
263 1024 43 6
263 1144 24 7
264 335 57 3
264 676 6 14
264 704 10 7
264 971 23 8
264 1216 47 3
265 318 55 4
265 516 34 2
265 692 18 5
265 711 14 3
265 738 57 4
265 1052 7 11
265 1102 37 2
265 1133 43 6
266 310 1 7
266 483 42 1
266 630 35 2
266 745 9 8
266 993 18 4
266 1226 43 10
267 355 7 10
267 496 4 4
267 617 33 11
267 781 49 6
267 1083 4 13
267 1238 8 15
268 397 36 5
268 399 19 3
268 563 40 6
268 584 40 9
268 719 46 1
268 743 29 15
268 780 18 3
268 941 38 5
268 1080 28 15
268 1176 42 5
268 1266 47 3
269 419 50 7
269 581 13 10
269 598 10 1
269 701 18 11
269 757 52 14
269 949 33 13
269 971 6 3
269 1034 9 15
269 1082 27 6
269 1108 56 7
269 1118 10 1
269 1203 3 10
270 384 9 1
270 451 26 5
270 556 16 2
270 598 27 14
270 638 55 1
270 690 32 11
270 757 42 7
270 876 46 4
270 914 20 15
270 1003 17 3
271 298 37 1
271 321 36 8
271 440 9 4
271 578 52 13
271 809 9 4
271 873 59 7
271 879 10 4
271 881 21 12
271 1142 32 11
271 1222 17 8
271 1256 6 15
272 371 2 5
272 460 57 11
272 470 34 9
272 663 21 9
272 679 45 10
272 925 35 13
272 1252 26 8
273 304 47 14
273 311 52 8
273 473 49 11
273 474 21 10
273 496 30 9
273 639 15 9
273 1114 32 9
273 1148 2 5
273 1182 1 10
274 311 29 8
274 313 57 8
274 446 8 6
274 1263 28 9
275 400 49 10
275 633 18 10
275 749 44 6
275 805 26 12
275 1100 15 7
275 1106 56 5
276 431 55 11
276 445 47 13
276 468 27 14
276 662 2 8
276 821 31 2
276 1021 15 2
276 1040 56 1
277 509 11 9
277 536 50 2
277 546 40 2
277 821 52 5
277 833 13 2
277 1093 26 11
277 1181 19 12
278 581 46 12
278 582 33 4
278 702 7 7
278 934 50 12
278 979 50 14
278 1062 17 1
278 1090 5 13
278 1113 41 14
278 1208 36 12
278 1252 21 4
279 524 31 3
279 562 44 9
279 616 4 15
279 715 57 2
279 725 41 13
279 810 30 3
279 964 56 13
279 979 43 13
280 312 39 1
280 320 29 5
280 350 19 11
280 374 50 4
280 413 7 6
280 782 35 4
280 797 53 13
280 848 9 1
280 1130 24 12
280 1228 25 2
280 1262 47 3
281 477 23 15
281 537 26 15
281 601 32 8
281 631 18 3
281 708 7 8
281 773 47 10
281 787 24 4
281 807 43 4
281 1036 32 4
281 1130 24 14
281 1211 31 4
281 1219 18 15
281 1220 18 14
281 1261 5 13
282 399 8 2
282 689 24 14
282 791 19 12
282 1060 50 1
282 1122 15 3
283 465 43 4
283 529 23 11
283 560 29 2
283 871 34 11
283 933 51 14
283 978 41 12
283 981 41 13
283 994 28 3
284 438 50 13
284 698 23 15
284 723 49 15
284 982 24 2
284 1179 21 14
284 1264 5 2
285 369 36 12
285 554 13 6
285 632 37 7
285 644 29 6
285 691 3 5
285 746 9 4
285 844 44 10
285 850 38 7
286 335 9 13
286 413 54 14
286 737 39 3
286 887 29 7
286 1075 19 10
287 315 30 9
287 459 36 13
287 490 14 3
287 600 53 7
287 732 3 2
287 762 35 10
287 1033 13 7
287 1043 7 9
288 367 54 8
288 429 21 11
288 494 22 7
288 613 35 3
288 691 37 9
288 752 57 11
288 760 1 3
288 850 33 9
288 890 42 6
289 453 47 14
289 680 49 2
289 686 47 15
289 816 53 5
289 970 53 15
289 1086 15 10
290 365 24 11
290 717 34 12
290 820 4 7
290 1104 13 5
290 1215 3 12
291 368 23 6
291 379 19 6
291 516 36 1
291 539 3 8
291 628 33 5
291 660 32 6
291 707 23 13
291 733 29 14
291 801 57 7
291 893 46 8
291 1040 8 9
291 1049 5 4
292 451 55 9
292 537 57 5
292 539 10 6
292 856 11 9
292 896 46 2
292 1161 7 15
293 392 9 6
293 630 36 4
293 687 36 6
293 730 29 5
293 761 21 6
293 847 29 10
293 850 33 14
293 956 5 12
293 958 4 13
293 1080 34 12
294 378 59 3
294 880 43 4
294 1261 59 10
295 515 11 3
295 542 44 10
295 654 40 9
295 655 59 5
295 879 54 1
295 990 39 5
295 1032 51 1
296 324 52 6
296 534 13 6
296 741 23 9
296 885 24 3
296 900 28 11
296 998 4 5
296 1157 60 14
297 369 20 1
297 414 52 10
297 711 39 9
297 715 2 9
297 868 35 5
298 309 43 8
298 407 41 8
298 615 14 6
298 710 5 13
298 729 33 15
298 791 34 2
298 831 9 3
298 881 16 2
298 977 23 5
299 337 20 6
299 520 46 5
299 724 16 3
299 956 59 9
299 1103 43 5
299 1130 27 11
299 1138 11 6
300 402 38 14
300 464 36 3
300 495 17 14
300 836 47 11
300 892 4 13
300 948 3 11
300 1041 17 15
300 1106 10 13
300 1146 25 1
301 384 53 1
301 432 59 3
301 491 9 15
301 516 23 4
301 569 9 10
301 659 6 13
301 821 59 1
301 1075 5 8
301 1157 4 12
301 1195 46 3
301 1231 15 6
302 340 10 11
302 525 4 7
302 559 29 6
302 636 23 7
302 681 56 5
302 1014 9 9
303 455 40 5
303 695 47 1
303 769 2 8
303 979 40 14
304 586 10 14
304 770 34 10
304 905 51 8
304 1249 53 2
305 371 30 9
305 483 1 12
305 561 23 9
305 763 19 4
305 851 44 10
305 1030 58 12
305 1224 6 12
306 576 56 5
306 757 19 1
306 1026 18 3
306 1055 21 9
306 1062 24 8
306 1115 59 14
307 494 7 4
307 657 10 11
307 902 7 15
307 1023 33 15
307 1126 44 7
307 1207 31 7
308 551 5 1
308 683 45 11
308 699 2 3
308 723 55 4
308 808 6 1
308 837 36 4
308 848 51 10
308 954 58 6
308 1043 12 8
308 1177 28 15
309 634 11 5
309 722 55 14
309 814 3 7
309 856 56 3
309 987 51 12
309 1110 12 3
309 1132 22 7
310 320 27 4
310 433 19 3
310 1071 25 10
310 1170 59 15
310 1189 35 2
311 327 49 14
311 348 3 13
311 353 36 14
311 361 58 13
311 505 11 15
311 557 32 13
311 655 34 15
311 719 60 14
311 740 47 3
311 764 53 15
311 776 2 15
311 1206 34 10
312 622 19 8
312 647 5 15
312 722 24 15
312 897 33 13
312 911 35 3
312 1093 9 5
313 492 35 6
313 500 9 2
313 725 58 14
313 729 4 6
313 958 23 8
313 1042 11 4
313 1135 51 5
313 1150 16 13
313 1219 3 2
314 463 6 5
314 590 22 15
314 844 51 11
314 886 25 11
314 993 17 10
314 1022 49 8
314 1065 11 7
314 1224 3 5
315 561 20 2
315 605 16 3
315 610 21 3
315 640 60 15
315 737 49 9
315 1007 4 12
315 1081 45 5
316 498 12 11
316 663 59 6
316 840 37 13
316 1055 13 10
316 1099 7 1
317 341 60 8
317 712 59 4
317 746 40 9
317 1067 33 6
317 1098 9 1
317 1132 21 2
317 1177 25 11
318 332 21 8
318 372 54 12
318 387 23 15
318 492 11 6
318 534 56 15
318 653 43 12
318 667 19 13
318 789 46 3
318 949 13 12
318 1061 45 3
318 1157 43 15
318 1244 16 7
319 362 9 1
319 399 53 12
319 489 33 15
319 521 6 5
319 749 44 7
319 850 15 9
319 1038 59 8
319 1091 2 5
320 343 46 1
320 358 53 9
320 373 59 10
320 507 42 9
320 587 14 8
320 646 55 6
320 816 11 4
320 848 24 15
320 903 58 5
320 952 54 2
320 1114 29 2
321 480 15 5
321 655 36 3
321 877 59 12
321 914 52 5
321 980 6 14
321 985 52 2
321 1054 7 8
321 1152 15 9
321 1155 24 7
321 1209 1 14
322 364 1 6
322 425 37 1
322 496 52 8
322 560 43 4
322 761 19 5
322 914 40 10
322 958 13 13
322 984 10 10
322 1070 21 1
322 1165 32 14
323 357 26 8
323 553 34 15
323 554 9 7
323 697 13 6
323 722 39 11
323 997 19 12
323 1073 44 11
324 575 48 8
324 613 24 10
324 664 23 5
324 1012 45 15
324 1049 57 7
324 1210 27 3
325 371 47 9
325 426 57 5
325 430 30 12
325 432 43 4
325 459 35 2
325 687 20 8
325 724 42 9
325 750 37 13
325 781 60 11
325 1038 20 10
325 1053 33 14
325 1175 25 7
325 1253 4 10
326 350 24 8
326 568 24 2
326 604 32 9
326 1076 35 15
326 1128 51 7
326 1203 16 7
327 339 7 15
327 490 57 1
327 657 58 9
327 1093 11 13
328 373 58 15
328 472 19 6
328 505 15 12
328 526 60 7
328 559 52 10
328 660 40 3
328 820 8 11
328 870 8 15
328 950 1 12
328 1010 52 1
328 1123 12 5
329 344 38 5
329 398 36 3
329 1154 15 5
329 1168 27 3
329 1195 28 9
329 1204 24 2
329 1222 12 4
330 469 43 3
330 485 9 15
330 551 39 15
330 659 38 1
330 728 29 14
330 790 42 9
330 869 41 8
330 895 19 6
330 907 12 1
330 946 1 5
330 1259 49 11
331 335 7 1
331 371 46 15
331 408 34 6
331 456 11 12
331 632 30 4
331 653 51 1
331 826 53 12
331 874 17 5
331 998 56 12
331 1026 3 3
332 527 38 3
332 572 34 5
332 673 8 14
332 727 33 13
332 855 40 5
332 916 56 5
332 991 19 13
332 1077 36 8
333 471 45 1
333 1025 56 7
334 422 33 14
334 484 30 5
334 532 60 10
334 877 27 5
334 1232 55 12
335 390 9 13
335 543 23 14
335 561 4 8
335 990 50 14
336 381 40 4
336 459 18 13
336 655 8 2
336 882 33 13
336 915 32 5
336 949 16 9
336 980 55 1
336 1003 24 11
336 1038 22 11
336 1039 52 14
336 1177 49 6
336 1214 40 9
337 423 39 6
337 456 52 15
337 603 24 9
337 606 18 13
337 827 44 6
337 978 39 12
337 1139 10 6
338 796 3 1
338 898 21 11
338 945 27 7
338 988 50 1
338 1007 32 9
338 1015 15 9
339 434 34 7
339 518 11 11
339 549 36 11
339 672 55 10
339 729 32 9
339 795 15 10
339 861 54 6
339 985 13 13
339 990 49 11
340 356 20 2
340 704 20 14
340 890 21 10
340 1118 26 15
340 1139 13 4
340 1213 43 15
341 418 10 4
341 571 53 10
341 605 15 7
341 774 1 7
341 889 17 5
341 986 46 3
341 1018 36 7
341 1266 10 8
342 383 30 11
342 481 15 7
342 545 8 3
342 622 17 11
342 798 60 12
342 1076 46 9
342 1078 31 5
343 495 15 7
343 514 14 4
343 886 56 4
343 1020 39 12
343 1232 25 8
344 447 6 13
344 713 34 3
344 922 32 5
344 1220 31 10
344 1228 26 1
345 533 26 15
345 704 30 13
345 1130 34 7
346 581 12 13
346 727 8 10
346 991 21 13
346 1070 44 14
346 1102 42 9
346 1221 38 11
346 1245 12 8
347 483 15 2
347 690 16 4
347 886 6 2
347 1035 10 15
347 1060 17 15
347 1236 47 8
348 375 60 5
348 504 37 11
348 557 51 15
348 563 2 2
348 976 49 3
348 1081 8 7
348 1207 40 1
349 373 57 2
349 393 45 5
349 424 39 12
349 515 21 2
349 603 18 10
349 656 27 6
349 660 52 11
349 774 45 3
349 958 25 7
349 1026 27 9
349 1031 48 14
349 1044 20 12
350 432 29 8
350 742 59 5
350 818 8 5
350 888 13 5
350 945 37 9
350 1005 56 11
351 589 27 2
351 629 2 6
351 765 35 10
352 355 45 7
352 547 30 2
352 589 58 11
352 695 8 7
352 730 4 15
352 922 39 6
352 928 7 3
353 445 58 10
353 568 28 5
353 602 41 4
353 733 5 10
353 859 41 1
353 952 22 4
353 1013 37 10
353 1066 2 6
353 1174 24 2
353 1216 28 11
354 412 27 3
354 467 29 11
354 539 33 3
354 998 54 14
355 916 11 15
355 945 43 1
355 1014 42 4
355 1149 24 12
355 1202 54 7
356 549 28 13
356 686 27 1
356 714 52 5
356 737 41 1
356 788 45 7
356 828 12 14
357 407 39 6
357 566 28 8
357 630 30 12
357 671 15 3
357 763 7 12
357 821 3 6
357 854 10 4
357 882 12 8
357 886 20 14
357 1122 60 14
357 1189 45 5
358 398 22 14
358 645 34 15
358 653 13 10
358 766 13 13
358 849 13 3
358 1206 13 13
358 1208 35 13
358 1220 23 9
359 370 48 12
359 527 17 6
359 572 5 2
359 607 4 1
359 631 6 6
359 868 36 14
359 899 2 12
359 974 46 13
359 1079 46 13
359 1137 13 10
360 560 48 8
360 685 23 12
360 850 47 3
360 904 28 6
360 962 41 7
360 1009 37 13
360 1109 58 2
360 1141 27 10
360 1182 52 7
361 485 19 1
361 655 16 15
361 668 47 2
361 811 31 5
361 918 25 2
361 957 29 4
361 969 58 9
361 1074 43 5
361 1091 11 9
361 1159 5 3
362 415 30 1
362 650 14 4
362 705 19 5
362 851 50 7
362 1051 20 1
362 1180 19 12
363 627 36 14
363 739 41 7
363 939 56 2
363 991 49 5
363 1002 54 8
364 382 6 4
364 385 8 3
364 497 31 7
364 559 35 6
364 560 52 2
364 647 18 12
364 815 55 15
364 966 16 14
364 1051 29 10
364 1064 33 13
364 1092 19 5
364 1099 25 3
364 1140 16 11
364 1144 20 11
365 1069 39 3
365 1187 5 2
365 1237 19 8
365 1248 18 8
365 1263 16 9
366 394 58 5
366 596 12 3
366 921 49 4
367 464 26 4
367 587 10 5
367 605 16 8
367 624 8 6
367 787 22 15
367 873 1 4
368 459 34 4
368 568 16 5
368 660 42 3
368 744 51 8
368 842 16 10
368 1159 8 3
369 426 2 13
369 502 40 12
369 520 12 13
369 603 37 12
369 646 40 6
369 886 3 12
369 928 14 8
369 1002 34 8
369 1121 4 15
369 1223 57 11
370 382 45 9
370 511 13 8
370 539 17 1
370 586 36 12
370 590 31 11
370 673 51 3
370 745 60 3
370 754 35 3
370 774 17 6
370 974 4 1
371 478 21 2
371 496 26 11
371 655 2 10
371 751 42 8
371 912 55 9
371 920 35 5
371 958 37 8
371 1072 27 1
371 1124 47 12
371 1212 29 6
372 472 41 7
372 482 46 5
372 566 49 9
372 606 7 10
372 641 52 4
372 933 37 4
372 969 9 6
372 1215 11 1
373 417 9 13
373 461 36 12
373 535 17 14
373 551 16 14
373 682 54 12
373 811 4 14
373 970 21 10
373 1011 51 5
373 1017 6 13
374 387 59 12
374 388 59 1
374 439 36 10
374 544 7 9
374 732 35 4
374 1071 37 8
374 1088 29 10
374 1114 33 4
375 479 2 12
375 546 36 6
375 552 40 11
375 708 36 4
375 745 34 11
375 826 42 15
375 969 27 8
375 1077 35 12
375 1147 14 7
375 1245 42 8
376 548 48 9
376 582 59 2
376 792 6 3
376 874 57 3
376 1228 16 6
377 488 11 7
377 722 14 15
377 1063 15 10
377 1209 9 7
378 864 45 7
378 1032 28 5
378 1228 34 4
378 1248 29 1
379 526 2 11
379 671 39 15
379 672 25 2
379 1097 55 7
379 1230 32 11
379 1241 14 2
380 560 31 10
380 1026 46 9
380 1137 10 14
380 1216 37 13
381 387 5 15
381 466 34 7
381 606 59 11
381 646 11 12
381 770 20 10
381 825 16 8
381 940 46 1
381 952 15 8
381 1035 8 14
381 1055 56 13
381 1085 14 11
381 1243 54 4
382 530 10 12
382 540 13 11
382 636 46 13
382 776 46 1
382 1024 11 2
382 1026 29 10
382 1100 42 2
382 1266 4 9
383 579 33 5
383 631 18 2
383 728 22 9
383 740 46 13
383 942 3 3
383 944 20 1
383 989 52 15
383 1252 10 12
384 478 12 15
384 589 3 11
384 704 51 10
384 841 53 8
384 985 34 2
384 1007 12 10
385 570 36 10
385 687 9 5
386 771 59 15
386 1092 24 3
386 1159 29 2
386 1163 21 4
386 1214 56 13
387 470 36 1
387 559 39 1
387 970 46 10
387 1114 4 8
387 1117 41 11
387 1146 53 4
388 417 28 8
388 421 14 11
388 466 10 9
388 850 55 6
388 917 21 7
388 1019 18 15
388 1045 23 11
388 1093 22 14
388 1205 41 3
388 1214 31 6
388 1224 41 15
389 485 12 2
389 518 42 6
389 853 44 1
389 928 38 5
389 1058 42 15
390 445 54 14
390 482 27 11
390 542 10 8
390 676 48 6
390 733 33 13
390 742 17 3
390 783 35 13
390 849 30 4
390 887 23 4
390 972 48 11
390 1221 42 9
391 399 24 14
391 418 60 10
391 717 4 6
391 772 56 13
391 1215 36 4
391 1238 6 2
392 426 7 5
392 478 36 7
392 499 2 11
392 709 26 12
392 802 15 12
392 919 47 10
392 1015 36 4
392 1120 40 8
393 622 40 7
393 669 4 9
393 701 60 4
393 771 41 4
393 829 3 2
393 929 30 10
393 967 18 15
393 996 49 13
393 1032 52 6
393 1131 36 6
394 449 59 11
394 492 6 3
394 722 38 12
394 972 10 4
395 581 25 1
395 656 19 9
395 846 24 4
395 957 30 7
395 970 4 4
395 1064 41 3
395 1177 51 9
395 1200 5 15
396 797 50 8
396 957 57 9
396 965 8 15
396 988 51 12
397 429 45 2
397 475 57 3
397 588 47 10
397 703 52 13
398 428 33 8
398 529 38 13
398 847 59 15
398 851 17 14
398 934 24 6
399 674 24 2
399 820 59 7
399 891 29 14
399 897 27 9
399 1045 11 13
399 1107 33 6
400 660 35 12
400 970 6 10
400 1050 9 10
401 603 29 12
401 754 40 3
401 872 55 8
401 973 20 13
401 1036 7 7
401 1187 13 6
401 1190 1 7
401 1201 55 4
401 1215 12 10
402 553 28 13
402 614 47 12
402 841 34 15
402 862 19 4
402 1216 6 9
402 1241 31 6
403 514 55 2
403 1053 1 12
403 1066 39 6
403 1184 15 1
403 1229 12 10
404 516 5 12
404 656 32 3
404 732 49 7
404 741 59 14
404 898 26 5
404 1020 12 12
404 1074 6 6
404 1212 56 9
404 1219 19 3
405 439 50 10
405 653 4 10
405 717 2 1
405 753 26 1
405 787 56 1
405 843 34 11
405 888 22 7
405 896 8 4
405 996 51 1
405 1136 23 9
405 1164 41 5
405 1226 24 12
406 655 57 4
406 855 50 13
406 915 15 14
406 975 27 3
406 986 40 1
406 987 50 12
406 1070 35 11
407 446 34 6
407 474 52 4
407 481 28 7
407 732 21 15
407 744 30 8
407 801 8 7
407 805 15 3
407 1082 28 6
407 1192 23 11
407 1216 3 3
408 739 8 9
408 884 23 8
409 417 11 5
409 608 17 9
409 755 7 10
409 831 6 4
409 910 9 1
409 911 57 2
409 997 15 1
409 1215 13 10
410 445 16 15
410 489 39 7
410 490 13 10
410 756 42 15
410 792 40 15
410 801 37 12
410 955 18 14
410 1005 34 9
410 1101 15 7
410 1130 37 14
411 437 36 6
411 508 51 13
411 823 39 5
411 852 35 7
411 1216 10 15
411 1252 43 12
412 714 41 11
412 750 17 11
412 958 14 8
412 1076 30 1
413 745 51 4
413 876 28 9
413 899 28 11
413 1162 40 7
414 427 5 11
414 699 9 14
414 706 15 5
414 723 29 12
414 851 8 11
414 864 24 3
414 937 9 7
414 1097 46 7
414 1118 41 3
414 1147 31 3
415 480 16 9
415 507 2 14
415 564 2 2
415 937 46 6
415 965 10 10
415 974 58 8
416 544 10 11
416 628 3 4
416 847 30 14
416 931 33 13
416 1101 53 10
417 583 1 2
417 653 20 14
417 864 39 4
417 888 34 11
417 1192 26 14
417 1205 31 8
418 899 51 12
418 941 11 6
418 988 48 8
418 1151 33 1
418 1193 47 15
418 1248 55 13
419 523 56 9
419 652 42 8
419 720 31 9
419 921 10 3
419 947 59 10
419 1124 26 5
419 1213 2 6
419 1226 48 9
420 475 9 3
420 487 49 4
420 598 17 9
420 762 25 5
420 835 5 8
420 980 19 4
420 984 54 13
420 1159 52 4
420 1177 46 7
420 1239 34 5
421 576 50 5
421 583 1 9
421 860 44 2
421 1090 2 2
421 1137 37 3
422 739 24 11
422 753 50 15
422 826 31 8
422 895 22 4
422 900 52 11
422 975 21 11
423 839 56 10
423 891 3 12
423 913 52 11
423 932 29 10
423 1042 18 14
423 1215 23 14
424 583 5 9
424 636 44 1
424 760 53 6
424 770 57 15
424 1136 7 14
424 1148 1 14
425 564 2 6
425 632 34 12
425 663 58 2
425 947 11 1
425 993 42 2
426 616 29 7
426 846 58 2
426 883 7 8
426 1081 28 1
426 1131 39 14
426 1137 9 11
427 635 48 3
427 706 49 10
427 746 45 15
427 798 32 9
427 859 6 9
427 1079 54 15
427 1082 59 15
427 1112 15 2
427 1221 22 4
427 1248 57 14
428 723 2 4
428 736 17 3
428 829 2 9
428 903 52 1
428 1169 24 14
429 465 5 15
429 550 33 1
429 824 31 5
429 864 17 12
429 937 43 5
429 958 14 7
429 1176 51 11
429 1213 18 9
430 578 6 14
430 838 48 15
430 915 55 13
430 979 5 5
430 1158 39 6
430 1245 15 10
431 516 38 9
431 619 1 3
431 716 4 3
431 866 42 2
431 1153 33 12
431 1235 55 6
431 1239 59 11
432 489 31 6
432 804 49 5
432 927 34 1
432 970 22 3
432 1175 28 10
432 1189 47 11
433 715 37 2
433 834 22 4
433 953 6 14
433 1007 5 6
433 1022 49 1
434 453 19 5
434 594 31 11
434 750 40 9
434 808 7 6
434 974 49 9
434 1154 60 1
434 1232 41 4
434 1238 14 5
435 586 38 6
435 626 29 15
435 782 40 1
435 829 17 6
435 1015 25 7
436 665 31 4
436 670 33 2
436 677 22 14
436 821 37 4
436 979 60 15
436 1145 48 6
437 555 47 8
437 567 17 10
437 670 52 7
437 880 22 8
437 953 8 1
437 1016 57 6
437 1025 33 13
437 1131 22 9
437 1158 2 3
438 600 40 15
438 677 14 9
438 738 20 3
438 788 9 5
438 961 9 7
438 1112 12 2
438 1157 7 7
439 541 45 11
439 1000 48 7
439 1039 54 7
439 1061 45 11
439 1094 38 3
439 1141 29 11
439 1199 44 2
439 1207 4 14
440 593 29 10
440 614 10 4
440 644 36 12
440 1026 21 1
440 1070 50 6
440 1087 59 8
440 1119 13 6
440 1136 19 10
441 508 42 1
441 962 54 5
441 1076 49 9
441 1143 2 10
442 481 42 7
442 656 43 14
442 708 21 2
442 785 56 10
442 786 28 13
442 868 19 11
442 933 11 2
442 975 32 2
442 1215 29 10
443 464 17 8
443 472 33 12
443 588 6 3
443 963 16 7
443 1205 22 3
443 1241 44 10
443 1252 43 9
444 493 28 1
444 708 23 2
444 986 32 1
444 1171 57 14
444 1209 19 1
445 552 9 4
445 579 1 5
445 684 39 4
445 753 21 15
445 884 12 7
445 978 18 14
445 1178 44 12
445 1231 22 10
446 487 6 9
446 505 51 1
446 515 34 11
446 534 9 13
446 585 27 1
446 629 48 6
446 635 10 12
446 638 3 6
446 797 32 12
446 867 38 12
446 875 19 13
446 880 4 2
446 886 43 10
446 1030 55 4
446 1187 30 6
447 845 28 10
447 937 52 15
448 466 25 7
448 532 52 14
448 606 6 14
448 967 25 4
448 1010 43 4
448 1223 1 9
449 662 29 1
449 785 11 12
450 456 16 2
450 605 6 5
450 864 44 6
450 867 47 10
450 915 12 13
450 937 53 12
450 990 50 7
450 1053 27 5
450 1068 31 11
450 1201 10 10
451 577 3 15
451 716 56 10
451 733 31 4
451 749 8 14
451 798 33 7
451 930 39 6
451 1256 31 1
452 659 21 6
452 776 8 9
452 783 5 6
452 939 56 13
453 694 30 11
453 1064 32 13
453 1234 23 8
454 727 25 5
454 772 39 9
454 837 22 5
454 878 49 12
454 970 3 10
454 1162 42 15
455 802 24 3
455 912 37 5
455 1004 5 15
455 1074 9 3
455 1103 39 1
456 494 9 11
456 596 45 6
456 979 14 7
456 1240 56 12
457 507 13 12
457 519 36 11
457 600 58 12
457 679 49 15
457 703 60 9
457 808 17 9
457 843 50 1
457 981 27 13
457 983 11 11
458 592 56 1
458 699 18 5
458 710 26 13
458 866 53 8
458 940 51 15
458 1134 8 5
458 1252 52 3
458 1255 51 3
459 493 21 5
459 540 34 11
459 633 20 7
459 679 58 15
459 895 5 15
459 1096 30 2
459 1110 58 9
459 1126 11 6
460 792 2 10
460 894 51 13
460 931 54 11
460 940 18 5
460 945 57 14
460 1041 57 8
460 1169 22 11
460 1241 31 13
461 467 31 11
461 486 45 7
461 487 33 2
461 724 34 8
461 745 10 11
461 760 46 5
461 1063 33 1
461 1064 44 4
461 1182 19 7
462 718 35 14
462 755 53 2
462 891 28 13
462 974 58 1
462 1135 60 13
463 498 10 10
463 513 3 1
463 540 12 4
463 570 60 11
463 578 32 5
463 666 47 2
463 1090 27 6
463 1222 55 13
464 539 5 11
464 745 32 7
464 806 17 9
464 924 40 11
464 990 34 11
465 513 46 14
465 813 44 15
465 923 7 12
465 983 1 2
465 985 47 10
465 1008 36 7
465 1034 44 3
466 684 53 1
466 727 51 8
466 826 9 11
466 879 11 7
466 1015 9 13
466 1020 39 11
466 1033 17 4
467 556 60 10
467 638 38 8
467 650 24 9
467 707 17 5
467 819 25 11
467 919 47 3
467 1043 40 5
467 1069 7 12
467 1154 17 13
467 1203 18 7
467 1250 41 9
468 485 51 13
468 533 27 7
468 553 29 2
468 721 12 8
468 777 37 4
468 1154 19 7
468 1251 33 2
469 471 49 9
469 539 48 12
469 570 11 13
469 692 23 12
469 824 17 6
469 944 38 11
469 1035 20 14
469 1053 35 2
469 1070 11 3
470 537 27 8
470 659 1 8
470 868 17 8
470 989 12 12
470 995 57 10
470 1046 39 8
471 782 60 1
471 814 25 10
471 970 12 2
471 1006 4 7
471 1016 32 8
471 1139 31 4
471 1190 46 6
472 691 15 14
472 756 55 3
472 883 6 8
472 913 26 1
472 952 28 14
472 1004 28 11
472 1061 39 12
472 1079 13 12
472 1200 47 15
473 560 30 9
473 686 36 5
473 715 31 11
473 719 37 10
473 799 49 10
473 936 16 8
473 1145 29 5
474 1137 48 13
475 574 60 3
475 620 43 10
475 623 3 14
475 880 27 15
475 1140 3 5
475 1197 4 7
476 506 17 14
476 882 25 3
476 896 19 15
476 1071 9 12
477 488 57 11
477 705 29 10
477 707 4 6
477 867 16 15
477 1014 56 6
477 1056 44 5
477 1177 31 5
477 1255 15 13
478 565 52 3
478 578 58 7
478 778 27 1
478 932 60 10
478 962 41 10
478 1088 23 11
479 545 29 14
479 972 11 14
479 974 34 7
479 1006 30 1
479 1223 53 13
479 1261 36 3
480 708 49 8
480 898 57 11
480 1250 22 8
481 486 47 8
481 509 1 13
481 559 15 4
481 786 56 4
481 881 13 14
481 923 38 15
481 1048 33 12
481 1125 55 7
482 487 20 1
482 640 58 11
482 710 38 8
482 750 29 9
482 794 53 15
482 884 4 1
482 924 40 6
482 1096 51 10
482 1240 30 7
483 645 27 5
483 655 42 4
483 907 51 4
483 971 22 4
483 1103 59 6
484 609 18 1
484 800 32 1
484 837 10 6
484 941 12 14
484 1018 34 10
484 1078 36 5
485 520 3 12
485 543 55 3
485 545 49 14
485 590 45 13
485 733 20 10
485 792 46 14
485 911 40 12
485 1009 8 12
485 1016 21 15
485 1134 39 15
485 1204 26 14
486 508 29 3
486 728 11 11
486 799 36 11
486 948 18 13
486 971 5 4
486 985 44 7
486 1099 48 7
486 1148 1 9
486 1179 9 13
486 1228 11 12
487 522 41 13
487 544 30 8
487 549 52 10
487 769 57 7
487 933 45 14
487 1056 1 8
487 1088 41 7
488 553 46 3
488 564 50 10
488 698 56 4
488 723 56 15
488 730 51 3
488 790 6 4
488 802 29 5
488 820 32 5
488 850 10 11
488 1154 13 9
488 1163 30 13
488 1235 27 2
488 1239 5 10
488 1255 2 13
488 1259 58 6
489 723 49 3
489 757 47 13
489 1019 13 15
489 1038 5 7
489 1192 44 3
490 699 56 3
490 752 40 7
490 876 36 3
490 902 27 11
490 903 30 12
490 1060 47 13
490 1065 43 7
491 763 49 1
491 915 32 3
491 978 41 10
491 1217 38 13
492 673 58 15
492 1036 3 9
492 1224 45 6
493 563 9 2
493 608 6 15
493 631 39 8
493 977 4 1
493 1007 49 6
494 819 24 12
494 929 27 6
494 985 56 7
494 1018 57 10
494 1263 51 5
495 868 29 9
495 956 35 12
495 1099 13 4
495 1195 56 12
496 551 41 7
496 553 56 15
496 727 20 12
496 801 59 2
496 816 22 10
496 1013 23 13
496 1111 34 10
496 1178 49 1
497 576 50 12
497 1007 7 7
497 1214 57 5
497 1217 11 10
497 1244 58 9
498 868 17 1
498 907 29 7
498 1003 31 12
498 1217 39 10
499 617 43 7
499 733 9 13
499 869 14 4
499 874 52 13
499 915 8 3
499 953 40 15
499 1000 52 8
499 1149 7 10
499 1178 1 14
499 1202 48 3
500 619 5 5
500 678 31 14
500 757 37 11
500 780 30 7
500 816 30 14
500 842 24 1
500 918 32 5
500 1120 43 7
500 1219 6 13
500 1237 51 10
500 1251 8 10
501 586 55 13
501 755 33 1
501 976 40 12
501 990 33 6
501 993 35 12
501 1041 37 13
501 1072 22 14
501 1188 32 13
502 691 8 1
502 900 1 2
502 912 17 15
502 1150 28 15
503 599 28 12
503 663 43 9
503 715 34 12
503 1083 26 8
503 1101 53 4
503 1114 5 10
504 593 14 4
504 732 37 12
504 889 55 11
504 1170 20 15
504 1209 28 12
504 1247 44 4
505 653 26 14
505 716 2 6
505 721 47 11
505 1066 24 5
505 1153 13 2
505 1166 14 9
506 535 34 4
506 551 7 12
506 692 52 8
506 791 24 3
506 1052 15 4
506 1140 58 11
507 803 7 3
507 1012 31 9
507 1053 26 10
508 727 51 7
508 922 26 8
508 990 18 8
508 1067 60 11
508 1184 57 12
508 1222 44 3
508 1224 51 2
509 571 43 8
509 985 60 12
509 1046 47 5
510 567 53 3
510 620 13 7
510 752 30 13
510 780 60 4
510 829 31 11
510 929 35 11
510 972 56 14
510 1054 31 15
510 1179 60 1
511 547 17 9
511 719 49 1
511 777 60 3
511 1137 48 10
512 663 19 4
512 903 31 10
512 962 35 9
512 1095 56 3
512 1108 48 9
512 1135 20 12
513 723 53 4
513 974 25 9
513 982 57 6
514 637 27 10
514 677 5 7
514 820 4 13
514 840 16 10
514 1024 41 15
514 1031 42 7
514 1056 52 3
514 1146 8 12
515 523 53 3
515 1141 23 6
515 1257 6 13
516 796 1 9
516 902 45 2
516 932 44 1
516 1133 38 8
516 1195 56 15
516 1230 10 8
517 575 53 2
517 817 31 1
517 965 29 4
517 976 13 7
517 1025 53 3
517 1114 15 4
517 1128 28 11
518 751 41 2
518 794 3 5
518 806 58 1
518 1114 29 8
519 583 4 9
519 789 50 5
519 905 47 4
519 964 44 6
519 1020 43 13
520 522 52 1
520 559 50 15
520 1098 48 6
521 622 19 9
521 840 58 15
521 886 22 5
521 1001 34 12
521 1022 6 10
521 1024 54 15
521 1091 17 2
521 1257 55 6
521 1265 40 11
522 605 18 6
522 660 10 6
522 928 28 15
522 954 12 4
522 995 55 11
523 679 34 2
523 1054 20 3
523 1143 21 11
524 833 58 3
524 899 26 2
524 1033 4 7
524 1055 18 5
524 1194 57 15
524 1208 4 15
525 963 9 4
525 1234 22 15
526 806 49 9
526 864 42 6
526 909 53 9
526 927 33 9
526 1023 21 3
526 1072 3 4
526 1136 35 14
526 1197 50 11
526 1225 53 10
527 548 56 2
527 750 18 1
527 773 9 2
527 778 7 9
527 1083 48 12
527 1263 34 3
528 672 13 15
528 688 28 7
529 607 49 6
529 817 21 7
529 835 1 5
529 856 27 2
529 1069 37 14
529 1092 27 4
529 1111 38 12
529 1255 34 15
529 1264 20 1
530 640 4 10
530 771 24 13
530 984 53 7
530 1266 51 15
531 846 55 11
531 906 1 1
531 919 42 10
531 1045 6 1
532 571 52 12
532 724 40 15
532 786 33 10
532 860 45 3
532 874 12 6
532 957 45 12
532 1062 30 12
532 1162 11 3
532 1165 36 5
532 1254 54 1
533 573 41 4
533 738 45 1
533 768 52 1
533 818 12 3
533 864 17 12
533 1035 28 10
533 1117 24 12
533 1162 20 10
534 660 13 3
534 694 10 11
534 904 60 14
535 631 48 15
535 673 8 3
535 781 12 15
535 1085 12 11
535 1131 47 13
535 1177 14 8
535 1249 32 14
536 539 50 15
536 605 29 3
536 943 35 4
536 972 23 4
536 1004 51 2
537 650 46 8
537 674 40 10
537 758 7 6
537 908 35 13
537 1070 50 9
537 1153 43 14
538 585 19 6
538 607 49 13
538 773 23 6
538 802 39 11
538 814 52 8
538 878 19 13
538 959 48 15
538 1201 30 1
538 1207 17 8
539 548 60 3
539 570 58 2
539 604 5 1
539 611 52 10
539 740 59 11
539 791 56 2
539 912 60 3
539 1137 47 3
539 1171 46 12
539 1263 35 7
539 1266 47 4
540 589 46 13
540 773 43 1
540 804 43 7
540 847 12 15
540 1029 48 7
540 1125 26 3
541 1083 38 9
541 1156 38 6
542 589 59 14
542 789 49 11
542 851 44 2
542 1180 54 3
543 651 24 7
543 662 29 8
543 756 54 4
543 797 59 9
543 1070 37 2
543 1099 13 15
543 1124 59 11
543 1236 53 5
544 1169 11 10
545 769 40 10
545 806 6 14
545 1078 22 4
545 1133 43 12
545 1182 41 6
545 1211 43 1
545 1233 37 7
545 1241 20 6
546 549 53 1
546 685 51 11
546 1100 32 11
546 1105 27 15
547 718 10 10
547 822 60 13
547 1088 47 2
548 626 30 14
548 634 31 2
548 731 1 2
548 852 33 1
548 940 7 15
548 977 44 3
548 989 43 7
548 1217 34 3
549 596 46 15
549 649 28 11
549 994 9 8
549 1076 4 14
549 1105 34 5
549 1138 45 10
549 1148 33 10
550 739 21 15
550 931 18 6
550 957 28 7
550 977 7 10
550 983 50 8
550 1013 37 10
550 1084 4 4
551 756 8 15
551 803 30 7
551 1027 7 6
551 1136 31 5
552 558 39 4
552 617 47 6
552 667 35 12
552 678 11 13
552 964 30 3
552 1080 28 1
552 1239 8 4
553 778 22 1
553 937 40 11
553 941 58 13
553 960 15 12
553 976 58 10
553 1027 60 9
553 1054 29 7
553 1070 34 15
553 1236 20 2
554 623 20 6
554 677 2 10
554 706 34 4
554 740 58 2
554 828 16 14
554 853 52 9
554 978 36 4
554 1018 55 9
554 1023 29 13
554 1108 49 13
555 569 57 4
555 612 4 9
555 883 24 11
555 906 21 13
555 919 41 10
555 1025 54 5
556 563 10 9
556 635 1 15
556 736 41 15
556 867 3 10
556 885 38 11
556 917 52 10
556 948 13 15
556 1155 59 14
556 1254 22 2
557 587 15 2
557 808 18 9
557 846 26 8
557 854 49 6
557 858 49 3
557 969 37 5
557 997 6 10
557 1097 37 1
557 1114 39 14
558 575 23 3
558 697 40 4
558 700 14 1
558 1022 54 1
558 1212 23 12
559 738 40 6
560 594 20 1
560 875 46 7
560 1030 46 13
560 1088 42 10
560 1205 40 12
560 1247 36 15
561 565 31 14
561 578 58 4
561 590 4 13
561 613 2 9
561 792 37 11
561 949 13 14
561 1058 7 3
561 1134 21 15
561 1238 31 13
562 942 43 11
562 977 57 12
562 1018 3 12
562 1132 12 5
562 1247 60 12
563 666 53 15
563 958 40 6
563 1258 10 3
564 619 25 12
564 746 51 9
564 767 52 14
564 881 58 2
564 936 60 7
564 947 44 1
564 979 4 9
564 1004 33 3
564 1076 13 5
564 1150 46 3
565 589 33 13
565 706 45 7
565 750 40 9
565 882 45 4
565 934 38 12
565 999 33 5
566 689 37 8
566 713 21 5
566 729 5 2
566 848 25 15
566 866 48 5
566 901 18 14
566 934 44 11
566 1108 46 9
567 675 25 14
567 718 26 8
567 995 10 7
568 609 34 7
568 1087 26 7
568 1126 8 14
569 596 4 10
569 771 31 1
569 784 1 12
569 905 21 10
569 920 59 14
569 943 53 4
569 1094 22 6
569 1265 54 15
570 718 42 10
570 770 1 8
570 946 42 4
570 967 53 13
570 1177 48 15
570 1204 3 12
571 654 4 4
571 826 1 1
571 864 43 13
571 1027 28 7
571 1050 27 1
572 719 60 4
572 835 21 10
573 648 23 12
573 813 6 3
573 1125 24 2
573 1191 3 5
573 1193 8 14
573 1194 60 15
574 640 35 8
574 664 14 5
574 724 12 1
574 851 26 12
574 1094 57 13
574 1238 4 12
575 653 50 14
575 703 34 7
575 757 16 5
575 1028 30 2
575 1056 26 3
575 1170 47 3
575 1200 4 3
575 1224 41 14
576 622 37 13
576 695 44 13
576 758 41 14
576 1151 49 6
577 640 2 3
577 1117 57 8
577 1191 59 5
578 689 44 12
578 852 37 9
578 943 3 5
578 1025 45 15
579 793 3 6
579 904 36 2
579 984 3 6
579 995 41 13
580 593 24 4
580 725 6 5
580 746 54 14
580 909 22 2
580 944 47 10
580 1128 29 4
580 1161 58 2
580 1264 29 2
581 606 28 7
581 680 5 6
581 857 25 11
581 917 53 7
581 938 17 8
581 952 59 10
581 1017 27 12
581 1110 50 8
581 1217 44 1
582 653 55 10
582 859 26 8
582 868 31 11
582 918 12 12
582 952 1 11
582 1045 54 11
583 685 21 1
583 773 19 10
583 806 9 5
583 893 40 3
583 970 7 1
583 1046 49 10
583 1095 57 2
584 711 1 11
584 917 41 8
584 928 28 10
584 967 20 14
584 1006 37 14
584 1055 54 14
584 1121 13 3
584 1137 32 3
584 1142 33 15
585 950 31 13
585 1082 38 6
585 1129 29 2
585 1166 24 2
585 1178 54 4
585 1224 24 14
585 1240 17 3
585 1256 20 12
586 721 47 11
586 936 52 7
586 940 20 15
587 610 2 12
587 778 38 4
587 910 18 11
587 970 22 10
587 1048 4 3
587 1087 29 15
587 1114 33 1
587 1192 31 15
587 1237 35 4
587 1262 22 14
588 655 20 7
588 856 47 14
588 1175 37 15
588 1185 22 2
588 1224 14 15
589 920 45 4
589 1020 13 5
589 1053 41 7
589 1104 55 5
589 1166 4 14
589 1230 48 14
589 1245 7 4
590 914 48 5
590 1100 57 11
590 1158 10 8
590 1168 45 4
591 653 42 7
591 699 20 10
591 1050 45 1
592 717 5 10
592 836 5 15
592 837 16 13
592 855 17 3
592 988 26 14
592 1014 35 4
592 1059 22 8
592 1224 10 11
593 616 56 1
593 878 33 5
593 895 19 12
593 949 46 10
593 1028 13 13
594 875 21 15
594 1139 8 5
594 1144 43 1
595 894 14 12
595 1018 33 13
595 1119 34 13
595 1152 15 13
596 942 27 10
596 988 31 2
596 1007 19 13
596 1103 17 3
596 1151 2 14
597 636 11 1
597 725 48 9
597 780 21 10
597 992 41 2
598 646 45 8
598 655 21 6
598 657 57 7
598 694 32 13
598 773 23 9
598 1035 28 11
598 1067 45 9
598 1223 6 9
598 1244 39 11
599 637 1 8
599 690 9 15
599 1161 22 8
599 1220 11 1
600 624 4 6
600 686 46 14
600 756 10 15
600 772 17 1
600 812 31 12
600 1054 32 15
600 1155 35 13
600 1162 25 10
601 889 6 11
601 1190 16 2
601 1262 42 1
602 799 46 11
602 818 19 9
602 851 30 3
602 868 5 5
602 899 2 2
602 929 45 9
602 1081 30 13
603 688 35 9
603 784 11 13
603 899 20 14
603 1065 22 3
603 1099 17 4
603 1193 20 6
603 1198 44 7
604 660 20 13
604 858 59 12
604 916 51 7
604 938 36 3
604 999 20 9
604 1161 27 6
604 1203 56 9
605 622 54 6
605 1032 25 8
605 1093 34 7
605 1124 55 11
605 1146 20 1
606 897 49 3
606 954 11 12
606 960 26 2
606 991 56 2
606 995 11 11
606 997 22 1
606 1094 33 8
606 1206 5 10
607 622 16 15
607 641 8 11
607 867 55 2
607 884 3 4
607 1086 60 13
607 1183 41 14
608 654 23 15
608 866 23 4
608 953 47 1
608 1053 4 12
609 1081 52 3
609 1187 4 9
610 653 48 12
610 665 1 3
610 1017 32 6
610 1073 52 5
610 1083 52 8
610 1095 6 14
611 931 42 9
611 1109 54 7
612 665 28 15
612 800 32 10
612 894 60 11
612 1024 38 1
612 1041 33 15
612 1097 26 13
612 1233 31 10
612 1264 49 8
613 631 20 9
613 700 58 5
613 764 3 3
613 886 59 2
613 903 43 13
613 919 58 2
613 929 14 14
613 1039 38 5
613 1213 50 3
613 1236 60 9
614 657 15 12
614 747 52 10
614 856 10 3
614 886 10 1
614 993 37 5
614 1263 47 8
615 975 59 7
615 1085 58 12
616 720 59 5
616 1080 2 12
616 1196 34 8
616 1242 25 9
617 721 24 13
617 798 1 2
617 1031 29 4
617 1048 36 8
617 1195 12 4
618 644 34 6
618 714 53 2
618 922 41 7
618 951 13 7
618 960 28 11
618 982 37 7
618 1021 25 12
618 1243 59 3
619 650 48 9
619 811 2 7
619 910 6 7
619 1001 47 5
620 838 14 1
620 939 20 4
620 1039 25 3
620 1125 11 5
620 1248 49 11
621 641 48 2
621 914 14 14
621 1007 46 14
622 766 51 10
622 769 38 9
622 904 35 9
622 1060 31 6
622 1108 33 9
623 669 49 8
623 852 28 3
623 874 60 8
623 980 44 5
623 981 20 3
623 985 10 12
623 1062 45 8
624 758 33 9
624 831 45 10
624 1040 53 4
624 1048 33 11
624 1069 1 10
624 1119 16 13
624 1200 44 3
625 699 36 13
625 733 53 6
625 939 10 2
625 1211 5 10
626 652 52 3
626 678 30 5
626 918 2 3
626 1051 18 7
626 1218 8 12
627 691 22 1
627 710 4 9
627 854 46 9
627 876 35 10
627 899 24 14
627 963 33 15
627 1166 34 3
627 1174 40 1
628 945 42 11
628 1050 12 7
628 1056 6 8
628 1174 56 8
628 1208 38 9
629 788 26 7
629 1215 26 11
630 692 9 15
630 707 34 13
630 725 17 12
630 741 24 7
630 899 5 10
630 902 42 15
630 903 5 15
630 919 27 13
630 1111 12 9
630 1131 30 2
630 1139 2 13
631 774 42 8
631 851 17 7
631 1115 29 9
631 1132 4 1
631 1222 45 11
632 661 57 14
632 1165 4 3
633 673 49 1
633 680 29 11
633 952 50 13
633 1142 41 12
633 1192 26 3
634 783 58 8
634 792 7 14
634 794 14 15
634 861 17 3
635 712 12 8
635 765 28 3
635 869 60 7
635 954 19 15
635 1102 30 10
636 649 39 12
636 834 9 8
636 911 15 12
636 979 4 6
636 1106 10 3
636 1156 55 5
637 670 48 9
637 786 20 12
637 954 30 12
637 957 28 7
637 1112 18 11
637 1195 20 2
638 678 20 14
638 703 19 4
638 763 42 13
638 843 40 6
639 672 37 11
639 696 31 2
639 831 23 12
639 852 38 7
639 860 19 10
639 938 56 8
639 981 50 3
639 1134 35 11
639 1135 24 9
640 702 56 9
640 751 3 3
641 1183 35 4
642 868 31 12
642 1200 42 13
643 749 6 12
643 758 25 14
643 917 45 7
643 964 60 10
643 965 60 1
643 969 23 6
643 1063 31 10
644 657 38 8
644 662 10 13
644 700 59 15
644 731 43 7
644 758 48 14
644 765 11 4
644 819 41 15
644 820 9 7
644 873 15 8
644 938 11 15
644 1047 13 15
644 1166 35 9
644 1249 59 10
645 717 15 3
645 773 51 11
645 999 32 13
645 1012 24 9
645 1095 31 11
645 1174 36 10
646 768 59 3
647 832 52 12
647 933 23 1
647 1077 19 10
647 1247 57 4
648 892 25 7
648 898 48 5
648 1259 22 9
649 653 49 2
649 817 58 10
649 902 50 2
649 948 5 7
649 1062 3 13
649 1119 19 12
650 895 19 15
650 912 54 9
650 950 55 7
650 1088 26 8
650 1237 56 6
651 1186 16 7
651 1201 27 15
651 1242 32 1
652 775 59 5
652 815 29 6
652 851 22 1
652 1246 28 7
653 736 44 13
653 1020 60 3
653 1250 55 1
654 784 55 10
654 797 27 4
654 924 32 2
654 954 18 3
654 996 25 10
654 1009 41 9
654 1190 37 11
654 1234 10 2
655 684 44 15
655 685 29 1
655 851 2 1
655 1028 34 9
655 1146 53 15
656 678 32 7
656 919 2 4
656 1031 5 9
656 1100 3 4
656 1209 25 9
657 723 23 9
657 968 13 12
657 1053 23 14
657 1252 49 9
658 905 29 6
658 955 52 5
658 1165 26 13
658 1240 21 6
659 678 43 4
659 702 18 15
659 722 48 5
659 730 11 1
659 796 28 2
659 1010 35 9
659 1065 45 4
659 1072 34 3
659 1084 25 4
659 1138 7 13
660 665 23 8
660 697 41 12
660 767 15 13
660 879 46 2
660 1227 42 4
661 884 35 12
661 935 31 11
662 703 40 6
662 875 41 10
662 1054 44 15
662 1116 60 13
662 1167 37 7
663 748 50 3
663 802 30 9
663 848 5 1
663 863 48 3
663 913 11 4
663 955 9 7
663 981 6 2
663 989 17 9
663 993 52 4
663 1128 22 13
663 1158 25 1
663 1239 18 13
664 922 28 7
664 1225 6 8
664 1226 47 12
665 706 20 8
665 842 33 7
666 795 8 6
666 1001 10 4
666 1074 50 15
666 1139 51 8
666 1237 36 4
667 759 25 4
667 807 25 5
667 833 50 1
667 879 6 5
667 920 7 15
667 1031 40 2
667 1041 42 6
667 1225 25 11
668 996 41 12
669 858 14 2
669 949 40 1
669 1035 2 4
669 1151 8 4
670 713 54 15
670 746 21 6
670 876 36 1
671 798 3 5
671 801 19 12
671 804 31 6
671 913 32 3
671 1002 55 13
671 1133 10 9
671 1262 13 1
672 696 49 7
672 790 33 15
672 984 10 10
672 1063 14 7
672 1126 47 8
673 690 60 7
673 824 17 9
673 973 47 4
673 1028 1 11
673 1045 28 7
673 1248 57 11
674 806 20 1
674 869 31 4
674 888 41 5
674 1017 53 15
674 1207 35 10
675 852 35 14
675 909 36 5
675 1089 50 8
675 1149 2 7
675 1197 6 7
676 844 22 11
676 907 30 11
676 1013 23 4
677 703 33 13
677 1040 11 7
677 1175 40 3
678 737 50 2
678 959 3 14
678 1153 2 7
678 1260 26 4
679 747 44 11
679 1055 37 10
679 1063 55 15
679 1065 51 3
679 1097 11 8
679 1142 29 6
680 724 39 5
680 792 15 10
680 976 25 9
680 1012 8 10
680 1045 25 13
680 1060 58 7
680 1167 36 7
681 818 11 13
681 846 10 7
682 901 26 8
682 907 45 13
682 1053 5 7
682 1084 11 9
682 1102 14 11
682 1217 11 13
683 694 8 12
683 757 25 7
683 1083 14 12
683 1136 59 7
683 1239 49 15
684 948 42 10
684 1000 52 2
684 1142 5 11
684 1214 10 2
684 1262 32 12
685 823 7 11
685 1248 31 7
686 1158 17 12
686 1161 55 1
687 707 25 13
687 900 6 8
687 990 23 5
687 1231 37 3
688 1055 34 8
688 1080 49 12
688 1133 14 8
688 1134 41 12
688 1198 40 9
688 1257 22 9
689 817 37 2
689 1144 27 8
690 694 42 5
690 888 52 12
691 789 38 5
691 885 49 3
691 1234 41 1
692 706 47 12
692 719 23 5
692 836 13 15
692 843 15 6
692 1043 56 2
692 1234 41 9
693 717 17 12
693 1130 4 13
693 1141 56 11
693 1148 45 13
694 735 8 5
694 772 20 15
694 784 27 7
694 792 46 7
694 923 56 2
694 979 7 3
694 1149 53 15
695 699 23 15
695 931 18 9
695 998 27 2
695 1037 52 5
695 1038 9 12
696 841 48 10
697 884 51 7
697 940 40 4
697 981 5 14
697 1000 29 11
697 1023 27 15
697 1026 56 6
698 712 14 3
698 747 37 3
699 1056 60 1
699 1083 59 6
699 1099 3 5
699 1195 23 10
699 1261 48 5
700 822 46 13
700 897 35 6
700 1015 54 11
700 1174 19 8
701 762 43 1
701 800 22 5
701 820 30 3
701 832 33 13
701 842 10 7
701 852 23 2
701 1051 32 7
701 1077 17 3
702 766 10 1
702 945 14 5
702 1004 6 3
702 1074 26 1
703 1144 36 8
703 1243 45 3
704 1011 48 4
704 1171 36 9
705 727 57 7
705 836 7 8
705 935 30 1
705 943 31 3
705 949 26 13
705 1053 52 8
705 1210 35 5
705 1263 30 11
706 810 45 9
706 1008 58 15
706 1101 28 7
707 864 20 2
707 1078 48 7
708 964 56 11
708 1069 46 4
708 1232 15 10
709 924 30 9
709 971 20 5
709 1073 17 6
709 1169 20 3
710 833 28 12
710 934 30 7
710 955 35 2
710 1069 13 15
710 1077 4 5
710 1092 15 4
710 1243 20 4
711 791 43 9
711 935 11 14
711 973 32 8
711 995 34 3
711 1007 46 12
711 1134 6 14
712 754 2 6
712 832 51 5
712 883 54 11
712 975 29 9
712 1212 10 8
713 717 45 7
713 770 41 5
713 865 48 10
713 871 47 6
713 1127 59 12
714 965 57 7
714 995 8 3
714 1047 47 12
715 834 23 5
715 1225 13 15
716 809 2 4
716 811 25 3
716 812 26 12
716 1160 5 5
716 1233 52 10
716 1243 36 3
717 735 58 4
717 805 44 1
717 806 53 9
717 809 21 1
717 981 41 1
717 1085 26 12
717 1206 44 13
717 1256 24 12
718 851 59 15
718 1051 31 6
718 1058 14 12
718 1097 23 11
718 1168 50 10
718 1260 29 8
719 1225 45 3
719 1234 41 9
720 915 23 7
720 1016 35 13
720 1084 55 7
721 727 18 13
721 853 38 7
721 916 59 2
721 1014 8 1
721 1043 37 5
721 1113 52 10
721 1222 11 7
722 728 33 1
722 757 13 3
722 866 48 3
722 1142 17 14
723 808 4 8
723 912 48 3
723 1103 32 10
724 734 32 5
724 1121 37 6
724 1142 49 6
724 1195 58 12
724 1212 57 3
724 1220 31 8
725 816 42 14
725 831 21 12
725 1009 23 7
725 1189 19 9
726 755 41 2
726 767 36 4
726 813 25 12
726 889 52 9
727 898 57 1
727 1067 18 9
727 1135 38 14
728 829 12 11
728 1235 45 15
729 740 30 15
729 984 51 13
729 1073 40 4
729 1145 58 6
729 1218 8 7
730 803 36 4
732 924 17 7
732 1205 32 12
733 747 27 6
733 761 36 14
733 920 59 7
733 1032 49 3
733 1215 19 5
734 837 35 10
734 1158 20 8
734 1223 47 15
735 830 10 6
735 933 20 13
735 1150 47 2
735 1217 14 7
736 816 44 8
736 824 49 12
736 890 36 12
736 1105 16 15
736 1111 25 5
737 1052 42 12
737 1129 32 14
738 758 10 6
738 804 15 2
738 811 47 1
738 906 46 8
738 954 34 9
738 1015 11 15
738 1061 24 9
738 1104 39 14
739 804 49 9
739 821 14 10
739 1161 2 9
739 1177 32 6
740 1115 40 6
740 1159 51 3
741 851 36 11
741 1004 34 9
741 1065 58 6
741 1114 18 14
741 1206 4 3
742 878 27 14
742 910 43 13
742 1074 23 14
743 749 52 9
743 996 59 14
743 1190 27 2
744 814 35 2
744 1172 56 6
745 949 22 11
745 966 33 6
745 989 51 10
745 1105 42 11
745 1188 17 1
746 930 40 7
747 799 3 3
747 803 13 7
747 1103 60 4
747 1120 25 10
748 895 4 1
748 978 11 2
748 1007 39 7
748 1033 51 15
748 1113 10 4
748 1118 46 1
748 1251 39 15
749 815 38 13
749 944 16 8
749 981 51 6
749 1124 1 2
749 1225 10 3
750 811 49 7
750 1263 14 2
751 813 44 5
751 1042 6 9
751 1049 60 12
751 1064 57 11
751 1110 52 7
751 1248 36 4
751 1259 30 7
752 781 46 9
752 889 9 3
752 900 30 14
752 1171 14 12
753 775 59 11
753 952 41 9
753 1248 18 12
754 902 56 5
754 913 49 11
754 1166 1 14
754 1223 23 8
755 790 21 8
755 793 17 13
755 964 32 14
755 1000 9 5
755 1088 20 3
756 947 31 12
756 1166 40 15
756 1246 59 3
757 792 7 3
757 826 34 2
757 834 51 10
757 860 30 3
757 1081 23 14
757 1090 58 11
758 763 39 15
758 853 16 5
758 941 13 2
758 1085 52 7
759 795 24 2
759 968 35 2
759 985 4 10
759 1185 41 14
760 789 38 2
760 903 8 1
761 986 60 11
761 992 12 9
761 1018 4 14
761 1216 52 10
761 1222 12 4
761 1254 22 10
762 1036 52 2
762 1114 51 12
763 918 56 14
763 931 49 6
763 1143 50 12
764 801 9 14
764 932 4 13
765 940 7 9
765 1112 34 6
765 1243 31 6
766 1074 17 11
766 1123 16 11
766 1215 55 7
766 1261 22 10
767 880 41 5
767 946 40 14
767 1145 55 9
768 915 39 6
768 1256 59 2
770 1076 38 6
770 1106 23 9
770 1178 60 9
771 1051 51 15
771 1229 14 14
772 814 39 6
772 932 13 10
772 948 31 8
772 1079 16 7
772 1106 33 3
772 1137 33 1
773 899 9 15
773 967 43 2
773 1018 54 15
773 1083 56 2
773 1145 31 13
773 1169 48 7
773 1239 19 10
773 1258 35 14
774 804 49 8
774 836 12 7
774 1198 11 13
775 879 20 7
775 901 57 6
775 923 41 10
775 965 9 15
775 995 28 3
775 996 59 1
775 1011 28 11
776 853 25 10
776 905 29 9
776 1035 51 7
776 1092 2 9
776 1100 19 2
776 1226 49 9
776 1266 59 4
777 800 28 7
777 1254 26 10
778 852 24 4
778 903 48 5
778 1217 51 8
779 861 60 8
779 919 29 6
779 1196 51 15
780 859 41 10
780 1002 16 8
780 1015 38 2
780 1080 57 11
780 1234 33 12
781 790 53 11
781 920 18 14
781 932 6 9
781 1146 30 9
781 1190 38 5
782 930 46 1
782 978 45 2
782 1028 11 6
782 1084 1 1
782 1107 28 2
782 1208 51 14
782 1247 22 8
783 813 23 15
783 877 45 8
783 1170 32 6
783 1193 27 1
784 816 5 7
784 831 41 14
784 1090 16 12
784 1105 19 1
784 1154 53 11
784 1229 32 1
785 882 13 14
785 975 44 8
785 1222 16 4
786 858 9 14
786 904 33 6
786 952 37 9
786 964 6 9
786 1157 47 6
786 1240 12 8
787 845 34 10
787 1083 21 12
788 835 24 8
788 1011 15 12
788 1080 39 10
788 1104 17 4
788 1141 18 14
789 885 35 10
789 919 45 8
789 949 34 2
789 1026 35 8
789 1047 58 8
789 1074 20 10
789 1125 39 2
789 1172 25 15
789 1253 42 1
790 822 12 4
790 839 7 15
790 876 49 2
790 986 17 12
790 1184 13 11
791 886 52 4
791 965 41 3
791 1141 52 1
792 805 8 13
792 902 37 13
792 955 59 7
792 973 8 4
792 1034 18 7
792 1148 50 9
792 1229 53 9
793 1030 17 15
794 851 58 9
795 901 48 14
795 1048 56 7
795 1216 8 10
796 965 38 14
796 1072 56 7
796 1207 52 15
797 966 18 13
797 1114 53 8
798 819 60 7
799 898 14 12
799 907 55 7
799 1022 30 2
799 1032 19 1
799 1178 27 11
799 1189 7 10
799 1233 50 8
800 828 40 2
800 945 60 5
800 1112 49 8
800 1173 26 4
801 806 20 6
801 822 26 15
801 981 49 3
801 1115 12 4
801 1150 25 7
802 803 42 15
802 841 21 3
802 848 14 4
802 944 58 4
802 1012 51 2
803 816 18 5
803 817 58 13
803 836 48 7
803 1055 57 2
803 1102 19 9
803 1252 47 10
804 819 13 15
804 845 29 10
804 853 27 14
804 1061 2 3
804 1081 34 7
804 1148 59 3
804 1174 47 8
805 918 52 14
806 841 34 3
806 890 54 11
806 1040 4 7
806 1118 15 8
806 1140 13 15
806 1148 3 1
807 1046 58 10
808 1135 42 6
809 1117 7 10
810 997 17 13
810 1068 18 8
810 1080 31 11
811 873 27 14
811 1054 2 4
811 1114 47 15
811 1154 23 12
811 1178 20 9
812 1096 47 11
812 1151 45 4
812 1167 20 15
812 1200 35 15
813 878 4 7
813 949 43 3
813 1014 48 5
813 1102 16 15
813 1211 47 4
814 1050 23 8
814 1107 1 5
815 894 53 15
815 984 15 5
816 921 11 13
816 1022 50 15
816 1060 60 11
816 1062 17 7
816 1064 38 10
817 889 48 15
817 902 6 5
817 1152 29 11
818 1080 28 13
818 1188 45 8
819 1086 19 6
820 961 14 7
820 992 51 11
820 1167 43 11
821 978 30 3
821 1017 15 5
821 1183 12 10
821 1198 25 15
821 1262 32 1
822 918 21 8
822 994 2 15
822 1000 29 13
822 1014 28 10
822 1092 28 12
822 1185 10 5
822 1188 37 14
823 832 19 14
823 896 59 8
823 1112 52 12
823 1142 6 12
824 906 45 12
824 976 18 6
824 1021 3 15
824 1123 45 13
825 940 19 2
825 983 1 5
825 1003 34 9
825 1007 46 11
826 855 53 8
826 922 14 7
826 1095 37 7
826 1231 43 4
826 1232 36 9
827 865 30 3
828 916 8 9
828 1046 6 3
828 1105 7 10
829 846 49 15
829 967 52 7
829 1002 20 7
829 1164 24 10
829 1246 35 6
830 848 32 7
830 891 22 11
830 1108 19 1
831 835 3 7
831 844 6 8
831 895 13 5
831 913 4 5
831 965 54 4
831 1219 1 6
832 927 53 6
832 1119 59 12
833 951 13 13
833 1017 16 3
833 1103 15 8
833 1246 3 3
834 938 29 1
834 976 57 8
834 977 13 10
835 995 28 6
835 1036 43 10
835 1187 25 7
836 877 17 2
837 1022 51 3
837 1026 31 11
837 1058 25 1
838 1020 24 8
838 1232 29 3
839 853 11 3
839 854 52 5
839 1097 41 12
840 844 44 10
840 911 28 7
840 1032 29 6
840 1044 39 3
840 1235 1 10
840 1256 54 12
841 864 8 2
841 885 48 10
841 912 60 10
841 929 39 5
841 1056 48 12
841 1078 30 12
843 947 16 1
843 993 21 6
843 1033 29 3
843 1176 37 12
844 949 51 12
844 1078 38 7
845 1005 54 5
845 1058 38 14
846 940 12 7
846 1057 3 8
847 996 40 6
847 1038 16 6
848 961 21 11
848 1037 37 7
848 1103 29 1
849 873 40 3
849 881 34 11
849 946 25 2
849 1036 25 11
849 1080 26 6
849 1141 37 11
849 1222 7 11
849 1231 13 6
850 963 13 12
850 973 34 6
850 1015 15 8
850 1044 33 14
850 1104 2 15
850 1172 3 7
850 1252 50 12
851 895 28 14
851 975 41 11
851 1128 23 6
851 1139 24 14
851 1166 2 15
853 895 1 11
853 1002 13 3
853 1026 26 8
853 1205 24 11
853 1216 9 3
853 1233 47 12
854 859 49 3
854 1173 2 8
854 1237 30 5
855 1208 40 6
855 1209 19 12
856 883 47 13
856 929 55 15
856 1236 54 8
856 1261 46 1
857 994 51 10
857 1043 27 11
857 1117 6 14
857 1127 58 15
857 1131 21 15
858 1088 57 4
858 1154 51 3
859 1013 2 14
860 947 58 2
860 1130 11 2
861 931 4 7
861 969 14 13
861 1232 16 10
861 1237 34 8
862 1085 39 10
862 1233 2 7
862 1235 59 9
863 882 16 10
863 897 47 15
863 988 28 10
863 1059 11 10
863 1207 33 11
864 929 49 3
865 1067 24 3
865 1157 28 1
866 894 13 1
866 915 15 11
866 1203 35 5
867 921 5 15
867 964 44 9
867 1095 8 11
867 1203 60 3
868 885 13 2
868 931 17 8
868 960 38 8
868 1083 28 10
868 1195 17 15
869 905 57 13
869 918 55 11
869 1022 58 3
869 1151 39 1
870 919 16 7
870 1170 18 3
871 893 48 6
872 1074 55 3
872 1119 9 10
872 1127 8 6
872 1206 37 6
872 1215 59 1
873 944 7 4
873 1032 8 14
873 1231 19 7
874 1089 20 1
875 957 59 5
875 1096 38 11
875 1115 10 10
876 1125 17 4
876 1215 14 2
876 1250 20 4
877 1044 42 3
877 1251 17 3
878 1032 40 14
878 1114 21 5
878 1179 37 9
878 1180 8 15
879 882 54 1
879 1098 52 1
879 1170 37 1
880 934 51 6
880 1179 12 6
880 1197 39 1
881 906 22 4
881 1105 6 13
881 1219 38 4
882 1019 3 4
882 1054 22 5
882 1098 45 14
882 1212 4 3
883 947 18 9
883 998 21 6
884 1001 40 10
884 1101 55 8
884 1180 45 2
884 1259 58 5
885 942 44 9
886 921 5 6
886 923 54 8
886 928 39 11
886 931 42 10
886 1019 36 12
888 1110 51 10
888 1194 43 13
888 1238 10 6
889 1006 42 1
889 1195 35 10
889 1199 19 12
890 905 26 6
890 990 44 14
891 895 7 13
891 1022 43 15
891 1221 2 2
892 1012 33 9
892 1013 52 1
892 1019 42 7
892 1049 46 7
892 1203 28 4
893 935 59 7
893 950 6 1
893 1020 21 15
893 1065 7 11
893 1146 14 10
893 1212 34 8
894 1112 32 15
895 944 27 8
895 1027 25 11
896 966 37 11
896 997 20 15
897 899 40 1
897 905 35 11
897 970 34 13
897 981 36 9
897 1006 37 9
897 1150 58 2
898 924 31 5
898 979 32 1
898 1128 60 3
898 1129 1 9
898 1248 18 6
899 959 27 9
899 1067 7 6
899 1097 35 3
899 1162 52 5
899 1245 51 8
900 1206 60 12
900 1219 5 11
900 1256 32 6
901 919 19 9
901 1039 18 9
901 1090 41 10
901 1134 5 11
902 1058 3 6
903 905 29 5
903 1107 15 11
903 1252 56 1
904 1062 29 6
904 1089 49 7
904 1097 53 15
904 1111 32 14
905 1030 32 1
906 953 27 9
906 1014 15 2
908 1039 3 6
908 1079 4 14
908 1086 12 5
908 1147 8 6
908 1173 27 3
908 1208 23 5
908 1220 47 11
909 998 26 8
909 1163 23 11
909 1185 13 15
909 1264 23 7
910 996 21 4
910 1070 5 10
911 936 25 10
911 1120 21 8
911 1253 54 1
912 944 28 6
913 919 7 5
913 954 29 4
913 1075 55 14
913 1104 8 9
913 1166 1 10
914 1018 20 14
914 1025 22 1
914 1087 1 12
915 1146 32 3
915 1223 33 1
916 1163 49 5
917 947 49 11
917 1008 25 9
917 1111 5 5
917 1156 23 3
917 1258 42 14
918 1008 13 5
918 1071 24 4
918 1085 38 6
919 926 56 8
919 983 24 15
919 1084 31 3
919 1113 24 12
919 1260 60 12
920 928 10 6
920 1084 31 11
920 1151 13 9
920 1169 35 4
921 973 32 8
921 1026 32 7
921 1068 56 9
922 1203 2 11
922 1229 39 9
923 1199 2 15
923 1248 34 13
924 1185 33 12
924 1204 35 15
925 1106 37 13
925 1132 56 1
925 1148 17 1
925 1202 44 8
926 963 19 12
926 1128 56 7
926 1190 35 12
926 1210 36 12
927 960 4 11
927 1031 16 11
927 1037 60 6
927 1120 12 7
928 1097 39 14
928 1123 33 2
928 1136 34 3
929 933 48 10
929 1021 50 13
929 1036 35 3
929 1098 20 3
929 1123 52 2
929 1124 23 14
929 1125 34 14
930 998 15 3
930 1113 12 7
930 1119 3 11
930 1180 56 15
931 1092 11 2
931 1134 15 5
931 1208 5 9
932 1106 33 4
932 1206 36 1
933 1025 59 7
934 973 30 5
934 1254 52 10
935 1108 11 2
936 947 33 9
936 1096 49 1
936 1161 33 10
938 995 20 14
939 975 33 8
940 1229 23 11
942 971 34 6
942 1028 54 9
943 989 36 15
943 1136 27 4
944 992 8 9
944 1197 26 2
945 950 13 2
945 1089 27 2
947 1032 35 1
947 1054 40 4
947 1094 48 15
947 1106 42 11
947 1169 51 8
947 1246 9 14
948 1047 46 4
949 1119 30 6
949 1216 34 7
950 977 57 12
951 985 48 12
951 1048 8 3
951 1218 33 9
952 980 33 5
952 1210 8 7
952 1253 13 1
953 968 22 13
953 1007 5 6
953 1108 30 15
954 1166 20 7
954 1212 12 7
954 1226 4 12
956 1096 49 5
957 964 54 10
958 1043 13 14
959 1181 37 12
959 1217 51 14
960 996 43 6
960 1163 12 1
960 1229 18 13
960 1235 21 7
961 1012 30 9
961 1070 55 13
962 1155 42 2
962 1201 41 6
963 1027 20 14
963 1040 13 8
963 1148 40 11
963 1167 31 4
965 990 49 2
965 1244 1 11
965 1248 8 15
967 1146 13 2
967 1244 51 15
968 1091 57 12
970 1013 15 12
970 1039 51 4
970 1114 18 5
971 1134 25 3
971 1246 48 10
972 1124 43 4
973 977 4 9
973 1175 55 3
973 1251 52 11
974 1095 18 14
974 1160 11 6
974 1197 3 14
975 992 6 5
975 1073 46 10
975 1203 12 3
975 1211 9 13
976 1131 23 7
976 1167 47 11
976 1201 23 8
976 1258 41 1
977 991 22 2
977 1108 59 8
978 1051 36 5
978 1246 13 7
978 1253 30 10
979 983 23 9
979 1124 59 9
979 1165 57 11
979 1204 15 10
981 998 21 15
981 1100 4 5
981 1131 10 7
982 1015 14 12
982 1065 23 1
982 1089 22 6
982 1151 37 3
982 1213 26 5
983 1041 32 14
983 1198 37 3
984 1164 50 15
985 1026 2 7
985 1069 9 6
985 1097 3 2
985 1159 43 12
986 1005 39 5
986 1182 39 3
986 1216 9 12
987 1023 36 5
987 1190 59 11
988 1014 53 4
988 1021 35 5
988 1227 25 12
989 990 28 5
989 1081 42 1
989 1117 48 10
990 1028 17 1
990 1042 60 3
990 1059 25 2
990 1102 5 12
990 1150 6 2
990 1193 36 4
991 1037 27 1
991 1069 12 9
991 1092 57 12
991 1131 8 9
991 1243 33 12
991 1245 14 6
992 997 34 9
992 1018 22 8
992 1075 54 10
995 1003 15 2
995 1041 51 11
995 1146 60 6
995 1162 20 11
995 1171 30 10
996 1105 6 14
996 1208 46 9
997 1023 51 14
997 1192 16 11
997 1212 25 13
997 1234 7 9
999 1131 16 4
999 1177 8 10
1000 1009 32 3
1000 1205 49 1
1001 1016 34 13
1001 1083 1 4
1002 1150 17 4
1002 1228 10 1
1003 1007 57 2
1003 1038 12 8
1005 1209 30 14
1006 1164 36 5
1006 1248 1 1
1007 1115 18 1
1008 1013 49 3
1008 1143 15 3
1008 1237 1 3
1008 1255 60 10
1009 1033 57 1
1009 1159 30 10
1010 1032 54 10
1010 1077 13 10
1010 1078 3 3
1010 1087 29 6
1012 1134 52 13
1012 1137 32 3
1012 1162 20 3
1012 1208 17 10
1012 1251 32 13
1014 1089 45 1
1014 1193 40 1
1015 1033 28 11
1015 1060 37 9
1015 1120 22 11
1015 1229 39 1
1016 1143 38 2
1018 1090 35 15
1018 1129 20 6
1018 1233 48 12
1019 1257 11 1
1020 1036 36 15
1020 1087 34 15
1020 1152 42 7
1021 1082 1 2
1021 1128 14 13
1021 1189 27 12
1022 1159 10 9
1022 1204 12 5
1023 1062 9 15
1023 1112 12 10
1023 1216 21 10
1023 1240 31 7
1024 1135 28 2
1024 1251 34 11
1025 1179 26 7
1026 1032 26 15
1026 1065 30 14
1026 1074 27 7
1026 1165 28 2
1026 1185 47 9
1027 1092 35 10
1027 1225 50 6
1029 1097 43 9
1029 1242 33 2
1030 1043 13 9
1030 1103 29 15
1031 1033 13 15
1032 1143 52 9
1032 1243 1 10
1033 1063 5 12
1034 1149 16 5
1034 1169 48 1
1034 1209 44 6
1035 1228 35 11
1036 1045 17 8
1036 1158 42 8
1036 1264 48 1
1037 1195 54 6
1037 1260 30 11
1038 1209 36 10
1038 1237 48 13
1039 1060 14 1
1039 1148 6 10
1040 1136 33 13
1040 1210 33 10
1040 1248 59 14
1041 1158 29 1
1041 1166 34 7
1041 1176 32 9
1043 1071 20 5
1043 1134 50 8
1043 1155 30 12
1043 1193 31 13
1043 1233 24 2
1044 1117 25 5
1045 1107 5 11
1045 1125 2 13
1047 1185 27 10
1048 1112 44 5
1048 1144 4 12
1049 1148 33 2
1049 1238 45 13
1050 1115 52 6
1050 1185 28 15
1051 1081 36 6
1051 1145 54 14
1051 1181 9 11
1052 1156 50 14
1052 1214 25 2
1052 1229 16 13
1053 1091 2 14
1054 1094 2 13
1054 1105 55 8
1054 1116 25 6
1054 1120 33 9
1054 1151 20 2
1054 1166 55 15
1054 1185 34 7
1054 1200 21 10
1055 1096 15 6
1055 1138 17 4
1055 1226 7 10
1056 1177 8 1
1057 1156 55 15
1059 1197 40 13
1060 1083 24 1
1060 1262 40 1
1061 1185 7 5
1061 1256 11 12
1064 1069 25 6
1064 1086 20 13
1065 1118 22 4
1066 1195 38 14
1067 1215 35 9
1068 1073 14 8
1068 1167 5 9
1069 1158 25 3
1069 1162 38 8
1069 1203 42 9
1069 1232 17 11
1070 1194 9 13
1070 1223 58 2
1070 1254 2 7
1071 1148 32 9
1073 1214 19 10
1076 1081 14 10
1076 1110 27 5
1076 1152 38 9
1076 1193 32 7
1077 1089 21 14
1077 1260 30 5
1078 1198 40 10
1079 1094 28 6
1079 1125 57 8
1079 1170 33 9
1079 1193 40 12
1079 1233 16 15
1079 1249 9 11
1080 1144 41 3
1080 1179 51 11
1080 1205 38 7
1082 1145 32 12
1083 1185 35 14
1083 1251 33 13
1085 1127 42 9
1085 1142 6 12
1086 1208 18 7
1087 1142 48 7
1087 1149 55 1
1087 1201 4 3
1087 1259 48 6
1091 1105 4 10
1092 1105 49 15
1092 1157 17 4
1092 1196 28 2
1093 1172 49 12
1093 1224 15 2
1094 1254 21 2
1095 1113 57 10
1095 1145 38 15
1096 1176 25 1
1097 1108 15 7
1097 1251 53 11
1098 1132 42 11
1098 1173 49 13
1099 1210 38 10
1103 1136 15 3
1103 1215 60 6
1105 1126 33 1
1105 1259 32 9
1106 1228 22 11
1108 1246 44 12
1114 1127 14 9
1115 1262 18 6
1115 1263 41 4
1116 1156 40 11
1116 1174 59 3
1117 1156 48 12
1117 1157 57 14
1117 1212 9 7
1118 1120 32 12
1118 1203 57 15
1122 1185 57 1
1122 1201 31 5
1122 1249 3 3
1123 1125 38 10
1125 1131 3 5
1125 1225 50 12
1127 1246 49 2
1127 1263 58 14
1129 1258 41 14
1130 1227 49 2
1132 1191 54 2
1132 1261 1 10
1133 1186 10 5
1135 1233 7 13
1136 1157 24 14
1136 1207 19 3
1138 1230 51 3
1139 1258 17 11
1142 1232 45 6
1143 1250 2 12
1145 1171 46 3
1146 1161 11 8
1146 1212 11 11
1147 1149 15 12
1150 1263 48 11
1154 1164 38 7
1157 1247 35 13
1157 1266 29 4
1159 1258 44 9
1160 1162 21 1
1163 1170 17 15
1164 1215 16 1
1165 1167 41 1
1165 1236 10 13
1166 1177 24 7
1168 1177 21 8
1168 1195 51 1
1169 1215 42 2
1172 1180 3 12
1177 1180 13 14
1179 1189 23 9
1179 1215 12 6
1179 1226 58 2
1179 1242 43 10
1179 1257 42 13
1180 1194 26 13
1182 1221 22 1
1183 1255 14 4
1185 1260 12 12
1186 1199 21 2
1187 1209 26 14
1188 1237 57 3
1190 1211 56 5
1191 1228 4 11
1201 1233 26 2
1205 1242 19 4
1206 1246 38 1
1211 1216 20 8
1220 1229 17 3
1221 1246 29 1
1221 1260 29 6
1222 1237 10 10
1224 1244 1 4
1224 1261 6 12
1226 1262 3 6
1227 1228 35 1
1227 1231 43 2
1232 1249 16 10
1236 1238 4 11
1242 1245 27 11
1246 1261 31 9

0 13 29
1 30 2
2 45 47
3 53 45
4 71 1
5 83 28
6 96 45
7 97 2
8 108 50
9 109 8
10 117 12
11 119 20
12 128 48
13 138 29
14 147 17
15 166 47
16 176 38
17 205 2
18 213 1
19 218 6
20 222 36
21 224 49
22 238 8
23 242 15
24 256 21
25 273 1
26 274 20
27 281 15
28 286 19
29 289 19
30 292 39
31 294 5
32 300 31
33 302 42
34 303 21
35 320 38
36 321 25
37 330 3
38 347 39
39 363 21
40 369 5
41 377 35
42 407 28
43 409 19
44 434 20
45 441 11
46 442 27
47 448 28
48 450 25
49 456 29
50 459 33
51 476 18
52 480 40
53 485 20
54 489 10
55 502 33
56 505 23
57 528 46
58 547 13
59 549 15
60 551 10
61 556 18
62 590 18
63 604 10
64 610 19
65 613 30
66 627 33
67 645 24
68 653 40
69 660 3
70 670 29
71 684 27
72 696 32
73 698 37
74 701 39
75 711 8
76 713 37
77 728 4
78 731 34
79 746 6
80 749 6
81 753 15
82 757 18
83 764 45
84 772 49
85 786 29
86 790 11
87 802 25
88 809 18
89 854 6
90 862 41
91 885 29
92 901 20
93 902 20
94 921 47
95 925 12
96 940 24
97 988 34
98 1019 37
99 1035 26
100 1041 24
101 1053 12
102 1059 47
103 1084 36
104 1093 15
105 1096 19
106 1102 26
107 1111 42
108 1118 38
109 1119 19
110 1134 49
111 1141 6
112 1143 49
113 1154 18
114 1155 40
115 1156 5
116 1169 13
117 1185 5
118 1187 3
119 1188 24
120 1191 30
121 1217 24
122 1231 35
123 1246 45
124 1251 2
125 1262 6
