1849 5543 185 6

0 30 7141
1 60 13476
2 90 19074
3 120 23997
4 150 28304
5 180 32049

0 22186
1 25706
2 31917
3 23763
4 18302
5 28241
6 22746
7 25005
8 25887
9 30982
10 18300
11 31694
12 30647
13 30122
14 22728
15 22170
16 24101
17 29431
18 19767
19 28584
20 21629
21 24147
22 27917
23 28982
24 30683
25 24970
26 24798
27 28475
28 25687
29 26533
30 25473
31 23281
32 30138
33 25796
34 35079
35 23013
36 29288
37 36615
38 29438
39 29966
40 24290
41 23781
42 25561
43 28794
44 30882
45 29124
46 29517
47 27485
48 14184
49 18937
50 27927
51 23709
52 26951
53 33819
54 15156
55 24902
56 25776
57 30339
58 26456
59 19545
60 31702
61 20517
62 30016
63 28934
64 26898
65 26210
66 22765
67 28824
68 25558
69 20908
70 28627
71 27070
72 22265
73 26763
74 30252
75 15834
76 30521
77 22310
78 23663
79 22550
80 29085
81 26986
82 23378
83 26275
84 31284
85 24967
86 33928
87 27511
88 19644
89 20571
90 25565
91 32943
92 28412
93 26940
94 27988
95 29722
96 20244
97 20520
98 16267
99 28470
100 25496
101 26296
102 25939
103 28946
104 28828
105 29602
106 27934
107 18706
108 25325
109 24150
110 24931
111 28324
112 19236
113 20722
114 31289
115 21343
116 28028
117 26462
118 22967
119 28954
120 27628
121 23420
122 20482
123 28666
124 26845
125 31491
126 28617
127 23582
128 26511
129 26073
130 23729
131 27869
132 21442
133 31965
134 20974
135 21593
136 17101
137 27555
138 25795
139 31675
140 20078
141 21224
142 26094
143 22358
144 25440
145 20918
146 18458
147 26441
148 27155
149 26095
150 19981
151 19123
152 16416
153 25792
154 31785
155 28567
156 23420
157 30114
158 22757
159 27370
160 20030
161 19951
162 23215
163 30028
164 28188
165 30785
166 20751
167 17708
168 21144
169 24296
170 28840
171 25521
172 19777
173 24349
174 22447
175 25115
176 23853
177 25690
178 25773
179 34319
180 22146
181 21438
182 21644
183 24760
184 32922
185 32553
186 21302
187 29560
188 18155
189 24663
190 27487
191 22322
192 27790
193 20395
194 18602
195 24802
196 23356
197 23135
198 18965
199 22065
200 24173
201 28919
202 28910
203 21548
204 18778
205 17999
206 23236
207 24805
208 23611
209 27968
210 23707
211 25706
212 35405
213 21985
214 13824
215 26544
216 27286
217 23955
218 28325
219 29007
220 28625
221 30974
222 28035
223 22328
224 26383
225 26855
226 27501
227 21897
228 28196
229 26303
230 25510
231 23835
232 26515
233 20874
234 26730
235 33264
236 24441
237 30117
238 24634
239 17123
240 22668
241 30991
242 24902
243 26209
244 22174
245 23551
246 21150
247 29543
248 27654
249 28490
250 34660
251 15123
252 23701
253 18925
254 22499
255 30404
256 26739
257 26426
258 26623
259 27077
260 17325
261 27798
262 25989
263 22339
264 26030
265 32993
266 27281
267 35094
268 28628
269 31906
270 22919
271 25843
272 20634
273 28238
274 33418
275 16469
276 23827
277 20878
278 27790
279 26180
280 19356
281 25195
282 23965
283 26653
284 24708
285 21963
286 17992
287 23844
288 27329
289 28145
290 27089
291 24068
292 21335
293 27426
294 17822
295 15419
296 24491
297 24267
298 24163
299 16289
300 24448
301 31908
302 23627
303 27280
304 33794
305 19610
306 29598
307 24311
308 33610
309 28514
310 18776
311 22306
312 18649
313 29350
314 22579
315 23902
316 26116
317 28613
318 27958
319 24561
320 22178
321 17725
322 20107
323 23854
324 23889
325 25494
326 32923
327 23989
328 22292
329 17388
330 30247
331 22510
332 28737
333 27542
334 24352
335 22573
336 28571
337 27489
338 25108
339 29121
340 31975
341 27593
342 33866
343 27144
344 25001
345 28170
346 24427
347 23349
348 21533
349 24820
350 31276
351 25917
352 20959
353 20071
354 29077
355 21569
356 33402
357 22549
358 22080
359 24740
360 18797
361 21348
362 29826
363 27981
364 20267
365 34614
366 29433
367 27902
368 30891
369 20063
370 26298
371 32655
372 28285
373 24091
374 28443
375 25930
376 20308
377 25942
378 29203
379 22694
380 27077
381 18970
382 22894
383 28147
384 32312
385 18231
386 20225
387 24536
388 31634
389 27302
390 29086
391 28828
392 32351
393 20947
394 21007
395 30040
396 27720
397 21607
398 21473
399 23049
400 22396
401 28717
402 26642
403 21905
404 26014
405 27148
406 22083
407 21308
408 23450
409 32897
410 30055
411 30358
412 26856
413 28040
414 37011
415 29424
416 25040
417 29831
418 29523
419 33573
420 19544
421 25271
422 34394
423 23127
424 26965
425 29505
426 27400
427 27137
428 17542
429 21880
430 26060
431 25422
432 22667
433 27576
434 18951
435 29455
436 28356
437 27792
438 17279
439 22575
440 23957
441 26529
442 35815
443 29638
444 26391
445 19464
446 21830
447 19127
448 21822
449 24118
450 30968
451 20715
452 22916
453 21007
454 20620
455 23200
456 25863
457 23940
458 26343
459 26930
460 25414
461 22844
462 23169
463 19764
464 26696
465 24501
466 32249
467 27594
468 20700
469 26636
470 23843
471 16355
472 27049
473 26640
474 22996
475 28880
476 24852
477 28095
478 25926
479 26634
480 20658
481 28566
482 29927
483 22459
484 20940
485 23166
486 18821
487 23770
488 20316
489 23487
490 20227
491 21918
492 23565
493 22071
494 29078
495 20840
496 33222
497 21005
498 26154
499 23301
500 27109
501 26970
502 19453
503 23783
504 25948
505 19270
506 25474
507 34391
508 29109
509 16084
510 23537
511 30465
512 31607
513 25067
514 28099
515 32291
516 21950
517 20225
518 20894
519 19861
520 25257
521 25488
522 25004
523 22844
524 30662
525 26763
526 39421
527 30642
528 26391
529 28931
530 24211
531 17501
532 20901
533 20723
534 26450
535 20376
536 19152
537 15311
538 28586
539 21454
540 22742
541 24130
542 21115
543 18051
544 26431
545 20253
546 23716
547 35336
548 19191
549 15460
550 25644
551 26990
552 28883
553 18591
554 23185
555 25237
556 27576
557 27524
558 22865
559 32000
560 27692
561 25794
562 29739
563 27247
564 27384
565 29883
566 25750
567 20964
568 16290
569 30350
570 21194
571 25571
572 20079
573 23043
574 25013
575 26786
576 27613
577 26358
578 24020
579 28711
580 23369
581 22088
582 23531
583 31358
584 26919
585 29442
586 30260
587 20078
588 23045
589 21931
590 32072
591 31281
592 31573
593 23740
594 19563
595 22805
596 34606
597 30671
598 18589
599 19876
600 21517
601 29097
602 23410
603 26303
604 21715
605 22474
606 27707
607 21926
608 26267
609 25930
610 29602
611 26918
612 25441
613 27258
614 31892
615 32706
616 17909
617 30533
618 24062
619 27453
620 27752
621 29746
622 29278
623 20559
624 22983
625 17888
626 33030
627 27484
628 24760
629 23622
630 26127
631 25132
632 26968
633 24582
634 15183
635 26289
636 26607
637 20533
638 26642
639 26491
640 25698
641 29792
642 23103
643 25431
644 31204
645 33656
646 24849
647 27015
648 26217
649 27822
650 26410
651 27656
652 24894
653 25746
654 23191
655 28850
656 27240
657 17852
658 23691
659 17972
660 29283
661 29937
662 23341
663 25490
664 23067
665 24326
666 28289
667 24794
668 29478
669 32433
670 28409
671 24566
672 21675
673 28717
674 24933
675 21183
676 22846
677 27691
678 29643
679 27492
680 25956
681 27260
682 26655
683 27452
684 28018
685 23161
686 24798
687 24178
688 32141
689 21784
690 29667
691 23916
692 24072
693 27094
694 24688
695 30047
696 18616
697 23534
698 28768
699 27776
700 26489
701 26531
702 30635
703 21360
704 18878
705 28765
706 32239
707 31113
708 30695
709 34055
710 24249
711 23362
712 30665
713 29811
714 25085
715 27951
716 26741
717 21481
718 36564
719 15592
720 33459
721 33966
722 21243
723 22089
724 28165
725 28138
726 27441
727 20858
728 21809
729 26986
730 32905
731 23192
732 28481
733 21443
734 30408
735 30521
736 27239
737 21497
738 32992
739 32111
740 28662
741 27659
742 18784
743 20424
744 27466
745 23872
746 24460
747 26995
748 18097
749 21516
750 28738
751 23433
752 18475
753 26455
754 25884
755 16323
756 20843
757 17961
758 22042
759 25155
760 26861
761 32793
762 26182
763 27479
764 25771
765 27577
766 30233
767 29847
768 19403
769 18011
770 27345
771 26191
772 22481
773 21700
774 25707
775 22602
776 27405
777 26903
778 26441
779 27899
780 29989
781 21394
782 28102
783 30252
784 28306
785 21296
786 29584
787 31775
788 17259
789 26604
790 25669
791 29597
792 24366
793 29509
794 30308
795 23445
796 23370
797 25155
798 18238
799 24840
800 22731
801 23829
802 30762
803 27238
804 30124
805 25909
806 22720
807 27356
808 23135
809 27375
810 23778
811 25349
812 26492
813 26075
814 29118
815 28361
816 23276
817 15226
818 24421
819 26841
820 26404
821 20267
822 29032
823 25605
824 19973
825 36387
826 19540
827 23779
828 19158
829 29534
830 24979
831 28118
832 29785
833 23392
834 32179
835 28577
836 27179
837 24230
838 25647
839 23831
840 22743
841 27989
842 25809
843 27188
844 20165
845 20840
846 24562
847 26486
848 21623
849 25331
850 22206
851 26918
852 36048
853 25235
854 30954
855 27667
856 31890
857 28572
858 23073
859 20876
860 23480
861 25819
862 25375
863 24993
864 31712
865 25169
866 22246
867 26289
868 24314
869 21775
870 21392
871 25792
872 33055
873 26803
874 32532
875 22249
876 22173
877 26185
878 20318
879 28380
880 30412
881 33880
882 23073
883 40050
884 23206
885 26660
886 24278
887 22946
888 25465
889 26939
890 25187
891 25539
892 29592
893 26237
894 29921
895 20170
896 24379
897 33175
898 24389
899 25920
900 25359
901 23506
902 18564
903 16560
904 24208
905 27850
906 17623
907 29380
908 31620
909 26280
910 29428
911 25212
912 20124
913 24850
914 25452
915 26276
916 21085
917 24246
918 27223
919 23604
920 26690
921 31159
922 21101
923 28995
924 23153
925 17424
926 30204
927 31474
928 27386
929 24134
930 35035
931 19987
932 22173
933 27398
934 19761
935 23177
936 17698
937 28069
938 27517
939 28216
940 25516
941 22728
942 24568
943 25332
944 30082
945 24304
946 16862
947 24518
948 26680
949 30227
950 21529
951 17543
952 23346
953 18564
954 25860
955 15583
956 26441
957 21392
958 20220
959 24269
960 28458
961 21349
962 22665
963 22656
964 22142
965 18027
966 18298
967 23386
968 31852
969 23921
970 29352
971 20018
972 21363
973 23039
974 24328
975 26760
976 27484
977 29837
978 26688
979 25099
980 28303
981 27351
982 22970
983 24604
984 30014
985 27659
986 15282
987 30274
988 26099
989 32482
990 27645
991 18699
992 25348
993 29340
994 21010
995 27165
996 18755
997 28376
998 29776
999 29802
1000 24559
1001 24888
1002 28568
1003 23930
1004 24816
1005 26876
1006 28846
1007 27669
1008 23059
1009 30159
1010 30134
1011 16722
1012 25647
1013 23967
1014 28331
1015 33953
1016 24420
1017 33632
1018 25385
1019 25279
1020 27005
1021 26041
1022 25263
1023 25735
1024 22179
1025 26461
1026 29990
1027 20178
1028 24237
1029 29117
1030 26029
1031 24417
1032 23681
1033 23715
1034 23369
1035 31583
1036 28983
1037 25116
1038 22639
1039 28016
1040 31265
1041 27343
1042 32249
1043 21504
1044 19781
1045 27787
1046 18918
1047 20972
1048 18181
1049 20246
1050 31487
1051 22334
1052 24286
1053 24129
1054 22312
1055 22379
1056 24466
1057 31614
1058 20957
1059 26275
1060 28696
1061 36925
1062 29760
1063 21832
1064 26065
1065 16570
1066 27939
1067 27089
1068 25420
1069 23587
1070 25882
1071 27707
1072 31172
1073 27284
1074 26974
1075 24545
1076 31638
1077 29626
1078 32183
1079 26304
1080 25171
1081 20379
1082 23934
1083 26570
1084 30027
1085 30087
1086 24319
1087 29348
1088 27977
1089 29039
1090 32386
1091 21208
1092 27019
1093 26194
1094 25440
1095 30953
1096 25451
1097 26684
1098 34148
1099 26091
1100 29970
1101 20000
1102 24886
1103 12700
1104 30508
1105 22210
1106 19140
1107 20788
1108 17661
1109 21260
1110 25828
1111 21699
1112 27526
1113 24404
1114 22084
1115 22338
1116 31683
1117 26490
1118 33498
1119 20808
1120 17224
1121 17445
1122 21567
1123 30184
1124 30035
1125 19439
1126 22860
1127 25170
1128 24601
1129 29173
1130 29324
1131 19117
1132 22276
1133 17074
1134 16800
1135 30121
1136 30879
1137 20250
1138 29122
1139 21752
1140 30198
1141 29245
1142 32940
1143 23089
1144 19634
1145 23416
1146 19673
1147 26030
1148 30056
1149 25585
1150 31700
1151 29828
1152 24281
1153 24129
1154 24557
1155 19687
1156 31857
1157 23635
1158 23454
1159 23607
1160 26759
1161 29124
1162 22200
1163 26482
1164 27051
1165 24928
1166 18074
1167 23917
1168 24226
1169 29956
1170 26997
1171 30086
1172 29353
1173 27425
1174 23563
1175 28174
1176 37592
1177 30292
1178 21120
1179 22938
1180 17375
1181 25227
1182 30942
1183 27894
1184 29292
1185 31189
1186 23011
1187 27391
1188 31669
1189 24602
1190 20031
1191 21076
1192 31810
1193 28480
1194 25843
1195 22110
1196 27286
1197 29356
1198 24321
1199 20980
1200 27501
1201 21905
1202 21857
1203 25531
1204 26036
1205 21406
1206 28315
1207 23876
1208 22735
1209 21821
1210 25450
1211 24651
1212 26251
1213 30357
1214 23023
1215 28777
1216 25052
1217 24187
1218 18883
1219 25471
1220 31989
1221 24063
1222 22614
1223 30312
1224 24393
1225 25655
1226 26520
1227 31348
1228 22812
1229 32143
1230 24739
1231 18175
1232 29581
1233 21748
1234 28846
1235 29534
1236 18541
1237 24333
1238 27089
1239 27838
1240 17993
1241 31600
1242 24067
1243 28201
1244 26581
1245 21964
1246 23408
1247 25160
1248 20508
1249 25403
1250 23411
1251 24889
1252 25257
1253 21305
1254 25818
1255 19410
1256 28124
1257 28658
1258 23444
1259 29119
1260 25427
1261 34670
1262 28560
1263 31203
1264 27331
1265 21089
1266 21423
1267 26846
1268 28266
1269 23247
1270 30006
1271 27417
1272 22773
1273 29335
1274 26496
1275 26332
1276 26372
1277 28511
1278 28094
1279 25851
1280 35118
1281 24793
1282 22774
1283 26593
1284 24399
1285 30047
1286 25349
1287 23240
1288 28532
1289 27532
1290 26428
1291 23510
1292 21844
1293 21343
1294 24537
1295 25041
1296 23848
1297 32569
1298 21991
1299 17400
1300 25010
1301 27085
1302 26666
1303 24647
1304 21575
1305 31561
1306 18563
1307 25229
1308 26450
1309 25787
1310 21476
1311 21224
1312 24278
1313 23057
1314 37400
1315 29673
1316 33195
1317 21863
1318 19564
1319 26883
1320 23114
1321 26768
1322 26763
1323 27969
1324 26578
1325 26358
1326 26385
1327 24993
1328 20112
1329 20305
1330 31663
1331 22414
1332 13184
1333 25116
1334 25393
1335 31057
1336 25020
1337 28671
1338 24796
1339 30842
1340 20309
1341 27375
1342 25469
1343 25406
1344 21722
1345 25999
1346 24150
1347 30933
1348 24096
1349 24057
1350 27220
1351 22366
1352 32483
1353 24310
1354 25342
1355 26538
1356 31870
1357 25658
1358 26694
1359 25202
1360 26175
1361 30888
1362 23575
1363 28169
1364 19968
1365 18738
1366 26443
1367 28397
1368 23382
1369 27099
1370 29764
1371 23860
1372 19270
1373 16276
1374 17088
1375 28921
1376 26607
1377 28612
1378 19867
1379 17818
1380 23366
1381 15773
1382 30313
1383 19302
1384 19940
1385 24596
1386 20429
1387 30057
1388 26805
1389 21746
1390 25418
1391 25399
1392 23662
1393 32449
1394 27053
1395 30848
1396 25241
1397 24165
1398 24120
1399 24509
1400 29509
1401 21183
1402 22622
1403 22047
1404 23753
1405 22245
1406 25461
1407 25217
1408 25105
1409 25108
1410 30108
1411 20051
1412 24835
1413 24919
1414 28110
1415 18954
1416 28509
1417 20187
1418 28484
1419 26330
1420 34038
1421 27574
1422 22440
1423 16786
1424 23888
1425 22003
1426 19779
1427 26536
1428 32327
1429 28502
1430 18284
1431 28707
1432 28794
1433 23342
1434 30186
1435 23659
1436 30157
1437 29388
1438 22501
1439 33912
1440 28568
1441 18199
1442 26188
1443 29151
1444 26258
1445 27531
1446 26058
1447 27744
1448 22967
1449 21371
1450 24519
1451 16428
1452 19383
1453 23919
1454 28335
1455 23078
1456 20790
1457 25992
1458 19933
1459 24319
1460 32821
1461 24758
1462 26883
1463 25988
1464 36123
1465 29767
1466 25775
1467 27608
1468 26987
1469 24505
1470 21525
1471 15403
1472 28002
1473 15993
1474 23951
1475 23657
1476 23414
1477 26388
1478 32505
1479 19867
1480 25307
1481 27537
1482 29785
1483 32825
1484 23676
1485 27011
1486 23240
1487 26863
1488 23548
1489 19431
1490 25008
1491 30780
1492 26664
1493 25670
1494 26674
1495 27128
1496 30989
1497 29068
1498 27962
1499 32596
1500 24904
1501 28617
1502 27528
1503 33662
1504 27699
1505 27538
1506 21893
1507 18282
1508 29303
1509 19189
1510 21963
1511 25852
1512 32803
1513 27483
1514 24327
1515 29134
1516 29306
1517 24128
1518 26718
1519 21360
1520 20162
1521 21616
1522 29571
1523 33002
1524 23043
1525 24702
1526 25061
1527 15257
1528 16826
1529 23759
1530 31918
1531 23689
1532 31446
1533 27693
1534 17567
1535 22158
1536 24710
1537 24456
1538 26800
1539 24067
1540 27331
1541 26190
1542 25272
1543 24353
1544 22996
1545 28764
1546 27192
1547 22286
1548 27366
1549 32641
1550 24559
1551 29077
1552 21658
1553 20288
1554 21152
1555 20071
1556 28206
1557 31053
1558 27525
1559 21940
1560 23684
1561 22709
1562 26738
1563 28144
1564 25762
1565 20750
1566 24090
1567 22544
1568 25497
1569 27405
1570 29029
1571 29706
1572 22719
1573 26046
1574 19432
1575 28404
1576 22094
1577 25288
1578 26026
1579 30506
1580 21439
1581 24948
1582 30360
1583 28395
1584 28210
1585 21182
1586 25162
1587 22239
1588 29843
1589 20785
1590 27120
1591 27680
1592 28627
1593 18859
1594 17676
1595 27394
1596 20364
1597 26838
1598 31613
1599 25105
1600 30496
1601 28742
1602 22161
1603 22854
1604 27745
1605 26817
1606 32387
1607 16321
1608 21677
1609 21056
1610 27026
1611 20872
1612 27817
1613 18478
1614 26120
1615 30778
1616 25891
1617 19690
1618 21522
1619 24909
1620 19368
1621 23981
1622 22179
1623 30734
1624 25197
1625 22876
1626 31988
1627 24252
1628 27288
1629 26186
1630 26497
1631 24561
1632 20739
1633 19056
1634 22228
1635 35082
1636 21346
1637 26860
1638 23473
1639 29686
1640 24747
1641 30008
1642 23427
1643 23691
1644 24215
1645 27411
1646 25551
1647 29652
1648 12700
1649 23209
1650 25183
1651 20800
1652 22075
1653 26075
1654 29675
1655 26255
1656 26813
1657 21327
1658 23749
1659 27035
1660 25673
1661 32897
1662 18777
1663 28406
1664 25331
1665 27570
1666 25071
1667 22705
1668 26753
1669 26108
1670 21682
1671 28062
1672 28690
1673 37735
1674 25905
1675 21208
1676 28174
1677 24136
1678 24940
1679 27018
1680 32222
1681 19615
1682 21475
1683 15315
1684 24157
1685 31558
1686 18344
1687 21066
1688 26708
1689 24411
1690 30394
1691 23176
1692 21047
1693 27056
1694 22447
1695 25142
1696 30314
1697 24059
1698 25163
1699 26458
1700 32410
1701 30058
1702 22843
1703 26451
1704 24324
1705 34708
1706 19933
1707 29504
1708 33997
1709 29288
1710 29709
1711 19040
1712 23575
1713 25005
1714 21606
1715 25128
1716 23119
1717 16982
1718 24734
1719 23818
1720 22963
1721 29875
1722 28085
1723 31796
1724 28091
1725 25798
1726 24160
1727 30320
1728 25275
1729 19580
1730 19239
1731 31518
1732 28513
1733 32650
1734 34280
1735 26754
1736 26466
1737 27485
1738 21985
1739 27099
1740 21808
1741 22522
1742 28187
1743 27195
1744 28455
1745 23769
1746 20304
1747 25394
1748 26806
1749 25311
1750 21927
1751 28121
1752 31482
1753 24377
1754 23970
1755 23158
1756 30088
1757 26012
1758 25524
1759 27536
1760 30147
1761 22112
1762 18845
1763 22738
1764 25641
1765 22072
1766 24218
1767 24619
1768 23546
1769 25680
1770 33254
1771 22267
1772 33401
1773 21469
1774 31132
1775 19207
1776 25781
1777 25819
1778 25727
1779 28851
1780 28855
1781 23621
1782 26260
1783 29524
1784 25625
1785 22384
1786 22933
1787 25191
1788 28362
1789 19608
1790 20375
1791 25115
1792 21880
1793 25036
1794 18800
1795 27119
1796 30281
1797 30015
1798 21415
1799 26712
1800 23320
1801 22287
1802 31375
1803 25508
1804 27232
1805 23171
1806 27448
1807 31492
1808 31677
1809 23108
1810 23474
1811 21288
1812 20232
1813 24069
1814 26237
1815 30271
1816 17088
1817 20464
1818 24459
1819 21869
1820 27240
1821 24106
1822 25815
1823 31092
1824 15164
1825 27165
1826 26378
1827 24450
1828 23709
1829 21794
1830 31095
1831 28588
1832 29060
1833 31705
1834 23424
1835 28085
1836 18526
1837 26379
1838 19991
1839 21201
1840 30215
1841 29429
1842 26056
1843 26847
1844 24878
1845 21044
1846 31541
1847 23181
1848 26468

0 34 12 12
0 451 11 15
0 587 49 12
0 711 31 2
0 1206 39 2
0 1731 3 6
0 1800 56 12
1 127 25 10
1 824 26 5
1 1102 43 5
1 1121 40 13
1 1396 29 10
1 1557 31 15
1 1731 5 7
2 66 48 4
2 166 36 14
2 167 4 15
2 476 51 1
2 583 17 2
2 585 41 15
2 968 13 15
2 978 41 10
2 1031 48 12
2 1449 25 13
2 1731 54 13
3 38 28 4
3 107 11 1
3 333 56 11
3 468 17 7
3 521 48 15
3 1016 46 14
3 1339 22 1
3 1525 14 5
3 1709 10 5
4 69 16 4
4 477 33 8
4 515 29 10
4 976 37 1
4 1593 32 3
5 665 36 1
6 653 20 12
6 1003 16 7
6 1231 45 8
6 1682 56 8
7 118 12 7
7 147 38 12
7 570 50 5
7 628 35 2
7 737 28 11
7 966 37 7
7 1424 46 2
8 23 41 9
8 584 50 9
8 663 15 1
8 793 58 13
8 901 9 9
8 1036 10 13
8 1534 10 14
8 1578 39 2
9 260 42 15
9 283 9 4
9 325 11 2
9 1019 16 11
9 1180 31 6
10 331 34 4
10 371 4 12
10 435 32 14
10 453 5 4
10 601 1 2
10 821 6 5
10 1036 11 7
10 1155 35 3
10 1252 48 2
10 1254 51 12
10 1586 21 1
10 1694 11 6
11 200 13 14
11 1160 6 6
11 1632 1 4
11 1697 21 12
12 63 24 10
12 182 3 10
12 350 35 1
12 527 4 10
12 968 39 14
12 1072 17 15
13 24 19 3
13 47 57 3
13 198 12 9
13 1182 24 13
13 1848 30 4
14 61 34 10
14 529 17 12
14 800 42 4
14 919 48 10
14 932 56 14
14 1205 45 15
14 1241 19 9
14 1390 38 7
15 145 14 8
15 342 1 8
15 425 35 4
15 456 11 11
15 1064 24 3
15 1396 19 8
15 1502 22 2
15 1542 38 9
15 1655 15 14
16 330 52 8
16 405 49 5
16 499 20 9
16 652 34 2
16 1273 33 14
16 1473 37 10
16 1546 24 1
17 345 57 3
17 443 20 12
17 678 27 7
17 685 2 13
17 832 9 4
17 923 27 11
17 1099 18 14
17 1629 40 6
17 1788 42 8
18 666 27 15
18 1145 19 8
18 1152 17 4
18 1413 3 8
19 89 51 4
19 734 52 14
19 1184 3 8
19 1507 6 14
19 1805 22 11
20 140 14 11
20 436 23 9
20 765 54 10
20 814 26 2
20 906 45 7
20 1012 26 11
20 1201 60 1
20 1229 4 1
20 1315 33 15
20 1499 19 2
20 1658 33 4
20 1755 43 5
21 460 52 7
21 976 3 15
21 1172 5 12
21 1245 40 5
21 1587 37 9
22 77 18 9
22 318 46 11
22 442 21 11
22 987 2 15
22 1002 60 4
22 1058 15 12
22 1556 24 1
22 1820 54 2
22 1833 55 15
23 775 12 6
23 931 26 14
23 932 22 6
23 1066 32 8
23 1209 16 15
23 1821 30 14
24 234 6 10
24 318 25 11
24 611 36 5
24 657 51 4
24 743 20 13
24 845 33 2
24 849 35 4
24 1124 14 8
24 1373 3 10
25 112 35 6
25 446 41 10
25 880 11 15
26 214 26 2
26 405 27 9
26 589 50 14
26 609 25 5
26 1044 27 4
26 1109 19 1
26 1273 46 11
26 1680 35 12
27 511 37 10
27 617 35 9
27 869 24 6
27 1099 34 8
27 1203 44 3
28 1085 35 9
28 1222 25 6
28 1737 45 11
29 201 53 15
29 885 17 14
30 786 5 14
30 828 41 3
30 1595 46 4
30 1754 9 10
31 40 3 4
31 108 52 7
31 197 29 8
31 1061 45 15
31 1236 57 9
31 1256 16 4
31 1421 35 5
31 1638 12 7
31 1664 43 8
31 1733 41 9
32 545 5 3
32 1223 27 9
33 347 35 11
33 1029 41 15
33 1063 18 11
33 1232 18 6
33 1370 39 15
34 522 28 9
34 630 48 5
34 959 44 2
34 1264 2 12
34 1296 6 7
34 1333 22 7
35 114 13 2
35 167 56 15
35 282 58 5
35 836 27 7
35 893 37 9
35 1457 36 5
35 1575 12 1
36 430 59 10
36 526 47 13
36 976 17 12
36 1108 26 6
36 1135 34 9
36 1398 54 11
36 1678 17 6
36 1696 10 4
36 1789 54 8
37 203 55 11
37 382 32 14
37 810 7 1
37 1422 13 3
37 1506 5 7
37 1592 29 5
37 1726 54 10
37 1795 49 14
38 129 23 8
38 1595 4 8
39 214 45 9
39 335 18 3
39 704 25 4
39 1038 40 3
39 1276 43 5
39 1511 60 4
39 1614 11 12
39 1780 5 1
40 50 32 13
40 147 50 2
40 211 6 4
40 218 2 14
40 334 23 1
40 423 40 10
40 564 27 14
40 1488 20 9
41 262 55 10
41 279 8 2
41 374 15 1
41 863 13 1
41 1260 6 3
41 1355 37 10
41 1830 4 12
42 396 44 4
42 498 3 6
42 1016 33 12
43 147 12 14
43 587 55 15
43 873 41 1
43 910 45 8
43 928 18 10
44 353 45 2
44 570 60 10
44 899 32 4
44 1506 4 9
44 1518 15 11
44 1522 35 1
44 1581 39 3
45 669 40 2
45 763 8 8
45 967 7 5
46 86 59 10
46 762 35 10
46 1131 26 9
46 1401 13 4
47 319 45 7
47 551 39 10
47 662 58 2
47 741 31 13
47 973 48 14
47 1016 43 1
47 1082 9 11
47 1292 11 11
47 1479 60 2
48 528 20 11
48 909 13 5
48 1013 29 8
48 1237 8 5
48 1339 49 4
48 1744 21 9
48 1805 53 5
49 316 45 12
49 915 6 5
49 1102 42 1
49 1226 22 15
49 1828 5 10
50 444 8 4
50 739 13 5
50 1194 25 2
50 1310 9 11
50 1573 50 14
51 943 58 6
51 1108 15 11
51 1174 30 14
51 1569 32 2
52 471 49 13
52 633 49 8
52 879 2 12
53 1371 43 13
53 1405 32 4
53 1418 47 7
53 1522 14 15
54 263 19 13
54 371 53 4
54 780 58 8
54 1154 28 12
54 1542 57 7
55 64 55 1
55 311 5 8
55 543 44 3
55 573 10 1
55 999 4 4
55 1490 50 1
55 1582 53 13
55 1790 10 6
55 1802 41 6
56 89 8 11
56 669 30 13
56 1201 10 7
56 1514 41 15
56 1756 5 6
57 591 42 1
57 711 4 14
57 1804 14 6
57 1832 32 12
58 948 27 6
58 1050 16 11
59 153 20 15
59 772 40 1
59 1473 39 10
60 837 2 6
60 1403 20 9
61 187 36 1
61 313 46 14
61 495 1 14
61 711 2 14
61 888 38 9
61 1060 10 5
61 1122 22 10
61 1667 41 2
61 1802 52 11
62 422 11 3
62 835 16 1
62 986 13 15
62 1407 47 12
63 163 47 12
63 328 30 3
63 555 4 9
63 581 49 9
63 838 26 15
63 1056 44 5
63 1509 15 13
63 1515 50 6
64 236 45 5
64 336 9 1
64 482 44 12
64 551 21 5
64 588 26 4
64 1049 44 4
64 1263 44 9
64 1512 7 15
65 748 23 7
65 1095 30 7
65 1136 31 11
65 1188 20 1
65 1695 22 12
66 126 25 13
66 146 39 8
66 662 58 14
66 1007 18 6
66 1019 9 1
66 1159 15 15
66 1314 14 4
67 185 1 4
67 192 25 1
67 524 19 4
67 593 56 12
67 1270 54 4
67 1472 22 5
67 1495 28 5
67 1548 55 12
67 1556 14 6
68 177 58 15
68 375 15 13
68 424 48 7
68 837 40 9
68 1020 18 4
68 1150 27 4
68 1653 8 13
68 1695 13 11
68 1756 44 2
69 654 22 6
69 699 5 14
70 79 37 4
70 228 41 5
70 237 43 2
70 310 4 6
70 504 29 3
70 849 12 12
70 1330 53 15
70 1484 37 7
71 257 17 2
71 349 8 1
71 503 13 13
71 734 11 8
71 828 21 14
72 174 25 9
72 184 44 10
72 318 50 8
72 386 5 12
72 478 41 9
72 934 37 15
72 979 11 8
72 1030 38 3
72 1233 35 12
72 1478 31 3
73 332 10 1
73 828 14 4
73 959 53 14
74 859 41 4
74 1086 39 11
74 1135 55 5
74 1247 2 15
74 1419 45 2
74 1793 4 1
75 529 57 8
75 551 35 15
75 673 43 14
75 760 56 7
75 1067 12 14
75 1073 40 11
76 100 31 5
76 663 41 7
76 865 39 13
76 1026 18 2
76 1290 36 13
76 1489 6 4
76 1735 4 11
76 1778 19 10
77 531 32 5
77 940 53 15
77 1208 33 2
77 1826 41 13
78 335 53 10
78 532 32 1
78 666 35 3
78 712 1 10
78 1453 7 8
78 1789 56 13
79 508 45 5
79 834 27 3
79 1539 52 7
79 1564 26 12
80 132 52 13
80 806 48 9
81 161 40 13
81 1070 22 10
81 1405 59 7
81 1787 48 14
82 926 20 15
82 1081 57 11
82 1365 40 11
82 1686 22 9
83 469 24 12
83 748 14 13
83 789 17 8
84 427 47 14
84 964 53 9
84 1071 44 6
85 154 29 7
85 561 5 12
85 642 43 12
85 757 24 4
85 1406 11 2
85 1540 20 11
85 1575 20 13
85 1586 45 3
86 243 51 14
86 287 43 13
86 448 19 7
86 672 60 12
86 742 34 7
86 891 8 1
86 1150 46 5
86 1297 39 4
87 315 4 14
87 552 13 1
87 792 26 1
87 1314 12 15
88 385 1 8
88 1076 2 11
88 1533 9 7
88 1728 8 3
88 1742 56 15
89 106 55 11
89 366 27 8
89 457 12 10
89 513 8 13
89 833 21 11
89 1413 39 15
90 171 34 12
90 851 28 7
90 1063 35 14
90 1207 29 2
90 1283 29 15
90 1518 5 2
90 1617 12 6
91 369 16 1
91 414 17 10
91 425 7 12
91 566 49 2
91 602 44 7
91 1013 52 15
91 1189 45 9
92 968 37 7
92 1411 54 2
92 1823 5 15
93 175 47 2
93 559 49 1
93 713 17 12
93 1691 29 8
93 1787 17 1
94 164 5 5
94 815 45 4
94 1135 13 3
94 1709 32 15
94 1823 18 9
95 288 49 12
95 347 50 13
95 834 48 5
95 971 8 1
95 1066 17 12
96 278 1 11
96 630 9 3
96 691 13 10
96 911 46 15
96 968 36 2
96 1341 35 7
96 1454 2 15
97 411 24 3
97 675 59 9
97 953 40 4
97 1004 30 1
97 1270 37 5
97 1559 11 9
97 1673 44 4
97 1786 58 11
98 672 7 13
98 922 7 13
98 1456 3 1
98 1666 25 13
98 1817 40 15
99 1078 31 15
99 1120 26 2
99 1423 44 8
100 360 13 7
100 839 24 10
100 1071 33 6
100 1402 25 11
100 1712 36 12
101 810 6 12
101 956 14 4
101 965 55 14
101 1035 7 12
102 179 50 2
102 789 16 3
102 818 35 9
102 1177 41 10
102 1405 4 15
102 1467 45 12
102 1723 60 12
102 1739 41 3
103 172 57 7
103 237 43 15
103 341 13 10
103 478 50 15
103 597 6 4
103 724 12 3
103 1174 39 11
103 1339 41 13
103 1644 48 10
104 1013 3 11
104 1048 52 14
104 1588 28 15
105 777 20 14
105 826 22 12
105 1087 21 4
105 1096 39 2
105 1274 13 3
105 1700 31 10
105 1746 16 8
105 1752 53 1
105 1764 31 14
106 193 30 12
106 203 39 11
106 353 12 10
106 401 2 7
106 1393 5 13
106 1723 1 5
107 223 42 14
107 474 7 11
107 817 39 5
107 830 42 1
107 882 31 3
107 1167 27 14
107 1740 24 2
108 417 58 5
108 423 31 10
108 602 25 10
108 733 34 5
108 1143 34 6
108 1238 24 5
108 1400 50 11
109 389 54 10
109 637 8 12
109 1031 48 12
109 1282 40 4
109 1659 41 6
110 137 29 6
110 142 13 5
110 1147 57 8
110 1447 19 15
110 1835 15 14
111 391 34 12
111 440 20 6
111 707 47 10
111 1542 8 9
112 443 28 2
112 697 48 12
112 726 36 4
112 1235 27 8
112 1309 28 7
112 1659 38 15
113 325 29 2
113 404 43 13
113 646 11 12
113 738 32 1
113 786 42 9
113 818 47 4
113 1020 41 11
113 1129 59 15
113 1203 22 7
113 1358 41 12
113 1420 9 8
113 1455 1 14
113 1584 37 14
113 1667 57 13
114 160 45 3
114 505 8 10
114 849 28 15
114 897 36 15
114 1355 48 2
114 1429 19 12
115 1091 8 10
115 1181 16 14
115 1211 26 13
115 1239 54 15
115 1388 21 12
115 1461 36 14
116 212 7 13
116 435 55 9
116 534 21 2
116 730 24 3
116 1166 15 11
116 1289 21 10
116 1533 33 15
116 1794 59 10
117 206 41 11
117 459 5 14
117 511 53 2
117 773 48 11
117 1663 2 12
118 163 52 5
118 262 24 9
118 1675 50 3
119 1594 30 8
119 1730 41 7
119 1799 60 6
120 302 30 9
120 563 39 10
120 661 36 6
120 1017 32 9
120 1256 13 8
120 1724 25 2
120 1733 38 13
121 837 15 4
121 1036 10 5
121 1267 19 7
121 1318 54 1
122 1135 30 7
122 1152 26 3
122 1317 35 8
122 1496 32 1
122 1525 50 6
122 1554 41 10
123 431 52 4
123 821 22 11
123 1027 22 4
123 1655 28 12
123 1835 2 7
124 271 39 1
124 350 40 14
124 756 27 3
124 890 50 9
124 1073 10 1
124 1465 22 10
124 1735 50 4
125 266 58 8
125 353 21 10
125 776 29 7
125 1335 25 6
125 1556 6 1
126 324 49 2
126 610 59 9
126 967 16 2
126 1035 46 5
126 1136 4 12
126 1181 11 15
126 1219 50 10
126 1348 40 1
126 1794 51 11
127 1683 56 7
127 1792 19 6
128 181 29 13
128 1160 12 6
128 1449 15 7
128 1480 43 11
129 213 19 7
129 683 1 1
129 974 47 11
129 1441 37 7
129 1483 26 8
129 1705 31 4
130 200 33 12
130 324 51 1
130 346 46 8
130 1243 4 5
130 1300 21 9
130 1593 35 14
130 1613 30 4
130 1667 49 3
131 319 32 15
131 1147 21 10
131 1262 14 5
132 1020 49 6
132 1261 26 1
132 1482 8 5
132 1793 16 13
133 235 57 3
133 398 54 12
133 734 55 7
133 744 30 12
133 999 34 9
133 1028 41 8
133 1467 40 14
134 192 46 5
134 439 46 2
134 450 15 13
134 770 16 7
134 921 43 5
134 1717 13 4
134 1796 51 5
135 305 6 9
135 344 42 1
135 582 31 14
135 891 7 7
135 1502 57 13
136 464 12 4
136 604 55 8
136 1102 45 13
136 1296 35 15
136 1529 2 11
136 1592 58 10
136 1604 6 6
136 1751 51 12
136 1760 38 4
136 1773 32 4
136 1824 51 6
137 346 17 12
137 397 21 10
137 795 54 13
137 914 34 2
137 997 10 12
137 1054 24 5
137 1221 16 11
137 1393 9 7
137 1468 54 15
137 1539 50 1
137 1620 5 15
137 1703 34 8
137 1819 48 5
138 547 6 5
138 996 7 12
138 1372 14 3
139 661 6 9
139 1244 52 4
139 1431 18 15
139 1664 3 2
140 411 20 3
140 981 27 10
140 1303 36 12
141 224 14 3
141 281 32 6
141 569 9 15
141 701 32 7
141 790 42 1
141 1251 47 5
141 1435 30 10
141 1472 29 9
142 322 26 2
142 346 48 4
142 347 29 4
142 1242 1 11
142 1370 25 14
142 1423 28 5
142 1456 58 14
143 208 47 13
143 724 2 12
143 1090 9 7
143 1481 56 9
143 1507 44 8
144 269 47 9
144 399 42 15
144 523 26 15
144 806 46 9
144 895 59 5
144 974 15 14
144 1030 20 8
144 1132 24 10
144 1555 49 5
144 1609 20 14
144 1680 47 3
145 653 19 1
145 812 41 15
145 1194 17 13
145 1289 17 1
145 1528 2 15
146 202 52 11
146 729 27 13
146 1363 35 12
146 1609 46 14
146 1667 56 4
147 262 42 11
147 419 10 1
147 473 30 9
147 776 54 8
147 1160 16 14
147 1168 49 1
147 1254 42 3
147 1418 12 5
147 1440 16 8
148 819 54 10
148 985 45 8
148 1794 8 12
149 234 10 15
149 839 3 9
149 1233 5 14
149 1315 15 10
149 1451 10 8
149 1647 27 15
149 1673 20 6
150 368 39 4
150 1467 4 13
151 412 19 1
151 977 36 9
151 1019 9 13
151 1070 8 14
151 1331 19 6
151 1413 8 8
152 223 28 2
152 483 40 5
152 1707 16 15
152 1788 15 5
153 898 31 7
153 1004 19 12
153 1096 46 11
154 498 35 9
154 591 33 1
154 679 19 1
154 786 32 1
154 878 34 13
154 1494 55 6
154 1525 53 8
155 283 44 3
155 355 15 3
155 361 48 12
155 383 55 4
155 413 25 3
155 616 16 2
155 1184 23 11
155 1387 12 1
155 1425 35 8
155 1468 20 5
156 220 49 1
156 1099 20 4
157 257 27 12
157 270 21 1
157 707 18 1
157 1064 8 13
157 1224 6 3
158 202 38 2
158 774 49 12
158 1649 56 13
159 509 40 14
159 553 29 10
159 957 27 2
159 1241 30 15
159 1330 7 9
159 1358 39 7
159 1365 42 9
160 203 10 2
160 223 42 14
160 226 3 3
160 709 40 6
160 966 22 10
160 1842 17 8
161 203 9 3
161 271 45 2
161 564 52 9
161 697 59 11
161 791 48 13
162 344 38 4
162 750 25 11
162 1287 29 1
163 219 32 15
163 733 47 2
163 736 14 6
163 751 24 2
163 835 39 3
163 1021 48 5
163 1232 55 11
163 1433 35 9
163 1795 53 1
164 330 9 7
164 777 42 12
164 918 12 12
164 1081 35 12
164 1796 49 9
165 491 42 10
165 530 21 11
165 1138 23 7
165 1166 19 8
165 1468 23 9
165 1719 27 1
165 1776 6 14
165 1811 36 12
166 633 52 7
166 645 38 14
166 988 15 14
166 1369 2 15
166 1520 46 7
167 218 7 15
167 1382 17 15
167 1474 25 13
167 1778 15 12
168 507 49 4
168 573 60 6
168 661 11 12
168 677 1 6
168 1105 42 10
168 1393 42 10
168 1490 2 9
168 1495 4 13
168 1630 37 11
169 378 10 9
169 446 30 4
169 714 19 10
169 1129 34 10
170 188 49 15
170 437 2 5
170 532 12 11
170 636 18 15
170 829 39 4
170 990 25 7
170 1298 36 12
171 197 20 12
171 365 18 11
171 609 50 6
171 643 28 13
171 781 55 5
171 826 49 13
171 849 45 11
171 988 22 11
171 1066 23 4
172 442 57 12
172 863 39 6
172 884 37 9
172 1365 3 1
172 1678 11 15
173 419 43 9
173 454 23 6
173 536 52 1
173 565 19 8
173 575 24 9
173 962 54 11
173 979 29 13
173 1039 25 7
173 1096 7 15
173 1248 15 3
174 504 54 8
174 676 11 14
174 1280 60 5
174 1654 41 11
174 1770 20 8
175 213 46 5
175 293 7 14
175 930 22 2
175 1159 55 12
175 1316 52 15
175 1606 17 9
175 1640 54 7
176 213 54 9
176 747 30 14
176 1373 60 8
177 238 50 8
177 1429 3 10
177 1655 35 8
178 311 9 8
178 760 48 7
178 993 44 4
178 1299 39 11
178 1595 37 4
179 234 13 7
179 1106 31 9
179 1152 56 13
179 1636 44 5
179 1697 20 13
180 611 23 15
180 780 22 11
180 950 39 12
180 975 8 7
180 1192 12 7
180 1365 43 6
180 1393 28 2
180 1559 1 6
180 1805 39 12
181 299 31 12
181 321 34 11
181 1117 4 1
181 1208 39 6
181 1213 6 13
181 1309 24 14
181 1460 7 12
181 1657 31 6
181 1673 41 9
182 342 3 3
182 519 4 15
182 846 18 3
182 1054 38 8
182 1172 21 10
182 1574 27 9
182 1680 10 14
183 1243 52 5
183 1249 19 2
184 205 57 6
184 342 46 15
184 1032 18 13
184 1645 1 2
184 1726 5 6
184 1777 45 4
185 466 53 14
185 630 34 13
185 701 43 9
185 974 56 14
185 1547 35 2
185 1681 26 7
186 304 18 6
186 444 36 1
186 695 32 3
186 1108 57 14
186 1451 37 5
186 1460 1 6
186 1496 13 4
186 1782 53 8
187 263 23 8
187 370 14 2
187 770 26 14
187 951 52 13
187 1364 55 1
187 1839 51 2
188 308 10 8
188 1484 49 12
188 1592 42 15
189 357 59 11
189 365 28 7
189 393 17 9
189 529 54 11
189 557 37 6
189 1195 10 14
189 1206 25 1
189 1652 46 1
189 1753 43 4
190 443 16 8
190 548 31 5
190 863 38 7
190 1197 34 14
190 1202 55 8
191 405 2 8
191 469 59 13
191 790 20 9
191 1426 2 5
191 1465 21 1
192 866 2 15
192 1019 57 7
192 1239 9 4
192 1758 17 4
193 323 21 3
193 1325 42 10
194 1367 40 6
194 1680 52 4
195 307 46 11
195 738 2 14
195 1182 27 14
195 1281 47 14
195 1635 51 11
195 1687 14 5
196 220 42 13
196 290 10 15
196 622 47 6
196 914 6 4
196 1216 53 12
196 1509 37 5
197 273 56 4
197 915 48 10
197 1046 8 10
197 1229 7 14
197 1252 41 8
198 230 2 10
198 985 16 13
198 1032 50 8
198 1307 14 2
198 1812 7 2
199 556 54 7
199 1174 51 5
199 1293 2 9
199 1296 26 2
200 563 50 6
200 1048 20 3
200 1440 58 4
200 1515 20 11
200 1570 57 9
200 1604 6 7
200 1622 59 13
200 1688 52 7
201 664 11 10
201 692 10 10
201 892 20 10
201 1084 37 2
201 1107 41 5
201 1249 9 9
201 1296 55 13
201 1332 10 7
202 697 2 8
202 1738 33 8
203 257 35 8
203 1070 55 2
203 1730 56 8
204 329 22 8
204 332 3 3
204 434 45 6
204 980 32 9
204 1031 50 10
204 1680 8 11
204 1804 30 9
205 1012 8 6
205 1669 9 12
206 303 17 11
206 390 23 8
206 782 3 14
206 820 3 4
206 896 30 13
206 1591 18 14
206 1802 38 12
207 587 37 2
207 787 43 8
207 798 57 2
207 1686 43 15
208 420 2 3
208 421 44 11
208 527 41 9
208 539 46 8
208 1231 14 9
209 223 60 6
209 317 23 9
209 857 41 13
209 951 30 10
209 1502 12 2
210 420 44 13
210 801 4 15
210 1109 30 8
210 1261 34 13
210 1611 13 7
210 1830 46 5
211 446 30 1
211 617 17 14
211 1072 3 12
211 1298 59 15
211 1507 26 11
211 1523 49 15
211 1689 35 5
212 232 21 2
212 486 7 6
212 516 51 14
212 615 52 15
212 1494 23 15
213 571 29 12
213 690 37 13
213 1715 56 10
213 1725 51 6
214 277 43 9
214 608 3 10
214 640 49 1
214 1226 17 12
214 1294 41 5
214 1795 46 13
215 444 31 4
215 463 4 11
215 492 41 13
215 917 51 6
215 1265 45 14
216 240 40 1
216 668 59 3
216 945 5 11
216 1233 35 7
216 1374 35 7
216 1484 2 3
217 623 17 8
217 1026 48 11
217 1299 32 7
217 1568 37 5
217 1596 52 8
218 445 49 3
218 530 43 12
218 968 8 10
218 1090 3 7
218 1807 10 12
219 506 51 6
219 912 6 5
219 986 1 3
219 1422 35 2
219 1426 36 8
219 1719 26 13
220 779 2 2
220 1229 26 4
220 1527 14 2
220 1570 10 9
220 1654 55 7
220 1805 48 8
221 406 22 6
221 441 1 8
221 542 43 6
221 566 19 3
221 653 3 2
221 745 20 1
221 794 50 1
221 837 20 5
221 912 6 12
221 1097 11 15
221 1641 1 9
222 328 7 3
222 366 20 11
222 434 12 5
222 543 32 12
222 736 59 13
222 909 34 13
222 997 38 9
222 1128 33 2
222 1256 45 8
222 1671 32 4
222 1732 43 15
223 695 46 15
223 1033 3 7
223 1180 24 12
223 1723 32 14
224 260 59 12
224 1070 42 4
224 1614 55 5
225 426 41 5
225 715 15 4
225 837 27 10
225 929 38 1
225 1006 53 5
226 727 7 13
226 1223 13 5
226 1270 58 1
226 1590 7 7
226 1611 46 12
226 1696 39 5
226 1796 29 13
227 397 12 12
227 729 53 9
227 732 41 8
227 990 2 3
227 1484 27 14
227 1545 36 13
227 1827 60 3
228 318 37 10
228 588 8 10
228 977 38 9
228 1109 59 13
228 1527 49 8
228 1690 3 5
229 281 57 8
229 1057 37 11
229 1131 3 11
229 1365 50 1
230 488 38 13
230 1360 32 3
230 1395 11 1
230 1512 14 12
231 618 37 7
231 698 53 11
231 1040 39 8
231 1141 47 12
231 1194 1 11
231 1446 17 9
232 342 17 3
232 691 19 4
232 1773 45 8
233 357 8 9
233 863 53 11
233 1014 38 10
233 1100 9 5
233 1232 15 13
234 522 29 8
234 778 35 11
234 1234 20 11
234 1659 28 14
235 390 46 12
235 669 52 15
235 744 14 6
235 961 22 1
235 1331 46 10
236 450 11 1
236 627 34 11
236 914 6 7
236 1013 49 5
236 1709 44 1
236 1778 31 2
237 626 27 5
237 1646 17 1
238 641 18 10
238 907 45 13
238 1175 13 13
238 1440 38 7
239 423 44 4
239 682 16 5
239 890 43 12
239 1030 25 8
239 1448 12 13
240 412 12 6
240 526 45 5
240 1630 13 11
240 1719 34 5
241 417 18 9
241 570 7 12
241 861 38 4
242 352 16 13
242 404 35 10
242 777 39 3
242 846 30 4
242 1199 38 11
242 1667 48 4
242 1711 18 7
242 1837 42 3
243 710 26 4
243 857 26 14
243 999 42 15
243 1019 9 7
243 1465 44 6
243 1568 34 12
243 1742 12 3
243 1782 6 5
244 496 27 13
244 520 38 12
244 1005 50 7
244 1064 30 14
244 1238 60 1
244 1421 24 2
244 1434 28 8
244 1510 35 14
244 1816 54 11
245 680 26 12
245 1095 42 4
245 1282 33 7
245 1472 48 12
245 1574 42 9
246 325 19 10
246 460 52 2
246 656 15 6
246 882 21 12
246 1038 47 14
247 504 33 5
247 594 17 14
247 753 51 5
247 1073 52 13
247 1218 51 3
247 1462 26 12
247 1669 27 4
247 1843 4 15
248 480 20 6
248 1255 33 12
248 1496 48 7
249 278 48 15
249 464 32 9
249 593 46 6
249 654 44 9
249 1489 45 14
249 1507 5 13
249 1745 30 6
250 358 41 1
250 402 13 1
250 906 19 11
250 1655 56 5
251 603 33 12
251 923 31 5
251 1079 53 15
251 1452 21 11
251 1791 9 10
251 1827 3 3
252 485 23 8
252 593 11 10
252 1138 12 12
252 1645 5 8
252 1730 55 6
253 770 43 9
253 930 25 3
253 1021 45 9
253 1353 51 2
253 1672 42 15
254 931 54 1
254 1096 7 15
254 1270 59 5
254 1489 13 9
254 1491 21 5
254 1575 40 9
254 1709 58 5
255 495 28 3
255 1020 28 10
255 1571 38 4
256 421 28 10
256 758 17 6
256 1847 9 4
257 281 28 1
257 391 34 12
257 518 8 7
257 650 51 5
257 673 52 9
257 767 4 7
257 904 60 11
257 1534 59 12
258 601 22 12
259 1068 38 7
259 1072 34 3
259 1668 50 9
260 880 35 4
260 1045 48 3
260 1127 48 13
260 1216 56 8
260 1476 25 4
260 1554 38 13
260 1649 24 11
261 585 12 14
261 1079 52 14
261 1244 23 14
262 1126 13 2
262 1356 38 7
262 1361 10 7
262 1597 58 1
263 686 30 7
263 891 6 2
263 1034 24 10
263 1387 34 14
263 1487 7 13
263 1644 9 12
263 1840 23 12
264 444 6 14
264 964 19 8
264 1277 1 11
265 810 4 14
265 962 19 1
265 1031 34 6
265 1708 33 7
266 864 22 15
266 1093 36 6
266 1246 51 5
267 1232 57 13
267 1429 60 13
267 1529 49 6
267 1565 21 13
268 865 18 11
268 898 53 11
268 1378 13 11
268 1460 26 2
269 432 3 6
269 582 53 6
269 758 44 5
269 1187 49 15
269 1345 13 5
269 1499 26 3
269 1846 56 10
270 410 52 3
270 657 19 4
270 840 12 9
270 1187 7 13
270 1476 13 2
270 1494 1 9
270 1533 39 3
271 510 7 6
271 1315 40 12
272 752 46 9
272 1004 15 12
272 1177 39 5
272 1199 18 3
272 1384 56 1
272 1567 59 14
272 1665 59 11
273 847 23 2
273 1252 48 11
273 1311 14 3
273 1343 52 15
274 450 34 11
274 860 59 7
274 1203 21 13
274 1260 34 14
274 1532 1 10
274 1805 33 9
275 832 11 14
275 965 19 4
275 1156 33 15
275 1514 8 3
275 1676 59 12
276 431 12 15
276 821 29 3
276 1066 19 15
276 1279 49 1
276 1809 31 6
277 380 43 5
277 957 55 7
277 1008 1 5
278 352 6 13
278 904 30 9
278 1030 31 10
278 1724 39 13
279 369 23 1
279 959 38 2
279 1094 52 13
279 1200 50 3
279 1789 57 1
280 430 46 1
280 924 15 8
280 1622 10 2
281 703 24 7
281 788 37 10
281 1639 28 6
281 1768 29 10
282 488 10 14
282 501 23 9
282 843 22 6
282 1039 42 6
282 1087 31 12
282 1250 22 4
282 1306 17 12
282 1453 45 5
282 1538 20 1
282 1662 13 3
282 1711 24 7
283 1125 24 14
283 1609 17 1
283 1747 43 7
284 436 1 8
284 748 59 15
284 1030 8 1
284 1178 38 6
284 1847 38 3
285 614 47 14
285 1010 55 5
285 1376 44 9
286 447 30 15
286 613 21 15
286 818 55 15
286 939 1 5
286 1032 55 15
286 1127 40 6
286 1220 60 11
286 1281 19 11
286 1481 11 13
286 1781 49 3
287 681 28 8
287 997 10 12
287 1009 8 2
287 1073 19 13
287 1400 38 7
288 1106 20 12
288 1296 2 5
288 1441 51 10
288 1580 19 11
288 1588 6 5
288 1783 48 6
288 1799 42 6
289 340 7 10
289 351 29 12
289 1475 57 9
289 1499 47 14
289 1558 25 13
289 1805 33 4
290 1167 56 6
290 1345 29 3
290 1631 35 5
291 507 60 11
291 859 21 4
291 1042 1 8
291 1543 48 2
292 543 48 8
292 991 42 3
292 1335 23 15
293 712 16 15
293 848 57 6
293 1121 21 11
293 1540 17 14
293 1733 60 6
294 597 7 14
294 919 19 5
294 1082 34 15
294 1103 60 12
294 1323 29 1
295 302 20 2
295 434 51 6
295 1399 40 7
295 1562 4 11
295 1768 59 5
296 964 7 1
296 1407 16 15
296 1498 42 9
296 1536 36 3
296 1785 8 14
296 1787 21 11
297 649 15 5
297 1755 5 15
298 591 2 7
298 741 51 13
298 981 53 7
298 1352 44 2
298 1505 19 1
299 1074 3 12
299 1167 10 4
299 1567 51 5
299 1617 26 1
300 577 21 13
300 1780 28 2
301 789 45 11
301 941 45 9
301 1106 40 14
301 1349 7 7
301 1394 3 7
301 1580 56 5
301 1582 4 6
301 1615 2 11
302 424 17 5
302 514 44 5
302 956 47 2
302 1190 25 14
302 1469 58 2
302 1713 21 4
303 854 51 1
303 1161 2 10
303 1263 6 8
303 1479 57 7
304 396 20 4
304 652 41 3
304 1171 53 1
305 474 25 15
305 601 30 7
305 1100 45 5
305 1141 41 7
306 773 57 15
306 850 51 9
306 1502 45 8
307 382 41 8
307 424 23 15
307 491 19 3
307 666 54 13
308 455 15 12
308 1807 52 15
309 657 18 3
309 1007 7 9
309 1203 37 13
309 1411 51 13
310 644 13 5
311 356 8 1
311 787 17 1
311 967 16 12
311 1293 33 13
312 393 59 4
312 778 48 15
312 875 14 11
312 933 3 9
312 954 60 12
312 1006 36 5
313 452 27 6
313 793 55 9
313 807 17 4
313 936 58 8
313 1323 18 6
313 1549 12 15
314 547 10 12
314 820 12 8
314 1290 23 10
315 1080 8 9
315 1177 39 14
315 1437 32 7
315 1609 27 12
316 431 42 11
316 549 51 14
316 609 12 7
316 800 34 7
316 1050 30 4
316 1157 50 10
316 1392 19 13
316 1487 28 11
316 1775 53 12
316 1796 33 3
317 729 9 9
317 955 3 9
317 1066 56 15
317 1468 22 9
318 697 50 10
318 940 9 7
318 1559 17 7
319 379 49 10
319 489 22 6
319 556 11 15
319 1079 43 10
319 1282 33 10
319 1495 12 2
319 1565 9 6
319 1609 45 10
319 1769 30 15
319 1802 25 4
320 518 12 12
320 1442 6 6
320 1579 16 11
320 1650 40 13
321 335 38 11
321 418 21 10
321 488 17 14
321 532 25 10
321 627 39 1
321 686 29 1
321 850 20 13
321 926 25 2
321 1026 58 6
321 1473 18 4
322 735 46 3
322 1028 2 5
322 1117 3 3
322 1738 42 5
323 431 36 3
323 863 51 6
323 1341 60 6
323 1690 27 5
324 425 4 10
324 666 24 2
324 1207 54 3
324 1792 3 15
324 1830 25 4
325 534 29 5
325 1382 9 5
325 1398 51 4
326 371 12 3
326 964 17 5
326 1174 21 7
326 1391 52 12
326 1577 43 1
326 1675 48 14
327 787 13 12
327 872 57 15
327 1032 14 7
327 1528 47 14
327 1621 53 5
328 350 55 4
328 537 40 11
328 613 41 4
328 653 4 8
328 1299 47 15
328 1322 23 5
328 1772 51 13
329 452 42 2
329 526 10 10
329 772 8 12
330 448 37 10
330 545 46 6
330 743 3 5
330 1053 2 12
330 1120 9 14
330 1140 51 5
330 1551 2 9
331 380 33 8
331 428 27 15
331 943 22 12
331 1081 28 1
331 1384 6 7
331 1488 55 3
331 1548 47 15
331 1618 2 7
331 1649 10 15
331 1652 14 15
332 452 57 3
332 563 44 14
332 627 59 10
332 670 40 3
332 735 43 12
332 813 1 3
332 853 5 13
332 1510 10 5
333 674 53 14
333 1829 45 6
334 356 30 13
334 554 58 13
334 743 16 2
334 1399 52 13
335 1304 26 15
335 1512 18 13
336 498 21 12
336 698 40 14
336 765 20 10
336 868 51 7
336 1361 18 14
337 534 29 10
337 890 36 11
337 957 53 11
338 740 50 6
338 911 35 5
338 1346 11 3
338 1559 35 1
338 1765 43 2
338 1784 45 4
339 689 12 1
339 835 16 1
339 1368 45 4
339 1381 44 11
339 1479 25 1
340 358 39 9
340 1238 36 7
340 1560 25 9
341 465 29 11
341 510 23 11
341 602 24 9
341 802 24 1
341 938 50 10
341 1124 55 5
341 1151 31 9
341 1332 26 15
342 562 14 8
342 1135 20 12
342 1372 44 1
343 416 1 8
343 967 59 6
343 1175 36 5
343 1206 8 13
343 1296 60 14
343 1569 10 12
344 579 56 6
344 698 41 13
344 808 1 5
344 1081 14 5
345 879 18 7
345 1097 51 11
345 1369 48 13
346 889 57 8
346 908 52 6
346 1382 2 4
346 1429 44 15
346 1667 8 3
346 1781 28 13
347 961 23 13
347 1437 14 13
347 1778 60 9
348 452 26 11
348 711 46 3
348 943 26 2
348 1363 57 8
348 1419 27 8
348 1758 48 6
349 456 40 9
349 500 43 8
349 884 56 12
349 1071 32 10
350 406 51 11
350 631 12 7
350 1142 6 8
350 1258 3 5
350 1375 11 12
350 1459 2 2
350 1537 36 10
350 1836 44 15
351 493 36 2
351 948 60 13
351 1480 10 1
351 1707 10 14
351 1748 4 12
351 1798 6 10
352 431 11 2
352 1465 19 7
353 988 14 10
353 1049 19 3
353 1238 10 14
353 1315 37 8
353 1581 39 5
354 1227 10 12
354 1704 47 10
354 1839 14 3
355 522 50 5
355 1261 32 10
355 1306 34 10
355 1333 39 4
355 1758 29 9
356 791 14 3
356 1030 32 6
356 1490 43 6
356 1538 60 4
356 1631 28 8
356 1727 52 14
356 1769 4 7
358 359 60 8
358 1294 9 5
358 1531 2 8
358 1754 25 5
359 451 50 4
359 518 7 12
359 546 23 8
359 679 37 5
359 1525 29 9
359 1695 51 15
360 395 29 1
360 767 9 6
360 1542 32 6
361 434 28 8
361 482 56 5
361 1258 7 9
361 1433 15 10
361 1703 15 2
361 1796 58 6
362 594 42 5
362 757 36 12
362 1065 49 11
362 1070 16 10
362 1293 58 15
362 1506 16 8
362 1704 47 9
363 569 4 13
363 570 21 15
363 1399 11 8
363 1792 27 6
364 382 47 15
364 973 16 5
364 1059 57 1
364 1643 35 13
365 1076 4 15
365 1152 20 5
365 1392 41 2
366 998 39 3
366 1058 34 2
366 1644 29 3
367 1576 41 3
367 1583 17 10
367 1621 22 5
368 413 22 1
368 416 23 4
368 499 31 3
368 573 39 10
368 619 57 10
368 1556 40 10
369 445 12 14
369 1485 11 14
370 429 21 15
370 1283 28 13
370 1551 52 6
370 1628 37 14
370 1634 21 5
370 1689 38 10
371 421 49 13
371 537 22 6
371 731 5 5
371 748 9 2
371 883 19 15
371 1077 38 11
371 1119 48 12
371 1160 13 7
371 1187 43 11
371 1429 36 3
372 673 55 4
372 1361 7 14
372 1541 29 7
372 1833 58 9
373 497 15 12
373 532 35 9
373 609 40 5
373 749 3 14
373 981 12 9
373 1387 23 12
373 1469 35 12
374 407 48 8
374 919 33 14
374 1569 45 11
374 1701 41 11
374 1814 5 3
375 691 13 10
375 1198 33 1
375 1421 55 12
376 448 8 5
376 713 40 15
376 1484 30 8
377 468 1 6
377 535 39 2
377 815 24 6
377 1275 42 8
377 1369 53 7
377 1686 9 4
377 1687 12 15
377 1756 56 11
378 382 29 8
378 427 54 1
378 1264 24 12
379 670 5 3
379 1381 36 8
379 1772 42 15
380 443 26 12
380 822 1 9
380 1018 27 9
380 1239 31 10
380 1328 17 2
380 1481 16 7
380 1559 13 11
380 1721 8 13
381 645 5 15
381 1258 51 7
381 1453 25 8
381 1599 54 2
381 1749 14 11
382 409 10 4
382 850 55 4
382 1572 53 10
383 776 20 13
383 1337 38 10
384 386 11 5
384 437 39 1
384 622 23 9
384 1096 36 2
384 1255 47 4
384 1318 31 13
385 1214 48 15
385 1568 37 1
385 1586 21 7
386 888 55 6
386 1127 16 10
386 1418 8 9
386 1652 55 8
386 1663 35 3
387 1740 16 11
388 629 44 5
388 793 29 3
388 1037 15 14
388 1441 26 2
388 1466 25 5
389 889 53 3
389 954 4 15
389 1136 55 8
389 1457 38 1
390 396 36 1
390 830 40 11
390 1092 43 11
390 1334 6 9
391 717 47 3
391 779 25 8
391 809 47 8
391 972 15 14
391 1688 7 14
392 393 43 6
392 455 37 8
392 685 17 12
392 909 16 11
393 740 37 12
393 1130 16 2
393 1333 46 9
394 500 26 4
394 596 10 12
394 603 32 1
394 855 18 1
394 1027 36 14
394 1221 18 14
394 1340 48 2
394 1484 18 11
395 560 31 4
395 656 40 7
395 940 52 12
395 1052 26 7
395 1545 35 2
395 1710 58 15
396 822 42 2
397 454 40 9
397 490 14 8
397 682 53 5
397 907 43 2
397 987 27 5
397 1255 16 14
397 1385 26 8
397 1437 13 8
398 649 3 13
398 698 51 6
398 1157 12 9
399 574 58 8
399 885 55 11
399 1176 56 5
399 1414 12 3
399 1467 15 15
399 1521 28 3
399 1533 51 12
399 1802 60 9
399 1837 54 8
400 406 20 5
400 526 14 14
400 965 57 15
400 1068 52 12
400 1255 36 9
401 684 40 1
401 990 19 2
401 1222 43 12
401 1268 51 8
401 1378 17 9
401 1420 58 9
401 1463 34 15
402 535 34 2
402 857 60 5
402 1296 9 15
402 1480 15 13
402 1595 60 9
403 1665 39 9
404 661 50 14
404 772 36 12
404 996 13 2
404 1026 39 12
404 1556 42 4
404 1632 23 1
404 1798 15 10
405 635 29 5
405 675 40 12
405 1017 58 7
405 1393 43 8
405 1417 58 5
405 1482 27 10
405 1506 14 10
405 1520 50 2
405 1701 10 6
405 1820 45 11
406 712 27 2
406 915 28 1
406 1063 35 4
406 1099 22 7
406 1241 18 13
406 1345 57 8
407 621 2 4
407 1163 34 12
407 1553 47 7
407 1761 54 3
407 1829 21 1
408 944 41 7
408 1001 9 1
409 693 58 15
409 1347 18 13
409 1622 35 5
409 1777 30 7
410 512 57 9
410 1243 34 12
410 1345 55 11
410 1597 37 8
411 476 14 11
411 762 27 10
411 1112 52 3
411 1216 1 13
412 731 7 10
412 824 47 5
412 1766 42 14
412 1772 53 9
413 523 4 13
413 931 24 11
413 1099 16 3
413 1199 36 10
413 1206 53 1
413 1702 30 13
414 565 50 4
414 592 57 11
414 1605 58 1
414 1817 55 11
415 498 9 5
415 680 14 14
415 1302 52 9
415 1496 10 5
415 1550 38 11
415 1812 37 11
416 854 5 10
416 1223 19 6
416 1277 50 12
417 861 6 15
417 1131 22 14
417 1520 31 8
418 593 48 12
418 647 22 3
418 830 2 11
418 918 33 12
418 1078 13 12
418 1106 37 11
418 1471 60 6
419 824 23 13
419 956 6 6
419 1134 46 12
419 1301 38 6
419 1528 50 15
419 1681 1 2
420 466 31 3
420 1097 21 10
420 1269 13 13
420 1506 36 14
420 1522 39 12
421 469 25 11
421 591 12 3
421 946 13 15
421 1069 44 2
421 1396 8 5
421 1592 36 14
422 954 20 10
422 1543 22 10
422 1812 31 4
422 1836 28 3
423 1513 22 10
424 874 8 10
424 914 2 5
424 1265 8 1
424 1729 3 15
424 1790 8 4
424 1822 21 13
425 674 18 2
425 743 37 12
425 1283 52 11
426 742 58 10
426 907 10 2
426 1061 7 8
426 1323 22 13
426 1846 13 10
427 582 11 3
427 924 8 2
427 940 23 1
427 1606 3 8
428 824 28 10
428 1448 3 13
428 1454 52 12
428 1542 49 9
429 519 25 5
429 844 6 5
429 1314 16 7
429 1440 28 4
429 1568 14 6
430 630 40 11
430 650 22 8
430 1062 22 3
430 1519 13 10
430 1608 36 7
431 471 23 13
431 1068 10 14
431 1432 18 6
431 1712 48 13
432 469 52 8
433 794 57 15
433 813 4 12
433 1289 36 1
433 1400 53 12
433 1547 40 3
433 1784 31 9
434 955 17 5
434 1315 38 3
434 1397 35 12
435 640 4 5
435 1380 24 1
435 1479 35 4
435 1787 57 1
436 613 2 9
436 677 13 2
436 680 57 15
436 1037 15 9
436 1106 32 5
436 1558 27 15
436 1781 25 3
437 739 34 6
437 826 21 2
437 1024 9 2
437 1060 46 10
437 1130 49 2
437 1131 59 11
437 1486 21 10
438 441 43 2
438 453 32 11
438 548 27 14
438 851 23 5
438 1331 2 11
438 1733 1 12
439 597 21 11
439 1083 13 6
439 1311 10 2
439 1336 57 3
439 1676 36 14
439 1728 17 12
440 644 38 7
440 1544 43 11
440 1635 38 3
441 724 17 13
441 1182 14 4
441 1585 51 10
442 472 2 15
442 519 23 7
442 764 19 14
442 892 8 15
442 999 1 9
442 1220 41 15
442 1616 11 7
443 1112 13 3
443 1173 22 8
443 1205 14 4
443 1357 46 10
443 1815 57 6
444 1026 26 13
444 1334 25 15
444 1439 29 4
445 1379 45 8
445 1447 2 4
446 876 11 1
446 988 42 4
446 1353 47 9
446 1582 5 11
446 1604 10 6
446 1607 39 12
446 1692 2 6
446 1728 4 11
447 502 50 14
447 579 28 11
447 757 18 14
447 767 57 1
447 941 4 14
447 1805 28 2
448 736 46 5
448 797 39 3
448 868 19 14
448 1128 45 13
448 1494 37 6
448 1650 53 7
448 1763 4 7
449 878 8 15
449 1242 1 11
450 785 4 5
450 818 29 11
450 1548 29 13
450 1775 53 10
450 1800 55 11
451 481 5 15
451 486 3 1
451 593 6 9
451 733 52 8
451 929 10 9
451 1516 17 11
451 1598 31 11
451 1669 7 5
452 897 54 3
452 1072 19 8
452 1147 43 10
452 1289 45 10
452 1658 10 11
453 563 18 3
453 609 55 11
453 787 54 2
453 898 17 13
453 971 18 8
453 1293 22 12
453 1825 26 8
454 610 49 10
454 763 39 11
454 990 53 12
454 1066 3 8
454 1167 44 2
455 656 30 9
455 686 45 6
455 785 24 15
455 1232 2 14
455 1514 39 8
455 1696 39 4
455 1808 4 8
456 474 6 14
456 1133 60 3
457 1143 16 8
458 480 24 13
458 766 50 14
458 1000 39 14
458 1004 50 12
458 1369 12 4
458 1433 37 3
458 1435 49 6
458 1709 10 2
458 1753 8 13
459 549 29 15
459 585 47 7
459 958 36 13
459 969 53 5
459 1064 14 12
459 1095 11 9
459 1464 36 6
460 495 18 12
460 509 42 12
460 656 54 3
460 811 26 9
460 823 15 5
460 1533 16 10
461 614 55 11
461 792 51 13
461 1038 55 11
461 1406 30 9
461 1471 53 14
462 821 17 3
462 897 50 2
462 1056 44 9
463 1662 58 9
463 1699 59 5
464 1017 50 14
464 1033 31 3
464 1189 26 11
464 1829 59 12
465 812 15 12
466 931 43 1
466 1719 55 14
467 581 40 11
467 1419 44 14
467 1701 9 15
468 1218 26 6
468 1418 32 14
468 1620 45 8
468 1705 55 4
469 544 31 9
469 725 51 1
469 757 20 11
469 785 11 10
469 1368 36 13
469 1591 38 8
469 1747 11 9
470 1194 18 15
470 1774 56 15
471 542 22 1
471 613 1 13
471 1013 49 6
471 1669 30 13
472 514 49 7
472 583 54 9
472 769 60 3
472 846 21 15
472 1633 51 5
473 743 29 1
473 746 6 2
473 789 3 13
473 798 29 11
473 875 15 3
473 962 14 13
473 1072 48 12
473 1347 22 13
473 1454 54 6
473 1588 27 8
473 1813 9 15
474 599 59 9
474 779 27 5
474 1017 45 7
474 1196 55 8
474 1279 28 8
475 783 59 9
475 896 4 9
475 1469 32 11
475 1794 19 6
475 1801 35 9
476 587 20 7
476 644 34 9
476 915 25 9
476 1365 56 12
476 1444 10 7
476 1524 38 8
476 1780 6 10
477 737 49 10
477 846 12 5
477 1028 36 5
477 1073 30 4
477 1234 37 5
477 1615 30 15
478 1496 38 9
478 1646 21 7
478 1717 11 3
479 763 20 8
479 819 15 11
479 1006 51 5
479 1149 36 9
479 1761 6 8
479 1815 54 1
479 1845 55 10
480 822 46 3
480 883 38 10
480 926 2 11
480 1133 4 9
480 1157 9 6
480 1758 38 5
481 606 22 7
481 1219 58 7
481 1270 23 2
481 1431 27 7
481 1434 19 9
481 1810 5 3
482 660 48 12
482 754 14 5
483 576 12 1
483 1603 50 5
484 560 44 1
484 623 11 4
484 1278 47 10
484 1648 16 7
484 1827 20 4
485 913 50 6
485 941 10 8
485 1458 51 6
485 1705 19 10
486 529 6 11
486 1595 36 3
487 566 35 4
487 593 7 8
487 660 50 14
487 861 3 4
487 895 39 9
487 947 8 2
487 1117 30 15
487 1400 26 9
487 1582 52 14
488 571 12 2
488 618 17 7
488 776 53 10
488 856 15 5
488 1201 43 15
488 1304 32 6
488 1325 19 13
488 1349 33 10
488 1352 20 1
488 1554 33 6
489 509 52 15
489 844 20 5
489 951 19 15
489 1174 25 8
489 1454 38 15
489 1795 51 12
490 763 30 8
490 1167 38 4
490 1543 38 10
491 505 58 7
491 521 19 1
491 902 12 15
491 966 41 2
491 1342 10 5
491 1401 48 9
491 1836 47 6
492 774 45 8
492 1086 10 11
492 1314 54 8
492 1378 40 12
492 1705 24 10
492 1738 36 14
493 502 2 1
493 560 22 14
493 863 1 12
493 1421 54 2
494 543 45 13
494 1078 35 6
494 1576 4 3
494 1604 49 10
495 1046 30 2
495 1575 16 3
495 1604 9 7
496 739 23 12
496 793 42 15
496 920 35 7
496 1240 9 7
496 1380 14 7
497 1256 12 1
497 1384 19 3
498 905 24 8
498 938 6 13
498 1239 12 11
498 1444 24 3
498 1775 40 12
499 774 11 10
499 1045 60 14
499 1572 44 14
500 882 36 2
500 1161 28 14
500 1307 34 9
500 1337 6 2
500 1575 55 5
500 1586 56 9
501 957 8 13
501 974 5 7
501 1322 49 9
501 1651 42 14
502 709 35 9
502 732 24 5
502 998 35 14
502 1124 60 10
503 1160 57 4
503 1359 8 5
503 1702 6 8
504 774 56 10
505 548 23 5
505 993 17 9
505 1526 52 1
505 1643 50 2
506 837 53 1
506 863 53 15
506 1297 42 12
506 1790 19 10
507 809 48 7
507 1151 34 15
507 1275 11 9
507 1454 10 4
507 1541 46 4
507 1689 10 12
508 655 27 7
508 719 13 12
508 1373 31 2
508 1487 7 13
509 1546 34 12
509 1556 49 11
510 1083 32 1
510 1141 31 14
510 1352 49 15
510 1593 5 13
510 1743 44 15
511 1359 45 6
511 1410 34 6
511 1418 31 6
511 1513 4 6
512 539 60 12
512 624 21 6
512 1112 54 6
513 938 43 12
513 1795 12 8
514 536 43 1
514 1065 53 8
514 1287 58 15
514 1529 38 14
514 1580 52 5
515 572 14 8
515 1061 2 2
515 1275 59 7
515 1409 28 13
516 850 54 12
516 923 10 5
516 1260 6 3
516 1811 58 12
517 536 39 11
517 679 42 5
517 939 37 13
517 1168 2 1
518 690 34 9
518 784 3 15
518 1675 51 8
519 543 46 7
519 570 1 15
519 819 47 12
519 1028 51 2
519 1371 17 9
519 1544 9 9
519 1798 29 10
520 1003 41 15
520 1133 47 3
520 1643 46 7
520 1833 53 12
521 1349 43 12
521 1482 15 14
521 1766 17 7
522 566 48 4
522 650 15 14
522 707 1 9
522 714 44 6
522 957 27 8
522 1242 12 11
522 1529 1 10
523 733 8 11
523 896 12 11
523 1346 20 13
523 1400 47 4
523 1508 21 10
523 1622 36 13
523 1688 44 11
524 639 33 4
524 743 13 2
524 904 16 5
524 1080 10 2
524 1109 10 8
524 1171 49 10
524 1472 51 8
524 1533 25 14
524 1648 48 14
525 1287 24 15
526 938 16 5
526 1125 18 15
526 1464 60 3
527 565 24 11
527 1017 38 6
527 1192 58 9
527 1451 51 7
527 1571 47 12
527 1785 24 7
528 1238 13 7
528 1790 19 3
528 1798 45 10
529 758 33 15
529 851 57 7
529 1079 9 6
529 1584 24 2
529 1608 35 9
530 551 33 10
530 757 32 3
530 918 59 4
530 1052 54 15
530 1288 52 10
531 633 60 9
531 709 52 2
531 1248 40 10
531 1590 45 9
532 689 57 2
532 786 60 15
532 1630 51 13
532 1747 24 4
533 622 3 11
533 942 51 15
533 1273 14 9
533 1313 8 4
533 1522 18 6
534 743 48 7
534 1628 18 14
535 758 31 3
535 851 22 1
535 886 4 10
535 955 28 11
535 956 15 5
535 1155 18 11
535 1498 33 7
536 1046 37 8
536 1226 34 3
536 1369 43 10
536 1774 25 2
537 598 6 7
537 708 12 4
537 936 20 7
537 1283 19 4
537 1361 32 11
537 1538 60 10
538 580 60 4
538 851 45 11
538 1231 39 14
538 1558 33 11
538 1574 23 4
538 1765 39 6
539 823 30 5
539 914 41 6
539 1049 13 4
539 1248 34 10
539 1294 5 8
539 1487 19 13
539 1733 59 4
540 776 40 9
540 1068 49 7
540 1303 58 7
540 1677 52 4
541 917 59 4
541 971 33 6
541 999 49 5
542 570 51 14
542 1260 51 14
542 1299 7 8
543 827 27 7
543 1008 47 2
543 1088 28 11
543 1209 21 1
543 1538 28 7
543 1558 6 7
544 726 44 9
544 960 19 2
544 1039 4 9
544 1373 31 11
545 652 13 11
545 1133 3 7
545 1620 21 1
545 1692 14 7
546 696 26 2
546 1197 42 11
546 1206 39 12
546 1267 39 15
546 1479 2 6
547 1116 38 8
548 1281 50 5
548 1810 1 2
549 1045 40 12
549 1124 3 13
549 1181 39 15
549 1283 19 2
549 1529 46 3
549 1555 15 2
549 1580 12 12
550 593 4 3
550 1234 31 5
550 1463 8 13
550 1492 17 12
551 751 49 11
551 785 19 4
551 906 2 7
551 1090 29 2
551 1250 3 11
551 1695 7 12
551 1804 21 15
552 910 2 7
552 1106 52 3
552 1762 8 15
553 734 10 2
553 922 2 8
553 1579 31 15
554 768 13 4
554 1112 11 7
554 1119 30 1
554 1296 31 9
554 1430 40 3
555 1156 20 11
555 1231 27 5
556 684 49 5
556 1235 12 14
556 1566 51 6
556 1696 37 7
557 657 54 12
557 782 58 13
557 1163 20 15
557 1169 42 2
557 1243 46 1
557 1286 22 8
557 1533 60 7
557 1616 39 14
557 1818 14 8
558 816 20 2
558 1425 20 1
558 1752 1 6
558 1815 13 14
559 770 60 9
559 991 57 12
559 1488 12 12
560 909 30 1
561 1037 47 13
561 1222 32 1
561 1227 27 11
562 648 40 7
562 869 45 10
562 1549 37 5
562 1673 33 5
562 1840 25 1
563 1477 12 12
563 1609 12 12
563 1641 51 14
563 1727 3 9
563 1827 40 9
564 770 51 9
564 1206 46 5
564 1285 15 12
564 1522 59 7
564 1583 47 4
565 723 13 6
565 932 9 12
565 1156 59 4
565 1258 9 3
566 580 7 7
566 959 49 6
566 1432 35 7
566 1470 52 3
566 1536 49 4
566 1725 15 9
566 1841 44 4
567 580 2 11
567 909 38 12
567 1308 43 11
567 1420 32 7
568 987 33 4
568 1173 4 5
568 1358 56 4
568 1700 58 4
569 803 56 10
569 1077 38 5
569 1262 47 9
569 1651 47 9
570 752 53 11
570 913 39 6
570 1052 11 1
570 1415 23 5
570 1695 34 8
571 1224 32 12
571 1765 9 12
572 1185 55 11
572 1418 10 1
572 1502 31 6
573 982 9 8
573 1206 7 9
573 1310 39 15
573 1837 11 3
574 669 30 10
574 1371 21 3
574 1591 9 5
574 1761 25 5
575 1153 15 12
576 611 32 2
576 634 18 8
576 1142 40 1
576 1358 28 2
577 710 14 2
577 1078 16 10
577 1422 50 14
578 591 38 1
578 669 16 15
578 699 50 3
578 1065 41 11
578 1129 12 13
578 1538 41 9
578 1831 33 13
579 779 28 10
579 893 39 10
579 1415 4 8
579 1424 52 15
579 1489 32 8
580 607 22 7
580 754 55 6
580 1497 46 1
580 1564 22 8
581 784 27 12
581 912 56 9
581 919 35 10
581 1101 49 6
581 1711 25 5
581 1844 28 7
582 1252 19 5
582 1463 32 7
582 1540 54 14
582 1604 2 9
582 1732 19 13
583 908 60 8
583 930 56 12
583 1057 36 9
583 1525 27 12
583 1763 19 5
584 993 47 6
584 1380 54 10
584 1389 13 4
584 1801 45 14
585 989 51 5
585 1170 32 15
585 1602 40 14
585 1787 54 14
585 1809 24 3
586 858 29 8
586 1487 31 6
587 713 35 14
587 761 34 10
587 1183 43 4
587 1195 11 13
587 1524 50 7
587 1712 59 1
587 1745 45 9
587 1841 16 14
588 925 48 3
588 964 56 2
588 1357 27 6
589 899 40 2
589 994 46 7
590 757 13 2
590 822 42 14
590 1161 12 5
590 1242 9 4
590 1296 38 10
591 1583 5 3
592 642 9 6
593 731 7 8
593 1326 32 13
594 785 23 11
594 789 31 1
594 910 56 12
594 999 11 6
594 1517 13 7
595 988 33 7
595 1381 18 11
595 1823 52 7
596 726 10 12
596 897 54 9
596 969 39 13
596 1071 48 11
596 1779 56 5
597 749 11 9
597 1358 57 13
597 1566 16 7
597 1688 18 4
598 1597 13 8
598 1804 59 9
599 965 20 5
599 1181 50 6
599 1240 4 5
600 1605 40 3
600 1771 28 9
600 1792 59 11
601 958 48 4
601 1146 20 11
602 608 59 5
602 938 31 4
602 963 48 13
602 1311 39 2
602 1552 26 12
602 1701 33 6
603 854 24 5
603 1330 11 12
604 939 18 4
604 1084 60 7
604 1255 25 1
604 1682 49 9
605 895 5 2
605 1221 31 7
605 1427 33 3
605 1573 5 6
605 1655 54 9
605 1768 48 7
606 956 23 4
606 1229 59 6
606 1383 2 4
607 976 47 10
607 1366 19 9
607 1489 58 2
607 1692 38 3
607 1817 35 13
608 707 21 1
608 898 6 11
608 1433 50 12
608 1507 14 5
609 702 1 4
609 850 15 14
609 910 13 9
609 946 28 11
609 1009 16 5
609 1111 23 5
609 1379 46 13
609 1382 26 11
610 815 44 5
610 875 50 3
610 1681 56 6
610 1690 60 1
611 806 60 13
611 1329 5 2
611 1350 24 5
611 1432 30 13
611 1639 19 15
611 1691 60 12
612 729 59 4
612 989 33 9
612 1323 38 8
613 626 48 6
613 1537 10 6
614 730 45 12
614 1059 15 13
614 1225 27 7
614 1599 3 3
615 673 55 13
615 1228 42 15
615 1401 31 6
615 1444 56 11
615 1715 9 11
616 1091 25 6
616 1306 9 3
616 1407 30 2
616 1468 25 4
616 1708 47 13
617 664 26 5
617 683 29 6
617 750 4 8
617 754 23 8
617 776 37 5
617 786 38 5
617 929 37 5
618 958 39 7
618 1212 30 1
618 1301 18 3
618 1461 40 9
619 676 7 3
619 832 14 1
619 1107 44 5
619 1354 22 13
619 1399 31 13
619 1534 31 4
619 1822 23 9
620 1570 44 8
620 1795 13 3
621 702 41 4
621 791 50 15
621 1157 29 12
621 1372 29 14
621 1421 34 11
621 1490 54 4
622 698 48 15
622 873 13 15
622 916 26 12
622 1433 48 14
622 1505 26 10
622 1648 51 14
623 1060 1 10
623 1201 31 2
623 1500 15 9
624 1029 14 13
624 1375 49 9
624 1511 3 10
625 730 28 3
625 881 24 12
625 1649 17 6
626 840 55 14
626 875 33 6
626 887 12 8
626 1330 4 12
626 1733 31 13
626 1813 3 7
627 645 4 13
627 1402 46 14
627 1621 39 2
627 1706 40 15
628 978 8 2
628 1076 3 1
628 1125 25 11
628 1641 39 12
629 814 49 5
629 1314 42 5
629 1353 58 5
629 1831 2 2
630 905 31 5
630 952 2 8
630 1283 9 15
630 1325 55 13
630 1625 59 2
630 1752 30 1
630 1839 48 3
631 777 36 9
631 975 3 2
631 1393 17 2
631 1401 22 8
631 1511 11 14
631 1739 21 4
632 1343 24 14
633 1221 37 14
633 1721 8 7
634 1018 38 1
634 1537 32 10
634 1552 53 11
634 1641 3 6
634 1671 50 1
635 996 8 8
635 1153 49 15
635 1336 48 7
635 1374 3 4
636 785 19 13
636 1360 48 9
636 1627 20 5
637 999 25 2
637 1475 12 15
637 1503 55 8
637 1537 39 5
638 642 45 10
638 959 5 3
638 1482 33 8
639 971 53 10
639 1376 56 4
640 1361 49 5
640 1564 25 3
641 692 50 13
641 697 17 15
641 1040 12 8
642 996 53 6
642 1061 4 15
642 1116 30 9
642 1670 31 7
643 1333 29 4
643 1632 20 4
644 886 31 7
644 1673 56 8
644 1761 8 11
644 1826 9 15
645 879 21 10
645 1157 10 3
645 1339 58 7
645 1441 26 4
645 1839 51 7
646 707 40 2
646 1024 29 10
646 1108 46 3
646 1191 45 7
646 1506 16 5
646 1624 27 2
646 1795 29 8
646 1839 52 12
647 683 16 9
647 966 40 8
647 1061 55 4
647 1321 20 11
648 756 15 11
648 1395 33 12
649 726 28 12
649 1282 46 2
649 1431 46 10
649 1776 35 5
649 1805 21 5
650 756 20 14
650 1233 26 15
650 1344 5 2
650 1386 57 9
650 1408 3 13
651 712 28 9
651 1115 13 13
651 1463 25 14
652 842 18 8
652 1194 8 10
652 1332 23 14
652 1481 46 11
652 1726 35 5
653 693 38 2
653 946 35 8
653 1411 58 8
654 1271 24 8
654 1330 21 10
654 1344 26 1
655 752 21 12
655 829 18 14
655 1210 38 4
655 1238 14 13
655 1337 8 7
655 1705 44 15
655 1766 23 15
655 1838 17 8
656 896 52 1
656 1383 14 14
657 660 1 1
657 753 53 7
657 1342 53 6
657 1397 46 15
657 1504 17 8
657 1838 1 10
658 798 26 15
658 1338 37 15
658 1651 42 15
659 1377 10 10
659 1428 47 12
660 1775 41 2
661 709 59 8
662 1233 20 6
662 1655 4 13
663 792 52 4
663 1061 52 15
663 1533 44 12
663 1639 15 5
664 1549 11 11
664 1700 28 5
664 1717 50 6
665 673 3 1
665 1358 44 2
666 943 33 11
666 1139 32 3
666 1190 22 9
667 720 28 8
667 921 28 5
667 1460 41 11
668 995 13 5
668 1218 47 15
668 1449 51 7
669 931 55 7
669 947 36 3
669 1405 23 6
670 1019 9 7
670 1147 44 9
671 1173 47 13
671 1448 28 3
672 869 27 15
672 1211 5 14
672 1310 47 9
672 1370 28 10
672 1553 3 12
673 779 54 8
673 1001 19 3
673 1430 41 9
673 1612 42 12
673 1683 33 8
674 1553 32 13
675 1140 41 9
675 1184 22 11
675 1281 9 12
675 1836 17 8
676 799 28 5
676 849 19 14
676 1121 53 8
676 1128 1 6
676 1301 31 2
676 1399 43 4
676 1660 45 4
676 1783 46 7
677 739 26 4
678 1088 51 14
678 1231 3 7
678 1298 32 2
678 1301 38 15
678 1363 30 11
679 1022 41 10
679 1087 27 1
679 1282 32 9
680 1271 60 10
680 1426 11 7
680 1774 44 6
681 738 4 1
682 1017 12 12
682 1153 18 3
682 1388 11 5
683 1143 43 9
683 1179 14 11
683 1230 31 3
683 1399 50 9
683 1413 17 4
683 1542 15 12
684 1518 22 6
684 1639 25 4
684 1693 30 14
685 906 4 7
685 1156 53 6
685 1197 24 15
686 701 34 2
686 703 56 10
686 1439 39 11
686 1462 20 2
686 1733 45 10
686 1770 41 14
687 1112 35 5
687 1617 12 6
688 842 37 3
688 989 43 6
688 1073 44 15
688 1380 8 12
688 1773 29 6
689 1009 15 11
689 1149 17 12
690 956 30 5
690 1241 4 14
690 1457 53 1
690 1723 18 11
691 897 31 3
691 1403 42 3
692 825 49 9
692 1040 4 8
693 724 11 15
693 1580 18 5
694 1542 43 5
694 1751 25 1
695 699 32 3
695 836 32 14
695 1362 5 2
695 1730 2 12
696 875 31 4
696 1002 37 4
696 1351 20 6
696 1362 48 12
696 1563 16 5
696 1704 35 9
696 1772 58 14
696 1776 59 11
697 732 1 6
697 1102 14 12
697 1173 27 4
697 1232 19 1
697 1342 15 11
697 1564 18 8
698 756 45 10
698 934 3 10
698 1084 41 3
698 1184 52 13
698 1324 59 10
698 1512 46 10
699 730 5 3
699 785 50 9
699 969 39 8
700 877 49 4
700 929 34 6
700 1493 14 11
700 1506 22 5
701 1547 19 15
702 1100 42 7
702 1139 19 9
702 1569 32 14
703 774 48 6
703 1166 30 12
703 1318 1 2
703 1525 35 11
703 1544 12 8
704 860 40 1
704 1292 60 11
704 1295 45 8
704 1317 55 2
705 853 59 12
705 1025 31 8
705 1071 31 15
705 1128 33 4
705 1323 33 8
705 1482 20 10
706 904 1 5
706 1092 6 14
706 1211 14 11
706 1567 55 12
707 757 2 7
707 1488 51 11
707 1593 24 2
707 1767 4 9
707 1834 1 3
708 711 53 11
708 1197 28 15
708 1266 19 2
708 1486 30 12
709 1552 30 11
709 1811 23 13
709 1836 10 9
710 882 9 5
710 1073 54 3
710 1240 52 5
710 1348 17 13
711 792 50 2
711 1501 55 5
711 1595 2 3
711 1612 37 9
713 905 51 13
713 1101 43 13
713 1119 47 8
713 1532 52 8
713 1666 44 15
714 725 8 12
714 994 30 9
714 1519 2 5
715 884 51 3
715 1096 44 13
715 1423 26 1
716 905 9 10
716 1078 11 5
716 1107 26 11
716 1523 30 14
716 1743 24 13
717 1434 20 14
717 1588 17 13
717 1597 54 2
717 1608 53 3
717 1750 46 13
718 821 42 13
718 1021 24 3
718 1522 15 13
718 1771 2 8
719 1308 56 7
719 1499 9 4
719 1616 27 7
719 1651 15 12
719 1656 36 4
721 723 17 15
721 751 31 1
721 869 2 11
721 924 51 12
721 979 10 4
721 1549 51 12
721 1642 29 3
721 1669 12 10
722 964 59 9
722 994 47 9
722 1290 27 14
722 1367 55 6
722 1604 1 8
722 1733 60 2
723 914 51 4
723 968 27 8
723 1433 42 10
723 1773 43 15
723 1793 36 10
724 1178 30 11
724 1261 41 6
725 757 33 11
725 940 31 2
726 762 21 12
726 798 20 5
726 1151 13 9
726 1246 57 11
726 1463 32 3
726 1470 36 13
726 1537 13 14
726 1685 32 3
726 1727 4 1
727 986 48 15
727 1075 31 10
727 1100 29 15
727 1366 29 10
727 1679 58 14
728 919 27 6
728 1450 56 7
728 1458 30 11
728 1594 1 13
728 1596 39 14
729 984 2 10
729 1170 7 7
729 1271 13 8
730 1015 14 2
730 1119 14 14
730 1156 5 9
730 1187 51 3
730 1211 53 14
730 1326 47 9
730 1464 60 10
731 830 46 8
731 1579 40 12
732 968 34 9
732 1290 23 1
733 976 46 13
733 1234 24 6
734 1116 43 12
734 1637 41 14
734 1676 7 2
734 1710 4 11
735 1116 38 7
735 1225 50 15
735 1334 3 15
735 1776 48 11
735 1789 38 13
735 1823 54 8
736 941 47 1
736 1252 17 14
736 1515 32 14
736 1641 53 10
736 1805 45 8
737 1291 4 3
737 1566 8 4
737 1696 58 10
738 1065 52 11
738 1193 29 3
739 772 6 11
739 876 13 6
739 1019 58 2
739 1293 21 6
739 1316 40 1
739 1581 3 12
740 1079 15 8
740 1358 55 14
740 1393 52 3
741 1482 2 12
742 906 37 4
742 963 10 5
742 1026 15 10
742 1442 42 3
742 1696 51 11
743 834 1 4
743 872 7 8
743 952 3 11
743 1581 31 1
744 795 39 5
744 1065 40 2
744 1357 48 12
744 1692 48 12
744 1813 27 4
745 1288 12 13
745 1605 24 6
745 1833 54 3
746 962 28 2
746 1210 24 13
746 1395 6 6
746 1759 34 7
747 884 16 5
747 1780 20 3
747 1831 8 6
749 750 14 5
749 1321 44 15
749 1719 29 9
751 980 16 15
751 1163 25 5
752 1084 41 5
752 1229 38 5
752 1249 14 2
752 1835 36 10
753 861 50 6
753 1218 60 2
753 1255 27 9
753 1492 12 3
754 1559 3 12
755 1500 57 4
756 817 31 6
756 1155 42 2
756 1229 46 5
757 771 59 9
757 921 43 11
757 1305 32 13
758 999 50 7
758 1298 5 5
758 1577 22 11
758 1587 46 1
758 1612 3 6
758 1674 20 9
759 773 58 10
759 780 52 5
759 909 9 6
759 976 3 8
760 831 26 6
760 845 32 8
760 1087 13 10
760 1400 37 7
760 1492 18 15
760 1541 42 11
760 1599 23 13
761 780 23 1
761 947 40 2
761 1130 26 7
761 1271 13 2
762 767 17 14
762 949 27 8
762 960 12 2
762 1070 9 1
763 804 35 13
763 921 55 15
763 1620 36 6
763 1633 40 9
763 1821 12 15
764 1402 57 4
764 1515 60 2
765 821 30 1
765 835 49 13
765 1148 52 10
765 1758 46 12
766 1028 35 3
766 1104 32 1
766 1255 26 3
766 1766 50 11
766 1802 5 13
767 1254 28 9
767 1712 57 12
767 1790 45 15
768 885 27 3
768 992 41 10
768 1112 45 6
768 1377 37 9
768 1717 31 1
770 820 55 4
770 1188 17 3
770 1238 58 13
770 1454 49 2
770 1492 22 8
770 1843 37 12
771 1157 12 7
771 1469 12 11
772 827 52 2
772 1088 26 9
772 1292 58 1
773 818 56 5
773 1210 2 3
773 1318 28 6
773 1435 45 9
773 1581 57 6
773 1636 10 9
774 810 8 8
774 1443 10 7
775 970 15 4
775 1215 47 9
775 1490 45 9
775 1610 19 14
775 1639 30 8
776 1032 13 5
776 1422 2 11
777 870 31 10
777 1039 1 14
777 1345 26 5
777 1601 46 5
778 857 7 14
778 1314 47 8
779 1308 18 10
779 1500 22 11
779 1756 6 5
780 1328 48 4
780 1689 23 12
780 1715 23 13
781 914 11 3
781 1389 52 14
782 846 22 15
782 1060 51 2
782 1325 55 13
782 1336 33 15
782 1397 3 11
782 1540 50 14
782 1748 25 4
783 856 9 3
783 1141 33 13
784 1411 16 2
784 1671 7 13
784 1794 54 5
785 835 2 5
785 856 37 3
785 1194 58 12
785 1369 13 11
785 1387 41 8
785 1811 30 4
786 1037 57 10
786 1252 13 5
786 1663 20 7
787 833 8 6
787 1297 49 3
787 1666 2 2
788 1078 26 6
788 1103 48 3
788 1283 17 13
788 1526 44 9
788 1803 50 13
789 1187 58 2
789 1680 25 14
789 1719 42 12
790 932 28 4
790 994 4 9
790 1090 7 14
790 1171 14 12
790 1654 18 13
791 1158 53 7
791 1712 40 3
792 1183 40 1
793 1536 29 15
793 1660 33 2
794 801 37 9
794 1567 16 13
795 882 23 2
795 951 60 12
796 803 15 5
796 1297 11 12
796 1397 11 4
797 1340 17 6
797 1601 15 14
797 1775 57 5
798 873 1 7
798 899 15 12
798 1267 11 5
798 1732 54 5
798 1780 20 14
799 811 37 5
799 1124 25 1
799 1298 38 4
799 1446 33 12
799 1700 33 13
800 801 37 14
800 917 52 4
800 961 33 3
800 1077 25 9
800 1105 52 10
800 1384 12 12
800 1432 14 10
800 1646 1 13
801 811 53 4
801 817 8 2
801 897 38 5
801 1254 31 1
801 1322 15 6
801 1648 55 5
802 1054 58 4
803 915 28 9
803 1398 8 14
803 1551 57 10
804 1064 1 4
805 1379 12 12
805 1738 6 1
806 1270 48 10
807 1046 55 7
807 1333 3 10
808 836 16 13
808 1599 15 5
809 978 55 5
809 1037 60 9
809 1222 56 15
809 1257 60 1
809 1717 42 4
810 1237 27 6
810 1244 3 12
810 1542 36 4
810 1580 53 15
811 1058 58 2
811 1355 57 14
812 1068 45 12
812 1182 23 8
813 871 16 9
813 999 14 11
813 1393 27 13
813 1623 44 6
814 990 33 7
814 1371 48 13
814 1446 25 14
815 835 11 12
815 1188 55 6
815 1337 3 7
815 1443 53 12
815 1748 41 12
815 1786 58 15
815 1826 1 13
816 1608 58 13
817 818 2 1
817 1177 33 13
817 1534 38 11
817 1729 39 15
818 838 35 11
818 1079 56 7
818 1113 22 11
818 1200 1 12
819 1190 42 10
819 1800 24 15
820 1058 27 15
820 1616 31 3
820 1661 11 10
821 1074 53 10
821 1251 22 8
821 1606 7 2
821 1608 10 8
822 1181 50 2
822 1265 36 12
823 835 25 7
823 925 53 13
823 1228 43 4
823 1453 52 11
824 1139 20 10
824 1241 38 12
824 1626 26 1
825 939 31 6
825 1266 48 15
825 1500 4 2
826 1179 1 2
826 1200 60 9
826 1337 23 13
827 946 18 15
827 1050 14 1
827 1407 41 14
828 833 40 5
829 1747 21 10
830 979 4 1
830 1141 46 10
831 934 51 12
831 1426 23 15
831 1735 19 5
832 1414 26 1
832 1450 55 8
833 1228 38 7
833 1263 56 4
833 1803 11 7
834 1286 32 13
836 1090 54 11
836 1225 23 10
836 1718 25 9
837 1374 40 6
837 1431 3 6
837 1456 32 8
837 1768 54 13
838 1003 4 14
838 1107 20 7
838 1468 10 6
838 1493 26 2
839 1037 40 6
840 924 58 5
840 1437 58 5
840 1698 29 4
841 872 40 2
841 1101 10 4
841 1595 14 15
841 1793 35 7
842 942 48 12
842 1254 40 1
842 1782 34 8
843 1273 43 8
843 1339 59 12
843 1365 16 7
844 1429 59 15
844 1636 58 12
845 1150 11 15
845 1171 14 2
845 1510 24 12
845 1582 36 3
846 1123 59 4
846 1265 27 1
846 1556 28 8
847 1425 55 6
848 1251 43 1
848 1563 12 2
849 1201 17 10
850 1119 19 1
850 1226 48 10
850 1247 21 15
850 1485 31 10
851 965 1 14
851 1221 27 10
851 1476 33 10
851 1521 5 2
851 1570 26 9
852 1108 52 13
852 1356 9 15
852 1682 12 7
852 1845 18 13
853 1724 27 11
854 1247 11 2
854 1754 7 4
855 972 51 10
855 1130 25 15
855 1777 28 2
855 1825 52 2
856 1045 51 8
856 1779 35 11
857 1135 46 3
857 1797 49 4
858 908 57 1
858 1045 1 3
858 1655 42 2
859 922 13 6
859 1058 60 3
859 1213 39 9
859 1373 36 2
859 1557 34 2
860 980 43 11
860 1192 8 1
860 1222 39 7
860 1233 34 3
860 1562 52 2
860 1842 29 12
861 1119 30 8
861 1149 57 7
861 1330 30 9
861 1782 27 12
862 1223 27 2
863 1053 27 11
863 1545 21 9
863 1682 9 4
863 1847 50 2
864 1003 14 5
864 1051 40 14
864 1270 13 15
864 1648 28 5
865 983 7 8
865 1069 47 14
865 1293 15 3
865 1416 43 6
865 1456 56 6
865 1517 20 10
865 1591 46 13
865 1655 34 13
865 1763 40 13
865 1819 38 7
866 875 52 4
866 1670 28 7
866 1773 33 12
866 1839 33 2
867 1301 47 10
867 1720 42 12
867 1736 38 6
868 942 21 9
868 1100 58 8
868 1275 25 14
868 1333 42 11
868 1559 46 6
869 1269 42 2
869 1491 38 9
870 1191 3 4
870 1477 28 14
870 1579 20 5
871 907 52 12
871 1451 31 3
871 1556 53 6
872 1249 50 11
872 1309 10 1
872 1343 12 3
872 1492 7 2
872 1826 25 14
873 964 19 3
873 967 25 6
873 1633 6 8
873 1679 41 5
874 1576 25 15
875 1140 39 6
875 1530 37 2
876 949 11 9
876 1315 46 4
877 1330 29 4
877 1393 1 6
878 1210 25 15
878 1434 54 1
879 974 10 2
880 1326 39 11
880 1552 15 11
881 1501 42 3
882 1066 47 6
882 1190 43 7
882 1611 57 12
883 1201 16 1
883 1225 20 3
883 1430 36 6
883 1586 46 5
883 1798 2 3
884 985 34 4
884 1333 11 6
884 1349 23 1
884 1504 13 2
885 1556 43 9
886 1615 7 15
886 1779 25 3
887 1057 5 11
887 1228 32 2
887 1337 1 4
887 1342 24 8
887 1365 10 15
887 1430 41 8
887 1515 40 2
887 1698 56 1
887 1757 33 2
888 1098 9 12
888 1249 30 5
888 1293 35 6
888 1732 52 5
889 1767 49 13
890 1162 38 3
890 1345 24 13
890 1423 54 4
890 1500 15 13
891 1154 42 14
891 1167 30 1
891 1368 17 11
891 1405 23 6
891 1491 29 1
891 1579 12 7
891 1704 23 14
891 1765 17 12
892 1247 12 7
892 1520 50 15
892 1782 40 15
893 1164 25 4
894 1795 21 8
895 1042 38 13
895 1064 49 15
895 1160 3 1
895 1565 21 12
896 1009 52 4
896 1370 2 6
896 1453 26 14
896 1737 19 7
897 1196 18 3
897 1497 29 14
898 1251 1 9
898 1765 37 2
899 1374 20 12
900 947 47 9
901 1527 59 12
902 984 24 5
903 1008 20 14
903 1758 18 10
904 983 1 2
904 1042 46 1
904 1125 47 13
904 1237 28 14
904 1264 42 12
904 1330 4 10
905 913 2 10
905 1005 3 9
905 1203 44 15
905 1227 40 14
905 1240 32 10
907 1576 34 10
908 1385 58 5
908 1663 30 1
909 1586 1 9
910 1192 12 4
910 1524 12 7
910 1642 50 5
910 1818 30 8
911 1066 42 13
911 1236 1 1
911 1246 34 5
911 1253 33 12
911 1641 25 14
912 933 11 9
912 1020 10 3
912 1492 23 2
912 1518 39 1
913 1112 6 2
913 1521 23 7
914 1297 11 10
914 1652 36 9
914 1712 17 1
915 931 8 3
915 1457 22 2
916 990 35 12
916 1007 19 14
916 1163 41 12
916 1450 53 7
917 918 48 8
917 1107 11 4
918 1680 56 3
918 1716 55 12
918 1743 3 5
918 1785 11 3
918 1811 41 12
919 1522 51 11
919 1632 20 14
920 1481 17 3
922 955 16 14
922 1087 1 5
922 1163 54 13
922 1658 40 6
922 1719 29 6
923 1286 48 7
923 1466 21 4
924 1045 10 7
924 1296 50 15
924 1499 16 7
924 1841 46 7
925 1201 40 6
925 1332 58 15
925 1486 32 9
925 1666 29 9
926 1119 18 2
927 1179 33 5
927 1497 6 9
927 1630 17 13
928 1399 34 5
928 1839 12 9
929 1266 41 13
929 1285 58 12
930 1549 57 7
930 1689 1 13
931 1172 15 10
931 1276 51 4
931 1423 55 5
931 1661 28 11
932 1683 23 7
932 1802 9 7
933 1158 29 3
933 1228 2 12
933 1329 12 8
933 1497 14 8
933 1825 9 13
934 1024 27 10
934 1298 45 13
934 1361 28 3
934 1527 18 5
934 1759 55 12
935 985 4 8
935 1438 17 12
935 1462 58 3
935 1530 56 8
935 1613 21 13
936 1033 56 1
936 1061 32 7
937 977 46 1
937 1673 48 14
938 960 44 15
938 1245 36 8
939 1054 13 15
939 1297 8 10
939 1480 15 8
940 1098 9 8
940 1107 43 11
940 1284 31 12
941 1660 29 15
941 1816 35 9
942 1057 37 9
942 1106 30 9
942 1120 34 12
942 1219 17 13
943 1039 3 11
943 1704 19 12
943 1815 15 4
943 1819 31 5
944 1237 29 1
944 1374 50 10
944 1506 10 2
945 1043 46 7
945 1051 17 13
945 1542 43 3
945 1547 38 13
945 1797 14 8
946 1452 13 11
946 1468 40 14
947 1118 40 14
947 1254 57 10
947 1360 41 4
947 1382 17 14
947 1770 44 2
948 1158 17 4
948 1267 55 5
948 1274 4 15
948 1412 32 8
949 1037 9 3
949 1188 50 7
949 1202 22 9
949 1317 40 13
949 1631 39 15
950 1071 1 15
951 1146 56 2
951 1351 26 7
952 1370 60 1
953 1380 46 2
953 1600 20 12
954 1087 36 4
954 1307 33 11
954 1560 2 11
954 1645 11 4
954 1647 27 12
954 1757 55 4
955 1595 12 7
956 1189 50 12
956 1680 52 2
957 1018 27 4
957 1491 28 2
957 1545 31 2
958 971 10 6
958 1209 60 9
958 1604 37 6
959 1136 32 6
959 1353 53 4
959 1369 20 12
959 1397 15 7
960 1202 55 6
960 1223 25 1
960 1240 35 8
960 1357 7 7
960 1406 17 2
960 1414 6 5
960 1661 29 14
960 1786 43 12
961 1062 32 3
961 1226 40 11
961 1837 31 15
962 989 24 3
962 1260 2 5
962 1309 11 10
963 1312 8 12
963 1846 55 4
964 1447 5 1
964 1599 44 4
965 1023 18 4
965 1226 18 5
965 1249 51 3
965 1281 36 11
966 1024 38 4
966 1100 2 15
966 1262 41 1
966 1346 25 12
967 1181 9 15
967 1280 37 15
967 1401 60 1
967 1636 10 9
967 1769 7 11
968 1171 11 2
968 1654 29 5
968 1748 60 3
968 1786 60 4
968 1831 1 2
969 1555 45 7
970 1688 59 14
971 1667 13 2
972 1175 59 13
972 1481 41 11
973 1018 8 15
973 1019 31 12
974 1022 34 8
974 1203 57 6
974 1256 40 5
974 1374 25 15
974 1708 18 10
975 1106 6 11
975 1401 6 6
975 1606 24 10
975 1747 55 7
976 1232 40 4
976 1405 28 10
977 1095 22 13
977 1111 41 15
978 1470 53 15
978 1717 2 1
978 1805 19 2
979 1160 48 15
979 1308 20 13
979 1401 53 8
981 1359 11 5
981 1438 52 10
982 1022 35 6
982 1171 9 4
982 1466 18 8
982 1816 41 6
983 1104 31 6
983 1430 37 10
983 1685 58 9
984 1082 25 6
984 1088 35 15
984 1143 18 3
984 1267 17 1
984 1394 28 9
984 1488 48 3
984 1497 25 5
984 1557 47 11
984 1829 40 2
985 1060 2 6
985 1322 27 11
987 1606 12 10
988 1014 37 4
989 1423 56 8
989 1618 3 15
989 1842 24 4
990 1200 41 1
990 1368 13 3
990 1483 18 15
990 1498 47 1
990 1638 34 12
990 1767 33 12
990 1833 44 8
991 1792 35 12
992 1316 47 15
992 1727 24 7
992 1775 27 15
992 1777 59 13
993 1098 12 15
993 1199 12 10
993 1424 12 1
993 1651 27 8
994 1443 34 2
994 1469 58 11
994 1811 22 13
996 1085 16 12
996 1795 2 12
997 1016 19 14
997 1255 50 15
997 1749 6 3
997 1773 32 4
998 1221 41 9
998 1371 48 5
999 1058 55 2
999 1441 16 5
999 1451 54 4
999 1477 28 13
1000 1064 22 1
1002 1114 55 7
1002 1751 46 7
1003 1464 23 15
1004 1124 41 15
1004 1805 56 6
1005 1270 16 10
1005 1497 30 7
1006 1115 50 13
1006 1157 17 15
1006 1167 58 14
1006 1208 43 1
1006 1372 8 12
1007 1131 5 7
1007 1405 23 2
1007 1585 40 14
1008 1158 18 10
1008 1431 9 14
1008 1622 51 2
1008 1753 50 15
1009 1631 40 4
1010 1383 20 5
1010 1710 10 15
1010 1762 18 5
1010 1817 40 11
1011 1094 1 1
1011 1159 7 2
1011 1404 20 15
1011 1618 50 14
1012 1179 5 4
1013 1665 43 9
1013 1696 51 10
1014 1069 11 3
1014 1501 5 14
1014 1579 22 6
1014 1738 41 5
1015 1368 37 13
1015 1592 51 7
1016 1327 34 2
1016 1562 30 5
1016 1610 38 2
1016 1730 28 9
1016 1778 53 7
1017 1540 39 14
1017 1750 44 11
1018 1038 28 4
1018 1497 20 8
1020 1250 46 1
1020 1526 44 10
1020 1772 40 9
1021 1324 10 10
1021 1557 6 14
1021 1770 14 3
1022 1173 49 4
1023 1339 3 10
1023 1460 14 8
1023 1468 8 12
1023 1744 11 11
1024 1154 48 15
1024 1830 60 11
1025 1366 13 7
1025 1441 58 6
1025 1622 48 11
1025 1762 12 15
1026 1040 51 11
1026 1259 32 4
1026 1319 19 5
1026 1589 9 10
1026 1706 24 14
1026 1727 55 14
1027 1123 23 4
1027 1236 30 9
1027 1266 52 14
1027 1526 19 8
1027 1698 27 4
1027 1811 23 1
1028 1361 13 6
1028 1457 13 14
1028 1574 16 5
1029 1444 23 4
1029 1750 17 2
1030 1288 53 2
1030 1650 20 8
1030 1790 44 8
1030 1843 5 1
1031 1843 1 9
1032 1809 25 14
1033 1174 54 8
1034 1125 59 13
1034 1314 48 1
1034 1572 25 9
1035 1471 11 8
1035 1818 8 15
1036 1280 1 1
1036 1343 17 5
1037 1366 10 6
1038 1330 52 7
1038 1503 39 2
1038 1537 35 11
1039 1383 44 2
1039 1723 28 6
1040 1486 58 15
1040 1644 38 5
1040 1759 13 13
1040 1783 7 3
1040 1844 34 1
1041 1256 1 15
1041 1491 3 9
1041 1783 59 13
1042 1350 32 1
1042 1419 31 6
1043 1064 27 14
1043 1240 30 7
1043 1409 37 5
1043 1597 41 7
1044 1072 28 2
1044 1446 56 4
1044 1784 41 9
1045 1190 34 5
1045 1272 43 2
1045 1578 16 5
1046 1078 21 13
1046 1321 24 14
1046 1327 35 5
1046 1656 46 7
1047 1382 53 13
1048 1475 13 12
1049 1141 34 5
1049 1262 36 13
1050 1087 25 6
1050 1177 20 7
1050 1272 30 13
1051 1200 16 12
1051 1672 20 13
1051 1811 14 8
1052 1137 28 13
1052 1314 47 5
1052 1702 6 10
1052 1833 50 1
1053 1321 52 9
1053 1428 49 14
1055 1192 52 13
1055 1312 23 11
1055 1349 10 4
1055 1363 41 1
1055 1790 38 9
1056 1066 40 1
1056 1233 8 11
1056 1303 40 8
1056 1529 18 12
1056 1830 21 9
1057 1221 48 15
1057 1554 37 7
1057 1599 8 12
1057 1694 17 3
1058 1822 55 9
1059 1553 36 6
1060 1222 49 1
1060 1267 58 10
1060 1764 11 2
1060 1807 34 5
1061 1364 27 14
1061 1607 27 1
1061 1762 20 12
1061 1824 33 13
1062 1081 2 15
1062 1133 40 6
1062 1729 54 9
1062 1820 3 7
1063 1260 35 2
1063 1653 22 15
1063 1792 2 15
1063 1810 36 15
1065 1817 48 12
1066 1357 44 8
1066 1556 15 3
1066 1787 43 15
1068 1361 39 5
1068 1531 56 14
1068 1780 5 11
1069 1100 27 14
1069 1228 17 5
1069 1497 19 12
1070 1504 33 13
1070 1592 58 1
1070 1608 14 6
1072 1536 7 1
1072 1597 25 12
1072 1717 10 5
1073 1834 45 15
1074 1085 26 12
1074 1457 15 9
1074 1513 18 1
1075 1111 50 10
1075 1165 2 5
1075 1561 16 13
1075 1649 26 6
1076 1122 27 7
1076 1320 57 7
1077 1094 39 13
1077 1112 13 2
1077 1149 49 1
1077 1649 58 15
1077 1673 18 3
1078 1121 50 5
1079 1431 34 11
1079 1652 30 3
1080 1344 36 1
1080 1358 50 10
1080 1394 27 4
1080 1809 14 14
1080 1833 18 14
1081 1259 21 11
1081 1563 53 13
1081 1838 18 11
1082 1247 25 1
1082 1367 15 11
1082 1446 1 7
1082 1748 3 12
1083 1101 32 15
1083 1257 17 15
1083 1615 23 7
1084 1654 41 4
1085 1143 20 12
1085 1273 7 7
1085 1280 16 4
1085 1325 30 12
1085 1663 13 6
1086 1115 22 15
1086 1734 39 14
1086 1754 24 7
1087 1492 19 5
1088 1257 22 10
1088 1463 30 8
1088 1583 41 3
1089 1169 6 5
1089 1235 47 15
1089 1243 24 5
1091 1121 56 14
1091 1178 21 15
1091 1537 4 11
1091 1658 49 14
1093 1449 37 9
1094 1196 36 10
1094 1334 58 11
1094 1368 44 7
1094 1454 30 10
1095 1456 34 4
1095 1514 14 12
1095 1533 28 15
1095 1790 28 3
1096 1434 18 10
1097 1559 39 4
1098 1383 52 13
1098 1418 14 4
1099 1314 27 15
1100 1691 3 10
1101 1371 23 8
1102 1400 14 3
1102 1768 34 4
1104 1436 11 4
1104 1502 14 13
1104 1616 4 14
1105 1181 19 3
1105 1241 60 12
1105 1608 21 14
1105 1818 10 8
1106 1218 6 9
1106 1449 33 5
1106 1701 58 8
1107 1211 20 10
1107 1303 52 10
1107 1609 53 3
1107 1671 30 2
1107 1793 48 10
1108 1119 3 12
1108 1226 33 12
1108 1436 16 3
1108 1804 17 1
1109 1468 32 13
1109 1487 59 5
1109 1590 4 6
1109 1689 58 4
1109 1814 32 1
1109 1835 45 1
1110 1153 17 10
1110 1235 36 3
1110 1356 57 15
1110 1542 60 13
1111 1380 4 8
1111 1799 45 12
1112 1122 40 5
1112 1157 35 5
1112 1706 8 7
1112 1712 57 9
1113 1574 26 7
1114 1753 58 7
1114 1818 6 10
1115 1364 19 3
1115 1831 54 6
1116 1238 55 4
1116 1266 19 6
1116 1318 39 1
1116 1336 58 12
1116 1736 17 13
1117 1238 20 2
1117 1452 53 7
1118 1167 50 5
1119 1121 20 5
1119 1411 5 5
1119 1622 32 4
1120 1154 32 5
1120 1266 32 15
1120 1272 18 12
1120 1482 22 15
1120 1762 5 5
1121 1314 12 12
1121 1337 11 2
1121 1474 25 5
1122 1609 2 14
1123 1393 46 5
1123 1525 47 15
1123 1595 51 13
1124 1552 35 5
1124 1554 22 6
1125 1400 42 11
1126 1237 15 3
1126 1361 19 13
1127 1648 13 9
1128 1213 56 7
1128 1428 3 15
1128 1674 18 2
1129 1212 21 1
1129 1293 1 6
1129 1309 46 11
1129 1440 9 8
1130 1270 60 11
1131 1293 58 14
1131 1717 56 2
1132 1290 13 7
1132 1359 49 15
1132 1462 53 5
1133 1196 31 15
1133 1666 7 13
1133 1742 56 14
1134 1648 59 7
1135 1161 46 4
1135 1267 28 11
1135 1442 36 14
1136 1237 40 6
1136 1282 60 15
1137 1366 8 11
1137 1398 23 9
1137 1449 12 11
1137 1564 16 3
1138 1268 54 6
1138 1755 60 8
1138 1809 12 5
1139 1344 6 14
1139 1644 16 5
1140 1176 30 8
1140 1193 32 11
1141 1331 52 7
1142 1230 21 13
1142 1617 57 1
1143 1504 17 1
1143 1693 1 6
1143 1800 15 12
1144 1220 17 8
1144 1546 57 12
1144 1606 45 1
1145 1623 56 13
1146 1270 13 13
1147 1177 14 12
1147 1205 59 5
1147 1319 33 3
1147 1343 60 7
1147 1381 38 2
1147 1495 53 1
1147 1501 23 1
1150 1525 58 9
1151 1797 15 11
1151 1803 47 1
1152 1298 24 10
1153 1197 27 1
1153 1635 39 9
1153 1755 31 8
1154 1232 54 15
1154 1259 15 10
1155 1219 45 15
1155 1372 14 5
1157 1404 54 15
1157 1713 27 7
1157 1781 29 4
1158 1266 43 3
1158 1359 8 7
1158 1671 27 1
1159 1254 18 13
1159 1412 4 6
1159 1611 39 8
1160 1169 31 12
1161 1260 22 5
1161 1278 40 15
1161 1779 1 4
1161 1847 46 14
1162 1198 40 15
1162 1282 10 4
1162 1809 40 12
1163 1203 50 1
1163 1217 60 3
1163 1311 10 2
1163 1616 37 7
1163 1750 1 11
1164 1684 56 11
1164 1729 44 7
1164 1779 26 3
1165 1283 7 7
1165 1343 57 15
1165 1818 13 7
1166 1425 20 12
1166 1774 10 15
1166 1802 25 7
1168 1183 16 6
1169 1620 52 1
1169 1629 9 2
1169 1688 36 4
1170 1217 10 6
1170 1247 59 12
1170 1822 30 5
1170 1846 35 8
1171 1325 25 6
1171 1352 12 6
1171 1508 56 8
1171 1560 52 4
1173 1395 16 11
1173 1579 56 7
1173 1777 2 5
1173 1786 44 3
1175 1199 57 13
1175 1379 29 11
1175 1442 54 1
1176 1391 45 11
1176 1538 31 8
1176 1748 57 10
1177 1365 14 7
1179 1428 43 13
1179 1629 36 3
1180 1435 27 11
1180 1786 10 15
1181 1208 41 1
1181 1334 11 2
1181 1381 3 6
1181 1512 37 12
1181 1550 49 10
1182 1612 24 6
1182 1831 20 3
1183 1276 3 15
1183 1358 35 4
1183 1473 57 14
1183 1561 21 9
1183 1580 9 7
1185 1393 35 15
1185 1803 56 12
1186 1641 15 2
1188 1426 21 14
1189 1226 20 7
1189 1820 37 4
1190 1272 55 3
1190 1656 28 3
1191 1235 11 6
1191 1648 26 3
1191 1819 50 9
1192 1616 26 10
1192 1719 39 15
1192 1768 47 4
1192 1835 21 14
1193 1702 35 10
1194 1783 38 9
1195 1263 41 7
1196 1639 3 3
1197 1209 50 9
1197 1350 34 9
1197 1459 13 12
1197 1582 22 5
1198 1653 6 1
1200 1428 19 10
1200 1542 44 13
1202 1313 29 7
1203 1209 37 9
1203 1753 33 6
1203 1824 45 12
1204 1541 14 14
1205 1508 56 6
1206 1377 12 2
1206 1486 21 15
1206 1488 35 5
1207 1322 26 4
1207 1567 1 13
1207 1627 41 14
1207 1811 39 8
1208 1452 6 1
1208 1517 51 1
1210 1304 51 1
1210 1597 32 1
1211 1414 5 3
1211 1535 37 9
1211 1761 56 13
1211 1796 42 8
1212 1358 28 11
1212 1442 60 4
1212 1780 30 6
1213 1245 56 12
1213 1270 15 10
1213 1325 58 14
1213 1658 15 12
1214 1282 43 2
1214 1770 10 2
1215 1725 5 11
1215 1827 23 1
1216 1429 42 13
1217 1489 33 11
1217 1821 36 11
1218 1327 10 2
1218 1487 59 10
1219 1290 19 14
1219 1483 16 11
1219 1545 9 1
1219 1801 58 3
1221 1279 49 14
1221 1628 28 3
1221 1709 18 15
1222 1614 56 1
1222 1643 19 12
1222 1674 12 3
1222 1720 26 1
1223 1680 56 9
1223 1764 40 10
1224 1697 3 9
1225 1742 42 1
1226 1463 60 12
1227 1343 23 6
1228 1654 11 9
1228 1668 11 12
1228 1831 30 1
1229 1364 30 2
1229 1647 35 5
1229 1792 21 6
1230 1402 39 2
1230 1449 10 13
1231 1443 19 13
1233 1295 37 9
1233 1525 53 7
1235 1393 30 14
1236 1697 38 9
1238 1271 29 3
1238 1778 49 6
1240 1578 21 3
1240 1601 53 8
1240 1701 57 5
1240 1843 16 10
1241 1260 10 9
1241 1325 34 7
1242 1289 22 14
1242 1420 5 14
1242 1633 22 5
1242 1641 5 8
1244 1508 35 2
1244 1541 11 6
1244 1600 49 14
1245 1640 32 8
1246 1343 34 2
1248 1438 59 5
1248 1495 42 5
1249 1796 47 9
1250 1635 22 14
1250 1729 52 13
1251 1737 1 1
1252 1295 2 8
1252 1296 8 12
1252 1588 29 13
1254 1410 10 4
1254 1700 33 6
1255 1509 58 13
1256 1422 56 12
1256 1432 1 13
1256 1538 10 10
1259 1583 22 9
1259 1599 43 11
1259 1630 34 3
1260 1399 45 1
1260 1470 59 10
1260 1844 54 15
1261 1474 4 15
1261 1624 53 7
1262 1459 56 8
1263 1427 3 3
1263 1455 57 13
1263 1776 1 10
1263 1818 55 5
1264 1480 6 11
1264 1775 38 9
1265 1272 32 9
1265 1322 5 7
1265 1388 48 2
1266 1508 7 5
1266 1590 21 13
1268 1307 25 11
1268 1455 14 8
1268 1717 44 7
1269 1806 24 8
1270 1376 58 5
1270 1795 35 6
1273 1542 35 3
1273 1550 19 14
1273 1617 12 5
1273 1744 42 2
1274 1488 13 3
1274 1830 59 8
1275 1470 20 5
1275 1591 48 15
1275 1759 28 11
1275 1773 49 15
1276 1353 12 11
1276 1516 2 4
1276 1528 16 8
1276 1558 38 9
1277 1288 30 4
1277 1566 15 15
1278 1564 51 14
1279 1292 33 1
1279 1368 24 3
1279 1533 20 7
1279 1702 41 2
1279 1796 37 11
1279 1843 27 13
1280 1662 50 6
1280 1816 54 2
1281 1565 49 13
1281 1845 16 6
1282 1639 30 15
1283 1490 19 2
1283 1748 18 13
1283 1762 3 13
1284 1815 27 3
1285 1382 59 11
1285 1392 14 5
1285 1535 7 12
1285 1762 8 13
1286 1631 41 2
1286 1706 35 2
1286 1786 12 9
1287 1346 37 6
1288 1678 33 15
1288 1789 45 7
1289 1408 31 9
1290 1595 7 9
1291 1569 39 15
1292 1398 25 7
1292 1401 51 4
1292 1513 16 14
1292 1686 4 6
1292 1778 49 6
1294 1825 11 5
1295 1530 22 4
1296 1448 11 14
1296 1622 24 13
1298 1300 6 9
1298 1462 42 6
1298 1699 39 11
1299 1787 44 4
1300 1321 50 11
1300 1408 13 1
1301 1345 38 2
1301 1737 29 5
1302 1425 14 7
1302 1727 28 5
1303 1367 13 15
1304 1775 11 5
1305 1350 36 8
1306 1548 25 9
1306 1555 1 11
1306 1634 45 12
1307 1493 25 9
1307 1690 11 15
1308 1388 25 3
1308 1392 5 12
1308 1410 13 4
1308 1489 53 4
1308 1617 48 1
1309 1404 31 9
1309 1455 49 1
1309 1795 28 6
1310 1415 9 1
1310 1695 20 3
1311 1593 58 8
1311 1632 52 3
1311 1838 17 12
1312 1761 8 6
1313 1480 25 9
1313 1562 60 13
1314 1332 50 5
1315 1801 10 2
1317 1548 40 5
1318 1424 38 14
1318 1550 54 10
1318 1602 13 3
1318 1708 21 15
1319 1378 56 6
1319 1664 54 10
1320 1644 36 12
1320 1678 33 10
1320 1739 19 9
1321 1519 2 10
1322 1697 5 1
1323 1497 27 14
1324 1428 50 8
1324 1653 54 3
1324 1811 46 13
1325 1439 41 7
1325 1502 20 8
1327 1330 27 3
1327 1641 32 6
1327 1705 6 9
1328 1757 16 6
1329 1510 30 5
1331 1605 12 9
1331 1737 17 4
1332 1356 35 6
1332 1370 26 14
1332 1568 41 9
1332 1736 47 11
1334 1478 30 13
1336 1667 29 10
1336 1799 46 2
1338 1385 10 1
1338 1441 38 15
1338 1444 35 13
1338 1582 5 14
1338 1607 26 2
1339 1416 15 12
1340 1599 15 2
1340 1758 20 12
1340 1773 9 1
1341 1345 24 3
1341 1594 53 15
1341 1692 30 5
1341 1727 51 13
1342 1687 13 1
1342 1693 28 12
1343 1488 35 10
1345 1408 25 14
1345 1649 42 14
1347 1586 41 8
1347 1641 21 15
1348 1386 38 15
1348 1489 48 4
1349 1363 9 13
1349 1495 57 10
1350 1463 46 12
1350 1544 49 4
1351 1478 20 11
1352 1598 53 1
1353 1465 20 8
1353 1817 59 5
1354 1552 41 15
1355 1544 35 10
1355 1559 12 13
1356 1492 21 2
1356 1749 50 5
1357 1548 49 9
1357 1771 31 11
1357 1832 19 9
1358 1437 23 7
1360 1436 21 1
1360 1528 6 3
1360 1656 60 1
1362 1363 32 3
1364 1400 2 13
1365 1551 3 15
1365 1793 55 6
1366 1371 31 10
1366 1377 54 1
1366 1721 36 13
1367 1468 27 3
1368 1430 5 5
1368 1570 17 14
1370 1447 25 1
1370 1493 52 12
1370 1634 47 4
1370 1742 37 6
1371 1409 32 14
1371 1500 47 12
1371 1701 11 15
1371 1721 49 6
1372 1721 14 10
1373 1666 46 9
1375 1543 13 10
1376 1590 55 1
1376 1767 39 12
1377 1437 43 12
1377 1618 8 4
1377 1807 46 4
1378 1554 29 5
1380 1499 38 12
1380 1686 31 2
1381 1538 54 1
1383 1588 6 8
1384 1415 3 1
1386 1639 5 8
1386 1737 51 15
1387 1725 36 14
1388 1464 57 1
1389 1564 48 10
1391 1407 41 14
1392 1487 57 12
1393 1527 60 6
1393 1757 50 6
1394 1650 44 4
1394 1818 32 7
1395 1457 52 10
1395 1794 11 4
1395 1822 17 12
1396 1549 60 14
1396 1562 40 11
1396 1655 57 14
1397 1463 26 2
1399 1475 8 7
1399 1495 24 14
1399 1565 6 12
1400 1401 13 12
1400 1632 3 3
1402 1508 41 9
1405 1649 48 6
1407 1649 38 5
1407 1748 9 6
1407 1801 1 10
1408 1479 9 5
1408 1839 29 2
1409 1498 57 5
1409 1559 44 14
1409 1615 24 12
1409 1783 2 7
1411 1688 29 4
1411 1694 26 1
1412 1521 35 13
1412 1665 31 12
1412 1671 59 7
1412 1775 40 14
1414 1516 46 12
1416 1485 7 7
1418 1454 7 2
1418 1653 52 5
1420 1663 25 1
1421 1612 45 4
1421 1806 18 8
1422 1694 3 15
1422 1764 49 12
1423 1552 20 12
1423 1634 46 15
1423 1737 30 2
1424 1651 27 11
1424 1743 10 6
1425 1711 34 1
1425 1832 40 8
1427 1671 1 5
1428 1540 5 10
1428 1598 2 13
1428 1607 22 6
1428 1630 49 15
1429 1595 40 6
1429 1837 5 2
1432 1664 47 5
1434 1576 9 7
1434 1659 9 15
1434 1673 27 10
1435 1484 15 4
1435 1630 20 6
1435 1763 16 6
1436 1656 20 1
1436 1681 37 12
1437 1582 38 12
1437 1622 13 15
1438 1523 33 9
1438 1807 47 10
1440 1478 24 14
1440 1688 16 12
1441 1550 22 9
1441 1843 14 9
1442 1668 23 13
1442 1674 53 1
1442 1701 1 14
1443 1658 20 7
1444 1649 21 4
1444 1780 38 2
1445 1743 39 6
1446 1458 49 7
1446 1543 10 11
1446 1596 14 5
1447 1585 28 9
1447 1795 28 2
1448 1741 13 4
1451 1474 14 3
1451 1546 58 2
1451 1676 34 12
1452 1603 33 13
1453 1662 37 2
1454 1618 16 13
1454 1801 25 7
1455 1480 25 6
1455 1798 56 13
1456 1586 57 13
1456 1709 46 4
1459 1486 28 10
1460 1682 23 14
1461 1537 2 3
1461 1800 51 6
1462 1644 8 15
1463 1592 7 12
1463 1649 31 5
1463 1719 32 2
1465 1592 15 2
1465 1747 55 13
1467 1743 36 9
1468 1501 3 8
1468 1616 24 4
1468 1676 56 7
1469 1534 39 11
1470 1829 53 14
1470 1836 47 14
1472 1518 42 14
1472 1640 32 9
1473 1703 25 3
1475 1614 24 12
1475 1818 1 10
1476 1485 4 2
1476 1556 6 1
1476 1658 22 14
1477 1526 10 13
1478 1814 48 9
1481 1521 1 1
1481 1594 40 3
1482 1692 15 2
1483 1605 41 7
1486 1636 45 6
1486 1660 60 6
1487 1650 53 3
1488 1792 43 13
1488 1838 25 14
1490 1610 57 7
1491 1609 19 11
1492 1608 48 5
1493 1785 59 2
1494 1587 20 7
1496 1552 53 8
1497 1633 48 12
1497 1735 30 11
1497 1753 58 2
1500 1700 8 10
1501 1687 18 6
1501 1720 33 11
1503 1551 24 5
1503 1803 7 13
1505 1537 13 14
1506 1652 11 6
1507 1515 45 8
1507 1796 5 15
1509 1560 34 11
1509 1646 45 8
1511 1636 30 14
1512 1647 29 12
1513 1657 36 9
1514 1674 53 13
1514 1676 41 4
1517 1647 20 4
1517 1760 29 9
1519 1602 23 9
1520 1803 8 1
1522 1708 25 11
1522 1826 1 5
1523 1535 41 10
1526 1779 46 4
1528 1593 4 9
1529 1561 57 7
1529 1694 41 3
1530 1775 24 7
1531 1603 38 6
1532 1817 56 5
1536 1642 34 14
1537 1645 52 10
1538 1598 42 4
1538 1788 57 9
1538 1815 47 12
1538 1816 5 5
1542 1592 7 13
1543 1619 27 10
1545 1740 29 10
1545 1779 19 13
1545 1790 44 9
1546 1672 25 9
1547 1606 28 13
1548 1609 12 3
1548 1812 14 15
1549 1554 5 15
1550 1572 27 8
1550 1745 31 6
1553 1612 32 13
1553 1819 14 6
1554 1703 45 15
1556 1790 60 3
1557 1737 6 8
1559 1791 16 7
1560 1664 7 10
1562 1578 28 8
1562 1662 10 4
1562 1811 24 7
1563 1619 42 13
1563 1632 12 15
1563 1816 54 14
1566 1626 34 1
1567 1609 47 12
1567 1615 19 4
1567 1794 18 13
1571 1584 15 10
1572 1742 8 11
1575 1764 34 10
1575 1786 29 8
1576 1596 20 2
1576 1654 17 7
1576 1691 20 6
1577 1811 11 11
1578 1641 54 13
1578 1765 27 2
1579 1657 45 10
1579 1818 32 1
1580 1741 28 11
1580 1827 44 1
1581 1828 34 11
1584 1713 47 12
1585 1638 32 8
1586 1831 56 7
1587 1598 51 5
1587 1622 34 13
1587 1651 21 1
1587 1721 52 8
1587 1742 40 15
1589 1694 31 13
1592 1766 17 7
1593 1671 49 1
1593 1715 19 3
1595 1736 31 2
1596 1607 13 6
1599 1632 44 2
1600 1710 49 1
1601 1617 35 5
1601 1809 47 8
1606 1615 33 15
1607 1767 42 5
1608 1758 53 1
1609 1766 9 15
1610 1621 46 4
1611 1629 58 2
1612 1845 16 10
1613 1778 3 12
1613 1813 30 9
1614 1625 1 7
1614 1719 44 3
1619 1774 45 13
1621 1831 23 11
1624 1699 52 11
1625 1813 18 12
1625 1840 12 11
1627 1805 45 11
1627 1813 24 1
1628 1704 28 14
1628 1722 1 5
1629 1649 32 3
1630 1662 24 10
1632 1635 37 7
1632 1750 1 15
1632 1836 3 1
1633 1675 45 6
1634 1681 12 12
1638 1658 17 10
1640 1834 19 9
1641 1725 35 7
1643 1742 7 13
1643 1750 6 15
1643 1752 9 10
1644 1695 23 14
1646 1845 30 10
1648 1828 47 3
1650 1802 7 5
1651 1661 59 9
1651 1689 39 11
1651 1718 51 10
1652 1709 47 3
1654 1730 10 13
1654 1778 31 6
1654 1817 45 12
1655 1796 7 3
1656 1663 12 4
1656 1825 41 9
1658 1678 47 7
1658 1829 28 4
1660 1681 45 1
1663 1687 11 15
1664 1794 33 5
1667 1698 4 11
1668 1840 56 9
1672 1827 8 11
1673 1794 43 6
1677 1770 4 5
1678 1823 16 13
1680 1701 45 10
1680 1760 7 14
1682 1788 12 10
1684 1766 10 15
1686 1813 28 13
1688 1724 55 5
1688 1764 42 14
1690 1714 57 14
1690 1817 6 12
1693 1726 49 2
1694 1719 36 12
1696 1775 21 14
1699 1820 14 2
1700 1841 32 10
1701 1800 4 9
1702 1753 47 9
1702 1780 51 1
1703 1758 59 15
1706 1764 55 9
1706 1802 40 4
1708 1787 45 2
1712 1725 7 2
1714 1723 50 4
1714 1835 27 5
1715 1790 30 12
1715 1805 30 11
1725 1744 36 5
1725 1749 44 7
1726 1745 5 15
1727 1754 31 9
1727 1808 52 15
1728 1741 56 13
1729 1758 11 12
1729 1837 7 2
1737 1819 52 4
1738 1795 9 10
1741 1792 41 4
1749 1763 10 2
1750 1830 39 7
1752 1768 59 4
1752 1788 49 1
1754 1847 42 3
1755 1832 56 7
1756 1764 30 7
1782 1816 10 7
1785 1819 36 14
1786 1810 44 5
1791 1839 56 7
1792 1807 39 15
1798 1810 52 14
1798 1842 38 11
1801 1841 56 13
1807 1815 18 8
1820 1824 38 1
1824 1839 55 9

0 0 47
1 18 3
2 22 1
3 24 34
4 42 39
5 46 37
6 47 8
7 80 18
8 133 5
9 137 32
10 141 2
11 145 47
12 155 16
13 156 46
14 157 43
15 158 31
16 167 13
17 171 44
18 180 9
19 192 27
20 196 12
21 206 7
22 215 36
23 222 19
24 226 24
25 233 44
26 234 14
27 235 36
28 239 27
29 246 4
30 254 17
31 257 45
32 281 44
33 291 19
34 305 19
35 307 40
36 346 37
37 349 47
38 353 48
39 361 3
40 365 3
41 368 47
42 370 36
43 371 9
44 384 43
45 391 39
46 407 7
47 417 44
48 433 30
49 439 48
50 474 33
51 479 10
52 481 21
53 492 20
54 493 28
55 507 19
56 519 47
57 523 18
58 529 14
59 533 31
60 556 5
61 574 34
62 587 5
63 591 34
64 606 9
65 616 15
66 628 42
67 630 30
68 641 41
69 648 35
70 657 30
71 661 21
72 669 17
73 675 29
74 676 18
75 679 26
76 685 46
77 705 44
78 774 8
79 783 26
80 785 28
81 807 7
82 819 32
83 823 38
84 833 26
85 841 24
86 844 21
87 854 41
88 869 25
89 871 3
90 875 9
91 877 11
92 882 45
93 921 41
94 924 46
95 926 44
96 929 39
97 995 16
98 1001 8
99 1005 33
100 1008 10
101 1014 33
102 1023 5
103 1038 5
104 1067 49
105 1090 46
106 1091 43
107 1106 19
108 1107 12
109 1122 29
110 1131 32
111 1136 15
112 1150 23
113 1168 21
114 1178 49
115 1189 20
116 1196 30
117 1210 34
118 1216 44
119 1218 21
120 1224 22
121 1239 42
122 1267 10
123 1273 9
124 1276 42
125 1300 29
126 1319 29
127 1328 8
128 1334 43
129 1335 35
130 1345 38
131 1353 19
132 1357 38
133 1358 5
134 1366 45
135 1372 15
136 1373 41
137 1379 42
138 1383 32
139 1384 42
140 1388 1
141 1400 43
142 1406 9
143 1427 1
144 1450 16
145 1464 37
146 1470 40
147 1480 39
148 1497 48
149 1501 41
150 1502 19
151 1533 34
152 1539 23
153 1567 34
154 1576 9
155 1584 8
156 1587 47
157 1588 9
158 1589 33
159 1597 44
160 1599 48
161 1610 25
162 1629 26
163 1636 32
164 1637 11
165 1670 19
166 1672 6
167 1674 46
168 1679 3
169 1683 19
170 1693 49
171 1703 49
172 1727 13
173 1738 44
174 1747 45
175 1752 19
176 1756 32
177 1770 13
178 1774 1
179 1787 36
180 1791 45
181 1793 9
182 1816 12
183 1825 29
184 1839 28
