1181 5883 118 12

0 30 6468
1 60 12337
2 90 17646
3 120 22436
4 150 26742
5 180 30601
6 210 34043
7 240 37100
8 270 39799
9 300 42168
10 330 44231
11 360 46011

0 23852
1 33734
2 34439
3 23478
4 24856
5 30805
6 28728
7 28933
8 28410
9 30826
10 22782
11 28717
12 30495
13 35637
14 26752
15 28478
16 25519
17 28938
18 16528
19 31695
20 40374
21 35712
22 33390
23 33562
24 24830
25 27790
26 29613
27 36389
28 34073
29 28935
30 26227
31 33174
32 27218
33 46296
34 23211
35 24190
36 33752
37 31485
38 22585
39 25949
40 38419
41 28728
42 26388
43 33181
44 34166
45 28627
46 30403
47 30935
48 31723
49 22837
50 26807
51 26983
52 29393
53 38249
54 29536
55 32590
56 17825
57 29253
58 30644
59 26711
60 27324
61 35315
62 25028
63 29332
64 23786
65 27964
66 27046
67 21718
68 37114
69 36073
70 30581
71 29908
72 25488
73 32601
74 41218
75 32376
76 28268
77 33426
78 27144
79 35094
80 32490
81 26233
82 24016
83 27892
84 28478
85 19082
86 31862
87 34196
88 30003
89 32280
90 22540
91 34224
92 35776
93 31396
94 26042
95 33223
96 17049
97 37171
98 20137
99 26464
100 33094
101 22275
102 36595
103 27043
104 35692
105 25742
106 35477
107 37315
108 34124
109 31254
110 27814
111 37982
112 29342
113 31199
114 35205
115 28553
116 20681
117 34439
118 17042
119 37937
120 36520
121 25694
122 32383
123 31632
124 29556
125 23595
126 33456
127 33583
128 24696
129 24659
130 25344
131 27637
132 25147
133 25045
134 29547
135 24293
136 33594
137 35956
138 29301
139 33276
140 21311
141 19509
142 27282
143 20265
144 24896
145 30336
146 26146
147 25546
148 35999
149 27116
150 21903
151 35545
152 24732
153 31238
154 23995
155 29510
156 23038
157 27537
158 33674
159 36622
160 29147
161 25296
162 42028
163 28947
164 29196
165 35124
166 35625
167 26284
168 27814
169 27123
170 31534
171 35577
172 26074
173 30089
174 27238
175 25463
176 33976
177 30987
178 28022
179 39789
180 28018
181 37708
182 28764
183 33486
184 32613
185 33582
186 27750
187 18614
188 25421
189 24718
190 28160
191 36359
192 31049
193 29877
194 33618
195 31545
196 28628
197 23851
198 31354
199 30280
200 19653
201 30227
202 37780
203 27955
204 36296
205 31124
206 23893
207 14963
208 31701
209 23714
210 33701
211 20152
212 35038
213 44247
214 30508
215 30669
216 23146
217 27831
218 30580
219 33030
220 18776
221 30287
222 35790
223 26522
224 37899
225 29555
226 36041
227 30088
228 33868
229 22856
230 32998
231 30042
232 26051
233 34498
234 29925
235 37418
236 23800
237 33554
238 32395
239 29540
240 30150
241 27174
242 30667
243 20571
244 32101
245 22352
246 33002
247 20518
248 31978
249 25136
250 32178
251 38897
252 29471
253 31522
254 30655
255 36853
256 14963
257 14963
258 28706
259 24857
260 23983
261 24044
262 33780
263 22391
264 28090
265 28208
266 35430
267 18480
268 28322
269 37506
270 25176
271 36754
272 28262
273 30368
274 31074
275 24262
276 23397
277 37565
278 26933
279 28533
280 34066
281 29286
282 33195
283 38831
284 40549
285 40288
286 27911
287 30664
288 30383
289 26802
290 30973
291 31345
292 25910
293 28053
294 26028
295 30477
296 37225
297 34499
298 38019
299 34271
300 25655
301 28194
302 38459
303 24507
304 34271
305 32181
306 30362
307 35769
308 35255
309 33770
310 23929
311 28224
312 24950
313 37476
314 32352
315 35014
316 29545
317 25597
318 22617
319 31590
320 22069
321 25714
322 35510
323 22601
324 28611
325 25803
326 25428
327 34666
328 19659
329 28805
330 23885
331 23240
332 30197
333 30059
334 42777
335 30078
336 33135
337 29858
338 24997
339 27973
340 29664
341 20940
342 36292
343 37755
344 28353
345 34024
346 27563
347 24450
348 28582
349 36697
350 33303
351 32484
352 34465
353 25109
354 27687
355 34545
356 36968
357 35502
358 21138
359 24892
360 28112
361 30246
362 31520
363 35748
364 36540
365 34464
366 20402
367 31979
368 25755
369 28814
370 26186
371 31859
372 36707
373 27785
374 34810
375 33704
376 30878
377 29209
378 30054
379 27632
380 29827
381 35710
382 26836
383 30491
384 29739
385 16384
386 30940
387 30257
388 28574
389 36855
390 36492
391 33765
392 22615
393 29353
394 23696
395 26472
396 21200
397 36528
398 31438
399 35325
400 33140
401 27322
402 29701
403 29774
404 29066
405 30571
406 37253
407 29328
408 25555
409 26555
410 24831
411 34175
412 25242
413 34337
414 35957
415 33169
416 35133
417 38446
418 28944
419 19255
420 22282
421 35695
422 30195
423 30976
424 33643
425 29116
426 26052
427 32832
428 28202
429 32707
430 27472
431 31158
432 29591
433 30137
434 25728
435 35853
436 29989
437 26289
438 30334
439 26605
440 27723
441 35948
442 32077
443 30651
444 24591
445 26143
446 21257
447 26195
448 31966
449 34631
450 38049
451 28733
452 28463
453 24099
454 35117
455 43146
456 28635
457 31587
458 26819
459 29849
460 31439
461 34235
462 34583
463 21756
464 29770
465 32744
466 31427
467 30530
468 34344
469 26375
470 26313
471 28859
472 27100
473 22703
474 24000
475 33372
476 32775
477 33415
478 42823
479 34421
480 32877
481 29722
482 27519
483 28183
484 28650
485 31072
486 28650
487 31573
488 28432
489 28594
490 22374
491 31123
492 21746
493 36308
494 29185
495 36495
496 44519
497 29176
498 32717
499 35350
500 39963
501 29767
502 30453
503 30227
504 29177
505 35149
506 32072
507 29395
508 30359
509 28114
510 26789
511 33570
512 30542
513 23029
514 27357
515 34258
516 22070
517 29763
518 28035
519 34485
520 26671
521 29740
522 27259
523 33392
524 28375
525 26591
526 27231
527 25397
528 31642
529 26353
530 32688
531 30091
532 26788
533 31952
534 25426
535 23966
536 33475
537 30975
538 25576
539 34526
540 28839
541 37324
542 22337
543 33460
544 32782
545 29154
546 27222
547 23788
548 31327
549 26835
550 27704
551 32773
552 31974
553 30187
554 30641
555 35931
556 24059
557 35032
558 30503
559 31065
560 34141
561 31597
562 31469
563 34906
564 24960
565 25996
566 22646
567 28106
568 26650
569 34257
570 32015
571 32369
572 29552
573 26596
574 33395
575 28159
576 29441
577 29436
578 27374
579 25008
580 29892
581 28417
582 24014
583 30873
584 27413
585 23020
586 20378
587 23090
588 31158
589 31129
590 32523
591 29196
592 36872
593 32247
594 29140
595 36353
596 24878
597 28433
598 26351
599 28631
600 37225
601 34545
602 36869
603 31852
604 31635
605 32389
606 33638
607 31278
608 25170
609 23458
610 36123
611 27414
612 30810
613 35748
614 23486
615 35233
616 40975
617 29642
618 26249
619 27268
620 26348
621 23015
622 29548
623 36950
624 29828
625 36650
626 33636
627 29562
628 31423
629 31800
630 30460
631 33832
632 29136
633 25789
634 30654
635 33417
636 34119
637 37884
638 29074
639 31716
640 28618
641 34689
642 32318
643 26406
644 21861
645 29676
646 36331
647 28715
648 31005
649 26502
650 30497
651 32458
652 28282
653 27837
654 26023
655 29899
656 18816
657 30898
658 30394
659 27024
660 25707
661 37044
662 32290
663 38559
664 33498
665 34939
666 20755
667 28099
668 36312
669 32923
670 27756
671 34888
672 27208
673 36435
674 31525
675 25585
676 34364
677 28974
678 25669
679 31487
680 32708
681 30483
682 28680
683 28812
684 25189
685 31553
686 24740
687 36911
688 29862
689 36065
690 28978
691 23562
692 37409
693 28661
694 26816
695 29916
696 22893
697 39856
698 27520
699 31500
700 26244
701 30817
702 30657
703 25400
704 23372
705 35219
706 27059
707 27986
708 42295
709 35169
710 30217
711 24039
712 28397
713 35953
714 31056
715 28711
716 27228
717 25673
718 28200
719 36828
720 32836
721 35575
722 25497
723 31022
724 17652
725 17713
726 28681
727 25843
728 33065
729 25342
730 27094
731 31779
732 37498
733 37643
734 25623
735 29098
736 27351
737 25130
738 30291
739 26543
740 27517
741 25619
742 30518
743 35277
744 27823
745 26692
746 38235
747 33168
748 39593
749 29997
750 33941
751 35462
752 23195
753 31314
754 25820
755 23356
756 33990
757 39437
758 21614
759 30858
760 29140
761 31614
762 38785
763 27564
764 35828
765 38827
766 34499
767 33620
768 27682
769 33912
770 43270
771 33668
772 20732
773 32494
774 33760
775 25332
776 35636
777 30232
778 25344
779 31117
780 37236
781 35542
782 28542
783 30460
784 25961
785 29297
786 24076
787 35095
788 27195
789 31770
790 25579
791 30648
792 32552
793 24592
794 18962
795 30534
796 30949
797 38090
798 29164
799 39247
800 26699
801 27358
802 30923
803 35536
804 30622
805 28584
806 30596
807 28567
808 25230
809 33121
810 36358
811 26707
812 29947
813 23370
814 31410
815 24580
816 35211
817 35672
818 26280
819 25584
820 30761
821 40000
822 31534
823 33345
824 23373
825 32295
826 35572
827 30321
828 31249
829 23289
830 23830
831 30036
832 21207
833 29409
834 32032
835 30974
836 29353
837 29982
838 38263
839 29378
840 25776
841 22785
842 29861
843 24937
844 31325
845 25459
846 27571
847 30615
848 25793
849 21818
850 38238
851 23473
852 28129
853 26410
854 26193
855 23989
856 28952
857 25843
858 32762
859 26057
860 31084
861 32152
862 38898
863 35831
864 31165
865 33030
866 24339
867 36711
868 28258
869 33574
870 30489
871 29798
872 30228
873 28333
874 29212
875 32261
876 27914
877 36066
878 31569
879 30806
880 23176
881 31506
882 38831
883 28030
884 27293
885 21791
886 28405
887 31620
888 22498
889 34184
890 19255
891 33533
892 25526
893 26901
894 18102
895 36876
896 23167
897 32616
898 28460
899 29933
900 27903
901 29779
902 29814
903 30759
904 24983
905 33649
906 27177
907 30435
908 34470
909 33983
910 26566
911 30472
912 39377
913 27680
914 27954
915 25391
916 25747
917 40470
918 35602
919 30588
920 35636
921 25625
922 31230
923 29177
924 29400
925 22577
926 32442
927 30015
928 34731
929 27093
930 31954
931 26236
932 39404
933 33662
934 35652
935 34736
936 23251
937 32921
938 35486
939 26899
940 39409
941 28422
942 30063
943 34636
944 30478
945 20412
946 34465
947 31570
948 29073
949 25051
950 27760
951 27750
952 36726
953 40933
954 33364
955 37390
956 29181
957 27404
958 32975
959 34062
960 26241
961 35886
962 21776
963 32409
964 35180
965 24744
966 28661
967 33193
968 27607
969 27896
970 31590
971 27314
972 22768
973 32474
974 24313
975 24264
976 30268
977 22924
978 37305
979 28859
980 31147
981 34582
982 31032
983 27590
984 34229
985 30186
986 25378
987 34150
988 37474
989 26650
990 37283
991 29994
992 23694
993 31570
994 23892
995 20481
996 27206
997 28856
998 17503
999 26103
1000 31936
1001 25932
1002 23043
1003 29053
1004 33265
1005 33576
1006 34808
1007 22645
1008 31957
1009 29840
1010 19650
1011 39412
1012 33274
1013 29365
1014 35789
1015 36568
1016 29338
1017 33475
1018 32542
1019 17704
1020 21392
1021 34199
1022 30057
1023 28669
1024 33193
1025 27981
1026 27244
1027 27580
1028 31585
1029 36232
1030 37445
1031 23849
1032 28103
1033 31980
1034 33510
1035 34214
1036 26310
1037 25518
1038 33905
1039 24910
1040 30388
1041 28815
1042 20435
1043 38246
1044 35536
1045 25265
1046 26411
1047 27282
1048 27143
1049 36510
1050 34431
1051 19153
1052 32657
1053 37877
1054 30164
1055 33477
1056 22700
1057 33601
1058 31307
1059 36220
1060 31625
1061 36340
1062 25830
1063 33287
1064 32271
1065 25438
1066 29692
1067 28570
1068 24703
1069 32416
1070 35846
1071 25100
1072 26263
1073 39216
1074 19933
1075 33964
1076 27719
1077 37229
1078 30267
1079 23161
1080 30229
1081 28803
1082 29019
1083 39965
1084 39070
1085 36091
1086 31081
1087 31710
1088 33175
1089 26743
1090 30231
1091 27268
1092 28643
1093 25843
1094 31596
1095 42676
1096 19971
1097 22351
1098 18880
1099 37392
1100 23819
1101 34070
1102 25903
1103 23574
1104 27274
1105 37330
1106 34830
1107 33922
1108 34810
1109 32396
1110 29083
1111 25253
1112 32816
1113 24179
1114 23032
1115 24406
1116 33236
1117 32115
1118 38207
1119 20451
1120 23754
1121 24214
1122 35807
1123 23251
1124 26716
1125 33486
1126 29338
1127 31663
1128 38023
1129 28847
1130 27260
1131 36417
1132 38612
1133 34651
1134 29387
1135 33223
1136 26972
1137 36944
1138 27063
1139 30623
1140 24746
1141 22085
1142 38896
1143 20276
1144 37866
1145 26511
1146 32840
1147 25295
1148 26770
1149 31103
1150 33684
1151 27505
1152 26870
1153 35933
1154 32559
1155 21497
1156 28480
1157 33864
1158 25844
1159 34423
1160 30047
1161 34817
1162 36067
1163 35524
1164 35981
1165 36472
1166 37371
1167 28320
1168 40740
1169 25311
1170 33808
1171 28698
1172 24061
1173 27129
1174 27788
1175 23726
1176 25268
1177 26793
1178 30504
1179 34014
1180 35264

0 6 32 14
0 322 32 14
0 464 37 6
0 466 36 5
0 514 56 9
0 830 45 13
0 929 15 14
0 947 30 13
1 9 43 8
1 193 14 5
1 332 7 15
1 334 21 2
1 457 46 14
1 645 23 5
1 806 33 15
1 1017 36 8
2 14 54 8
2 104 29 12
2 119 8 7
2 264 28 12
2 306 2 5
2 323 10 1
2 348 33 5
2 463 31 10
2 519 4 15
2 742 42 4
2 1094 5 11
3 276 47 5
3 292 21 1
3 314 31 13
3 457 58 13
3 627 35 3
3 631 15 10
3 727 23 4
3 829 10 3
3 1013 16 9
4 11 60 12
4 70 22 6
4 517 9 12
4 551 23 4
4 759 33 14
4 762 51 11
4 782 40 4
4 822 28 3
4 832 8 8
4 865 10 15
4 883 12 3
4 961 59 12
4 988 2 9
4 1073 55 2
5 51 49 1
5 100 13 13
5 391 55 13
5 397 40 7
5 630 39 2
5 713 55 6
5 789 5 10
5 824 60 15
5 848 60 12
5 1011 44 12
5 1131 31 8
6 297 22 13
6 528 14 2
6 545 14 14
6 627 28 15
6 736 18 3
6 837 36 7
6 1160 47 1
7 88 5 3
7 144 57 6
7 175 37 10
7 302 6 11
7 344 15 13
7 608 38 1
7 626 52 6
7 694 50 14
7 738 34 15
7 912 51 10
7 1061 8 4
8 273 36 1
8 931 25 12
8 965 27 11
8 1069 60 11
9 37 47 12
9 150 48 12
9 216 31 4
9 274 8 13
9 327 13 2
9 352 54 9
9 358 10 1
9 361 43 10
9 501 60 9
9 553 28 9
9 784 6 3
9 788 42 7
9 792 58 11
9 910 33 7
9 978 10 10
9 1128 59 3
10 387 26 12
10 413 38 1
10 496 38 15
10 582 3 14
10 772 24 14
10 1006 17 6
11 126 34 11
11 281 32 8
11 334 13 15
11 362 41 9
11 369 32 15
11 426 32 15
11 486 7 13
11 504 15 13
11 603 43 6
11 754 26 10
11 766 15 14
11 842 7 14
11 1022 24 2
12 39 13 7
12 89 34 6
12 156 29 4
12 170 27 5
12 172 12 10
12 426 14 1
12 676 17 7
12 918 54 15
12 969 42 10
12 1064 36 12
12 1170 39 11
13 60 47 15
13 161 22 13
13 459 43 5
13 744 35 15
13 755 17 10
13 865 5 9
13 969 3 14
13 1125 23 4
13 1128 52 7
13 1141 48 11
14 268 40 12
14 389 36 5
14 503 45 2
14 696 51 8
14 734 13 14
14 750 52 15
14 911 16 6
14 1111 16 3
14 1129 29 13
15 135 1 7
15 143 28 4
15 209 32 13
15 234 37 10
15 299 51 2
15 584 27 2
15 605 30 2
15 763 38 12
15 1053 55 4
15 1180 44 4
16 44 43 5
16 167 13 4
16 268 42 11
16 346 46 8
16 388 36 15
16 408 32 10
16 459 23 9
16 517 22 7
16 530 22 5
16 697 27 9
16 768 59 2
16 800 13 2
16 1082 58 2
16 1170 19 3
17 96 43 8
17 118 29 3
17 242 51 9
17 289 41 5
17 401 54 2
17 555 20 8
17 589 15 9
17 641 46 5
17 675 46 8
17 736 25 4
17 761 9 2
17 847 3 13
17 1170 49 15
18 39 54 8
18 255 33 4
18 331 50 4
18 340 6 15
18 630 30 4
18 711 40 2
18 970 42 13
18 1041 1 2
18 1068 49 15
19 57 36 9
19 110 55 3
19 252 16 1
19 266 9 14
19 451 19 4
19 544 39 6
19 916 4 14
19 999 29 13
20 212 53 5
20 627 43 9
20 790 34 2
20 870 22 13
20 876 48 1
21 155 37 8
21 307 50 3
21 612 22 14
21 643 18 12
21 781 55 8
21 827 45 1
21 832 38 7
21 891 34 9
21 1044 33 4
21 1049 44 5
21 1162 39 2
22 134 44 15
22 239 51 5
22 257 44 8
22 270 48 5
22 319 58 14
22 811 41 7
23 129 55 2
23 466 17 9
23 691 11 7
23 1088 51 15
24 72 45 6
24 207 19 3
24 227 60 11
24 276 49 8
24 380 2 9
24 481 36 11
24 574 4 7
24 923 16 11
24 965 9 13
24 1032 13 10
25 31 60 3
25 81 55 1
25 131 48 11
25 176 4 7
25 262 39 6
25 274 22 1
25 349 51 13
25 369 45 13
25 438 3 7
25 464 16 11
25 627 6 5
25 775 49 2
25 794 11 14
25 883 57 8
25 963 30 15
25 982 45 15
25 985 51 9
25 1039 6 1
25 1086 37 7
25 1088 4 5
26 166 10 14
26 174 21 6
26 249 56 7
26 289 15 14
26 304 34 7
26 402 15 6
26 408 42 6
26 494 19 15
26 507 48 12
26 621 5 13
26 912 55 4
27 192 35 2
27 249 3 2
27 356 41 9
27 503 41 8
27 559 53 12
27 582 8 2
27 599 48 7
27 683 6 15
27 869 42 14
27 967 36 15
27 1034 46 10
27 1056 13 14
28 78 57 12
28 674 47 6
28 783 60 5
28 961 37 9
28 1117 19 9
28 1167 54 5
29 84 59 6
29 454 46 12
29 531 48 14
29 578 52 5
29 776 13 5
29 790 51 2
29 1000 57 6
30 219 20 12
30 242 8 11
30 382 14 10
30 588 17 3
30 880 1 9
31 135 39 2
31 899 15 7
31 950 57 10
31 1018 16 13
31 1170 27 1
32 201 8 14
32 219 52 3
32 220 15 11
32 430 6 15
32 436 7 4
32 449 31 7
32 563 43 14
32 586 35 7
32 607 1 14
32 641 33 7
32 815 37 15
32 888 46 8
32 982 12 9
32 1031 42 10
32 1075 12 14
33 274 17 15
33 546 54 13
33 641 57 10
33 694 52 6
33 710 42 4
33 849 23 9
33 1014 27 10
33 1061 3 3
34 167 9 5
34 238 56 3
34 311 44 12
34 403 51 14
34 547 15 12
34 653 14 10
34 759 50 4
34 1111 23 11
34 1129 3 13
35 391 31 12
35 497 30 12
35 655 32 11
35 997 55 12
35 1037 6 11
35 1059 36 3
35 1067 51 12
35 1098 37 12
36 90 50 12
36 93 42 3
36 141 55 10
36 282 6 13
36 374 33 15
36 473 32 7
36 694 53 13
36 791 8 4
36 858 39 2
36 992 55 12
36 1133 50 13
36 1145 50 4
37 46 14 11
37 389 10 8
37 437 53 12
37 462 16 9
37 474 29 10
37 715 15 7
37 823 20 5
37 1054 46 10
38 46 14 7
38 165 41 5
38 212 41 13
38 305 4 3
38 445 8 1
38 904 45 5
38 947 14 8
38 1007 50 10
38 1017 36 15
39 59 50 2
39 140 23 9
39 194 38 3
39 271 17 8
39 369 29 5
39 398 9 4
39 560 28 5
39 636 28 6
39 681 37 2
39 946 60 2
40 419 59 7
40 623 42 9
40 663 9 15
40 978 35 12
40 1061 31 10
40 1127 30 10
40 1177 14 5
41 106 2 3
41 310 33 12
41 343 32 14
41 689 10 13
41 765 60 2
41 813 11 11
41 899 10 2
41 964 55 11
41 1042 39 9
41 1133 36 14
41 1137 9 5
41 1174 25 8
41 1177 23 10
42 240 33 11
42 336 36 8
42 376 58 10
42 409 11 2
42 420 31 8
42 644 54 3
42 680 21 9
42 912 34 7
42 971 8 11
42 987 28 13
42 1078 20 14
43 255 21 14
43 292 2 9
43 363 9 10
43 420 33 10
43 436 29 12
43 469 55 9
43 674 53 5
43 685 5 14
43 744 42 7
43 772 57 3
43 780 33 6
43 866 16 14
43 985 51 1
43 1123 20 2
43 1162 41 8
44 49 35 9
44 102 38 1
44 147 55 11
44 197 51 15
44 233 57 13
44 265 37 1
44 421 46 10
44 483 17 15
44 610 36 7
44 689 38 13
44 802 39 3
44 1144 11 3
45 58 58 13
45 153 39 1
45 287 9 10
45 409 4 8
45 441 29 13
45 691 7 7
45 731 27 4
45 877 1 6
45 985 36 7
45 998 21 15
45 1177 38 11
46 136 45 11
46 267 21 8
46 422 38 9
46 425 20 12
46 511 57 15
46 557 13 1
46 670 48 4
46 708 33 2
46 714 9 15
46 816 30 14
46 836 51 7
46 962 1 9
46 1161 11 15
47 112 21 11
47 330 8 4
47 489 20 14
47 608 6 4
47 669 33 4
47 757 55 4
47 785 4 1
47 942 41 14
47 1083 31 1
47 1164 46 1
48 138 9 5
48 146 43 4
48 162 47 9
48 198 25 14
48 212 28 13
48 241 46 13
48 326 50 7
48 360 25 7
48 422 40 10
48 581 26 13
48 730 3 14
48 763 23 5
48 835 30 7
48 1075 5 15
48 1077 40 9
48 1105 23 4
49 55 45 15
49 57 34 2
49 58 4 5
49 150 4 5
49 171 37 7
49 189 58 5
49 275 49 13
49 454 36 15
49 596 25 8
49 723 48 10
49 730 25 12
49 831 53 8
49 930 9 10
49 983 17 15
50 89 6 12
50 157 46 11
50 218 46 14
50 305 48 3
50 307 39 12
50 331 58 3
50 468 18 10
50 501 6 1
50 529 24 4
50 541 55 3
50 742 28 13
50 844 14 9
50 905 54 11
50 1004 34 4
50 1117 55 6
50 1133 11 9
51 179 60 14
51 316 27 1
51 340 2 6
51 493 47 7
51 1098 29 11
52 150 10 2
52 215 6 4
52 228 22 1
52 254 23 3
52 469 39 10
52 475 60 12
52 486 21 14
52 533 53 3
52 1165 35 5
53 174 19 15
53 449 14 5
53 548 42 6
53 623 17 7
53 824 58 4
53 950 16 4
53 1065 9 5
54 231 56 11
54 281 19 11
54 285 11 13
54 378 13 11
54 715 16 6
54 940 8 1
54 950 9 12
54 1035 40 7
54 1051 29 15
54 1133 46 3
54 1159 5 4
55 291 50 1
55 366 60 5
55 554 32 4
55 708 44 1
55 714 48 15
55 743 8 1
55 766 5 4
55 900 16 7
55 997 58 2
55 1087 56 4
56 218 47 5
56 255 6 14
56 449 48 10
56 513 36 15
56 585 6 12
56 652 42 3
56 862 47 5
56 1100 21 13
56 1127 5 10
57 76 38 3
57 102 59 4
57 223 42 14
57 336 23 14
57 441 15 14
57 607 8 10
57 633 47 13
57 736 28 11
57 927 5 12
57 944 36 5
57 950 5 6
57 985 7 5
57 1027 21 6
58 139 25 8
58 307 12 14
58 382 13 12
58 423 43 13
58 492 49 10
58 535 10 4
58 747 40 8
58 926 12 15
58 959 59 7
58 1070 5 3
58 1084 57 11
59 277 6 12
59 354 6 14
59 407 30 11
59 453 50 15
59 603 58 9
59 749 8 9
59 787 3 3
59 913 56 14
59 953 24 14
59 1065 58 7
59 1119 54 1
59 1121 43 9
60 106 42 10
60 128 19 2
60 425 38 15
60 545 31 7
60 563 8 4
60 622 26 4
60 668 12 10
60 803 41 13
60 945 16 5
60 1069 18 2
61 131 58 4
61 137 56 1
61 163 19 3
61 459 10 5
61 709 23 11
61 761 6 10
61 1137 10 15
62 135 33 2
62 247 24 11
62 293 34 10
62 294 17 4
62 1072 59 5
62 1111 42 2
62 1116 22 15
62 1158 55 10
63 294 19 2
63 347 23 1
63 458 29 1
63 640 2 14
63 722 56 12
63 891 30 15
63 985 6 7
63 1000 44 1
63 1053 57 11
63 1128 11 12
64 90 38 4
64 238 1 3
64 278 27 2
64 659 50 8
64 760 42 1
64 791 29 2
64 794 42 7
64 811 55 5
64 889 17 11
64 908 46 12
64 1012 21 9
65 256 9 10
65 314 53 15
65 318 47 14
65 398 22 7
65 609 25 1
65 651 41 12
65 682 5 7
65 687 14 15
65 904 49 15
65 916 41 4
65 930 56 6
65 964 36 1
65 1141 6 6
66 87 25 9
66 447 34 3
66 559 10 3
66 803 13 6
66 981 8 13
66 1086 60 14
67 97 59 12
67 461 23 8
67 600 1 2
67 744 25 6
67 813 38 15
67 919 21 8
68 142 14 8
68 160 35 12
68 590 13 7
68 712 54 13
68 801 11 1
68 912 27 13
68 941 49 15
68 1128 9 15
69 171 3 6
69 362 30 15
69 829 54 15
69 859 28 1
69 873 58 5
69 916 48 3
69 941 28 13
69 1079 15 8
70 232 10 14
70 307 53 1
70 351 33 10
70 410 3 1
70 476 18 4
70 579 43 2
70 601 50 15
70 658 6 7
70 718 21 4
70 727 7 5
70 933 56 10
70 1086 49 2
71 99 40 15
71 128 51 4
71 748 47 9
71 902 60 1
71 914 3 2
71 915 44 10
71 990 50 15
71 1051 3 11
71 1175 12 8
72 256 57 11
72 783 33 3
72 787 51 13
72 867 60 11
73 469 10 3
73 552 43 1
73 745 2 1
73 781 14 15
73 855 11 15
73 862 47 10
73 1118 12 13
74 379 53 10
74 384 37 13
74 437 16 14
74 519 52 5
74 530 54 13
74 717 24 13
74 758 60 12
74 850 56 5
75 313 6 10
75 328 60 9
75 494 32 15
75 500 35 2
75 538 8 14
75 668 60 13
75 696 40 8
75 711 35 1
75 725 49 12
75 811 26 2
75 1132 22 5
76 298 14 10
76 678 5 12
76 706 13 12
76 719 57 1
76 774 15 2
76 838 23 11
76 872 33 11
76 967 15 1
76 1044 37 1
76 1120 55 7
77 157 51 7
77 243 57 10
77 258 60 12
77 272 34 9
77 811 3 8
77 902 50 1
77 1046 19 2
77 1063 42 5
77 1098 28 12
78 127 42 5
78 256 43 9
78 375 4 9
78 382 43 12
78 456 14 1
78 613 60 10
78 878 37 5
78 1037 19 9
78 1146 33 8
78 1169 40 3
79 384 7 10
79 555 49 2
79 670 18 8
79 735 15 2
79 788 2 1
79 811 59 5
79 889 55 7
79 904 7 4
79 909 32 4
79 1093 41 11
80 189 49 8
80 321 37 13
80 423 40 15
80 674 56 12
80 810 2 3
80 829 35 8
80 858 47 10
80 994 55 1
80 1003 36 1
80 1081 33 9
80 1082 22 7
80 1165 38 13
81 221 33 6
81 224 26 9
81 320 32 11
81 334 44 9
81 403 2 12
81 406 13 5
81 414 2 10
81 466 1 13
81 614 9 4
81 716 59 14
81 956 27 6
82 225 17 13
82 875 32 11
82 971 41 5
83 280 31 14
83 303 5 11
83 320 51 9
83 458 22 11
83 618 28 2
83 725 55 3
83 730 41 11
83 791 13 8
83 1061 19 12
84 87 38 5
84 102 50 15
84 128 28 9
84 219 10 3
84 298 10 14
84 618 4 12
84 725 2 10
84 861 26 13
84 977 6 6
85 320 31 12
85 430 17 3
85 663 25 8
85 789 19 7
85 986 55 11
86 91 1 11
86 257 18 10
86 276 52 11
86 347 6 1
86 356 5 2
86 394 42 2
86 482 50 4
86 716 5 5
86 865 8 10
86 939 4 2
87 163 35 2
87 269 28 11
87 285 45 5
87 293 28 4
87 356 17 14
87 522 34 10
87 933 21 10
87 985 41 7
88 124 27 1
88 178 13 14
88 211 7 12
88 250 49 14
88 289 25 2
88 363 36 14
88 460 14 12
88 655 46 7
88 664 30 13
88 794 31 15
88 983 13 7
88 1064 20 5
88 1163 2 5
89 328 59 3
89 559 39 11
89 645 30 1
89 685 15 1
89 716 47 3
89 849 27 12
89 952 1 11
89 977 38 2
90 154 46 13
90 464 58 13
90 522 10 14
90 611 23 13
90 618 30 11
90 620 28 2
90 730 35 15
90 742 48 13
90 761 31 3
90 803 47 1
90 812 9 5
90 889 30 8
90 898 47 13
90 1111 2 9
91 284 9 9
91 320 40 14
91 322 9 2
91 427 5 14
91 476 54 14
91 488 16 8
91 678 46 8
91 741 52 3
91 796 10 12
91 964 9 8
91 1007 39 13
92 176 33 3
92 310 35 15
92 451 6 2
92 454 44 5
92 547 19 5
92 564 54 10
92 618 59 5
92 909 14 9
92 1082 49 5
92 1120 51 3
93 429 41 1
93 667 40 14
93 690 23 14
93 723 52 3
93 852 17 1
93 958 60 4
93 1058 29 15
94 227 57 9
94 253 18 9
94 255 46 13
94 316 1 3
94 401 13 2
94 478 41 13
94 479 52 7
94 572 12 7
94 578 51 15
94 641 34 6
94 767 35 4
94 958 20 6
94 1077 34 2
95 125 29 4
95 141 57 13
95 291 17 1
95 344 24 5
95 560 48 7
95 810 58 14
95 879 23 1
95 980 12 3
95 1010 4 9
96 456 57 3
96 518 37 9
96 541 25 4
96 611 50 4
96 658 41 7
96 769 35 2
96 819 57 13
96 953 29 11
97 236 42 2
97 564 12 2
97 691 38 5
97 806 10 9
97 1050 32 10
98 395 7 14
98 474 10 14
98 601 23 6
98 807 51 10
98 886 44 9
98 924 29 11
98 1073 10 10
99 215 29 15
99 247 41 3
99 391 19 4
99 394 46 5
99 425 20 13
99 486 7 10
99 819 6 7
99 820 59 10
99 945 50 13
99 1042 31 13
99 1109 39 12
100 129 58 1
100 507 11 1
100 633 32 9
100 838 42 9
100 929 31 1
100 939 8 2
100 980 7 13
100 1005 52 10
101 629 59 1
101 940 26 10
101 946 3 13
101 1075 30 3
101 1089 37 5
102 175 11 12
102 292 8 1
102 296 43 9
102 316 25 9
102 352 15 11
102 677 59 7
102 762 18 8
102 853 47 14
102 1035 13 10
102 1070 26 2
103 167 51 15
103 302 40 12
103 586 38 15
103 700 57 2
103 732 1 12
103 746 51 13
103 841 51 1
103 1159 57 3
104 115 19 3
104 179 23 2
104 473 39 6
104 497 50 5
104 499 25 13
104 644 20 8
104 682 46 12
104 830 4 9
104 860 30 7
104 941 31 11
104 944 53 11
104 1021 25 13
104 1112 53 6
105 303 57 9
105 470 12 12
105 485 24 14
105 644 11 14
105 771 22 9
105 846 44 10
105 850 55 5
106 170 46 8
106 194 53 10
106 380 21 5
106 507 45 5
106 541 42 4
106 666 28 12
106 705 56 3
106 956 4 7
107 250 10 12
107 284 39 1
107 362 34 12
107 411 56 1
107 438 41 12
107 671 54 3
107 761 44 15
107 767 60 15
107 887 53 8
107 1053 30 5
108 195 57 12
108 200 25 12
108 242 4 8
108 270 34 13
108 299 36 7
108 428 50 8
108 434 57 15
108 470 21 1
108 582 53 1
108 638 40 3
108 715 9 7
108 1152 46 14
109 228 28 11
109 237 23 10
109 253 10 12
109 697 51 11
109 1134 24 11
109 1170 14 10
110 205 2 4
110 456 15 11
110 676 57 3
110 677 55 6
110 724 20 12
110 732 12 11
110 804 58 12
110 892 16 6
110 938 30 13
110 1079 43 7
110 1118 40 13
111 248 30 13
111 306 15 14
111 389 45 4
111 511 17 11
111 600 60 4
111 613 38 6
111 769 28 9
111 935 49 10
111 937 43 11
111 1041 2 13
111 1069 9 8
111 1152 17 2
112 174 5 6
112 270 18 7
112 313 58 15
112 414 38 4
112 480 8 4
112 563 14 12
112 753 11 10
112 810 15 11
112 852 8 12
112 880 24 3
112 963 54 7
112 1101 30 14
112 1164 32 14
113 188 37 3
113 190 49 6
113 393 21 5
113 409 34 13
113 729 36 14
113 757 54 4
113 808 57 4
113 866 25 6
114 182 53 11
114 184 8 5
114 322 45 11
114 369 45 6
114 435 22 14
114 550 19 2
114 980 58 12
114 1010 29 11
114 1115 49 8
114 1151 24 14
115 164 7 13
115 165 27 6
115 272 25 9
115 421 2 4
115 676 12 10
115 1038 32 4
115 1063 38 3
115 1111 38 7
115 1166 18 14
116 174 42 4
116 177 41 5
116 190 11 1
116 250 19 15
116 708 25 10
116 797 3 1
116 811 31 13
116 851 2 2
116 1087 9 5
116 1100 29 6
117 229 39 15
117 281 48 8
117 329 50 7
117 465 16 10
117 538 38 10
117 555 60 4
117 584 22 4
117 634 55 12
117 644 35 9
117 653 3 7
117 880 44 10
117 891 44 8
118 128 58 7
118 150 54 6
118 381 36 6
118 420 27 2
118 452 43 1
118 837 51 8
118 930 19 6
119 174 8 6
119 289 53 4
119 345 8 8
119 352 8 9
119 375 52 11
119 389 2 9
119 538 16 5
119 607 47 7
119 622 52 5
119 757 36 12
119 1064 44 2
119 1067 27 8
119 1122 23 2
120 241 20 2
120 242 47 7
120 373 13 11
120 425 11 11
120 438 60 13
120 500 3 8
120 557 35 9
120 920 48 4
121 130 21 7
121 305 27 7
121 485 55 6
121 493 32 6
121 503 7 11
121 542 50 8
121 617 46 9
121 721 18 12
121 857 52 6
121 971 11 5
121 1104 36 4
121 1113 25 10
122 212 7 5
122 238 16 15
122 321 59 9
122 488 44 4
122 526 6 5
122 565 30 2
122 774 33 9
122 783 57 2
122 848 19 9
122 897 1 13
122 919 58 15
122 965 49 2
123 202 15 10
123 315 51 4
123 656 35 4
123 1074 3 8
124 138 19 10
124 242 19 11
124 614 59 13
124 694 32 2
124 706 44 3
124 752 34 13
124 874 43 11
124 885 2 15
124 1001 1 1
124 1044 30 5
124 1067 44 13
124 1076 6 15
124 1127 57 8
125 178 52 15
125 270 11 15
125 422 31 4
125 461 48 12
125 534 42 14
125 627 42 14
125 707 29 2
125 805 46 3
125 808 31 12
125 817 17 15
125 834 9 9
125 838 16 11
125 890 39 10
125 1010 30 14
125 1060 51 2
125 1070 19 10
126 220 26 5
126 230 8 11
126 273 23 7
126 364 33 15
126 367 35 8
126 479 44 4
126 526 39 7
126 662 3 3
126 681 5 4
126 889 35 1
126 963 36 14
127 138 53 1
127 150 17 8
127 153 8 14
127 165 10 11
127 172 25 4
127 228 36 7
127 229 21 15
127 434 27 10
127 770 34 15
127 821 54 11
127 927 35 14
127 973 54 6
127 1165 36 1
128 524 11 6
128 536 58 6
128 719 24 7
128 725 3 15
128 976 47 9
128 1059 41 14
129 225 51 3
129 242 33 5
129 256 28 11
129 303 28 14
129 307 26 3
129 689 23 7
129 699 15 11
129 851 18 12
129 935 44 8
129 957 51 7
129 1112 18 14
129 1134 31 12
129 1176 9 3
130 174 6 6
130 305 58 9
130 345 21 10
130 765 11 4
130 838 46 15
130 906 58 13
130 981 40 14
130 1056 52 10
130 1156 60 5
131 664 58 15
131 841 22 13
131 1006 58 9
132 199 7 3
132 351 32 2
132 443 57 15
132 465 11 2
132 599 36 14
132 726 36 4
132 771 42 10
133 230 52 11
133 372 59 10
133 382 2 8
133 746 5 1
133 1018 57 1
134 146 7 4
134 168 17 1
134 294 47 8
134 315 57 14
134 391 50 4
134 400 60 8
134 415 9 12
134 586 16 15
134 640 28 5
134 702 40 15
134 705 41 15
134 722 44 4
134 862 23 12
134 1088 27 1
135 151 38 15
135 251 8 14
135 301 34 3
135 325 22 3
135 421 51 7
135 501 20 6
135 680 47 12
135 739 45 10
135 875 45 10
135 923 56 9
135 1003 54 13
135 1174 38 12
136 155 38 7
136 196 36 3
136 327 30 15
136 389 48 13
136 499 20 3
136 603 42 1
136 763 9 1
136 1043 20 6
137 166 41 13
137 225 7 12
137 240 54 8
137 254 24 11
137 367 29 9
137 492 43 2
137 530 56 12
137 548 13 11
137 663 27 1
137 805 10 9
137 885 22 14
137 903 47 14
137 922 21 12
137 961 44 2
137 1159 1 2
138 343 19 4
138 453 4 9
138 534 44 11
138 547 4 14
138 705 8 4
138 775 31 9
138 822 30 6
138 860 54 5
138 888 7 3
138 976 56 9
138 1157 42 4
139 141 24 12
139 177 56 1
139 237 28 12
139 316 52 2
139 497 37 14
139 540 57 6
139 770 48 11
139 901 57 4
139 1021 10 12
140 254 11 13
140 277 19 8
140 321 28 14
140 354 58 5
140 412 40 14
140 432 46 12
140 474 16 11
140 481 26 2
140 646 21 6
140 733 5 4
140 855 28 3
140 876 53 9
140 960 58 5
140 1111 45 2
141 142 1 11
141 258 49 7
141 443 17 7
141 574 47 4
141 578 60 2
141 609 53 10
141 660 26 3
141 709 58 1
141 712 46 3
141 763 27 13
141 1008 33 15
141 1086 57 11
141 1158 45 7
141 1179 36 2
142 220 38 14
142 253 22 10
142 428 50 6
142 443 9 2
142 483 58 12
142 549 7 8
142 621 1 1
142 645 56 15
142 705 3 6
142 770 57 11
142 800 5 6
142 959 13 15
142 974 4 5
142 1023 55 8
142 1059 25 11
142 1064 12 9
143 208 57 3
143 226 36 9
143 336 51 1
143 455 12 9
143 494 33 8
143 501 34 3
143 762 3 2
143 844 14 10
143 891 2 6
143 923 21 4
143 1066 10 14
143 1081 45 7
143 1102 15 15
144 199 43 5
144 235 29 8
144 271 7 15
144 323 52 14
144 445 1 7
144 724 31 2
144 874 60 4
144 893 58 11
144 950 37 6
144 1010 44 6
145 197 16 14
145 223 26 12
145 323 4 7
145 342 33 15
145 648 7 5
145 804 17 3
145 852 28 5
145 879 26 7
145 992 30 8
145 1087 33 7
146 233 19 6
146 729 34 15
146 849 42 4
146 896 60 15
146 901 53 3
146 987 2 12
147 164 38 13
147 174 35 8
147 179 1 14
147 181 43 5
147 292 51 1
147 360 2 2
147 409 35 1
147 647 36 12
147 676 48 6
147 860 57 10
148 324 7 5
148 346 42 3
148 439 34 14
148 467 3 1
148 622 49 12
148 659 3 11
148 675 59 12
148 769 23 3
148 866 57 2
148 901 14 2
148 1069 59 9
148 1075 19 6
149 279 7 5
149 432 11 11
149 600 5 5
149 737 21 13
149 741 4 10
149 809 38 15
149 835 58 14
149 913 7 15
149 953 32 4
149 992 34 14
149 1086 40 2
149 1152 46 14
150 197 23 8
150 461 33 7
150 822 35 11
150 1101 38 13
150 1130 6 15
151 193 42 12
151 209 14 6
151 669 46 6
151 769 27 7
151 930 39 12
151 1073 44 6
151 1116 16 2
152 265 16 8
152 294 28 2
152 443 51 9
152 450 21 2
152 508 45 13
152 700 24 10
152 739 48 2
152 884 26 3
152 987 13 6
152 1139 19 6
152 1150 15 11
153 177 13 12
153 516 9 11
153 631 6 13
153 646 3 7
153 678 20 9
153 832 45 6
153 837 8 12
153 854 5 5
153 907 55 6
153 1098 54 7
154 287 24 13
154 323 59 7
154 471 51 1
154 534 2 2
154 846 60 4
154 857 21 5
154 861 17 13
154 863 2 15
154 918 14 3
154 951 40 1
154 1045 60 7
155 192 36 8
155 254 46 4
155 365 41 6
155 495 37 1
155 656 28 15
155 694 59 14
155 719 49 4
156 163 16 6
156 377 56 13
156 394 39 9
156 424 14 6
156 460 31 1
156 808 46 11
156 982 18 14
156 1044 33 6
156 1067 27 12
157 331 45 7
157 380 3 1
157 449 44 6
157 454 60 13
157 693 13 11
157 735 41 6
157 767 34 13
157 848 55 14
157 881 9 11
157 1081 37 6
158 306 34 12
158 714 49 13
158 922 58 7
158 970 47 4
158 1077 2 6
158 1127 52 4
158 1138 20 3
159 334 55 7
159 341 24 6
159 415 7 1
159 476 16 7
159 728 16 5
159 959 6 7
159 1021 40 3
159 1117 59 4
160 201 5 5
160 271 11 12
160 368 53 3
160 780 2 7
160 911 23 9
160 932 19 6
160 1034 46 5
160 1137 18 7
160 1139 48 10
161 210 26 13
161 718 26 2
161 921 44 12
161 1017 8 15
161 1034 43 2
162 369 40 4
162 433 31 2
162 494 37 9
162 624 15 13
162 737 20 1
162 804 14 5
162 1148 29 2
163 311 53 3
163 541 19 7
163 774 2 7
163 826 41 15
163 935 27 4
163 980 38 5
164 220 57 6
164 230 3 3
164 259 9 1
164 346 59 2
164 587 31 3
164 627 25 5
164 823 47 4
164 872 45 5
165 274 29 5
165 327 32 1
165 441 7 1
165 478 25 12
165 499 5 7
165 583 24 5
165 592 56 7
165 752 14 9
165 988 34 10
165 1097 13 1
165 1106 56 9
165 1155 39 2
166 235 44 10
166 481 35 14
166 632 49 15
166 762 45 12
166 825 6 15
166 1158 10 14
167 181 45 1
167 532 57 1
167 674 31 4
167 699 18 15
167 732 58 6
167 776 54 12
167 778 41 8
167 896 2 8
167 921 40 2
167 1047 29 7
167 1085 26 13
168 208 48 1
168 237 46 11
168 334 1 6
168 386 57 4
168 590 19 7
168 752 53 5
168 921 20 14
168 1121 23 6
168 1169 32 12
169 339 8 12
169 346 27 10
169 359 9 9
169 458 12 11
169 484 4 5
169 592 35 5
169 623 53 1
169 657 24 1
169 971 34 12
169 993 51 1
169 1112 13 8
170 173 49 1
170 193 51 15
170 434 39 4
170 617 7 12
170 926 2 5
170 928 26 3
170 1070 60 12
170 1124 5 6
171 179 60 15
171 247 38 5
171 269 41 8
171 435 6 10
171 615 11 15
172 262 57 7
172 304 11 14
172 381 60 2
172 443 18 13
172 506 34 15
172 525 24 5
172 612 22 12
172 645 19 3
172 876 8 6
172 927 35 5
172 1144 60 15
172 1160 42 11
172 1166 3 8
173 209 20 4
173 341 19 11
173 479 32 2
173 533 13 10
173 562 10 8
173 608 43 12
174 270 12 9
174 407 40 5
174 411 7 1
174 426 29 1
174 470 49 11
174 515 52 10
174 617 27 3
174 648 47 6
174 727 20 8
174 752 37 2
174 982 41 9
174 1177 54 6
175 499 45 10
175 548 60 1
175 638 29 1
175 703 39 10
175 753 30 2
175 860 58 1
175 905 35 14
175 1025 12 3
175 1026 42 4
175 1068 11 6
176 290 42 11
176 379 53 4
176 384 35 9
176 436 54 7
176 454 6 11
176 651 26 10
176 653 45 12
176 663 27 1
176 734 11 1
176 753 39 14
176 788 43 4
176 789 41 7
176 806 45 15
176 967 52 8
176 1009 18 8
176 1096 27 13
176 1109 23 6
177 247 34 10
177 527 24 12
177 534 31 2
177 857 22 13
177 861 23 7
177 931 17 11
177 932 47 7
177 1012 13 4
177 1042 58 2
177 1139 48 6
177 1151 37 9
178 333 36 2
178 421 52 5
178 632 22 7
178 714 14 8
178 756 51 5
178 819 33 9
178 842 28 10
178 914 43 3
178 928 33 5
178 954 49 8
178 1043 21 14
179 348 40 10
179 380 37 8
179 585 5 4
179 591 43 7
179 678 5 6
179 1077 50 2
179 1152 13 10
180 203 47 9
180 239 37 12
180 309 38 8
180 522 57 2
180 658 3 6
180 673 50 15
180 680 46 12
180 686 37 9
180 707 49 10
180 764 58 5
180 778 12 15
180 788 19 3
180 984 6 7
180 1015 41 1
180 1091 37 12
180 1157 54 2
180 1179 5 15
181 211 22 11
181 233 53 15
181 235 50 3
181 363 15 1
181 617 6 3
181 634 52 1
181 669 24 6
181 959 25 7
181 1004 17 6
182 214 58 9
182 270 59 1
182 351 51 7
182 794 52 1
182 1076 42 8
182 1142 31 12
183 528 9 9
183 611 59 3
183 638 58 9
183 871 46 14
183 898 53 3
183 1100 35 11
183 1108 4 12
183 1154 51 1
184 364 4 10
184 388 26 15
184 451 21 6
184 473 19 9
184 480 37 13
184 489 48 1
184 791 42 9
184 914 23 14
184 1012 48 8
184 1078 38 5
185 345 10 15
185 478 48 14
185 509 4 5
185 510 48 1
185 644 41 6
185 686 52 10
185 718 22 12
185 760 45 6
185 921 29 5
185 977 2 8
185 1006 24 1
185 1116 17 8
185 1134 52 6
185 1172 48 6
186 295 10 13
186 311 46 3
186 429 5 6
186 738 8 14
187 386 59 3
187 560 17 8
187 807 19 9
187 809 31 15
187 1074 27 11
187 1159 37 10
188 395 51 13
188 469 19 7
188 533 54 5
188 789 16 2
188 1136 15 11
189 251 19 8
189 252 59 5
189 403 44 10
189 405 44 9
189 416 13 10
189 537 25 4
189 704 43 10
189 791 27 3
189 950 33 13
189 1038 8 3
190 206 6 5
190 226 23 9
190 228 33 8
190 295 2 15
190 336 35 1
190 337 40 3
190 479 25 2
190 522 31 7
190 1168 17 6
191 219 50 15
191 249 20 3
191 285 34 2
191 296 11 4
191 432 45 10
191 519 25 12
191 526 23 4
191 772 24 8
191 1021 17 6
191 1053 44 6
191 1137 60 1
192 200 18 6
192 441 13 8
192 451 32 10
192 629 47 5
192 664 28 10
192 776 42 15
192 1012 57 1
192 1115 55 11
192 1165 26 6
193 299 9 7
193 525 17 15
193 577 50 2
193 690 58 9
193 1099 21 8
193 1129 40 12
194 363 1 5
194 500 20 6
194 623 50 13
194 696 40 13
194 705 44 13
195 212 23 9
195 247 8 13
195 311 58 3
195 665 38 8
195 677 56 14
195 845 41 9
195 876 7 12
195 1021 29 11
195 1098 42 11
196 267 8 10
196 291 13 10
196 381 54 8
196 421 52 1
196 527 3 10
196 589 21 13
196 835 19 7
196 842 13 13
196 853 45 4
196 873 24 3
196 889 49 13
197 365 10 8
197 686 43 1
197 784 44 9
197 876 6 13
197 937 32 3
197 1135 49 3
198 295 45 9
198 339 4 7
198 350 24 2
198 553 23 13
198 715 45 2
198 722 30 11
198 772 22 14
198 841 5 14
198 947 37 7
198 1055 54 14
199 223 47 8
199 374 15 2
199 397 28 5
199 429 50 9
199 772 17 1
199 778 23 8
199 887 27 7
199 1073 56 3
199 1167 41 3
200 209 20 6
200 636 37 4
200 696 13 6
200 720 7 7
200 738 7 6
200 1028 8 4
200 1087 37 14
201 412 29 4
201 547 47 3
201 558 24 3
201 585 13 2
201 606 30 12
201 658 2 3
201 803 32 15
201 822 4 4
201 947 18 13
201 976 14 12
201 1083 22 4
202 416 51 4
202 537 54 2
202 698 20 1
202 761 21 11
202 898 42 5
202 1001 26 1
203 371 20 8
203 388 56 5
203 480 58 10
203 486 49 10
203 533 18 11
203 693 55 14
203 724 15 2
204 307 52 11
204 474 45 6
204 685 12 13
204 888 57 12
204 1013 38 14
204 1014 58 5
204 1056 50 13
205 285 8 5
205 591 47 4
205 724 35 11
205 1142 38 10
206 252 21 3
206 472 9 1
206 703 12 11
206 747 48 2
206 751 30 15
206 986 28 2
207 350 26 8
207 582 39 3
207 613 39 2
207 697 15 4
207 702 23 15
207 926 22 9
207 1113 29 10
208 311 50 5
208 444 25 8
208 502 25 4
208 618 48 3
208 651 22 15
208 725 9 12
208 849 25 14
208 1042 45 5
209 321 27 2
209 523 26 12
209 888 29 11
209 947 43 10
209 1028 46 11
210 249 20 5
210 631 12 5
210 837 3 4
210 921 2 11
210 1003 2 3
210 1004 44 2
210 1022 41 9
210 1023 26 7
210 1164 6 2
211 393 31 14
211 473 18 4
211 588 36 12
211 653 43 3
211 712 1 15
211 732 31 1
211 748 57 7
211 837 50 7
211 900 26 2
211 923 6 9
211 926 25 1
211 981 40 4
211 1083 6 11
212 313 56 2
212 549 30 11
212 666 16 15
212 689 41 6
212 706 3 5
212 814 58 9
212 875 48 10
212 999 26 2
212 1054 33 11
212 1072 32 5
213 586 4 12
213 624 39 14
213 781 33 11
213 920 2 14
213 1156 57 12
214 358 20 7
214 393 19 8
214 395 21 1
214 489 43 6
214 765 54 3
214 809 32 11
214 837 25 11
214 878 17 15
214 1026 29 15
215 247 9 13
215 320 20 4
215 385 54 7
215 507 5 10
215 521 41 1
215 571 10 1
215 933 10 13
215 1036 2 6
216 524 22 13
216 624 20 11
216 681 18 15
216 726 38 7
216 778 40 12
216 989 48 2
216 1084 6 4
217 222 38 1
217 346 15 7
217 463 19 10
217 494 39 14
217 509 39 14
217 841 60 3
217 1021 56 5
217 1122 37 15
218 294 52 3
218 358 58 3
218 534 50 12
218 874 32 1
218 958 28 15
218 1027 22 5
219 291 45 15
219 408 3 15
219 540 28 12
219 610 47 8
219 631 6 10
219 968 49 9
219 1020 56 9
220 379 11 13
220 385 35 3
220 772 52 3
220 813 8 5
220 875 35 8
220 1093 44 13
220 1099 7 7
221 383 18 10
221 637 40 8
221 652 46 2
221 748 45 12
221 798 48 10
221 875 39 10
221 984 39 3
221 1080 5 3
221 1127 30 1
222 272 16 14
222 289 19 11
222 521 6 11
222 688 28 5
222 720 16 1
222 859 38 14
222 1061 1 2
222 1106 48 6
222 1122 22 12
223 275 1 7
223 608 55 10
223 620 56 14
223 692 9 14
223 762 6 3
223 927 47 13
223 1024 21 15
223 1050 33 2
224 251 34 4
224 310 8 3
224 346 38 9
224 383 44 11
224 799 24 15
224 917 34 4
225 347 43 9
225 417 1 2
225 746 60 2
225 1023 20 7
225 1108 14 8
226 476 21 5
226 483 59 8
226 484 26 7
226 487 33 4
226 592 9 1
226 666 40 11
226 672 49 2
226 775 19 8
226 874 57 12
226 884 15 10
226 891 37 2
226 990 27 12
226 1010 16 2
226 1027 24 3
226 1073 58 8
227 349 58 3
227 352 2 3
227 448 37 2
227 628 49 11
227 647 41 9
227 747 56 2
228 357 5 13
228 399 26 9
228 528 51 8
228 629 18 15
228 949 13 5
228 1033 49 14
228 1158 22 9
229 242 1 4
229 444 42 6
229 535 36 8
229 843 45 10
229 1000 25 12
229 1039 52 7
229 1044 39 4
230 291 9 3
230 317 35 13
230 407 56 4
230 462 20 15
230 740 17 11
230 813 37 1
230 959 13 6
230 1017 1 15
230 1120 21 7
231 279 40 15
231 430 35 7
231 441 24 9
231 541 43 14
231 848 49 9
231 1134 52 13
232 539 7 5
232 809 38 11
232 947 11 4
232 1040 36 5
232 1072 60 6
233 365 36 13
233 375 23 10
233 521 18 7
233 884 11 6
233 914 23 5
233 1072 58 3
234 481 48 6
234 482 48 4
234 814 39 7
234 1158 48 2
235 404 25 3
235 501 45 7
235 696 18 4
235 1044 37 14
235 1108 38 6
236 476 13 12
236 690 1 2
236 747 51 13
236 886 1 12
236 979 31 8
236 1088 22 2
236 1177 50 13
237 378 56 10
237 417 41 7
237 443 6 5
237 500 13 15
237 805 48 5
237 876 31 14
237 1062 1 10
237 1115 20 1
238 452 56 2
238 703 6 13
238 726 53 5
238 845 6 7
238 980 34 9
238 1114 42 5
239 380 55 4
239 442 24 4
239 542 57 12
239 645 28 10
239 853 45 7
239 948 22 11
240 284 22 10
240 290 11 2
240 297 16 15
240 385 28 2
240 427 46 6
240 536 47 9
240 564 58 15
240 643 23 13
240 973 37 6
240 1132 57 15
241 281 41 7
241 408 13 7
241 510 33 2
241 518 2 4
241 537 40 12
241 944 8 15
242 404 16 14
242 460 27 14
242 475 39 13
242 530 48 8
242 630 3 13
242 634 23 3
242 682 39 8
242 794 41 1
242 1035 43 2
242 1054 17 2
242 1062 16 3
242 1114 40 11
242 1178 26 8
243 332 52 12
243 389 60 14
243 398 42 15
243 424 10 14
243 770 50 15
243 806 20 4
243 833 12 2
243 850 59 15
243 1013 5 11
244 266 35 10
244 440 12 3
244 661 32 7
244 802 44 14
244 807 40 4
244 809 1 9
244 882 6 12
244 1078 46 13
245 577 11 6
245 590 56 12
245 600 18 12
245 787 16 15
245 793 6 15
245 1113 6 12
245 1128 5 11
246 294 14 13
246 337 32 4
246 343 58 8
246 354 49 3
246 489 17 1
246 632 59 12
246 677 11 9
246 709 9 13
246 914 3 13
246 1125 28 7
246 1179 25 3
247 292 13 9
247 394 54 3
247 497 47 4
247 630 10 9
247 685 51 12
247 809 58 2
247 938 18 13
247 1106 25 15
247 1128 27 12
248 272 59 9
248 478 9 9
248 486 46 9
248 559 7 9
248 837 11 14
248 989 32 3
248 1033 59 1
248 1045 47 11
248 1083 45 14
248 1165 35 2
249 271 40 6
249 281 3 3
249 534 57 15
249 886 7 2
249 935 1 7
249 977 42 8
249 1115 40 2
250 322 56 4
250 588 5 2
250 619 29 14
250 682 59 15
250 864 59 12
250 1015 47 15
250 1023 57 9
251 267 16 7
251 294 17 12
251 340 27 8
251 381 48 12
251 411 33 12
251 412 32 4
251 838 12 10
251 917 42 6
251 942 14 10
251 1017 41 6
251 1035 56 13
251 1096 48 13
251 1137 27 7
252 648 54 12
252 826 40 5
252 1023 43 13
253 268 14 5
253 650 60 15
253 981 52 4
253 1056 46 7
253 1094 9 4
254 539 9 1
254 644 20 9
254 1096 42 12
254 1119 13 12
254 1122 34 15
254 1169 44 6
255 333 21 4
255 372 50 3
255 382 52 7
255 683 54 15
255 746 1 11
255 816 43 12
255 993 40 14
255 1149 46 9
256 261 50 8
256 477 5 8
256 654 30 14
256 1011 60 6
256 1118 43 14
257 304 29 5
257 322 3 11
257 434 9 1
257 521 15 10
257 545 52 3
257 553 33 8
257 563 21 1
257 702 3 11
257 778 12 10
257 991 39 5
257 999 59 9
257 1012 48 8
257 1137 38 4
257 1147 55 9
258 604 49 15
258 738 41 15
258 881 15 14
258 998 51 13
259 267 38 4
259 314 59 1
259 480 22 1
259 567 17 10
259 861 49 10
259 871 51 8
259 890 14 12
259 908 60 13
260 349 47 15
260 578 35 4
260 612 40 3
260 739 25 13
260 835 44 15
260 940 59 9
260 965 59 7
260 1022 1 9
261 427 53 9
261 485 5 11
261 565 32 13
261 587 9 2
261 646 4 12
261 797 24 11
261 902 47 15
261 1029 14 2
261 1044 46 2
262 367 47 5
262 601 13 4
262 959 50 14
262 1089 29 12
262 1164 58 5
263 379 49 4
263 397 24 15
263 407 6 5
263 660 5 6
263 730 20 4
263 1055 39 9
264 321 6 11
264 403 24 9
264 536 9 14
264 1011 40 3
264 1037 11 15
264 1161 18 7
265 280 43 11
265 575 48 6
265 834 43 2
265 932 45 14
265 1169 51 2
266 320 60 13
266 421 27 15
266 504 5 5
266 724 56 15
266 782 38 10
266 884 6 15
266 994 53 14
266 1103 19 6
267 515 40 13
267 546 50 10
267 557 57 13
267 610 52 8
267 623 49 6
267 775 48 4
267 847 14 1
267 1076 30 1
267 1093 35 10
267 1101 37 11
268 400 13 10
268 404 29 8
268 412 57 2
268 490 17 9
268 537 37 14
268 665 30 1
268 838 15 11
268 841 6 11
268 968 39 11
268 1006 2 6
269 358 59 4
269 577 11 3
269 801 35 4
269 1089 48 5
269 1163 47 12
270 400 7 4
270 566 55 9
270 568 29 11
270 615 54 15
270 634 51 5
270 662 3 11
270 703 45 6
270 937 29 14
270 985 48 5
271 334 38 5
271 423 21 4
271 545 21 3
271 579 22 11
271 716 53 5
271 772 26 6
271 799 50 6
271 812 6 3
271 881 39 7
271 968 57 6
271 1102 34 10
272 484 34 6
272 938 30 13
272 1027 1 6
272 1042 16 3
272 1117 47 13
273 358 8 12
273 701 27 10
273 940 21 6
273 1156 6 11
274 463 29 8
274 531 34 4
274 600 5 13
274 854 52 6
274 1029 25 3
275 360 31 8
275 863 53 5
275 1047 40 7
275 1097 28 13
275 1147 49 9
276 580 42 15
276 598 57 1
276 813 25 6
276 1053 35 5
277 410 10 11
277 453 17 12
277 540 60 2
277 631 27 7
277 818 12 14
277 966 2 1
277 1145 2 13
278 481 59 6
278 660 1 12
278 1076 60 2
278 1113 41 9
278 1141 27 13
279 300 28 4
279 335 38 3
279 386 32 15
279 443 49 8
279 561 20 7
279 564 10 6
279 800 29 9
279 863 17 9
279 884 14 4
279 939 11 8
279 1086 10 5
280 324 34 7
280 342 47 15
280 600 14 8
280 633 27 12
280 976 7 7
280 978 28 15
281 294 50 15
281 376 58 7
281 598 5 13
281 695 40 8
281 744 10 1
281 801 12 13
281 1001 10 10
282 352 43 14
282 495 34 6
282 597 15 13
282 724 47 2
282 882 33 9
282 982 27 12
282 994 24 7
282 1076 30 15
283 306 46 14
283 309 57 3
283 393 45 11
283 1027 41 12
283 1044 36 8
284 334 43 3
284 367 35 4
284 572 7 10
284 609 44 15
284 874 12 13
284 885 45 7
284 1027 9 14
284 1143 43 13
285 491 8 4
285 796 35 1
285 853 55 2
285 1079 52 4
285 1160 57 3
285 1170 4 3
286 288 5 9
286 565 17 8
286 636 53 1
286 780 1 15
286 781 49 7
286 785 29 6
286 808 59 6
286 896 38 12
286 1176 57 4
287 457 51 10
287 595 30 3
287 750 7 7
287 770 51 6
287 829 39 15
287 987 24 15
287 1070 31 12
287 1146 27 9
287 1179 11 2
288 312 51 14
288 363 34 4
288 676 60 4
288 882 21 2
288 913 34 2
288 1062 8 11
288 1146 50 8
289 661 5 10
289 723 47 7
289 724 22 3
289 808 15 11
289 947 3 2
289 1094 47 1
290 336 21 9
290 468 13 10
290 488 59 4
290 523 13 9
290 535 39 2
290 566 44 15
290 1076 34 4
290 1093 38 5
291 314 20 1
291 326 8 12
291 460 16 15
291 495 37 14
291 639 12 15
291 666 7 4
291 861 29 14
291 1011 56 11
291 1084 40 12
291 1127 1 8
291 1133 56 6
292 474 38 7
292 750 26 6
293 339 1 12
293 502 31 9
293 523 17 3
293 536 37 13
293 613 55 6
293 706 28 6
293 928 59 2
293 1026 13 11
293 1074 39 13
293 1078 31 12
293 1154 47 1
294 296 38 12
294 332 2 6
294 700 48 9
294 1048 56 4
294 1062 34 5
295 363 47 9
295 431 32 8
295 468 37 8
295 514 52 13
295 552 5 13
295 583 23 9
295 637 23 9
295 983 34 3
296 365 12 7
296 626 20 6
296 676 43 1
296 794 16 3
296 854 12 9
296 865 14 7
296 950 20 15
296 986 55 4
296 1054 8 1
296 1105 13 8
296 1117 40 1
296 1143 41 4
296 1170 4 2
297 299 44 4
297 327 13 9
297 349 9 12
297 476 25 1
297 591 25 12
297 752 55 11
297 770 51 8
297 801 6 11
297 932 44 2
297 1063 41 3
297 1084 28 3
298 426 50 13
298 458 48 6
298 610 6 9
298 740 38 14
298 1079 2 15
298 1092 50 13
298 1139 49 1
299 526 32 14
299 612 48 8
299 755 42 9
299 1016 54 7
299 1043 46 14
300 349 43 3
300 945 45 15
301 452 18 3
301 485 36 4
301 586 30 13
301 938 18 8
301 960 51 4
301 972 59 12
302 382 21 7
302 433 16 8
302 440 55 12
302 446 28 5
302 684 33 12
302 956 5 3
302 1122 5 13
302 1172 45 13
303 375 53 6
303 447 13 7
303 659 59 3
303 777 34 12
303 821 2 2
304 522 41 9
304 562 58 3
304 608 38 10
304 616 17 3
304 699 58 1
304 933 43 12
304 1058 35 13
304 1147 35 5
305 326 27 14
305 416 58 4
305 554 58 15
305 573 43 3
305 597 23 6
305 612 13 1
305 677 43 8
305 833 29 3
305 955 12 2
306 383 25 11
306 441 9 3
306 542 3 1
306 888 2 7
306 900 51 8
306 919 17 3
306 996 23 2
306 1078 29 7
306 1113 8 1
307 577 11 5
307 683 58 13
307 782 27 12
307 910 25 10
307 972 4 14
307 1034 12 9
307 1054 21 14
308 516 20 9
308 624 50 12
308 759 7 8
308 899 51 1
308 907 3 5
308 986 22 9
308 1053 1 12
308 1171 59 7
309 421 35 11
309 617 2 10
309 642 50 2
309 983 16 15
309 1015 29 2
309 1045 60 7
309 1066 46 5
309 1092 36 8
310 362 8 2
310 398 44 12
310 793 6 5
310 1042 11 7
310 1100 49 11
310 1110 35 15
310 1134 24 11
310 1174 51 7
310 1180 31 6
311 352 28 11
311 530 14 12
311 699 58 2
311 774 7 10
311 862 10 12
311 1110 23 12
312 378 40 3
312 546 26 13
313 316 36 14
313 321 47 3
313 604 34 11
313 717 1 3
313 777 56 2
313 860 6 2
313 934 10 15
313 1171 25 6
314 339 15 1
314 406 20 1
314 437 54 10
314 486 36 8
314 606 28 14
314 654 52 1
314 687 54 1
314 832 49 13
314 966 59 8
314 1015 22 11
314 1092 2 8
315 744 16 14
315 861 46 12
315 912 11 3
315 915 38 15
315 917 37 8
315 1062 47 6
315 1160 59 1
316 368 8 11
316 551 59 9
316 645 54 15
316 894 33 7
316 950 52 15
317 355 57 6
317 602 28 4
317 755 28 4
318 1003 12 15
318 1122 29 14
318 1147 19 6
319 371 12 8
319 386 20 12
319 413 12 13
319 438 26 2
319 582 32 5
319 690 21 15
319 770 12 13
319 981 54 11
319 1012 18 7
320 555 54 7
320 650 8 8
320 681 39 7
320 716 5 5
320 851 37 7
320 914 47 5
320 1013 42 10
320 1180 5 12
321 418 59 8
321 505 15 3
321 579 22 7
322 696 12 10
322 809 53 14
322 922 12 1
322 1009 27 12
322 1027 2 15
323 347 25 13
323 451 12 15
323 518 34 3
323 589 1 9
323 620 53 11
323 807 15 1
323 903 40 12
323 999 50 8
323 1017 2 10
323 1088 21 4
324 350 34 14
324 494 6 10
324 765 59 5
324 873 6 1
324 1130 39 5
325 332 15 9
325 333 49 11
325 474 56 1
325 486 1 5
325 493 18 13
325 512 37 3
325 569 37 5
325 638 19 8
325 659 58 14
325 798 23 2
325 889 9 3
325 946 15 7
325 968 34 12
325 988 55 10
325 1101 3 5
326 397 49 7
326 534 17 10
326 567 9 5
326 696 55 10
326 751 56 2
326 764 54 15
326 842 48 9
326 908 20 10
326 929 6 3
326 946 45 7
326 978 3 4
326 1029 24 8
326 1061 26 2
327 334 37 12
327 420 53 9
327 474 35 4
327 556 35 2
327 573 52 5
327 828 34 13
327 866 2 11
327 1009 44 1
327 1041 14 6
327 1081 55 12
328 361 33 10
328 442 7 2
328 451 29 9
328 504 10 3
328 510 33 14
328 559 2 1
328 609 26 12
328 749 56 4
328 1012 59 11
328 1151 4 6
328 1161 8 1
329 354 52 2
329 408 51 6
329 422 53 1
329 664 23 2
329 805 22 10
330 547 18 5
330 620 36 14
330 807 51 5
331 403 5 8
331 733 28 12
331 734 23 4
331 754 24 6
331 756 51 7
331 778 31 13
331 901 55 11
331 903 23 6
331 1080 44 10
331 1122 1 13
331 1179 45 4
332 489 58 8
332 519 52 10
332 606 20 6
332 613 53 1
332 658 38 12
332 705 52 14
332 808 20 12
332 818 23 6
332 920 56 14
332 988 8 7
332 1045 43 3
332 1051 18 13
332 1112 34 14
332 1146 22 2
333 344 24 10
333 407 1 6
333 487 52 6
333 519 56 5
333 521 22 9
333 622 14 9
333 634 23 13
333 728 6 8
333 1020 60 13
333 1170 22 13
333 1178 26 6
334 450 58 5
334 827 39 10
334 840 5 1
334 1109 60 15
335 806 36 1
335 1113 18 3
336 407 46 3
336 617 6 14
336 619 17 3
336 860 14 3
336 872 19 3
336 1096 30 8
336 1097 21 5
337 367 50 15
337 632 37 3
337 657 34 10
337 662 47 12
337 748 1 7
337 996 47 10
337 1004 40 3
338 373 19 3
338 445 26 2
338 493 12 15
338 534 8 4
338 1002 1 5
338 1020 18 15
338 1125 12 10
338 1129 11 5
338 1139 25 3
339 368 37 2
339 494 16 8
339 614 39 15
339 743 38 2
339 913 36 2
340 406 42 12
340 429 31 7
340 492 56 4
340 543 43 9
340 707 46 9
340 736 1 1
340 1061 22 6
340 1106 41 3
341 388 26 11
341 601 52 9
341 786 50 3
342 547 30 7
342 661 59 6
342 734 34 10
342 1020 20 9
342 1065 52 11
343 361 22 7
343 386 32 15
343 399 58 9
343 483 21 3
343 601 44 11
343 690 29 10
343 740 41 15
343 1089 16 12
343 1173 12 4
344 363 59 11
344 816 3 14
344 835 11 12
344 870 45 12
344 898 40 8
344 969 52 10
344 1016 21 9
344 1047 42 14
345 451 4 15
345 802 33 7
345 840 4 2
345 987 16 15
345 1132 10 10
346 398 10 11
346 468 11 1
346 581 33 15
346 1077 25 12
347 426 54 8
347 492 31 8
347 608 4 11
347 700 40 1
347 866 52 4
347 876 28 11
347 879 37 2
347 1116 41 10
348 591 19 9
348 693 14 9
348 785 16 6
348 988 31 1
349 369 32 5
349 433 51 10
349 908 27 13
349 1050 13 6
349 1108 41 8
349 1123 17 13
350 410 2 4
351 384 26 5
351 398 11 9
351 449 59 8
351 774 20 13
351 800 11 6
351 1123 12 1
352 383 16 11
352 505 60 13
352 847 55 7
352 855 11 5
352 885 42 11
352 1004 60 13
352 1153 35 8
353 525 13 6
353 719 3 4
353 747 45 1
353 786 39 15
353 870 26 3
353 872 49 1
353 892 3 7
353 965 48 5
353 981 15 6
353 1005 58 15
354 368 3 6
354 387 38 13
354 426 60 15
354 429 31 8
354 493 50 11
354 983 12 12
355 437 29 1
355 803 36 14
355 971 57 1
356 655 52 1
356 810 60 4
356 824 8 5
356 1160 25 12
356 1166 29 2
357 380 14 15
357 518 29 10
357 588 39 6
357 622 21 7
357 623 10 7
357 640 52 12
357 669 60 15
357 755 7 9
357 772 23 7
357 889 47 4
357 891 60 10
357 1020 10 6
358 785 7 15
358 839 57 2
358 870 46 6
358 990 47 9
359 404 7 4
359 762 26 8
359 801 10 8
359 803 56 5
359 870 18 3
359 982 11 9
360 412 33 8
360 456 54 13
360 643 29 12
360 822 36 10
360 847 7 9
360 861 6 8
360 1080 60 7
360 1152 3 13
361 465 25 11
361 483 31 3
361 537 2 4
361 660 29 2
361 701 11 13
361 849 13 14
361 850 17 8
361 898 33 7
361 1172 18 10
362 605 54 5
362 644 22 9
362 733 28 2
362 871 41 5
362 935 3 11
362 1020 21 14
362 1120 37 10
363 380 48 12
363 421 44 4
363 646 42 4
363 739 46 12
363 825 33 4
363 889 38 10
364 471 55 3
364 477 53 4
364 482 42 12
364 621 34 4
364 627 15 2
364 637 9 11
364 830 23 10
364 861 4 13
365 462 24 9
365 565 12 4
365 638 39 10
365 885 56 4
365 917 18 13
365 1166 32 10
366 475 20 5
366 509 17 9
366 534 43 3
366 799 37 13
366 1034 15 15
366 1080 41 11
366 1175 32 10
367 427 2 15
367 517 48 14
367 742 57 15
367 1153 50 4
368 370 18 13
368 435 9 11
368 521 53 4
368 549 45 14
368 603 13 6
368 693 31 11
368 918 49 1
368 961 32 1
368 977 53 6
368 1019 40 5
368 1126 11 13
368 1177 45 14
369 517 15 1
369 656 7 4
369 815 8 15
369 902 60 11
369 1007 24 4
370 549 7 4
370 556 7 1
370 748 26 2
370 767 35 15
370 836 5 8
370 839 12 6
370 902 21 6
370 910 59 2
370 982 18 4
370 1153 35 6
371 567 52 8
371 598 40 8
371 738 31 11
371 844 6 6
371 878 30 14
371 935 2 7
371 1063 2 15
371 1166 56 11
372 666 4 11
372 735 49 3
372 906 32 10
372 964 13 5
372 1026 34 5
373 681 2 3
373 767 47 9
373 930 32 12
373 986 19 7
373 1097 57 12
373 1119 33 11
374 424 16 4
374 442 57 13
374 532 40 11
374 537 20 4
374 569 55 15
374 627 45 12
374 685 30 14
374 942 28 6
374 982 58 14
375 944 44 5
375 1078 58 13
375 1151 3 7
376 741 28 9
376 767 1 10
376 824 24 8
376 1106 32 3
376 1136 30 8
376 1168 23 9
377 541 30 14
377 589 9 6
377 682 20 1
377 976 14 5
377 1052 28 2
377 1059 59 3
377 1119 31 3
377 1152 18 1
378 390 45 12
378 556 58 11
378 869 10 4
378 894 54 1
378 1006 34 14
378 1013 57 11
378 1120 32 2
378 1149 52 4
379 413 14 13
379 531 51 1
379 595 34 2
379 701 16 8
379 718 29 5
379 771 10 4
379 809 4 12
379 864 46 9
379 887 59 3
379 1025 21 5
379 1159 13 14
380 392 18 8
380 539 21 10
380 568 8 5
380 718 26 2
380 873 59 4
380 915 28 11
380 1000 12 8
380 1100 42 11
381 473 47 10
381 518 50 14
381 640 50 3
381 811 33 5
381 858 40 1
382 423 31 12
382 639 12 1
382 907 9 6
382 911 23 13
382 1061 59 7
383 474 49 15
383 537 15 3
383 698 25 13
383 786 41 6
383 817 41 12
383 994 38 8
383 1036 36 9
383 1080 48 11
384 557 53 10
384 638 22 7
384 769 28 13
385 539 5 13
385 619 20 7
385 760 56 3
385 877 54 10
385 956 52 13
385 1058 44 4
385 1123 30 2
385 1149 54 4
386 440 1 14
386 500 40 7
386 645 57 8
386 797 42 8
387 470 16 8
387 506 12 13
387 531 15 4
387 590 10 5
387 705 53 10
387 896 2 4
387 986 16 8
387 1080 29 4
387 1081 40 9
387 1105 19 6
387 1138 16 11
388 475 59 8
388 524 25 12
388 782 50 15
388 1023 47 14
388 1032 37 9
388 1134 19 13
389 392 55 9
389 471 60 10
389 539 30 1
389 561 15 11
389 607 40 7
389 962 20 10
389 1074 20 6
389 1092 29 1
389 1101 32 10
390 398 56 11
390 447 26 10
390 739 54 13
390 758 1 1
390 882 29 15
390 912 23 8
390 1010 27 4
390 1042 4 8
391 499 39 6
391 554 28 1
391 707 25 1
391 843 31 8
391 967 1 14
391 1070 20 9
392 507 19 10
392 633 27 2
392 799 51 13
392 908 38 9
392 1061 7 8
393 401 55 8
393 755 46 10
393 863 7 2
393 1052 41 2
393 1111 50 5
393 1144 48 14
394 506 16 7
394 587 24 14
394 635 37 6
394 912 28 11
394 973 55 5
394 1056 10 9
395 500 54 2
395 662 13 15
395 687 57 5
395 942 8 2
396 497 1 5
396 567 16 9
396 593 23 15
396 870 47 6
396 894 12 7
396 1035 56 5
396 1067 37 8
397 402 38 7
397 709 44 9
397 898 18 5
397 923 54 6
397 934 1 9
398 508 48 5
398 540 47 6
398 627 36 2
398 733 31 9
398 743 18 9
398 958 52 10
398 990 41 8
398 1035 49 12
398 1088 1 3
399 423 59 4
399 682 54 1
399 796 40 8
399 888 45 15
399 1020 53 13
400 573 17 3
400 589 11 4
400 697 23 9
400 754 48 11
400 969 46 1
401 568 34 1
401 755 3 15
401 880 3 15
401 931 1 15
401 1053 58 9
401 1089 19 14
401 1132 19 12
401 1164 50 10
402 433 9 7
402 627 40 9
402 765 44 2
403 418 21 7
403 580 1 14
403 747 48 10
403 806 33 6
403 868 45 5
403 968 38 10
403 1099 47 9
403 1170 6 13
404 466 21 13
404 510 46 7
404 574 17 13
404 653 39 1
404 684 50 9
404 776 16 2
404 778 1 8
404 933 19 4
404 1073 1 10
404 1119 27 10
404 1142 48 8
405 435 43 10
405 677 2 7
405 710 43 5
405 782 42 15
405 810 33 4
405 985 11 9
405 996 9 13
406 419 41 4
406 483 51 13
406 506 1 15
406 541 49 2
406 679 35 13
406 1131 37 4
407 1017 40 15
407 1082 21 4
408 659 26 5
408 662 57 9
408 830 12 3
408 980 6 9
408 1036 42 12
409 832 47 13
409 909 15 15
409 911 31 9
409 1141 16 1
410 439 30 12
410 819 42 1
410 1053 50 3
411 717 36 10
411 729 47 10
411 784 1 10
411 867 21 3
411 938 8 14
411 1094 27 4
411 1095 54 13
411 1104 33 14
412 471 48 13
412 543 22 8
412 554 36 2
412 688 34 13
412 983 17 1
413 492 6 2
413 912 28 3
413 927 60 4
413 1116 53 8
414 482 5 12
414 590 38 5
414 591 1 10
414 823 30 5
415 505 46 2
415 607 13 8
415 650 57 6
415 869 17 11
416 455 9 15
416 478 23 8
416 651 31 6
416 765 59 13
416 851 21 3
416 867 7 12
416 950 33 3
416 992 25 9
416 1168 46 2
417 586 60 3
417 770 16 13
417 802 32 8
417 991 44 5
418 462 55 13
418 528 31 10
418 567 8 13
418 625 40 1
419 442 37 3
419 564 9 3
419 699 59 6
419 783 31 15
419 866 47 9
420 860 48 10
421 440 4 1
421 454 57 7
421 589 45 12
421 664 5 3
421 825 40 1
421 1001 37 14
421 1063 1 3
421 1098 46 3
421 1166 35 9
422 562 34 14
422 628 54 10
422 680 14 14
422 687 1 10
422 783 3 8
422 789 7 2
422 885 4 10
422 905 17 6
422 958 31 1
422 1016 42 7
422 1158 51 12
423 758 27 13
423 762 35 10
423 789 43 11
423 942 24 5
423 950 38 5
423 1048 10 6
424 653 42 14
424 764 22 6
424 843 54 5
424 1093 45 5
425 563 2 7
425 953 50 13
425 965 33 3
425 1029 39 1
425 1077 25 6
426 576 48 1
426 747 20 6
426 837 35 15
426 857 33 2
427 523 9 13
427 906 31 7
427 1152 5 13
428 471 2 6
428 594 27 14
428 617 6 12
428 804 6 7
428 1035 23 9
428 1127 15 14
428 1143 39 3
429 445 9 14
429 540 4 12
429 651 22 15
429 662 20 4
429 713 9 11
429 916 54 13
430 666 1 11
430 1075 28 11
430 1086 32 1
430 1147 8 5
431 478 8 2
431 610 5 10
431 713 29 8
431 803 11 10
431 861 39 14
431 874 7 2
431 1047 29 6
431 1075 42 4
432 527 34 7
432 577 37 15
432 662 28 10
432 790 33 3
432 828 58 8
432 833 41 10
433 464 22 2
433 617 3 12
433 681 27 10
433 824 51 14
433 838 37 6
433 894 50 15
433 903 46 7
433 1003 14 14
433 1009 53 1
433 1051 34 12
433 1179 31 9
434 452 54 13
434 492 31 11
434 614 37 14
434 725 12 5
434 762 60 2
434 777 40 9
434 1054 9 4
434 1055 36 8
434 1137 4 4
435 679 26 5
435 788 5 1
435 844 28 3
435 857 28 1
435 965 32 4
435 994 19 10
435 1147 8 10
436 640 29 4
436 669 21 11
436 780 3 3
436 784 33 3
436 814 44 7
436 921 60 4
436 1113 19 3
436 1149 31 10
437 753 1 15
437 757 50 6
437 963 14 10
437 985 25 10
437 1116 46 3
438 601 20 14
438 761 4 4
438 817 16 6
438 1046 58 8
439 462 59 15
439 501 20 9
439 505 25 6
439 939 13 4
439 1032 32 2
439 1166 28 12
440 489 49 1
440 1007 15 14
440 1061 39 1
440 1096 10 6
441 501 12 1
441 523 20 3
441 538 31 6
441 592 19 2
441 878 28 4
441 1010 22 8
442 496 39 1
442 657 2 2
442 805 9 14
442 943 58 3
442 1016 6 2
442 1053 30 15
442 1135 25 1
442 1178 5 1
443 596 28 15
443 609 35 2
443 611 11 7
444 467 46 6
444 614 4 8
444 866 11 3
444 977 12 6
444 984 44 10
444 1019 39 10
444 1025 48 10
444 1139 45 6
444 1167 41 13
445 609 29 14
445 681 47 2
445 846 52 8
445 891 36 15
445 940 43 2
445 1038 18 6
445 1061 19 3
446 470 35 7
446 921 47 14
446 996 60 8
447 469 52 11
447 914 54 1
447 926 6 8
447 1147 36 11
448 641 25 1
448 674 49 4
448 692 21 14
448 728 44 5
448 779 27 6
448 840 12 7
448 852 23 14
448 992 29 14
448 1012 2 7
448 1164 27 9
449 829 54 15
449 844 37 7
449 1087 40 13
449 1097 12 10
450 489 46 3
450 658 56 2
450 660 49 14
450 675 9 5
450 724 57 10
450 747 43 1
450 767 32 4
450 815 43 10
450 880 31 8
450 939 26 6
450 941 8 2
450 971 31 6
450 1108 44 13
451 595 34 9
451 699 41 7
451 723 43 9
451 840 25 14
451 945 50 3
452 509 33 8
452 751 39 7
452 773 2 10
452 896 44 11
452 942 43 14
452 1021 12 7
453 706 59 15
453 992 25 12
453 1004 52 9
454 468 59 5
454 898 8 5
454 1062 41 8
454 1069 25 3
454 1082 39 9
455 620 42 2
455 783 39 9
455 916 53 8
455 918 51 4
455 940 55 13
455 1106 27 7
456 649 16 13
456 659 40 2
456 797 15 12
456 853 44 10
456 1020 39 7
457 495 19 13
457 678 27 9
457 841 42 8
457 1051 20 6
458 657 1 12
458 715 12 5
458 720 30 3
458 723 33 2
458 923 35 3
458 949 28 6
458 951 9 3
458 1019 8 12
458 1151 11 8
459 525 50 6
459 722 57 7
459 803 12 5
459 901 26 9
459 917 8 10
459 921 35 1
460 476 33 3
460 575 3 8
460 600 58 8
460 667 22 11
460 685 18 3
460 869 16 15
460 875 48 11
460 937 16 8
460 972 52 5
460 1178 40 1
461 756 26 8
461 789 36 13
461 939 2 1
461 991 20 5
461 1136 55 1
461 1153 6 10
461 1168 40 4
462 481 22 4
462 695 49 14
462 739 39 11
462 957 13 11
462 1000 56 2
462 1050 18 4
463 483 43 11
463 553 8 2
463 641 42 1
463 740 56 7
463 769 43 6
464 526 58 10
464 540 38 11
464 542 50 9
464 673 23 1
465 592 14 4
465 627 1 12
465 784 14 11
465 795 46 4
465 816 41 9
465 1017 38 5
465 1055 24 8
466 561 47 5
466 564 52 15
466 906 46 4
466 1042 7 6
467 581 15 3
467 652 1 2
467 735 30 10
467 971 40 12
467 1098 12 15
467 1161 2 13
468 707 32 4
468 1082 27 11
469 549 30 3
469 684 29 15
469 700 56 9
469 708 46 1
469 712 36 5
469 882 2 14
469 916 33 13
469 1135 19 2
470 737 13 7
470 801 47 7
470 812 4 3
470 815 10 10
470 889 7 2
470 1002 33 14
471 743 34 7
471 1075 47 6
472 666 45 2
472 762 19 13
472 803 54 6
472 815 38 9
472 818 34 2
472 885 19 3
472 947 28 3
473 478 1 9
473 552 20 5
473 678 47 12
473 704 35 8
473 799 9 9
473 865 41 6
473 904 54 14
473 1060 35 2
473 1088 32 8
474 504 1 4
474 528 60 3
474 545 1 6
474 610 53 4
474 709 8 12
474 778 31 8
474 841 26 9
474 848 48 11
474 905 54 13
474 1106 52 14
475 516 34 15
475 575 23 11
475 614 38 12
475 731 57 4
475 765 25 4
475 860 12 7
476 560 14 10
476 609 28 1
476 622 34 1
476 668 48 2
476 696 52 8
476 719 58 10
476 726 19 6
476 873 18 7
476 1038 9 5
476 1077 27 2
476 1120 18 8
476 1167 3 10
477 587 32 7
477 742 18 12
477 868 16 13
477 923 14 13
477 1005 48 14
478 509 44 11
478 695 8 14
478 749 24 7
478 942 56 7
479 615 43 1
479 617 52 6
479 773 60 5
480 590 8 11
480 596 1 9
480 658 17 11
481 610 51 10
481 646 60 7
481 1141 40 9
481 1150 39 12
481 1165 36 4
482 502 38 12
482 564 38 6
482 569 20 9
482 699 24 6
482 851 57 8
482 977 43 4
482 1030 24 15
482 1114 12 14
483 675 49 6
483 894 9 6
484 577 40 10
484 633 31 15
484 687 45 11
484 693 52 14
484 794 17 7
484 800 32 6
484 961 13 3
484 1051 29 4
484 1121 40 15
484 1177 27 3
485 489 11 4
485 638 39 7
485 947 29 8
486 596 2 11
486 650 52 8
486 664 58 15
486 783 46 7
486 811 33 2
486 1001 36 13
486 1018 5 6
486 1019 51 11
486 1105 41 9
486 1136 31 10
487 515 56 9
487 560 6 12
487 712 33 5
487 723 25 2
487 893 13 9
487 1159 56 13
488 603 37 3
488 825 9 9
488 903 36 15
488 1031 42 8
488 1110 58 12
489 532 53 10
489 900 12 1
489 972 4 3
489 1076 11 1
489 1165 28 5
490 531 50 10
490 554 54 12
490 922 35 8
490 959 1 13
490 994 37 8
491 723 40 2
491 732 30 3
491 976 40 2
491 1064 56 1
491 1067 15 6
491 1087 11 12
491 1173 4 14
492 731 3 9
492 876 41 15
492 1019 40 6
492 1038 45 5
492 1065 59 8
492 1070 2 9
492 1166 14 10
493 496 8 1
493 502 57 4
493 531 26 14
493 682 59 10
493 955 22 12
493 1072 18 2
493 1085 8 8
494 526 3 2
494 652 33 14
494 942 36 4
494 1000 50 15
494 1162 43 12
495 591 28 4
495 750 4 5
495 970 26 7
495 1018 30 7
495 1139 32 4
496 587 46 1
496 674 54 11
496 1021 38 10
497 537 59 4
497 771 7 14
497 791 21 7
497 909 34 4
497 933 44 13
498 524 43 1
498 807 33 3
498 840 31 2
498 857 5 15
498 937 17 3
498 1038 36 10
498 1158 28 2
499 572 17 2
499 631 7 13
499 703 14 14
499 722 1 10
499 855 12 9
499 927 37 1
499 1047 18 14
499 1159 12 8
500 1049 4 10
501 607 33 10
501 882 41 12
501 1058 55 6
502 938 53 14
502 950 8 7
503 674 43 12
503 912 41 11
503 1097 47 4
504 816 17 9
504 893 44 4
504 990 23 6
504 997 46 6
504 1064 16 8
505 601 13 4
505 729 38 11
505 775 53 13
505 789 50 5
506 695 30 14
506 728 27 14
506 743 32 9
507 581 47 7
507 582 54 4
507 1116 14 15
508 549 21 4
508 605 48 4
508 622 2 13
508 770 9 9
508 920 24 10
508 987 7 15
508 1021 54 14
508 1108 6 14
509 538 51 5
509 789 5 5
509 836 6 2
509 926 11 3
509 941 4 8
509 1040 22 11
509 1135 59 1
509 1136 58 15
510 631 58 2
510 679 4 15
510 741 31 4
510 743 21 2
510 887 39 13
510 940 3 2
510 980 49 1
510 1012 21 15
510 1088 44 2
511 536 2 15
511 655 17 9
511 842 24 8
511 942 58 2
511 1163 24 13
512 515 52 13
512 597 1 9
512 1069 38 6
513 596 38 6
513 610 55 10
513 635 54 9
513 876 56 15
514 528 11 15
514 858 20 4
514 1079 13 10
515 663 2 10
515 782 34 14
515 946 27 14
515 1046 23 5
515 1095 32 6
516 675 32 2
516 811 52 10
516 859 12 15
516 1030 2 8
516 1103 25 3
517 541 2 10
517 623 60 9
517 675 43 13
517 739 40 12
517 741 40 11
517 824 29 13
517 881 58 1
517 1077 7 6
518 557 4 12
518 811 42 13
518 925 6 14
518 959 15 4
518 1140 5 3
518 1155 24 12
519 707 9 8
519 1017 51 12
519 1045 30 8
520 540 54 1
520 902 19 2
521 524 41 1
521 865 21 8
521 897 52 3
521 898 18 11
521 987 55 4
522 653 21 6
522 654 1 9
522 730 29 11
522 839 31 10
522 845 27 9
522 924 40 13
522 971 15 12
523 528 43 9
523 682 46 7
523 751 1 3
523 787 2 10
523 844 21 14
523 846 10 10
523 897 53 13
524 577 47 12
524 611 26 6
524 612 46 3
524 622 26 13
524 842 13 2
524 845 41 1
524 885 42 3
524 964 48 8
524 965 12 2
524 1043 56 8
524 1090 26 2
524 1110 24 9
524 1140 18 5
525 761 56 15
525 801 9 4
525 805 27 8
525 814 49 2
525 953 59 9
525 955 37 14
525 966 10 13
526 570 29 5
526 663 39 7
526 691 47 14
526 894 46 6
526 921 6 3
526 999 21 7
526 1078 59 2
527 618 15 15
527 768 42 11
527 777 37 9
527 865 19 9
527 1125 19 2
528 699 31 11
528 730 48 8
528 852 51 9
528 989 26 5
528 993 28 11
529 561 38 11
529 968 52 10
529 1174 11 8
530 545 10 8
530 555 7 11
530 575 20 6
530 606 49 6
530 722 29 12
530 740 49 1
530 786 50 5
530 821 28 11
530 876 54 9
530 997 13 1
531 685 19 14
531 874 51 11
531 939 46 9
531 976 3 9
531 1101 41 6
532 807 21 3
532 838 14 7
532 981 45 11
532 1156 2 6
533 648 11 12
533 1015 11 5
533 1070 22 9
534 601 18 6
534 636 53 10
534 638 34 15
535 577 34 12
535 588 54 10
535 590 24 14
535 673 1 13
535 691 15 6
535 887 56 2
535 1076 44 14
535 1105 24 4
536 863 48 4
537 659 60 5
537 749 2 15
537 858 47 14
537 954 21 6
537 1074 10 5
538 693 22 14
538 761 24 14
538 790 50 4
538 978 52 8
538 1062 9 3
540 679 6 14
540 726 58 11
540 833 16 12
540 1008 3 2
540 1157 10 4
541 623 53 3
541 696 22 13
541 730 4 10
541 733 32 8
541 1145 36 2
541 1154 5 2
542 617 2 1
542 708 12 9
542 1050 45 15
542 1095 12 9
542 1143 43 4
543 604 15 15
543 885 37 5
544 775 25 13
544 862 2 11
544 972 6 10
544 1127 48 7
545 779 39 8
545 805 18 15
545 896 11 15
545 973 56 14
545 1120 33 10
546 830 49 13
546 941 24 10
546 959 15 7
546 1114 31 2
546 1180 43 4
547 633 44 8
547 737 60 9
547 1083 21 9
547 1100 39 8
547 1157 4 11
548 549 43 8
548 588 60 13
548 668 4 9
548 963 19 12
548 1006 56 3
548 1176 39 14
549 781 47 5
549 1136 5 14
549 1156 57 14
549 1165 14 2
550 621 43 1
550 662 33 7
550 797 48 5
550 821 58 12
550 905 33 2
551 648 14 2
551 707 20 14
551 730 15 15
551 1110 59 1
551 1143 15 12
552 579 37 8
552 593 7 10
552 671 14 9
552 732 17 13
552 835 5 14
552 917 29 12
552 1111 7 9
553 713 16 4
553 794 47 10
553 916 3 14
553 962 52 7
553 1036 6 8
553 1040 26 5
553 1119 23 4
553 1122 8 14
553 1162 21 15
554 677 56 11
554 702 20 7
554 714 44 10
554 805 53 6
554 832 40 3
554 878 49 8
554 1092 4 7
555 674 10 3
555 777 28 9
555 965 2 14
556 717 22 3
556 829 4 6
556 961 21 7
556 1159 17 14
558 596 50 13
558 617 5 8
558 816 56 15
558 928 26 7
558 963 8 15
558 1049 21 1
559 1081 22 11
559 1117 28 10
560 597 24 11
560 812 55 11
560 1022 31 6
562 623 7 2
562 698 48 13
562 848 42 9
562 909 33 9
562 1175 42 15
563 620 60 9
563 715 18 4
563 840 30 10
563 918 30 10
563 1000 27 4
564 578 59 5
564 630 53 15
564 663 55 6
564 745 30 2
564 751 56 12
564 896 36 13
564 1163 33 1
565 618 57 11
565 654 60 7
565 709 46 9
565 723 26 12
565 802 9 13
565 837 11 10
565 979 50 8
566 672 25 5
566 928 7 1
566 964 38 3
566 1054 40 14
566 1122 59 9
567 580 14 1
567 1040 36 4
567 1087 57 2
567 1142 16 12
567 1148 47 7
568 569 28 12
568 597 49 7
568 701 11 6
568 725 17 14
568 829 39 7
568 991 60 11
568 1011 43 9
568 1120 48 13
569 583 31 7
569 730 9 7
569 860 43 8
569 1074 29 10
569 1093 37 9
569 1107 12 12
570 634 13 8
570 866 47 5
570 943 27 9
570 1024 11 15
571 810 26 11
571 899 60 9
571 923 46 2
571 1108 46 1
571 1112 21 1
571 1150 32 12
571 1151 53 12
572 854 58 6
572 1037 24 9
572 1049 4 1
572 1086 9 4
572 1127 8 11
572 1144 15 14
572 1177 52 12
573 822 11 14
573 879 21 5
573 913 14 12
573 941 20 9
573 1094 31 11
574 695 28 13
574 727 26 8
574 794 44 12
574 811 55 15
574 820 21 4
574 902 3 14
575 751 53 9
575 836 7 6
575 887 10 4
575 951 53 1
576 787 46 1
576 838 39 5
576 918 17 3
576 1028 12 4
577 648 17 12
577 653 32 12
577 682 16 8
577 687 31 2
577 901 1 8
577 921 40 11
577 1116 25 7
578 626 20 11
578 731 3 13
578 740 27 3
578 756 20 8
578 765 57 12
578 836 8 12
578 990 2 15
578 1055 38 7
579 601 27 11
579 611 3 12
579 891 20 5
579 1008 37 11
579 1017 60 11
579 1128 25 6
580 670 34 3
580 934 51 2
580 1073 15 2
580 1095 21 15
581 810 5 4
581 1149 11 6
582 728 28 1
582 754 30 13
582 953 17 5
582 1045 58 6
582 1080 4 9
583 587 21 5
583 632 40 8
583 694 28 13
583 799 13 14
583 808 10 2
583 810 46 5
583 865 16 2
583 967 15 6
584 800 52 12
584 801 32 10
584 902 42 1
584 909 15 6
585 607 17 2
585 702 30 1
585 709 19 2
585 812 8 9
585 896 6 12
585 945 58 6
585 1178 34 1
586 612 28 3
586 665 59 2
586 719 44 15
586 1001 37 15
586 1064 23 2
587 704 31 5
587 841 49 1
587 853 51 8
588 1010 58 13
589 832 41 13
589 868 60 11
589 1010 9 7
589 1141 28 2
589 1173 24 8
590 662 39 7
590 694 21 3
590 698 54 9
590 749 22 10
590 863 26 1
590 990 44 12
590 1073 57 12
590 1137 57 15
591 610 21 14
591 698 21 12
591 1166 13 7
592 614 1 8
592 650 8 8
592 744 45 7
592 927 10 11
592 988 46 10
592 1042 30 13
593 777 5 11
593 836 15 4
593 1128 7 3
594 707 51 11
594 710 26 14
594 754 40 5
594 787 8 4
594 970 44 2
594 1112 48 4
594 1117 40 9
595 813 19 7
595 872 6 4
595 953 46 12
595 1035 58 4
595 1116 48 12
596 744 55 10
596 840 12 2
597 764 14 3
597 814 47 9
597 908 24 13
597 1013 19 11
598 726 15 11
598 864 14 10
598 890 4 3
598 915 18 3
598 917 59 8
598 934 53 8
598 936 39 2
599 654 3 10
599 658 1 14
599 684 21 9
599 701 30 14
599 777 37 8
599 823 38 2
599 944 34 13
599 1154 20 9
599 1160 38 7
599 1180 30 5
600 925 40 13
600 1142 34 6
600 1167 26 9
601 910 58 2
601 1004 47 12
601 1165 53 5
602 638 30 2
602 834 41 8
602 925 33 5
602 1014 59 12
602 1017 27 4
603 743 24 3
603 831 44 3
603 847 36 11
603 1067 29 11
603 1106 28 7
604 724 31 5
604 1021 39 15
605 1125 51 5
605 1154 22 3
606 736 2 14
606 766 45 9
606 777 28 3
606 973 20 2
606 1024 58 5
607 1098 36 15
607 1116 2 12
607 1139 22 3
608 669 22 9
608 1065 8 5
609 664 48 2
609 947 28 10
609 1079 19 7
609 1123 5 13
609 1129 8 4
610 616 25 7
610 972 45 3
610 992 59 15
610 1067 40 1
611 702 59 4
611 1093 21 9
612 967 14 2
612 1170 3 14
613 744 1 11
613 786 29 7
613 906 21 8
613 944 17 11
613 1006 8 1
613 1012 20 1
614 858 39 5
614 867 54 10
614 995 48 10
614 1084 26 11
615 676 28 7
615 710 58 12
615 825 17 1
615 1075 52 11
615 1103 6 9
616 706 1 2
616 720 18 11
616 730 5 2
616 1015 57 14
617 663 59 15
617 715 23 12
618 635 13 13
618 773 40 6
618 1027 55 6
618 1072 6 2
618 1110 4 4
619 659 23 14
619 681 12 5
619 686 35 15
619 697 50 12
619 714 4 12
619 959 9 15
619 983 23 6
619 1111 1 11
619 1174 1 1
620 645 53 10
620 665 7 3
620 911 50 14
620 1141 52 7
620 1155 29 13
621 626 6 3
621 722 15 9
621 780 2 2
621 897 30 8
621 940 31 9
621 943 13 10
621 1129 30 10
621 1144 5 4
621 1179 14 8
622 760 42 2
622 1011 43 6
622 1093 24 11
623 892 28 2
623 922 43 4
624 777 56 11
624 1005 28 8
624 1007 37 1
624 1038 38 12
624 1127 11 3
624 1138 54 13
624 1156 36 14
625 654 54 10
625 760 28 7
625 1027 57 12
626 711 15 5
626 789 45 10
626 977 57 3
626 982 53 14
626 1068 29 2
627 649 27 8
627 838 31 6
627 965 17 9
627 981 50 10
628 946 42 8
628 1011 26 12
628 1100 1 9
628 1151 37 13
629 784 16 3
629 839 30 11
629 847 25 6
629 851 57 9
629 890 14 13
629 892 32 8
629 974 27 2
629 1037 11 9
630 902 8 3
630 975 3 6
630 996 2 7
630 1132 8 1
631 804 57 4
631 868 58 1
631 879 30 7
631 988 8 5
631 1173 29 11
632 667 25 5
632 681 1 3
632 804 31 15
632 1015 24 2
632 1098 19 10
633 651 59 11
633 656 41 9
633 830 32 1
633 893 33 14
633 952 55 2
633 959 53 5
634 637 55 9
634 741 55 14
634 846 20 6
634 969 60 2
635 877 54 13
635 892 25 4
635 998 57 11
635 1125 1 11
636 643 28 1
636 656 19 3
636 739 30 5
636 789 21 11
636 925 44 6
636 957 19 9
636 1157 16 4
637 768 34 10
637 825 7 7
637 885 32 9
637 1033 35 8
637 1144 16 6
638 745 37 2
638 856 46 15
638 1133 1 7
639 760 25 2
639 841 10 4
639 1022 60 13
639 1050 35 14
639 1057 55 2
639 1139 2 11
640 754 14 2
640 948 48 9
640 1157 11 10
641 808 3 9
641 812 37 8
641 1105 43 2
642 661 33 9
642 687 46 4
642 718 25 8
642 886 34 4
642 1004 21 9
642 1033 59 10
642 1109 29 6
643 1039 4 13
643 1075 33 15
643 1103 54 9
644 731 42 3
644 766 39 6
644 767 56 15
644 1056 30 6
645 672 26 11
645 746 32 11
645 869 36 1
645 934 29 2
645 947 37 15
645 1009 30 4
645 1011 29 7
645 1163 55 8
646 680 3 11
646 799 59 1
646 812 20 8
646 995 49 14
646 1138 47 12
647 1054 30 4
647 1084 17 4
649 786 48 14
649 1143 25 15
650 861 60 12
650 901 15 9
650 1088 32 13
650 1126 39 1
651 882 7 6
651 945 35 4
651 973 30 8
651 1055 48 6
651 1072 9 5
651 1081 42 1
652 1104 57 5
653 823 39 8
653 889 17 9
653 1018 47 7
653 1019 52 12
653 1074 4 10
653 1156 45 7
654 796 34 4
654 834 9 12
655 685 14 2
655 755 37 9
655 762 3 5
655 796 36 10
655 824 45 13
655 897 24 6
655 1005 53 1
655 1007 34 13
655 1031 35 6
655 1082 51 11
656 738 11 2
657 848 41 13
657 1139 6 13
657 1142 26 12
657 1160 22 7
658 677 34 3
658 717 22 13
658 723 58 12
658 771 58 14
658 1161 46 1
659 677 34 12
659 1051 22 13
659 1109 13 3
659 1118 59 15
660 749 10 14
660 877 46 4
660 879 27 15
660 1040 50 10
660 1140 12 7
661 837 56 13
661 1169 34 11
662 668 46 1
662 684 57 4
662 716 2 13
662 726 26 6
662 756 55 4
662 757 24 2
662 898 25 4
662 988 2 1
663 791 32 6
663 843 53 6
663 845 5 15
663 1011 6 5
664 707 45 15
664 1062 4 6
664 1108 46 5
664 1140 12 13
664 1172 47 3
665 748 1 2
665 937 22 14
665 1155 12 12
666 679 50 7
666 737 50 9
666 855 32 9
666 946 46 6
666 1062 20 4
666 1173 51 2
666 1180 12 10
667 688 58 6
667 693 60 3
667 755 8 6
667 909 46 11
667 1066 54 7
668 781 51 8
668 1013 6 6
668 1046 57 14
668 1128 8 12
668 1165 19 3
668 1168 4 10
669 763 60 11
669 786 41 8
669 941 12 13
669 976 28 4
669 1026 50 14
669 1036 57 6
669 1144 43 6
670 698 59 7
670 1018 58 11
670 1030 31 2
670 1106 6 1
671 684 45 10
671 830 41 9
671 992 38 10
671 1041 13 13
672 698 55 5
672 711 36 13
672 900 22 1
672 922 30 10
672 1018 53 7
672 1067 59 9
672 1096 34 14
673 885 2 2
673 951 11 12
673 1025 42 1
673 1112 9 11
673 1114 17 9
673 1155 51 1
674 844 41 15
674 939 26 15
674 989 5 5
674 1131 17 10
675 776 36 14
675 862 57 8
675 1050 45 5
675 1163 31 13
676 786 14 15
676 1025 38 8
676 1044 43 1
676 1153 28 2
676 1175 2 5
677 688 10 2
677 737 31 13
677 841 36 4
677 864 43 13
677 968 57 7
677 986 6 12
678 790 42 13
678 853 16 11
678 855 26 2
678 888 40 14
678 985 58 9
679 712 51 3
679 817 15 11
679 820 9 15
679 1100 20 6
680 997 15 9
680 1051 7 6
680 1130 3 10
681 1103 31 11
682 713 10 8
683 689 23 5
683 875 27 10
683 886 38 6
684 777 7 15
684 908 36 5
685 798 47 5
685 1038 5 14
685 1161 3 13
686 871 19 3
686 1084 19 15
687 725 27 12
687 959 18 10
687 984 1 7
687 1086 1 3
688 738 33 2
688 865 47 14
688 1100 49 2
689 832 4 7
689 851 22 14
689 914 39 15
689 945 12 13
690 748 37 3
690 764 11 10
690 854 31 6
690 909 51 7
690 943 51 13
690 993 28 2
690 1143 40 7
690 1163 50 1
691 747 30 4
691 962 52 15
691 1122 41 6
691 1158 30 6
692 716 50 9
692 730 4 6
692 747 37 5
692 760 53 1
692 766 38 4
692 1039 42 4
692 1132 51 1
693 771 24 8
693 950 38 9
693 958 23 1
693 965 59 4
693 1070 35 2
694 771 32 7
694 772 32 13
694 1088 40 9
695 893 55 4
695 1067 22 10
695 1086 55 13
696 869 29 3
696 872 45 8
697 716 30 14
697 843 16 2
697 982 10 11
697 1009 38 15
697 1037 19 2
697 1113 52 5
698 766 30 9
698 1020 31 9
698 1067 55 6
698 1163 48 5
699 775 51 4
699 1109 10 1
699 1122 9 12
699 1136 10 6
699 1169 15 6
700 826 47 2
700 1034 13 11
700 1059 34 15
701 732 56 13
701 785 28 8
701 844 48 14
701 908 41 6
701 1143 58 7
702 955 57 4
702 1005 44 4
703 776 1 9
703 871 27 13
703 1129 25 14
703 1143 38 3
704 728 37 2
704 750 45 3
704 809 14 14
705 722 25 14
705 796 23 8
705 948 44 12
705 1062 7 12
705 1087 16 10
706 715 43 12
706 718 45 1
706 742 43 10
706 872 52 13
706 879 46 13
706 1014 34 7
706 1134 42 1
707 723 16 2
707 737 50 11
707 821 23 12
707 981 10 1
707 1006 21 9
707 1032 4 12
707 1075 53 11
708 761 32 4
708 973 56 5
708 980 49 2
708 1086 43 3
708 1108 27 11
709 722 41 1
709 970 6 8
709 1079 21 15
709 1107 36 15
709 1136 23 3
710 736 56 3
710 805 3 12
710 879 12 3
710 894 20 15
710 927 22 8
710 1144 50 6
711 718 12 6
711 778 52 7
711 805 59 4
711 876 24 10
711 886 4 2
711 995 2 1
711 1054 23 15
712 751 20 2
712 897 37 12
712 899 58 9
712 1005 41 3
712 1024 6 1
712 1117 53 6
713 717 38 11
713 959 22 1
713 1011 37 9
713 1054 59 9
713 1144 27 14
714 740 41 1
714 762 31 5
714 802 59 10
714 838 31 8
714 932 21 4
714 1141 30 6
715 959 21 11
715 960 18 15
715 1132 6 2
715 1178 44 7
716 951 16 1
717 743 36 15
717 904 54 12
717 942 15 13
718 1091 37 9
719 850 58 3
719 982 49 1
719 1029 47 11
719 1110 2 9
719 1175 40 12
720 904 40 7
720 1171 46 2
721 779 36 13
721 821 31 7
721 1003 54 15
721 1096 59 4
721 1116 35 3
721 1136 35 7
722 994 47 7
722 1001 38 4
722 1047 36 8
722 1068 10 10
722 1109 17 9
722 1133 30 4
722 1158 29 5
723 1026 22 11
723 1090 8 13
723 1113 42 5
724 804 25 2
724 884 39 15
724 961 21 7
725 948 56 15
725 1045 53 10
725 1142 35 6
726 809 11 14
726 1065 6 15
726 1136 54 12
726 1139 1 1
727 995 51 11
727 1014 1 13
728 873 44 15
728 1048 46 3
729 811 48 3
729 1006 3 8
729 1111 34 15
730 799 30 1
730 828 55 9
730 997 55 9
730 1016 9 5
730 1125 51 14
731 782 6 12
731 839 27 9
731 977 56 6
731 993 54 5
731 1031 40 3
731 1043 39 4
731 1121 21 12
732 825 3 5
732 857 36 13
732 1137 31 2
732 1138 48 8
733 797 15 15
733 884 18 3
733 925 2 11
733 934 55 14
734 778 38 2
734 1086 52 4
735 840 15 2
735 873 38 4
735 1039 42 14
735 1069 40 3
736 747 37 2
736 752 27 6
736 802 10 6
736 897 10 4
736 918 19 7
736 969 48 4
736 1154 40 12
737 796 32 6
737 836 10 9
737 953 60 8
737 985 44 10
737 1040 44 1
738 841 26 7
738 845 38 4
738 901 60 9
738 915 26 6
738 1024 22 1
738 1073 33 5
738 1091 31 7
739 773 60 9
739 780 60 12
739 834 24 3
739 978 6 1
739 1017 34 2
739 1026 32 12
739 1049 4 9
740 791 43 6
740 954 35 4
740 1003 18 6
740 1149 36 13
741 850 45 3
741 1115 23 14
742 950 10 14
743 774 27 4
743 875 1 7
743 894 42 9
743 1026 55 14
743 1033 18 3
744 782 60 13
744 970 14 4
744 1154 11 8
745 769 7 7
745 989 29 3
745 1179 47 10
746 873 6 10
746 891 34 1
746 983 46 1
746 1018 44 5
746 1024 19 13
746 1109 41 9
747 935 35 13
747 1158 26 8
747 1175 60 8
748 1047 38 9
748 1103 28 1
748 1176 36 11
749 820 37 14
749 1071 59 13
749 1136 1 7
749 1174 1 6
750 825 36 2
750 872 54 7
750 913 13 15
750 1030 53 12
750 1082 47 7
750 1093 25 11
750 1160 38 6
751 1126 49 8
752 829 30 3
752 834 20 13
752 1004 44 8
752 1056 30 14
752 1060 44 8
752 1155 59 11
753 861 52 14
753 995 28 11
753 1106 38 2
754 781 19 15
754 786 16 10
755 804 53 13
755 1093 33 15
755 1147 16 2
756 1051 34 13
757 971 35 9
757 1016 27 12
757 1051 7 11
758 779 48 1
758 790 48 12
758 824 16 14
758 893 45 10
758 1020 41 13
758 1085 6 3
759 798 54 12
759 809 45 7
759 904 59 2
759 937 53 11
759 944 48 6
759 955 9 5
759 991 16 14
759 1068 42 15
760 805 40 2
760 848 9 12
760 850 24 11
760 1007 12 7
760 1019 40 13
760 1141 55 9
761 939 39 7
761 951 25 4
761 972 60 9
761 1020 10 3
761 1042 10 6
761 1055 31 1
761 1076 41 8
761 1124 49 10
762 928 31 1
762 961 2 14
763 796 59 8
763 948 56 14
763 990 39 10
763 1010 57 8
763 1062 29 12
764 802 5 6
764 885 3 12
764 970 24 2
765 940 24 12
765 956 36 3
765 1162 59 7
766 879 54 15
766 894 44 12
766 1089 4 7
766 1103 59 6
767 1129 47 2
768 927 22 1
768 953 1 12
768 1065 55 9
768 1173 19 1
769 819 18 1
769 1060 49 13
770 849 48 11
770 857 36 5
770 970 18 1
770 1066 23 7
770 1108 17 12
771 1012 34 15
771 1071 6 12
772 796 26 8
772 834 9 13
772 925 15 11
772 928 20 15
772 940 17 15
772 945 51 11
772 1034 29 1
772 1063 18 11
772 1134 45 14
773 1015 11 15
773 1090 59 10
773 1173 17 2
774 838 12 2
774 899 8 11
774 980 27 2
775 832 2 11
775 897 44 1
776 806 48 13
776 888 28 8
776 902 52 2
776 1037 6 3
776 1054 27 1
776 1062 60 2
777 891 1 4
777 910 39 6
777 970 46 15
777 1122 27 5
778 980 21 12
778 994 53 8
778 1014 5 8
778 1018 24 1
778 1075 50 8
778 1079 24 8
779 1003 28 14
779 1089 53 3
780 894 7 14
780 914 11 14
780 938 46 14
780 1121 33 13
780 1146 53 2
780 1160 49 3
781 787 60 14
781 935 6 14
781 1022 15 6
781 1085 31 13
781 1101 26 3
781 1111 52 6
781 1138 9 2
783 964 28 13
784 905 38 5
784 950 46 13
785 804 28 14
785 893 46 8
785 926 36 15
785 966 31 1
785 999 33 13
785 1174 21 9
786 850 49 3
786 1042 44 2
787 841 5 15
787 934 21 4
787 945 36 14
787 988 41 11
787 1056 6 12
787 1137 34 12
788 820 35 6
788 822 4 6
788 994 50 10
788 1124 20 9
789 915 2 8
789 975 30 15
790 969 35 3
791 800 21 9
791 819 19 4
791 919 33 9
791 960 27 12
791 1042 49 13
791 1058 41 11
792 830 11 15
792 887 59 11
792 990 13 2
793 852 21 1
793 1017 10 9
793 1022 5 2
793 1052 19 1
793 1150 31 14
794 813 48 15
794 1024 19 6
794 1070 58 10
795 862 25 13
795 918 12 15
795 928 15 6
795 959 40 14
795 1029 57 13
795 1112 30 5
796 948 1 9
796 1000 60 13
796 1024 3 7
796 1031 32 9
796 1112 51 7
797 874 21 11
797 902 54 9
797 973 52 14
798 1113 31 9
799 817 34 5
799 1025 1 9
799 1044 15 9
799 1137 37 14
800 844 3 12
800 945 30 3
800 1076 60 14
800 1105 50 8
800 1173 56 1
801 917 46 7
801 1075 57 4
801 1084 58 8
802 906 43 5
802 1144 58 9
803 848 52 11
803 1100 41 6
804 838 10 7
804 1099 16 3
804 1125 36 10
805 902 19 3
805 1033 28 7
805 1141 28 1
806 838 19 13
806 878 46 14
806 989 13 6
806 1004 11 13
807 842 8 5
807 1164 39 1
808 815 11 10
808 955 5 10
808 1058 47 7
808 1105 30 1
808 1174 41 10
809 866 37 4
809 1156 39 12
810 995 31 15
810 1047 11 14
811 1029 53 14
812 833 15 2
812 851 43 13
812 881 55 4
812 927 9 9
813 847 44 10
813 870 48 10
813 969 47 2
813 1016 39 12
814 905 14 1
814 1055 38 7
814 1069 60 6
814 1116 35 10
814 1141 16 12
815 900 58 15
815 1109 9 13
816 872 10 10
816 916 4 15
816 1047 39 11
817 1062 59 12
817 1140 27 4
818 891 37 10
818 1116 50 12
819 1013 50 1
820 847 23 1
820 969 2 10
821 899 34 10
821 968 36 15
821 1020 44 2
822 984 47 8
822 1084 29 6
822 1116 54 13
823 939 56 8
823 1015 59 9
823 1107 12 14
823 1160 26 6
823 1165 8 15
824 908 30 13
824 912 35 2
824 1023 55 6
825 846 35 3
825 927 34 8
825 956 36 2
825 1057 8 11
825 1176 41 2
826 887 41 7
826 1077 36 13
826 1109 56 10
827 934 46 10
827 1086 51 7
828 852 42 3
828 863 49 10
829 1156 3 7
830 935 37 13
830 1028 8 7
830 1052 54 12
830 1075 7 13
830 1102 34 10
830 1170 25 3
831 930 31 15
831 978 38 9
832 928 33 8
832 974 21 12
832 1012 27 6
833 861 60 1
833 976 17 3
834 886 29 5
834 1123 15 1
835 854 50 10
835 926 54 2
835 1032 55 11
835 1055 60 6
835 1080 20 14
835 1092 58 6
835 1103 44 1
835 1169 8 3
836 1041 52 4
836 1140 21 10
836 1160 57 8
837 881 40 5
837 1076 32 3
837 1178 35 2
838 858 4 10
838 990 36 13
838 991 47 15
839 888 41 14
839 914 27 8
839 956 19 1
840 1078 45 13
841 941 24 14
842 928 27 7
842 975 8 7
842 1036 35 10
842 1158 57 9
843 911 7 4
843 1136 39 9
844 898 31 13
844 924 35 3
844 965 31 7
844 1177 45 5
845 887 18 7
845 926 4 11
845 941 40 5
845 1042 29 9
845 1118 8 9
846 909 26 9
846 1030 45 1
846 1155 41 1
846 1159 38 10
847 1006 51 4
847 1076 4 12
848 972 39 13
848 986 18 5
849 952 54 1
849 1119 29 5
849 1127 44 1
850 916 50 1
850 1030 12 12
851 1036 13 15
851 1091 27 15
852 906 6 15
852 1078 13 2
853 1057 31 11
853 1088 32 4
853 1169 7 8
854 938 32 11
854 1144 50 9
855 1146 9 5
856 867 42 10
856 1009 3 6
857 1077 35 4
857 1096 46 1
858 1061 55 4
858 1145 9 8
859 945 7 11
859 964 15 9
859 1142 45 6
860 967 21 2
860 1153 57 10
861 903 43 2
861 939 10 1
861 994 32 13
861 1100 39 4
861 1164 3 13
862 911 45 5
862 1110 50 13
862 1159 60 7
862 1172 52 11
863 903 58 9
863 952 25 15
863 980 59 12
863 1078 42 7
863 1091 12 4
864 973 12 13
864 1033 6 6
866 898 12 15
866 1178 18 9
867 877 52 4
867 893 1 15
867 979 54 14
867 1013 20 7
867 1053 11 12
868 1144 56 11
870 909 47 8
870 1011 22 13
871 946 32 10
871 982 23 2
872 883 41 15
872 1037 30 14
873 885 49 13
873 889 28 15
873 1137 14 12
874 1016 24 13
874 1159 30 6
874 1160 57 14
875 904 31 6
875 1032 39 7
876 884 41 11
876 931 57 5
877 956 18 13
877 966 43 8
877 968 57 8
877 1130 38 5
877 1147 39 7
878 932 20 2
878 955 40 9
878 1102 23 1
878 1107 48 13
879 907 24 9
879 935 22 8
879 1009 45 13
879 1116 14 13
879 1147 23 3
880 1141 24 8
881 1097 56 8
881 1141 49 1
882 964 57 5
882 1020 21 2
883 950 53 13
883 951 4 11
883 974 41 10
885 929 19 6
885 991 2 12
885 1179 20 6
886 1161 19 1
887 946 39 3
887 966 57 12
887 1102 50 7
887 1169 46 9
888 1117 7 2
888 1151 37 8
889 938 26 10
889 941 33 10
889 992 47 9
890 945 58 9
890 1035 58 7
890 1092 7 10
891 937 47 4
891 943 18 5
891 1091 53 4
892 980 30 13
892 1080 26 12
892 1116 26 8
893 1044 57 15
893 1063 56 11
893 1088 26 15
893 1094 21 1
893 1163 23 2
894 1050 7 4
895 909 27 14
895 932 4 8
896 965 10 6
896 1014 58 14
896 1076 48 11
896 1144 36 8
897 912 60 13
897 942 26 11
897 1134 8 3
897 1167 53 11
898 1013 33 6
899 961 54 7
900 912 57 8
900 1165 57 11
901 903 14 13
901 1106 48 15
902 924 4 8
902 992 60 14
902 1022 33 9
902 1077 33 15
902 1174 8 10
903 916 55 14
903 925 43 10
903 971 32 15
903 984 26 1
903 985 14 4
903 1005 5 12
904 940 7 9
904 953 29 9
904 1006 21 10
904 1039 16 12
904 1056 5 5
905 1033 51 7
905 1159 60 4
906 1054 32 11
906 1114 32 1
906 1133 42 3
907 914 26 11
907 915 19 4
908 972 35 7
908 1091 37 11
909 1055 51 8
910 979 5 6
910 991 57 14
910 1014 54 6
910 1154 11 2
911 1138 28 2
912 1137 18 11
913 1026 55 15
913 1147 33 3
914 934 30 5
914 938 39 4
914 1148 43 9
914 1153 7 7
915 937 23 15
915 948 13 1
915 1012 53 12
915 1061 40 5
916 1128 43 12
917 929 18 2
917 1118 9 15
917 1131 5 2
919 946 17 13
919 971 24 5
919 1054 14 3
920 1018 54 11
920 1064 26 14
920 1079 59 11
920 1134 2 15
920 1171 25 4
921 1052 16 12
925 1037 51 2
925 1078 49 3
925 1123 58 4
925 1180 44 7
926 978 52 10
926 1155 17 5
928 956 33 5
928 1092 11 9
928 1145 36 6
929 933 29 12
930 1016 40 6
930 1138 1 11
930 1140 13 14
930 1167 50 2
930 1178 32 13
931 1120 26 4
932 940 57 14
932 1032 20 7
933 942 9 15
933 992 53 1
935 993 38 14
935 1123 6 13
936 1140 11 9
936 1160 27 1
937 1087 13 5
937 1144 42 2
938 947 59 13
939 1114 6 6
939 1156 27 14
940 984 17 14
940 1058 40 11
942 966 6 11
942 977 33 15
942 1127 11 12
942 1128 24 4
943 985 53 10
943 1035 37 3
943 1142 35 6
944 1112 23 15
946 1002 50 2
946 1119 9 9
947 1165 47 10
948 992 33 13
949 1070 3 3
950 1014 26 12
951 1067 46 2
951 1107 24 1
952 1069 14 14
952 1149 52 9
953 964 51 3
953 1081 11 2
953 1137 60 5
954 1010 31 7
954 1015 56 10
954 1090 27 9
955 1040 59 6
955 1096 27 12
956 1052 23 9
956 1110 49 2
956 1139 21 13
957 999 1 3
957 1020 26 10
958 1083 22 15
958 1139 37 1
958 1178 26 6
959 1022 35 9
959 1128 23 9
959 1147 56 9
960 987 39 4
960 1021 30 9
960 1093 16 5
961 1010 3 2
961 1136 26 7
962 1085 26 9
962 1086 54 4
964 1054 36 4
964 1106 6 7
965 1027 13 5
965 1068 23 3
966 995 38 7
966 1011 47 6
966 1019 46 6
966 1094 53 1
967 975 56 2
967 993 27 4
967 1180 48 4
968 1167 2 3
968 1169 54 2
969 990 48 14
969 1016 53 7
970 1126 29 9
971 1056 32 4
971 1150 21 3
972 981 26 14
973 1139 2 9
974 977 31 13
974 994 53 5
975 1135 28 7
976 1167 24 7
977 1003 59 15
977 1017 29 14
978 1006 42 7
979 980 33 7
979 1153 30 13
980 1017 43 1
980 1053 21 9
980 1100 15 2
981 1082 3 2
981 1172 13 12
983 1136 51 3
984 1008 46 12
984 1020 35 11
985 1001 30 7
985 1162 18 4
987 1095 4 7
988 990 41 15
988 1016 5 5
988 1125 25 3
989 994 45 12
989 1035 35 6
989 1082 15 6
989 1084 60 2
991 1007 18 2
991 1107 12 14
995 1055 44 11
996 1092 15 4
996 1111 32 3
997 1168 52 11
998 1004 48 10
998 1024 14 8
998 1058 58 4
998 1128 13 11
998 1140 40 3
998 1172 31 7
999 1132 23 10
1000 1076 57 15
1002 1076 4 7
1002 1130 30 2
1002 1158 51 9
1002 1169 40 13
1003 1071 51 9
1004 1024 53 12
1005 1050 4 10
1005 1133 59 11
1008 1049 60 8
1008 1151 23 14
1009 1017 42 2
1009 1019 1 5
1011 1169 47 1
1012 1172 22 15
1013 1064 53 8
1013 1116 1 5
1014 1069 31 13
1016 1060 22 8
1017 1089 35 10
1017 1131 45 4
1019 1022 7 14
1019 1093 59 2
1019 1122 30 3
1020 1078 2 15
1020 1092 54 1
1020 1118 14 8
1021 1075 8 5
1021 1086 57 15
1021 1151 3 15
1021 1152 21 15
1022 1063 9 15
1022 1172 42 8
1023 1027 49 10
1023 1053 27 6
1024 1070 43 9
1025 1073 53 9
1025 1149 31 10
1025 1158 19 9
1027 1053 50 8
1027 1125 40 11
1027 1159 20 7
1028 1056 35 5
1029 1133 36 2
1029 1175 43 14
1030 1092 45 7
1031 1065 40 9
1031 1169 4 1
1031 1175 7 14
1033 1043 2 14
1033 1126 17 6
1035 1037 31 5
1035 1072 32 9
1035 1094 11 12
1035 1179 16 3
1037 1039 1 11
1037 1071 37 6
1037 1082 31 3
1037 1091 8 3
1038 1043 36 15
1038 1081 34 1
1038 1082 10 1
1038 1090 34 7
1040 1173 49 11
1041 1049 1 11
1042 1054 25 6
1044 1128 3 12
1045 1100 37 3
1045 1161 4 3
1045 1165 32 5
1045 1174 27 8
1047 1104 56 14
1047 1147 45 1
1048 1139 4 12
1049 1131 47 15
1053 1122 41 11
1054 1097 16 9
1056 1059 52 10
1058 1148 28 7
1063 1121 48 9
1064 1120 5 12
1068 1089 33 9
1068 1133 32 5
1070 1146 10 7
1070 1171 5 4
1071 1149 20 5
1072 1104 59 8
1072 1112 23 2
1072 1160 27 9
1073 1076 51 12
1075 1077 51 8
1075 1082 45 11
1076 1117 20 5
1078 1147 9 6
1080 1108 43 3
1081 1113 34 13
1083 1174 32 13
1084 1148 56 7
1086 1143 56 7
1086 1145 30 6
1089 1105 43 13
1091 1094 3 15
1093 1155 30 7
1095 1096 26 6
1095 1113 30 5
1096 1172 29 10
1100 1124 58 7
1100 1180 7 3
1104 1114 26 2
1104 1176 60 13
1104 1177 24 9
1105 1111 2 5
1109 1132 54 3
1109 1146 37 6
1111 1119 55 4
1113 1178 57 9
1117 1119 1 6
1117 1166 34 14
1118 1124 14 14
1119 1125 36 10
1123 1131 13 5
1124 1169 42 10
1126 1127 48 9
1127 1130 4 15
1127 1142 33 9
1127 1162 6 4
1131 1133 31 10
1136 1144 14 2
1137 1159 60 5
1140 1168 21 12
1141 1173 51 1
1141 1176 54 10
1154 1180 57 10
1155 1167 58 8
1159 1166 57 7
1159 1168 35 1
1164 1180 36 15
1174 1180 50 4
1175 1179 46 14

0 7 31
1 11 29
2 22 36
3 36 22
4 39 12
5 44 3
6 52 17
7 53 39
8 71 35
9 79 40
10 82 33
11 91 31
12 121 8
13 128 25
14 130 47
15 134 12
16 139 23
17 148 12
18 160 50
19 201 29
20 206 43
21 207 50
22 226 40
23 244 20
24 253 43
25 258 40
26 290 29
27 327 26
28 345 48
29 365 7
30 370 35
31 375 25
32 412 22
33 417 28
34 431 20
35 433 19
36 435 32
37 451 34
38 460 30
39 468 22
40 471 34
41 477 37
42 496 33
43 502 49
44 525 11
45 534 5
46 547 42
47 550 50
48 557 15
49 585 31
50 598 44
51 600 36
52 611 19
53 614 5
54 624 34
55 633 11
56 657 12
57 662 36
58 668 29
59 680 6
60 693 31
61 700 22
62 710 48
63 719 35
64 737 6
65 751 30
66 759 35
67 762 3
68 769 9
69 776 19
70 787 11
71 794 45
72 801 13
73 805 32
74 813 43
75 820 42
76 834 46
77 842 12
78 859 29
79 864 5
80 866 36
81 889 8
82 913 1
83 915 8
84 918 40
85 926 6
86 929 36
87 941 17
88 953 29
89 956 15
90 964 9
91 968 35
92 972 28
93 978 21
94 980 2
95 987 12
96 1000 4
97 1003 15
98 1022 16
99 1026 38
100 1031 12
101 1034 37
102 1035 19
103 1037 5
104 1042 38
105 1060 36
106 1061 24
107 1063 30
108 1064 38
109 1071 50
110 1075 36
111 1096 3
112 1112 2
113 1119 11
114 1131 50
115 1140 18
116 1147 35
117 1161 5
