1519 4562 152 7

0 30 8045
1 60 16546
2 90 25521
3 120 34991
4 150 44977
5 180 55499
6 210 66582

0 2812
1 3477
2 3005
3 3354
4 2962
5 2397
6 3194
7 3315
8 3186
9 2292
10 2759
11 2936
12 2126
13 4100
14 2851
15 2792
16 2538
17 3143
18 3035
19 3805
20 2047
21 3113
22 2594
23 2884
24 2646
25 2548
26 2767
27 3327
28 3685
29 2513
30 2347
31 3065
32 2780
33 3503
34 3615
35 2105
36 2253
37 2424
38 2908
39 2933
40 2934
41 2833
42 2924
43 2001
44 2898
45 2686
46 3288
47 3655
48 2946
49 2846
50 3374
51 3719
52 3109
53 2633
54 3041
55 2831
56 2457
57 2780
58 2958
59 2811
60 2921
61 2765
62 3504
63 3369
64 3661
65 3332
66 3484
67 3210
68 2241
69 3508
70 3060
71 2056
72 2767
73 2466
74 3203
75 2930
76 2720
77 3297
78 3396
79 2457
80 2107
81 2391
82 2866
83 1908
84 2965
85 2891
86 2999
87 2513
88 2975
89 2490
90 3607
91 3488
92 3019
93 2630
94 3317
95 2452
96 2785
97 2272
98 1906
99 4035
100 2745
101 3179
102 3658
103 2358
104 3002
105 3043
106 3107
107 3377
108 2876
109 3212
110 3282
111 2935
112 2064
113 3190
114 1675
115 2502
116 2990
117 3390
118 2608
119 2406
120 3486
121 2062
122 2938
123 3020
124 3246
125 2944
126 3717
127 2231
128 4293
129 3232
130 2488
131 2572
132 2553
133 3060
134 2511
135 3408
136 3036
137 3408
138 2529
139 4094
140 2827
141 3170
142 4152
143 2566
144 3586
145 2985
146 3464
147 2818
148 3481
149 2353
150 2792
151 2482
152 2848
153 3008
154 2155
155 3811
156 2830
157 3695
158 2337
159 3496
160 3095
161 3168
162 2719
163 2667
164 2699
165 3100
166 2648
167 2564
168 2613
169 2950
170 3242
171 2256
172 2031
173 3524
174 2640
175 3567
176 2392
177 3566
178 3083
179 3004
180 2394
181 2705
182 3175
183 3496
184 2726
185 3086
186 2408
187 2249
188 3464
189 3224
190 2709
191 3182
192 2707
193 2997
194 3407
195 2239
196 2399
197 2257
198 2875
199 2556
200 2418
201 2947
202 2647
203 2973
204 3316
205 2987
206 2872
207 3394
208 3094
209 2945
210 3074
211 2809
212 2205
213 2771
214 2955
215 3677
216 1718
217 3098
218 3287
219 2841
220 2337
221 2541
222 2955
223 3111
224 2667
225 3499
226 3088
227 2839
228 3605
229 3448
230 3017
231 4029
232 2863
233 2965
234 3232
235 2597
236 2833
237 2794
238 3508
239 2531
240 3314
241 3123
242 2154
243 3265
244 2495
245 2811
246 2939
247 3253
248 1950
249 3823
250 2467
251 2850
252 2570
253 2722
254 2893
255 3416
256 1711
257 3697
258 3596
259 2519
260 2701
261 4181
262 1771
263 2640
264 2516
265 3487
266 2480
267 2407
268 3976
269 3647
270 3629
271 2956
272 3027
273 3515
274 2462
275 3248
276 3243
277 3154
278 2436
279 2239
280 2924
281 3029
282 3161
283 2859
284 2898
285 3251
286 2825
287 2944
288 3029
289 4264
290 3245
291 3440
292 3262
293 2272
294 3012
295 2307
296 2958
297 3114
298 3111
299 2869
300 3187
301 2231
302 3291
303 3297
304 2625
305 2051
306 2647
307 2197
308 3470
309 2409
310 2986
311 2600
312 2958
313 3368
314 3205
315 3256
316 2877
317 3080
318 3344
319 2999
320 2180
321 4390
322 2712
323 2470
324 2763
325 3262
326 3333
327 2649
328 3678
329 2123
330 3872
331 3224
332 3632
333 3362
334 3363
335 2604
336 3472
337 3203
338 3351
339 3335
340 3576
341 2594
342 3041
343 3010
344 3073
345 2643
346 3683
347 3644
348 2639
349 2906
350 2742
351 3195
352 3175
353 3185
354 3287
355 3289
356 3371
357 2949
358 3202
359 2510
360 2798
361 3436
362 2459
363 2603
364 2594
365 3555
366 3613
367 1466
368 2316
369 2309
370 2557
371 3084
372 3159
373 3004
374 2477
375 2854
376 3034
377 2879
378 3179
379 3885
380 2841
381 3527
382 3003
383 3385
384 3338
385 3076
386 2956
387 2994
388 2590
389 3245
390 3142
391 3246
392 2883
393 3134
394 2952
395 3406
396 2387
397 3329
398 2266
399 2946
400 3120
401 3285
402 3389
403 1466
404 3158
405 2173
406 3351
407 2867
408 4736
409 3070
410 2129
411 2955
412 3879
413 3501
414 2670
415 3187
416 3609
417 2152
418 2831
419 3920
420 3916
421 2259
422 3226
423 2792
424 2970
425 2730
426 2403
427 3606
428 2397
429 3125
430 2708
431 2861
432 2791
433 3383
434 3973
435 2943
436 1672
437 2968
438 2574
439 2632
440 2730
441 3809
442 3444
443 2400
444 2493
445 3158
446 3306
447 4583
448 2738
449 2693
450 3752
451 1935
452 2943
453 2798
454 3814
455 3070
456 3206
457 2037
458 2906
459 2833
460 3421
461 2852
462 2927
463 3060
464 3093
465 2693
466 2638
467 3256
468 2718
469 3569
470 2761
471 2491
472 2112
473 3226
474 3605
475 2976
476 3843
477 3018
478 3225
479 3220
480 3276
481 3141
482 2569
483 2088
484 2818
485 3545
486 2789
487 2813
488 3655
489 3743
490 3437
491 2831
492 3836
493 2883
494 3036
495 2383
496 2964
497 3004
498 3526
499 3035
500 3044
501 2901
502 3285
503 2265
504 2904
505 3661
506 2955
507 2662
508 2536
509 2687
510 2766
511 3205
512 3366
513 3264
514 3211
515 3258
516 2376
517 2954
518 2537
519 1944
520 1806
521 3691
522 3341
523 3359
524 2707
525 3042
526 2191
527 3260
528 3160
529 2952
530 2164
531 2891
532 3384
533 3741
534 2878
535 2928
536 3342
537 3989
538 2765
539 2911
540 3367
541 3601
542 2779
543 3092
544 3005
545 3016
546 3650
547 2294
548 3409
549 2231
550 3925
551 3046
552 2533
553 3802
554 2491
555 3474
556 2751
557 3208
558 3717
559 2845
560 2307
561 3854
562 2358
563 3816
564 2788
565 3021
566 3002
567 3051
568 2135
569 2869
570 4400
571 3181
572 3430
573 3648
574 2610
575 3254
576 2878
577 2474
578 3819
579 3079
580 3038
581 3642
582 2866
583 2736
584 2658
585 2154
586 3442
587 2540
588 3210
589 3485
590 3489
591 3200
592 3093
593 3721
594 2258
595 3899
596 2082
597 2745
598 3034
599 2628
600 2526
601 2176
602 3157
603 3388
604 3314
605 3486
606 3945
607 2827
608 2313
609 2374
610 3216
611 2752
612 2911
613 2796
614 2883
615 2184
616 3037
617 2320
618 2264
619 2877
620 3389
621 2717
622 3364
623 3791
624 2703
625 3413
626 3800
627 2678
628 3155
629 3040
630 2991
631 2935
632 3345
633 2863
634 2889
635 2021
636 3209
637 2821
638 2829
639 2915
640 3141
641 3075
642 3080
643 3222
644 2940
645 2763
646 2633
647 2882
648 3427
649 3927
650 3291
651 2909
652 3211
653 3332
654 3552
655 2798
656 3201
657 3119
658 2517
659 2514
660 1931
661 2597
662 2991
663 3818
664 3029
665 2697
666 3823
667 2537
668 3330
669 1586
670 2676
671 3637
672 2715
673 2303
674 2699
675 3767
676 3739
677 2968
678 3244
679 3226
680 3541
681 3760
682 2341
683 3581
684 2607
685 3499
686 3475
687 3370
688 2209
689 2755
690 2950
691 2791
692 3583
693 2456
694 2875
695 3454
696 3051
697 3045
698 2810
699 3451
700 3633
701 3508
702 2432
703 2974
704 3178
705 2957
706 2040
707 3416
708 3087
709 2836
710 3020
711 3194
712 2720
713 3680
714 2965
715 3069
716 3621
717 3637
718 2674
719 2927
720 3254
721 2842
722 2809
723 2601
724 2435
725 2227
726 3589
727 2316
728 3140
729 2804
730 3015
731 2657
732 3086
733 3429
734 2162
735 2502
736 2857
737 2984
738 2157
739 3284
740 2431
741 2257
742 4040
743 2857
744 3259
745 2585
746 3059
747 2901
748 2825
749 3946
750 2629
751 2980
752 2446
753 2675
754 2622
755 2744
756 3390
757 3026
758 2312
759 3371
760 2662
761 3651
762 3025
763 2302
764 2898
765 2862
766 2172
767 3296
768 2596
769 2872
770 3417
771 3513
772 2812
773 2885
774 4335
775 2753
776 2418
777 2534
778 2818
779 3571
780 2743
781 2965
782 2961
783 4198
784 1612
785 4312
786 2262
787 2987
788 3315
789 3457
790 4161
791 2948
792 2966
793 2635
794 2604
795 3168
796 3318
797 2548
798 2961
799 3497
800 2794
801 3474
802 2357
803 3639
804 2919
805 2332
806 2611
807 2834
808 3248
809 2399
810 2533
811 3405
812 2724
813 2937
814 3241
815 3405
816 2677
817 3473
818 3722
819 2512
820 3487
821 2666
822 2803
823 2992
824 3511
825 2615
826 1466
827 2564
828 3198
829 3403
830 3312
831 3961
832 3189
833 3818
834 4111
835 2787
836 3158
837 3204
838 2932
839 3521
840 2553
841 3187
842 2882
843 2539
844 2606
845 3845
846 2421
847 3310
848 2388
849 3094
850 2421
851 2299
852 2451
853 3353
854 3098
855 3153
856 2506
857 3105
858 3400
859 2310
860 2613
861 2922
862 2960
863 3572
864 2805
865 3365
866 3345
867 3373
868 2327
869 2473
870 2732
871 2639
872 4146
873 2669
874 3259
875 2695
876 3561
877 3280
878 3165
879 3234
880 3239
881 3269
882 3219
883 3378
884 3096
885 3904
886 3371
887 3343
888 1714
889 2996
890 2149
891 3710
892 2411
893 2755
894 3303
895 3376
896 1706
897 3033
898 3147
899 3016
900 2479
901 2172
902 2829
903 3203
904 2696
905 2448
906 3838
907 2935
908 3630
909 2267
910 2875
911 1694
912 2531
913 3640
914 3062
915 2742
916 4044
917 3277
918 2066
919 3641
920 3342
921 3112
922 3254
923 2264
924 2627
925 3069
926 2715
927 2650
928 1809
929 3287
930 2946
931 2319
932 2960
933 2892
934 3422
935 2674
936 2106
937 2001
938 3544
939 3066
940 3373
941 3168
942 3216
943 3478
944 3603
945 2565
946 2861
947 2142
948 2751
949 2994
950 2519
951 2867
952 2189
953 2827
954 2858
955 3049
956 3661
957 2826
958 3820
959 2774
960 2766
961 3121
962 2639
963 2366
964 2892
965 4234
966 2717
967 3455
968 2617
969 3348
970 2896
971 3477
972 3273
973 2960
974 2822
975 3302
976 2205
977 2871
978 2759
979 2783
980 1744
981 2498
982 2687
983 2829
984 3407
985 3315
986 3209
987 3100
988 3367
989 2708
990 3099
991 3244
992 3315
993 3463
994 2980
995 3762
996 3265
997 3042
998 2044
999 2635
1000 3037
1001 2643
1002 2436
1003 2992
1004 3093
1005 3354
1006 2613
1007 3600
1008 3407
1009 4096
1010 2048
1011 2918
1012 3250
1013 3215
1014 3674
1015 2536
1016 2712
1017 3061
1018 2816
1019 2764
1020 2805
1021 3548
1022 3629
1023 2868
1024 4315
1025 3376
1026 3395
1027 2763
1028 2557
1029 2310
1030 3128
1031 3518
1032 2804
1033 3005
1034 3525
1035 3166
1036 3268
1037 3291
1038 2987
1039 2383
1040 2719
1041 3176
1042 3072
1043 2351
1044 3178
1045 3264
1046 2332
1047 2525
1048 1893
1049 2052
1050 2018
1051 2953
1052 2749
1053 2460
1054 3717
1055 2812
1056 3341
1057 2724
1058 2758
1059 2836
1060 3478
1061 2871
1062 3024
1063 1642
1064 2973
1065 3225
1066 3613
1067 3478
1068 3099
1069 2268
1070 2753
1071 2804
1072 3444
1073 2911
1074 3233
1075 3349
1076 3206
1077 3089
1078 2622
1079 2376
1080 3370
1081 3677
1082 2590
1083 3567
1084 2585
1085 3225
1086 2553
1087 2733
1088 3065
1089 2933
1090 3400
1091 2532
1092 3371
1093 2343
1094 2861
1095 3357
1096 2812
1097 1630
1098 3005
1099 2968
1100 3315
1101 1662
1102 3078
1103 2954
1104 3377
1105 2623
1106 3048
1107 3093
1108 2550
1109 2720
1110 3285
1111 3634
1112 3050
1113 3851
1114 2631
1115 3449
1116 2366
1117 3863
1118 2322
1119 3351
1120 2188
1121 3044
1122 2926
1123 2378
1124 3177
1125 2457
1126 2969
1127 3120
1128 2350
1129 2947
1130 3132
1131 3876
1132 2368
1133 2983
1134 2244
1135 3524
1136 2952
1137 2530
1138 2479
1139 2481
1140 2789
1141 4118
1142 2531
1143 3008
1144 3925
1145 2841
1146 2804
1147 2005
1148 3320
1149 3150
1150 3030
1151 2774
1152 3218
1153 2782
1154 2782
1155 2895
1156 3001
1157 3463
1158 3444
1159 3740
1160 2915
1161 2880
1162 2814
1163 2954
1164 1757
1165 3557
1166 2474
1167 3213
1168 2829
1169 3991
1170 3160
1171 2780
1172 3376
1173 3374
1174 2757
1175 3491
1176 2986
1177 3367
1178 3375
1179 2084
1180 2251
1181 2386
1182 2956
1183 3332
1184 2758
1185 1992
1186 3059
1187 3219
1188 3101
1189 2828
1190 2777
1191 2224
1192 2325
1193 2553
1194 2837
1195 3165
1196 2506
1197 2773
1198 2577
1199 3249
1200 2328
1201 2963
1202 2404
1203 2830
1204 2933
1205 2075
1206 3763
1207 2920
1208 3547
1209 2708
1210 3574
1211 2922
1212 2026
1213 2146
1214 3052
1215 2763
1216 3304
1217 3006
1218 2677
1219 2183
1220 3074
1221 3118
1222 2573
1223 2920
1224 3256
1225 2552
1226 3001
1227 2589
1228 2748
1229 2709
1230 1870
1231 2375
1232 3003
1233 2958
1234 3075
1235 2996
1236 2368
1237 2496
1238 2243
1239 2069
1240 3042
1241 3047
1242 2996
1243 2771
1244 3128
1245 3124
1246 2898
1247 3225
1248 2906
1249 2355
1250 2476
1251 2350
1252 2951
1253 3052
1254 3219
1255 2813
1256 1812
1257 2314
1258 3124
1259 3086
1260 2672
1261 2809
1262 2953
1263 2553
1264 2841
1265 3590
1266 2757
1267 2774
1268 2801
1269 3577
1270 3692
1271 2886
1272 2934
1273 2954
1274 2548
1275 3852
1276 3406
1277 3241
1278 2531
1279 2759
1280 3687
1281 2548
1282 2276
1283 2874
1284 3491
1285 2172
1286 2346
1287 2856
1288 2405
1289 2965
1290 4212
1291 3818
1292 2998
1293 3233
1294 2930
1295 3281
1296 2819
1297 3326
1298 2558
1299 3148
1300 2839
1301 3225
1302 2766
1303 3268
1304 3319
1305 2850
1306 3475
1307 3051
1308 2709
1309 3130
1310 2737
1311 1871
1312 2580
1313 2353
1314 2562
1315 3319
1316 2966
1317 2846
1318 2837
1319 2742
1320 3367
1321 3654
1322 2281
1323 3552
1324 2462
1325 3526
1326 3320
1327 2348
1328 3094
1329 2089
1330 3536
1331 1757
1332 2980
1333 2831
1334 2328
1335 2626
1336 2962
1337 3122
1338 2474
1339 2481
1340 2811
1341 2001
1342 3463
1343 2374
1344 3012
1345 2781
1346 2827
1347 2337
1348 1869
1349 3142
1350 2952
1351 2554
1352 2766
1353 2631
1354 3043
1355 3024
1356 2088
1357 2992
1358 2770
1359 2040
1360 2472
1361 2875
1362 3179
1363 3361
1364 2576
1365 2773
1366 3191
1367 3145
1368 2815
1369 2231
1370 2908
1371 2525
1372 3436
1373 3273
1374 2844
1375 3758
1376 3513
1377 2410
1378 3342
1379 2869
1380 2333
1381 3458
1382 3201
1383 3372
1384 3603
1385 3301
1386 3504
1387 1833
1388 2778
1389 3860
1390 2796
1391 3054
1392 2761
1393 3337
1394 2625
1395 2357
1396 2590
1397 2690
1398 3122
1399 2677
1400 2914
1401 3172
1402 3144
1403 3114
1404 2852
1405 3187
1406 2425
1407 2830
1408 1914
1409 3664
1410 2794
1411 2549
1412 2840
1413 2884
1414 3197
1415 1961
1416 3031
1417 3343
1418 2789
1419 2598
1420 2686
1421 2672
1422 1839
1423 3238
1424 3091
1425 3045
1426 2835
1427 1725
1428 3295
1429 3098
1430 2108
1431 3672
1432 3314
1433 2570
1434 2473
1435 3022
1436 3531
1437 3670
1438 2889
1439 3002
1440 2009
1441 2621
1442 2659
1443 3323
1444 2235
1445 3008
1446 2901
1447 2368
1448 2743
1449 2715
1450 3666
1451 4130
1452 3049
1453 2855
1454 2366
1455 3373
1456 2628
1457 3376
1458 2734
1459 3231
1460 3151
1461 1950
1462 2972
1463 2024
1464 2657
1465 3394
1466 2736
1467 1728
1468 3442
1469 3377
1470 1811
1471 2050
1472 1840
1473 2507
1474 3191
1475 4524
1476 1870
1477 2913
1478 3458
1479 2023
1480 3084
1481 3033
1482 3057
1483 2516
1484 2314
1485 2729
1486 3021
1487 2789
1488 2857
1489 2975
1490 4227
1491 4238
1492 3262
1493 3074
1494 3889
1495 3328
1496 3018
1497 2666
1498 2641
1499 2711
1500 3167
1501 1742
1502 3109
1503 3558
1504 2513
1505 2525
1506 2410
1507 3146
1508 3440
1509 2864
1510 2731
1511 3038
1512 3000
1513 3273
1514 2794
1515 2335
1516 1840
1517 2502
1518 2967

0 47 54 6
0 211 32 6
0 241 30 7
0 381 36 15
0 492 7 5
0 779 44 2
0 863 19 15
0 1037 30 10
0 1193 46 7
1 102 17 4
1 165 39 11
1 211 40 15
1 355 40 3
1 381 1 10
1 779 26 7
1 863 59 15
1 1193 41 15
1 1210 19 11
2 132 22 8
2 211 46 9
2 218 43 8
2 287 58 4
2 381 57 3
2 503 36 9
2 513 7 1
2 514 57 13
2 585 39 11
2 672 52 1
2 779 15 5
2 863 3 9
2 1104 42 8
2 1108 33 7
2 1193 19 11
3 156 10 7
3 423 52 4
3 424 18 15
3 775 48 8
3 1411 26 6
4 22 4 12
4 96 58 3
4 101 20 10
4 322 33 12
4 374 20 4
4 435 33 9
4 610 10 2
4 641 21 7
4 860 25 2
4 1293 23 3
5 834 28 11
5 970 47 13
5 1335 57 9
6 271 42 7
6 841 45 4
6 1171 6 2
6 1231 43 4
7 94 46 5
7 696 15 5
7 768 44 9
7 1000 9 7
7 1048 58 14
7 1371 31 1
8 260 6 8
8 438 35 2
8 450 58 14
8 559 52 5
8 594 24 10
8 632 12 9
8 1066 29 5
8 1151 15 13
8 1320 20 10
8 1472 1 4
9 146 56 2
9 597 56 10
9 737 49 5
9 1137 37 1
9 1201 44 3
9 1411 15 14
10 191 35 12
10 515 34 13
10 711 8 4
10 732 29 5
10 740 60 11
10 849 29 2
10 879 30 14
10 881 52 14
10 1158 25 10
10 1458 1 15
11 184 14 11
11 260 4 8
11 607 13 2
11 713 30 13
11 1192 49 3
11 1380 16 5
11 1484 36 15
12 19 10 4
12 212 28 9
12 256 18 14
12 487 4 2
12 1134 41 4
12 1192 60 15
12 1326 10 4
12 1486 16 1
13 201 40 12
13 553 24 12
13 720 49 10
13 887 19 11
13 1350 37 14
14 20 5 12
14 113 38 1
14 272 20 13
14 536 53 10
14 538 1 11
14 733 27 7
14 1486 1 14
15 321 16 10
15 355 41 3
15 365 45 1
15 373 36 15
15 619 6 12
15 932 25 10
15 1186 10 12
15 1502 3 5
16 491 4 8
16 796 45 13
16 948 53 13
16 983 16 9
16 1081 30 4
16 1212 45 10
17 257 34 2
17 261 38 7
17 280 34 4
17 421 1 13
17 731 25 7
17 929 34 10
17 1191 44 5
17 1362 56 9
18 229 16 7
18 1060 10 9
18 1104 16 4
19 55 14 7
19 109 14 15
19 469 37 5
19 837 37 2
19 1087 23 2
19 1147 18 6
19 1190 49 4
20 67 22 11
20 287 54 12
20 473 13 9
20 830 46 3
20 998 2 3
20 1132 19 2
20 1206 27 6
20 1304 32 10
21 151 5 12
21 232 56 6
21 268 58 12
21 524 6 11
21 1093 29 3
22 282 30 11
22 625 55 7
22 975 38 15
22 1300 37 11
23 713 52 5
23 1268 56 13
24 221 40 1
24 413 8 1
24 415 16 10
24 426 55 5
24 1398 31 8
24 1419 30 5
25 1384 22 1
25 1484 28 10
26 220 38 10
26 448 28 11
26 859 39 3
26 1046 56 15
26 1133 3 10
26 1165 58 6
26 1451 34 5
27 42 60 1
27 400 32 13
27 461 26 9
27 1040 31 11
27 1117 23 3
28 196 46 15
28 988 30 13
28 1221 46 1
28 1252 51 7
28 1410 8 15
29 119 23 4
29 1122 29 10
30 91 36 13
30 110 5 1
30 788 24 11
30 1508 39 5
31 151 42 2
31 875 53 8
31 1280 37 14
31 1409 27 4
31 1512 28 2
32 79 51 9
32 185 47 10
32 582 51 10
32 798 52 5
32 1054 2 12
33 259 9 7
33 467 59 15
33 738 51 2
33 837 9 1
33 1037 29 2
33 1168 60 8
33 1328 41 1
34 212 57 1
34 353 3 9
34 356 53 6
34 677 11 10
34 886 55 5
34 1457 60 7
35 64 7 11
35 220 14 1
35 416 18 5
35 857 28 11
35 986 23 12
35 998 11 9
35 1137 40 4
35 1303 32 3
35 1354 18 7
35 1477 45 10
35 1500 14 1
36 47 59 15
36 179 52 8
36 276 58 13
36 1017 1 15
36 1034 17 1
36 1253 2 14
36 1331 38 2
37 120 40 7
37 910 9 3
37 960 42 6
38 43 19 11
38 107 8 3
38 410 9 5
38 944 28 13
38 1096 6 10
38 1248 23 12
38 1335 30 1
39 468 52 3
39 707 48 5
39 1264 11 8
40 187 5 6
40 722 12 5
40 852 54 12
40 891 27 12
41 230 59 1
41 244 31 8
41 526 53 9
41 789 56 6
41 1198 24 4
41 1336 7 7
41 1466 37 8
42 85 22 10
42 128 34 2
42 163 4 10
42 379 24 2
42 488 45 14
42 783 25 4
42 937 18 7
42 1185 4 8
43 312 13 9
43 793 4 1
43 1202 24 6
43 1484 38 5
43 1503 55 3
44 254 25 2
44 568 35 10
44 674 53 8
44 924 55 11
44 1337 28 4
45 700 58 10
45 819 59 11
45 1223 27 9
45 1248 6 10
45 1346 59 4
45 1423 24 5
46 554 58 3
46 706 9 6
46 1136 40 6
47 377 28 10
47 472 27 7
47 548 47 15
47 1148 53 1
48 767 38 15
48 835 10 3
48 1145 2 12
48 1146 27 2
48 1230 41 10
48 1414 24 6
49 76 48 15
49 815 4 7
49 1104 17 7
49 1132 9 4
49 1209 39 4
49 1422 13 9
49 1454 13 15
50 136 28 1
50 250 8 5
50 300 18 11
50 506 52 14
50 1359 37 14
51 89 48 7
51 218 46 14
51 454 53 6
51 806 7 12
51 1293 32 9
52 991 45 3
52 1070 28 15
52 1297 48 11
52 1401 20 10
53 144 36 13
53 166 33 15
53 169 5 13
53 485 13 2
53 509 9 4
53 767 10 7
53 798 40 4
53 869 39 3
53 896 22 6
53 1024 25 14
53 1077 34 2
53 1096 12 12
53 1395 36 11
54 95 45 15
54 171 39 1
54 462 28 7
54 482 49 14
54 623 1 13
54 793 1 3
54 800 53 12
54 945 38 3
54 1235 15 12
54 1236 55 3
55 113 32 13
55 239 9 9
55 1106 1 4
55 1426 49 10
56 294 36 4
56 365 26 2
56 671 20 4
56 938 27 9
56 1401 4 11
57 164 39 15
57 403 36 9
57 910 4 9
57 1248 3 5
57 1459 50 6
58 374 1 10
58 763 24 6
58 1197 53 6
59 347 23 9
59 570 11 13
59 1071 26 15
59 1113 31 5
60 221 7 8
60 449 9 4
60 481 17 9
60 490 46 6
60 1050 55 8
60 1285 42 2
60 1464 33 6
60 1507 55 1
61 229 46 5
61 940 43 9
61 1048 25 6
61 1131 27 5
61 1371 45 10
61 1406 12 10
61 1461 35 2
62 469 53 5
62 494 41 10
62 830 35 14
62 903 23 11
63 310 48 2
63 412 29 12
63 512 14 11
63 706 42 9
63 1449 24 4
64 307 6 6
64 499 3 14
64 546 24 7
64 621 24 9
64 631 58 10
64 646 47 10
64 784 40 3
64 1090 56 3
65 126 52 14
65 316 29 2
65 743 18 12
65 874 16 1
65 941 37 3
65 1083 27 1
65 1181 17 7
65 1412 28 4
65 1430 41 1
65 1496 50 7
66 406 23 12
66 412 21 14
66 985 15 14
67 377 58 9
67 431 52 13
67 617 10 10
67 780 37 5
67 831 46 15
67 941 12 9
67 1018 26 2
68 192 47 7
68 482 17 12
68 518 17 10
68 796 52 10
68 823 30 6
68 1131 52 4
68 1377 6 9
69 202 20 6
69 238 30 3
69 441 26 5
69 484 53 2
69 791 17 1
69 1073 16 9
69 1226 46 9
69 1236 40 9
69 1245 24 15
69 1399 57 6
70 436 37 5
70 663 23 12
70 689 22 3
71 115 16 10
71 131 50 4
71 137 60 14
71 280 33 12
71 333 36 2
71 349 9 10
71 639 38 2
71 1105 40 14
71 1517 2 12
72 350 42 12
72 1286 46 3
73 181 8 8
73 289 3 14
73 347 15 13
73 1063 60 11
73 1082 59 12
74 195 32 11
74 250 39 8
74 366 53 8
74 464 23 12
74 1073 57 1
74 1182 46 11
74 1312 34 8
74 1457 23 7
75 955 32 9
75 1121 36 14
75 1200 60 11
75 1514 12 6
76 277 13 8
76 297 60 11
76 523 10 13
76 582 31 8
76 810 33 1
76 818 28 1
76 973 41 11
76 1440 13 13
76 1446 2 8
77 91 39 5
77 157 54 11
77 342 39 10
77 674 32 14
77 1484 38 7
78 546 35 9
78 608 54 9
78 770 26 7
78 777 19 12
78 799 23 8
78 1437 57 11
78 1456 39 10
79 224 28 3
79 707 45 1
79 729 54 13
79 857 27 5
79 1223 44 11
79 1401 20 9
80 295 20 13
80 332 54 14
80 347 32 10
80 641 58 15
80 696 6 8
80 741 6 4
80 1189 1 6
81 705 11 9
82 164 11 14
82 259 6 4
82 600 24 8
82 805 34 7
82 1142 7 14
82 1398 8 9
82 1410 47 9
83 235 58 13
83 601 8 15
83 939 28 6
83 1019 39 12
83 1375 20 11
84 117 17 10
84 759 2 9
84 813 2 7
84 1420 43 11
85 495 50 15
85 653 14 14
85 807 33 5
86 87 23 4
86 329 24 14
86 513 21 3
86 643 7 1
86 801 37 1
86 887 17 15
87 438 17 5
87 446 24 12
87 570 8 2
87 1181 10 7
88 207 9 14
88 442 5 11
88 557 6 1
88 1056 38 12
88 1166 28 7
88 1273 12 6
89 201 4 14
89 208 1 1
89 663 28 14
89 1072 56 4
89 1078 49 9
90 380 42 3
90 406 5 13
90 612 44 15
90 704 48 8
90 903 21 9
90 988 12 3
91 96 25 7
91 147 31 1
91 191 34 7
91 719 40 3
91 1095 53 2
91 1322 26 10
91 1355 36 5
91 1409 33 6
91 1449 37 12
91 1463 39 4
92 402 47 12
92 513 16 7
92 810 27 13
92 1188 42 2
92 1351 14 7
93 324 17 15
93 740 57 11
93 1227 37 13
94 504 15 13
94 627 55 3
94 763 13 6
94 769 16 12
94 851 16 5
95 227 19 11
95 607 56 3
95 664 38 7
95 940 39 10
95 1055 14 7
95 1230 5 6
95 1399 38 2
95 1475 7 13
96 359 43 6
96 410 8 13
96 549 25 11
96 763 13 13
96 1064 23 1
96 1246 10 15
97 383 13 9
97 582 29 11
97 676 10 1
97 925 4 13
97 1202 31 10
97 1346 5 7
98 145 26 10
98 900 15 9
98 1110 17 14
98 1131 33 8
98 1139 43 7
99 285 39 13
99 468 45 4
99 756 29 4
99 1397 18 7
100 123 35 3
100 232 1 11
100 619 26 2
100 896 7 10
100 1069 17 4
100 1498 32 1
100 1510 50 8
101 195 26 4
101 286 4 3
101 429 10 13
101 439 42 3
101 627 9 8
101 700 33 4
101 984 59 4
101 1101 50 11
101 1318 23 11
101 1510 44 7
102 507 15 9
102 538 41 5
102 991 34 11
102 1496 4 9
103 192 1 2
103 389 25 1
103 448 35 11
103 495 51 14
103 573 41 15
103 820 18 3
104 173 6 12
104 375 17 7
104 467 36 13
104 1302 38 10
104 1364 2 1
104 1459 40 6
104 1499 6 4
105 480 46 2
105 655 33 7
105 669 8 12
105 1213 46 5
106 385 4 14
106 420 12 15
106 732 25 15
107 139 29 6
107 240 26 15
107 611 14 12
107 1054 50 12
108 376 45 6
108 426 12 12
108 509 13 7
108 891 13 1
108 894 10 15
108 1235 55 9
109 486 34 6
109 492 15 5
109 673 46 3
109 1031 16 12
109 1140 12 13
110 692 22 3
110 950 23 1
110 1457 15 14
111 116 7 15
111 180 32 7
111 384 47 10
111 423 32 1
111 1200 15 1
111 1490 40 15
111 1506 46 3
112 1087 39 7
112 1168 29 11
112 1324 45 4
112 1463 15 2
113 304 4 4
113 1104 42 8
114 243 37 8
114 338 48 10
114 791 38 9
114 920 13 6
114 931 18 9
114 1409 1 8
115 316 56 14
115 504 57 11
115 1257 28 10
116 263 5 6
116 397 3 14
116 458 27 14
116 471 44 6
116 484 56 5
116 764 29 4
116 797 58 11
117 299 8 15
117 671 58 3
117 694 8 6
117 889 37 14
117 996 33 3
117 1277 50 10
118 365 43 13
118 730 20 15
119 173 57 1
119 568 16 13
119 775 19 1
119 842 6 15
119 1248 42 14
119 1295 31 4
119 1381 36 3
120 238 36 14
120 705 51 3
120 1166 41 9
120 1203 35 3
120 1259 55 1
120 1474 26 9
121 194 38 6
121 244 59 15
121 589 38 14
121 849 41 15
121 888 6 15
121 926 52 2
121 952 39 4
121 1214 14 2
121 1442 14 3
122 165 36 15
122 327 57 13
122 646 40 5
122 688 13 10
122 929 15 13
122 1024 17 6
122 1126 30 8
122 1385 58 8
122 1472 58 4
123 167 7 9
123 226 40 13
123 1055 40 10
123 1514 4 12
124 212 40 9
124 500 24 9
124 1377 58 7
125 652 37 8
125 745 44 14
125 910 52 9
125 1084 39 15
125 1155 27 11
125 1256 54 12
127 495 58 6
127 537 21 5
127 1105 9 7
127 1251 15 6
127 1331 24 1
127 1446 3 2
128 275 16 6
128 326 39 5
128 549 53 6
128 694 46 11
128 814 42 10
128 999 57 14
128 1153 44 3
128 1205 20 14
129 963 44 10
129 1347 56 5
129 1426 46 14
130 944 40 8
131 203 7 9
131 273 35 6
131 281 46 5
131 427 32 9
131 1213 1 3
131 1275 30 13
131 1338 49 2
131 1492 50 4
132 479 51 7
132 750 30 7
132 770 2 7
132 802 13 7
132 810 11 4
132 912 54 6
132 1424 25 15
132 1468 57 12
133 144 3 10
133 370 13 9
133 1157 12 13
133 1177 13 8
133 1393 5 11
133 1464 55 15
134 332 1 4
134 399 55 8
134 434 4 6
134 778 23 10
134 816 52 9
134 846 37 8
134 874 15 2
134 924 58 4
134 926 41 6
134 1054 18 10
134 1335 52 9
135 274 14 5
135 324 5 13
135 374 51 6
135 744 3 13
135 868 42 4
135 929 11 15
135 930 13 15
135 1131 19 6
135 1137 36 15
135 1164 58 11
135 1191 8 3
135 1226 11 10
135 1348 49 15
135 1396 49 5
135 1496 27 13
136 247 27 13
136 494 8 5
136 1249 7 5
136 1426 58 11
137 317 49 11
137 546 22 13
137 570 22 2
137 880 27 2
137 1249 18 6
137 1290 3 5
137 1345 43 12
137 1487 2 8
138 660 35 6
138 1441 6 9
139 289 43 9
139 341 17 12
139 352 11 9
139 410 30 12
139 549 59 12
139 567 13 15
139 752 14 2
139 1329 6 14
139 1502 53 2
140 345 46 6
140 459 38 12
140 677 29 11
140 1001 39 6
140 1069 42 4
140 1122 39 2
140 1423 46 4
140 1453 37 10
141 262 16 9
141 397 45 1
141 556 40 1
141 722 54 3
141 788 20 11
141 824 54 6
141 842 15 4
141 1100 12 15
141 1242 2 14
141 1365 54 11
142 292 44 4
142 939 7 11
143 310 33 14
144 759 40 15
144 1030 27 12
144 1220 41 14
144 1457 29 7
145 253 19 14
145 400 35 12
145 478 3 6
145 902 16 2
145 1124 29 15
145 1263 29 12
146 299 59 5
146 633 41 14
146 1064 57 5
146 1172 60 13
147 324 33 11
147 355 56 7
147 468 43 1
147 673 17 6
147 953 49 10
147 1196 6 15
147 1377 10 12
148 166 8 5
148 1103 38 2
148 1248 38 13
149 167 22 3
149 347 16 15
149 769 31 7
149 848 7 14
149 956 18 6
149 1133 8 11
149 1198 17 9
149 1262 9 14
149 1371 13 6
150 931 23 13
150 1153 43 4
150 1365 5 2
151 498 19 1
151 547 18 12
151 809 1 12
151 1143 24 12
151 1147 53 1
151 1484 46 15
152 311 3 15
152 347 14 10
152 474 23 5
152 486 33 10
152 630 26 2
152 1055 29 7
152 1309 5 7
153 274 28 4
153 285 18 6
153 903 30 12
153 930 16 1
153 1123 28 4
154 1050 9 12
154 1089 4 12
154 1330 3 8
154 1334 24 5
154 1374 4 1
154 1453 16 10
155 641 49 8
155 663 46 7
155 702 59 5
155 996 31 13
155 1035 32 10
155 1072 20 9
155 1244 28 4
155 1278 20 3
155 1402 41 2
156 227 14 6
156 425 35 2
156 1338 59 13
156 1492 5 1
157 473 13 7
157 591 16 4
157 1349 33 12
157 1436 22 3
157 1440 33 11
158 179 38 14
158 1167 48 3
158 1192 32 12
158 1493 60 4
159 334 1 1
159 970 36 15
159 1039 29 7
159 1046 6 8
159 1349 40 10
159 1369 55 2
159 1380 46 11
159 1422 20 3
160 609 13 6
160 847 10 1
160 887 27 9
160 989 39 4
160 1026 42 3
160 1152 49 3
160 1267 7 5
160 1270 42 11
160 1459 7 10
161 445 49 2
161 1018 52 6
161 1407 41 11
162 181 17 7
162 307 22 12
162 540 3 8
162 1093 22 7
163 260 20 5
163 428 49 8
163 474 15 5
163 682 51 15
163 728 31 5
163 996 10 2
163 1014 41 12
163 1017 49 15
163 1271 30 6
163 1351 21 3
164 309 55 1
164 361 43 2
164 367 28 10
164 1058 57 8
164 1327 18 14
164 1442 24 10
164 1500 51 8
165 229 13 1
165 278 46 10
165 488 22 12
166 279 31 11
166 348 41 4
166 569 39 3
166 813 5 9
166 997 42 5
166 1464 2 2
167 368 14 8
167 577 48 15
167 1210 12 12
167 1224 40 2
167 1407 37 2
168 357 30 4
168 491 29 5
168 541 17 15
168 1000 18 3
168 1019 44 12
168 1287 20 8
169 625 35 5
169 784 58 4
169 812 23 10
169 905 21 10
169 1016 1 5
169 1254 37 8
169 1350 28 11
169 1369 36 8
170 560 37 9
170 830 41 2
170 1021 31 14
170 1234 4 8
170 1455 17 10
171 325 4 5
171 700 27 11
171 1076 22 2
171 1446 46 6
171 1455 33 15
172 174 15 12
172 590 52 12
172 985 39 8
172 1321 29 5
172 1360 28 6
172 1405 18 12
173 396 39 7
173 511 58 8
173 1259 17 8
174 1086 25 3
174 1272 58 10
174 1326 44 9
175 499 21 6
175 730 22 12
175 884 25 12
175 1250 2 15
176 493 4 13
176 728 27 7
176 754 52 12
176 791 7 4
176 1003 23 14
176 1200 14 4
176 1344 24 4
176 1371 48 5
177 341 53 7
177 462 9 11
177 1019 2 2
177 1180 5 9
177 1256 18 11
178 446 1 14
178 703 52 11
178 917 36 11
178 1254 60 8
179 412 33 15
179 972 27 9
180 207 52 4
180 461 13 14
180 537 53 7
180 641 19 9
180 882 32 9
180 899 19 12
180 915 23 9
180 1429 26 6
181 304 32 15
181 425 5 4
181 586 39 2
181 1088 35 3
181 1240 32 8
181 1329 22 12
181 1363 52 2
182 569 17 8
182 1147 4 2
182 1330 7 13
182 1341 52 11
182 1352 41 9
183 409 36 10
183 463 8 5
183 499 9 15
183 617 24 6
183 1093 43 10
183 1174 1 13
184 222 49 7
184 227 55 4
184 271 58 7
184 466 32 11
184 584 5 15
184 689 49 8
184 903 60 6
184 914 8 3
185 455 28 4
185 575 7 1
185 932 14 8
185 966 60 8
185 1158 22 1
185 1354 25 5
186 254 10 4
186 267 31 5
186 306 44 7
186 616 40 13
186 1230 44 3
187 303 60 13
187 566 27 14
187 712 60 13
187 787 16 8
187 909 39 14
187 1258 16 3
187 1318 18 14
187 1427 19 3
188 1115 35 10
189 252 30 14
189 276 44 1
189 281 14 1
189 300 9 15
189 366 51 1
189 577 46 10
189 1208 21 10
190 196 55 3
190 347 10 10
190 788 30 7
190 939 51 8
190 1210 48 7
191 196 33 3
191 197 10 12
191 423 27 11
191 427 50 8
191 486 21 15
191 973 31 7
191 975 28 11
191 1156 48 4
191 1160 27 2
191 1356 8 10
192 442 56 3
192 593 14 15
192 834 50 7
192 1153 8 1
192 1182 6 3
192 1211 39 15
193 281 2 14
193 902 12 8
193 986 50 4
193 1050 9 3
193 1057 45 6
193 1293 9 13
194 522 58 11
194 640 19 3
194 703 44 5
194 902 4 5
194 1232 5 1
194 1254 47 5
194 1483 12 3
195 300 22 1
195 362 30 14
195 838 53 4
195 911 34 12
195 975 50 2
195 1008 1 9
196 232 19 12
196 285 4 14
196 1043 29 11
196 1101 32 1
196 1139 17 14
197 254 30 11
197 338 26 4
197 659 16 2
197 895 4 3
197 1054 25 7
198 265 8 14
198 330 57 12
198 461 30 12
198 781 54 7
198 1449 60 13
199 228 29 10
199 311 36 6
199 385 51 13
199 474 6 14
199 1229 56 11
200 279 18 1
200 486 25 15
200 740 8 2
200 1263 36 5
200 1382 53 11
201 356 43 6
201 487 25 6
201 830 43 8
201 1311 31 8
202 396 24 6
202 413 10 12
202 432 60 7
202 855 4 6
202 1127 5 7
202 1482 15 10
203 274 3 4
203 432 34 1
203 504 17 5
203 662 11 6
203 729 21 10
203 1462 24 4
204 482 35 12
204 541 4 6
204 687 42 12
204 706 57 10
204 721 32 10
204 960 8 9
204 1336 24 6
205 543 50 7
205 790 51 2
205 809 59 8
205 1181 28 8
206 717 25 8
206 771 21 2
206 878 10 8
206 1078 50 12
206 1177 24 3
206 1186 36 8
207 314 58 6
207 316 17 15
207 658 53 12
207 661 60 15
207 728 29 11
207 1298 57 6
207 1383 54 1
208 216 60 14
208 460 32 12
208 635 2 11
208 1271 43 1
208 1359 27 7
209 295 53 14
209 533 45 4
209 582 11 1
209 835 5 14
209 1321 47 12
209 1359 42 5
210 424 32 13
210 522 59 9
210 579 59 12
210 709 59 12
210 904 52 13
210 1439 28 14
210 1463 16 10
212 380 58 5
212 566 42 7
212 745 53 12
212 976 29 14
212 1067 36 9
212 1478 58 10
213 694 30 10
213 774 48 3
213 1014 36 4
213 1076 40 2
213 1140 55 14
213 1393 49 7
214 744 10 11
214 1074 24 15
214 1235 17 14
214 1375 1 7
215 289 26 3
215 369 13 3
215 843 7 4
215 861 52 7
215 939 9 5
215 1119 26 15
215 1205 15 9
215 1220 15 7
215 1222 19 15
216 370 30 6
216 433 21 7
216 484 22 15
216 718 43 2
216 838 51 10
217 815 59 5
217 838 47 8
217 887 31 3
217 1014 41 7
218 337 10 9
218 787 10 15
218 952 50 13
218 966 52 13
218 1082 28 4
218 1261 11 9
218 1516 11 9
219 286 47 14
219 402 14 4
219 421 25 11
219 426 60 7
219 1117 11 1
219 1434 52 11
220 258 5 13
220 337 20 13
220 726 49 5
220 899 42 3
221 418 9 10
221 538 9 3
221 609 21 5
221 835 36 10
221 1026 13 9
221 1125 32 15
221 1242 27 3
221 1321 16 2
222 289 25 10
222 1295 19 8
222 1504 9 1
223 751 28 11
223 1330 46 7
223 1401 35 6
224 782 46 8
224 1069 47 12
224 1076 38 2
224 1446 23 10
224 1518 19 1
225 951 50 14
225 1003 35 4
226 461 55 15
226 572 40 8
226 672 59 9
226 756 58 7
226 1172 55 6
226 1356 54 11
227 688 29 9
228 255 58 11
228 326 51 1
228 794 8 12
228 945 50 8
228 1083 52 9
228 1146 49 7
228 1187 41 10
228 1248 12 5
228 1286 40 1
229 307 1 3
229 547 18 13
229 738 54 10
229 742 10 7
229 914 57 13
229 1013 3 15
229 1155 43 1
230 316 21 14
230 1004 28 12
230 1479 58 9
231 714 2 6
232 389 22 14
232 1234 42 8
233 278 10 11
233 1042 47 9
233 1253 43 9
233 1306 39 4
234 305 4 11
234 337 47 11
234 547 32 5
234 558 34 3
234 723 30 4
234 836 40 12
234 1082 16 12
234 1183 40 12
234 1234 6 7
234 1257 18 10
234 1501 1 15
235 360 50 11
235 456 58 8
235 512 59 6
235 976 31 11
235 1061 14 12
235 1179 29 5
235 1225 51 14
235 1400 15 10
236 273 10 8
236 461 7 5
236 609 20 6
236 956 39 6
236 1507 15 6
237 639 32 15
237 836 40 13
237 1173 23 13
238 748 57 15
238 1060 19 13
238 1069 29 9
239 320 7 14
239 373 44 7
239 480 30 5
239 567 34 4
239 577 1 4
239 603 28 7
239 714 45 9
239 1018 26 2
239 1363 13 10
239 1413 3 11
240 515 24 15
240 649 24 11
240 781 60 15
240 1021 57 1
240 1131 22 14
240 1292 36 6
241 366 32 1
241 441 12 11
241 740 51 7
242 461 50 7
242 471 48 4
242 522 59 8
242 794 12 9
242 892 31 5
242 1046 43 10
242 1192 60 4
243 366 7 3
243 604 3 5
243 805 11 13
243 1042 13 1
243 1099 2 9
244 503 19 12
244 871 2 6
244 1443 3 8
245 272 10 15
245 603 39 3
246 499 3 7
246 600 48 7
246 657 52 8
246 707 36 2
246 746 56 6
246 819 53 2
246 1132 3 7
247 657 36 8
247 701 34 5
247 761 50 12
247 1386 17 1
247 1421 25 13
247 1469 17 7
248 707 15 13
248 766 43 11
248 921 20 12
248 928 39 12
248 1128 41 13
248 1165 4 3
249 398 9 2
249 517 1 11
249 526 6 3
249 824 59 12
249 1300 32 8
249 1439 10 11
250 320 24 15
250 362 22 2
250 652 31 5
250 1082 46 13
250 1302 51 15
250 1513 54 15
251 530 29 15
251 1035 5 9
251 1316 29 6
252 573 52 2
252 621 43 3
252 837 13 1
252 1367 43 12
253 595 40 13
253 1022 21 4
253 1080 52 2
253 1318 53 13
253 1389 57 10
254 295 19 4
254 417 60 1
254 751 35 13
254 912 19 10
254 1101 56 13
254 1184 49 13
254 1240 35 13
255 791 9 15
255 1165 22 8
255 1395 57 7
256 449 21 15
256 457 33 14
256 982 12 2
256 1127 22 7
256 1323 2 2
257 448 51 2
257 701 5 11
257 1466 34 15
258 280 10 10
258 406 44 5
258 821 14 10
258 1052 54 5
258 1226 19 9
258 1337 53 15
259 279 19 6
259 435 51 4
259 767 28 11
259 913 29 10
259 953 19 10
259 1144 45 9
259 1497 45 6
260 465 39 6
260 737 45 5
260 860 24 14
260 957 31 7
260 1087 50 10
260 1146 5 15
260 1180 47 11
260 1328 8 5
260 1428 60 13
261 279 56 13
261 492 46 13
261 551 43 8
261 922 16 10
261 1456 51 8
262 463 41 4
262 591 18 15
262 1130 30 1
263 988 14 15
263 1067 35 6
263 1078 17 9
263 1332 47 12
263 1371 44 15
264 353 52 9
264 355 24 7
264 1000 40 8
264 1364 10 2
264 1371 52 4
265 349 7 10
265 467 41 13
265 497 52 2
265 690 34 1
265 879 32 10
265 925 40 11
265 1058 53 2
265 1370 6 2
266 448 40 3
266 1252 48 3
267 617 20 11
267 712 50 3
267 1397 50 8
268 292 35 8
268 335 41 3
268 382 1 9
268 428 21 3
268 470 3 13
268 538 56 4
268 551 44 2
268 692 43 10
268 986 8 11
268 1355 19 10
269 493 58 6
269 899 20 3
269 1073 6 1
269 1209 42 3
269 1358 37 4
270 375 38 13
270 640 24 11
270 849 20 1
270 1135 37 4
270 1196 14 11
271 897 54 10
271 1056 52 13
271 1297 60 15
271 1367 48 14
271 1498 12 5
272 292 47 1
272 713 37 6
273 565 18 8
273 1004 42 11
273 1013 54 4
273 1376 16 15
273 1465 49 12
274 534 26 7
274 787 36 14
274 920 28 4
275 335 54 10
275 365 47 1
275 1101 30 13
275 1362 54 3
275 1379 28 1
276 665 39 15
276 888 36 10
276 1382 34 6
277 496 7 4
277 515 47 1
277 747 54 1
277 915 25 6
277 938 39 1
277 1040 47 1
277 1080 57 14
277 1081 49 10
277 1265 58 5
278 624 41 9
278 670 36 5
278 768 35 14
278 978 54 11
279 702 41 15
279 878 16 10
279 1068 55 11
279 1212 60 15
279 1374 17 13
279 1449 52 4
279 1506 10 8
280 969 46 7
280 1209 53 4
280 1356 25 11
280 1446 18 3
281 626 51 13
281 667 49 10
281 828 46 9
281 940 29 11
281 1037 22 14
281 1050 14 13
281 1082 5 5
281 1240 52 4
282 373 1 13
282 944 24 4
282 1018 12 10
282 1203 59 3
282 1504 45 11
282 1511 60 2
283 928 31 3
283 1074 45 4
284 333 49 2
284 737 36 11
284 970 4 12
284 1399 15 1
285 506 21 8
285 960 41 13
285 1107 31 3
285 1192 23 4
285 1325 53 13
285 1338 32 13
286 300 56 6
286 394 1 6
286 540 25 3
286 1055 13 14
287 660 54 9
287 914 13 2
287 1134 25 14
288 472 36 6
288 757 43 12
288 895 56 13
288 1140 25 6
288 1261 37 12
288 1470 49 2
289 521 16 4
289 775 32 4
289 1106 27 2
289 1264 10 14
289 1378 41 6
289 1512 29 9
290 496 7 6
290 858 56 15
290 971 39 7
291 551 3 3
291 638 47 8
291 770 2 6
291 951 35 7
291 1273 17 1
291 1306 47 5
292 1010 39 12
293 457 21 6
293 982 3 4
293 1174 31 5
294 410 52 13
294 1250 11 2
294 1319 54 3
294 1383 14 11
294 1423 46 8
295 448 53 12
295 523 40 4
295 821 2 12
295 983 8 9
295 1090 58 15
296 428 60 12
296 436 15 3
296 743 5 1
296 1287 21 7
296 1326 28 3
297 468 14 15
297 1055 17 1
297 1174 8 6
298 618 52 5
298 913 56 2
299 456 57 6
299 491 57 5
299 677 35 13
299 697 55 9
299 777 55 8
299 1308 25 1
300 324 59 8
300 717 40 5
300 795 23 9
300 818 23 1
301 472 27 14
301 675 2 7
301 880 8 12
301 1130 14 6
301 1430 51 4
302 409 40 6
302 861 59 14
302 1198 39 14
302 1207 56 10
302 1243 42 5
302 1287 60 9
302 1378 21 1
302 1397 44 4
303 375 57 15
303 395 39 8
304 1147 12 6
305 310 44 4
305 370 13 3
305 601 21 5
305 603 55 11
305 650 22 1
305 716 16 1
305 1243 20 13
305 1352 13 2
306 694 26 4
306 1385 17 3
307 351 21 11
307 836 35 7
307 927 16 4
307 1414 27 15
308 631 28 6
308 664 7 15
308 1034 39 12
308 1191 25 11
309 429 35 6
309 1073 45 6
310 483 31 7
310 521 45 14
310 697 10 15
310 864 21 10
310 997 7 6
310 1309 4 7
311 432 33 10
311 571 2 11
311 1058 8 7
311 1110 40 12
311 1118 58 12
311 1385 43 6
312 550 30 2
312 865 59 6
312 871 57 6
312 913 50 14
312 974 54 4
313 411 34 14
313 598 29 10
313 637 47 10
313 1176 25 5
314 1134 34 1
314 1353 22 12
315 330 53 9
315 677 39 14
315 1095 35 5
315 1408 16 3
316 354 58 5
316 658 39 14
316 861 59 3
316 1045 1 10
316 1108 5 3
316 1138 4 8
316 1202 47 7
316 1292 45 4
316 1438 49 4
317 329 27 2
317 883 2 14
317 903 30 2
317 1127 42 13
317 1128 54 15
318 365 46 13
318 504 7 1
318 537 8 6
318 631 15 12
318 634 56 5
318 740 53 8
318 834 41 13
318 836 3 7
318 943 40 2
318 1126 56 14
318 1163 57 13
318 1327 53 2
318 1343 49 5
318 1455 11 4
319 632 49 1
319 765 14 3
319 950 1 2
319 1077 28 6
319 1517 4 8
320 758 51 5
320 901 18 6
320 1379 58 4
321 376 49 11
321 715 8 3
321 837 2 1
321 1054 7 14
322 525 26 12
322 606 20 7
322 985 33 3
323 385 22 3
323 481 17 15
323 674 52 2
323 874 45 9
323 1199 10 14
323 1482 29 8
324 441 57 5
324 707 21 10
324 917 41 4
324 965 19 13
324 1087 33 9
324 1330 17 5
324 1513 56 6
325 1035 36 7
325 1317 10 3
326 446 13 8
326 470 7 7
326 529 29 15
326 607 1 3
326 623 26 6
326 793 14 5
326 816 34 12
326 1036 45 9
327 461 46 9
327 602 42 8
327 988 29 2
327 1014 5 9
327 1015 41 8
327 1428 38 4
328 653 11 12
328 657 57 5
328 1432 9 13
328 1450 41 6
329 356 54 9
329 431 40 2
329 977 50 2
329 1298 35 4
330 672 48 14
330 972 39 15
330 1114 8 15
331 427 43 6
331 454 28 14
331 540 20 4
331 695 53 12
331 743 12 2
331 860 30 9
331 1280 48 6
331 1307 42 14
332 355 24 14
332 549 6 3
332 612 10 11
332 638 38 7
332 873 13 5
332 922 56 2
333 823 26 13
334 375 4 11
334 759 52 3
334 936 20 8
334 1449 3 2
335 705 20 9
335 807 39 7
335 827 52 5
335 862 13 7
335 1388 43 8
336 365 3 13
336 974 1 13
336 1352 20 5
337 375 29 12
337 479 9 4
337 535 15 8
337 609 14 4
337 700 6 15
337 894 40 3
337 1284 25 12
337 1334 21 3
338 985 31 5
339 434 58 13
339 807 28 11
339 1235 31 3
339 1312 52 11
339 1447 51 5
340 898 55 1
341 403 35 10
341 517 30 2
341 1045 22 11
341 1194 16 1
341 1214 35 4
341 1223 45 8
341 1399 9 5
342 352 17 10
342 766 6 5
342 1189 15 13
343 357 4 3
343 1376 47 5
344 570 13 3
344 615 52 4
344 820 51 1
344 1206 23 1
344 1258 1 14
345 498 44 11
345 499 5 7
345 640 19 6
345 769 3 8
345 781 32 12
345 1128 44 12
345 1183 26 2
345 1192 47 8
345 1427 27 12
346 424 22 9
346 872 33 7
346 988 55 9
347 694 8 10
348 390 58 8
348 711 18 13
348 1067 37 8
348 1488 16 14
349 1276 43 7
350 358 7 6
350 1262 25 8
350 1446 52 8
351 738 23 10
351 881 13 6
351 1251 23 1
352 887 14 10
352 1095 9 8
352 1443 36 6
352 1517 6 4
353 728 25 4
353 828 49 2
353 1107 31 7
353 1243 48 9
353 1334 8 15
353 1417 37 5
353 1425 40 9
354 878 1 13
354 892 2 3
354 934 54 13
354 1270 38 11
354 1512 58 2
355 489 19 6
355 1274 6 7
355 1339 25 5
355 1343 17 5
356 708 32 12
356 717 28 14
356 1013 24 11
357 791 27 10
357 1047 45 4
357 1432 60 13
358 382 23 9
358 517 27 7
358 554 40 4
358 708 58 5
358 891 32 14
358 917 31 15
358 922 19 14
358 954 20 13
358 970 60 9
358 1195 46 5
358 1249 27 7
358 1305 6 2
359 459 19 4
359 752 44 11
359 1023 28 1
359 1127 37 2
359 1139 9 9
360 1181 12 1
360 1286 10 3
360 1382 58 13
360 1403 6 12
361 660 43 11
361 867 10 3
361 927 33 6
361 995 29 7
361 1074 55 3
361 1251 11 1
361 1413 26 6
361 1514 38 11
362 439 27 8
362 666 3 13
362 1156 25 9
363 1007 28 9
363 1031 17 1
363 1284 40 11
363 1344 17 8
364 481 25 14
364 575 56 2
364 724 27 15
364 946 17 13
364 980 3 8
364 1116 25 10
364 1414 6 6
365 521 3 14
365 908 23 7
365 984 52 8
366 373 23 2
366 447 37 13
366 1305 46 1
366 1376 55 4
366 1458 53 2
367 392 9 1
367 714 52 13
367 920 13 12
367 1003 26 8
367 1173 6 9
367 1317 32 9
368 508 38 2
368 1202 59 10
369 874 52 12
369 1059 21 11
369 1115 9 2
370 560 2 7
370 1097 55 14
370 1299 56 6
370 1352 41 7
370 1485 54 12
371 486 7 13
371 684 44 15
371 736 58 6
371 875 52 3
371 1404 39 15
372 595 17 9
372 921 21 12
372 1091 49 2
372 1092 7 2
372 1500 22 15
373 597 50 7
374 459 49 11
374 688 50 8
374 704 1 5
374 1278 24 6
374 1516 57 8
375 1097 31 13
375 1388 50 10
376 832 28 5
376 874 17 7
376 910 27 3
376 936 42 13
376 1472 46 2
377 379 58 5
377 455 17 1
377 592 43 14
377 632 54 3
377 773 58 1
377 936 57 8
377 988 54 9
377 1039 48 13
377 1174 38 2
377 1324 30 10
378 844 33 4
378 858 17 15
378 1266 20 3
378 1381 41 7
378 1437 55 7
379 637 46 10
379 1306 3 9
380 700 20 10
380 871 30 1
382 438 13 6
382 497 54 4
382 609 32 8
382 620 7 12
382 626 54 10
382 1100 20 2
383 495 10 13
383 521 1 6
383 715 31 9
383 1136 53 11
384 1156 59 14
384 1431 9 7
385 391 22 11
385 845 32 1
385 1121 28 14
385 1431 48 1
385 1516 56 3
386 588 3 4
386 619 18 13
386 625 21 4
386 849 44 8
386 1226 15 7
386 1514 45 11
387 933 55 9
387 1030 32 9
387 1083 28 11
387 1136 21 1
387 1463 12 1
388 550 19 1
388 658 11 3
388 784 9 12
388 804 40 15
388 992 8 4
388 1041 23 13
388 1100 45 3
389 400 6 4
389 451 32 10
389 751 55 12
389 1272 9 15
389 1317 22 13
390 865 38 11
390 933 52 14
390 1180 29 4
391 492 55 5
391 549 18 14
391 599 48 5
391 708 59 5
391 917 13 2
391 1240 14 7
392 469 35 1
392 470 16 8
392 607 27 8
392 950 24 15
392 1019 23 14
392 1382 7 9
393 633 56 5
393 977 35 2
393 1265 8 8
394 400 39 4
394 410 43 7
394 465 58 14
394 777 35 3
394 921 49 12
395 1009 18 9
395 1138 32 11
395 1154 55 4
395 1416 20 10
396 619 49 3
396 636 19 1
396 1456 50 8
397 478 3 5
397 923 38 14
397 1140 50 9
397 1154 41 8
397 1163 31 2
397 1427 5 6
398 964 22 1
398 967 12 9
398 1286 43 6
399 405 3 8
399 914 52 7
399 1081 54 14
399 1313 15 9
399 1425 16 8
400 680 37 8
400 1052 58 12
400 1096 14 3
400 1219 6 5
400 1339 31 3
400 1402 38 10
400 1414 58 1
401 1110 4 4
401 1315 35 14
401 1376 40 5
401 1413 13 9
401 1497 57 11
402 768 3 6
402 772 43 3
402 1334 12 13
403 515 57 5
403 568 47 7
403 741 11 2
403 750 37 10
403 933 29 4
403 964 42 10
403 1029 41 1
403 1217 15 13
403 1270 16 15
404 449 8 6
404 522 6 2
404 678 40 5
404 1084 11 14
404 1251 37 8
405 406 32 2
405 482 33 9
405 651 53 5
406 573 19 1
406 707 46 10
406 1078 37 12
406 1291 2 9
406 1355 25 6
406 1379 22 3
407 470 53 4
407 795 37 2
407 902 48 3
407 980 58 2
407 1314 41 14
407 1329 44 4
407 1400 33 4
408 772 5 9
408 790 57 11
408 980 2 1
408 1088 40 9
408 1179 30 9
408 1235 10 14
408 1343 42 2
408 1489 1 12
409 540 25 11
409 1248 46 14
409 1330 14 6
409 1373 4 10
410 554 36 6
410 1151 52 8
411 726 36 7
411 733 45 8
411 850 50 1
411 906 16 3
411 1112 48 11
411 1168 36 8
411 1192 34 7
412 923 21 10
412 1367 23 1
412 1372 21 15
413 864 34 7
413 973 38 3
413 1035 52 7
413 1249 9 12
413 1347 57 12
413 1458 32 9
414 622 24 7
415 504 34 7
415 576 5 8
415 894 11 7
416 471 5 1
416 745 24 4
416 761 26 13
416 1015 39 13
416 1153 38 6
416 1183 12 13
416 1325 40 11
417 868 59 10
417 1209 10 15
418 533 7 12
418 930 5 7
418 1025 8 4
418 1121 25 3
418 1164 23 14
418 1466 50 8
418 1471 25 2
419 678 38 4
419 725 16 4
419 1061 20 6
419 1225 13 7
419 1329 55 13
419 1434 47 6
421 1059 7 5
422 546 21 13
422 672 19 13
422 812 11 13
422 893 40 11
422 1129 12 1
422 1212 3 7
423 502 46 2
423 583 60 11
423 1021 50 8
423 1378 9 1
424 449 12 12
424 824 14 9
424 866 14 15
424 908 11 1
424 1128 38 14
425 491 35 6
425 554 7 11
425 659 47 5
425 780 51 13
425 1158 37 2
425 1216 11 12
425 1379 7 10
426 482 34 3
426 492 24 1
426 793 56 2
426 900 44 8
426 1262 15 11
427 499 47 2
427 628 60 4
427 924 51 13
427 1325 7 11
428 449 21 12
428 797 22 2
428 1251 37 10
428 1311 11 3
429 828 5 2
429 934 53 9
429 1327 22 7
430 500 2 12
430 599 25 8
430 867 30 3
430 1056 45 10
430 1331 14 14
430 1411 55 1
431 536 13 11
431 932 5 10
431 1314 12 10
432 490 37 6
432 1117 51 10
433 510 31 6
433 593 10 15
433 930 35 9
433 938 18 4
433 1110 36 10
433 1187 25 13
433 1260 49 9
433 1441 58 11
433 1446 29 4
434 730 56 13
434 804 22 5
435 1264 4 11
435 1410 58 7
436 569 33 1
436 578 19 7
436 652 55 8
436 723 37 1
436 1012 3 11
436 1362 9 1
437 469 2 12
437 613 44 15
437 636 29 7
437 696 1 3
437 1136 13 14
438 496 44 6
438 1087 51 1
438 1249 5 9
439 816 53 6
439 867 31 11
439 1119 25 10
439 1156 16 9
439 1220 51 9
440 465 38 10
440 917 6 4
440 1061 1 13
440 1098 25 12
440 1321 11 1
440 1480 54 11
441 732 1 12
441 798 15 4
441 1026 37 10
441 1103 50 3
441 1437 6 15
442 602 20 10
442 685 23 3
442 722 33 7
442 875 8 11
442 890 32 1
442 1179 47 12
442 1200 18 1
442 1209 6 2
442 1507 45 4
443 516 30 7
443 871 12 11
443 884 52 11
443 906 11 15
443 1130 34 12
443 1297 7 3
443 1475 19 8
444 520 29 5
444 981 52 7
444 1342 5 6
444 1374 29 10
445 455 28 6
445 715 55 14
445 961 51 7
445 1057 27 10
445 1071 38 12
445 1201 47 15
445 1443 4 1
445 1475 58 6
446 733 50 12
446 1099 38 11
446 1275 29 1
447 883 32 6
447 1012 44 14
447 1141 39 1
448 619 28 1
448 1140 20 3
449 532 30 7
449 623 46 10
449 865 7 13
449 921 14 13
449 989 27 15
449 1096 25 6
449 1187 22 15
449 1386 24 3
450 816 47 3
450 1147 7 14
450 1418 12 10
450 1445 17 9
451 507 22 13
451 942 20 10
451 1212 36 5
451 1249 33 9
451 1390 29 1
451 1392 32 3
452 862 42 13
453 605 16 1
453 924 18 11
454 898 7 9
454 936 60 12
454 1095 17 2
454 1135 14 6
455 917 20 3
455 1131 44 7
455 1220 53 13
455 1503 18 2
456 576 39 13
456 665 37 5
456 686 43 11
456 745 37 4
456 777 51 4
456 782 19 14
456 882 48 9
456 1350 46 15
456 1366 21 8
457 557 18 12
457 715 1 14
457 969 35 11
457 1189 34 4
457 1195 5 8
457 1333 16 8
457 1475 57 9
458 610 49 15
458 656 5 1
458 701 57 12
458 850 25 2
458 1043 34 5
458 1058 39 3
458 1272 18 11
458 1281 10 6
459 533 29 14
459 864 34 9
459 1300 47 9
460 755 17 8
460 1209 7 15
460 1439 37 5
461 774 53 10
461 832 11 8
462 775 7 8
462 915 36 11
462 1089 48 1
462 1346 54 6
463 1056 4 9
463 1262 46 10
465 479 41 8
465 1080 15 8
465 1289 5 9
465 1418 60 3
466 865 7 1
466 950 34 4
466 956 2 12
466 1160 45 15
466 1225 59 6
466 1436 24 8
466 1505 35 15
467 870 27 4
467 931 26 5
467 1323 21 3
468 589 32 13
468 646 23 12
468 737 46 8
468 1115 38 1
468 1223 5 4
469 969 28 6
469 1361 35 6
470 657 2 6
470 718 52 4
470 826 48 13
470 938 49 1
470 1268 40 15
470 1385 20 6
471 921 39 9
471 972 55 13
471 985 14 10
471 1364 19 2
472 535 11 12
472 1207 16 11
473 693 28 14
473 754 25 4
473 786 11 10
473 823 46 6
473 1236 11 14
473 1240 23 10
473 1436 12 9
474 912 37 10
475 1002 43 1
475 1049 39 13
475 1152 31 15
475 1328 51 4
475 1422 46 2
476 1170 9 9
476 1261 14 2
477 1046 57 5
477 1075 9 11
477 1085 27 10
477 1330 20 9
477 1484 52 11
477 1499 1 3
479 701 39 5
479 805 48 2
479 1147 32 12
479 1288 36 7
479 1347 32 14
479 1514 25 1
480 1044 34 1
480 1137 7 15
481 551 56 4
481 676 19 2
481 1165 27 15
481 1227 60 10
481 1232 39 3
481 1298 48 14
481 1499 33 4
482 594 29 11
482 597 54 4
482 844 10 3
482 886 25 3
482 1123 13 12
482 1232 58 11
482 1299 33 11
482 1433 33 14
483 927 42 7
483 988 3 9
484 641 24 15
484 765 20 14
484 884 33 1
484 1026 19 15
484 1059 29 15
484 1188 11 2
484 1215 30 1
485 599 21 6
485 617 39 1
486 939 15 15
486 1072 18 9
486 1218 6 2
486 1388 37 3
486 1464 8 12
488 953 46 12
489 1098 6 10
489 1143 40 12
490 499 27 15
490 1047 38 3
491 496 13 11
491 497 7 8
491 566 10 6
491 813 12 10
491 1071 23 2
491 1435 44 3
491 1513 12 7
492 1079 9 5
492 1488 3 3
493 712 33 13
493 726 3 2
493 767 50 7
493 812 45 13
493 1393 44 13
494 890 45 1
494 939 37 4
494 960 45 14
494 978 54 1
494 1307 56 4
495 634 55 3
495 687 48 14
495 1070 4 14
496 585 30 15
496 696 6 2
496 865 59 11
496 1264 8 6
496 1270 11 10
496 1498 49 1
497 776 1 5
497 1182 31 3
497 1311 1 7
497 1378 26 11
498 582 58 12
498 877 40 5
498 1457 60 11
499 574 54 2
499 987 1 5
499 1030 36 1
500 1007 18 10
500 1206 5 5
500 1489 53 2
501 651 24 11
501 1509 17 7
502 570 35 6
502 949 44 3
502 1090 11 1
502 1446 5 7
503 671 41 4
503 1167 29 2
503 1303 47 5
504 888 15 3
504 903 49 14
504 1166 56 14
504 1460 15 5
505 821 15 10
505 1027 37 9
505 1165 22 13
506 532 14 13
506 972 8 6
506 1026 35 9
506 1227 13 5
507 572 9 13
507 1057 48 9
507 1217 24 12
507 1379 21 5
508 584 29 11
508 1192 38 6
509 700 41 10
509 726 2 13
509 817 32 7
509 974 5 15
510 533 44 2
510 625 55 15
510 1161 22 14
510 1443 6 5
510 1454 14 2
511 638 48 9
511 773 28 2
512 669 21 11
512 1235 28 5
512 1269 48 13
513 718 39 3
513 802 33 2
513 807 29 5
513 905 35 1
513 1228 22 14
514 579 19 9
514 993 13 11
514 1305 45 6
514 1374 49 12
515 684 44 3
515 826 5 8
515 984 32 5
515 1050 8 1
515 1283 3 3
516 1157 37 8
517 580 7 8
517 695 25 2
517 718 2 6
517 767 53 11
517 925 28 10
517 1169 43 4
518 576 22 5
518 742 52 13
518 1287 23 14
519 687 29 2
519 691 34 6
519 738 12 2
519 760 37 15
519 783 20 6
519 833 33 13
519 893 34 8
519 1260 49 6
519 1323 50 8
520 639 6 14
520 728 38 5
520 853 28 10
520 921 12 13
520 940 28 14
520 1155 1 12
521 812 59 9
521 1083 11 1
521 1112 50 9
521 1237 17 15
521 1388 29 11
522 638 11 13
522 693 46 2
522 934 8 6
522 964 53 7
522 976 26 5
522 1106 49 5
522 1251 12 8
522 1323 8 10
523 1262 39 7
524 966 18 3
524 1124 14 4
525 594 42 1
525 1046 27 9
525 1206 17 8
525 1359 23 13
526 658 24 8
526 1136 17 2
526 1177 45 10
527 1041 7 15
527 1308 45 15
527 1321 11 7
527 1377 57 6
528 630 39 1
528 679 39 11
528 1089 46 5
528 1333 38 3
529 829 3 2
529 1427 46 9
530 906 28 8
530 944 2 10
530 1002 22 11
530 1009 50 3
530 1100 44 1
530 1168 21 7
530 1199 29 3
530 1259 50 6
530 1403 31 4
531 574 51 11
531 823 13 12
531 883 39 7
532 759 43 3
533 990 30 3
533 1055 29 11
534 634 54 7
534 1250 18 11
534 1418 2 7
535 644 10 2
535 1444 34 1
536 642 42 11
536 940 31 11
536 1023 49 4
536 1085 25 3
537 891 19 3
537 910 7 3
537 1052 53 1
537 1064 26 14
538 1046 27 8
539 635 11 9
539 1104 8 6
539 1144 55 1
539 1336 57 11
540 580 29 6
540 832 45 11
540 960 19 5
540 1085 18 7
540 1164 16 13
540 1489 59 6
541 597 12 6
541 630 55 11
541 1321 18 13
541 1349 51 3
542 694 23 5
542 727 28 7
542 892 33 9
542 928 60 7
542 1199 38 11
542 1474 3 14
542 1499 12 12
543 947 35 14
543 1259 23 9
543 1387 10 9
543 1458 16 3
544 569 20 12
544 1177 10 11
544 1257 46 2
545 566 7 4
545 573 27 1
545 651 10 8
545 855 14 5
545 959 3 3
545 1400 14 3
545 1427 33 6
546 1046 60 4
546 1076 52 7
546 1234 45 11
547 791 9 12
547 1040 52 4
547 1116 39 5
547 1414 50 5
547 1483 28 7
547 1497 19 2
548 1216 22 15
548 1493 8 1
549 1322 24 7
549 1407 44 7
550 734 47 5
550 751 27 2
550 860 43 8
550 1165 12 10
550 1400 49 12
550 1443 40 7
550 1473 25 15
550 1514 9 4
551 573 44 3
551 1354 34 2
551 1392 49 8
552 612 14 4
552 771 48 15
552 807 7 13
552 834 34 10
552 1288 38 6
553 582 36 8
553 590 2 6
553 1017 55 8
553 1162 51 15
553 1446 19 10
554 753 12 15
554 768 17 2
554 1074 47 11
554 1244 2 1
555 580 18 15
555 1125 27 14
555 1447 19 1
556 794 23 7
556 1048 60 3
556 1224 44 7
557 1020 31 12
557 1053 59 6
557 1063 58 7
557 1261 13 6
558 1066 37 7
559 702 13 2
559 892 12 9
559 1161 28 8
560 662 5 12
560 850 50 2
560 870 10 4
560 1162 46 8
560 1268 18 3
560 1350 8 8
560 1466 46 10
561 571 27 13
561 1242 36 8
562 1130 47 10
562 1408 41 13
563 758 48 4
563 884 55 4
563 1354 7 11
564 1210 10 7
565 830 17 12
565 1141 3 14
565 1413 30 14
566 1156 41 11
566 1257 2 11
566 1297 58 15
566 1459 45 11
567 881 60 15
567 1064 23 14
567 1266 50 6
567 1466 59 2
568 794 36 15
568 994 45 5
568 1197 33 5
568 1240 20 10
568 1318 7 2
568 1370 25 7
568 1395 32 11
569 1324 31 1
569 1345 49 14
569 1428 34 14
570 593 3 11
570 748 28 11
570 1375 15 7
570 1451 18 10
570 1453 20 2
571 594 30 10
571 1103 16 2
571 1181 52 12
571 1187 43 3
572 1310 14 6
572 1390 48 12
573 906 60 1
573 940 22 5
573 980 22 11
573 1235 44 4
574 883 17 4
574 1234 1 14
574 1489 49 1
575 652 17 3
575 686 23 3
575 1039 27 3
575 1044 40 15
575 1120 24 13
576 798 35 7
576 1091 28 9
576 1169 18 10
576 1180 15 3
576 1192 25 7
576 1305 10 15
577 619 26 1
577 1304 52 7
578 724 57 14
578 743 50 11
578 1101 7 15
579 1281 18 8
579 1427 52 13
580 631 49 4
580 1020 15 10
580 1055 11 5
580 1058 52 12
581 622 60 14
581 719 15 5
581 840 9 8
581 969 5 5
581 1182 32 11
582 683 37 1
582 802 44 10
582 1288 58 12
582 1423 7 8
583 798 40 11
583 1073 54 4
583 1313 54 7
584 743 42 5
584 836 23 12
584 1248 60 8
584 1281 31 14
585 831 11 6
585 843 33 6
585 919 47 2
586 1415 59 6
586 1435 35 12
587 658 34 6
587 703 25 11
587 966 12 10
587 976 2 10
587 1082 27 1
587 1197 21 15
588 591 20 6
588 625 58 8
588 1322 22 2
588 1342 28 11
588 1510 56 1
589 612 38 3
589 841 53 1
589 970 19 2
589 1156 8 10
590 700 19 1
590 993 40 2
590 1283 7 15
591 1339 17 13
591 1430 24 1
592 1083 29 13
593 617 48 4
593 631 2 10
593 699 14 2
593 954 2 2
593 1133 5 7
593 1237 58 2
593 1291 37 5
593 1351 24 6
594 715 10 8
594 915 36 15
594 1297 7 3
595 777 26 10
595 1171 58 2
595 1442 55 14
596 671 39 13
596 732 5 14
596 799 54 12
596 1065 33 2
596 1284 45 2
597 933 46 1
597 1189 35 3
598 683 7 5
598 692 29 14
598 710 57 7
598 1233 11 15
598 1274 55 3
598 1340 27 5
599 627 39 4
599 1089 21 7
599 1242 48 8
600 1184 2 10
600 1238 7 4
600 1387 47 15
601 641 47 15
601 1147 29 2
601 1221 24 6
601 1407 4 6
601 1485 37 4
602 667 32 7
602 743 44 12
602 798 16 15
602 1072 31 1
602 1300 19 4
603 757 31 4
603 984 54 5
603 1154 19 2
603 1415 22 6
604 925 49 9
604 1350 10 14
605 790 45 10
605 1107 40 11
605 1147 38 7
605 1315 35 1
605 1358 51 5
605 1502 4 5
606 664 39 4
606 709 47 15
606 833 58 15
606 874 56 12
606 980 48 5
606 1117 11 15
606 1370 37 7
607 612 33 9
607 653 8 11
607 982 22 4
607 1043 20 8
607 1316 56 1
607 1419 15 15
607 1469 32 5
609 643 18 5
609 882 4 5
609 947 49 7
609 1027 26 3
609 1031 12 6
609 1288 9 5
610 1035 33 3
610 1315 23 12
611 647 5 3
611 880 34 13
611 917 32 5
611 977 16 14
611 1198 33 3
611 1217 51 9
611 1362 4 10
612 1266 13 14
612 1477 14 9
613 675 21 13
613 769 35 10
613 828 16 4
613 1088 1 10
613 1342 39 7
614 1036 1 2
614 1357 28 1
615 689 39 1
615 698 16 10
616 824 10 15
616 876 19 7
616 976 31 2
617 701 59 8
617 1335 36 15
617 1441 26 6
618 1207 44 7
619 749 60 13
619 900 11 14
619 1033 41 2
620 1115 39 3
620 1323 33 13
620 1399 52 4
621 857 12 15
621 1117 35 11
621 1513 12 11
622 1065 32 3
622 1207 19 9
622 1264 25 14
622 1445 23 4
623 1299 9 3
624 1185 38 15
624 1512 49 14
625 752 33 6
625 1009 26 7
625 1097 31 15
625 1115 17 4
626 643 28 6
626 692 47 1
626 697 57 4
626 857 57 2
626 932 15 13
626 943 56 15
626 1077 33 5
626 1092 18 7
626 1423 34 5
626 1470 38 14
626 1515 10 15
627 713 4 7
627 1161 47 6
627 1274 14 3
628 1062 5 2
628 1197 57 2
628 1201 27 4
628 1345 23 8
628 1518 15 7
629 694 29 7
629 746 53 13
629 1275 41 6
629 1478 26 6
630 890 38 9
630 1135 6 13
630 1272 43 14
631 964 59 11
631 1090 21 7
632 729 41 12
632 770 4 11
632 1427 43 8
633 715 40 3
633 839 41 9
634 680 11 8
634 689 9 15
634 968 44 5
634 1104 36 13
635 926 10 13
635 944 53 14
636 794 38 14
636 817 5 15
636 821 31 7
636 1380 25 4
637 1242 30 7
638 1055 7 8
638 1101 9 9
639 1243 17 15
639 1366 25 9
639 1369 42 15
639 1378 7 1
639 1419 19 5
640 784 42 2
640 926 46 2
640 933 36 9
640 1002 47 6
640 1055 23 7
640 1071 54 2
640 1268 43 11
641 687 25 1
641 1052 48 14
641 1102 31 15
641 1299 16 4
641 1423 50 3
641 1445 41 13
642 790 3 14
643 941 40 2
644 925 40 2
644 979 51 9
645 694 59 10
645 881 38 2
645 885 38 2
646 709 8 15
646 1295 51 11
647 730 24 12
647 1240 28 2
648 653 20 10
648 844 25 4
648 992 14 12
648 1125 31 6
648 1324 56 8
649 755 34 9
649 915 11 10
649 1060 33 3
649 1128 25 2
649 1288 37 1
649 1314 32 8
649 1472 38 4
650 813 43 13
650 1132 54 14
650 1312 22 11
651 1318 21 2
651 1334 38 1
652 737 14 13
652 1065 37 3
653 828 23 12
653 1265 25 5
654 666 40 10
654 716 45 9
654 730 5 6
654 1344 46 2
655 883 43 12
655 988 34 9
655 1391 37 4
655 1422 27 1
656 924 5 3
656 955 60 10
656 1065 28 7
656 1105 1 10
656 1215 49 15
656 1286 59 8
656 1447 44 7
657 728 24 15
657 1442 47 10
658 902 56 9
658 913 43 5
658 1096 26 4
658 1251 4 6
658 1518 59 9
659 836 31 1
659 946 33 4
659 1171 42 11
659 1237 13 1
659 1302 50 11
659 1308 47 4
659 1495 20 5
660 818 4 2
660 1075 15 2
660 1264 38 9
661 726 58 7
661 1129 25 8
661 1228 19 13
661 1237 35 13
661 1414 14 5
662 1354 54 11
662 1493 25 13
663 671 41 3
663 842 26 8
664 1109 48 13
664 1448 59 2
665 1303 29 13
666 1451 40 2
667 899 47 12
667 987 49 4
667 1224 12 8
668 817 22 6
670 791 2 3
671 995 13 12
671 1053 41 10
671 1093 18 4
671 1264 57 14
672 1322 2 6
673 1114 49 12
673 1195 22 14
673 1300 37 14
673 1430 9 2
673 1497 56 10
674 1171 30 10
674 1514 5 7
675 731 23 1
675 1002 26 15
675 1350 50 12
675 1472 23 15
676 1006 21 14
676 1156 15 2
676 1165 23 5
677 876 4 2
677 1065 12 6
677 1080 46 2
677 1115 23 10
677 1444 38 1
678 1074 11 8
678 1175 52 15
678 1450 21 15
678 1492 17 3
679 759 10 11
679 835 24 12
679 874 12 3
679 972 43 5
679 1230 16 8
679 1369 54 10
679 1461 35 6
679 1483 50 5
679 1507 25 8
680 751 23 10
680 756 33 4
680 794 57 3
680 1050 20 9
680 1271 13 7
680 1408 10 5
680 1498 7 14
681 1057 32 1
682 692 47 8
682 844 20 15
682 1057 15 1
682 1386 3 4
682 1423 23 12
683 970 5 10
683 1182 52 15
684 819 12 4
684 1080 54 5
684 1418 48 7
684 1444 45 11
685 1223 3 14
685 1245 10 10
685 1343 9 3
686 1315 60 14
686 1341 23 14
686 1384 6 9
686 1508 8 15
687 1044 52 6
687 1518 2 4
688 960 8 11
688 1167 35 15
689 895 20 4
689 1140 8 4
689 1294 57 12
689 1436 8 2
690 941 45 8
690 1254 18 12
690 1358 29 15
691 993 22 1
691 1104 11 4
691 1185 3 2
691 1376 48 8
691 1424 26 13
691 1492 2 15
691 1498 58 12
692 1047 13 15
692 1086 32 13
692 1384 32 7
693 948 49 5
693 1231 55 11
693 1269 47 11
694 877 24 12
694 1057 26 2
694 1065 54 3
694 1375 40 12
696 868 57 7
696 1287 57 15
697 896 57 14
697 1283 23 14
698 738 28 13
698 800 39 1
698 1215 27 6
698 1355 47 1
699 1144 42 4
699 1153 23 2
699 1400 59 15
699 1438 31 6
700 809 10 4
700 849 8 14
700 1264 10 2
701 721 31 1
701 929 43 5
701 1110 24 4
701 1515 28 8
702 744 26 1
702 1050 34 1
702 1081 58 10
704 751 12 5
704 828 33 12
704 885 50 12
704 1153 44 3
704 1245 29 7
705 833 33 4
705 949 29 8
705 1258 27 4
706 1226 36 4
706 1493 39 12
706 1509 6 8
707 1178 18 7
707 1513 18 15
708 748 40 6
708 832 28 9
708 1228 58 14
710 840 50 7
710 1072 16 4
711 856 60 13
711 1358 30 2
711 1362 27 5
712 1494 19 9
713 716 50 1
713 729 22 8
713 754 33 11
713 782 44 14
713 1187 24 15
713 1214 25 15
714 783 36 12
714 840 3 2
714 973 5 2
715 772 31 8
716 787 25 13
716 836 26 8
716 1046 55 5
716 1163 18 15
717 1085 42 10
717 1272 45 6
717 1401 16 9
718 818 27 2
718 875 55 9
718 1269 2 12
719 1110 11 11
721 859 7 6
722 1345 19 6
722 1367 7 1
723 1324 38 3
723 1457 52 8
724 1142 5 10
724 1353 34 15
725 1147 56 15
725 1446 15 13
726 782 29 5
726 1013 11 15
727 925 50 13
727 1484 47 10
728 1181 56 15
728 1413 59 4
728 1440 42 12
729 911 5 12
729 1360 3 15
729 1483 10 4
730 816 51 4
730 924 42 1
730 1086 17 6
730 1127 50 10
730 1294 50 10
731 938 57 1
731 942 45 1
731 1050 1 4
731 1105 7 3
731 1302 54 11
732 1099 18 7
732 1317 2 13
733 885 27 13
733 1046 11 14
733 1180 37 4
734 767 16 4
734 927 25 13
734 1119 41 6
734 1395 32 6
735 1240 35 14
735 1311 4 1
736 1066 14 5
736 1355 18 14
737 1060 10 7
737 1176 57 1
737 1479 36 10
738 755 6 7
738 859 38 5
738 883 26 13
738 1162 22 8
739 902 34 11
739 917 32 15
740 791 20 15
740 803 52 5
740 1077 17 6
740 1194 50 2
740 1219 27 11
740 1289 53 6
741 784 8 12
741 933 11 11
741 1098 14 4
741 1332 42 12
742 980 25 1
742 981 1 4
742 1036 58 3
742 1129 47 12
742 1140 15 8
742 1163 8 15
742 1470 11 9
743 983 40 8
743 1256 55 2
743 1426 21 10
744 1220 2 1
745 1102 14 6
746 1445 24 14
746 1495 33 8
747 809 11 11
747 843 2 1
747 911 45 12
747 986 19 15
747 1333 36 6
748 804 22 9
748 1254 28 14
748 1280 6 2
748 1397 29 6
749 813 32 14
749 948 43 11
749 1021 60 9
749 1113 59 15
750 1328 29 4
750 1350 30 3
750 1387 12 12
751 1071 16 6
751 1122 49 4
751 1155 15 9
752 862 51 12
752 1223 5 15
752 1230 43 6
752 1466 48 15
753 828 5 5
753 1250 25 12
753 1262 29 5
754 1148 54 3
754 1223 26 15
755 785 38 15
757 786 54 5
757 1015 41 2
757 1081 29 2
758 850 14 15
758 924 52 11
758 1120 24 13
758 1318 41 1
760 828 51 12
760 1454 38 10
760 1486 43 5
760 1488 24 15
761 913 46 11
762 812 58 8
762 984 3 7
762 1212 37 4
763 1518 24 11
764 1210 6 5
764 1460 22 2
765 1208 52 1
765 1257 55 2
766 808 54 10
766 830 15 10
766 854 24 5
766 862 5 13
766 1152 13 4
766 1302 40 5
767 806 49 9
767 1006 35 1
768 911 8 15
768 1021 33 13
768 1486 43 1
770 778 36 2
770 988 50 3
770 1168 12 3
770 1208 31 13
770 1298 56 7
770 1449 22 3
771 990 55 15
771 1401 34 3
772 894 13 12
772 976 13 15
772 1401 15 4
773 1441 10 6
774 811 5 3
774 1056 26 11
775 929 39 1
775 1039 53 12
775 1266 6 4
775 1268 59 12
775 1273 57 14
776 924 17 6
776 934 48 2
776 1112 47 7
776 1469 29 9
777 821 23 8
777 976 4 3
777 1031 7 15
777 1048 56 1
777 1148 17 3
777 1511 2 3
778 831 24 5
778 952 2 2
778 1303 16 1
780 795 60 14
780 885 30 13
780 920 19 14
780 996 41 8
780 1159 6 15
780 1442 24 2
780 1501 29 5
781 936 31 12
782 936 5 1
782 1242 20 14
783 1108 43 15
783 1450 1 5
785 993 33 12
785 1136 14 7
785 1273 52 2
785 1350 27 11
785 1517 49 4
786 852 42 7
787 854 51 15
787 896 47 8
787 952 53 7
787 1025 17 4
787 1415 50 1
787 1435 35 6
788 1061 5 7
788 1340 40 14
789 835 54 12
789 1053 13 10
789 1116 48 3
789 1124 1 13
790 1168 11 1
790 1453 20 13
791 848 51 8
791 1130 32 12
791 1215 25 6
791 1491 33 15
792 984 7 15
793 1224 16 14
794 1048 12 10
794 1079 57 10
795 866 34 9
795 952 22 4
795 960 37 7
796 908 58 1
796 1152 36 6
797 898 20 14
797 990 2 10
797 1230 52 5
798 951 38 9
798 1314 47 5
798 1318 2 11
799 1035 3 4
799 1467 7 9
800 969 4 2
800 1000 33 10
800 1130 14 5
800 1372 29 3
801 913 41 4
801 919 8 3
801 981 13 4
801 1029 59 5
801 1265 31 3
801 1440 27 4
802 821 20 14
802 869 20 9
802 1098 8 12
802 1134 40 1
803 873 37 8
803 882 50 4
803 1052 26 14
803 1340 58 14
804 937 18 15
804 957 25 2
804 1047 29 15
804 1142 6 15
804 1209 29 10
806 881 32 13
806 1094 26 4
806 1291 30 8
806 1310 33 9
807 1159 43 2
808 821 46 11
808 1078 52 4
808 1103 19 9
808 1282 58 11
809 1326 14 11
809 1413 55 6
809 1449 54 14
810 1145 41 5
810 1249 55 12
810 1366 33 7
810 1390 1 11
811 849 46 3
811 972 30 8
811 1142 42 13
811 1261 54 12
812 868 8 5
812 1022 54 10
812 1455 7 4
813 1049 56 2
813 1096 1 11
813 1385 39 5
813 1429 33 7
814 842 46 1
815 933 1 14
815 1399 43 13
815 1504 6 4
816 858 54 2
816 970 21 6
816 1041 55 7
816 1140 13 14
816 1208 31 7
816 1498 22 9
817 1332 41 13
817 1376 4 11
818 1325 26 5
820 875 15 15
820 1294 42 12
821 988 22 6
821 990 40 4
821 1049 49 12
821 1235 55 10
821 1258 41 10
821 1358 11 5
822 824 31 13
822 1106 32 2
822 1286 42 3
823 905 46 9
823 1183 30 11
823 1434 35 10
824 1365 59 14
824 1491 33 3
824 1503 52 15
825 933 20 11
825 996 38 4
825 1137 46 15
826 848 36 13
826 880 46 3
826 975 33 11
826 1163 43 11
827 1299 3 5
828 869 48 7
828 1043 45 11
829 955 2 3
829 1226 32 3
829 1491 56 6
830 834 48 11
830 984 37 11
830 1130 41 10
830 1406 10 10
831 1010 5 10
831 1207 17 6
831 1448 60 15
832 1108 45 3
832 1204 17 3
833 1142 20 11
833 1393 45 4
833 1419 18 12
834 1222 26 6
834 1490 60 11
835 958 15 15
835 1187 23 6
835 1478 20 15
836 1296 5 7
836 1368 19 4
837 930 54 9
837 958 5 12
837 1168 57 13
837 1462 27 7
838 1257 25 4
838 1288 1 9
839 1051 46 12
839 1303 22 7
840 1297 28 9
841 1177 2 11
842 883 50 5
842 922 20 1
842 1072 27 6
842 1267 58 7
842 1305 2 13
843 1242 5 2
844 920 37 4
844 1184 11 6
844 1430 32 12
845 1406 46 4
845 1501 10 2
845 1507 12 8
846 902 60 11
846 1134 12 8
846 1345 59 1
846 1396 36 1
846 1450 6 13
846 1500 48 11
847 853 53 10
847 1281 2 11
847 1359 19 9
848 1090 42 7
848 1110 4 2
848 1247 47 7
849 867 42 4
849 1416 50 1
850 971 4 3
850 1225 22 2
850 1471 18 8
851 895 8 8
851 926 41 11
851 998 59 3
851 1008 42 15
851 1219 26 8
851 1432 50 8
852 1157 32 2
852 1210 21 12
852 1354 49 6
852 1449 48 6
853 958 28 10
853 1254 8 13
853 1337 20 14
854 995 48 7
854 1486 42 2
855 1258 3 5
855 1295 42 12
855 1301 12 6
855 1421 30 2
856 950 32 10
856 1112 16 14
856 1355 27 14
857 1349 17 10
857 1494 11 12
858 1258 44 12
858 1330 40 7
858 1413 37 5
859 877 43 5
859 1123 34 15
860 1424 19 1
860 1441 56 10
860 1476 52 4
861 1090 4 8
861 1409 46 10
862 1083 6 14
862 1197 25 14
862 1424 44 14
864 905 38 8
864 1007 38 10
864 1091 6 11
865 1161 24 1
865 1242 50 1
865 1514 24 14
866 948 39 3
866 1204 2 8
866 1492 53 10
866 1518 32 6
868 1390 8 5
869 1024 22 12
869 1375 58 13
870 880 22 15
870 998 46 6
870 1045 15 1
870 1457 44 11
871 1097 35 10
871 1145 31 6
871 1313 59 1
872 891 18 13
872 906 60 13
872 997 34 4
872 1243 42 8
872 1393 52 14
872 1399 33 7
873 1115 22 4
873 1116 34 15
873 1189 52 2
873 1510 39 5
874 1103 1 2
874 1414 7 11
875 1022 2 12
875 1099 17 2
876 908 46 7
876 1515 32 14
877 943 16 10
877 1289 37 8
878 1027 58 8
878 1038 20 12
878 1312 51 15
879 1153 55 13
879 1246 23 3
881 1100 1 7
881 1470 26 12
882 1074 35 15
882 1119 5 10
882 1295 28 13
883 1154 44 3
884 944 39 6
884 1110 20 13
884 1261 46 15
884 1426 35 12
884 1445 41 8
885 953 60 5
885 1044 29 3
885 1309 32 8
886 910 1 15
887 929 40 12
887 1039 59 15
887 1077 13 1
887 1096 43 7
887 1178 57 2
887 1496 50 1
888 1046 26 5
888 1248 42 13
889 1042 23 4
889 1115 19 9
889 1223 23 15
889 1349 39 2
889 1424 28 6
890 916 24 3
890 1383 26 7
890 1457 27 9
891 1056 56 9
891 1072 2 10
891 1075 57 4
891 1116 14 2
891 1176 42 2
891 1285 33 6
891 1422 44 10
892 911 12 3
892 920 31 2
892 992 23 15
892 1051 12 13
892 1092 53 5
892 1116 54 4
892 1419 46 11
893 953 45 1
893 1424 26 5
894 1453 26 5
895 1198 57 2
896 1511 55 1
897 925 54 7
897 932 37 13
898 1013 27 12
899 910 6 12
899 1387 59 14
900 1092 45 4
900 1148 3 14
900 1363 43 3
900 1487 56 3
901 939 4 11
901 959 34 11
901 1120 1 5
901 1319 13 6
901 1478 60 9
902 1340 15 4
902 1399 28 6
902 1492 48 2
903 1084 59 9
903 1459 27 6
904 1034 16 7
905 924 57 11
905 1389 48 7
906 1100 55 11
906 1197 1 15
907 916 6 11
907 1479 30 1
909 1023 10 1
909 1038 34 14
909 1094 42 5
909 1365 1 8
910 1090 54 11
910 1401 46 13
910 1471 16 6
911 1080 32 9
912 1277 42 8
912 1361 3 14
912 1385 2 15
913 1337 34 6
914 1100 15 12
914 1398 7 15
915 1339 14 6
915 1438 27 12
915 1451 60 8
916 967 2 4
916 1062 58 6
916 1063 31 5
916 1133 48 6
916 1326 40 15
916 1350 41 14
916 1501 12 7
917 1438 60 1
918 938 17 6
918 1156 9 13
918 1284 28 14
919 1177 38 4
920 1040 43 7
920 1293 59 2
920 1350 60 14
921 982 48 8
921 1318 15 5
921 1469 51 13
921 1515 38 3
922 1325 55 8
923 1055 3 12
924 1345 13 3
924 1493 43 3
925 1068 46 8
925 1374 54 8
925 1491 43 8
926 1111 10 13
926 1134 50 6
926 1440 44 4
927 1273 58 14
928 994 16 2
928 1039 36 15
929 987 26 5
929 1276 5 7
931 1230 26 14
931 1364 49 15
931 1406 55 13
932 1077 32 4
932 1191 40 12
932 1320 48 11
933 936 36 2
933 1064 4 6
933 1301 49 12
933 1404 43 7
934 966 59 11
934 1081 44 13
934 1177 5 6
934 1422 60 1
934 1439 9 2
935 973 22 1
935 1001 59 11
935 1139 42 6
935 1199 7 14
935 1499 47 14
936 1034 32 14
936 1042 11 2
936 1452 43 3
937 955 26 7
937 1051 37 6
937 1076 30 9
937 1285 31 10
938 973 47 9
938 1324 41 3
938 1480 52 6
939 1076 8 5
939 1168 25 4
940 1237 40 8
940 1356 50 2
940 1442 49 13
941 1064 54 13
941 1269 26 14
941 1312 46 8
941 1374 25 13
943 983 15 2
944 1278 4 5
944 1442 56 6
945 1176 10 14
945 1290 38 6
946 1182 7 15
946 1480 18 2
947 1060 23 12
948 1061 28 13
948 1254 2 7
948 1403 8 7
950 951 45 5
950 1055 14 1
950 1305 38 7
950 1451 38 1
951 1105 30 4
951 1428 32 14
951 1493 10 12
952 1015 21 14
952 1412 19 2
953 1407 13 15
953 1501 15 14
954 1014 3 3
955 1391 60 13
956 1152 23 2
956 1224 27 8
956 1244 46 9
957 958 51 7
957 980 22 1
957 1023 53 13
957 1078 7 13
957 1272 27 5
958 1402 10 12
959 1030 3 5
959 1406 47 7
960 1087 33 4
960 1416 14 7
961 1292 50 9
962 1131 60 14
962 1135 7 12
962 1319 27 15
962 1362 58 14
963 983 9 2
963 1392 2 8
963 1469 39 2
964 1391 48 12
964 1400 2 9
964 1500 58 3
965 1453 2 12
966 976 27 13
966 1317 60 10
966 1425 28 7
966 1448 60 11
967 1005 50 6
967 1179 51 15
967 1350 49 11
967 1444 13 5
968 1228 36 14
969 1077 51 11
969 1172 32 11
969 1199 16 15
969 1221 29 5
969 1448 37 6
970 1078 55 6
970 1330 22 15
971 1383 6 6
972 1221 2 13
973 1515 14 1
974 1160 37 4
974 1342 14 15
975 1267 49 8
975 1324 55 4
976 1485 21 4
978 1253 22 4
978 1395 1 8
979 1389 32 14
979 1418 55 10
980 1098 26 14
980 1108 59 7
980 1118 13 8
980 1286 21 6
980 1360 26 4
981 1129 23 14
981 1149 14 14
981 1335 4 11
983 1180 38 14
983 1357 5 8
983 1483 24 2
984 1140 39 1
985 1102 60 15
985 1136 1 6
985 1362 28 11
985 1381 7 3
986 1260 42 13
986 1442 18 7
987 1259 58 11
987 1266 8 5
987 1317 36 1
988 1235 55 13
988 1340 8 8
988 1450 47 12
989 1285 32 2
989 1429 40 13
990 1107 19 14
990 1251 34 13
990 1362 17 7
992 1167 59 4
995 1011 28 9
995 1223 7 11
995 1463 12 4
995 1485 52 10
997 1103 6 12
998 1077 15 15
999 1426 7 14
1000 1108 27 5
1000 1177 2 10
1000 1398 58 13
1001 1078 4 15
1001 1118 25 10
1002 1224 25 5
1002 1264 41 2
1002 1273 40 9
1002 1354 10 11
1003 1109 58 12
1003 1176 51 13
1004 1447 35 15
1005 1135 29 9
1005 1195 27 9
1005 1228 34 8
1006 1019 47 1
1006 1489 46 2
1007 1082 34 7
1007 1206 5 1
1009 1056 14 15
1009 1097 31 1
1009 1358 56 12
1011 1053 39 3
1012 1516 14 2
1013 1492 32 1
1014 1402 7 1
1014 1454 47 2
1015 1223 50 7
1015 1344 51 8
1016 1199 50 5
1016 1380 11 9
1017 1345 48 9
1018 1403 6 6
1019 1371 23 1
1019 1480 41 5
1020 1419 36 2
1021 1459 54 14
1022 1378 11 6
1023 1257 54 7
1024 1479 4 15
1026 1103 47 1
1026 1423 38 8
1027 1030 57 6
1027 1156 22 3
1027 1257 52 15
1027 1276 24 8
1028 1096 30 8
1028 1097 47 10
1030 1318 56 2
1030 1443 37 15
1032 1063 9 11
1032 1371 3 5
1033 1267 60 15
1033 1314 13 13
1033 1394 9 10
1034 1100 46 14
1034 1186 48 6
1034 1301 45 4
1034 1377 17 1
1035 1070 51 6
1035 1470 42 1
1037 1432 54 1
1038 1342 44 5
1039 1234 3 6
1040 1065 60 2
1040 1230 21 3
1040 1255 37 10
1042 1181 44 6
1042 1311 11 11
1042 1514 25 4
1043 1499 39 12
1044 1190 59 3
1044 1304 27 2
1045 1133 10 15
1045 1360 40 15
1045 1365 5 3
1045 1502 45 6
1046 1175 16 9
1046 1250 31 8
1047 1110 53 10
1049 1059 12 7
1049 1069 52 14
1050 1082 6 10
1050 1087 34 14
1050 1103 20 10
1050 1253 42 5
1051 1315 45 3
1052 1089 26 4
1052 1090 9 4
1054 1138 47 2
1054 1174 55 5
1054 1509 49 13
1056 1307 30 1
1057 1385 14 6
1057 1517 31 13
1058 1293 14 11
1059 1149 9 9
1059 1150 28 6
1060 1283 40 10
1061 1301 6 6
1061 1383 25 4
1061 1445 30 2
1062 1155 4 2
1062 1257 16 5
1063 1182 36 3
1063 1240 51 4
1064 1357 26 7
1064 1512 23 3
1065 1077 20 3
1066 1086 32 4
1066 1220 41 9
1066 1427 31 8
1066 1440 54 9
1068 1228 48 9
1068 1300 60 7
1068 1497 10 11
1069 1150 28 14
1070 1440 17 12
1070 1481 55 1
1071 1097 26 10
1071 1329 6 10
1071 1353 51 14
1072 1113 51 1
1072 1251 15 3
1072 1429 37 9
1073 1256 49 8
1073 1386 19 2
1074 1360 24 15
1075 1426 36 15
1075 1475 38 7
1075 1503 37 3
1076 1174 40 6
1077 1138 19 12
1078 1089 27 9
1079 1348 19 6
1080 1085 37 10
1080 1139 59 1
1080 1515 7 1
1081 1093 50 8
1081 1291 38 1
1081 1421 49 3
1081 1461 55 13
1082 1439 34 9
1083 1172 26 4
1085 1279 60 13
1085 1367 3 14
1085 1402 55 10
1086 1138 55 4
1087 1262 49 3
1087 1489 14 3
1087 1498 9 2
1088 1112 52 2
1088 1359 26 13
1088 1371 27 3
1089 1107 48 3
1090 1305 38 8
1090 1378 21 11
1090 1453 16 3
1090 1494 50 11
1091 1117 60 4
1091 1145 14 11
1091 1291 43 15
1091 1477 48 10
1092 1482 24 7
1094 1095 35 13
1094 1293 7 8
1094 1345 29 4
1094 1496 4 10
1095 1121 35 1
1095 1389 42 10
1096 1205 26 14
1096 1245 8 1
1096 1488 41 4
1098 1256 36 8
1098 1302 52 6
1098 1475 18 8
1099 1447 2 3
1100 1104 31 12
1100 1204 18 15
1100 1267 11 10
1101 1381 54 10
1101 1386 51 4
1101 1456 2 11
1102 1181 17 11
1102 1182 53 10
1102 1217 11 3
1103 1114 56 6
1104 1466 22 15
1104 1516 42 15
1105 1305 42 10
1105 1502 54 15
1106 1164 56 14
1107 1168 44 4
1107 1382 5 13
1108 1154 13 6
1108 1349 36 1
1108 1490 16 5
1109 1219 14 6
1110 1150 1 5
1110 1485 2 13
1111 1362 60 8
1112 1269 1 15
1114 1464 35 7
1115 1160 11 8
1115 1304 40 12
1115 1419 36 13
1116 1324 45 10
1119 1205 13 3
1119 1311 31 11
1120 1319 10 3
1120 1457 53 3
1120 1458 22 2
1121 1406 51 8
1121 1436 39 10
1122 1276 19 14
1123 1194 14 2
1123 1209 53 13
1123 1232 43 5
1123 1283 30 9
1123 1362 58 5
1125 1298 12 13
1126 1293 27 1
1126 1326 43 9
1126 1332 54 11
1126 1478 30 11
1126 1507 4 1
1127 1246 45 7
1128 1132 41 1
1128 1229 52 6
1128 1376 60 9
1129 1495 10 3
1132 1220 6 5
1133 1225 38 14
1135 1183 49 2
1135 1358 45 7
1135 1490 18 13
1136 1171 14 14
1136 1492 43 12
1137 1154 21 1
1137 1292 21 15
1137 1434 60 1
1138 1244 33 4
1139 1205 30 9
1140 1411 2 14
1141 1213 2 4
1141 1246 10 15
1141 1382 51 9
1141 1436 55 10
1142 1387 3 14
1143 1210 7 10
1144 1434 8 11
1145 1248 28 6
1145 1260 1 10
1145 1328 53 10
1145 1349 27 13
1145 1377 15 8
1146 1171 1 7
1146 1411 59 13
1147 1189 55 2
1147 1192 14 7
1147 1297 52 15
1147 1390 39 8
1148 1199 51 11
1148 1326 8 9
1149 1223 33 4
1149 1225 41 14
1150 1294 5 12
1150 1466 57 8
1152 1250 43 14
1153 1201 26 6
1154 1244 19 6
1154 1349 10 1
1155 1303 12 6
1155 1312 16 11
1157 1182 35 10
1157 1297 13 4
1157 1508 5 9
1158 1273 32 15
1161 1463 14 1
1163 1319 50 8
1164 1311 38 15
1166 1491 25 14
1168 1279 34 14
1170 1399 52 1
1170 1445 49 11
1171 1296 13 9
1171 1299 7 12
1172 1476 49 8
1173 1192 33 3
1173 1195 58 2
1174 1202 9 5
1174 1232 19 3
1174 1272 8 1
1175 1276 51 10
1176 1197 45 8
1176 1345 44 7
1178 1343 56 8
1179 1219 19 1
1180 1370 11 13
1180 1380 41 10
1180 1410 16 14
1180 1465 38 5
1181 1334 13 3
1181 1479 54 7
1182 1304 5 12
1182 1467 35 12
1183 1297 47 5
1183 1344 8 3
1184 1393 25 13
1185 1301 13 12
1186 1474 33 4
1187 1508 7 15
1188 1500 8 12
1189 1410 49 2
1190 1338 46 6
1190 1434 3 12
1192 1299 27 4
1194 1434 31 4
1194 1453 5 1
1194 1501 10 9
1194 1506 27 1
1195 1220 23 4
1195 1276 51 3
1197 1226 44 6
1197 1376 26 1
1197 1447 42 4
1199 1208 19 3
1199 1349 58 14
1201 1479 4 6
1202 1360 5 13
1202 1504 8 15
1203 1498 21 15
1204 1347 31 12
1205 1319 14 6
1205 1480 15 6
1206 1290 27 7
1209 1349 5 4
1210 1473 55 2
1212 1366 41 8
1213 1259 33 6
1214 1255 4 3
1215 1278 21 9
1217 1220 17 1
1217 1307 57 9
1217 1327 7 12
1225 1494 42 12
1226 1475 2 1
1226 1494 39 3
1227 1362 18 12
1228 1452 26 4
1228 1455 27 10
1229 1242 53 4
1229 1356 56 14
1230 1236 33 1
1230 1457 13 14
1231 1309 45 14
1231 1315 35 11
1233 1362 54 7
1233 1495 9 6
1235 1307 15 8
1238 1462 22 7
1239 1254 35 10
1239 1327 2 11
1239 1484 13 9
1240 1443 47 12
1241 1277 48 11
1243 1280 25 5
1243 1435 17 1
1244 1418 58 12
1245 1254 13 12
1245 1355 7 5
1245 1495 36 6
1246 1285 35 11
1247 1349 39 3
1248 1284 25 3
1248 1343 10 2
1250 1290 40 14
1251 1380 26 2
1252 1436 51 6
1253 1347 15 6
1253 1417 15 13
1254 1270 26 10
1254 1302 49 5
1256 1427 36 1
1258 1325 25 11
1259 1338 51 14
1260 1428 56 5
1260 1439 16 14
1260 1467 57 15
1261 1417 58 2
1261 1502 50 3
1262 1263 23 10
1262 1402 1 6
1262 1493 2 6
1263 1455 3 4
1265 1516 57 11
1265 1518 33 12
1266 1475 11 13
1266 1511 37 6
1268 1313 18 10
1268 1332 15 12
1268 1518 18 15
1270 1345 49 5
1270 1448 1 7
1271 1345 10 1
1271 1517 56 15
1274 1404 56 8
1276 1301 49 8
1276 1374 27 15
1280 1469 37 1
1282 1469 11 6
1283 1506 36 8
1284 1385 20 8
1285 1393 55 3
1288 1294 5 1
1292 1296 50 7
1292 1507 59 1
1297 1358 35 9
1297 1359 37 3
1297 1503 6 8
1300 1377 57 9
1300 1405 38 5
1300 1411 31 5
1301 1377 41 13
1301 1412 32 7
1303 1309 37 9
1304 1334 26 1
1304 1393 18 8
1307 1448 24 1
1307 1496 22 2
1309 1330 53 15
1309 1350 59 10
1311 1516 49 4
1312 1390 46 12
1312 1462 57 11
1316 1319 7 8
1316 1350 9 11
1320 1409 21 11
1321 1403 56 3
1321 1413 51 5
1322 1361 32 3
1323 1352 46 7
1323 1414 14 10
1323 1517 35 12
1324 1366 55 2
1324 1435 59 6
1325 1372 46 6
1325 1441 39 5
1328 1505 36 10
1329 1439 55 8
1333 1378 2 10
1334 1398 52 14
1335 1492 13 14
1335 1509 41 14
1336 1516 16 2
1340 1458 55 3
1341 1437 40 3
1349 1361 43 6
1349 1387 33 3
1349 1448 50 1
1350 1510 22 4
1352 1414 52 8
1352 1491 28 7
1354 1371 39 8
1355 1449 45 9
1355 1483 55 10
1356 1467 2 8
1357 1412 27 6
1357 1419 31 6
1361 1486 50 9
1364 1450 20 13
1364 1458 29 13
1364 1501 47 10
1367 1507 14 10
1368 1450 19 4
1369 1505 8 12
1370 1376 20 6
1371 1440 42 1
1373 1473 35 8
1374 1514 34 1
1376 1402 25 6
1378 1481 19 8
1381 1392 53 15
1381 1417 36 14
1382 1464 52 5
1384 1393 35 13
1384 1510 12 2
1390 1428 45 2
1390 1454 2 5
1391 1414 27 3
1393 1425 45 11
1402 1489 18 10
1408 1440 6 7
1411 1471 48 6
1411 1518 37 3
1420 1454 4 10
1422 1435 46 10
1425 1438 12 14
1427 1484 59 3
1435 1448 58 13
1436 1437 27 9
1437 1493 13 6
1446 1463 60 12
1449 1509 43 7
1451 1486 3 10
1453 1500 14 11
1455 1477 40 12
1465 1497 49 5
1470 1501 42 1
1474 1491 8 5
1488 1491 50 11

0 4 28
1 13 43
2 43 12
3 45 7
4 61 19
5 69 31
6 87 29
7 91 5
8 96 14
9 98 46
10 102 50
11 111 5
12 117 12
13 126 25
14 166 36
15 169 45
16 175 30
17 176 45
18 181 43
19 216 35
20 219 45
21 224 5
22 254 41
23 257 5
24 275 39
25 276 20
26 292 4
27 297 24
28 302 35
29 305 20
30 311 44
31 317 20
32 323 19
33 335 20
34 352 22
35 358 3
36 359 50
37 370 30
38 374 31
39 376 12
40 378 17
41 380 49
42 385 39
43 390 24
44 401 34
45 418 34
46 424 38
47 452 8
48 467 48
49 470 11
50 476 3
51 478 30
52 488 31
53 513 30
54 521 31
55 534 46
56 566 44
57 574 30
58 576 29
59 580 30
60 589 19
61 603 32
62 605 42
63 632 32
64 638 1
65 658 30
66 667 15
67 688 6
68 692 44
69 727 18
70 741 33
71 749 27
72 774 39
73 781 42
74 792 1
75 799 22
76 802 3
77 812 34
78 814 16
79 825 41
80 828 48
81 829 31
82 834 21
83 843 27
84 848 30
85 855 48
86 870 48
87 874 13
88 898 19
89 910 8
90 911 50
91 912 37
92 915 35
93 920 13
94 933 32
95 944 38
96 953 16
97 955 31
98 981 30
99 988 22
100 1001 23
101 1006 7
102 1017 33
103 1020 6
104 1024 22
105 1025 47
106 1039 18
107 1054 48
108 1057 4
109 1063 20
110 1074 28
111 1086 47
112 1093 45
113 1100 14
114 1115 36
115 1129 3
116 1147 44
117 1153 50
118 1161 24
119 1164 29
120 1180 6
121 1213 44
122 1225 47
123 1239 16
124 1249 2
125 1269 30
126 1276 22
127 1304 5
128 1306 17
129 1313 31
130 1332 4
131 1347 37
132 1354 18
133 1361 1
134 1365 11
135 1374 45
136 1375 35
137 1379 38
138 1380 44
139 1393 48
140 1396 38
141 1421 26
142 1426 27
143 1428 24
144 1429 29
145 1441 8
146 1445 45
147 1450 44
148 1492 19
149 1498 29
150 1504 41
151 1518 12
