785 2353 78 8

0 30 2797
1 60 5436
2 90 7921
3 120 10260
4 150 12459
5 180 14525
6 210 16462
7 240 18277

0 17901
1 16092
2 16416
3 17432
4 20444
5 15746
6 20782
7 13928
8 21725
9 12972
10 16897
11 19021
12 21753
13 18499
14 16109
15 20172
16 15177
17 18697
18 17383
19 16818
20 21128
21 14955
22 14175
23 18456
24 15944
25 13013
26 18000
27 15008
28 21254
29 16535
30 14607
31 10011
32 16532
33 20738
34 18018
35 15276
36 16104
37 25128
38 17384
39 17948
40 16429
41 20592
42 20530
43 20768
44 20289
45 19897
46 18459
47 17851
48 18621
49 21355
50 17086
51 18547
52 18276
53 19288
54 20369
55 14915
56 19037
57 17554
58 16910
59 15110
60 24653
61 17816
62 22659
63 20169
64 9376
65 15454
66 18589
67 17338
68 15721
69 14043
70 21208
71 20724
72 22220
73 10230
74 20980
75 17374
76 17702
77 17638
78 16126
79 17643
80 16727
81 18584
82 13688
83 19167
84 17381
85 16329
86 19945
87 13251
88 20675
89 22133
90 15584
91 16874
92 16693
93 24024
94 10643
95 21860
96 24552
97 14484
98 20174
99 14251
100 16417
101 14652
102 23942
103 22524
104 16903
105 21324
106 17500
107 18931
108 21422
109 18356
110 20098
111 21577
112 14440
113 14338
114 18034
115 20188
116 16264
117 18209
118 22232
119 19454
120 17596
121 18446
122 16139
123 22702
124 15385
125 15166
126 19204
127 21533
128 17032
129 22368
130 16716
131 14308
132 20298
133 18605
134 16174
135 17039
136 20564
137 11749
138 20148
139 17677
140 15276
141 19241
142 16863
143 15229
144 13734
145 18344
146 10161
147 21434
148 14787
149 14885
150 20873
151 16047
152 21506
153 15766
154 14436
155 20235
156 19168
157 12681
158 17923
159 18067
160 20155
161 13505
162 12443
163 28238
164 22647
165 16689
166 16538
167 20526
168 19480
169 16595
170 16192
171 16558
172 18186
173 18086
174 23273
175 20927
176 18479
177 12806
178 19671
179 15499
180 18629
181 19022
182 18762
183 20242
184 18825
185 15150
186 20458
187 23729
188 18743
189 15808
190 19319
191 20399
192 13022
193 15619
194 17586
195 23740
196 20811
197 22736
198 19049
199 13939
200 15859
201 15721
202 16989
203 16712
204 15739
205 13945
206 19233
207 17209
208 19320
209 13049
210 19557
211 12819
212 16045
213 21397
214 15109
215 17125
216 18070
217 15119
218 18609
219 14279
220 16014
221 17788
222 22439
223 20151
224 15717
225 16676
226 18735
227 17761
228 20885
229 16853
230 19499
231 20106
232 16221
233 18428
234 18741
235 19909
236 18773
237 19457
238 11018
239 16090
240 15457
241 13373
242 19651
243 13720
244 18806
245 15633
246 18551
247 18441
248 17619
249 18391
250 18197
251 15783
252 16217
253 21041
254 18506
255 19445
256 14513
257 16201
258 17641
259 16337
260 15764
261 16126
262 22545
263 13266
264 20098
265 19677
266 22508
267 21232
268 13015
269 13912
270 16827
271 15091
272 20993
273 19537
274 16567
275 21907
276 13566
277 23199
278 17869
279 18969
280 20908
281 16994
282 14656
283 12300
284 18018
285 24666
286 19464
287 15191
288 19159
289 20694
290 21324
291 18083
292 16827
293 13336
294 16796
295 18015
296 22745
297 18166
298 19751
299 14378
300 16278
301 17164
302 21102
303 16111
304 20384
305 15397
306 18893
307 24376
308 22084
309 19236
310 20212
311 19279
312 19106
313 16431
314 19160
315 16470
316 14081
317 16358
318 11920
319 13875
320 12603
321 17451
322 19179
323 19606
324 20349
325 17382
326 22300
327 19035
328 19088
329 12378
330 17249
331 18271
332 14265
333 16547
334 19266
335 21259
336 20018
337 16351
338 18199
339 16619
340 22435
341 16463
342 21072
343 21381
344 17629
345 15427
346 14767
347 14584
348 16071
349 14162
350 18034
351 20932
352 20964
353 22503
354 16256
355 20313
356 16131
357 15333
358 18445
359 17569
360 12008
361 18845
362 18200
363 18164
364 18327
365 16053
366 17449
367 14380
368 16046
369 20408
370 17184
371 14959
372 11467
373 22269
374 23422
375 21412
376 17631
377 14966
378 16539
379 21298
380 21790
381 18140
382 22096
383 15778
384 20036
385 15895
386 16481
387 17964
388 16667
389 17801
390 11862
391 16108
392 19429
393 19874
394 20726
395 14077
396 14653
397 17550
398 22272
399 22877
400 18346
401 19484
402 16703
403 18774
404 23973
405 23334
406 13278
407 16858
408 16943
409 19120
410 14327
411 18476
412 10321
413 19596
414 24086
415 15652
416 21660
417 15234
418 16217
419 18308
420 22964
421 20688
422 18678
423 21865
424 21495
425 16236
426 15766
427 15963
428 15341
429 14397
430 19596
431 17084
432 18012
433 20336
434 19283
435 21218
436 17749
437 14547
438 16604
439 18657
440 17409
441 21280
442 18269
443 16748
444 18920
445 12364
446 17224
447 13987
448 19138
449 19097
450 13886
451 18250
452 19001
453 19629
454 19254
455 19107
456 23014
457 21972
458 21139
459 18210
460 21119
461 18549
462 18824
463 16233
464 18677
465 16732
466 15548
467 16762
468 17367
469 23015
470 14910
471 15931
472 17568
473 15922
474 14458
475 19735
476 17691
477 16735
478 19558
479 16287
480 15747
481 16418
482 15083
483 14979
484 16072
485 13296
486 18064
487 21789
488 18777
489 18677
490 10721
491 15839
492 14190
493 12902
494 19149
495 16918
496 17952
497 18742
498 20525
499 18828
500 17700
501 16720
502 13472
503 21676
504 19112
505 19037
506 15672
507 20348
508 15819
509 18344
510 11845
511 16606
512 14383
513 23283
514 13082
515 20312
516 16501
517 18392
518 20129
519 19012
520 17991
521 18919
522 23439
523 24382
524 16437
525 10335
526 18873
527 20794
528 18284
529 21863
530 21058
531 16526
532 14681
533 19646
534 14546
535 15733
536 17099
537 14016
538 20923
539 19967
540 18669
541 13590
542 15477
543 16482
544 22604
545 20035
546 17516
547 13551
548 18415
549 18341
550 21814
551 16210
552 20597
553 19645
554 17839
555 14185
556 16759
557 21882
558 21480
559 20258
560 20272
561 16309
562 17198
563 18626
564 14700
565 20322
566 21215
567 19980
568 12747
569 19576
570 16839
571 19365
572 20432
573 15697
574 21104
575 18346
576 15266
577 18415
578 15233
579 18075
580 16536
581 16082
582 18605
583 19186
584 17010
585 18015
586 18661
587 19018
588 17247
589 13724
590 18182
591 14889
592 16872
593 17530
594 18784
595 17845
596 15270
597 17690
598 10967
599 17293
600 17852
601 24578
602 14987
603 12439
604 17232
605 20125
606 17820
607 18470
608 20098
609 13759
610 18281
611 19733
612 14725
613 17659
614 17696
615 16320
616 17301
617 19041
618 20251
619 18387
620 16476
621 16211
622 17431
623 17573
624 17156
625 15358
626 14616
627 17106
628 16827
629 18247
630 21178
631 15165
632 19562
633 16531
634 13944
635 18412
636 14231
637 11865
638 21180
639 17181
640 18120
641 22017
642 17269
643 13691
644 19407
645 21336
646 17423
647 19120
648 18074
649 22216
650 16946
651 15247
652 20869
653 11334
654 22410
655 18910
656 17061
657 16687
658 19578
659 12229
660 9963
661 14989
662 22890
663 16476
664 18712
665 14559
666 15262
667 18487
668 18541
669 18757
670 16969
671 19982
672 19333
673 16782
674 16065
675 14731
676 17099
677 19525
678 13098
679 19948
680 16242
681 11825
682 16772
683 18283
684 18633
685 17762
686 19631
687 16415
688 15363
689 18225
690 15126
691 21080
692 19440
693 19061
694 22722
695 21383
696 15761
697 15010
698 20689
699 18931
700 15411
701 17861
702 19080
703 15971
704 15676
705 18202
706 11526
707 17406
708 18721
709 16395
710 18620
711 17091
712 12632
713 13961
714 19248
715 10508
716 15555
717 17907
718 18270
719 23298
720 19184
721 16779
722 13887
723 13024
724 15726
725 17359
726 18434
727 18880
728 18135
729 12068
730 18264
731 16307
732 12438
733 19266
734 17588
735 17287
736 25102
737 15435
738 13691
739 19598
740 15983
741 17487
742 16640
743 20993
744 18671
745 20491
746 21787
747 16298
748 16224
749 16200
750 19575
751 18978
752 17173
753 14588
754 17904
755 18363
756 17133
757 21208
758 12220
759 19539
760 16608
761 12716
762 17973
763 18221
764 15461
765 22203
766 19493
767 18081
768 19670
769 20374
770 14327
771 18393
772 17612
773 19148
774 20657
775 13381
776 14227
777 18415
778 15524
779 16497
780 21934
781 18485
782 19926
783 14532
784 18351

0 67 60 2
0 268 16 7
0 368 55 14
0 616 33 11
0 650 21 13
0 693 37 11
0 732 5 4
0 769 56 12
1 371 49 15
1 465 16 3
1 590 44 4
1 616 6 7
1 725 19 6
1 732 20 10
1 769 37 12
2 23 59 6
2 182 7 6
2 405 57 3
2 541 11 10
2 552 13 9
2 556 36 7
2 616 12 5
2 637 11 15
2 732 6 13
2 769 57 9
2 776 49 2
3 190 11 2
3 464 50 8
3 596 4 7
3 633 22 11
4 103 16 12
4 161 21 11
4 226 17 8
4 300 33 14
4 351 40 13
4 443 14 14
4 482 50 9
4 589 19 9
4 713 3 12
5 34 44 15
5 142 59 5
5 204 59 4
5 395 51 13
5 487 28 3
5 641 48 1
5 655 7 2
6 153 15 15
6 156 18 3
6 168 45 13
6 397 59 5
6 436 11 11
6 474 19 5
6 499 46 2
6 604 45 1
7 37 1 9
7 351 19 15
7 400 53 3
7 430 21 15
7 715 22 3
8 392 52 11
8 403 24 2
8 499 3 8
8 761 56 8
9 68 50 12
9 81 43 1
9 111 13 9
9 179 22 8
9 260 44 4
9 269 30 10
9 358 48 10
9 408 59 5
9 593 23 7
9 621 48 5
9 622 2 4
9 666 57 10
9 775 1 3
10 32 24 14
10 89 43 1
10 98 35 9
10 232 13 6
10 342 16 12
11 113 49 5
11 166 6 10
11 501 15 11
11 526 54 10
11 557 36 10
12 18 19 6
12 371 5 10
12 437 23 3
12 438 21 12
12 687 2 7
12 721 17 15
13 33 5 13
13 106 7 15
13 169 56 7
13 207 37 3
13 318 54 5
13 332 11 13
13 421 16 8
13 591 24 10
13 717 7 1
14 55 27 4
14 197 53 9
14 199 13 11
14 376 10 3
14 438 56 15
14 712 5 5
15 89 2 14
15 177 27 5
15 426 41 5
15 550 8 14
15 617 4 2
15 707 49 15
16 76 60 4
16 88 32 14
16 91 49 3
16 226 51 6
16 368 9 15
16 385 19 7
16 501 55 1
16 734 8 7
17 85 51 12
17 150 60 13
17 151 21 10
17 424 18 6
17 561 44 11
17 568 45 10
18 55 44 13
18 148 20 12
18 182 37 5
18 431 14 10
18 542 8 9
18 638 42 1
18 649 9 9
18 652 53 12
18 655 31 10
18 694 24 6
19 258 13 2
19 689 5 15
19 743 45 13
20 73 56 10
20 89 50 1
20 184 9 10
20 254 26 12
20 503 4 4
20 553 46 10
21 122 7 14
21 184 3 7
21 208 32 12
21 274 10 1
21 551 22 12
22 98 9 9
22 745 46 3
23 271 39 11
23 365 42 6
23 415 39 1
23 497 17 5
23 503 44 4
24 241 1 3
24 260 55 6
24 287 13 5
24 462 60 14
24 540 45 10
24 572 24 7
24 654 13 15
25 298 57 8
25 704 58 4
26 57 20 3
26 185 6 2
26 339 9 12
26 554 32 9
26 561 13 3
27 271 55 8
27 400 53 1
27 438 34 6
27 536 18 14
27 690 1 9
28 400 41 5
28 758 41 2
29 88 37 4
29 113 6 15
29 269 47 1
29 566 8 4
29 724 59 3
30 313 33 14
30 413 34 13
30 434 2 6
30 689 7 4
31 255 37 7
31 298 35 14
31 308 50 2
31 407 46 9
31 468 13 7
31 523 19 2
31 659 51 10
31 717 21 11
32 59 11 1
32 81 41 9
32 129 14 1
32 356 56 7
32 412 45 6
32 546 36 11
32 693 20 14
33 174 58 14
33 575 44 3
34 540 23 5
34 625 24 13
34 707 30 1
35 79 41 12
35 311 6 12
35 552 5 14
35 668 46 3
35 702 1 12
36 202 35 8
36 242 8 8
36 259 1 12
36 468 41 5
36 496 42 2
36 648 35 7
36 780 57 2
37 91 24 2
37 143 54 8
37 151 59 7
37 326 37 10
37 364 10 9
37 530 14 12
37 752 42 1
38 355 11 9
38 506 60 8
38 726 33 9
39 57 11 2
39 83 42 11
39 89 45 7
39 407 15 12
39 720 37 3
39 727 10 8
39 768 48 11
40 96 42 8
40 128 20 15
41 56 58 6
41 127 60 15
41 200 17 7
41 359 9 11
41 413 37 10
41 444 19 14
41 485 37 4
41 614 48 12
41 625 52 8
41 634 7 5
42 89 23 11
42 157 28 5
42 502 26 9
42 535 28 1
42 565 59 9
43 87 9 1
43 247 53 14
43 383 6 1
43 519 16 8
43 660 21 4
44 164 53 9
44 712 17 5
45 88 6 6
45 315 45 6
45 444 46 5
45 742 38 5
46 142 17 10
46 363 40 5
46 535 37 7
46 582 42 14
46 757 20 15
46 784 11 11
47 204 7 1
47 397 39 5
47 512 23 1
47 546 34 15
47 630 14 2
47 779 27 6
48 182 35 2
48 257 27 1
48 385 4 14
48 687 47 10
49 235 3 4
49 628 43 8
49 644 53 5
50 132 38 14
50 184 30 13
50 213 24 9
50 225 47 5
50 255 27 14
50 317 9 7
50 341 49 7
50 697 39 12
50 783 51 15
51 56 31 5
51 291 2 9
51 468 26 9
51 564 16 10
51 643 3 12
51 704 20 15
51 726 33 2
51 762 43 13
52 82 42 4
52 328 24 6
52 335 53 8
52 360 10 7
52 413 16 1
52 442 19 2
52 559 2 13
53 284 48 8
53 290 1 15
53 355 48 4
53 569 20 15
53 611 37 12
53 625 10 12
53 642 37 13
53 672 6 12
53 678 45 4
53 690 7 1
54 491 39 4
54 713 5 12
54 716 3 10
54 743 20 5
55 94 28 5
55 135 37 15
55 258 52 6
55 749 6 7
56 371 48 4
56 407 35 12
56 446 40 7
56 764 16 5
57 90 46 7
57 105 31 12
57 229 52 9
57 312 9 3
57 375 15 4
57 384 19 3
57 465 12 13
57 488 10 11
57 645 6 6
57 756 10 7
58 314 20 15
58 766 5 10
59 78 57 1
59 170 20 9
59 183 54 8
59 423 4 15
59 460 24 1
59 586 23 13
60 73 26 9
60 110 56 15
60 256 38 1
60 633 50 11
61 447 39 4
61 573 44 1
61 579 47 11
61 649 3 2
62 74 34 9
62 118 13 12
62 307 57 14
62 508 7 15
62 597 44 12
62 745 16 1
63 188 12 2
63 203 9 3
63 311 17 4
63 465 15 12
63 525 26 15
64 186 32 5
64 361 32 13
64 489 12 5
64 618 9 12
64 640 20 11
64 661 37 1
65 148 24 10
65 341 16 12
65 358 45 10
65 464 46 11
65 482 47 12
65 520 24 7
66 352 36 11
66 354 16 9
66 527 30 3
66 654 34 12
66 664 48 9
66 746 4 2
67 199 28 8
67 240 22 7
67 383 44 12
67 490 51 13
67 500 47 1
67 522 31 11
67 642 20 14
67 674 39 3
68 300 16 3
68 708 49 8
69 136 47 2
69 285 4 7
69 439 17 11
69 548 32 9
69 672 30 7
69 708 25 6
70 128 37 11
70 368 3 10
70 452 19 6
70 506 3 14
70 681 23 1
71 151 53 2
71 364 6 15
71 400 20 5
71 512 29 10
71 632 55 15
71 666 22 3
71 667 2 7
71 671 34 4
72 141 10 8
72 260 9 1
72 444 10 5
72 569 54 8
72 577 34 13
72 629 60 14
72 760 47 13
73 227 32 14
73 259 10 12
73 392 39 11
73 609 8 10
74 105 14 13
74 112 40 11
74 158 19 7
74 179 19 7
74 341 24 6
74 499 52 7
75 114 47 1
75 586 7 6
76 268 57 8
76 319 7 10
76 627 18 13
76 647 27 13
76 749 25 9
77 79 11 14
77 145 3 9
77 150 24 10
77 156 22 9
77 206 8 5
77 218 46 5
77 345 15 15
77 414 1 4
77 542 31 6
77 783 3 4
78 414 30 13
78 681 29 14
79 196 10 5
79 511 21 14
79 647 32 13
80 153 48 15
80 258 58 4
80 617 26 5
80 703 49 10
80 738 53 7
81 134 30 9
81 135 27 10
81 311 10 5
81 409 10 4
81 471 11 12
81 561 45 1
81 621 49 11
82 138 39 14
82 237 53 1
82 391 15 14
82 541 58 14
82 770 1 13
83 86 31 12
83 388 37 1
83 727 53 10
84 338 40 15
84 499 24 11
84 514 19 5
84 742 47 7
84 749 45 6
84 773 48 10
85 169 50 1
85 261 2 7
86 120 29 8
86 149 34 3
86 545 36 15
86 552 10 7
86 736 33 8
87 339 39 13
88 136 55 2
88 267 24 1
88 579 1 1
88 658 36 3
88 661 60 5
88 737 31 2
88 745 17 5
88 754 22 10
90 145 46 6
90 286 13 10
90 519 16 3
90 606 20 6
90 678 6 2
90 705 24 11
91 384 54 1
91 472 37 3
91 578 12 2
91 641 47 3
91 741 8 3
92 172 48 12
92 454 1 7
92 579 60 12
92 605 11 12
93 213 48 2
93 214 59 8
93 284 47 14
93 361 23 3
93 365 25 9
93 506 33 15
93 522 11 5
93 631 13 13
94 102 36 7
94 156 30 4
94 443 7 2
94 453 52 15
94 471 13 14
95 269 10 6
95 294 41 7
95 314 59 7
95 481 24 2
95 750 36 2
96 102 43 10
96 278 43 6
96 306 49 9
96 411 54 6
96 436 21 13
96 575 14 5
96 658 13 3
97 372 52 4
97 400 31 13
97 421 31 5
97 505 34 12
97 519 41 13
98 398 2 14
98 661 49 6
98 689 37 6
99 210 2 14
99 518 50 4
99 688 25 3
99 723 4 11
100 105 58 15
100 162 38 3
100 304 41 5
100 393 56 3
100 490 29 4
100 539 3 7
101 204 17 7
101 501 9 10
101 594 25 8
101 614 33 14
101 635 1 13
102 264 54 5
102 288 22 3
102 403 7 8
102 420 54 8
102 588 51 12
102 719 30 4
103 212 30 15
103 436 4 5
103 452 1 8
103 663 8 8
104 184 45 11
104 185 48 7
104 290 52 11
104 361 14 2
104 400 40 7
104 627 56 15
104 688 1 14
105 150 29 13
105 659 51 11
105 684 43 14
106 109 48 4
106 124 7 13
106 262 20 4
106 630 32 3
107 225 32 6
107 612 57 10
108 113 46 7
108 140 53 13
108 195 19 3
108 284 36 6
108 285 6 7
108 373 22 13
108 412 45 1
108 442 40 9
108 686 38 13
108 690 9 11
109 154 41 6
109 477 59 6
109 676 13 3
111 316 31 13
111 405 21 1
111 472 21 13
111 505 12 3
111 561 35 8
111 562 3 14
111 582 59 3
111 718 32 2
112 149 32 7
112 242 36 14
112 458 60 6
112 474 55 8
112 592 20 6
113 161 50 3
113 249 7 2
113 266 45 7
113 344 34 8
113 369 52 4
113 411 25 11
113 601 25 1
114 239 53 12
114 512 21 12
114 529 40 1
114 657 35 12
115 145 24 12
115 166 25 13
115 191 54 2
115 207 3 11
115 487 37 9
115 558 8 4
115 750 47 1
116 220 37 14
116 400 27 5
116 529 4 7
116 634 35 2
116 774 35 2
117 595 52 3
117 619 41 14
118 214 34 13
118 629 23 5
119 281 9 7
119 477 57 12
119 486 31 6
119 604 35 4
120 371 50 5
120 501 51 13
121 125 6 8
121 202 58 5
121 409 23 14
121 545 24 15
121 576 51 2
121 577 31 13
122 239 24 11
122 299 43 13
122 648 15 2
123 210 24 11
123 223 57 9
123 374 53 8
123 522 2 3
123 575 60 13
123 683 27 2
123 696 5 8
123 722 35 9
124 218 45 10
125 280 58 2
125 435 35 10
125 453 19 5
125 556 15 4
125 570 20 10
125 774 58 3
126 132 45 10
126 290 45 11
126 465 29 7
126 474 29 1
126 627 1 15
126 752 21 1
127 371 26 12
127 539 51 15
127 655 42 10
127 660 10 2
128 227 6 15
128 459 28 14
129 346 60 13
129 632 59 14
130 167 31 11
130 179 36 3
130 364 38 15
130 451 55 2
130 696 55 9
131 246 4 11
131 419 29 3
131 552 16 13
131 728 42 3
132 195 2 4
132 475 29 5
132 618 56 1
132 657 54 5
132 683 19 3
133 603 1 9
133 667 27 8
134 271 2 12
134 338 33 5
134 523 32 4
134 565 53 5
134 745 56 14
135 139 26 2
135 491 16 5
135 547 24 8
135 693 54 4
136 284 58 6
136 753 8 7
137 612 14 10
137 646 14 11
137 651 28 1
137 726 35 8
137 751 43 7
138 317 51 15
139 152 26 10
139 168 28 11
139 235 59 12
139 379 19 7
139 382 35 4
139 568 11 12
139 768 21 3
140 257 52 15
140 459 22 1
140 487 38 10
140 550 10 15
140 632 58 1
140 744 5 3
141 453 52 12
141 736 22 13
142 183 8 14
142 254 39 2
142 320 14 1
142 432 38 7
142 498 14 12
142 665 24 3
143 336 53 13
143 520 55 14
143 544 26 6
143 590 7 14
143 731 37 1
143 733 12 4
144 302 26 7
144 350 51 4
144 367 43 11
144 443 18 2
144 492 21 6
145 211 14 7
145 328 35 15
145 703 3 10
145 744 2 2
146 210 30 11
146 260 10 15
146 367 5 2
146 674 51 13
147 278 50 5
147 484 27 12
147 486 32 2
148 221 16 12
148 300 10 3
148 349 2 10
148 418 15 3
148 529 53 10
148 580 58 3
149 155 22 11
149 471 23 15
149 520 13 11
149 541 18 4
149 646 10 15
149 723 17 2
150 429 29 14
150 466 6 7
150 487 6 12
150 634 1 7
150 663 55 11
151 161 9 4
151 241 45 12
151 314 30 13
151 366 55 8
151 565 30 5
151 667 54 14
151 781 37 12
152 214 34 8
152 256 24 4
152 284 51 10
152 404 50 15
152 729 6 8
152 737 55 1
153 290 48 13
153 356 18 12
153 402 55 14
153 404 55 10
153 453 58 12
153 526 10 14
153 533 47 15
153 582 6 13
153 712 56 8
153 735 22 12
154 232 36 10
154 298 12 14
154 574 36 6
154 703 20 5
154 727 26 12
155 343 10 12
155 489 41 11
155 545 42 9
155 570 29 3
155 621 5 3
155 629 46 4
156 298 50 3
156 493 7 15
156 674 22 10
156 675 49 12
156 739 24 6
157 191 13 13
157 205 58 15
157 453 1 14
157 459 10 11
157 619 29 2
157 663 15 15
158 174 11 5
158 265 13 14
158 286 9 7
158 486 52 11
158 642 37 8
158 729 54 10
159 213 25 10
159 217 20 15
159 284 8 13
159 571 30 4
159 624 15 9
159 632 27 13
159 682 47 14
159 696 13 14
159 706 7 9
160 179 48 8
160 225 7 3
160 355 15 2
160 481 15 7
160 546 54 14
160 568 35 3
160 664 7 12
160 684 6 14
161 375 8 5
161 383 30 13
161 416 1 11
162 179 6 8
162 247 37 10
162 310 18 6
162 396 37 8
163 479 6 10
164 357 34 3
164 523 14 12
165 189 1 2
165 221 24 3
165 423 29 5
165 465 35 13
165 473 20 14
166 189 40 6
166 294 44 10
166 329 18 4
166 473 35 14
166 517 29 12
166 626 12 11
166 690 46 11
167 216 11 11
167 486 7 10
167 666 49 7
167 704 32 7
168 369 1 8
168 400 54 6
168 415 29 2
168 465 9 6
168 770 33 11
168 777 33 7
169 457 19 8
169 607 1 3
170 301 11 9
170 591 37 15
171 403 45 12
171 541 14 4
171 642 31 11
171 726 6 3
171 778 9 2
172 236 10 14
172 415 14 2
173 359 54 4
173 384 59 4
173 415 42 4
173 463 20 13
173 653 1 12
173 763 33 6
174 254 59 11
174 333 38 15
174 412 21 10
174 534 3 9
174 558 51 14
174 615 35 4
174 692 31 14
174 723 33 13
174 763 20 4
175 237 47 7
175 493 52 13
175 669 4 12
175 679 43 7
176 393 54 5
177 424 50 15
177 442 35 9
177 635 19 8
178 272 4 2
178 289 58 13
178 322 7 7
178 502 35 13
178 553 49 10
178 565 36 4
178 782 1 3
179 264 19 8
179 465 47 7
180 252 11 5
180 603 16 12
180 758 14 5
181 322 33 5
181 326 37 1
181 395 11 2
181 760 5 15
182 354 43 14
182 358 31 4
183 216 2 3
183 368 37 4
183 394 52 6
183 647 44 4
183 659 2 6
184 419 15 4
184 536 14 7
184 537 60 9
184 582 9 1
184 607 20 2
185 762 28 1
186 352 27 8
186 370 58 5
186 426 34 6
186 478 37 8
186 617 35 7
187 559 16 7
187 756 56 13
188 250 43 11
188 253 47 13
188 261 28 12
188 325 54 2
188 376 9 7
188 420 33 5
188 421 26 1
188 436 38 5
188 775 9 4
189 459 58 8
189 621 60 8
190 249 49 15
190 312 59 12
190 396 60 1
190 458 7 7
190 713 28 5
191 305 3 13
191 634 20 13
192 221 1 10
192 313 3 3
192 649 48 4
192 739 29 12
193 284 57 8
193 459 44 3
193 487 44 5
193 505 57 1
193 511 55 13
193 743 16 5
194 296 3 14
194 335 17 15
194 341 31 3
194 349 31 8
194 424 55 6
194 464 7 13
194 516 8 12
194 571 2 1
194 652 11 10
194 691 17 9
195 469 54 13
195 481 47 1
195 561 14 3
195 782 6 5
196 331 11 6
196 524 57 14
196 581 7 13
197 228 21 4
197 307 24 1
197 396 20 4
197 408 3 13
197 488 14 3
197 727 25 15
198 231 4 11
198 311 53 5
198 419 10 8
198 533 36 6
199 248 16 7
199 265 2 11
199 270 41 5
199 353 10 4
199 440 50 14
199 498 10 7
199 525 8 3
199 711 57 1
200 645 51 9
201 388 57 15
201 488 40 2
201 634 46 15
201 767 47 14
202 421 23 6
202 629 26 8
202 671 46 5
202 739 31 7
203 269 42 9
203 493 60 5
203 609 27 4
203 639 36 14
204 237 34 1
204 305 15 4
204 349 10 15
204 592 58 1
204 605 9 14
205 438 42 9
205 519 29 6
205 520 57 4
205 631 56 2
205 670 37 14
205 728 2 7
206 207 30 12
206 334 6 13
206 521 3 13
206 543 40 11
206 573 23 4
206 734 26 2
206 751 53 10
207 256 4 10
207 269 45 5
207 500 10 2
208 282 57 8
208 334 37 14
208 364 36 3
208 371 51 15
208 394 7 9
208 550 44 15
208 589 34 5
208 633 8 12
209 212 4 2
209 323 15 9
209 396 11 10
209 439 28 10
209 462 53 14
209 520 37 6
209 566 25 9
209 705 43 13
210 216 14 3
210 245 50 1
210 398 36 6
210 536 1 1
210 547 20 11
210 663 15 12
211 215 22 4
211 427 44 13
211 615 20 9
212 329 44 6
212 507 35 7
212 572 52 14
213 352 24 4
213 410 33 11
213 451 30 10
213 626 32 6
213 664 26 13
213 709 50 10
213 723 11 1
213 776 25 15
214 293 29 2
214 346 57 2
214 466 32 11
214 582 26 14
214 595 7 15
215 250 33 4
215 375 19 15
215 462 43 6
215 555 49 4
215 607 43 12
215 704 46 9
215 719 59 15
215 735 41 2
215 775 57 11
216 559 17 11
216 571 8 13
216 602 31 11
216 691 45 11
217 353 31 6
217 688 36 4
218 292 42 9
218 503 20 11
218 564 52 7
218 600 19 5
218 683 50 14
218 690 53 11
219 513 44 2
219 550 35 12
219 553 7 14
219 631 1 11
220 421 21 8
220 633 58 1
220 775 52 6
221 361 10 14
221 564 10 7
221 728 54 3
221 767 5 10
222 379 17 1
223 298 45 14
223 596 10 11
223 729 22 15
224 611 35 12
224 632 12 1
224 643 24 5
225 264 55 10
225 300 50 12
225 307 43 10
225 360 40 9
225 443 50 4
225 472 45 3
225 638 43 11
225 676 32 7
226 333 39 5
226 571 9 11
226 604 23 13
227 243 7 6
227 272 3 10
227 352 48 5
227 486 9 7
227 585 23 6
227 715 39 3
228 435 52 11
228 712 20 5
228 730 44 15
229 405 11 1
229 427 1 1
229 474 51 6
229 704 27 8
229 764 10 5
229 781 39 7
230 305 34 10
230 411 8 7
230 504 47 12
230 563 26 8
230 709 19 10
231 505 44 1
231 589 4 5
231 604 48 7
231 670 48 7
231 748 45 7
232 322 51 3
233 262 5 11
233 425 31 10
233 519 44 12
233 734 14 5
234 237 40 15
234 496 25 6
234 572 15 12
235 290 21 4
235 346 33 3
235 409 33 13
235 499 56 1
235 592 43 6
236 244 35 10
236 322 22 6
236 324 29 4
236 653 34 2
236 669 27 14
236 767 31 11
236 783 46 5
237 430 8 13
237 516 29 10
237 688 44 4
237 774 58 2
238 278 14 8
238 286 43 4
238 557 34 11
238 609 12 4
238 658 2 4
239 243 47 15
239 298 18 5
239 352 45 14
239 543 40 5
239 657 60 9
240 406 21 15
240 455 46 11
240 523 37 11
240 533 13 3
240 652 25 12
241 288 51 10
241 315 10 13
241 326 45 8
241 393 47 2
241 414 39 1
241 684 5 13
241 708 9 13
242 380 52 14
242 513 31 4
242 557 36 15
242 721 60 5
243 260 36 5
243 531 37 5
243 607 55 1
243 738 17 10
244 346 28 6
244 372 36 13
244 607 3 15
244 655 37 10
245 355 55 1
245 392 5 10
245 420 39 4
245 584 40 1
245 708 4 14
245 734 59 6
246 371 16 7
247 385 36 13
247 409 58 10
247 496 35 5
247 517 40 15
247 526 38 1
247 699 3 11
248 427 42 8
248 480 21 13
249 442 41 2
249 445 15 14
249 470 50 3
249 479 3 13
249 521 48 15
249 569 9 14
249 582 31 5
250 286 16 7
250 403 26 6
250 412 32 14
250 529 52 4
250 537 35 9
250 570 32 8
250 615 59 11
250 684 37 7
251 337 17 8
251 524 33 5
251 526 11 2
251 655 32 11
252 319 28 11
252 337 46 14
252 380 56 2
252 722 59 10
253 340 2 1
253 343 41 13
253 433 18 6
253 446 24 10
253 487 45 3
253 527 17 11
253 537 24 14
253 544 9 3
253 765 22 9
254 429 36 5
254 731 29 6
255 321 53 2
255 546 17 1
255 619 58 11
255 701 16 13
255 740 25 12
255 783 23 12
256 274 45 10
256 306 56 10
256 325 58 14
256 337 39 12
256 369 13 1
256 387 7 4
257 274 27 13
257 307 44 11
257 358 29 13
257 558 3 6
257 572 11 1
257 579 47 11
258 341 17 14
258 418 10 13
258 472 12 11
258 473 42 7
258 562 21 11
258 636 37 8
259 395 54 10
259 403 12 4
259 554 13 4
259 597 3 13
259 679 42 9
260 761 17 12
261 384 2 5
261 482 58 6
261 521 35 8
261 533 28 4
261 579 22 5
261 742 29 9
262 450 5 15
262 455 25 12
262 686 25 2
263 298 19 12
263 378 21 15
263 532 3 14
263 600 52 11
263 656 31 3
264 290 31 2
264 486 10 1
264 567 48 4
265 348 35 8
265 573 30 4
265 745 3 5
266 322 12 12
266 476 60 15
266 526 47 14
266 599 25 15
266 635 22 13
266 703 28 11
266 721 49 13
266 756 16 11
266 778 20 12
267 625 3 10
268 493 44 5
268 689 13 15
268 745 37 6
269 598 25 2
269 606 48 2
269 746 7 1
270 372 22 4
270 458 54 14
270 544 28 15
271 373 2 2
271 378 11 4
271 574 21 13
271 638 29 9
271 663 57 6
272 295 24 15
272 325 18 7
272 508 46 13
272 750 30 7
272 777 2 5
273 399 39 15
273 412 39 15
273 509 10 6
273 535 25 10
273 536 20 10
273 548 4 9
274 313 20 15
274 332 55 9
274 435 52 8
274 459 5 13
274 637 12 9
274 656 47 10
274 682 37 3
274 757 24 6
275 629 35 8
275 636 36 4
275 746 35 10
276 693 50 12
277 643 36 12
277 700 14 10
278 499 14 7
278 512 33 2
278 515 2 15
278 685 56 9
278 756 8 9
279 575 8 14
280 394 42 13
281 503 15 5
281 619 9 11
281 656 12 4
282 437 8 10
282 451 42 12
282 651 41 7
282 711 57 13
283 382 34 10
283 739 40 4
284 318 51 5
284 333 6 5
284 462 26 6
284 589 3 14
284 642 42 12
285 377 41 14
285 398 10 1
285 771 54 14
286 651 10 15
287 425 35 2
287 452 58 10
287 537 30 2
287 598 2 7
287 688 27 9
288 439 13 1
289 294 58 8
289 299 50 13
289 300 7 13
289 303 23 14
289 447 36 5
289 489 4 3
289 676 19 8
289 700 4 13
290 340 33 1
290 488 16 11
290 649 35 11
291 589 24 8
292 385 6 9
292 394 56 9
292 405 1 7
292 474 39 3
292 549 6 14
292 625 37 5
292 632 32 11
292 639 48 1
292 643 2 14
292 657 54 8
293 311 60 15
293 441 11 12
293 557 24 2
293 697 54 2
293 708 24 5
294 298 15 14
294 351 54 9
294 507 6 12
295 371 55 1
295 501 11 11
295 603 20 3
296 520 42 11
296 684 30 13
296 758 13 3
297 526 52 13
297 532 51 15
297 662 4 9
297 777 20 12
298 334 42 14
298 431 22 4
298 595 7 14
298 636 1 8
298 641 39 7
298 704 41 9
299 302 56 4
299 315 39 7
300 316 5 14
300 330 29 12
300 430 42 7
300 456 45 6
300 513 40 1
301 457 47 13
302 353 27 8
302 379 15 8
302 502 25 7
302 521 25 12
302 592 33 4
302 652 45 5
302 660 1 6
302 662 2 9
302 742 40 7
303 364 1 15
303 595 57 15
304 318 48 5
304 324 16 4
304 413 7 3
304 516 56 11
304 551 11 5
304 555 44 8
304 664 21 8
304 758 60 9
304 760 59 12
305 311 39 13
305 348 7 7
305 385 56 9
305 544 28 9
305 552 43 7
305 557 1 14
305 657 46 2
305 735 7 13
306 334 7 1
306 405 28 14
306 560 33 6
307 344 49 1
307 460 33 11
307 470 10 7
307 717 26 6
308 340 24 6
308 359 48 12
308 381 18 9
308 442 7 10
308 518 55 6
308 570 16 11
308 622 10 1
308 683 36 3
308 733 27 6
308 757 32 9
309 546 42 13
309 683 21 2
309 685 46 3
309 737 27 5
309 752 54 15
310 336 59 1
311 435 55 4
311 467 39 9
312 528 58 5
312 546 4 3
312 706 54 7
313 617 44 13
314 569 5 10
315 317 47 12
315 325 25 6
315 478 11 11
315 590 42 8
315 692 32 4
315 714 3 11
315 775 51 4
316 620 34 1
316 638 48 9
316 667 12 5
316 729 36 6
317 400 17 1
317 758 52 11
317 770 27 14
318 324 58 7
318 349 2 3
318 457 1 4
318 680 18 12
319 430 46 10
319 473 1 13
319 650 21 2
320 413 45 6
320 439 15 3
321 555 6 11
321 578 31 13
321 672 26 15
322 667 21 4
323 574 48 12
323 703 19 7
324 401 14 14
324 771 55 4
325 372 59 3
325 404 41 4
325 485 10 3
325 559 3 6
326 336 8 15
326 522 47 1
326 765 58 9
327 419 28 15
327 438 17 1
327 447 21 1
328 760 26 9
329 397 44 12
329 610 27 9
329 752 15 8
330 540 27 1
330 585 59 1
331 683 27 13
331 707 43 15
331 772 9 14
332 362 24 1
332 671 58 6
333 341 31 6
333 488 24 2
333 673 2 14
333 778 47 12
334 483 20 15
334 617 41 15
334 624 13 1
335 452 10 14
335 466 37 4
335 512 6 15
336 413 25 15
336 756 49 4
337 432 26 2
337 647 7 9
338 407 22 3
338 756 46 11
340 349 13 4
340 421 55 14
340 543 46 4
340 566 8 5
341 378 27 7
341 564 17 3
341 568 29 8
341 693 36 10
342 410 1 3
342 486 27 6
342 510 33 6
342 733 49 8
342 773 22 2
342 779 44 4
343 463 17 9
344 365 4 9
344 405 25 10
344 663 58 2
344 750 11 1
344 780 2 4
345 395 17 13
345 435 39 12
345 624 26 6
346 355 2 3
346 628 9 3
347 475 58 15
347 555 32 15
347 738 37 1
348 416 4 5
348 508 40 9
348 614 47 15
348 653 31 2
348 678 5 12
349 361 25 5
349 751 25 12
350 463 34 1
350 505 23 12
350 730 29 13
350 783 44 1
351 371 6 14
351 407 19 11
351 496 49 5
351 585 37 5
351 735 26 12
351 757 42 8
351 764 2 14
352 484 1 6
352 526 33 14
352 527 10 4
352 530 33 7
352 576 60 2
352 593 45 11
352 655 32 5
353 569 13 15
353 659 56 3
353 727 10 10
353 756 60 13
354 373 45 8
354 374 6 12
354 669 7 4
354 695 10 8
355 707 45 5
355 734 18 3
355 754 4 13
356 369 38 6
356 584 5 13
356 599 19 3
356 600 52 14
356 698 53 9
357 398 36 1
357 425 56 12
357 458 21 13
357 589 27 9
357 757 60 13
358 584 44 11
358 690 13 10
358 718 53 11
359 408 30 3
359 504 50 8
359 598 4 14
359 604 54 15
359 623 25 12
359 781 22 4
360 515 53 8
360 692 11 4
361 472 10 8
361 498 20 10
361 580 11 7
361 665 21 13
362 559 4 12
362 605 48 2
362 633 33 14
362 662 49 1
362 745 38 9
363 573 37 9
363 690 39 15
363 752 48 10
364 696 50 4
365 657 16 14
365 734 23 3
366 725 53 2
367 372 3 7
367 397 42 13
367 407 54 8
367 672 13 5
368 483 26 3
368 652 60 3
369 398 38 10
369 767 5 12
370 486 21 8
371 519 12 12
372 721 37 2
372 781 9 3
373 588 46 12
373 701 5 14
374 404 7 8
374 517 36 6
374 611 26 4
374 758 57 11
375 627 26 7
375 642 56 5
376 487 47 5
376 511 40 9
377 511 32 2
377 730 36 5
378 446 28 15
378 465 2 2
378 508 4 4
379 575 51 2
379 607 49 3
380 392 27 9
380 706 49 4
380 779 34 11
381 430 18 10
381 545 15 10
382 452 34 13
382 492 33 9
382 667 36 12
382 739 21 2
382 745 6 4
383 389 18 13
383 517 46 13
383 537 6 10
383 647 4 6
383 699 8 4
384 529 17 4
384 627 33 3
384 717 6 14
384 747 7 10
384 756 45 9
385 449 31 12
385 655 58 11
385 702 42 13
385 742 23 9
386 767 50 6
387 456 24 5
387 742 6 15
387 744 23 15
388 623 52 14
388 700 36 13
388 731 47 9
388 755 56 1
389 401 25 14
389 410 46 5
389 670 21 14
389 722 41 9
389 731 49 4
390 397 20 15
391 551 26 4
391 560 35 15
392 397 58 3
393 601 49 2
393 627 27 8
393 677 29 14
393 724 56 1
395 438 14 12
395 612 56 8
395 754 56 15
396 431 2 1
396 707 51 10
397 539 9 4
397 586 19 4
397 635 54 12
397 647 28 3
398 424 5 12
398 446 11 3
398 453 2 4
398 485 16 12
398 499 27 13
398 527 22 3
398 666 16 11
399 432 29 11
399 474 32 15
399 620 21 11
400 579 45 1
401 412 22 13
401 585 24 7
401 708 27 9
402 581 33 3
402 741 47 2
402 782 3 13
403 655 11 2
403 677 23 6
403 714 31 7
404 468 28 1
404 551 44 1
404 776 39 6
405 620 40 11
405 730 26 3
406 536 10 6
407 488 53 4
407 508 1 14
407 527 60 1
407 579 9 5
407 696 28 2
408 615 9 8
409 469 15 7
409 490 44 8
409 542 48 13
409 655 4 8
409 726 60 14
411 557 6 3
411 681 20 12
411 700 39 4
413 434 49 7
413 509 52 1
413 703 3 15
414 764 15 14
415 491 38 14
415 527 10 11
415 636 13 2
415 696 10 8
416 453 23 6
416 602 40 15
416 622 18 9
416 723 32 7
416 765 23 8
417 431 54 8
417 722 10 13
418 574 20 2
418 588 18 8
418 653 53 9
418 661 6 13
418 773 60 2
419 457 37 14
419 603 41 2
419 668 38 11
419 739 16 1
419 783 27 7
420 507 7 10
420 552 54 7
420 622 30 9
420 680 28 4
421 513 25 11
421 755 27 10
422 537 20 13
422 642 43 11
422 678 43 7
422 692 17 15
422 766 39 9
423 602 41 10
423 778 3 3
424 568 36 5
424 700 7 10
425 538 12 5
425 647 58 5
425 672 59 15
425 715 27 4
425 745 60 5
426 464 14 3
426 631 53 15
426 684 47 12
427 457 38 15
427 466 46 15
427 489 16 5
427 651 20 9
428 550 26 12
428 656 20 10
428 728 46 4
428 729 34 2
429 547 33 5
429 609 25 12
429 650 30 5
430 541 39 2
430 716 45 13
431 467 49 10
431 486 30 1
431 555 22 1
431 568 60 8
431 683 50 10
431 718 54 6
432 442 45 14
432 462 2 5
432 730 58 7
433 644 44 6
433 745 34 6
434 506 43 9
434 668 36 2
434 778 14 12
435 492 13 12
435 626 55 8
435 699 26 1
435 768 39 5
436 476 42 15
436 515 12 9
436 572 23 2
436 690 20 15
436 695 50 13
437 777 8 13
438 486 41 3
438 511 33 7
438 600 42 15
438 620 3 13
438 696 8 4
438 705 51 3
438 710 46 11
438 781 22 5
439 530 58 2
440 710 6 1
441 598 25 3
441 625 4 14
441 662 26 7
441 768 51 2
442 476 55 3
443 609 30 13
443 619 14 15
443 653 19 3
443 665 5 1
444 474 42 4
444 651 48 8
444 666 5 10
444 699 12 13
444 762 37 8
445 479 51 15
445 544 24 15
447 669 13 14
447 680 36 4
447 705 4 12
448 525 24 1
448 533 17 5
448 549 21 4
449 455 30 11
449 518 20 8
449 579 15 9
449 609 17 5
451 592 17 7
452 525 22 5
454 463 12 11
454 572 54 10
454 697 50 5
454 716 25 10
454 756 37 13
455 539 48 11
455 549 54 6
455 584 35 13
455 687 47 11
456 500 20 5
456 612 12 1
456 715 35 12
457 606 52 7
457 611 42 8
458 690 35 2
459 561 53 6
459 584 1 3
459 671 60 10
460 556 53 10
460 667 49 8
461 564 50 7
461 630 15 12
461 637 8 3
461 706 15 7
463 552 60 8
463 575 45 8
463 660 28 13
464 526 58 4
464 668 8 2
464 718 13 8
464 747 27 3
465 497 24 4
465 622 41 15
465 623 24 6
465 720 2 15
466 608 34 10
466 717 9 14
468 582 33 12
468 721 15 14
469 731 35 15
470 486 38 12
470 513 25 8
470 537 38 11
471 627 41 15
471 712 4 6
472 542 23 2
472 784 52 6
473 710 16 2
474 495 41 14
474 589 14 14
474 638 52 6
474 655 13 7
476 642 5 9
476 681 52 13
477 528 56 5
477 677 29 14
477 723 7 5
478 776 33 7
479 539 7 14
479 648 53 4
480 513 54 13
480 690 9 11
481 484 53 12
481 575 25 7
481 633 19 10
481 655 48 5
482 507 51 10
483 501 34 13
483 624 12 11
484 488 34 9
484 613 45 5
484 758 6 1
485 512 41 13
485 672 8 10
486 699 22 8
487 604 39 7
487 635 19 10
487 721 1 7
487 737 27 8
487 777 7 6
488 587 38 15
488 683 46 10
488 709 32 1
489 629 34 6
490 512 36 12
490 717 25 11
490 741 36 15
490 749 36 10
490 754 46 14
490 759 50 9
491 693 28 4
491 716 50 9
492 518 11 7
492 607 12 9
493 544 13 14
493 733 1 6
494 536 19 3
494 642 26 12
494 722 32 13
496 528 40 7
496 576 17 8
496 602 12 12
496 747 15 11
497 567 8 5
497 633 40 2
498 597 40 13
498 605 50 14
499 609 27 13
499 619 18 8
500 777 16 9
501 757 39 3
502 617 32 8
502 728 26 11
502 780 31 13
503 703 48 14
504 603 16 8
504 720 30 2
505 524 13 12
505 726 39 7
506 546 9 7
507 567 46 15
507 719 38 4
508 512 57 3
508 539 8 12
508 719 27 1
508 761 51 14
509 635 31 3
509 638 20 6
510 584 20 9
510 687 42 14
511 584 59 15
511 595 12 10
511 684 28 13
512 610 24 10
512 630 28 7
512 657 7 3
512 662 31 11
512 719 2 10
512 766 14 8
513 614 38 3
513 684 22 3
513 691 1 11
515 613 19 11
515 767 59 7
516 614 16 7
517 609 17 1
517 697 39 3
517 706 53 8
517 713 41 3
518 696 31 14
520 576 12 8
521 590 19 8
521 606 5 5
521 749 13 12
521 762 23 12
522 582 51 6
523 707 27 7
524 558 33 3
524 662 48 10
524 754 18 9
525 528 28 15
525 576 16 1
525 582 44 3
525 745 33 12
526 529 48 12
526 605 40 12
526 650 57 1
527 567 36 2
528 647 36 10
529 560 8 13
529 620 57 15
529 680 21 2
530 546 9 5
530 777 56 4
531 720 39 11
531 728 25 11
532 639 48 15
532 754 31 14
533 686 12 9
534 598 5 4
534 637 57 2
534 689 22 15
535 539 32 7
535 729 7 10
537 560 33 14
537 783 21 5
538 642 36 1
539 584 11 11
539 605 22 14
540 655 39 6
540 674 48 11
540 710 24 8
540 712 9 4
540 764 56 6
541 554 17 10
541 556 43 14
541 587 18 15
541 660 43 9
542 665 42 8
544 664 56 13
544 758 16 3
545 548 46 2
545 565 37 4
545 580 22 8
545 723 34 15
546 573 40 4
546 728 21 1
547 566 6 1
547 642 54 5
547 649 21 7
547 672 42 13
548 658 4 8
548 676 38 15
549 720 12 4
549 761 44 11
550 736 50 10
551 681 6 1
552 635 11 6
552 713 46 12
553 554 8 6
553 686 38 13
554 705 13 3
556 659 24 3
556 669 18 8
557 574 34 15
558 602 8 13
558 678 20 8
559 562 39 1
560 615 31 2
560 687 35 11
560 700 18 8
561 572 28 14
561 691 45 6
562 762 38 2
563 576 14 7
563 655 37 2
563 773 58 12
564 595 11 15
564 596 49 8
564 637 24 1
565 589 56 1
565 611 4 15
565 677 52 13
565 731 55 5
566 734 43 4
568 648 6 15
568 667 36 1
568 776 38 7
569 775 46 14
570 700 26 11
571 583 46 4
572 753 17 7
573 702 15 6
574 581 19 10
574 595 16 12
574 623 44 3
574 628 60 2
574 667 60 15
575 612 31 2
575 662 54 13
576 605 15 8
576 705 17 15
576 724 44 1
576 731 59 2
577 603 29 3
578 699 45 6
579 686 46 2
583 600 42 1
583 602 28 7
583 620 12 8
583 712 27 5
584 658 42 12
584 723 22 1
584 742 27 1
585 784 54 5
587 618 24 10
587 648 15 4
587 679 38 11
587 722 12 9
588 774 54 1
588 781 6 2
589 591 8 1
589 601 53 15
589 727 4 3
590 698 35 7
590 719 53 10
590 745 11 15
591 648 40 5
592 656 47 9
593 699 55 2
594 658 24 15
595 655 30 6
595 776 13 14
596 654 46 1
596 773 7 2
597 671 33 3
597 762 48 8
601 742 7 5
602 618 42 8
602 647 9 11
603 706 23 14
603 737 35 9
603 778 30 13
604 642 43 7
605 659 43 7
605 661 43 2
605 738 9 4
605 759 12 14
605 768 47 15
606 715 10 15
607 661 25 5
607 753 13 8
608 668 16 12
608 697 28 13
609 656 59 6
609 743 45 4
610 620 60 10
610 708 39 1
611 737 30 12
612 714 32 8
612 770 11 7
613 640 28 9
613 735 13 6
614 681 37 12
614 746 42 2
615 781 29 5
617 620 15 15
617 628 20 5
617 779 58 10
619 644 24 14
619 756 35 10
619 780 19 15
621 754 58 2
622 673 44 9
622 768 17 13
623 668 50 7
625 661 27 13
625 723 52 13
625 738 52 14
626 749 27 5
629 733 34 1
631 645 29 1
632 633 53 7
632 655 30 2
634 700 47 3
635 721 4 13
636 645 25 14
636 746 39 5
636 762 33 15
637 647 24 6
637 654 41 14
637 709 57 4
637 721 31 3
637 737 5 4
641 664 43 9
641 721 26 8
644 757 8 3
644 766 45 12
645 649 59 15
647 702 37 1
647 704 37 11
647 767 24 5
649 683 31 12
650 767 49 3
651 678 51 6
652 663 31 9
652 665 16 9
653 673 16 9
653 689 50 1
653 735 50 7
654 659 53 14
654 695 56 2
654 760 23 8
655 719 47 8
656 690 44 2
656 693 10 5
657 698 9 8
659 710 12 10
663 681 32 15
663 689 11 11
665 723 11 2
666 680 21 14
668 695 58 6
668 710 56 9
668 725 50 8
668 730 4 8
670 679 10 10
670 700 29 11
670 738 42 10
671 711 50 7
671 750 38 13
672 711 35 12
673 743 26 13
674 748 31 3
674 781 55 12
675 701 53 5
676 766 30 4
677 776 18 8
678 729 31 15
680 735 5 12
682 776 19 4
684 688 57 10
687 752 4 11
692 709 10 6
692 720 34 5
694 770 60 14
695 765 49 13
696 701 15 9
696 777 51 13
697 698 28 6
699 764 59 8
706 734 48 1
706 750 51 10
709 747 18 10
712 744 12 4
713 737 54 2
714 730 32 15
720 778 15 2
727 776 40 10
733 755 5 15
735 754 32 4
737 760 52 4
739 749 38 7
739 759 6 8
740 779 39 13
745 755 43 2
754 756 25 8
759 768 7 15
761 765 31 12
761 779 18 3
764 770 36 10
770 772 11 3

0 13 36
1 17 40
2 19 13
3 31 10
4 37 10
5 42 28
6 54 40
7 56 49
8 61 31
9 84 29
10 87 33
11 95 8
12 103 30
13 104 43
14 122 48
15 130 26
16 153 7
17 156 50
18 158 48
19 166 29
20 170 21
21 193 44
22 205 12
23 218 15
24 221 21
25 229 41
26 246 31
27 260 41
28 262 11
29 265 26
30 268 13
31 272 45
32 298 49
33 313 43
34 323 10
35 327 42
36 363 29
37 365 36
38 370 29
39 380 13
40 393 4
41 416 11
42 423 29
43 424 22
44 443 23
45 446 25
46 448 32
47 453 21
48 454 24
49 476 34
50 477 11
51 485 47
52 501 41
53 503 9
54 530 1
55 534 35
56 540 34
57 542 6
58 557 42
59 585 44
60 589 40
61 599 11
62 629 27
63 658 5
64 661 29
65 670 44
66 671 3
67 690 30
68 695 2
69 698 5
70 702 16
71 703 45
72 706 34
73 710 3
74 720 18
75 726 11
76 729 21
77 777 19
