754 3750 75 8

0 30 5315
1 60 9743
2 90 13394
3 120 16367
4 150 18750
5 180 20620
6 210 22048
7 240 23093

0 607
1 1118
2 952
3 1266
4 1005
5 1001
6 708
7 1017
8 1239
9 1214
10 1240
11 1069
12 1173
13 1183
14 1045
15 943
16 940
17 1293
18 1248
19 1430
20 1157
21 997
22 1350
23 756
24 970
25 1335
26 997
27 1019
28 1065
29 1153
30 1298
31 775
32 1025
33 1159
34 1097
35 1147
36 1306
37 1156
38 971
39 1059
40 1390
41 1278
42 1123
43 1259
44 1015
45 1198
46 1191
47 1181
48 1086
49 1065
50 1235
51 875
52 940
53 1102
54 1442
55 962
56 1108
57 1099
58 1038
59 910
60 1096
61 1282
62 783
63 1271
64 1121
65 1324
66 1052
67 1100
68 991
69 1107
70 1027
71 786
72 1189
73 880
74 1020
75 852
76 960
77 885
78 848
79 1211
80 822
81 1063
82 1095
83 831
84 896
85 1093
86 1233
87 1268
88 893
89 871
90 1100
91 975
92 963
93 1199
94 749
95 1167
96 1028
97 782
98 1274
99 1027
100 1175
101 1042
102 958
103 1187
104 877
105 826
106 1166
107 1245
108 976
109 1052
110 1341
111 982
112 778
113 1256
114 675
115 886
116 900
117 1166
118 1308
119 1289
120 821
121 1232
122 1260
123 1270
124 1168
125 921
126 891
127 1197
128 908
129 1042
130 1196
131 1230
132 1045
133 1263
134 902
135 1081
136 1010
137 1363
138 1200
139 1082
140 827
141 839
142 1011
143 1202
144 1122
145 995
146 1037
147 1040
148 1404
149 1031
150 1098
151 1117
152 928
153 1170
154 1338
155 1562
156 831
157 820
158 1328
159 879
160 1173
161 1120
162 1113
163 1026
164 1189
165 1092
166 1107
167 1210
168 888
169 937
170 898
171 865
172 689
173 1129
174 1261
175 1113
176 1187
177 1018
178 1080
179 1197
180 1146
181 1273
182 923
183 880
184 929
185 1058
186 812
187 1301
188 1228
189 838
190 1399
191 1192
192 1242
193 851
194 649
195 926
196 946
197 914
198 1180
199 815
200 1447
201 1204
202 1416
203 1149
204 1121
205 1054
206 1156
207 1199
208 1391
209 895
210 921
211 1036
212 1308
213 1161
214 625
215 1150
216 1217
217 978
218 1049
219 784
220 1089
221 1348
222 1163
223 842
224 809
225 832
226 1044
227 1422
228 1246
229 972
230 1070
231 1175
232 1333
233 1119
234 884
235 1242
236 1042
237 1001
238 991
239 954
240 1184
241 1334
242 1032
243 867
244 1117
245 881
246 1048
247 951
248 822
249 1159
250 1180
251 1091
252 984
253 1261
254 921
255 765
256 1290
257 1168
258 961
259 1077
260 1007
261 847
262 797
263 1188
264 915
265 894
266 954
267 1100
268 758
269 983
270 993
271 629
272 888
273 1023
274 1076
275 1457
276 1175
277 1236
278 1273
279 1397
280 1155
281 992
282 1051
283 915
284 1413
285 1367
286 989
287 895
288 1059
289 1259
290 1101
291 1177
292 1067
293 1040
294 856
295 794
296 1211
297 1178
298 928
299 1104
300 1157
301 1303
302 1019
303 898
304 973
305 1292
306 1283
307 1157
308 1188
309 1068
310 770
311 765
312 1038
313 1113
314 945
315 978
316 1098
317 1154
318 1098
319 1161
320 1407
321 1279
322 1153
323 919
324 943
325 1269
326 1195
327 1139
328 1050
329 1196
330 1357
331 1259
332 848
333 918
334 1169
335 906
336 1137
337 969
338 1109
339 1104
340 1176
341 964
342 741
343 1408
344 1126
345 1071
346 1047
347 1106
348 1137
349 1209
350 831
351 1108
352 1045
353 1030
354 1069
355 1031
356 1217
357 959
358 1309
359 1015
360 1106
361 1038
362 1243
363 795
364 1548
365 1020
366 1117
367 1316
368 1001
369 1292
370 1300
371 887
372 987
373 1099
374 915
375 1118
376 1170
377 1147
378 1030
379 1187
380 1136
381 963
382 1166
383 1187
384 767
385 1463
386 1162
387 1175
388 774
389 1152
390 1190
391 1018
392 917
393 1279
394 1222
395 1219
396 1080
397 1147
398 915
399 1412
400 869
401 1447
402 691
403 957
404 1062
405 1018
406 1392
407 924
408 1145
409 1211
410 1415
411 1280
412 789
413 1248
414 932
415 1225
416 1041
417 1042
418 1102
419 1240
420 1043
421 1039
422 1139
423 987
424 1057
425 1090
426 922
427 1255
428 1291
429 779
430 628
431 1453
432 1344
433 872
434 1030
435 1210
436 1183
437 1147
438 1076
439 1203
440 1173
441 950
442 904
443 1485
444 1383
445 1102
446 883
447 1257
448 1077
449 1180
450 1020
451 978
452 931
453 1242
454 1217
455 1132
456 1273
457 907
458 1037
459 1275
460 670
461 956
462 1098
463 1171
464 1133
465 1259
466 1034
467 1159
468 1267
469 1148
470 1203
471 911
472 935
473 1066
474 1298
475 1251
476 1127
477 733
478 899
479 1022
480 1313
481 840
482 1085
483 1011
484 1130
485 958
486 933
487 934
488 1161
489 1383
490 970
491 1226
492 1101
493 1330
494 1006
495 1181
496 1239
497 927
498 879
499 1426
500 934
501 759
502 1136
503 758
504 1042
505 1207
506 805
507 876
508 971
509 1199
510 848
511 1081
512 899
513 945
514 680
515 918
516 916
517 765
518 1159
519 1273
520 958
521 1078
522 748
523 1052
524 895
525 743
526 953
527 1359
528 910
529 1150
530 1048
531 1167
532 1490
533 1353
534 1101
535 888
536 1200
537 1273
538 1205
539 1215
540 1073
541 1286
542 1099
543 1594
544 869
545 696
546 1031
547 971
548 1332
549 886
550 1038
551 1544
552 983
553 936
554 1124
555 1156
556 1058
557 1011
558 965
559 974
560 1317
561 988
562 1047
563 1203
564 807
565 1055
566 855
567 1060
568 949
569 1376
570 1091
571 986
572 1003
573 1167
574 954
575 1212
576 1066
577 1245
578 861
579 833
580 1268
581 1103
582 1154
583 945
584 1094
585 914
586 730
587 1153
588 1402
589 837
590 1028
591 955
592 1061
593 938
594 1383
595 986
596 919
597 977
598 1036
599 973
600 1106
601 989
602 1230
603 836
604 1092
605 1279
606 1057
607 985
608 1027
609 976
610 952
611 922
612 1307
613 1207
614 1171
615 1102
616 1074
617 1317
618 864
619 853
620 1311
621 1115
622 1270
623 1208
624 1049
625 982
626 970
627 1022
628 949
629 1290
630 1075
631 886
632 920
633 936
634 1276
635 1195
636 707
637 1351
638 1152
639 1105
640 1064
641 1099
642 1149
643 806
644 1178
645 989
646 931
647 1089
648 995
649 758
650 1150
651 805
652 1372
653 605
654 1045
655 1032
656 979
657 1090
658 1360
659 933
660 925
661 1147
662 1283
663 1401
664 1265
665 857
666 872
667 1080
668 745
669 1302
670 1061
671 1166
672 806
673 1327
674 1216
675 1265
676 1471
677 1281
678 1229
679 1053
680 1149
681 1135
682 994
683 816
684 870
685 1187
686 1410
687 1223
688 1135
689 1124
690 1279
691 1209
692 1031
693 1329
694 955
695 1124
696 686
697 780
698 874
699 1123
700 1292
701 1130
702 1172
703 830
704 1032
705 1390
706 1125
707 1051
708 1040
709 1059
710 1093
711 1065
712 863
713 1042
714 1063
715 895
716 1181
717 1165
718 932
719 877
720 862
721 991
722 992
723 1207
724 956
725 1006
726 1255
727 1277
728 906
729 1246
730 1072
731 1106
732 889
733 1336
734 759
735 1004
736 1026
737 837
738 1217
739 835
740 1566
741 1076
742 1330
743 1572
744 1243
745 1160
746 1305
747 1280
748 1265
749 1215
750 992
751 1045
752 1290
753 1259

0 199 22 1
0 314 8 11
0 356 1 7
0 430 5 8
0 547 23 15
1 15 12 15
1 366 54 10
1 377 21 9
1 417 47 15
1 436 28 8
1 484 39 14
2 57 11 4
2 333 4 12
2 355 27 7
3 16 11 1
3 155 52 2
3 306 45 9
3 316 14 4
3 350 52 6
3 352 3 1
3 407 25 12
3 417 53 1
3 645 6 1
3 704 34 3
4 56 6 14
4 239 24 2
4 333 47 14
4 402 3 9
4 465 52 8
4 530 26 11
4 533 15 10
4 582 37 15
4 600 11 13
4 674 49 14
5 52 27 8
5 63 56 5
5 282 38 8
5 310 35 6
5 316 55 7
5 406 50 11
5 490 28 2
5 638 3 11
5 689 30 2
6 137 11 15
6 154 47 11
6 160 17 9
6 178 5 8
6 190 50 14
6 374 55 6
6 430 20 12
6 479 50 5
6 509 60 8
6 511 55 5
6 592 9 8
6 671 14 11
6 697 48 4
7 97 53 5
7 215 26 4
7 282 39 5
7 348 3 2
7 357 47 2
7 417 8 13
7 492 44 12
7 579 31 15
7 602 19 6
8 68 60 1
8 77 38 7
8 211 37 2
8 359 36 3
8 363 47 13
8 405 29 1
8 497 21 12
8 576 36 8
8 651 17 3
9 92 30 4
9 124 19 14
9 205 40 1
9 242 51 4
9 249 26 6
9 280 11 5
9 281 46 15
9 285 7 2
9 296 57 11
9 340 48 6
9 364 7 13
9 567 9 10
9 575 26 4
9 699 22 10
10 96 50 8
10 181 40 2
10 211 36 11
10 294 8 14
10 333 45 6
10 352 46 12
10 367 24 14
10 459 53 3
10 502 55 14
10 598 39 12
10 603 41 11
10 611 10 8
10 701 12 11
10 705 28 13
11 21 14 12
11 29 6 4
11 327 20 12
11 414 24 10
11 487 56 2
11 502 40 4
11 553 60 14
11 629 40 2
11 680 58 1
11 686 10 15
12 18 1 4
12 124 8 3
12 146 49 4
12 156 12 5
12 166 9 9
12 236 55 13
12 250 34 10
12 365 6 6
12 379 17 4
12 398 22 11
12 449 22 11
12 477 50 3
12 556 12 4
12 691 17 10
13 23 29 5
13 72 32 12
13 115 60 5
13 134 42 9
13 138 16 10
13 396 59 10
13 670 29 15
13 704 44 12
13 726 3 1
13 727 2 1
14 53 9 7
14 142 10 1
14 244 24 12
14 299 19 1
14 382 4 11
14 730 19 5
15 204 1 10
15 341 18 11
15 373 16 9
15 391 44 4
15 426 36 7
15 442 37 3
15 484 16 9
15 494 36 1
15 619 58 11
15 620 43 5
15 664 1 7
15 743 30 12
15 744 28 11
16 25 42 2
16 95 50 3
16 177 17 15
16 324 10 12
16 416 50 1
16 432 24 15
16 542 44 12
16 598 14 12
17 26 30 13
17 37 36 4
17 41 11 7
17 155 21 5
17 170 12 7
17 347 18 12
17 395 31 8
17 445 46 7
17 450 18 4
17 539 40 15
18 55 48 4
18 242 45 14
18 290 40 1
18 443 26 2
18 455 50 8
18 497 25 5
18 549 45 15
18 735 58 8
19 242 40 14
19 313 40 10
19 356 33 8
19 412 45 12
19 445 51 8
19 598 60 2
19 634 5 15
20 113 34 6
20 121 57 11
20 132 59 5
20 157 15 1
20 588 58 11
20 663 19 1
20 682 36 11
21 24 21 13
21 50 22 1
21 241 55 9
21 353 58 3
21 362 41 8
21 451 59 8
21 469 58 4
21 558 51 2
21 567 2 9
21 602 10 7
21 622 4 15
22 32 29 5
22 54 48 12
22 178 29 6
22 188 40 7
22 350 52 4
22 385 16 6
22 579 32 3
22 623 35 10
23 106 20 8
23 114 34 13
23 173 39 12
23 199 50 6
23 334 32 15
23 342 2 14
23 360 30 13
23 377 25 5
23 397 7 8
23 472 36 5
23 570 24 14
23 577 58 5
23 594 32 14
23 708 24 13
24 47 19 2
24 193 55 6
24 205 11 13
24 287 50 4
24 421 31 14
24 465 32 15
24 511 19 8
24 522 32 7
24 526 52 15
24 611 14 12
24 652 46 12
24 710 22 12
24 730 2 1
25 70 22 8
25 163 3 15
25 223 40 1
25 286 44 3
25 303 46 11
25 310 28 10
25 315 53 10
25 597 59 12
26 63 1 4
26 194 28 2
26 296 54 11
26 367 20 13
26 503 20 7
26 535 12 2
26 576 16 3
26 684 4 12
27 174 11 12
27 205 21 10
27 300 37 3
27 510 40 9
27 683 7 11
27 747 13 12
28 44 16 7
28 52 9 12
28 196 32 9
28 222 34 7
28 226 26 15
28 361 27 10
28 366 25 7
28 440 33 4
28 510 44 10
28 623 12 8
28 659 55 11
29 32 58 6
29 129 58 1
29 152 30 7
29 250 26 11
29 352 13 13
29 357 7 8
29 363 33 2
29 492 29 12
29 537 33 6
29 549 18 1
29 638 15 1
29 656 41 4
30 61 37 5
30 197 25 9
30 258 31 5
30 350 10 14
30 381 5 13
30 408 22 12
30 409 53 3
30 465 40 3
30 618 12 12
30 622 32 15
31 51 3 10
31 96 56 1
31 192 54 14
31 220 42 7
31 298 27 7
31 340 45 1
31 454 13 12
31 550 49 15
31 702 32 5
32 344 18 9
32 474 56 4
32 594 42 15
32 624 40 15
32 660 6 12
33 37 40 12
33 106 23 14
33 183 34 9
33 222 22 3
33 289 21 2
33 391 51 6
33 545 28 10
33 670 43 5
34 77 19 7
34 138 5 7
34 149 42 15
34 271 16 6
34 335 39 10
34 416 24 4
34 602 39 3
34 662 40 3
35 48 36 14
35 90 55 6
35 95 60 4
35 229 20 10
35 444 41 3
35 520 43 5
35 530 50 5
35 531 25 11
35 633 12 13
35 700 12 12
35 726 30 13
35 750 50 2
36 101 23 8
36 163 21 10
36 174 13 15
36 179 16 2
36 189 41 5
36 384 41 6
36 603 20 4
36 683 33 1
37 63 57 6
37 219 12 11
37 287 39 7
37 327 6 6
37 386 49 12
37 417 5 10
37 513 21 2
37 542 50 1
37 734 48 6
37 740 58 7
38 118 50 4
38 189 12 10
38 210 5 6
38 220 46 6
38 259 3 4
38 338 3 12
38 594 56 5
38 674 4 1
38 717 54 3
38 735 54 12
39 114 6 4
39 119 6 4
39 135 59 4
39 147 48 11
39 316 7 10
39 445 46 8
39 508 60 14
39 559 13 15
40 83 52 4
40 135 22 15
40 169 8 13
40 222 4 13
40 276 35 7
40 507 22 9
40 616 30 9
41 284 13 2
41 295 12 14
41 340 51 7
41 507 55 1
41 527 36 9
42 179 4 13
42 220 11 5
42 481 53 8
42 536 55 9
42 552 22 15
42 581 37 12
42 686 48 13
43 88 44 1
43 179 30 7
43 218 8 11
43 276 6 3
43 446 10 13
43 550 2 12
43 564 2 1
43 718 53 9
44 142 34 13
44 591 26 9
44 607 7 1
44 619 39 11
44 639 57 13
44 700 46 10
45 256 10 1
45 257 9 14
45 334 41 12
45 476 22 7
45 497 48 15
45 554 23 15
45 743 51 5
46 257 34 7
46 321 39 11
46 410 60 7
46 539 59 15
46 612 59 3
46 746 29 14
47 66 37 7
47 163 29 8
47 198 53 15
47 378 47 1
47 380 1 11
47 428 54 6
47 461 60 3
47 522 26 9
47 601 28 15
47 628 11 14
47 719 8 1
48 125 1 13
48 199 24 7
48 310 28 10
48 348 60 12
48 363 29 12
48 444 22 2
48 568 59 12
48 605 20 9
48 705 53 13
48 717 14 4
48 741 56 14
49 248 15 7
49 264 2 13
49 323 56 12
49 408 11 2
49 434 38 7
49 445 49 2
49 478 31 8
49 522 4 1
49 534 1 13
49 660 8 14
49 677 14 14
49 712 15 8
50 142 9 6
50 205 7 15
50 244 60 3
50 278 46 10
50 343 41 2
50 479 32 11
51 78 14 13
51 90 21 3
51 105 50 10
51 119 9 5
51 158 55 6
51 347 16 2
51 638 47 2
51 725 13 14
52 162 40 12
52 341 27 8
52 438 40 10
52 483 23 15
52 535 58 8
52 612 35 10
52 744 31 8
53 64 56 10
53 77 51 12
53 106 3 12
53 132 54 8
53 199 11 9
53 404 46 5
53 440 41 14
53 475 31 7
53 490 34 6
53 569 18 3
54 225 56 6
54 264 13 2
54 291 2 6
54 370 10 9
54 397 32 14
54 409 21 7
54 447 55 7
54 576 8 9
54 637 26 15
54 659 47 15
54 733 2 4
55 206 45 11
55 212 27 5
55 259 8 7
55 280 50 12
55 289 10 5
55 291 7 5
55 292 3 3
55 354 43 7
55 429 34 2
55 491 51 11
55 520 40 10
55 544 26 5
55 599 45 8
56 160 45 8
56 162 45 1
56 484 16 5
56 551 21 1
56 561 1 13
56 604 23 9
56 703 27 8
56 704 45 5
56 735 52 1
56 750 39 12
57 88 34 14
57 146 45 7
57 302 33 5
57 374 60 9
57 376 36 2
57 606 13 2
58 185 60 15
58 250 58 6
58 259 26 4
58 262 50 1
58 358 37 9
58 401 1 7
58 409 41 1
58 511 10 2
58 532 20 12
58 548 44 14
58 747 2 10
59 85 9 7
59 92 58 4
59 151 43 10
59 186 52 12
59 233 51 4
59 290 29 3
59 409 36 11
59 482 28 2
59 500 19 14
59 514 59 6
59 517 2 3
59 585 7 2
59 635 24 4
60 143 45 5
60 204 27 4
60 426 14 15
60 455 34 8
60 467 54 1
60 594 32 14
61 214 11 10
61 215 16 7
61 703 42 15
61 741 37 11
62 115 49 5
62 171 6 7
62 301 1 12
62 405 43 11
62 478 52 13
62 513 46 15
62 624 45 2
62 638 10 5
63 283 20 7
63 307 2 10
63 335 51 6
63 433 2 11
64 164 47 12
64 197 39 7
64 277 53 1
64 343 14 3
64 624 45 4
64 634 43 2
64 647 2 1
65 82 56 12
65 131 33 8
65 174 57 15
65 228 55 1
65 251 58 13
65 281 45 13
65 422 23 1
65 518 57 8
65 579 45 12
65 698 35 11
66 85 1 3
66 195 17 11
66 251 18 6
66 283 8 9
66 347 44 5
66 361 49 4
66 368 3 10
66 440 23 8
66 492 10 7
66 565 29 11
66 590 41 7
66 711 38 9
66 717 56 11
67 172 29 6
67 231 9 9
67 348 19 2
67 371 8 11
67 372 33 10
67 464 25 8
67 573 34 6
67 689 32 14
67 695 22 15
68 104 52 10
68 159 40 15
68 233 8 3
68 386 45 10
68 429 35 8
68 460 34 15
68 514 10 8
68 530 37 9
68 601 50 9
68 709 10 3
68 745 21 10
69 177 43 15
69 345 28 15
69 701 51 4
70 172 41 4
70 363 50 7
70 441 39 2
70 453 14 11
70 529 45 9
70 667 8 10
70 714 12 9
70 729 36 7
71 84 10 9
71 108 17 9
71 152 21 11
71 204 33 14
71 290 8 2
71 301 48 4
71 382 57 13
71 425 4 8
71 439 33 12
71 462 27 8
71 504 28 5
71 565 7 6
71 593 48 9
71 655 24 9
71 717 45 15
72 91 52 3
72 181 33 1
72 264 56 8
72 275 10 5
72 285 18 2
72 348 8 8
72 370 39 4
72 378 34 15
72 399 8 11
72 406 30 9
72 516 57 15
72 589 15 15
72 675 33 15
72 676 50 15
72 722 49 1
72 733 6 6
73 156 17 4
73 279 31 15
73 289 25 6
73 328 5 3
73 371 56 4
73 376 56 1
73 397 45 3
73 485 11 7
73 546 9 7
73 614 31 13
73 686 23 9
74 253 35 12
74 270 9 13
74 349 42 2
74 533 13 15
74 559 34 6
74 589 26 2
74 641 29 3
74 728 48 8
75 215 55 2
75 241 12 10
75 285 53 8
75 288 33 10
75 341 57 14
75 349 52 7
75 399 54 13
75 460 6 14
75 466 10 5
75 542 40 12
75 574 57 4
75 596 59 5
75 721 31 13
76 85 19 8
76 94 43 14
76 245 28 15
76 328 11 2
76 401 37 1
76 509 38 1
76 565 45 2
76 629 39 7
76 684 36 9
76 747 50 15
77 198 43 8
77 202 40 5
77 225 21 11
77 242 21 11
77 261 27 15
77 322 51 4
77 337 4 12
77 408 27 6
77 545 2 7
77 575 27 3
77 622 34 6
77 677 55 15
77 740 39 14
78 99 44 11
78 175 4 6
78 214 39 7
78 259 51 8
78 309 29 7
78 357 35 9
78 373 6 3
78 414 53 14
78 481 26 6
78 516 45 9
78 559 21 12
78 622 4 13
78 623 5 1
78 716 50 9
79 89 3 11
79 142 56 14
79 194 30 1
79 252 10 3
79 320 53 11
79 326 56 10
79 412 2 14
79 420 18 6
79 421 1 10
79 498 12 4
79 531 21 4
79 549 34 14
79 557 21 7
79 615 18 13
79 675 28 13
79 677 13 10
80 110 3 5
80 127 31 3
80 150 38 14
80 188 33 2
80 358 30 12
80 384 22 5
80 406 10 15
80 495 32 8
80 558 34 4
80 566 26 4
80 698 60 1
81 189 47 6
81 297 37 3
81 329 48 3
81 419 20 1
81 711 36 11
82 165 40 8
82 396 6 12
82 515 51 11
82 582 58 15
83 132 35 6
83 193 59 1
83 203 6 15
83 278 20 7
83 314 35 5
83 316 5 1
83 362 30 13
83 534 36 11
83 545 27 12
84 150 25 2
84 237 21 2
84 238 49 14
84 267 27 7
84 563 4 5
84 581 56 4
84 652 33 11
84 665 1 3
84 704 56 7
85 171 27 7
85 174 44 13
85 194 36 3
85 246 6 5
85 307 20 11
85 367 57 6
85 499 20 6
85 501 45 3
85 547 5 3
85 637 50 14
85 726 30 3
86 124 23 2
86 162 17 14
86 224 53 8
86 235 45 15
86 245 19 15
86 246 23 4
86 333 45 13
86 379 29 10
86 548 34 14
86 660 20 14
87 158 16 7
87 267 15 7
87 429 36 11
87 441 5 12
87 493 15 6
87 581 42 6
87 689 26 9
87 714 38 14
88 127 9 8
88 381 4 12
88 595 28 9
88 599 29 10
88 712 53 15
88 737 34 13
89 109 14 3
89 153 56 8
89 213 46 7
89 242 7 2
89 294 12 13
89 414 44 15
89 455 13 12
89 526 42 5
89 532 41 4
89 558 9 10
89 614 31 6
89 663 5 12
89 665 14 6
89 667 28 6
89 741 40 10
89 751 45 13
90 96 20 5
90 126 30 5
90 128 7 8
90 359 19 10
90 402 49 3
90 427 58 2
90 509 59 1
90 606 58 1
90 738 49 15
91 150 32 2
91 161 10 6
91 367 20 12
91 373 54 13
91 387 39 4
91 462 14 2
91 479 24 3
91 551 60 4
91 672 31 7
91 744 24 7
92 110 38 3
92 171 39 10
92 195 38 6
92 211 4 7
92 299 59 2
92 305 21 14
92 392 31 14
92 432 22 14
92 729 2 13
93 145 58 12
93 164 20 10
93 342 46 8
93 409 24 6
93 437 4 9
93 582 51 3
93 620 46 4
93 665 2 1
93 718 50 14
93 734 26 14
94 104 18 10
94 179 32 5
94 216 17 1
94 321 25 10
94 354 2 3
94 374 15 12
94 425 27 13
94 545 53 6
94 548 45 8
94 559 41 6
94 639 30 8
94 694 16 3
95 114 4 11
95 277 53 15
95 451 15 13
95 615 51 1
95 689 58 7
95 701 29 5
96 377 40 8
96 422 16 8
96 506 13 11
96 551 45 4
96 582 51 10
97 281 29 2
97 282 20 2
97 327 4 4
97 346 23 14
97 356 22 7
97 383 27 4
97 524 36 4
97 541 29 15
97 636 28 4
97 720 45 4
97 746 30 12
98 284 49 15
98 359 41 1
98 365 5 1
98 426 48 13
98 475 55 5
98 512 28 11
98 588 34 3
98 699 46 12
99 117 39 15
99 127 36 1
99 164 50 11
99 212 27 6
99 285 11 12
99 378 37 9
99 413 33 6
99 444 17 8
99 461 27 14
99 669 57 2
99 685 22 1
99 724 8 9
100 140 34 10
100 172 44 4
100 186 47 15
100 397 28 6
100 479 45 12
100 541 6 8
100 569 57 2
100 666 1 11
100 680 5 8
100 685 9 15
101 103 6 14
101 159 6 12
101 161 22 15
101 174 17 13
101 194 45 7
101 217 5 5
101 273 47 5
101 389 58 5
101 414 44 6
101 426 13 9
101 459 19 15
101 509 51 14
101 619 16 13
102 309 58 3
102 334 37 15
102 342 23 2
102 500 48 7
102 545 42 5
102 550 39 3
102 580 2 12
102 750 3 2
103 165 46 2
103 219 10 6
103 322 36 12
103 390 39 10
103 518 53 4
103 550 7 14
104 279 7 12
104 399 25 9
104 546 55 3
104 571 14 13
104 607 13 2
105 152 57 13
105 366 47 8
105 425 2 3
105 430 2 13
105 539 48 9
105 575 58 10
105 579 49 7
105 590 23 15
105 751 37 12
106 120 29 1
106 149 3 1
106 150 13 7
106 167 18 8
106 241 54 2
106 268 56 15
106 314 50 8
106 389 55 5
106 590 36 7
106 659 24 5
106 708 52 1
107 114 34 14
107 339 57 15
107 342 7 13
107 461 10 6
107 466 43 3
107 554 60 7
107 590 59 4
107 648 52 1
108 264 1 7
108 351 30 8
108 354 33 6
108 408 18 15
108 447 47 12
108 471 12 15
108 542 16 14
108 555 10 3
108 742 23 1
109 201 41 1
109 230 39 2
109 552 43 13
109 611 18 5
109 614 46 2
109 676 49 13
109 696 50 11
109 733 50 10
110 122 33 12
110 150 41 14
110 163 23 8
110 213 31 1
110 234 33 8
110 235 51 1
110 347 25 1
110 381 42 1
110 435 17 8
110 442 53 1
110 513 27 12
110 542 37 8
110 643 24 4
110 719 31 4
110 745 47 11
111 151 50 3
111 157 14 11
111 327 58 4
111 349 41 8
111 396 34 11
111 514 56 8
111 673 32 4
111 723 45 3
112 312 27 6
112 433 20 9
112 444 55 5
112 608 29 12
112 613 10 3
112 619 8 3
112 625 40 10
113 189 1 14
113 303 24 6
113 312 40 12
113 333 45 5
113 395 15 12
113 474 50 11
113 592 6 8
113 637 41 8
114 199 51 15
114 202 27 15
114 249 23 9
114 316 14 4
114 423 31 3
114 454 28 8
114 511 17 3
114 566 36 9
115 244 48 6
115 323 42 12
115 380 57 10
115 521 17 11
115 526 44 8
115 535 20 9
115 569 9 14
115 603 6 14
116 235 20 2
116 391 41 2
116 437 39 11
116 477 5 3
116 484 31 2
116 614 44 2
116 686 43 15
116 687 49 6
116 711 21 1
117 125 1 7
117 135 44 1
117 315 17 11
117 360 7 7
117 391 9 11
117 502 36 5
117 619 17 4
118 134 17 3
118 265 42 13
118 331 1 2
118 371 55 2
118 492 36 4
118 499 45 5
118 596 26 8
118 615 56 14
118 721 9 10
119 128 44 5
119 205 40 7
119 260 28 6
119 270 40 1
119 301 26 10
119 329 52 1
119 441 35 6
119 461 14 9
119 482 28 6
120 132 22 13
120 225 34 5
120 267 43 4
120 311 49 15
120 438 17 5
120 453 16 8
120 477 31 3
120 490 17 4
120 533 7 4
120 607 32 1
120 621 53 8
121 206 7 4
121 232 24 15
121 282 53 2
121 321 28 4
121 327 23 6
121 504 13 10
121 543 29 8
121 579 7 7
121 709 8 2
121 748 6 14
122 163 15 4
122 314 24 7
122 315 8 1
122 463 38 10
122 511 38 3
122 589 33 12
122 666 1 3
123 169 17 13
123 195 45 12
123 232 22 1
123 300 58 3
123 556 43 12
123 739 1 4
124 189 25 13
124 232 20 15
124 285 52 9
124 300 2 10
124 354 50 14
124 389 14 5
124 400 18 3
124 628 37 2
124 683 52 7
124 713 15 7
125 327 53 12
125 384 27 2
125 399 54 3
125 633 24 1
126 177 54 6
126 184 56 12
126 239 60 2
126 268 48 13
126 349 23 9
126 376 55 8
126 410 26 9
126 444 30 13
126 483 3 1
126 508 21 13
126 552 24 7
126 615 3 12
126 617 52 1
127 176 29 4
127 310 30 13
127 377 1 5
127 380 39 7
128 169 42 11
128 205 15 15
128 212 55 7
128 340 30 15
128 503 11 2
128 533 37 1
128 629 24 2
128 651 52 8
129 167 59 11
129 194 21 6
129 252 41 13
129 384 34 15
129 502 5 3
129 513 27 7
129 587 45 4
129 589 23 11
129 610 39 14
129 707 39 11
129 729 26 7
130 145 2 1
130 179 21 5
130 187 6 8
130 378 38 4
130 429 33 9
130 587 1 4
130 663 58 8
130 677 38 9
130 752 33 8
130 753 24 5
131 158 35 9
131 251 39 7
131 258 27 4
131 347 23 8
131 471 16 7
131 509 58 6
131 510 38 13
131 556 53 8
131 584 53 4
131 611 48 4
131 738 19 5
131 742 55 6
132 140 37 14
132 327 4 13
132 350 45 13
132 484 49 3
132 490 10 4
132 506 39 5
132 723 38 13
133 183 35 6
133 316 10 6
133 464 10 8
133 479 59 11
133 546 4 5
133 591 16 4
133 601 29 12
133 615 20 15
133 625 57 9
133 658 43 2
133 663 13 10
133 708 24 4
134 181 51 2
134 199 49 5
134 523 16 4
134 558 42 6
134 566 49 10
134 587 4 3
135 298 42 11
135 369 59 5
135 557 26 3
135 630 58 12
135 644 20 7
135 706 22 9
136 184 56 1
136 361 54 3
136 415 56 1
136 507 30 13
136 525 14 5
136 529 52 5
136 670 18 7
137 139 13 11
137 250 43 12
137 304 11 2
137 459 58 15
137 545 60 4
137 568 17 5
137 697 48 5
138 335 2 15
138 392 55 12
138 396 56 10
139 216 59 12
139 245 52 2
139 321 38 2
139 361 9 12
139 504 19 9
139 570 30 13
139 649 45 6
139 669 40 11
139 673 14 3
139 682 22 9
140 192 49 8
140 253 28 3
140 462 49 13
140 578 55 6
140 584 16 15
140 593 29 11
140 737 6 13
140 747 35 12
141 178 51 1
141 183 32 14
141 465 49 10
141 582 40 14
141 689 33 7
141 697 12 3
141 712 40 13
141 741 51 9
142 311 35 3
142 334 39 14
142 335 43 13
142 375 30 4
142 396 12 7
142 517 55 9
142 714 13 15
143 150 24 8
143 233 36 6
143 364 15 13
143 461 17 6
143 463 58 2
143 504 58 13
143 508 43 13
143 517 19 5
143 539 50 6
143 620 9 1
143 677 12 2
144 235 41 4
144 259 15 14
144 338 33 2
144 489 55 1
144 528 2 5
144 552 53 3
144 676 41 5
145 166 38 12
145 292 25 11
145 503 9 6
145 517 43 6
145 623 49 8
146 224 9 12
146 238 46 15
146 301 27 3
146 323 7 7
146 339 31 10
146 541 3 13
146 606 53 15
146 651 11 8
146 654 1 1
146 716 6 14
147 439 41 10
147 451 33 10
147 463 5 1
147 686 53 10
147 697 37 11
147 700 21 5
148 241 13 12
148 300 43 13
148 315 33 1
148 340 8 12
148 595 18 10
148 598 22 15
148 641 13 14
148 661 47 7
148 664 5 15
148 725 44 10
149 170 56 8
149 195 43 4
149 289 2 7
149 295 56 13
149 451 20 6
149 476 26 5
149 566 54 8
149 623 55 1
149 659 11 3
149 750 23 2
150 190 56 11
150 203 21 1
150 223 9 6
150 284 60 11
150 334 42 10
150 490 28 7
150 532 2 8
150 601 25 5
151 164 16 10
151 264 59 5
151 436 55 12
151 571 7 11
151 594 19 11
151 609 16 5
151 619 56 1
151 722 28 7
152 169 33 4
152 175 43 1
152 209 4 9
152 272 16 6
152 276 24 3
152 401 54 13
152 408 50 15
152 507 42 6
152 518 51 11
152 725 55 4
153 189 45 3
153 200 47 4
153 224 36 11
153 234 44 3
153 296 36 1
153 320 12 2
153 458 1 1
153 575 35 9
153 620 49 15
154 157 12 1
154 226 17 7
154 414 32 15
154 417 28 3
154 460 4 1
154 514 27 10
154 550 10 13
154 609 56 11
154 612 11 2
154 650 28 12
155 170 8 7
155 194 22 14
155 278 60 6
155 387 8 7
155 409 39 8
155 554 23 10
155 659 42 2
155 683 59 11
155 741 11 15
156 184 54 14
156 230 55 15
156 276 23 2
156 336 6 2
156 434 12 15
156 568 27 5
156 710 59 15
156 741 51 3
157 320 35 3
157 554 28 7
157 731 2 5
158 164 47 1
158 175 10 1
158 233 38 3
158 387 29 14
158 429 44 7
158 529 14 3
158 535 53 8
158 601 45 15
158 624 52 8
158 694 4 12
158 731 5 2
159 180 36 9
159 207 57 14
159 208 12 1
159 294 54 3
159 427 2 13
159 487 34 6
159 544 48 15
159 673 24 10
160 658 31 5
161 165 37 2
161 193 32 15
161 240 6 12
161 353 56 8
161 389 24 15
161 396 17 4
161 459 5 15
161 524 45 6
161 535 23 1
161 558 31 13
161 559 16 13
161 639 23 11
162 349 59 15
162 476 60 13
162 506 41 9
162 568 59 5
162 709 22 3
162 720 44 10
163 189 14 14
163 201 10 12
163 231 14 11
163 250 33 7
163 256 8 5
163 305 17 7
163 397 38 3
163 467 30 11
163 549 46 12
163 575 17 12
163 630 49 12
163 703 2 6
163 749 39 4
164 321 53 2
164 342 41 5
164 366 10 9
164 395 58 13
164 557 36 13
165 233 32 9
165 305 59 9
165 353 45 8
165 463 24 6
165 538 32 9
165 608 23 9
165 649 47 3
165 740 46 4
165 749 30 5
166 195 49 1
166 252 25 8
166 430 55 11
166 540 6 9
166 571 44 14
166 613 18 3
166 644 1 10
166 693 38 4
167 258 8 2
167 484 28 1
167 579 41 9
167 638 8 13
167 640 15 4
167 679 50 12
168 172 40 15
168 184 32 7
168 238 36 9
168 351 11 3
168 381 54 11
168 448 5 9
168 632 56 2
168 639 12 1
168 712 41 10
168 728 35 4
168 753 2 15
169 278 5 5
169 282 41 15
169 294 41 2
169 382 24 1
169 432 47 8
169 513 29 5
169 645 37 10
169 708 51 5
170 192 20 6
170 261 48 11
170 381 25 14
170 391 49 5
170 477 50 13
170 520 13 7
170 543 50 7
170 595 13 7
170 648 16 8
171 225 2 11
171 227 26 2
171 243 54 1
171 333 45 6
171 352 46 3
171 412 17 10
171 424 59 11
171 429 54 2
171 441 31 15
171 484 57 2
171 550 36 2
171 687 21 8
171 715 1 6
172 191 36 12
172 299 44 14
172 307 3 1
172 400 44 7
172 465 32 13
172 483 11 4
172 600 21 5
172 605 37 12
172 713 58 3
173 227 56 9
173 240 23 7
173 244 10 13
173 383 23 4
173 394 5 4
173 434 55 5
173 639 7 15
173 676 27 9
173 696 16 7
173 730 17 8
173 741 35 5
174 180 22 4
174 270 15 15
174 318 48 14
174 336 14 12
174 365 49 5
174 394 6 1
174 457 30 10
174 472 1 7
174 658 54 10
174 741 20 5
175 198 31 1
175 214 46 6
175 521 22 13
175 703 58 10
176 256 44 14
176 270 46 3
176 486 39 12
176 589 50 1
176 617 53 9
177 254 21 12
177 312 27 9
177 323 12 10
177 356 43 4
177 410 43 6
177 591 23 11
177 748 16 13
178 267 10 1
178 453 7 7
178 543 29 9
178 602 6 13
178 708 11 13
178 730 5 7
179 194 51 15
179 217 31 15
179 372 21 3
179 407 12 13
179 451 9 6
179 457 51 2
179 661 34 11
180 255 13 5
180 516 47 4
180 533 60 15
180 612 50 9
180 636 9 7
180 641 3 12
180 706 18 4
181 190 36 11
181 263 5 11
181 277 20 2
181 288 9 8
181 349 44 3
181 360 48 9
181 372 46 4
181 376 23 10
181 593 17 7
181 640 7 10
181 691 23 4
182 233 9 12
182 323 23 4
182 353 10 2
182 363 20 8
182 372 55 10
182 450 28 10
183 186 36 10
183 228 7 2
183 282 51 9
183 316 23 6
183 336 42 5
183 460 55 6
183 485 25 4
183 664 59 9
183 718 40 15
184 656 16 4
184 668 50 2
184 688 22 5
185 248 34 11
185 264 13 15
185 310 4 3
185 377 7 3
185 399 46 6
185 404 6 2
185 427 12 14
185 480 9 6
185 486 41 13
185 524 28 8
185 533 55 3
185 534 29 11
186 242 34 15
186 289 9 7
186 374 24 11
186 438 21 15
186 462 59 2
186 487 45 10
186 530 22 11
186 575 12 7
186 641 36 3
186 652 17 3
186 653 18 13
186 693 36 14
187 192 59 13
187 194 47 12
187 257 18 13
187 468 7 15
187 470 17 7
187 494 18 12
187 713 51 11
187 742 41 3
188 201 33 14
188 253 23 8
188 297 16 7
188 448 34 15
188 491 3 1
188 525 39 4
188 677 23 8
188 692 20 10
188 694 16 1
189 242 22 3
189 255 52 10
189 262 57 4
189 323 9 15
189 347 4 1
189 389 5 10
189 406 17 2
189 468 36 5
189 497 47 7
189 535 55 5
189 542 6 5
189 560 15 10
190 397 9 9
190 512 3 6
190 549 28 11
190 572 8 15
190 588 57 11
190 685 30 3
191 234 21 2
191 354 26 2
191 418 37 9
191 427 4 14
191 583 50 11
191 717 7 1
192 209 51 10
192 240 37 9
192 332 49 9
192 353 33 1
192 469 17 7
192 500 40 10
192 517 2 12
192 616 19 7
192 657 33 3
192 684 12 12
192 753 13 1
193 203 31 5
193 505 43 13
193 539 24 9
193 555 17 11
193 703 27 7
194 242 3 7
194 294 47 10
194 345 46 5
194 412 47 13
194 483 46 11
194 497 12 6
194 500 48 3
194 629 27 10
194 676 1 15
194 713 53 13
194 737 46 9
195 261 4 12
195 326 2 7
195 340 3 3
195 376 7 10
196 218 14 5
196 282 20 4
196 329 28 11
196 343 58 12
196 346 18 7
196 497 27 11
196 500 26 9
196 612 33 14
196 688 45 11
197 210 23 6
197 305 28 6
197 385 20 4
197 410 47 13
197 453 7 14
197 471 21 4
197 604 58 4
198 332 37 7
198 336 34 15
198 352 26 3
198 383 20 10
198 399 4 13
198 607 5 7
199 295 43 13
199 312 8 4
199 367 26 11
199 392 53 8
199 438 27 9
199 565 53 6
199 594 36 12
199 719 53 1
200 442 46 1
200 492 8 13
200 530 17 4
200 627 56 5
200 726 19 13
201 217 39 10
201 228 59 6
201 342 6 9
201 438 60 14
201 468 20 8
201 699 55 1
202 221 20 4
202 312 45 7
202 314 17 8
202 328 45 13
202 537 41 15
202 673 7 4
202 714 38 14
202 736 22 10
202 749 20 10
203 221 41 6
203 303 34 2
203 387 33 5
203 392 31 6
203 443 12 13
203 481 12 11
203 540 21 6
203 580 54 2
203 664 43 6
204 206 4 7
204 274 10 11
204 281 56 4
204 324 52 5
204 363 15 4
204 377 34 15
204 497 12 9
204 519 39 9
205 212 1 12
205 427 23 6
205 555 44 3
205 569 5 7
205 658 36 7
206 286 14 12
206 319 27 8
206 330 24 2
206 395 48 13
206 398 43 11
206 571 23 11
207 255 36 6
207 276 34 10
207 370 27 10
207 472 35 13
207 489 3 1
207 572 19 13
207 648 31 1
207 666 12 15
207 741 26 14
208 213 49 1
208 214 4 6
208 409 41 8
208 423 23 10
208 458 35 8
208 499 11 7
208 551 50 8
208 606 7 4
208 646 1 1
208 711 24 3
208 742 43 3
209 210 44 5
209 229 40 1
209 296 51 15
209 346 33 13
209 539 14 13
209 678 45 8
210 233 46 3
210 541 15 9
210 558 33 11
210 573 33 13
210 597 40 15
210 745 40 12
210 749 52 5
211 341 42 5
211 355 2 4
211 404 30 7
211 449 36 4
211 454 47 8
211 459 40 7
211 518 56 7
211 616 37 1
211 722 38 1
212 272 60 7
212 320 34 14
212 353 57 1
212 413 16 12
212 466 35 13
212 507 31 3
212 556 56 8
212 654 29 9
212 671 15 15
212 711 1 5
212 714 7 2
213 277 7 1
213 375 28 1
213 503 4 11
213 568 57 12
213 584 37 12
213 604 24 6
213 613 45 5
214 370 46 3
214 552 38 8
215 224 20 11
215 280 12 4
215 351 52 7
215 410 21 6
215 594 22 8
215 617 39 11
215 687 60 1
215 709 9 14
216 242 9 8
216 298 9 15
216 311 20 8
216 383 20 9
216 670 23 14
217 262 24 3
217 278 59 3
217 419 19 4
217 593 19 5
217 619 45 7
217 638 9 8
217 736 34 12
218 233 2 12
218 266 33 14
218 269 2 11
218 436 25 3
218 594 58 5
218 612 6 1
218 638 6 5
218 649 19 10
218 722 23 4
218 753 51 14
219 279 4 3
219 282 29 9
219 286 44 13
219 318 37 1
219 521 31 15
219 588 51 7
219 660 43 15
219 725 4 3
220 302 43 15
220 391 16 1
220 642 38 4
220 712 14 13
221 237 53 4
221 257 55 3
221 314 55 2
221 407 51 3
221 467 48 13
221 488 25 13
221 609 34 11
221 692 36 3
222 433 32 12
222 481 38 8
222 557 11 12
222 594 27 3
223 303 20 5
223 315 12 3
223 370 21 11
223 485 21 9
223 552 21 12
223 693 32 13
223 729 23 5
223 753 43 6
224 360 31 2
224 404 41 10
224 445 30 10
224 559 60 4
224 560 8 14
224 582 21 3
224 585 18 11
224 658 49 10
225 315 48 15
225 389 13 3
225 511 20 7
225 531 31 12
225 539 55 7
225 573 10 10
225 665 32 3
225 737 23 8
226 273 7 1
226 298 32 10
226 481 9 10
226 701 52 15
227 436 29 4
227 464 40 15
227 482 52 4
227 498 14 7
227 499 20 7
227 598 59 1
227 618 45 13
227 636 9 12
227 730 46 12
228 236 5 11
228 351 30 8
228 424 21 15
228 437 48 14
228 463 6 15
228 501 18 4
228 507 60 15
228 589 12 10
228 679 48 3
229 445 23 2
229 464 42 1
229 547 60 1
229 554 44 3
229 571 9 4
229 626 31 5
229 665 20 14
229 675 60 10
229 686 17 11
230 292 8 12
230 605 38 5
230 701 14 6
231 290 19 12
231 415 27 7
231 652 37 4
231 724 42 3
232 235 38 1
232 568 31 8
233 269 55 8
233 453 45 10
233 609 22 11
233 727 56 13
233 753 2 14
234 454 35 12
234 456 55 15
234 490 20 2
234 708 60 3
235 251 57 2
235 362 37 9
235 427 22 3
235 482 12 10
235 514 45 8
235 516 23 10
235 672 41 2
235 696 28 3
236 289 13 14
236 360 58 10
236 373 9 14
236 603 50 10
236 619 39 1
236 695 3 12
237 445 26 15
237 516 50 13
237 574 1 13
237 584 25 1
237 638 30 3
238 268 47 8
238 319 38 9
238 407 23 5
238 609 7 4
238 611 45 14
238 613 12 5
239 298 1 5
239 375 1 1
239 498 32 3
239 502 42 10
239 517 4 6
239 534 30 1
239 549 19 13
239 604 28 1
239 638 49 9
240 266 35 4
240 271 3 7
240 329 29 13
240 463 55 12
240 574 43 7
240 609 45 11
240 713 16 6
240 723 51 3
240 741 43 9
241 294 2 12
241 412 39 2
241 542 27 5
241 552 44 3
241 659 2 13
242 248 8 15
242 276 7 4
242 306 35 8
242 354 21 11
242 392 2 2
242 448 48 1
242 450 17 15
242 647 22 14
243 248 4 11
243 261 33 7
243 290 53 7
243 305 18 12
243 308 59 13
243 347 6 1
243 437 54 10
243 441 53 9
243 641 33 6
243 655 51 8
243 725 10 14
244 389 45 7
244 478 37 8
244 481 22 15
244 492 2 8
244 532 3 12
245 308 20 6
245 382 14 10
245 418 21 7
245 573 15 13
245 593 38 12
246 248 10 9
246 387 30 15
246 414 28 8
246 516 19 15
246 524 25 3
246 560 40 2
246 568 31 13
246 729 8 2
247 271 22 3
247 353 2 11
247 356 39 15
247 369 31 1
247 492 10 3
247 556 3 6
247 633 52 4
247 724 7 6
248 275 6 12
248 321 27 2
248 331 22 11
248 378 30 7
248 401 1 10
248 410 25 7
249 264 24 7
249 293 28 2
249 406 40 9
249 450 23 7
249 459 19 1
249 650 60 4
249 685 21 11
250 281 60 13
250 351 38 14
250 499 3 1
250 532 38 4
250 590 14 1
250 607 47 12
250 617 23 8
250 650 42 6
250 667 17 13
251 288 26 1
251 348 47 7
251 371 40 13
251 410 21 10
251 430 32 9
251 553 15 1
252 269 40 8
252 283 18 12
252 339 41 11
252 425 3 6
252 441 22 5
252 571 3 12
252 612 55 8
252 629 6 3
252 637 41 4
252 696 31 2
253 259 14 8
253 354 32 5
253 375 36 14
253 653 51 2
253 704 6 8
254 266 8 7
254 483 14 4
254 590 7 11
254 591 30 6
254 593 57 6
254 635 57 11
254 682 2 12
254 725 13 15
254 745 38 14
255 345 10 12
255 580 23 4
255 615 45 3
255 650 23 9
255 703 13 2
256 269 19 5
256 282 57 13
256 289 23 5
256 292 48 4
256 332 34 11
256 416 43 3
256 450 43 14
256 475 55 13
256 507 20 15
257 348 46 13
257 374 8 1
257 466 59 15
257 476 17 8
257 697 32 11
258 284 36 11
258 326 57 15
258 378 33 12
258 391 23 2
258 448 53 8
258 545 60 9
259 314 48 10
259 328 43 14
259 441 42 2
259 515 60 6
259 579 46 8
259 598 60 14
259 662 5 1
259 688 42 9
259 691 20 13
260 302 30 4
260 343 5 8
260 608 40 10
260 612 59 9
260 636 12 15
261 294 48 9
261 394 13 2
261 474 56 11
261 529 38 15
262 337 23 6
262 465 39 15
262 468 37 13
262 473 18 8
262 512 40 7
262 555 37 13
262 628 49 13
262 637 16 2
262 685 28 5
263 307 24 15
263 385 15 2
263 463 60 13
263 522 4 6
263 603 30 3
263 691 51 12
264 266 6 7
264 272 34 14
264 317 48 1
264 421 24 12
264 446 21 7
264 469 1 9
264 577 1 10
264 616 32 8
264 651 23 7
265 358 10 8
265 561 11 11
265 634 21 1
265 668 4 7
265 684 3 13
265 706 32 4
266 291 20 1
266 565 4 15
267 391 21 7
267 393 60 11
267 418 34 2
267 667 49 11
267 711 26 13
267 723 53 5
268 339 28 2
268 364 46 6
268 375 38 13
268 416 47 4
268 471 4 2
268 566 31 4
268 649 20 3
269 300 28 3
269 439 16 12
269 504 22 6
269 553 54 11
269 556 18 10
269 622 12 8
269 698 57 14
270 283 48 12
270 402 19 1
270 409 27 9
270 445 48 5
270 481 32 1
270 491 37 7
270 676 9 6
271 311 17 2
271 381 39 4
271 430 9 6
271 463 36 13
271 611 59 12
271 639 1 9
272 351 55 2
272 414 15 3
272 601 14 15
272 618 20 11
273 294 55 4
273 416 25 5
273 497 2 10
273 511 9 6
273 574 60 12
273 640 32 8
273 673 24 8
274 284 12 10
274 325 26 5
274 383 24 9
274 384 60 14
274 391 19 9
274 414 46 10
274 432 11 8
274 517 37 4
274 521 37 2
274 555 4 14
274 582 11 13
274 715 22 7
275 443 59 12
275 468 19 15
275 545 51 4
275 554 59 7
275 581 34 3
275 616 49 1
275 707 28 14
276 307 4 10
276 575 44 13
276 669 14 15
276 691 24 14
276 693 27 14
276 699 39 11
276 717 27 7
277 279 17 9
277 310 33 1
277 449 4 7
277 476 12 11
277 533 11 4
277 544 48 15
277 574 53 10
277 702 15 15
277 703 4 13
277 726 3 7
277 738 58 10
278 488 35 2
278 521 36 11
278 649 7 8
278 746 51 3
279 292 26 15
279 466 18 5
279 542 37 11
279 593 28 3
280 393 33 11
280 396 21 4
280 423 32 5
280 441 6 1
280 626 2 7
280 751 20 6
281 299 44 12
281 545 41 11
281 620 7 9
282 378 36 14
282 400 52 9
282 526 43 1
282 532 6 14
282 641 24 10
283 439 46 12
283 449 43 15
283 511 1 8
283 582 42 15
283 592 53 12
283 632 29 7
284 338 41 14
284 428 17 12
284 482 5 3
284 604 11 2
285 379 42 2
285 428 37 12
285 495 30 7
285 569 11 10
285 572 56 14
285 581 45 7
285 658 30 13
286 291 18 3
286 353 12 9
286 375 46 2
286 547 7 9
287 333 57 3
287 560 16 1
287 737 46 5
288 347 25 8
288 355 55 13
288 375 31 1
288 452 24 1
288 562 26 12
288 613 4 13
289 627 33 14
289 652 52 3
290 424 46 11
290 544 10 4
290 604 26 12
290 624 22 7
290 693 49 6
290 747 33 1
291 462 58 15
291 466 8 15
291 665 40 1
292 391 5 9
292 539 52 3
292 659 51 6
292 721 41 11
293 505 33 13
293 506 51 2
293 530 31 5
294 621 28 3
294 624 58 10
295 417 8 5
295 441 15 6
295 557 15 4
295 582 32 12
295 629 60 13
295 716 30 13
296 433 30 4
296 491 48 7
296 507 3 5
296 632 40 8
296 660 25 11
297 360 13 14
297 442 34 14
297 486 35 2
297 705 3 10
298 300 60 1
298 310 35 13
298 317 23 6
298 388 46 6
298 427 30 11
298 454 44 9
298 491 39 2
298 606 40 1
298 682 9 11
299 413 57 12
299 459 41 8
299 543 19 11
299 714 54 13
300 368 59 8
300 391 44 3
300 449 53 2
300 480 58 13
300 578 1 11
300 594 24 3
300 647 25 10
301 372 5 14
301 375 27 3
301 390 40 5
301 414 37 11
302 475 10 7
302 566 60 5
302 583 11 1
302 592 52 4
302 650 42 7
303 307 26 14
303 398 4 3
303 639 28 10
303 726 26 7
304 346 40 12
304 366 18 10
304 367 31 14
304 411 23 3
304 453 26 14
304 621 9 8
304 636 29 15
305 349 24 10
305 596 28 10
305 647 3 1
305 673 18 14
306 633 21 12
306 684 60 14
306 695 37 2
306 752 38 3
307 319 30 5
307 332 49 8
307 338 29 15
307 513 8 15
307 618 51 1
307 711 22 13
308 319 38 10
308 343 21 13
308 350 38 10
308 461 38 2
309 317 51 13
309 324 56 8
309 471 6 2
309 493 16 4
309 647 28 10
309 671 51 3
309 675 21 7
309 702 36 7
309 749 47 13
310 369 60 6
310 381 3 4
311 318 3 12
311 407 56 9
311 461 58 8
311 544 12 2
311 557 55 7
311 651 37 10
311 722 14 5
311 749 30 4
312 392 56 3
312 410 9 6
312 512 56 3
312 514 56 8
312 526 52 4
312 601 24 12
312 678 47 2
313 481 49 5
313 517 58 12
313 540 52 14
313 594 54 4
313 710 23 13
314 320 11 5
314 322 28 1
314 360 24 4
314 383 29 5
314 520 55 2
314 675 11 11
315 327 46 14
315 343 5 5
315 361 21 1
315 454 22 7
315 561 49 6
315 627 60 6
315 642 35 7
315 689 16 6
315 719 11 3
316 385 11 14
316 386 59 6
316 517 26 12
316 651 50 15
316 709 22 14
316 745 42 11
317 428 52 8
317 513 2 15
317 560 32 5
318 349 4 7
318 471 45 10
318 550 21 14
319 357 43 5
319 381 38 14
319 389 20 1
319 621 55 8
319 751 55 4
320 368 2 11
320 380 4 4
320 409 57 15
320 451 9 14
320 526 51 9
320 554 22 2
320 603 32 14
320 636 54 7
320 753 1 10
321 334 39 6
321 355 18 12
321 414 37 7
321 420 35 3
321 725 5 4
322 357 41 12
322 556 2 4
322 605 55 8
322 631 51 14
323 335 24 8
323 370 1 10
323 410 10 4
323 457 52 4
323 465 48 13
323 471 41 11
323 520 21 4
323 629 24 6
324 444 50 7
324 542 33 7
324 751 13 3
325 326 28 9
325 405 60 5
325 440 34 14
325 441 33 6
325 457 50 2
325 498 23 10
325 681 32 3
325 684 40 12
326 392 13 14
326 559 1 9
326 623 54 14
326 641 32 5
326 663 29 12
326 679 54 10
326 733 10 13
327 370 28 9
327 575 58 14
327 634 17 10
327 690 4 8
327 753 55 2
328 345 26 13
328 408 56 14
328 410 8 4
328 576 9 4
329 365 60 14
329 408 42 13
329 451 58 13
329 461 42 1
329 463 15 14
329 499 20 13
329 657 42 7
329 696 60 15
330 418 50 12
330 422 24 12
330 456 27 11
330 520 52 9
330 615 37 6
330 625 44 8
330 715 4 9
330 719 1 10
330 737 39 1
331 375 51 10
331 394 47 2
331 496 44 12
331 567 28 2
331 571 58 6
331 717 52 10
332 358 18 8
332 398 19 15
332 408 60 2
332 424 9 13
332 497 11 6
332 605 42 14
332 630 49 10
332 670 30 4
333 432 58 10
334 370 5 14
334 528 32 15
334 586 36 2
334 731 31 8
335 356 25 11
335 359 31 5
335 421 19 15
335 432 33 12
335 483 23 9
335 498 1 12
335 503 36 5
335 744 37 11
336 349 27 12
336 567 57 13
336 605 41 3
336 613 4 13
336 629 3 8
336 630 13 14
336 648 30 9
337 481 17 4
337 491 35 2
337 708 54 12
337 715 59 13
338 362 56 14
338 508 37 7
338 581 3 1
338 626 33 11
338 738 29 1
339 399 20 2
339 499 11 5
339 513 8 8
339 525 27 7
339 530 9 4
339 559 26 4
339 592 48 9
339 602 28 11
339 625 21 10
339 704 37 11
339 750 49 2
340 420 60 13
340 430 25 12
340 511 14 10
340 575 59 7
340 656 48 6
341 355 22 15
341 511 44 10
341 558 18 12
341 569 10 2
341 611 19 12
342 362 60 8
342 372 47 4
342 504 53 5
342 511 44 2
342 526 35 3
342 727 21 2
343 368 52 3
343 434 60 6
343 616 46 11
343 648 40 15
344 352 41 7
344 457 50 3
344 490 26 3
344 493 42 4
344 526 32 4
344 554 1 4
344 628 3 11
344 728 32 12
345 457 39 4
345 481 54 3
345 485 48 1
345 512 39 8
345 517 13 8
345 523 42 15
345 652 39 12
345 723 38 8
346 442 24 5
346 552 15 3
346 580 8 5
346 701 60 10
346 751 48 9
347 591 56 2
347 687 21 5
348 375 28 12
348 403 27 15
348 517 28 15
348 564 39 7
348 571 38 14
348 747 40 9
349 450 50 8
349 468 7 2
349 500 24 14
349 519 11 5
349 592 46 5
349 629 14 11
349 675 51 2
349 693 23 1
350 542 53 1
350 716 31 5
350 737 31 7
350 738 6 14
351 412 43 3
351 456 34 7
351 509 13 5
351 511 29 15
351 579 35 9
351 650 17 8
351 686 43 14
351 715 29 2
352 386 32 13
352 388 20 15
352 428 9 12
352 446 25 9
352 510 39 10
352 630 35 8
353 420 49 9
353 429 17 14
353 433 10 4
353 474 41 2
353 496 14 14
354 365 48 6
354 412 60 13
354 448 25 13
354 491 43 7
354 492 51 14
354 578 31 11
354 665 35 6
354 689 46 2
355 505 38 15
356 371 21 5
356 380 25 9
356 411 59 4
356 420 50 13
356 513 49 8
356 546 12 4
356 589 29 5
356 724 43 13
356 739 51 7
356 752 13 11
357 401 2 15
357 477 44 6
357 480 29 15
357 490 4 6
357 510 47 5
357 553 23 9
357 664 16 12
358 489 20 4
358 581 41 11
358 659 60 6
359 442 59 15
359 575 2 14
359 694 60 1
360 408 2 15
360 426 3 9
360 476 42 14
360 636 29 7
360 639 39 6
360 665 11 1
360 699 10 5
361 478 10 15
361 579 49 7
361 699 47 1
362 477 40 6
362 496 57 12
362 560 48 15
362 637 52 13
362 664 26 8
363 452 10 12
363 519 3 13
363 586 31 7
364 428 3 13
364 491 31 9
364 595 18 9
364 692 13 7
365 502 53 11
365 547 19 9
365 689 10 3
366 506 60 6
366 529 14 14
366 553 42 3
366 600 24 3
366 705 15 9
366 740 48 9
367 442 42 13
367 520 29 5
367 640 27 15
367 699 42 10
367 747 2 14
368 475 38 4
368 533 51 2
368 534 22 9
368 603 9 2
368 738 23 5
369 374 38 10
369 379 19 5
369 405 35 4
369 482 35 10
369 498 26 5
369 512 58 13
369 593 48 13
369 641 21 6
370 387 57 4
370 419 52 5
370 502 38 15
370 514 3 8
371 410 51 12
371 443 33 4
371 491 30 14
371 597 1 9
372 398 37 11
372 720 18 3
372 730 24 12
373 394 45 9
373 423 15 4
373 454 53 8
373 544 12 15
373 573 45 5
373 718 39 9
374 439 53 9
374 448 12 12
374 477 23 15
374 495 52 9
374 678 23 7
374 709 51 3
374 738 3 15
374 744 55 7
375 472 20 13
375 478 6 14
375 537 3 10
375 597 31 11
375 680 42 15
376 399 57 13
376 430 41 1
376 432 34 13
376 495 55 11
376 512 5 8
376 520 21 1
376 747 55 14
377 381 36 9
377 515 20 6
377 604 54 7
377 649 51 7
377 657 18 13
377 674 25 4
378 386 56 7
378 474 10 2
378 509 54 2
378 743 48 3
378 753 6 3
379 382 3 3
379 439 52 1
379 451 33 14
379 500 8 15
379 553 22 7
379 554 59 7
379 563 13 8
380 392 55 1
380 440 36 9
380 512 37 3
380 558 54 7
380 667 30 2
380 746 59 6
381 546 11 6
381 600 43 8
381 616 46 15
381 654 33 4
381 750 31 1
382 514 39 10
382 539 60 12
382 713 41 10
382 725 48 7
383 462 21 12
383 564 18 8
384 454 41 12
384 514 13 1
384 637 34 5
384 661 59 8
384 689 19 3
385 418 40 1
385 423 47 9
385 461 40 13
385 703 20 4
385 720 7 12
385 726 37 15
386 466 58 9
386 500 46 9
386 516 23 10
386 528 49 1
386 569 36 14
386 619 16 3
386 633 2 5
386 726 19 1
386 743 33 8
387 409 10 2
387 451 60 8
387 495 20 2
387 496 6 15
387 500 27 7
387 673 10 11
388 506 37 9
388 513 2 10
388 566 51 3
388 711 38 13
388 739 9 11
389 467 16 3
389 511 55 2
389 533 38 6
389 559 35 2
389 588 52 5
390 592 55 2
390 607 21 7
391 453 60 8
391 462 3 14
391 592 7 10
391 611 47 7
391 710 3 15
392 526 16 6
392 567 4 12
392 613 26 14
392 653 35 5
392 664 1 4
392 715 5 12
393 437 31 3
393 534 54 15
393 659 38 12
394 406 5 6
394 538 1 14
394 576 44 3
394 678 14 11
394 737 60 5
395 474 58 4
395 512 26 1
395 576 5 2
395 709 59 3
395 717 4 15
396 539 41 2
396 588 12 7
396 645 5 10
396 707 58 12
397 501 14 3
397 518 28 5
397 526 14 1
397 553 31 15
397 623 53 8
397 688 29 1
398 480 29 15
398 651 60 7
398 663 15 13
398 723 44 2
399 406 28 8
399 448 50 12
399 461 1 5
399 478 18 8
399 639 8 2
400 430 24 8
400 503 35 5
400 522 51 4
400 543 23 4
400 677 48 11
401 420 51 9
401 447 27 5
401 515 17 10
401 587 8 9
401 611 4 7
402 459 1 8
402 670 19 4
402 676 3 3
403 410 20 4
403 578 11 12
403 651 12 12
403 714 10 11
403 733 56 6
404 477 54 8
404 675 47 6
405 434 57 7
405 498 18 11
405 607 39 15
405 636 43 1
405 709 38 11
406 419 57 8
406 513 42 4
406 751 21 1
407 601 49 4
407 662 2 10
407 693 40 3
408 475 57 15
408 479 17 5
408 723 1 10
409 457 37 12
409 560 8 5
409 715 55 1
410 617 33 15
410 660 53 1
410 721 33 12
411 494 40 5
411 692 27 14
412 520 35 8
413 581 32 7
413 622 38 3
413 629 8 14
413 741 58 1
414 477 18 5
414 502 53 12
414 529 24 3
414 648 2 9
414 664 30 2
414 700 1 5
415 540 4 14
415 584 55 15
415 674 46 9
415 731 31 10
416 466 15 10
416 486 35 9
416 511 31 13
416 599 21 14
416 639 58 4
417 482 31 15
417 520 48 6
417 621 56 15
417 686 14 5
417 709 18 12
417 711 56 1
418 451 44 3
418 512 20 2
418 702 42 7
418 747 41 2
418 749 38 15
418 753 57 5
419 526 50 2
419 572 14 11
419 619 4 10
420 546 14 3
421 442 10 9
421 718 1 1
422 434 9 5
422 549 41 10
422 555 14 13
422 570 33 4
422 616 15 11
422 620 16 3
422 683 59 12
422 686 21 6
423 445 27 7
423 571 43 1
423 639 32 1
423 666 34 11
423 684 23 9
423 691 7 7
423 732 16 14
424 549 12 8
424 650 1 12
424 688 54 10
425 744 22 5
426 450 41 13
426 504 2 1
426 580 30 2
426 582 47 9
426 658 44 14
426 719 55 4
427 603 18 6
427 604 56 1
427 611 54 4
427 646 35 1
427 648 26 15
427 659 7 3
428 477 32 1
428 517 47 5
428 653 44 9
428 687 21 3
428 729 1 7
429 679 4 5
429 724 37 14
430 446 50 10
430 526 18 7
430 639 49 6
430 721 5 9
430 748 46 3
431 442 28 7
431 595 33 1
432 435 24 7
432 604 28 8
432 609 1 8
432 617 34 7
433 574 12 3
433 580 15 6
433 626 42 6
433 651 45 9
433 710 36 2
434 465 9 6
434 529 55 15
434 650 47 3
434 658 51 1
435 442 49 4
436 467 9 12
436 523 12 2
436 568 56 11
436 615 52 7
436 640 59 6
436 706 57 2
437 521 21 6
437 668 55 6
437 699 5 10
438 720 50 13
438 732 48 9
439 582 23 10
439 673 60 10
440 625 25 12
441 484 8 11
441 501 32 5
441 547 20 5
441 664 40 5
441 696 51 11
441 704 28 10
441 749 46 14
442 443 1 12
443 480 1 5
443 493 51 3
443 551 24 15
443 577 7 3
443 613 28 4
443 630 34 6
443 645 1 9
443 676 10 9
443 695 23 8
443 703 27 1
443 740 25 3
444 461 24 2
444 594 46 6
444 714 13 4
445 494 7 13
445 575 50 8
445 643 28 15
446 495 51 4
446 510 22 3
446 578 50 7
446 587 38 9
446 600 30 7
446 602 29 2
446 656 30 10
446 696 8 5
446 726 59 7
447 449 32 7
447 454 22 12
447 473 51 5
447 596 46 8
447 644 40 5
447 657 40 6
447 703 50 4
448 578 55 10
448 619 54 15
449 556 15 3
449 581 11 1
449 599 28 13
449 651 22 15
449 691 54 6
449 712 15 14
450 582 3 8
450 638 55 8
450 694 57 1
451 535 18 5
451 606 59 5
451 714 4 12
452 512 10 14
452 518 35 9
452 657 6 13
452 747 3 6
452 753 42 2
453 490 43 10
453 496 9 10
453 535 19 13
453 575 11 4
453 695 46 1
454 595 37 5
454 678 20 8
455 476 1 15
455 501 57 14
455 512 35 14
455 543 54 5
455 544 11 12
455 607 19 1
455 625 44 6
455 683 42 7
455 701 54 9
456 677 40 10
456 702 28 13
457 535 17 15
457 749 17 3
458 550 48 9
458 590 48 10
459 543 48 6
459 631 7 14
459 731 18 2
460 619 34 13
460 643 24 4
460 656 45 1
461 655 33 13
461 656 27 11
461 719 36 10
462 492 39 13
462 531 19 13
462 704 56 11
462 745 18 10
463 749 37 13
465 610 52 13
466 592 41 15
466 598 46 12
466 617 3 11
466 628 53 9
466 687 37 11
467 518 6 5
467 570 6 1
467 593 40 14
467 625 46 11
467 671 37 5
467 688 4 13
467 727 10 1
467 748 19 6
468 470 58 1
468 488 23 10
468 568 54 11
468 578 56 3
468 632 47 7
468 684 41 11
468 712 56 15
469 529 5 6
469 590 58 11
470 530 51 3
470 583 58 10
470 688 10 2
470 740 31 5
471 569 22 1
471 672 51 7
471 719 56 13
471 732 6 15
472 649 22 3
472 654 11 12
473 487 48 12
473 537 25 7
473 571 57 13
474 488 55 8
474 568 30 5
474 593 35 10
474 715 51 15
474 751 51 2
475 492 58 5
475 678 13 15
475 688 6 7
475 697 35 1
475 730 19 15
476 509 60 6
476 637 56 12
477 655 49 12
477 734 46 5
478 503 21 12
478 571 16 14
478 676 49 11
478 685 10 4
479 620 6 13
480 483 3 12
480 501 52 11
480 528 1 12
480 534 45 5
480 547 15 6
480 595 47 6
480 628 30 12
481 534 17 14
481 572 34 2
481 629 39 4
481 660 10 8
481 709 2 10
482 571 21 15
482 681 1 12
482 714 50 14
482 740 48 7
483 569 40 14
483 597 5 9
483 648 3 11
483 676 13 6
484 537 26 10
484 539 23 12
484 581 3 14
484 691 20 7
484 715 51 6
485 515 3 15
485 516 26 2
485 616 22 15
485 630 39 12
485 637 19 14
485 748 3 11
485 749 21 2
486 501 40 4
486 657 33 2
487 588 2 6
487 598 41 5
487 632 37 9
487 718 22 12
488 507 31 9
488 615 27 12
488 627 15 3
489 522 27 2
489 592 25 2
489 643 52 7
491 533 31 11
491 686 57 15
491 712 34 14
492 517 24 15
492 604 52 7
492 665 40 15
492 700 4 3
493 514 14 13
493 618 10 11
494 690 56 1
495 534 45 9
495 727 44 10
496 608 16 12
496 710 17 5
497 499 7 4
497 596 57 10
497 627 9 3
497 725 18 11
498 553 53 9
498 556 35 3
498 621 56 2
498 651 45 1
499 512 25 7
499 574 24 3
499 606 17 10
499 678 45 1
500 537 31 7
500 540 51 15
501 551 24 14
501 592 22 14
501 620 45 2
501 662 5 11
501 663 10 15
502 525 50 7
502 719 47 14
504 529 55 15
504 563 19 5
504 632 22 10
504 702 28 1
504 729 18 1
505 546 48 4
505 652 29 8
506 541 28 1
506 596 60 11
506 626 56 5
506 716 29 5
506 751 2 8
507 547 7 11
507 556 42 7
507 589 40 4
507 622 53 1
507 639 29 3
508 514 27 4
508 518 22 7
508 520 31 7
508 588 24 11
510 600 44 14
510 619 54 7
510 647 59 8
511 525 49 11
511 587 45 5
511 659 13 8
511 743 48 11
512 538 16 6
512 617 55 4
512 740 17 14
514 519 14 1
514 639 4 3
514 664 26 1
515 640 3 9
515 701 7 14
516 571 55 3
516 585 5 11
516 654 35 4
516 675 28 2
517 522 46 4
517 736 55 6
518 536 32 7
518 624 51 10
518 679 28 7
518 710 49 9
519 544 26 14
519 603 24 14
519 620 16 2
519 736 54 4
520 557 7 2
520 561 57 15
520 609 43 10
520 677 7 4
520 711 60 10
521 666 25 1
521 692 16 12
522 564 24 14
522 603 9 11
522 611 40 10
522 620 46 5
522 657 4 2
522 686 8 6
523 569 10 4
523 689 23 10
524 554 35 15
524 748 56 10
525 559 14 9
525 634 60 1
525 661 14 13
525 720 5 3
527 576 19 5
527 583 3 5
527 653 29 15
527 715 51 7
528 588 49 10
528 593 7 3
528 631 18 7
528 750 53 2
529 664 45 7
529 676 57 3
530 585 29 9
530 593 59 7
530 658 4 15
530 690 8 13
531 562 22 1
531 640 60 4
531 663 34 1
532 545 21 7
532 720 19 14
532 736 8 12
533 557 29 3
533 586 16 1
533 688 18 2
534 664 7 4
534 712 57 8
535 549 28 11
535 621 59 7
535 639 35 10
535 658 3 11
535 672 43 7
536 572 29 11
537 577 56 11
537 600 24 10
537 618 27 5
537 622 58 11
537 669 38 12
537 688 3 14
537 707 32 11
538 552 23 14
538 644 22 9
538 661 26 5
539 555 2 13
539 578 9 13
539 668 44 1
539 720 48 5
539 747 40 6
540 544 13 9
540 711 18 6
541 546 17 8
541 644 10 8
541 722 10 11
541 734 49 3
541 751 19 12
542 570 3 11
542 631 49 2
542 644 41 12
542 736 45 9
543 696 47 1
543 727 8 9
544 574 47 4
544 691 5 8
544 693 17 15
544 738 6 13
545 622 1 6
545 674 58 6
545 703 42 5
546 560 57 11
546 630 20 5
547 681 12 5
547 730 33 4
547 735 35 9
548 567 31 4
548 582 30 2
548 587 47 12
548 608 49 11
548 625 28 8
548 652 6 8
548 670 16 5
549 602 1 3
549 652 18 5
550 613 48 12
551 643 25 6
551 686 57 12
551 721 45 13
552 594 46 9
552 722 26 6
553 741 24 8
554 559 22 9
554 620 15 12
554 629 35 6
554 728 38 6
555 578 2 1
555 587 42 2
555 690 2 11
556 563 27 5
556 678 42 10
556 690 14 12
557 679 9 3
558 571 20 7
559 624 32 14
559 673 1 10
559 684 58 11
559 708 8 11
560 585 54 9
560 673 23 12
560 741 36 11
561 618 52 15
561 635 41 3
561 663 51 6
562 668 23 15
563 585 15 8
563 608 36 10
563 737 54 10
566 646 55 8
566 672 19 4
566 674 13 1
566 694 7 8
567 617 18 7
567 629 8 11
567 666 56 1
567 708 13 11
568 722 52 4
569 688 13 10
569 738 16 8
570 727 14 11
570 731 59 6
571 599 28 11
572 577 18 2
572 612 52 7
572 725 20 2
573 590 46 14
573 665 50 8
573 724 56 7
574 695 13 4
575 594 52 15
575 604 23 6
575 739 48 13
576 607 10 14
576 672 35 14
576 690 15 12
576 715 7 2
576 737 15 15
577 741 4 8
578 610 54 15
578 674 12 6
578 726 53 10
578 749 50 9
579 582 52 9
579 653 22 10
580 615 43 2
580 639 39 10
580 714 52 2
580 731 47 10
581 681 49 14
581 691 14 9
582 660 28 12
583 596 36 11
583 628 6 6
583 666 30 6
583 670 57 6
583 711 37 4
584 585 21 10
584 631 55 7
585 640 16 10
585 647 54 13
585 664 8 15
587 633 54 9
587 706 48 14
588 742 59 6
589 652 58 2
590 605 47 15
590 609 4 10
592 731 2 4
593 722 13 8
594 660 44 8
594 666 7 15
594 699 60 5
594 736 49 7
595 649 51 9
595 685 39 5
596 634 39 15
596 717 37 8
596 747 1 15
597 693 20 7
597 734 59 13
598 662 34 14
598 748 31 9
599 661 26 1
599 751 20 11
600 664 26 6
601 649 20 9
601 738 37 6
602 695 53 3
602 739 43 7
603 746 48 6
604 708 5 15
605 715 38 10
605 735 37 6
606 701 47 5
607 619 18 12
607 634 37 7
607 718 18 7
608 714 41 8
609 650 12 8
609 727 45 3
609 750 16 14
610 736 15 6
612 660 41 2
612 716 35 4
613 653 29 12
613 689 35 7
614 620 30 11
614 668 8 10
615 627 13 2
616 619 52 7
616 649 50 11
616 688 46 11
617 625 49 4
617 688 50 2
617 745 2 1
617 752 56 15
618 637 13 6
618 646 52 3
618 651 43 5
618 662 34 10
618 673 34 1
618 720 15 3
618 726 20 3
619 670 41 4
619 718 24 5
619 735 52 7
620 687 38 13
621 739 29 15
622 648 6 9
622 695 3 2
622 732 8 7
623 663 55 3
623 664 46 4
623 732 12 11
624 751 49 9
625 670 41 7
626 627 56 13
626 689 10 12
626 717 19 11
626 743 58 14
628 682 2 11
628 707 30 1
628 746 3 12
629 653 42 7
629 718 11 12
629 719 4 14
630 702 49 13
630 723 27 4
631 689 3 11
632 674 3 4
632 690 48 7
632 695 42 11
634 719 46 6
635 683 54 4
635 707 3 6
636 690 45 15
636 719 16 6
640 641 10 8
640 734 13 4
641 714 31 14
641 722 4 13
643 669 11 11
643 687 12 2
643 711 60 9
644 722 35 3
645 690 46 5
645 695 37 6
645 699 33 10
646 681 37 2
646 746 48 9
648 724 44 14
650 668 27 10
650 752 33 2
651 713 31 11
652 670 55 14
652 677 14 3
653 708 45 12
656 667 39 1
656 722 59 3
656 728 23 5
657 670 32 8
657 681 39 14
657 685 33 9
657 724 35 8
658 677 58 7
661 698 60 12
664 740 44 3
665 668 34 8
665 721 38 14
666 682 15 13
667 684 3 4
667 688 40 5
667 751 17 5
668 719 23 8
668 725 38 7
669 697 11 10
670 728 22 8
671 694 60 8
673 676 40 8
673 736 26 1
674 720 12 4
674 730 57 15
674 745 58 4
675 716 56 3
675 740 43 5
676 702 9 1
678 705 14 7
678 716 21 4
679 699 4 4
679 709 31 5
680 703 36 1
680 705 41 12
681 732 18 15
685 702 57 1
686 708 46 9
686 719 18 14
687 698 53 7
688 690 11 7
688 695 14 3
688 728 49 9
688 735 50 9
688 742 10 5
690 744 14 5
691 722 12 3
692 696 13 3
694 704 50 8
695 724 40 5
695 732 23 4
700 710 57 14
700 744 44 14
701 711 13 5
703 726 60 3
706 752 4 5
710 728 9 10
714 717 26 8
714 720 28 10
715 749 40 2
715 751 57 2
715 753 56 13
716 735 37 4
723 731 55 15
725 731 8 15
726 751 33 5
727 730 26 4
727 743 18 7
729 743 46 14
731 744 9 10
734 747 4 5
739 744 41 9
740 742 39 6
746 748 51 13

0 4 47
1 5 21
2 12 34
3 20 16
4 27 24
5 36 47
6 46 41
7 54 9
8 67 12
9 87 38
10 92 4
11 131 38
12 133 36
13 145 24
14 148 11
15 155 8
16 169 46
17 191 47
18 205 31
19 207 21
20 209 17
21 213 28
22 214 34
23 235 9
24 255 34
25 256 1
26 259 43
27 272 12
28 276 2
29 285 11
30 290 21
31 293 11
32 306 23
33 308 49
34 313 34
35 321 20
36 325 48
37 336 41
38 353 30
39 366 43
40 375 36
41 377 18
42 379 6
43 400 15
44 430 21
45 431 9
46 433 19
47 449 39
48 452 42
49 480 6
50 485 41
51 489 16
52 491 4
53 510 3
54 519 1
55 539 36
56 541 46
57 542 4
58 556 24
59 560 24
60 575 43
61 579 35
62 584 30
63 606 13
64 610 35
65 611 25
66 633 8
67 641 43
68 649 2
69 668 24
70 672 2
71 704 19
72 725 26
73 737 17
74 741 13
