1285 6396 128 6

0 30 6292
1 60 12405
2 90 18341
3 120 24106
4 150 29701
5 180 35132

0 5265
1 5404
2 6118
3 4233
4 6209
5 4458
6 4142
7 6646
8 6019
9 5552
10 5354
11 4399
12 6306
13 4481
14 4284
15 5618
16 5026
17 4562
18 5093
19 6889
20 6716
21 5217
22 6218
23 4458
24 4619
25 7106
26 5771
27 5007
28 5583
29 6266
30 5075
31 7271
32 5133
33 4203
34 6527
35 5584
36 5271
37 5275
38 6584
39 5731
40 5661
41 4371
42 6847
43 6633
44 4641
45 5820
46 5251
47 3727
48 4840
49 4597
50 5668
51 4263
52 4846
53 3250
54 5452
55 5409
56 6078
57 5234
58 4681
59 4626
60 4957
61 5384
62 6552
63 4474
64 4980
65 4520
66 5909
67 4910
68 5381
69 4461
70 5462
71 3909
72 4779
73 4033
74 6101
75 5354
76 4662
77 4993
78 5100
79 4723
80 5713
81 4073
82 4506
83 6626
84 5016
85 4513
86 4914
87 5548
88 5654
89 5826
90 6643
91 5448
92 6213
93 4524
94 4959
95 6623
96 5926
97 6811
98 5391
99 5110
100 7210
101 4600
102 5696
103 4415
104 5767
105 4135
106 5961
107 6613
108 5677
109 4672
110 4228
111 6821
112 5363
113 5540
114 6597
115 5948
116 4880
117 6133
118 4868
119 5221
120 4934
121 4828
122 6001
123 7101
124 3678
125 5429
126 3919
127 7137
128 5337
129 5490
130 5391
131 5789
132 4514
133 4530
134 5845
135 5028
136 6015
137 5366
138 4169
139 4428
140 3782
141 4989
142 5298
143 4695
144 6008
145 5548
146 4684
147 4893
148 5989
149 5942
150 5881
151 6267
152 5943
153 4169
154 5890
155 5798
156 6123
157 5380
158 4734
159 6201
160 4819
161 5632
162 6222
163 5834
164 3996
165 7258
166 4924
167 4240
168 5437
169 5390
170 6247
171 6967
172 5240
173 5228
174 6885
175 4389
176 4646
177 4562
178 4208
179 6019
180 5900
181 5517
182 6154
183 5127
184 5811
185 6550
186 6397
187 6610
188 5574
189 6821
190 4154
191 5379
192 2962
193 5935
194 5169
195 5124
196 5237
197 3840
198 3935
199 5817
200 6629
201 5498
202 6839
203 5118
204 6316
205 5982
206 5846
207 4675
208 5961
209 4837
210 5247
211 4751
212 4188
213 3276
214 5787
215 4887
216 5661
217 6063
218 3762
219 7165
220 6200
221 5862
222 4421
223 5220
224 5706
225 3809
226 4656
227 5327
228 6013
229 6191
230 5933
231 4616
232 4581
233 4443
234 4269
235 5453
236 5187
237 7418
238 6618
239 4669
240 6079
241 6167
242 6142
243 5599
244 4906
245 4524
246 4759
247 4890
248 4876
249 4826
250 5910
251 5025
252 5079
253 5508
254 6793
255 3863
256 3049
257 4406
258 3710
259 4756
260 3890
261 4668
262 5100
263 6025
264 5602
265 5216
266 6208
267 6715
268 5679
269 7102
270 5474
271 6808
272 5144
273 4860
274 4612
275 5073
276 4553
277 6093
278 5259
279 4326
280 4059
281 5409
282 5699
283 5256
284 6045
285 5787
286 6978
287 5137
288 4486
289 5473
290 6266
291 6041
292 4469
293 4455
294 5083
295 4275
296 5372
297 5476
298 5520
299 4189
300 5550
301 4509
302 5141
303 5151
304 5576
305 6254
306 7339
307 5485
308 3224
309 5726
310 4763
311 4929
312 6987
313 4666
314 5571
315 6972
316 6795
317 5040
318 6438
319 6460
320 3674
321 5054
322 5150
323 6898
324 6715
325 4843
326 5346
327 6372
328 4852
329 6537
330 5920
331 4924
332 4224
333 4001
334 4608
335 6155
336 5618
337 5713
338 5268
339 4307
340 6151
341 4147
342 5204
343 5420
344 5228
345 4368
346 5460
347 3306
348 6098
349 4935
350 4199
351 4670
352 4361
353 4746
354 4003
355 5130
356 5061
357 5472
358 5378
359 5094
360 4370
361 4565
362 6038
363 6395
364 2645
365 5882
366 5040
367 5687
368 5465
369 5436
370 5179
371 6228
372 3037
373 5452
374 5080
375 6169
376 5216
377 6234
378 7030
379 5485
380 6112
381 5077
382 6205
383 5777
384 4980
385 4955
386 4863
387 4862
388 5643
389 7458
390 4297
391 4867
392 4963
393 6897
394 4869
395 5044
396 4721
397 5133
398 6625
399 3942
400 4975
401 2809
402 6595
403 5662
404 5775
405 5632
406 4331
407 6095
408 5232
409 5947
410 6854
411 4189
412 5522
413 4995
414 4352
415 4990
416 5649
417 4405
418 6322
419 5628
420 5961
421 3897
422 5086
423 5064
424 4911
425 5291
426 5322
427 5426
428 5267
429 5206
430 5707
431 5596
432 5462
433 6013
434 6486
435 4669
436 5942
437 6802
438 6652
439 5570
440 4818
441 5393
442 5237
443 5077
444 4406
445 5709
446 7301
447 5120
448 5127
449 6788
450 7784
451 6035
452 4179
453 6734
454 4852
455 5989
456 6508
457 5827
458 5516
459 4906
460 5242
461 5559
462 5476
463 5609
464 5178
465 3103
466 5508
467 4853
468 6210
469 4666
470 6633
471 4956
472 5620
473 5841
474 5636
475 5669
476 4316
477 5227
478 5798
479 4827
480 3856
481 4846
482 7056
483 6773
484 4488
485 6200
486 3973
487 5582
488 3695
489 5401
490 5454
491 4964
492 6164
493 5021
494 5139
495 5957
496 4632
497 4395
498 5389
499 4472
500 5367
501 6214
502 4308
503 4870
504 4769
505 6130
506 3806
507 6907
508 5686
509 4885
510 4847
511 5581
512 6577
513 6601
514 4181
515 4143
516 3929
517 4342
518 4201
519 5883
520 4935
521 4893
522 4996
523 3520
524 5211
525 6300
526 5060
527 6026
528 6025
529 5427
530 5581
531 4839
532 6164
533 5321
534 5726
535 4130
536 6207
537 4160
538 5329
539 5620
540 5459
541 5783
542 5501
543 6143
544 6848
545 3484
546 5907
547 5691
548 3717
549 5080
550 5127
551 6227
552 5004
553 4395
554 6400
555 5063
556 4852
557 5740
558 4285
559 5053
560 5770
561 6051
562 5194
563 3641
564 4557
565 3458
566 5674
567 5546
568 5787
569 5560
570 4638
571 4234
572 4074
573 6003
574 3881
575 3581
576 6785
577 6799
578 3832
579 5697
580 4927
581 4570
582 4930
583 5611
584 6020
585 5568
586 5068
587 4965
588 4264
589 5862
590 6338
591 5301
592 5051
593 6240
594 5862
595 4723
596 5076
597 6982
598 4654
599 6473
600 5676
601 4587
602 4859
603 5209
604 4753
605 5851
606 5439
607 5939
608 6176
609 5282
610 5444
611 4387
612 5745
613 5996
614 6632
615 4116
616 6522
617 6102
618 4933
619 5764
620 5962
621 5212
622 7196
623 5366
624 4893
625 4719
626 3826
627 6035
628 4623
629 4353
630 4084
631 6325
632 3869
633 6527
634 6478
635 4625
636 5434
637 7297
638 6330
639 6216
640 4631
641 6532
642 4824
643 4301
644 6183
645 5590
646 6013
647 5056
648 5319
649 6682
650 4969
651 5813
652 4153
653 4589
654 5246
655 3427
656 5028
657 3934
658 5108
659 5160
660 5760
661 5287
662 3279
663 3738
664 5061
665 6485
666 5014
667 4564
668 5128
669 4028
670 4406
671 4490
672 5635
673 5498
674 4671
675 4774
676 4636
677 6537
678 4149
679 5857
680 5707
681 5122
682 4507
683 4565
684 5391
685 5077
686 6096
687 5621
688 5570
689 6218
690 5187
691 6037
692 5302
693 5289
694 3303
695 3882
696 5211
697 4280
698 5509
699 5054
700 5520
701 5649
702 4500
703 5293
704 5038
705 5249
706 5333
707 5604
708 6431
709 5378
710 6750
711 6079
712 5507
713 5020
714 4046
715 6434
716 5811
717 4743
718 3804
719 4022
720 5698
721 3616
722 3912
723 5822
724 4902
725 5496
726 5750
727 4775
728 6707
729 5672
730 4557
731 5153
732 4824
733 6514
734 5010
735 5559
736 4567
737 5254
738 4878
739 4445
740 4448
741 3842
742 6486
743 3828
744 4204
745 6822
746 5477
747 5308
748 6246
749 5636
750 3211
751 4010
752 3629
753 4584
754 5998
755 5186
756 4768
757 6743
758 6085
759 4715
760 5082
761 5370
762 6258
763 4246
764 5977
765 5329
766 5829
767 5555
768 4499
769 4672
770 4095
771 5722
772 4322
773 5703
774 5180
775 5521
776 4723
777 6664
778 4622
779 4875
780 6359
781 5964
782 5283
783 4674
784 4592
785 4965
786 5098
787 5891
788 5155
789 4737
790 5725
791 6054
792 4237
793 5667
794 6550
795 5530
796 6530
797 6172
798 4890
799 5736
800 4831
801 4425
802 4909
803 5360
804 6889
805 5198
806 5295
807 5197
808 6318
809 4194
810 4284
811 4128
812 4502
813 6624
814 3824
815 4508
816 5110
817 7868
818 3438
819 5786
820 5685
821 5166
822 5485
823 5307
824 6957
825 4158
826 4979
827 5492
828 5432
829 5469
830 5051
831 3941
832 5119
833 4024
834 5622
835 5218
836 5152
837 6215
838 5671
839 6305
840 5728
841 6050
842 4961
843 4223
844 4911
845 4289
846 6226
847 5535
848 5742
849 5356
850 6301
851 4272
852 6450
853 7317
854 5615
855 4383
856 4529
857 5623
858 6287
859 5419
860 4297
861 5005
862 5361
863 5842
864 6292
865 4659
866 4707
867 4603
868 4569
869 6904
870 6229
871 4647
872 4685
873 4478
874 4984
875 4428
876 4277
877 4820
878 4840
879 5358
880 4294
881 5519
882 6135
883 4971
884 5579
885 5478
886 5756
887 3027
888 5972
889 6066
890 6119
891 4237
892 7007
893 6139
894 6260
895 6131
896 5889
897 5459
898 4157
899 7294
900 4979
901 5741
902 4608
903 5529
904 5277
905 4889
906 5717
907 5029
908 4136
909 5163
910 5749
911 6059
912 4824
913 4404
914 6239
915 5294
916 5573
917 5310
918 4899
919 5638
920 5180
921 3670
922 5671
923 6823
924 4870
925 5856
926 6082
927 4415
928 4524
929 4577
930 7148
931 6665
932 5624
933 4687
934 3892
935 5851
936 4392
937 6055
938 7344
939 4759
940 4981
941 5062
942 5691
943 4702
944 5494
945 5046
946 4789
947 5158
948 4962
949 5982
950 4997
951 4963
952 5101
953 5681
954 6758
955 5372
956 4454
957 4750
958 5098
959 4725
960 4518
961 4733
962 6156
963 5879
964 5485
965 5821
966 6325
967 4750
968 4351
969 6546
970 6016
971 4802
972 3861
973 6562
974 4680
975 4731
976 5001
977 5268
978 5085
979 4145
980 4774
981 7556
982 5854
983 5381
984 4642
985 5819
986 6043
987 5793
988 3717
989 4680
990 6752
991 6313
992 6090
993 7104
994 6605
995 4409
996 6783
997 5034
998 3811
999 4930
1000 4932
1001 5703
1002 4856
1003 4972
1004 6283
1005 5701
1006 6757
1007 4838
1008 7204
1009 4641
1010 4869
1011 5700
1012 5096
1013 5732
1014 5641
1015 6122
1016 5206
1017 4527
1018 3531
1019 6253
1020 4413
1021 4220
1022 4446
1023 5425
1024 4452
1025 4161
1026 2917
1027 6052
1028 6332
1029 5237
1030 5493
1031 6270
1032 6552
1033 4345
1034 6283
1035 5959
1036 5119
1037 4797
1038 3042
1039 4362
1040 4585
1041 4488
1042 3818
1043 4276
1044 6046
1045 5528
1046 3113
1047 5534
1048 5327
1049 5435
1050 6045
1051 2973
1052 5273
1053 4912
1054 6723
1055 4392
1056 4466
1057 4782
1058 5320
1059 7053
1060 5535
1061 4787
1062 6278
1063 4931
1064 4804
1065 7140
1066 5225
1067 5921
1068 4207
1069 5069
1070 5211
1071 6500
1072 4946
1073 6516
1074 5475
1075 6538
1076 4946
1077 4620
1078 5676
1079 5690
1080 5877
1081 4894
1082 4042
1083 5671
1084 4989
1085 3551
1086 3948
1087 4581
1088 4204
1089 4146
1090 5952
1091 5026
1092 5384
1093 6333
1094 6272
1095 5992
1096 5003
1097 4918
1098 6456
1099 4229
1100 6282
1101 6404
1102 5282
1103 5223
1104 5858
1105 6424
1106 5381
1107 4525
1108 4530
1109 5858
1110 6537
1111 5951
1112 5743
1113 5435
1114 6432
1115 5485
1116 6413
1117 4259
1118 5723
1119 6077
1120 5322
1121 4065
1122 5834
1123 4701
1124 5529
1125 4969
1126 6435
1127 6226
1128 5410
1129 4953
1130 3349
1131 3584
1132 4825
1133 5221
1134 5027
1135 4681
1136 5278
1137 5820
1138 5063
1139 5402
1140 6570
1141 5027
1142 6765
1143 4930
1144 5145
1145 5188
1146 4877
1147 6984
1148 4071
1149 4608
1150 4617
1151 4828
1152 3531
1153 6104
1154 5177
1155 7270
1156 3708
1157 6761
1158 4636
1159 5212
1160 5540
1161 5900
1162 6419
1163 6065
1164 6225
1165 5559
1166 5870
1167 5545
1168 7035
1169 3775
1170 4776
1171 4992
1172 6473
1173 3946
1174 4674
1175 4983
1176 5437
1177 6139
1178 5437
1179 4512
1180 6133
1181 4799
1182 6544
1183 4996
1184 6302
1185 5433
1186 5285
1187 4700
1188 4907
1189 5848
1190 4126
1191 5783
1192 5845
1193 5225
1194 3762
1195 5497
1196 5239
1197 4843
1198 3748
1199 5550
1200 5732
1201 6569
1202 6153
1203 6566
1204 5376
1205 4645
1206 3540
1207 5242
1208 6318
1209 5946
1210 5492
1211 5255
1212 5015
1213 6644
1214 5754
1215 6196
1216 7139
1217 5785
1218 5553
1219 5356
1220 5382
1221 4131
1222 5283
1223 4513
1224 6072
1225 5640
1226 5477
1227 4347
1228 5990
1229 4049
1230 6046
1231 3794
1232 5072
1233 3832
1234 4006
1235 5946
1236 5976
1237 4764
1238 4765
1239 4910
1240 4414
1241 5850
1242 4847
1243 4835
1244 4797
1245 5240
1246 4419
1247 5638
1248 4505
1249 4248
1250 6225
1251 2783
1252 6901
1253 4219
1254 5637
1255 3860
1256 5908
1257 5823
1258 4498
1259 5222
1260 4333
1261 4227
1262 4928
1263 5438
1264 6333
1265 3649
1266 5309
1267 4332
1268 4476
1269 4487
1270 4818
1271 5083
1272 6046
1273 4995
1274 4075
1275 5235
1276 5908
1277 5053
1278 3957
1279 4646
1280 4157
1281 6423
1282 3844
1283 5479
1284 4797

0 194 18 3
0 406 50 4
0 439 42 14
0 444 47 12
0 461 27 7
0 748 11 6
0 833 26 8
0 1094 59 12
0 1241 5 6
1 144 41 6
1 385 52 8
1 580 2 13
1 606 11 11
1 747 16 8
1 812 52 14
1 833 24 10
1 861 13 7
1 896 40 6
1 913 21 1
1 1033 11 3
1 1165 18 5
1 1202 42 9
1 1218 20 6
2 260 28 1
2 294 20 13
2 426 4 10
2 461 16 9
2 633 36 10
2 724 43 7
2 760 29 1
2 803 14 4
2 817 43 13
2 955 29 12
2 1281 1 5
3 49 56 14
3 65 59 4
3 114 31 1
3 192 19 10
3 319 8 1
3 484 30 12
3 512 38 6
3 979 36 1
4 126 20 13
4 170 47 13
4 176 46 4
4 259 44 14
4 315 47 12
4 326 52 10
4 394 6 15
4 585 11 13
4 590 10 8
4 773 56 2
4 1132 22 11
5 48 52 13
5 104 31 5
5 363 42 3
5 415 35 12
5 567 16 15
5 846 5 4
5 1064 35 12
5 1222 43 9
6 42 15 11
6 115 19 13
6 485 39 5
6 671 13 2
6 983 47 8
6 1163 27 2
7 296 48 1
7 444 35 12
7 453 2 8
7 530 17 13
7 747 38 6
7 925 28 15
7 1197 8 4
8 272 25 12
8 362 28 3
8 491 36 4
8 511 6 4
8 517 47 12
8 624 45 10
8 704 58 7
8 828 57 7
8 1001 37 10
8 1074 41 15
9 268 54 15
9 340 12 6
9 647 24 2
9 785 41 15
9 809 3 8
9 816 39 14
9 888 42 5
10 348 9 8
10 400 9 8
10 553 44 12
10 818 44 7
10 1018 2 1
10 1178 25 12
10 1229 23 5
11 169 35 2
11 247 19 12
11 257 59 1
11 378 22 12
11 387 17 8
11 468 17 7
11 776 45 8
11 880 21 4
11 904 11 4
11 968 41 7
11 992 51 14
12 112 56 15
12 132 45 15
12 346 1 3
12 413 22 9
12 482 22 6
12 670 12 13
12 765 54 5
12 835 36 15
12 853 23 7
12 1135 26 15
12 1180 12 7
12 1246 21 14
13 65 41 4
13 317 53 7
13 477 40 10
13 632 16 11
13 669 19 13
13 887 28 11
13 914 29 5
13 938 22 7
13 959 12 10
13 1081 59 4
13 1202 48 1
13 1274 19 12
14 26 54 9
14 79 57 1
14 345 37 1
14 416 50 10
14 648 2 11
14 651 26 3
14 655 60 9
14 856 5 9
14 870 10 9
14 902 17 6
14 1061 23 1
14 1067 36 7
14 1175 33 9
14 1248 38 6
14 1271 14 5
15 122 23 7
15 332 30 9
15 641 5 10
15 672 8 10
15 1183 56 12
15 1187 39 1
15 1232 28 13
16 18 24 2
16 110 45 1
16 330 51 5
16 512 17 8
16 810 21 3
16 920 4 5
16 1220 53 14
16 1240 15 10
17 48 21 4
17 81 19 3
17 206 1 11
17 340 44 4
17 611 38 12
17 637 45 6
17 801 8 6
17 829 37 13
17 924 36 1
17 1013 58 8
17 1044 14 14
17 1056 51 4
17 1081 26 13
18 236 11 5
18 345 31 1
18 547 12 11
18 823 19 10
18 1009 9 8
18 1028 60 6
19 318 8 7
19 376 46 15
19 441 16 12
19 546 14 9
19 758 44 3
19 791 50 14
19 841 36 10
19 951 31 4
19 1036 14 13
19 1066 37 2
19 1127 24 5
20 88 38 9
20 135 34 6
20 143 19 11
20 175 60 10
20 323 10 15
20 383 1 3
20 756 14 7
20 791 38 3
20 1015 6 13
20 1071 39 9
21 56 7 2
21 116 26 11
21 173 25 4
21 189 22 9
21 227 11 8
21 256 55 15
21 388 9 8
21 429 22 8
21 456 20 9
21 652 42 2
21 657 48 13
21 965 15 11
21 1054 53 12
21 1055 19 3
21 1105 28 2
22 141 27 11
22 180 51 14
22 302 29 9
22 314 14 6
22 379 43 6
22 542 11 8
22 670 14 1
22 689 18 12
22 776 7 12
22 1028 11 3
22 1264 26 2
22 1265 11 14
23 172 42 12
23 325 50 11
23 425 53 8
23 437 47 11
23 757 11 14
23 807 26 5
23 1096 30 13
24 95 18 7
24 126 39 6
24 242 11 10
24 397 2 7
24 456 53 13
24 573 48 15
24 585 51 9
24 658 39 4
24 684 43 7
24 793 32 7
24 1090 11 1
24 1212 52 7
25 42 50 6
25 112 6 7
25 228 17 10
25 360 24 3
25 377 53 1
25 494 39 1
25 553 60 11
25 611 18 4
25 683 11 14
25 1045 23 13
25 1111 33 2
25 1220 6 15
26 123 1 1
26 128 15 3
26 244 12 10
26 329 33 15
26 576 8 3
26 773 51 14
26 860 9 10
26 1064 20 11
27 35 30 9
27 73 54 10
27 114 14 14
27 170 17 3
27 212 40 7
27 367 19 1
27 424 52 15
27 670 2 11
27 880 57 3
27 884 30 14
27 1263 3 10
28 152 36 15
28 298 33 1
28 371 43 3
28 521 9 8
28 608 5 12
28 827 26 7
28 886 11 5
28 987 54 5
28 1168 2 9
28 1172 58 8
28 1216 10 11
29 45 42 4
29 77 30 6
29 162 31 10
29 337 2 4
29 587 2 8
29 674 25 1
29 727 60 4
29 733 8 13
29 812 42 1
29 893 3 7
29 1179 53 10
30 83 4 12
30 240 26 10
30 298 6 12
30 301 21 14
30 453 60 4
30 502 13 2
30 715 29 15
30 954 17 7
30 1169 45 8
31 138 13 11
31 312 45 11
31 617 34 3
31 723 36 5
31 830 6 9
31 880 21 15
31 1012 18 1
32 241 16 14
32 487 34 13
32 1057 17 14
33 515 54 10
33 584 26 13
33 805 17 15
33 1003 59 11
33 1167 51 5
33 1252 30 13
34 286 22 5
34 559 32 10
34 586 14 5
34 880 41 11
34 1185 27 10
34 1189 1 15
35 57 32 11
35 123 44 10
35 257 28 1
35 340 43 14
35 365 54 7
35 672 31 1
35 920 32 9
35 922 26 5
35 956 20 9
35 960 29 13
35 989 6 1
35 1053 12 6
35 1167 43 6
35 1199 59 15
35 1264 54 5
36 175 37 12
36 263 52 3
36 520 34 2
36 729 47 11
36 739 10 8
36 896 39 3
36 1099 28 5
36 1120 54 5
36 1176 12 13
36 1260 38 10
36 1261 37 7
37 366 5 4
37 588 20 10
37 739 3 12
37 1093 27 11
38 119 56 1
38 134 48 8
38 212 44 13
38 361 21 10
38 519 46 4
38 730 58 7
38 835 41 6
38 983 51 6
38 1071 19 8
38 1173 35 11
39 383 3 13
39 818 60 12
39 862 49 5
39 1165 26 3
39 1191 39 1
40 450 4 1
40 526 26 1
40 630 2 13
40 808 59 14
40 823 35 1
40 898 5 15
40 934 29 6
40 939 41 7
40 958 41 5
40 996 2 1
40 1199 10 8
40 1261 37 5
41 221 22 12
41 287 34 3
41 370 5 10
41 706 20 2
41 813 20 7
41 821 14 8
41 871 46 14
41 988 26 7
41 1111 4 14
42 221 20 9
42 324 1 4
42 325 55 7
42 424 5 8
42 681 27 10
42 708 37 7
42 1041 24 7
42 1227 31 15
43 52 10 14
43 387 17 11
43 556 8 12
43 626 15 11
43 693 20 6
43 779 48 12
43 953 34 5
43 1061 52 1
43 1115 9 1
44 378 44 12
44 394 25 1
44 429 7 1
44 559 53 7
44 837 34 14
44 1027 10 10
44 1041 39 13
44 1097 2 4
44 1128 41 7
44 1199 37 12
44 1201 15 10
45 140 44 6
45 304 37 10
45 433 51 1
45 542 11 7
45 652 40 13
45 976 14 14
45 1046 50 14
46 153 42 1
46 246 8 13
46 306 19 1
46 437 22 1
46 443 25 2
46 475 28 8
46 596 19 2
46 934 15 6
46 999 15 15
46 1083 47 4
46 1221 43 6
47 252 11 3
47 278 44 9
47 572 14 8
47 783 59 7
47 948 46 9
47 1027 28 7
47 1133 5 7
47 1190 60 12
47 1219 22 11
48 70 16 9
48 122 34 2
48 197 6 13
48 743 54 3
48 789 16 13
48 1061 2 9
48 1277 35 5
49 237 23 6
49 263 13 7
49 464 34 4
49 468 22 7
49 587 40 7
49 603 25 3
49 656 16 3
49 707 50 2
50 607 42 4
50 621 42 8
50 673 16 10
50 941 17 1
50 1191 28 6
50 1225 9 8
51 81 44 15
51 264 27 6
51 321 53 13
51 431 10 5
51 512 53 4
51 525 49 7
51 538 20 4
51 694 17 13
51 846 35 6
51 891 25 2
51 1182 18 6
52 157 2 13
52 165 23 6
52 431 13 11
52 470 16 14
52 658 38 3
52 724 39 3
52 792 48 12
52 856 35 4
52 1111 13 12
52 1117 12 6
53 171 25 6
53 273 56 2
53 333 41 12
53 337 10 11
53 831 43 5
53 933 53 8
53 949 45 2
53 1123 45 14
53 1203 13 13
54 168 47 12
54 180 15 12
54 281 29 13
54 345 18 6
54 346 58 13
54 347 4 6
54 395 58 3
54 662 36 6
54 668 17 1
54 671 36 11
54 849 23 3
54 1229 23 8
55 436 10 7
55 664 8 13
55 673 1 6
55 725 36 9
55 1002 60 15
55 1149 48 1
55 1209 13 9
56 290 36 11
56 433 26 14
56 562 10 8
56 582 48 3
56 692 44 13
56 699 43 13
56 836 56 1
56 892 25 4
56 1150 55 1
57 306 33 8
57 440 59 12
57 500 44 3
57 572 31 10
57 619 13 10
57 731 52 7
57 794 28 13
57 1026 38 6
58 337 34 5
58 441 22 6
58 445 24 7
58 1100 19 10
58 1242 8 2
59 166 27 15
59 277 5 2
59 280 25 12
59 644 32 5
59 718 23 9
59 956 26 11
59 1172 46 6
59 1181 6 13
59 1233 43 7
60 525 58 3
60 555 22 12
60 665 19 15
60 702 11 5
60 732 26 11
60 739 43 10
60 769 25 13
60 958 13 5
60 1026 59 11
61 272 2 3
61 424 48 13
61 487 10 6
61 866 60 5
61 918 58 12
61 1046 27 12
61 1267 39 2
62 81 39 15
62 156 1 4
62 233 1 12
62 290 34 4
62 543 5 11
62 565 24 12
62 688 52 6
62 730 17 1
62 738 49 14
62 777 44 15
62 881 30 1
62 907 42 5
62 951 17 15
62 1064 50 14
62 1081 28 11
62 1143 57 4
62 1209 47 6
63 84 15 3
63 209 25 10
63 719 14 8
63 766 31 10
63 988 56 8
63 1223 49 4
64 121 4 7
64 140 47 1
64 188 44 4
64 352 45 13
64 412 3 5
64 565 25 2
64 865 7 11
64 928 15 11
64 1199 26 14
64 1251 43 14
65 136 39 11
65 142 1 10
65 362 2 12
65 432 45 10
65 495 32 12
65 570 1 1
65 854 53 8
65 1152 4 4
65 1215 59 1
65 1248 26 14
66 251 6 6
66 387 24 3
66 392 50 1
66 472 3 6
66 744 8 6
66 801 11 3
66 903 37 2
66 960 51 12
66 1110 14 6
67 168 43 11
67 170 18 11
67 221 25 3
67 256 45 12
67 259 5 3
67 538 13 3
67 543 10 8
67 554 33 2
67 611 29 1
67 618 54 1
67 1210 41 1
68 209 18 14
68 234 25 5
68 320 30 8
68 341 60 11
68 421 9 10
68 465 53 15
68 572 55 9
68 1133 2 6
69 73 43 3
69 243 28 8
69 281 36 14
69 330 51 9
69 341 59 4
69 446 58 3
69 584 24 4
69 754 25 1
69 887 22 4
69 1057 43 3
70 223 49 2
70 277 53 2
70 377 43 8
70 420 20 3
70 525 42 10
70 594 32 5
70 725 49 4
71 303 15 5
71 338 25 7
71 350 5 1
71 351 41 8
71 614 3 6
71 669 49 10
71 868 7 5
71 1187 16 10
71 1210 27 6
72 156 36 12
72 298 32 8
72 308 27 5
72 573 38 13
72 581 30 3
73 162 1 1
73 197 6 15
73 653 59 8
73 659 16 15
73 798 21 3
73 1073 50 5
73 1076 32 10
73 1255 30 12
74 121 5 5
74 386 32 4
74 507 42 2
74 578 29 14
74 749 28 7
74 753 14 6
74 929 12 5
74 936 5 4
74 1000 34 7
74 1046 52 15
74 1128 15 3
74 1146 34 10
74 1247 50 5
74 1262 51 10
75 169 40 5
75 408 31 9
75 510 10 11
75 614 34 10
75 628 53 2
75 858 50 7
75 1007 15 10
75 1104 6 7
75 1280 54 10
76 281 20 10
76 415 7 5
76 434 26 1
76 521 42 2
76 849 7 7
76 944 37 14
76 995 52 4
76 1194 6 10
77 109 2 7
77 298 15 7
77 477 38 4
77 491 33 4
77 530 11 11
77 786 56 6
77 915 22 7
77 950 9 12
77 1085 7 3
77 1162 14 10
77 1222 56 3
77 1226 7 2
78 271 51 6
78 462 57 1
78 679 57 15
78 708 19 10
78 735 1 8
78 777 13 10
78 1098 2 12
78 1252 50 1
79 112 18 6
79 296 31 7
79 623 34 9
79 696 16 2
79 738 27 5
79 1194 16 13
79 1217 11 11
80 175 36 6
80 258 11 2
80 308 48 1
80 503 11 15
80 566 59 3
80 920 8 12
80 1063 44 14
80 1136 13 13
81 173 37 10
81 437 6 2
81 962 23 9
81 993 10 10
81 1159 29 2
81 1245 52 15
81 1247 25 4
82 102 57 4
82 253 35 6
82 451 39 5
82 688 7 10
82 825 1 14
82 868 41 15
82 909 56 8
82 950 9 8
82 1032 10 4
82 1089 23 15
82 1132 15 13
82 1135 51 12
83 96 5 4
83 491 36 15
83 638 44 12
83 659 2 4
83 714 53 2
83 797 52 3
83 866 49 8
83 948 54 12
83 954 5 11
83 1041 25 1
83 1162 22 3
83 1213 18 7
84 320 2 13
84 336 20 3
84 508 57 12
84 660 29 10
84 737 31 4
84 871 11 14
84 960 31 1
84 1007 24 9
84 1034 52 15
84 1191 5 1
85 246 19 8
85 340 20 3
85 464 3 3
85 712 18 13
85 873 55 6
85 945 59 12
85 1012 7 5
85 1034 25 9
85 1074 26 8
85 1145 56 1
85 1229 59 11
86 133 43 10
86 216 38 5
86 230 34 2
86 281 33 5
86 315 5 2
86 325 45 9
86 359 2 14
86 391 56 9
86 513 43 4
86 566 15 4
86 725 57 12
86 912 36 8
86 940 38 15
86 1241 27 10
87 91 38 11
87 148 47 10
87 221 12 1
87 282 8 3
87 456 15 13
87 554 21 5
87 684 12 5
87 768 2 13
87 891 40 15
87 937 14 2
87 1243 55 4
87 1244 11 14
88 93 13 15
88 200 23 14
88 201 60 11
88 308 42 10
88 331 30 5
88 379 22 6
88 584 28 12
88 592 16 6
88 740 3 12
88 1108 39 4
89 387 35 15
89 502 17 5
89 556 6 2
89 713 22 15
89 752 1 8
89 772 12 13
89 918 35 11
89 1012 38 4
90 114 47 1
90 376 57 7
90 486 5 13
90 501 37 8
90 602 27 2
90 987 41 15
90 1010 17 8
90 1027 57 14
90 1175 16 12
90 1259 32 5
91 285 43 3
91 520 41 9
91 559 49 5
91 744 13 15
91 864 9 5
91 878 35 3
91 1055 18 15
92 127 20 13
92 235 5 14
92 468 8 6
92 704 37 2
92 730 25 11
92 842 28 15
92 1135 57 5
92 1142 24 11
92 1157 49 10
93 154 19 5
93 321 18 14
93 384 28 11
93 405 16 12
93 416 21 1
93 487 27 5
93 503 51 3
93 536 40 15
93 664 16 13
93 902 57 8
93 1020 1 12
93 1109 22 7
94 184 9 6
94 213 18 6
94 422 7 2
94 514 18 4
94 941 35 1
94 960 50 8
94 1140 11 10
94 1153 53 10
95 292 11 10
95 414 23 14
95 655 13 13
95 1105 35 11
95 1124 15 14
96 253 9 8
96 289 47 3
96 733 30 15
96 767 27 8
96 972 19 4
97 299 30 15
97 379 27 10
97 615 42 11
97 699 14 7
97 726 58 15
97 900 22 12
97 913 14 2
97 960 29 7
97 970 57 8
97 1044 2 6
97 1220 20 15
98 546 24 9
98 583 51 12
98 714 12 12
98 959 15 12
98 1021 58 2
98 1029 1 2
98 1121 46 14
98 1203 35 4
99 140 16 2
99 214 7 10
99 477 24 3
99 516 21 10
99 541 26 10
99 700 11 5
99 1095 51 6
99 1109 48 4
99 1181 10 13
99 1239 26 14
100 127 49 14
100 212 49 6
100 328 30 15
100 366 51 14
100 478 19 2
100 650 7 3
100 785 14 2
100 1066 36 14
100 1277 3 2
101 217 29 4
101 278 37 4
101 295 52 12
101 331 36 6
101 766 48 5
101 1017 58 2
101 1090 50 11
101 1195 48 14
101 1196 47 9
101 1268 20 5
102 342 57 6
102 376 60 2
102 388 41 13
102 994 17 6
102 996 37 7
102 1072 52 7
103 171 6 10
103 248 6 1
103 263 51 3
103 317 20 1
103 346 9 12
103 408 16 12
103 599 34 10
103 622 26 8
103 723 9 14
103 913 23 5
103 936 59 8
103 1044 58 5
103 1060 17 1
103 1151 2 2
104 236 4 15
104 513 52 9
104 594 27 11
104 613 6 9
104 645 22 3
104 947 4 8
104 993 3 8
104 1012 10 6
105 153 33 13
105 184 43 13
105 355 59 1
105 396 19 12
105 459 56 3
105 590 36 1
105 602 13 6
105 786 23 14
105 970 34 13
105 1053 60 15
105 1064 2 5
106 133 9 10
106 139 15 4
106 288 47 11
106 663 54 6
106 671 33 7
106 868 13 6
106 1146 22 3
106 1161 60 6
106 1246 8 3
107 135 2 2
107 151 19 9
107 204 48 12
107 256 5 4
107 324 9 6
107 408 39 15
107 482 35 4
107 503 10 4
107 524 29 1
107 579 1 14
107 634 28 9
107 736 45 13
107 827 7 7
107 947 24 2
107 1005 3 10
107 1098 54 8
107 1117 22 9
107 1143 7 2
108 311 48 15
108 401 20 2
108 427 37 3
108 558 23 12
108 794 8 9
108 816 22 13
108 943 50 7
108 1181 47 7
108 1274 40 7
109 132 19 1
109 199 32 5
109 219 15 7
109 235 1 6
109 244 17 1
109 391 9 13
109 425 52 5
109 524 55 9
109 900 8 4
109 1026 22 3
109 1163 11 5
109 1224 7 15
110 144 35 1
110 171 17 7
110 173 14 6
110 221 14 15
110 324 12 3
110 468 29 6
110 538 25 6
110 1039 13 8
111 248 30 14
111 289 26 6
111 409 30 1
111 537 55 5
111 655 7 8
111 667 49 12
111 672 19 13
112 596 20 4
112 599 53 11
112 628 40 2
112 845 25 7
112 915 25 7
112 1066 60 1
113 131 51 12
113 225 2 7
113 398 53 15
113 503 23 15
113 811 10 10
113 820 8 1
113 917 2 12
113 951 53 4
113 1035 54 8
113 1151 28 1
114 828 57 3
114 839 31 3
115 233 28 1
115 271 5 5
115 330 11 11
115 374 44 4
115 445 11 4
115 646 26 15
115 680 17 1
115 821 42 7
115 843 5 2
115 1203 54 2
116 134 57 12
116 188 15 4
116 328 19 2
116 547 25 15
116 744 25 10
116 779 28 15
116 787 23 6
116 1182 2 8
117 334 38 7
117 376 58 2
117 545 34 10
117 673 39 1
117 769 22 15
117 866 9 10
117 1031 11 3
117 1114 35 7
118 138 18 9
118 220 42 9
118 937 1 8
118 1207 25 5
119 214 41 9
119 518 20 8
119 1189 24 11
120 165 57 5
120 308 31 4
120 455 15 8
120 631 8 4
120 834 18 7
120 835 38 1
120 959 60 10
120 1073 23 8
121 318 34 6
121 409 13 7
121 478 15 13
121 844 53 6
121 942 28 3
121 1177 9 6
122 151 10 2
122 464 3 1
122 552 12 2
122 605 51 11
122 630 37 14
122 896 49 7
122 952 2 11
122 1044 6 12
122 1126 14 9
122 1201 4 4
122 1202 23 1
122 1260 58 7
123 157 27 14
123 291 33 11
123 318 26 3
123 476 41 6
123 502 47 14
123 524 50 10
123 642 49 9
123 670 59 9
123 719 32 7
123 752 37 4
123 864 38 4
123 1116 31 3
123 1230 44 8
123 1274 18 11
124 150 55 13
124 243 14 2
124 364 54 14
124 709 59 11
124 756 1 2
124 795 35 3
124 1071 20 4
124 1249 35 10
124 1272 2 12
125 287 50 15
125 306 20 8
125 720 46 8
125 850 23 5
125 854 52 10
125 935 37 2
125 1003 26 3
126 611 34 4
126 634 7 8
126 697 39 3
126 762 48 6
126 887 38 15
126 1180 59 9
127 307 9 10
127 784 38 9
127 785 4 2
127 858 51 7
127 907 39 5
127 957 19 3
127 1233 60 8
128 299 7 5
128 487 36 4
128 574 31 14
128 674 12 14
128 756 22 8
128 761 35 2
128 870 1 13
128 962 37 6
128 1012 24 11
128 1128 21 5
128 1137 7 9
128 1167 14 6
128 1168 39 12
129 174 48 10
129 197 7 13
129 402 37 5
129 416 22 7
129 983 55 14
129 1065 59 2
130 615 50 3
130 765 46 3
130 782 58 5
130 810 35 10
130 843 2 14
130 908 3 10
131 262 55 4
131 370 16 7
131 411 57 5
131 580 11 3
131 827 59 7
131 921 38 3
131 964 6 7
131 1099 31 11
132 153 50 7
132 199 51 9
132 506 1 6
132 529 51 1
132 560 5 3
132 603 3 12
132 636 27 3
132 703 8 13
132 758 54 15
132 959 17 6
132 1042 54 13
132 1178 60 13
133 390 60 4
133 405 41 12
133 411 1 13
133 489 57 6
133 574 21 1
133 621 13 3
133 700 26 13
133 742 37 7
133 1022 16 11
133 1058 39 1
133 1069 56 1
133 1135 60 13
134 247 19 14
134 325 26 8
134 838 13 3
134 869 17 15
134 919 31 6
134 1026 44 2
134 1050 45 1
134 1123 34 8
135 261 2 14
135 705 50 15
135 721 2 10
135 889 41 14
135 933 25 9
135 961 43 9
135 989 41 4
135 1076 23 15
135 1145 2 8
135 1175 24 15
135 1189 31 14
135 1217 22 4
136 457 6 8
136 654 51 6
136 821 32 6
136 967 7 3
136 1153 36 7
137 158 34 1
137 162 20 8
137 193 3 7
137 223 60 8
137 260 46 7
137 322 16 9
137 435 58 5
137 486 20 4
137 607 1 11
137 871 46 13
137 937 41 7
137 1199 12 12
138 222 24 4
138 278 4 3
138 397 54 8
138 538 56 6
138 599 13 11
138 812 17 14
138 1011 6 7
138 1163 33 6
138 1221 40 10
138 1235 45 9
139 193 50 12
139 220 52 9
139 289 25 1
139 424 39 11
139 665 38 7
139 756 38 2
139 1084 36 10
139 1094 51 9
139 1151 6 13
139 1185 4 10
139 1188 48 10
140 498 42 1
140 948 17 4
140 998 29 11
140 1041 37 11
141 667 50 3
141 738 56 3
141 891 18 7
141 944 3 6
141 1024 42 15
141 1052 13 12
141 1069 36 4
141 1201 55 13
141 1215 60 14
142 268 44 6
142 556 17 2
142 559 51 5
142 765 11 10
142 924 23 1
142 989 53 6
142 1153 53 4
143 246 25 3
143 551 43 1
143 662 54 2
143 685 33 14
143 859 6 14
143 979 14 1
143 1007 36 1
143 1176 9 4
143 1242 49 1
143 1279 29 8
144 158 42 8
144 249 8 6
144 256 25 1
144 302 6 15
144 385 49 3
144 402 10 8
144 563 4 15
144 692 56 5
144 770 1 11
144 894 39 10
144 979 55 5
144 1028 8 10
144 1253 5 14
144 1283 54 1
145 202 10 6
145 237 5 10
145 279 28 6
145 329 43 1
145 423 50 1
145 514 23 10
145 583 58 14
145 629 42 14
145 776 12 7
145 983 53 3
145 1033 13 9
145 1114 54 7
146 288 55 6
146 311 39 8
146 385 25 5
146 467 32 10
146 877 32 14
146 894 31 12
146 943 30 7
146 1024 12 11
146 1087 7 10
147 345 6 7
147 562 16 8
147 589 45 10
147 716 9 8
147 962 48 3
148 360 18 2
148 441 21 15
148 554 10 1
148 769 1 3
148 1122 3 12
148 1228 14 4
149 242 46 13
149 281 30 6
149 283 16 15
149 550 56 15
149 638 11 1
149 658 4 10
149 668 25 14
149 821 54 4
149 955 32 2
149 1175 52 11
149 1217 1 10
150 207 57 14
150 269 55 10
150 413 11 9
150 416 11 5
150 824 31 14
150 830 47 4
150 904 27 11
150 934 24 6
150 1053 19 8
150 1205 44 15
151 331 33 14
151 521 6 7
151 724 19 5
151 746 37 15
151 857 13 9
151 900 37 10
151 973 58 9
151 1055 7 4
151 1082 51 10
151 1173 16 6
152 207 54 12
152 269 4 12
152 422 9 6
152 438 27 6
152 475 56 1
152 477 49 15
152 731 49 3
152 766 46 8
152 860 50 14
152 888 50 5
152 925 8 10
152 1020 12 13
152 1147 11 11
152 1162 52 10
153 207 38 9
153 210 59 6
153 231 20 4
153 435 36 5
153 519 32 3
153 704 13 1
153 828 17 7
153 909 30 9
153 1023 60 2
154 487 56 6
154 585 23 4
154 617 29 1
154 652 38 3
154 873 4 2
154 1099 10 8
154 1149 27 2
154 1227 32 13
154 1257 51 8
155 209 25 4
155 297 28 3
155 332 60 15
155 454 31 12
155 602 11 7
155 652 17 1
155 730 21 1
155 821 35 13
155 828 29 12
155 900 32 8
155 986 8 10
155 1270 20 5
156 249 54 1
156 385 50 14
156 504 12 13
156 543 45 1
156 681 15 8
156 922 13 5
157 235 4 7
157 332 1 11
157 600 26 10
157 846 56 1
157 868 13 13
157 1016 50 12
158 274 56 5
158 349 56 7
158 378 31 1
158 514 53 3
158 626 4 5
158 728 43 4
158 855 23 15
158 893 39 10
158 950 41 14
158 1081 15 13
158 1186 47 3
158 1198 57 14
159 183 33 14
159 393 45 6
159 521 17 5
159 533 2 3
159 775 9 10
159 808 33 11
159 811 20 7
159 823 6 1
159 824 21 9
159 1213 16 10
160 169 25 8
160 181 36 13
160 271 24 13
160 294 57 3
160 419 51 4
160 427 15 14
160 728 50 10
160 826 48 4
160 898 59 12
160 1176 46 5
161 185 14 10
161 339 48 7
161 422 38 8
161 517 27 15
161 672 46 9
161 724 15 6
161 873 32 3
161 962 36 8
161 1118 6 3
161 1218 6 12
161 1249 53 2
162 226 45 5
162 234 27 6
162 304 12 11
162 317 50 10
162 361 28 10
162 409 16 1
162 438 15 6
162 605 60 6
162 623 9 2
162 629 46 8
162 656 37 2
162 879 42 9
162 886 46 3
162 1086 8 6
163 208 34 15
163 474 19 5
163 706 2 1
163 1101 9 10
163 1201 35 1
164 458 31 15
164 633 13 7
164 931 14 3
164 1000 57 2
165 358 5 15
165 479 55 14
165 756 3 15
165 1052 33 2
165 1209 10 4
166 203 47 6
166 269 43 12
166 309 52 6
166 344 45 10
166 409 47 5
166 418 52 3
166 453 28 4
166 548 18 7
166 591 55 1
166 646 33 11
166 660 10 3
166 737 39 5
166 852 6 13
166 1020 18 12
166 1027 45 9
166 1106 36 13
167 202 1 7
167 423 10 3
167 472 53 8
167 509 44 12
167 989 22 12
167 1077 50 11
167 1259 2 12
168 199 46 8
168 246 7 14
168 487 6 12
168 622 47 1
168 851 36 11
168 1005 35 8
168 1017 37 4
168 1209 21 14
168 1272 56 14
169 321 40 6
169 496 9 6
169 563 20 1
169 566 28 12
169 571 23 6
169 667 27 7
169 675 15 10
169 814 34 11
169 851 52 12
169 867 15 1
169 936 30 15
169 1026 44 12
169 1176 14 10
169 1221 34 4
169 1228 45 12
170 310 37 7
170 351 29 4
170 696 22 1
170 721 8 3
170 953 36 13
170 1053 58 2
170 1240 17 15
171 222 8 10
171 286 60 3
171 300 31 10
171 463 16 4
171 470 56 6
171 633 16 6
171 655 26 4
171 824 39 3
171 852 27 3
171 954 33 1
171 1028 53 5
171 1215 57 1
172 276 3 14
172 279 3 2
172 327 14 13
172 406 4 11
172 658 40 15
172 825 11 10
172 1006 37 15
172 1116 11 4
173 180 44 15
173 330 39 5
173 398 21 2
173 476 33 8
173 500 28 11
173 557 18 2
173 650 41 12
173 663 52 15
173 1028 3 11
173 1101 39 12
174 628 2 9
174 742 28 11
174 746 35 15
174 764 7 3
174 814 45 8
174 816 37 11
174 911 39 3
174 967 53 13
174 986 31 2
174 1061 38 9
174 1077 59 10
174 1113 51 15
174 1115 41 10
174 1161 57 13
175 181 14 2
175 352 28 1
175 354 8 5
175 471 42 7
175 546 13 13
175 616 47 2
175 713 20 13
175 825 40 13
175 1186 7 1
176 316 21 1
176 322 55 1
176 556 38 8
176 589 7 2
176 630 50 3
176 646 60 2
176 736 49 8
176 766 27 11
176 774 50 7
176 827 25 5
176 1192 55 9
176 1201 18 4
177 239 6 9
177 392 57 8
177 495 1 5
177 496 59 8
177 508 12 13
177 589 35 4
177 752 48 14
177 850 2 3
177 1116 37 6
177 1145 43 7
177 1175 59 5
178 213 32 2
178 374 39 2
178 521 7 11
178 524 5 3
178 644 19 4
178 703 13 5
178 723 31 11
178 778 2 1
178 877 8 9
178 1065 57 1
178 1163 31 15
178 1184 50 8
178 1252 15 4
179 203 45 12
179 277 45 3
179 295 32 12
179 436 12 9
179 471 19 12
179 716 14 7
179 808 36 4
179 858 47 14
179 1115 39 5
179 1119 12 12
179 1173 40 1
180 222 35 6
180 318 2 8
180 453 22 3
180 743 16 3
180 821 33 13
180 831 46 8
180 870 43 1
180 929 55 2
180 1094 10 8
181 193 30 4
181 235 3 15
181 349 54 2
181 428 54 5
181 563 6 11
181 593 41 13
181 627 31 5
181 716 6 6
181 864 36 11
181 979 28 4
181 1035 56 5
181 1066 5 10
181 1241 56 4
181 1258 1 5
182 262 42 4
182 545 55 7
182 724 22 12
182 741 44 7
182 791 34 14
182 928 4 2
182 987 32 3
182 1004 60 14
182 1041 5 8
182 1043 13 10
182 1190 3 4
183 393 9 11
183 512 25 6
183 547 36 2
183 623 42 2
183 832 43 5
183 843 16 5
183 960 57 7
183 1186 16 12
184 239 29 8
184 356 30 7
184 553 55 6
184 583 37 7
184 930 25 1
184 1017 31 15
185 633 58 5
185 635 32 6
185 771 44 12
186 243 14 10
186 440 56 13
186 608 38 6
186 933 48 6
186 1171 53 7
186 1193 15 8
186 1244 51 15
187 336 59 3
187 662 33 1
187 700 8 14
187 835 32 10
187 836 56 5
187 1126 41 2
187 1231 14 2
188 219 54 2
188 226 52 15
188 374 40 3
188 771 39 5
188 1013 11 3
189 545 46 10
189 635 32 6
189 822 51 3
189 1151 52 3
189 1186 17 8
189 1263 33 1
189 1268 57 1
189 1282 51 1
190 330 1 11
190 488 2 11
190 585 29 12
190 743 12 6
190 744 37 7
190 777 51 10
190 853 19 2
190 979 59 7
190 1066 34 1
190 1112 36 8
190 1274 43 13
191 208 23 7
191 262 47 6
191 299 19 9
191 358 38 6
191 587 3 3
191 747 47 6
191 980 11 14
191 1171 16 9
192 277 5 5
192 558 59 12
192 750 25 3
192 758 20 1
192 989 20 7
193 264 31 4
193 499 13 10
193 546 32 10
193 815 46 5
193 852 7 2
193 1087 53 3
194 403 27 2
194 525 28 1
194 653 2 10
194 1271 33 4
195 336 16 2
195 387 57 5
195 799 6 2
195 1103 44 2
195 1109 3 5
195 1133 25 1
195 1250 16 2
196 453 46 2
196 469 26 7
196 592 53 3
196 840 11 7
196 927 51 10
196 950 26 4
196 1026 25 3
196 1149 57 6
196 1215 56 1
196 1231 4 6
196 1236 40 12
197 298 59 7
197 430 42 8
197 515 47 5
197 601 53 14
197 683 13 9
197 717 40 14
197 730 34 7
197 739 5 11
197 757 5 8
197 846 18 10
197 880 24 5
197 898 37 6
197 988 14 9
197 1064 14 4
197 1098 51 8
197 1176 24 5
198 219 4 3
198 327 5 15
198 343 35 9
198 654 2 9
198 711 51 11
198 766 35 11
198 803 33 6
198 964 27 1
198 1009 27 3
198 1029 52 12
198 1195 50 5
198 1259 37 13
198 1266 25 1
199 214 58 14
199 644 42 8
199 799 49 15
199 926 18 4
199 941 50 6
199 1047 14 13
199 1109 59 14
199 1162 36 3
200 686 4 15
200 691 24 6
200 710 3 13
200 794 55 6
200 795 43 14
200 820 59 6
201 429 30 9
201 644 2 12
201 757 39 12
201 945 11 3
201 959 47 5
201 1018 3 6
201 1117 56 4
202 212 39 2
202 226 54 1
202 637 14 4
202 668 12 12
202 1091 19 1
202 1213 6 3
203 382 6 12
203 477 56 8
203 587 45 15
203 674 37 15
203 830 47 9
203 849 4 6
203 913 24 14
203 1020 38 3
203 1022 53 6
203 1163 38 11
203 1201 24 12
204 337 59 6
204 414 41 11
204 419 13 13
204 424 35 10
204 520 47 1
204 573 42 4
204 575 13 11
204 733 53 1
204 957 9 12
204 1121 49 5
204 1242 38 9
205 208 43 14
205 215 59 6
205 287 44 14
205 383 18 3
205 386 53 9
205 505 51 11
205 643 50 8
205 802 50 8
205 812 27 13
205 961 36 12
205 1262 15 5
206 436 20 6
206 591 6 3
206 651 44 8
206 984 15 3
206 1060 53 6
207 387 52 4
207 473 23 2
207 601 31 10
207 699 21 14
207 733 24 7
207 1065 49 10
208 264 46 10
208 426 32 5
208 516 33 6
208 797 28 3
208 907 56 7
208 959 2 14
208 971 2 10
208 1172 51 3
209 295 41 13
209 311 49 1
209 432 16 14
209 469 2 9
209 496 4 13
209 966 3 1
210 220 7 7
210 308 23 2
210 359 56 5
210 525 47 13
210 673 32 2
210 687 58 2
210 709 21 7
210 781 54 11
210 809 21 5
210 823 4 3
210 891 48 14
210 929 46 14
210 946 55 13
210 1102 55 12
210 1256 22 6
210 1282 55 8
211 230 44 11
211 414 22 14
211 452 32 12
211 477 59 6
211 520 44 8
211 928 50 14
211 966 55 13
211 969 55 11
211 1081 10 3
211 1130 37 14
211 1183 41 3
212 611 15 7
212 675 21 12
212 924 16 2
212 998 14 9
212 1134 34 12
212 1136 53 5
212 1158 3 3
213 334 25 3
213 367 56 13
213 402 1 6
213 485 50 6
213 556 5 5
213 575 21 14
213 758 34 13
213 938 7 11
213 1113 28 10
213 1194 31 11
213 1234 44 14
214 351 33 6
214 484 18 2
214 488 51 13
214 558 52 12
214 638 5 8
214 814 58 15
214 1111 31 5
214 1168 14 14
214 1263 50 15
215 356 32 8
215 432 34 13
215 447 34 1
215 762 2 8
215 902 59 10
215 1169 14 15
215 1226 6 1
215 1242 3 11
216 249 19 7
216 418 2 4
216 588 60 8
216 931 43 8
216 1077 16 8
216 1079 47 7
216 1101 43 5
216 1179 19 13
217 245 45 13
217 272 15 2
217 346 5 4
217 440 47 15
217 464 23 2
217 589 27 15
217 725 43 12
217 871 58 14
217 1097 47 4
217 1220 36 7
217 1248 7 2
218 230 14 7
218 268 15 5
218 585 49 8
218 663 1 13
218 770 40 8
218 936 45 5
218 1158 7 9
218 1181 4 7
218 1227 45 2
219 237 29 14
219 239 34 5
219 275 52 1
219 328 11 9
219 781 27 13
219 880 35 9
219 936 9 12
219 1020 48 11
219 1024 8 9
220 416 43 15
220 457 40 15
220 535 59 12
220 540 27 4
220 702 7 3
220 871 41 8
220 918 11 1
220 960 25 4
220 1075 16 6
220 1142 52 9
221 379 17 14
221 466 5 10
221 486 33 5
221 504 46 14
221 511 28 13
221 608 26 13
221 750 23 5
221 838 60 7
221 985 22 7
221 990 1 10
221 1149 37 2
221 1250 12 11
222 382 52 7
222 461 25 1
222 746 32 1
222 896 23 6
222 936 53 4
222 1182 8 1
223 252 4 11
223 359 44 15
223 363 25 11
223 409 33 8
223 458 6 11
223 587 19 6
223 604 41 4
223 616 34 4
223 768 47 9
223 908 23 15
223 990 44 12
223 1237 26 4
224 601 42 9
224 651 20 14
224 731 36 13
224 818 44 1
224 930 41 8
225 334 1 11
225 828 51 15
225 894 59 14
225 1004 35 4
226 363 3 5
226 455 21 10
226 461 58 1
226 463 17 3
226 504 42 5
226 814 6 12
226 865 6 7
226 887 47 15
226 1141 45 15
226 1149 18 4
226 1227 33 5
227 370 11 14
227 388 1 12
227 546 46 10
227 589 40 8
227 762 13 1
227 788 44 10
227 792 20 6
227 859 29 2
227 952 46 2
227 1034 56 8
227 1073 49 6
228 273 32 1
228 305 24 14
228 530 20 2
228 620 3 2
228 804 45 10
228 843 29 11
228 868 37 14
228 891 32 6
228 1121 52 7
228 1161 54 5
229 275 50 10
229 573 1 12
229 641 46 4
229 710 16 9
229 754 48 6
229 871 17 9
229 996 44 15
229 1090 2 11
230 775 13 11
230 783 48 10
230 790 16 12
230 930 43 4
230 951 29 6
230 972 19 11
230 1054 24 5
230 1057 14 3
230 1072 60 8
230 1135 52 10
230 1157 48 11
231 258 10 6
231 333 7 14
231 346 22 8
231 534 34 5
231 675 43 9
231 826 44 6
231 859 44 11
231 957 44 1
231 1092 42 2
231 1172 50 6
232 450 17 7
232 475 34 10
232 686 16 7
232 869 38 11
232 1092 22 8
232 1165 32 1
233 404 58 10
233 571 35 9
233 646 23 13
233 927 18 10
233 1037 22 3
233 1135 48 10
234 303 10 13
234 307 31 4
234 351 9 7
234 434 50 4
234 606 30 2
234 731 4 5
234 768 43 4
234 791 3 14
234 862 46 2
234 948 60 7
234 1191 22 5
235 352 45 15
235 422 22 13
235 446 11 3
235 472 41 8
235 501 44 1
235 675 1 2
235 1077 9 14
235 1113 44 1
236 283 53 14
236 305 1 4
236 312 29 12
236 356 46 12
236 400 8 2
236 434 28 14
236 438 27 14
236 451 33 10
236 460 49 8
236 461 25 3
236 633 57 15
236 723 45 14
236 767 21 9
236 894 21 3
236 991 55 10
236 1119 39 14
236 1127 20 3
237 505 30 9
237 642 58 4
237 644 19 6
237 817 48 6
237 908 11 2
237 977 7 6
237 1062 1 8
238 664 31 8
238 741 17 2
238 913 24 1
238 1008 60 11
238 1036 21 5
238 1195 17 2
238 1230 58 5
239 385 17 4
239 435 47 8
239 532 43 14
239 591 46 14
239 642 36 8
239 772 18 2
239 788 55 3
239 1147 19 7
239 1179 52 12
239 1188 37 12
239 1222 43 4
240 364 49 13
240 601 6 2
240 687 52 1
240 773 47 12
240 774 31 7
240 790 52 13
240 849 28 1
240 862 52 3
240 1014 5 2
240 1054 37 8
240 1117 58 10
240 1180 14 3
241 282 3 11
241 317 30 15
241 352 1 12
241 540 50 6
241 657 23 8
241 700 13 3
241 1146 3 9
242 409 8 13
242 441 15 10
242 456 56 9
242 622 25 2
242 706 2 9
242 853 4 8
242 987 2 10
242 1064 38 1
242 1212 56 12
243 405 58 12
243 453 55 1
243 498 46 5
243 539 4 6
243 595 52 9
243 670 53 6
243 682 42 3
243 859 51 6
243 943 34 5
243 1034 54 15
243 1191 7 8
244 441 12 9
244 550 12 2
244 553 20 4
244 1201 30 14
245 252 41 9
245 327 7 12
245 360 22 13
245 728 52 2
245 763 38 10
245 981 16 10
245 1059 40 2
245 1079 34 5
245 1103 41 9
245 1126 21 1
246 337 6 10
246 509 46 10
246 755 1 9
246 967 31 10
246 1177 36 9
247 268 5 15
247 447 18 10
247 717 29 15
247 844 56 7
248 355 39 5
248 374 27 1
248 492 36 12
248 588 53 11
248 637 11 13
248 765 43 2
248 781 38 3
248 833 42 8
248 870 30 3
248 904 55 9
248 910 25 4
248 1082 26 15
248 1141 16 14
249 301 16 5
249 375 37 4
249 510 59 8
249 568 11 4
249 617 17 12
249 631 45 10
249 694 12 14
249 989 35 8
249 1205 30 3
249 1233 1 7
250 547 6 12
250 659 17 11
250 710 34 5
250 795 3 5
250 796 6 14
250 806 12 15
250 836 50 1
251 312 27 1
251 383 2 7
251 501 31 11
251 563 34 15
251 679 58 5
251 727 1 3
251 856 5 9
251 1054 10 14
251 1116 6 14
251 1249 1 5
252 284 15 9
252 337 12 3
252 528 57 9
252 592 25 9
252 658 9 11
252 784 56 13
252 863 49 15
252 865 57 4
252 866 39 9
252 921 43 6
252 986 40 15
252 1150 52 8
253 274 40 15
253 295 36 13
253 320 17 11
253 332 21 12
253 761 48 15
253 1087 4 4
253 1116 51 9
253 1138 57 15
254 275 52 6
254 365 23 2
254 438 36 4
254 460 6 6
254 752 6 12
254 768 7 1
254 789 34 6
254 850 27 13
254 1072 60 3
254 1206 56 3
254 1251 40 7
255 468 11 2
255 504 18 8
255 606 27 5
255 688 36 7
255 752 5 5
255 931 22 4
255 1067 13 5
255 1074 58 9
255 1129 32 2
255 1154 43 8
255 1224 26 15
256 275 24 5
256 513 21 10
256 564 10 9
256 717 2 8
256 983 48 4
256 1011 36 13
256 1029 59 2
256 1032 3 5
256 1163 28 1
257 297 33 4
257 430 44 8
257 500 2 14
257 696 17 6
257 727 60 9
257 728 38 2
257 751 10 7
257 791 40 4
257 869 22 5
257 1070 38 12
257 1117 31 2
257 1275 8 3
258 261 45 11
258 290 28 11
258 633 16 3
258 1131 37 8
259 350 43 8
259 546 33 13
259 568 14 12
259 617 29 10
259 711 23 13
259 781 34 12
259 872 16 12
259 1137 19 12
260 295 32 3
260 1098 2 3
261 284 19 10
261 359 13 14
261 553 12 13
261 619 9 4
261 822 6 7
261 907 7 5
261 1111 38 7
261 1157 38 4
261 1175 12 7
262 492 34 4
262 513 45 1
262 827 42 13
262 1200 20 3
263 312 36 3
263 330 20 14
263 543 8 4
263 704 36 7
263 781 14 3
263 822 40 15
263 993 46 14
263 1065 47 15
263 1134 44 8
263 1225 13 14
264 293 59 5
264 502 58 8
264 876 14 13
264 1168 50 8
265 362 8 6
265 407 57 1
265 590 1 15
265 650 19 11
265 666 3 2
265 813 58 6
265 874 34 7
266 449 47 12
266 592 2 12
266 730 29 12
266 896 38 3
266 971 20 15
266 1068 36 2
266 1074 29 15
266 1165 52 3
266 1176 31 3
267 291 13 11
267 319 58 14
267 482 30 2
267 543 42 9
267 549 45 9
267 753 60 7
267 1007 1 13
267 1089 14 10
267 1110 23 3
267 1262 47 5
268 281 28 4
268 462 41 9
268 491 59 14
268 542 16 3
268 757 6 15
268 784 48 2
268 1032 3 13
268 1049 54 7
269 293 21 9
269 303 53 13
269 483 31 6
269 492 56 10
269 649 46 12
269 747 1 1
269 771 39 7
269 842 24 5
269 1132 54 6
269 1264 5 7
270 319 33 5
270 433 59 8
270 719 6 1
270 724 54 10
270 759 48 6
270 1036 10 13
270 1055 27 10
270 1151 8 5
271 310 55 9
271 954 56 8
272 498 27 5
272 885 27 8
272 1184 26 15
273 667 33 3
273 727 55 13
273 1112 9 6
274 338 57 14
274 612 60 15
274 666 27 1
274 867 12 15
274 906 45 10
275 409 38 13
275 668 33 1
275 688 6 5
275 741 53 11
275 942 35 7
275 1278 15 10
276 322 16 4
276 746 13 6
276 831 41 8
276 897 22 12
276 926 46 1
276 1031 1 15
276 1078 60 11
276 1162 39 3
277 424 43 13
277 651 39 6
277 700 55 12
277 734 26 10
277 986 28 12
277 992 43 13
277 1105 48 12
277 1115 7 12
278 370 32 11
278 392 12 12
278 1143 38 15
279 637 26 4
279 956 26 5
279 1071 19 9
279 1149 28 9
279 1249 15 9
280 394 55 5
280 504 34 2
280 524 17 1
280 533 43 15
280 564 39 11
280 758 20 10
280 839 6 15
280 911 7 8
280 951 52 15
280 959 17 13
280 1083 57 5
280 1203 51 10
281 365 23 2
281 810 3 1
281 1051 14 5
282 306 55 13
282 500 55 2
282 625 38 13
282 699 36 10
282 788 23 2
282 794 52 11
282 946 26 13
282 1025 2 3
283 343 23 4
283 350 1 5
283 657 14 8
283 745 58 6
283 747 8 15
283 818 3 4
283 891 46 8
283 999 57 8
283 1097 50 3
284 377 13 1
284 620 2 4
284 666 3 1
284 1087 50 4
284 1101 30 5
284 1214 31 14
284 1270 41 3
285 450 35 6
285 550 55 11
285 760 33 7
285 1125 37 2
285 1174 27 8
286 486 1 7
286 589 5 1
286 734 4 2
286 1039 16 10
286 1176 24 15
286 1216 17 8
287 289 2 2
287 325 47 13
287 375 23 14
287 519 49 6
287 654 44 12
287 678 37 5
287 815 28 6
287 832 47 10
287 885 22 9
287 898 27 15
287 945 45 15
287 987 33 8
288 315 25 9
288 415 48 14
288 573 19 8
288 577 8 13
288 754 28 5
288 755 51 5
288 952 45 6
288 1228 11 11
289 323 52 6
289 408 18 10
289 549 57 3
289 564 39 3
289 572 56 13
289 747 28 8
289 935 30 4
289 966 20 2
289 1048 57 9
289 1121 57 2
290 424 45 8
290 427 59 12
290 479 37 6
290 618 54 11
290 643 40 7
290 902 19 11
290 1103 59 14
290 1153 2 4
291 373 16 10
291 392 49 9
291 559 37 9
291 655 34 10
291 905 23 1
291 962 16 1
292 616 54 14
292 645 4 9
292 706 47 12
292 1015 46 7
293 316 36 1
293 796 26 7
293 1092 12 6
294 389 28 6
294 509 16 1
294 668 33 10
294 681 30 12
294 682 15 3
294 1188 55 1
294 1241 3 3
294 1246 28 7
295 321 51 4
295 660 33 13
295 771 3 10
295 778 19 4
295 828 35 13
295 936 19 1
295 1035 28 9
295 1045 37 1
295 1269 1 15
296 332 8 12
296 372 49 14
296 394 30 3
296 406 5 2
296 663 2 12
296 721 57 1
296 768 27 2
296 879 30 9
296 961 29 5
296 977 17 9
296 1162 5 6
297 411 23 3
297 837 47 8
297 1011 25 5
297 1057 2 14
297 1101 51 7
297 1249 1 5
297 1273 18 13
298 419 54 14
298 469 47 8
298 514 3 7
298 577 7 8
298 589 24 9
298 657 3 8
298 792 40 5
298 938 41 9
298 970 47 14
298 1080 8 2
298 1174 8 13
298 1243 35 5
299 463 10 2
299 485 34 3
299 517 16 10
299 531 11 14
299 576 32 9
299 980 49 5
299 1010 58 3
299 1027 14 11
299 1075 24 12
299 1096 27 10
299 1172 21 10
299 1250 13 13
300 886 6 8
300 1241 20 10
301 308 55 12
301 381 25 15
301 393 21 1
301 405 32 7
301 415 4 13
301 571 3 13
301 806 43 13
301 962 55 3
301 1193 40 14
301 1271 26 6
302 832 56 12
302 857 60 4
302 1171 57 4
303 312 12 8
303 505 2 7
303 686 1 7
303 1098 23 15
303 1276 24 5
304 602 17 12
304 677 32 5
304 737 24 5
304 745 10 13
304 844 17 9
304 910 51 8
304 918 39 4
304 953 25 14
304 990 58 12
304 1131 10 12
304 1220 32 7
305 312 60 3
305 314 35 2
305 347 46 2
305 950 39 14
305 1211 16 3
305 1283 41 7
306 382 46 1
306 443 33 12
306 600 22 14
306 861 43 6
306 906 9 13
306 1280 9 6
307 334 15 2
307 464 33 10
307 487 37 2
307 610 13 14
307 625 4 10
307 647 11 14
307 738 42 3
307 871 45 14
307 947 10 4
307 987 27 15
307 1097 20 8
307 1103 59 2
307 1218 29 5
307 1221 40 3
308 532 42 2
308 614 31 3
308 685 20 10
308 794 3 11
308 1039 27 4
308 1068 54 10
308 1260 17 9
308 1263 8 12
308 1265 42 2
309 312 9 7
309 320 22 14
309 429 41 3
309 583 8 8
309 824 16 9
309 862 16 7
309 924 47 1
309 942 42 12
309 1023 34 2
310 438 36 10
310 495 28 3
310 502 60 1
310 635 29 2
310 650 46 14
310 945 21 9
310 1059 5 13
310 1196 37 2
310 1216 1 8
310 1277 13 1
311 865 18 12
312 369 24 6
312 418 19 6
312 596 28 15
312 869 17 6
312 975 51 2
312 1209 40 3
312 1223 35 6
312 1248 10 12
313 531 7 11
313 1165 52 4
314 491 21 2
314 842 25 4
314 1069 41 11
314 1242 27 1
315 1176 55 6
316 621 6 1
316 626 35 5
316 1060 14 11
316 1109 23 9
316 1112 3 9
316 1137 4 2
316 1280 43 1
317 331 10 15
317 397 22 8
317 471 46 12
317 491 45 10
317 573 17 9
317 703 15 9
317 761 17 6
317 898 22 11
317 1268 44 8
318 410 17 4
318 992 48 14
318 1187 33 7
318 1273 37 5
319 327 28 14
319 329 46 15
319 343 56 6
319 536 57 5
319 824 10 11
319 888 49 6
319 951 58 9
320 656 36 8
320 726 18 5
320 747 22 14
320 879 35 13
320 964 34 2
320 1056 44 5
320 1076 12 13
320 1169 8 12
321 461 19 14
321 538 39 5
321 552 16 12
321 575 43 13
321 599 59 1
321 923 47 12
321 935 22 10
321 944 54 14
321 969 45 1
321 975 21 12
321 994 14 13
321 1156 50 4
322 490 56 6
322 835 42 12
322 899 4 12
322 919 46 6
322 985 27 13
322 993 3 3
322 1168 50 7
323 506 44 13
323 599 8 5
323 722 60 7
323 768 15 12
323 868 6 10
323 909 53 3
323 1028 6 1
324 370 6 13
324 479 33 13
324 740 26 1
324 789 7 13
324 1140 11 13
324 1194 5 12
325 407 39 10
325 445 19 2
325 472 15 9
325 666 2 14
325 824 13 13
325 853 30 14
325 1020 42 11
325 1105 50 13
325 1110 28 11
326 574 52 9
326 957 43 6
326 974 3 12
326 1003 27 3
326 1249 56 11
326 1254 45 15
327 459 28 12
327 478 49 15
327 507 15 15
327 1274 57 1
328 613 10 9
328 804 44 4
328 883 32 5
328 911 30 12
328 979 58 2
328 1189 32 1
329 340 30 11
329 360 4 10
329 705 13 14
329 922 6 8
329 996 5 11
329 1030 24 14
329 1177 26 13
329 1244 15 2
330 354 47 14
330 396 12 15
330 712 45 7
330 787 40 9
330 922 28 12
330 1052 33 13
331 481 47 14
331 483 50 4
331 674 60 9
331 755 59 5
331 871 18 1
331 873 41 14
331 963 18 14
331 1130 10 15
331 1160 10 5
331 1172 39 4
332 363 47 12
332 496 18 15
332 599 47 10
332 683 18 11
332 704 32 8
332 874 36 1
332 1016 57 5
332 1205 9 10
332 1260 56 1
333 335 47 8
333 356 58 2
333 752 34 5
333 829 16 11
333 1099 20 6
333 1142 26 11
333 1226 58 14
334 362 51 14
334 406 8 8
334 519 13 3
334 717 42 9
334 899 6 2
334 955 5 4
334 1121 48 6
335 393 41 6
335 871 4 3
335 1004 29 5
336 864 60 12
337 474 59 14
337 528 9 8
337 719 28 9
337 751 58 8
337 778 59 13
337 824 39 5
337 882 29 2
337 991 43 8
337 1180 50 10
337 1199 13 3
338 443 1 10
338 547 54 14
338 672 15 9
338 704 22 9
338 888 4 15
338 912 41 13
338 915 41 5
338 921 24 5
338 975 37 10
338 1067 35 14
338 1110 45 11
338 1152 9 9
339 393 5 14
339 713 51 2
339 766 22 1
339 910 8 15
339 1068 6 9
339 1196 12 3
340 490 58 9
340 980 18 14
340 1090 21 10
340 1157 11 14
340 1161 34 12
341 354 15 1
341 758 28 1
341 972 21 10
341 1040 22 13
341 1145 57 5
341 1266 54 4
342 451 26 7
342 465 23 5
342 497 25 7
342 523 58 14
342 558 58 10
342 842 9 7
342 877 31 8
342 1131 4 15
342 1137 37 13
342 1175 15 8
343 503 30 15
343 567 16 11
343 703 26 14
343 779 5 1
343 838 43 8
343 1066 47 4
343 1163 8 1
344 363 27 9
344 433 20 6
344 505 15 12
344 640 57 4
344 835 35 1
344 873 21 1
344 909 52 12
344 928 10 10
344 1119 44 14
344 1161 2 11
345 437 33 11
345 466 37 1
345 561 59 11
345 824 60 3
345 987 60 1
345 1186 31 8
345 1266 26 3
346 496 20 11
346 573 51 1
346 954 8 5
346 1116 5 7
346 1269 7 13
346 1279 16 2
347 370 18 14
347 380 58 1
347 529 54 3
347 555 57 3
347 580 43 2
347 785 17 2
347 868 16 7
347 1101 7 7
347 1221 8 7
347 1228 59 7
348 391 19 7
348 404 5 6
348 541 10 14
348 638 23 11
348 704 55 9
348 705 58 9
348 1004 30 12
348 1140 49 13
349 361 39 11
349 429 27 9
349 509 57 10
349 766 28 12
349 990 42 4
349 1055 55 6
349 1083 32 11
349 1177 8 10
350 825 42 14
350 898 26 3
350 1219 52 1
351 686 35 5
351 837 40 12
351 1196 49 3
351 1198 55 12
351 1225 34 4
352 665 23 6
352 701 56 6
352 993 40 7
352 1279 42 6
353 530 38 15
353 688 57 9
353 869 24 14
353 910 2 5
353 926 7 2
353 957 3 8
353 1221 58 1
354 486 26 4
354 623 29 5
354 1001 24 8
354 1052 10 1
354 1102 32 8
354 1132 27 13
355 365 60 9
355 372 58 5
355 631 50 7
355 906 35 4
355 1028 48 4
355 1192 31 8
355 1258 3 6
356 539 55 15
356 571 1 8
356 595 56 8
356 923 20 1
356 1198 47 13
357 364 27 2
357 719 44 15
357 746 26 13
357 950 28 7
357 1131 60 8
358 683 23 2
358 789 56 11
358 844 43 14
358 1097 14 6
358 1179 56 13
359 624 49 8
359 672 56 1
359 846 41 13
359 902 20 9
360 486 19 13
360 535 2 3
360 1156 18 14
360 1214 33 11
361 417 4 8
361 583 19 3
361 638 14 6
361 659 10 15
361 933 55 9
362 434 6 6
362 565 8 9
362 823 36 6
362 839 4 11
362 955 6 11
362 1023 35 4
362 1063 28 1
362 1259 37 13
363 454 27 11
363 565 38 10
363 711 60 15
363 916 11 6
363 1101 46 9
364 413 31 7
364 425 48 2
364 458 49 2
364 654 24 9
364 802 19 3
364 803 36 6
364 853 3 12
364 1208 36 4
365 389 14 5
365 598 58 4
365 906 25 6
365 941 32 11
365 1013 27 11
365 1127 34 15
365 1170 10 8
366 400 49 4
366 478 39 1
366 717 50 5
366 918 24 7
366 926 41 13
366 974 54 11
366 987 23 4
366 1051 59 11
367 550 49 5
367 654 14 9
367 857 44 8
367 938 18 7
367 1016 3 3
367 1039 26 10
367 1281 58 3
368 762 38 8
368 849 51 4
368 879 5 4
368 1008 58 15
368 1040 30 13
368 1065 10 10
369 375 54 3
369 504 55 6
369 692 40 13
369 794 29 2
369 857 18 11
369 879 44 4
369 903 44 6
369 938 58 13
369 1075 39 1
369 1193 56 9
369 1197 2 5
369 1221 2 9
370 494 25 2
370 513 9 5
370 576 22 8
370 626 21 1
370 1046 5 11
370 1061 60 6
370 1176 14 7
371 375 17 8
371 498 4 14
371 692 34 8
371 882 56 8
371 1107 3 4
371 1246 18 11
372 489 19 9
372 647 6 11
372 815 54 7
372 1156 23 4
373 507 47 8
373 638 60 7
373 754 30 2
373 807 28 15
374 586 18 4
374 631 3 7
374 656 51 6
374 760 8 13
374 877 34 14
374 914 35 14
374 1158 20 8
374 1182 24 10
374 1251 37 12
374 1281 54 15
375 420 4 13
375 451 58 14
375 865 21 5
375 1061 7 6
375 1256 47 7
376 435 25 7
376 542 25 15
376 626 57 14
376 794 3 8
376 1179 49 11
376 1278 1 3
377 420 7 6
377 675 41 12
377 758 36 6
377 1027 29 5
377 1072 38 5
377 1133 20 10
378 607 26 7
378 833 44 11
378 949 7 1
378 1111 52 5
378 1180 16 8
379 584 2 2
379 601 30 7
379 679 32 9
379 742 1 9
379 876 31 8
379 885 3 13
379 1044 21 5
379 1059 14 2
379 1092 44 11
379 1137 56 9
379 1227 33 1
379 1245 27 12
380 388 54 15
380 542 51 4
380 658 52 4
380 821 16 7
380 961 41 11
381 426 30 7
381 497 56 10
381 534 2 7
381 686 31 2
381 711 34 14
381 732 57 14
381 1001 45 7
381 1084 28 10
382 735 59 1
382 748 23 13
382 958 36 12
383 496 18 1
383 578 31 14
383 595 6 9
383 823 55 12
383 842 1 15
383 980 16 4
383 1009 9 10
383 1192 56 1
384 481 37 12
384 505 26 11
384 833 26 13
384 1026 53 6
384 1027 11 12
385 555 26 11
385 624 52 9
386 402 33 9
386 448 25 11
386 646 55 12
386 765 19 11
386 803 25 3
386 895 51 3
386 956 23 3
386 1142 26 6
387 442 42 5
387 561 60 13
387 596 1 6
387 602 44 7
387 681 34 7
387 815 50 10
387 825 10 2
387 867 56 14
387 903 7 6
387 1119 12 10
388 690 7 15
388 815 56 5
388 962 17 13
388 1048 12 15
388 1091 12 9
388 1097 10 11
388 1123 53 9
388 1134 53 15
389 456 33 10
389 687 48 10
389 723 44 9
389 744 52 13
389 755 2 11
389 1137 4 1
389 1242 47 14
390 416 59 10
390 417 53 4
390 586 6 12
390 901 31 5
391 852 8 11
391 978 40 14
391 1023 12 4
391 1139 10 1
391 1215 24 11
392 543 58 1
392 658 25 2
392 664 22 1
392 711 4 8
392 716 3 12
392 791 42 12
392 849 42 8
392 1085 37 9
393 667 8 9
393 676 49 4
393 748 56 10
393 768 21 11
393 777 15 7
393 839 31 5
393 955 3 4
394 398 42 9
394 466 55 12
394 619 40 4
394 693 28 14
394 726 52 12
394 866 22 15
394 1043 44 13
394 1184 55 13
395 483 35 1
395 491 33 10
395 492 53 10
395 553 49 3
395 680 53 8
395 745 12 12
395 1087 35 11
395 1226 24 2
396 440 20 8
396 489 26 2
396 713 30 8
396 874 43 10
396 910 15 7
396 922 11 10
396 950 38 3
396 984 58 15
396 1095 23 8
397 603 7 9
397 713 13 12
397 726 58 9
397 822 13 2
397 839 22 6
397 908 24 12
397 1087 57 12
398 653 55 11
398 765 43 13
398 805 28 1
398 980 16 1
398 1022 25 5
398 1029 7 15
398 1103 18 8
398 1164 59 12
398 1254 47 3
398 1283 31 11
399 557 42 4
399 560 41 4
399 676 1 15
399 1115 14 9
399 1200 31 1
400 772 43 15
400 785 32 5
400 799 15 15
400 913 34 15
400 981 13 10
400 1016 25 4
400 1278 7 15
401 420 13 6
401 483 23 9
401 631 4 15
401 853 15 8
402 521 40 1
402 591 33 10
402 689 6 7
402 1258 33 2
403 540 17 7
403 912 18 6
403 1066 44 7
403 1092 13 6
404 715 8 13
404 807 14 5
404 850 8 1
404 1029 42 9
404 1107 38 13
404 1233 21 9
404 1271 20 12
405 478 30 7
405 534 33 4
405 560 50 13
405 603 4 3
405 626 56 2
405 719 52 8
405 966 42 5
405 984 31 1
406 433 18 6
406 447 58 14
406 650 24 7
406 741 44 13
406 756 58 5
406 822 31 5
406 1003 30 13
406 1127 59 15
407 483 15 10
407 496 54 14
407 504 6 12
407 704 35 1
407 749 42 3
407 784 49 2
407 1041 41 15
407 1143 52 7
407 1254 30 15
408 589 10 15
408 591 5 4
408 710 4 3
408 864 59 8
408 1207 7 2
408 1275 60 7
409 528 14 5
409 543 46 4
409 795 31 5
409 814 9 3
409 901 46 14
409 1053 54 6
410 1035 36 9
410 1119 45 15
410 1163 5 3
411 441 12 15
411 547 17 11
411 657 6 14
411 709 39 9
411 837 2 10
411 915 57 7
411 1067 8 13
411 1089 55 1
411 1232 14 12
412 470 35 8
412 491 44 13
412 579 22 15
412 760 43 5
412 1107 53 2
412 1187 5 3
413 430 14 9
413 434 28 9
413 669 32 11
413 881 36 5
413 919 16 9
413 994 19 4
413 1174 8 9
413 1191 4 5
413 1214 51 12
414 755 57 5
414 914 18 15
414 1032 30 6
415 527 31 2
415 566 6 6
415 648 26 4
415 1209 13 3
415 1281 60 2
416 418 59 12
416 715 7 7
416 736 19 12
416 826 35 10
416 1113 12 13
416 1204 6 9
416 1225 15 9
417 509 25 8
417 744 56 15
417 888 55 3
417 947 56 7
417 973 37 5
417 1119 23 9
418 614 27 15
418 721 14 8
418 984 34 15
418 1171 28 7
418 1283 49 10
419 460 35 11
419 1217 54 13
419 1268 16 2
420 550 11 5
420 648 2 5
420 889 58 3
420 1088 28 7
420 1176 38 14
420 1177 20 5
421 554 20 1
421 606 41 12
421 625 12 13
421 810 55 12
421 982 26 10
421 1048 36 15
421 1180 50 12
422 643 45 13
422 755 41 6
422 1262 25 10
423 517 3 10
423 550 22 4
423 1067 57 1
423 1070 30 15
424 471 50 15
424 487 23 6
424 516 51 10
424 576 33 3
424 624 26 8
424 736 15 2
424 762 27 8
424 1227 4 14
425 727 54 9
425 747 34 14
425 797 31 12
425 1113 48 14
426 658 46 6
426 677 17 6
426 691 56 2
426 828 43 1
426 864 2 3
426 1050 60 6
426 1055 24 2
426 1117 10 3
426 1135 42 4
426 1239 57 7
426 1260 28 12
427 432 8 3
427 433 10 8
427 437 12 4
427 658 26 4
427 701 22 13
427 731 5 13
427 933 13 4
427 952 53 2
427 1185 39 13
427 1215 45 1
427 1235 52 4
428 437 1 8
428 515 51 6
428 722 25 15
428 1006 20 7
428 1030 16 12
428 1072 10 10
428 1203 27 12
429 578 43 8
429 582 57 10
429 935 33 7
429 1014 29 5
429 1067 37 11
429 1227 4 5
430 931 3 13
431 490 1 11
431 628 48 8
431 902 11 6
431 1073 60 6
431 1117 48 7
431 1273 6 13
432 489 12 6
432 729 34 9
433 555 57 1
433 696 24 11
433 882 32 1
433 1200 51 12
434 475 41 7
434 496 28 3
434 579 52 4
434 922 31 5
434 1144 40 15
434 1182 14 11
435 504 46 14
435 675 43 8
435 711 8 4
435 824 38 9
435 853 4 7
435 1146 34 6
436 513 28 13
436 657 50 11
436 690 46 5
436 898 50 9
437 532 60 7
437 573 39 4
437 656 60 10
437 769 37 4
437 792 30 5
437 1126 60 1
437 1156 50 9
437 1280 35 1
438 586 4 8
438 602 15 2
438 607 39 2
438 637 19 11
438 758 55 12
438 787 59 14
438 1000 42 1
438 1209 33 10
438 1214 5 8
438 1242 50 2
439 534 9 12
439 555 1 12
440 495 56 3
440 628 11 14
440 850 10 9
440 1062 13 12
440 1171 47 4
440 1190 25 2
440 1253 54 2
441 504 32 4
441 590 44 14
441 660 29 4
441 688 48 11
442 447 21 6
442 492 49 9
442 516 2 2
442 518 47 7
442 562 30 3
442 671 56 15
442 688 2 8
442 768 16 3
442 824 13 8
442 836 22 6
442 921 47 14
442 985 34 6
442 1019 32 4
442 1053 15 4
442 1067 40 3
443 460 59 9
443 465 17 2
443 663 6 3
443 846 60 5
443 946 1 10
443 1219 29 2
444 501 34 11
444 590 30 10
444 946 3 4
444 1042 43 4
444 1282 3 8
445 648 56 4
445 906 54 5
445 1124 17 14
445 1138 59 7
445 1218 43 4
445 1254 10 13
446 451 28 15
446 703 27 5
446 706 24 8
446 743 42 10
446 782 53 2
446 833 3 14
446 851 12 6
446 911 14 12
446 916 42 4
446 1040 15 15
446 1240 19 13
447 497 38 15
447 947 37 13
447 987 47 1
447 1048 50 8
447 1123 36 15
447 1268 38 7
448 760 48 4
448 1032 11 13
448 1112 35 7
448 1159 36 6
448 1172 47 4
449 749 34 8
449 780 18 12
449 815 11 10
449 822 49 4
449 1257 26 1
450 873 41 7
450 981 52 3
451 555 22 4
451 593 21 1
451 668 5 15
451 701 15 12
451 737 26 12
451 905 43 15
451 929 47 3
451 1043 38 10
451 1130 8 2
451 1260 13 11
452 457 34 13
452 499 32 8
452 508 50 8
452 527 44 13
452 769 53 8
452 867 43 6
452 913 4 13
452 1074 23 9
452 1153 60 15
452 1178 56 10
453 808 6 7
453 1066 44 8
453 1115 9 8
453 1150 7 2
453 1268 41 12
454 472 43 15
454 611 40 10
454 731 53 4
454 836 29 8
454 991 7 12
455 511 55 11
455 706 17 5
455 822 24 11
455 830 47 14
455 908 34 6
455 1099 17 3
455 1160 31 4
456 493 6 11
456 547 49 9
456 737 44 13
456 817 39 14
456 853 55 12
456 930 47 1
456 1125 52 12
457 507 58 13
457 544 1 11
457 574 44 7
457 751 59 3
457 757 59 4
457 886 37 11
457 1257 13 2
458 940 46 9
458 1118 7 15
458 1130 41 8
459 500 27 4
459 515 8 12
459 658 47 5
459 743 14 12
459 794 8 10
459 962 53 2
459 1146 33 2
460 989 55 10
460 1045 26 14
460 1081 32 2
460 1122 59 13
460 1149 53 10
460 1257 37 15
461 550 53 3
461 650 21 2
461 794 37 6
461 808 6 12
461 913 56 4
461 1116 27 1
462 710 60 3
462 731 47 13
462 734 16 6
463 507 45 13
463 551 2 8
463 683 10 5
463 833 26 14
463 932 50 11
463 981 6 8
463 1037 22 11
463 1194 50 6
464 484 25 9
464 857 16 4
464 979 10 6
465 498 4 6
465 518 20 11
465 598 6 12
465 1105 32 7
465 1160 8 15
465 1230 21 10
465 1244 59 14
465 1249 16 1
466 739 58 9
466 782 51 11
466 1006 30 10
466 1054 37 2
467 584 56 8
467 588 53 13
467 634 56 10
467 709 37 8
467 754 52 11
467 1158 16 13
467 1175 2 1
468 503 6 10
468 894 43 11
468 979 57 5
468 1245 21 6
469 1001 55 5
469 1034 54 2
470 481 47 1
470 711 52 12
470 787 17 3
470 937 23 8
470 1051 26 15
470 1076 26 5
471 641 47 12
471 922 15 2
472 568 26 7
472 588 6 7
472 598 29 1
472 923 37 15
472 1100 12 10
472 1160 17 10
473 563 44 13
473 730 59 8
473 745 17 9
473 840 59 1
473 969 47 1
473 990 12 2
473 1081 40 11
474 643 50 12
474 706 59 7
474 763 42 11
474 1140 40 5
474 1205 59 2
475 499 60 2
475 615 9 9
475 627 28 12
475 799 18 1
475 1115 17 10
475 1186 15 9
475 1250 4 7
476 542 31 6
476 545 37 5
476 549 29 9
476 984 24 11
476 1171 46 10
476 1194 45 11
477 510 38 6
477 641 35 7
477 982 34 7
477 1072 59 8
477 1235 15 2
478 820 28 12
478 856 52 4
478 942 30 14
478 1176 34 5
479 528 20 13
479 537 50 8
479 600 32 13
479 631 9 15
479 749 35 7
479 791 13 15
479 850 59 10
479 904 18 10
479 1283 31 3
480 509 42 12
480 528 30 8
480 595 53 15
480 648 34 11
480 665 55 11
480 734 28 9
480 991 44 2
480 992 2 12
480 1059 44 8
480 1126 46 3
480 1136 46 9
480 1201 4 4
481 609 49 11
481 807 22 7
481 871 29 8
481 963 39 11
481 1015 32 11
481 1094 50 7
481 1236 43 1
482 627 23 13
482 1089 54 1
482 1132 14 5
482 1203 50 9
483 849 11 10
483 850 42 1
483 1018 20 12
483 1226 60 14
484 661 29 3
484 791 38 10
484 920 11 4
484 1013 59 2
484 1052 40 12
485 571 51 12
485 632 43 13
485 767 42 4
485 968 43 6
485 1064 15 9
485 1249 52 7
486 573 3 9
486 701 5 5
486 847 43 9
487 724 56 1
487 841 38 1
487 1066 40 8
487 1095 1 9
487 1215 25 1
488 527 32 12
488 595 36 12
488 689 9 4
488 708 44 8
488 722 34 2
488 789 23 1
488 1245 30 11
488 1284 30 12
489 691 25 3
489 839 21 8
489 951 3 6
489 1081 47 1
489 1219 53 8
490 603 40 1
490 644 32 15
490 653 51 4
490 882 25 7
490 920 2 1
490 1002 50 2
490 1206 32 13
491 795 30 14
491 1119 38 7
491 1134 15 7
491 1144 59 14
492 539 25 4
492 764 25 13
492 767 20 2
492 832 55 12
492 1112 21 15
492 1156 4 12
492 1226 36 7
492 1256 60 15
493 528 47 10
493 603 34 15
493 873 34 13
493 874 31 2
493 970 19 12
493 1102 43 3
493 1110 55 13
494 525 52 1
494 619 16 5
494 672 3 13
494 692 57 4
494 757 1 7
494 791 44 7
494 812 5 11
494 946 51 9
494 1155 56 12
494 1246 54 14
495 678 45 13
495 741 43 7
495 954 8 2
495 959 41 5
495 1053 43 5
495 1209 15 9
496 535 9 11
496 670 42 15
496 1027 50 15
496 1145 50 6
497 561 10 11
497 635 59 10
497 767 30 15
497 788 40 8
497 920 40 7
497 1004 33 10
497 1268 25 15
498 791 60 2
498 824 32 11
498 891 34 3
498 897 7 4
498 1008 26 13
498 1040 59 2
498 1141 33 1
498 1142 17 7
498 1161 33 6
498 1184 20 1
498 1202 4 5
498 1208 36 8
499 624 17 6
499 657 18 9
499 669 57 12
500 919 59 7
500 922 59 5
501 623 1 11
501 675 21 1
501 937 39 11
501 1074 47 13
501 1121 59 5
502 694 34 12
502 706 37 12
502 775 27 9
502 805 15 4
502 841 5 10
502 1040 55 14
502 1149 50 11
502 1203 26 14
503 560 36 6
503 569 38 5
503 690 14 7
503 715 50 1
503 849 48 11
503 957 38 15
503 1023 47 10
503 1255 45 10
504 520 51 6
504 646 13 12
504 856 25 10
504 937 52 4
504 1121 57 4
505 889 2 1
505 1202 19 8
505 1249 39 8
505 1256 13 11
506 625 41 14
506 1043 38 4
506 1243 35 1
507 639 59 12
507 655 17 8
507 750 37 4
507 954 42 9
507 968 49 11
507 989 47 2
507 1014 41 1
507 1048 18 15
507 1076 11 6
507 1111 58 5
508 756 31 4
508 926 48 10
508 931 54 12
508 936 19 8
508 1227 55 8
509 709 40 10
509 746 41 14
509 967 60 1
509 1061 22 9
509 1172 45 3
509 1181 33 4
510 584 9 1
510 622 22 13
510 747 3 1
510 849 49 8
510 966 44 10
510 1165 37 1
511 524 54 4
511 549 20 7
511 566 34 15
511 715 24 9
511 807 38 15
511 843 24 3
511 890 54 13
511 1237 53 6
512 535 56 6
512 678 35 4
512 759 44 5
512 798 14 4
512 899 1 14
512 904 29 2
512 1062 6 7
512 1129 35 7
512 1209 56 15
512 1279 24 14
513 647 45 5
513 751 5 1
513 779 45 12
513 811 12 1
513 1042 51 4
513 1163 59 5
513 1209 42 14
514 579 43 12
514 630 13 10
514 714 23 4
514 1057 54 10
514 1180 60 4
515 605 25 11
515 643 6 14
515 717 57 3
515 723 23 5
515 724 45 5
515 905 21 8
515 947 59 12
515 1108 23 7
516 711 50 6
516 726 21 10
516 750 45 13
516 813 18 6
516 1015 4 9
516 1108 31 10
516 1141 24 5
517 533 58 15
517 623 11 7
517 698 14 10
517 726 7 3
517 762 38 13
517 773 40 11
517 840 13 6
517 857 9 15
517 938 52 1
517 987 18 12
517 1021 2 7
517 1167 31 3
517 1197 29 10
518 585 50 8
518 870 17 6
518 914 21 10
518 1045 5 10
518 1075 42 1
518 1141 58 7
518 1186 31 6
518 1226 45 13
519 784 59 8
519 906 8 7
519 1150 13 14
519 1156 40 10
519 1158 22 8
519 1247 14 2
520 739 30 15
520 785 40 4
520 993 47 10
520 1006 14 13
520 1273 58 13
521 543 14 13
521 759 46 7
521 962 51 1
521 1064 60 2
521 1100 57 3
521 1126 13 15
522 529 45 12
522 727 14 6
522 880 11 9
522 908 30 12
522 1028 43 10
522 1074 56 11
522 1115 30 9
522 1239 35 1
523 529 48 15
523 561 12 12
523 835 35 5
523 968 11 12
523 989 50 6
523 1009 29 6
523 1062 46 10
523 1252 55 13
524 585 9 6
524 885 19 11
524 1039 29 7
524 1252 44 13
525 539 47 12
525 547 42 8
525 649 14 2
525 654 58 15
525 666 55 2
525 683 4 1
525 798 40 12
525 1024 24 2
525 1090 48 13
525 1101 40 5
525 1192 38 5
525 1195 23 4
525 1234 12 10
526 976 52 1
527 532 47 1
527 971 9 8
527 982 52 4
527 1200 30 2
527 1214 58 8
528 914 25 2
528 981 49 1
528 1056 1 15
529 536 43 12
529 982 11 6
529 1023 41 10
529 1056 57 15
529 1121 14 2
529 1204 7 7
530 869 19 5
530 914 14 7
530 969 58 15
530 1098 47 2
530 1194 24 14
530 1252 2 6
530 1258 39 13
531 760 34 12
531 834 9 1
531 859 9 3
531 935 57 12
531 993 18 12
531 1031 50 10
531 1068 16 9
531 1181 59 4
531 1186 3 15
531 1226 56 5
531 1246 57 8
532 733 36 10
532 760 18 4
532 875 5 8
532 1095 9 5
532 1238 8 14
533 751 52 1
533 755 45 10
533 922 30 15
533 942 27 13
533 982 12 9
533 1004 13 13
534 740 58 10
534 797 10 14
534 831 38 12
534 900 56 6
534 975 51 8
534 1041 52 12
534 1158 7 7
534 1201 25 4
534 1284 59 5
535 592 15 6
535 675 9 15
535 757 37 3
535 907 40 12
535 1083 48 10
535 1089 50 14
536 559 25 2
536 615 16 9
536 623 28 12
536 722 24 11
536 796 49 15
536 826 5 8
536 1034 34 12
536 1074 55 13
537 760 3 8
537 1002 26 9
537 1186 23 14
538 901 52 10
538 973 27 4
538 1156 1 14
538 1163 23 4
538 1227 11 13
539 577 35 7
539 725 33 7
539 886 21 11
539 950 35 2
539 971 40 9
539 989 52 11
539 1037 26 13
539 1155 54 12
540 636 29 13
540 657 7 1
540 736 27 4
540 971 50 3
540 1126 50 12
540 1135 37 8
541 622 4 15
541 695 39 5
541 924 5 1
541 967 10 13
541 1101 55 8
541 1242 57 5
542 552 58 14
542 559 42 10
542 565 58 14
542 596 8 14
542 841 37 7
542 1033 39 7
542 1240 43 6
543 586 53 11
543 612 5 5
543 642 27 4
543 783 57 8
543 898 9 13
543 944 2 9
543 1040 5 12
543 1147 38 3
544 848 3 6
544 959 31 3
544 997 60 11
544 1003 11 13
544 1037 32 5
544 1063 54 5
544 1094 34 7
545 941 6 6
545 1010 53 5
545 1206 48 3
546 886 25 11
546 933 26 11
546 1232 26 13
547 659 18 11
547 896 13 15
547 918 36 9
547 1257 52 2
548 677 53 8
548 698 16 2
548 972 34 5
548 1005 5 11
548 1072 37 2
548 1197 6 1
549 696 44 13
549 747 11 3
549 859 60 5
549 902 15 4
549 1081 36 9
549 1091 28 6
549 1218 14 2
549 1271 15 11
550 605 28 6
550 642 2 13
550 925 24 14
550 1076 42 8
550 1082 2 15
550 1229 33 5
551 622 38 7
551 660 34 11
551 725 38 5
551 788 57 9
551 818 13 3
551 840 59 14
551 942 60 15
551 968 13 3
551 1029 5 5
552 683 56 8
552 767 54 11
552 881 44 6
552 927 45 7
552 932 58 4
552 1011 35 7
552 1140 22 3
552 1193 42 3
553 1139 7 10
553 1152 52 5
553 1248 5 5
554 654 16 11
554 742 47 9
554 754 25 1
554 801 37 5
554 927 38 5
554 1118 9 14
554 1129 53 14
554 1156 43 15
554 1179 53 9
554 1187 55 15
555 659 43 8
555 699 22 13
555 731 29 4
555 735 21 5
555 901 10 2
555 915 38 1
555 981 42 8
555 991 54 9
555 1238 22 6
556 618 7 13
556 649 19 3
556 655 50 8
556 862 47 14
556 870 21 13
556 954 27 15
556 1117 11 1
556 1125 57 7
557 858 46 10
557 906 27 1
557 955 59 2
557 1021 9 12
558 774 34 15
558 856 58 5
558 985 4 15
558 1083 38 6
558 1139 8 5
558 1157 28 10
559 616 9 6
559 753 56 10
559 794 45 10
559 860 14 6
560 590 4 1
560 616 23 9
560 625 33 4
560 716 42 3
560 847 24 3
560 916 50 12
560 946 14 10
560 1229 57 8
561 981 45 15
561 990 37 14
561 1193 48 12
562 580 29 8
562 609 40 15
563 900 10 10
563 1091 5 4
564 622 20 13
564 745 45 15
564 864 46 13
565 575 23 6
565 620 11 7
565 698 52 3
565 779 2 3
565 1025 35 6
565 1028 22 10
565 1222 2 11
566 609 60 3
566 626 60 11
566 647 37 14
566 690 8 5
566 906 19 1
566 1099 11 6
566 1166 42 12
567 649 13 14
567 730 22 11
567 820 53 6
567 823 1 1
567 852 12 13
567 1000 17 9
567 1100 43 9
568 787 31 11
568 807 24 14
568 967 20 8
568 1141 33 9
568 1180 31 14
569 615 36 9
569 784 56 15
569 1092 29 4
569 1118 53 9
569 1122 25 7
570 1236 44 1
571 663 42 15
571 762 15 13
571 910 52 2
571 1215 3 11
572 1004 33 6
572 1138 36 7
573 582 6 9
573 698 35 14
573 740 59 13
573 941 50 3
573 1127 3 9
573 1235 38 15
574 812 9 11
574 844 6 7
574 855 59 15
574 1183 46 5
575 608 41 11
575 667 50 8
575 758 10 3
575 1074 51 7
575 1075 56 10
575 1095 39 7
575 1184 24 15
575 1186 15 12
575 1250 22 10
576 670 33 7
576 837 51 4
576 1044 14 6
576 1062 9 2
576 1138 58 5
577 652 48 4
577 663 4 12
577 825 31 11
577 876 25 9
577 890 50 11
577 974 14 7
577 975 56 14
577 1052 49 10
577 1137 30 6
578 587 3 10
578 589 26 7
578 694 19 15
578 993 38 13
578 999 20 8
578 1026 5 7
578 1052 46 12
578 1144 41 13
578 1152 1 14
578 1210 58 6
579 772 44 6
579 795 36 10
579 809 37 12
579 1181 8 12
579 1250 13 11
580 817 35 8
580 995 50 15
580 1163 8 1
581 687 17 9
581 726 49 13
581 780 30 7
581 816 5 7
581 825 9 12
581 950 6 6
581 986 56 9
581 1086 56 4
581 1204 10 4
581 1235 9 2
581 1284 54 14
582 602 26 6
582 835 32 5
582 949 57 12
582 1015 52 1
582 1047 39 1
582 1119 38 8
582 1191 52 11
582 1209 55 7
583 611 52 7
583 849 47 14
583 853 48 6
583 936 42 3
583 944 7 10
583 1040 57 6
584 792 29 7
584 902 1 8
584 1013 56 5
584 1057 21 14
584 1243 3 14
585 614 31 1
585 647 20 7
585 651 35 3
585 671 33 3
585 737 40 12
585 828 27 2
585 946 22 15
585 1065 12 1
585 1131 42 5
585 1167 54 14
585 1216 15 8
586 719 53 9
586 807 55 7
587 792 10 9
587 1095 41 7
587 1237 11 2
588 841 30 4
588 871 40 13
588 988 53 6
588 1094 51 7
588 1248 8 13
589 731 20 1
589 748 50 13
589 1044 38 1
589 1108 48 3
589 1143 17 10
589 1153 6 1
589 1243 6 2
590 787 35 3
590 1017 35 1
591 790 14 12
591 868 46 11
592 837 45 8
592 849 21 4
592 1110 26 5
593 638 32 1
593 894 3 3
593 992 39 6
593 1164 34 7
593 1168 33 2
593 1231 27 15
593 1235 48 9
594 823 26 11
594 867 25 3
594 935 17 8
594 1024 58 1
594 1030 56 9
594 1247 21 4
594 1257 37 15
595 621 32 13
595 655 13 2
595 874 58 6
595 881 59 6
595 901 55 4
595 916 52 8
595 1190 45 12
595 1200 4 3
595 1207 38 15
596 603 7 2
596 604 6 2
596 685 60 8
596 750 15 2
596 1029 8 11
596 1183 51 1
597 958 44 3
597 1166 38 5
598 611 6 6
598 624 18 11
598 640 30 1
598 642 12 7
598 818 8 14
598 1028 32 13
598 1267 27 1
598 1276 60 14
599 799 50 11
599 955 4 4
599 1045 15 9
599 1217 53 3
600 657 49 3
600 735 35 14
600 928 34 4
600 959 54 7
600 1118 8 13
601 750 51 7
601 817 9 7
602 640 32 5
602 826 59 2
602 1001 58 3
602 1047 37 3
602 1089 37 3
603 606 42 12
603 651 41 11
603 686 54 3
603 1113 34 2
603 1129 42 5
603 1242 26 10
604 648 37 10
604 657 6 10
604 793 3 9
604 850 24 9
604 866 59 7
604 962 54 15
604 1008 15 14
604 1073 43 6
605 769 54 13
605 806 20 10
605 814 5 6
605 880 8 13
605 1134 32 15
605 1161 16 2
605 1271 22 4
606 610 12 8
606 621 13 6
606 780 12 2
606 834 55 1
606 990 8 3
606 1144 20 1
606 1149 35 10
606 1274 8 4
607 785 9 6
607 843 37 1
607 860 57 8
608 658 57 7
608 756 38 8
608 809 14 9
608 915 26 12
608 1267 45 13
609 613 1 9
609 722 30 7
609 973 43 2
609 1009 22 4
609 1057 46 10
610 636 60 15
610 652 37 9
610 674 28 11
610 820 53 12
610 889 3 4
610 911 53 2
610 926 12 13
610 945 42 13
610 1067 2 15
611 828 52 9
611 1037 37 6
611 1164 23 2
611 1189 37 12
611 1199 30 6
611 1210 16 5
612 777 25 12
612 893 40 5
612 1003 51 5
612 1026 10 9
612 1067 51 5
612 1207 51 12
613 636 8 12
613 994 38 2
614 636 2 10
614 900 56 6
615 1000 15 11
615 1021 15 3
615 1152 39 8
615 1185 4 11
616 699 43 13
616 783 30 4
616 838 54 14
616 839 51 2
616 1065 14 1
616 1109 37 8
616 1212 56 6
616 1228 10 12
617 784 39 13
617 839 9 7
617 1023 43 13
617 1137 55 15
617 1143 39 1
618 810 55 8
618 953 25 11
618 1272 14 5
619 632 35 5
619 824 17 15
619 840 40 2
619 990 57 13
619 1134 10 11
619 1174 30 4
620 687 58 3
620 702 23 1
620 712 34 10
620 880 30 1
620 1104 33 14
621 777 39 15
621 884 29 6
621 951 41 5
622 796 39 12
622 965 37 12
622 981 13 13
622 987 32 5
622 1038 6 10
622 1090 41 5
623 716 28 3
623 1099 3 1
624 746 15 5
624 807 27 5
624 844 44 10
624 877 30 14
624 1015 57 2
624 1096 56 15
624 1110 23 13
624 1282 19 1
625 748 51 5
625 787 20 8
625 1113 19 7
625 1204 56 9
625 1219 9 5
626 830 13 15
626 849 16 9
626 1083 42 7
626 1134 36 8
626 1201 21 9
627 681 56 12
627 753 60 15
627 857 30 12
627 900 60 13
627 901 43 5
627 987 16 6
627 1220 3 8
627 1276 35 13
628 877 27 8
628 903 19 7
628 930 29 5
628 1092 58 10
628 1147 34 8
628 1148 19 5
628 1156 21 5
628 1246 44 7
629 721 12 15
629 754 45 9
629 764 36 15
629 824 9 11
629 895 53 15
629 924 38 12
629 1023 57 11
629 1059 8 10
629 1101 60 5
629 1225 38 3
629 1229 10 4
630 675 35 1
630 728 31 2
630 746 25 5
630 960 27 6
631 799 57 4
632 835 51 3
632 980 29 11
632 1104 22 15
633 748 10 10
633 1049 50 2
633 1072 35 7
634 668 15 14
634 746 25 3
634 882 55 9
634 915 2 13
634 1023 48 10
634 1103 24 7
634 1122 34 6
635 752 35 8
635 853 52 14
635 876 1 7
635 890 33 2
635 999 29 9
635 1019 15 13
635 1027 20 2
635 1110 40 2
635 1148 38 14
636 766 22 8
636 948 31 8
636 1170 10 12
637 707 11 4
637 1095 41 9
638 735 27 12
638 769 26 9
638 1049 9 5
638 1100 35 11
638 1126 37 10
639 940 41 5
639 975 57 14
639 993 39 5
639 1202 26 11
640 751 25 1
640 796 16 10
640 830 39 13
640 938 21 7
640 1205 11 12
640 1242 56 15
640 1283 41 1
641 998 15 13
641 1000 42 3
641 1125 19 3
641 1161 49 11
641 1178 5 12
642 958 3 12
642 1013 56 9
642 1132 24 9
643 658 21 13
643 764 18 3
643 956 13 1
643 985 39 5
643 1057 21 13
643 1089 25 3
643 1116 16 7
644 716 40 7
644 748 34 10
644 881 13 4
644 967 1 3
644 1095 53 7
644 1102 39 8
645 873 41 10
645 880 22 10
645 1030 6 4
645 1096 15 5
645 1151 6 12
645 1167 10 6
645 1266 58 10
646 845 25 12
646 964 60 3
646 981 20 11
646 1111 11 7
646 1148 15 13
647 689 38 8
647 1085 31 12
648 865 5 7
648 1026 24 15
648 1100 20 2
648 1174 6 2
649 740 19 11
649 750 31 1
649 962 37 13
650 726 21 11
650 746 37 8
650 764 15 4
650 766 7 3
650 967 16 8
650 987 59 10
650 1094 48 11
650 1159 55 12
651 704 51 5
651 714 34 1
651 849 40 10
651 1060 7 7
651 1180 28 7
652 685 35 8
652 688 7 5
652 837 7 6
652 862 18 14
652 876 54 12
652 914 41 4
652 922 56 2
652 1042 33 3
652 1122 18 4
652 1240 27 13
652 1267 22 11
653 724 27 4
653 1112 7 6
653 1213 46 12
653 1223 37 8
653 1265 35 4
654 743 5 4
654 870 35 15
654 958 38 10
655 677 58 8
655 746 27 7
655 839 5 1
655 1248 19 9
656 716 32 14
656 891 3 3
656 900 6 5
656 906 9 3
656 978 35 8
657 760 8 3
657 805 16 13
657 930 16 6
657 940 42 11
657 1229 5 5
657 1248 16 1
658 692 5 1
658 695 39 4
658 1242 20 7
658 1256 4 3
658 1266 37 3
659 699 22 7
659 744 52 11
659 780 23 8
659 845 15 12
659 1099 6 2
659 1197 48 1
659 1269 51 12
660 691 12 5
660 787 55 2
660 807 46 12
660 928 1 10
660 1049 2 2
660 1111 59 7
660 1126 51 2
660 1150 46 3
660 1193 37 2
661 687 50 2
661 720 43 8
661 751 55 7
661 755 27 15
661 791 18 9
661 949 55 8
661 1180 53 15
662 806 47 4
662 887 38 15
662 989 10 7
662 1025 60 5
662 1131 41 2
662 1194 55 3
663 860 29 1
663 940 25 5
663 960 29 4
663 1021 27 8
663 1119 58 3
664 710 1 8
664 732 34 7
664 754 36 15
664 773 12 9
664 830 36 11
664 986 46 3
664 1002 2 11
664 1074 31 8
665 702 20 3
665 728 3 4
665 790 40 15
665 796 56 7
665 818 10 10
665 876 16 12
665 1029 39 8
666 762 55 14
666 1006 42 15
666 1029 25 9
666 1214 2 1
666 1263 7 14
667 849 23 1
667 938 8 12
667 941 4 1
667 1014 3 14
667 1041 51 2
668 737 12 1
668 779 31 6
668 974 2 4
668 1036 47 3
668 1113 9 14
668 1114 28 14
668 1258 12 4
669 741 60 6
669 1194 57 15
669 1250 46 1
670 798 7 13
670 854 50 2
670 918 60 9
670 1010 9 13
670 1015 1 15
670 1053 44 12
670 1077 52 13
670 1099 39 6
671 711 47 7
671 750 50 13
671 1124 57 3
671 1165 46 12
671 1223 50 6
672 706 21 12
672 1262 29 8
673 756 6 14
673 812 45 10
673 827 15 1
673 1056 47 8
673 1127 45 3
673 1136 15 5
673 1179 29 7
674 691 44 12
674 1042 42 9
674 1184 39 2
675 769 2 8
675 902 48 11
675 912 25 14
675 943 1 7
675 1046 43 10
676 706 26 6
676 910 54 8
676 960 58 12
676 1169 10 14
677 758 3 3
677 799 54 7
677 869 37 10
677 985 31 13
677 1232 48 10
678 717 43 10
678 838 55 10
678 1096 59 15
678 1254 6 2
678 1257 8 5
679 717 28 15
679 772 38 13
679 905 38 3
679 986 16 15
679 1050 60 2
679 1138 23 3
681 685 32 8
681 758 38 9
681 905 5 3
681 1160 35 2
681 1161 59 2
681 1218 31 14
682 856 11 14
682 919 25 8
682 929 53 4
682 1183 23 6
682 1244 52 1
682 1271 15 11
683 692 20 2
683 758 60 4
683 934 46 13
683 936 20 5
683 1162 34 15
683 1184 2 1
684 714 15 7
684 792 4 13
684 1083 50 12
684 1170 42 4
684 1182 55 8
685 782 18 13
685 917 41 15
685 1024 38 12
685 1271 36 3
686 820 59 5
687 717 44 7
687 730 12 13
687 970 11 14
687 1073 30 13
687 1158 43 1
688 819 17 4
688 949 30 11
688 1139 13 11
689 853 42 12
690 759 19 3
690 938 8 3
690 1147 23 9
690 1203 14 11
690 1217 45 10
690 1230 26 10
690 1283 26 6
691 732 42 5
691 890 52 8
691 891 6 4
692 750 19 15
692 1002 8 5
693 717 50 10
693 789 22 8
693 855 32 2
693 976 55 6
694 698 12 1
694 964 45 4
694 1164 58 1
694 1215 11 14
694 1255 20 6
695 873 30 3
695 945 25 1
695 958 32 9
695 1040 15 3
695 1069 10 1
695 1140 42 14
695 1141 48 2
695 1149 12 11
695 1178 19 8
695 1234 23 3
696 802 57 12
696 854 12 9
696 913 25 13
696 1166 50 15
697 1041 39 1
697 1043 19 8
697 1184 47 5
697 1227 27 4
698 741 11 15
698 888 55 1
698 956 10 15
698 1024 30 11
698 1041 21 1
698 1049 15 12
698 1081 32 3
698 1166 29 5
698 1181 48 4
699 702 39 13
699 782 26 6
699 888 47 2
700 777 52 3
700 966 42 8
700 1071 57 3
700 1183 39 14
700 1200 41 11
701 800 6 6
701 959 27 9
701 974 55 7
701 1024 12 13
701 1214 28 1
701 1237 24 5
702 786 39 4
702 1107 12 7
702 1254 4 13
703 718 29 7
703 749 21 15
703 853 28 2
703 895 21 12
703 995 7 15
703 1018 49 5
703 1211 59 5
703 1212 10 15
704 784 52 7
704 820 21 5
704 977 17 13
704 1037 35 2
704 1275 4 4
706 955 22 4
706 960 37 11
706 964 60 5
706 987 45 3
706 1008 39 11
706 1083 48 8
706 1091 27 10
706 1131 21 8
706 1144 53 1
707 813 37 7
707 893 26 4
707 1230 53 12
707 1242 17 9
708 712 47 10
708 756 20 9
708 788 36 15
708 789 43 8
708 804 33 12
708 1012 13 15
709 968 17 12
709 1006 2 12
709 1062 18 15
709 1222 6 13
709 1273 60 2
710 761 6 2
710 785 25 2
710 822 12 14
710 837 21 12
710 1000 59 5
710 1180 26 9
711 925 5 9
711 975 31 2
711 1086 7 5
711 1144 21 11
711 1162 16 3
712 865 7 6
712 1097 13 5
712 1215 39 13
712 1221 45 15
712 1227 9 3
713 715 60 10
713 721 54 7
713 771 20 5
713 818 31 10
713 873 32 9
713 1011 36 12
713 1140 6 10
713 1224 44 13
714 788 38 1
714 818 11 10
714 946 35 15
714 1032 48 9
714 1041 12 10
714 1052 25 13
715 740 57 14
715 815 41 9
715 1001 35 11
715 1158 9 8
715 1180 18 13
715 1227 21 5
716 781 3 7
716 906 8 9
716 1087 53 1
716 1259 31 13
717 752 20 13
717 895 39 11
717 1129 33 10
718 719 29 15
718 731 54 14
718 765 24 15
718 993 20 15
718 1165 43 5
718 1226 31 1
718 1229 24 6
718 1265 11 3
719 743 36 5
719 858 7 3
719 892 25 3
719 1084 48 13
719 1150 58 6
719 1181 15 12
720 726 44 1
720 862 22 8
720 897 29 11
720 1014 34 13
721 870 43 3
721 939 22 15
721 993 15 10
721 1013 39 9
721 1074 29 15
721 1109 35 10
722 727 38 10
722 796 6 8
722 1128 37 3
722 1198 8 9
723 994 5 2
724 770 29 15
724 808 60 11
724 1014 32 10
725 729 46 12
725 753 18 14
725 805 15 9
725 827 25 14
725 1156 9 7
726 810 60 11
726 903 44 4
726 916 60 9
726 1193 38 9
726 1236 40 2
726 1239 29 6
727 1025 26 5
727 1142 10 6
727 1281 54 13
728 764 38 14
728 766 25 15
728 791 60 11
728 970 23 7
729 782 49 4
729 959 48 10
729 1071 44 7
729 1132 32 2
730 846 59 4
730 1021 37 13
730 1022 7 6
730 1124 7 15
731 745 36 6
731 937 25 5
731 957 56 1
732 763 35 8
732 780 41 2
732 924 60 4
732 946 3 7
732 959 42 13
732 992 15 13
733 758 14 6
733 799 58 8
733 851 44 6
733 1244 23 5
734 869 24 11
734 922 9 2
734 949 40 1
734 1253 30 13
735 795 25 8
735 1072 6 8
735 1101 4 14
735 1105 20 10
735 1237 13 14
735 1242 52 8
736 920 29 9
736 1111 2 3
737 769 14 8
737 815 56 3
737 1023 7 2
737 1047 12 15
737 1181 58 6
737 1184 54 9
737 1205 39 7
737 1236 44 6
738 1136 6 15
738 1168 17 6
739 764 54 1
739 808 4 5
739 827 12 4
739 910 7 3
739 1021 18 12
739 1040 56 11
739 1058 21 15
739 1110 38 2
739 1172 51 2
739 1247 52 11
740 780 55 15
740 840 1 14
740 938 30 14
740 974 38 7
740 1047 3 9
740 1148 3 15
740 1158 28 2
741 761 32 4
741 780 23 6
741 978 30 12
741 993 43 10
742 1021 46 4
743 940 28 12
743 997 55 8
744 848 11 5
744 887 21 10
745 964 20 13
745 971 2 8
745 1001 9 9
745 1063 33 4
746 782 6 6
746 1053 48 7
746 1141 50 11
746 1151 11 9
747 848 29 6
747 888 60 3
747 904 24 13
747 916 35 10
747 953 53 6
747 993 8 14
748 895 14 9
748 1144 7 15
749 994 54 8
749 1070 50 10
749 1215 26 3
750 812 15 5
750 971 35 7
750 999 27 12
750 1194 10 13
751 766 22 14
751 1202 30 5
751 1204 6 8
752 922 5 8
753 795 56 9
753 863 3 14
753 930 42 12
753 939 43 2
753 1096 51 9
754 812 60 2
754 830 9 11
754 1161 40 7
754 1277 45 10
755 832 39 11
755 851 53 3
755 881 1 6
755 1067 33 9
755 1144 60 4
755 1256 16 1
755 1283 58 12
756 928 59 3
756 929 44 8
756 1267 6 2
757 784 29 7
757 1051 6 13
758 889 22 9
758 1004 29 3
758 1063 23 2
759 1024 55 15
760 1244 16 7
761 990 51 5
761 1031 49 9
761 1088 42 11
761 1133 39 14
761 1142 39 15
762 763 10 14
762 930 37 15
762 1045 41 11
762 1156 4 1
763 769 38 1
763 928 58 12
763 1007 39 8
763 1080 52 9
763 1136 53 5
763 1201 56 13
764 855 44 13
764 954 15 13
764 1021 18 15
765 773 39 8
765 899 43 12
766 1181 21 3
766 1255 2 5
766 1270 50 5
767 779 30 1
767 953 38 6
767 1016 47 12
767 1083 41 12
767 1177 7 10
768 1201 47 3
769 1013 1 8
769 1199 2 1
769 1282 42 14
770 918 54 5
770 1131 42 15
770 1143 25 9
771 887 28 6
771 945 30 8
771 1092 59 4
771 1177 51 8
771 1186 14 6
772 962 8 5
773 826 56 14
773 939 57 4
773 987 37 15
773 1208 1 7
774 933 56 6
774 1087 44 14
774 1096 49 11
774 1197 1 12
774 1221 2 4
775 791 21 10
775 811 23 1
775 912 5 14
775 978 39 13
776 917 60 4
776 1157 40 7
777 1017 12 7
778 846 4 13
778 1052 58 6
779 892 22 14
779 1074 29 9
780 856 5 2
780 898 28 11
780 1007 23 10
780 1011 28 3
780 1016 12 5
780 1166 48 14
780 1214 13 1
781 783 21 2
781 895 37 12
781 1161 55 10
781 1277 60 5
782 852 17 14
782 890 25 12
782 1009 30 10
782 1142 9 3
783 975 25 12
783 1004 10 12
783 1072 48 10
783 1154 6 7
784 790 24 5
784 827 8 15
784 839 56 14
784 856 12 5
784 950 19 2
785 835 50 13
785 894 56 12
785 908 21 8
785 1150 4 7
785 1203 36 12
785 1277 50 2
786 1002 40 8
787 927 21 8
787 1091 51 5
787 1239 16 4
788 830 3 12
788 835 8 9
789 881 13 15
789 896 8 2
789 918 31 2
789 1043 53 4
789 1261 29 4
790 808 3 8
790 877 45 6
790 987 41 3
790 1232 25 5
790 1237 35 15
790 1250 27 2
791 886 13 13
791 922 35 7
791 962 44 6
791 1006 10 15
791 1015 45 9
792 857 45 5
792 936 13 6
792 1024 1 12
792 1225 35 11
793 814 46 5
793 1060 4 11
793 1185 4 1
794 807 46 10
794 915 42 12
794 920 30 9
794 924 57 5
794 932 12 11
794 1034 27 10
795 1055 22 10
795 1094 39 10
795 1237 59 15
796 842 11 14
796 942 38 1
796 947 23 14
796 1017 2 10
796 1180 53 9
797 931 7 12
797 937 7 8
797 952 41 11
797 988 5 12
797 1011 59 7
797 1015 27 1
798 818 37 1
798 860 4 4
798 952 40 2
798 1187 33 4
798 1247 39 7
798 1267 28 2
799 942 57 11
799 945 17 5
799 949 5 14
799 1153 56 3
800 847 41 7
800 1083 53 14
800 1158 40 15
801 807 38 15
801 944 45 15
802 824 8 5
802 1112 23 11
802 1147 55 14
802 1191 52 14
802 1198 17 14
803 866 20 2
803 939 51 12
803 1033 8 8
804 821 27 7
804 884 52 4
804 1277 44 15
805 1077 1 4
805 1135 15 13
805 1230 53 15
806 1167 46 6
806 1263 38 10
807 848 51 10
807 953 32 3
807 995 4 4
807 1045 38 1
807 1170 24 4
808 860 4 7
808 961 11 15
808 997 3 1
808 1018 34 13
808 1195 36 4
808 1271 49 15
809 858 43 2
809 1145 41 15
809 1237 39 2
809 1262 7 9
809 1279 26 14
810 832 55 11
810 942 31 13
810 1000 26 1
810 1151 29 4
810 1171 4 10
810 1241 3 8
811 942 36 3
811 1126 33 10
811 1220 41 9
812 837 18 10
812 844 9 8
812 1208 50 6
813 826 41 8
813 1067 37 13
814 838 44 3
814 1025 16 15
814 1140 8 9
815 818 56 3
815 856 9 15
815 927 46 11
815 1065 52 1
815 1133 49 6
815 1217 40 14
816 1108 7 12
816 1167 53 4
817 897 47 8
817 1063 5 7
818 838 51 3
818 840 25 12
818 867 38 5
818 925 39 9
818 1261 54 11
819 862 28 15
819 863 10 13
819 906 10 10
819 939 27 7
819 968 42 10
819 1125 23 9
820 969 7 2
820 1136 21 6
820 1150 13 6
821 966 9 11
821 1135 45 12
821 1263 34 7
822 1008 5 13
822 1037 23 4
822 1073 8 3
822 1149 33 2
822 1161 49 12
822 1172 53 7
823 997 8 7
823 1233 23 7
824 998 18 8
824 1232 3 7
825 856 15 11
825 982 21 8
825 1054 36 5
825 1232 50 9
826 884 31 10
826 951 19 4
826 1104 53 3
826 1123 19 11
826 1196 51 8
826 1275 54 8
827 864 10 4
827 1048 54 5
827 1192 36 6
827 1243 7 12
828 966 27 7
828 969 22 14
828 1165 40 13
829 930 54 4
829 1058 39 1
829 1158 14 8
830 849 21 2
830 954 5 7
830 1102 16 2
830 1177 14 7
830 1243 8 12
830 1258 59 9
831 946 36 2
831 950 11 7
831 1074 25 12
831 1089 35 3
831 1245 48 11
832 852 45 8
832 927 52 12
832 950 47 13
833 1065 5 7
833 1093 40 14
833 1174 37 11
834 879 38 14
834 1026 51 7
834 1183 19 6
834 1277 55 7
834 1281 43 11
835 1162 27 1
835 1223 39 1
835 1237 43 14
836 972 51 2
836 975 30 7
836 1008 11 2
836 1070 10 15
836 1075 28 1
836 1140 60 15
836 1236 17 1
837 902 50 9
837 908 29 10
837 910 26 5
837 1011 37 10
837 1099 36 13
837 1179 57 3
838 954 18 6
838 1090 35 2
838 1217 33 1
839 877 51 3
839 989 37 12
839 1145 14 2
839 1164 26 7
839 1197 5 2
839 1272 46 13
840 873 59 2
840 958 41 11
840 973 27 2
840 1048 17 4
840 1050 31 6
840 1155 41 1
840 1168 41 1
841 1043 29 6
841 1048 52 9
841 1128 51 7
842 915 37 2
842 946 1 2
842 947 19 9
842 1203 56 14
842 1246 15 9
843 852 36 8
843 872 44 13
843 1209 18 14
844 1078 8 9
844 1176 20 12
844 1218 25 5
845 1093 39 12
845 1278 50 3
846 893 44 4
846 932 22 11
846 1004 26 3
847 1116 45 3
847 1147 2 4
847 1232 18 11
848 875 55 12
849 884 32 2
851 1105 9 11
852 925 48 10
852 944 55 1
852 1195 6 1
852 1224 15 10
852 1234 52 8
852 1260 32 8
853 857 10 5
853 955 34 14
853 1130 17 8
853 1230 8 8
854 997 18 11
854 1042 49 9
854 1255 26 11
854 1275 57 14
855 1120 51 5
855 1135 43 15
855 1231 8 10
856 923 19 13
856 1087 18 7
856 1270 41 5
857 900 40 11
858 977 4 8
858 1129 34 2
858 1268 7 14
859 1124 6 11
859 1235 24 9
860 878 4 13
860 941 53 4
860 1247 1 13
860 1248 43 15
861 862 34 4
861 972 43 7
861 1107 15 5
862 874 54 6
863 1071 32 3
863 1112 39 3
863 1208 24 7
863 1256 24 12
864 963 4 15
864 1197 16 13
865 1062 35 1
865 1067 44 11
865 1176 26 8
866 972 44 11
866 1246 47 3
867 871 9 2
867 1187 4 10
868 892 30 2
868 1012 10 12
868 1077 47 6
868 1261 1 7
869 962 13 8
869 1093 1 14
869 1199 42 6
869 1283 12 1
870 950 42 5
870 963 7 13
871 1069 51 8
871 1152 12 1
871 1209 17 7
871 1256 11 7
872 1130 23 3
872 1201 25 1
873 874 28 6
873 930 15 12
873 941 52 9
873 996 4 11
873 1015 58 3
873 1067 18 14
873 1109 59 3
873 1144 24 10
873 1188 2 4
873 1196 21 12
873 1271 19 10
874 928 19 4
874 985 24 14
874 1036 41 9
875 912 24 9
875 917 41 13
875 1131 32 9
876 924 11 3
876 1171 48 2
876 1189 28 15
877 887 12 1
877 911 20 12
877 977 46 8
877 1040 27 10
877 1049 58 15
877 1110 35 14
877 1259 28 11
877 1263 35 1
878 895 40 7
878 995 21 9
878 1001 23 12
879 1091 26 2
879 1113 50 1
879 1118 48 2
879 1139 5 6
879 1178 23 15
880 1062 45 15
880 1156 40 2
880 1219 23 2
881 897 50 3
881 1218 44 13
881 1265 46 8
882 1120 33 13
882 1222 41 6
882 1238 3 14
883 956 31 4
883 1207 49 1
883 1245 20 15
883 1249 15 14
884 894 29 1
884 935 44 10
884 958 39 15
886 1066 4 2
886 1083 58 13
887 1000 14 10
887 1003 17 2
887 1117 9 10
887 1124 52 15
887 1224 8 8
887 1230 36 9
888 1045 39 11
888 1142 24 5
888 1221 42 4
888 1243 54 7
888 1265 12 9
889 1078 23 4
889 1092 60 12
889 1157 19 6
890 908 24 13
890 1140 6 2
891 1010 23 5
891 1061 60 3
891 1202 40 13
892 997 21 6
892 1008 45 3
892 1069 48 15
892 1174 30 14
893 1026 2 5
893 1114 11 2
893 1182 46 14
893 1197 60 2
893 1280 35 4
894 961 17 7
894 1043 53 9
894 1091 16 15
894 1177 36 10
895 1059 35 1
895 1128 49 3
895 1172 13 5
895 1190 56 14
896 1143 38 2
897 1120 23 4
897 1231 50 10
897 1241 12 5
898 989 7 9
898 1036 24 14
899 933 1 8
899 1075 30 3
900 967 49 10
900 1033 55 15
900 1157 5 2
900 1168 3 10
901 908 39 5
901 1001 34 8
901 1011 28 1
901 1030 7 11
901 1149 21 10
901 1153 24 14
902 1073 49 3
903 1094 22 15
903 1243 38 9
903 1248 42 6
904 912 5 13
904 1027 26 2
904 1223 43 4
905 922 39 8
905 981 50 9
905 1129 58 9
905 1194 42 10
906 1102 13 5
907 923 35 3
907 1046 21 1
907 1047 21 4
907 1175 27 6
907 1177 25 13
907 1183 2 7
908 972 21 1
908 1062 11 4
908 1138 7 11
909 993 46 13
909 1128 49 10
909 1246 55 8
910 1083 12 11
910 1204 9 12
910 1221 54 15
911 1074 11 8
911 1119 20 11
912 1028 54 4
913 1268 50 5
914 956 20 13
914 1023 43 7
914 1059 13 11
914 1277 7 9
915 981 42 13
915 991 20 4
916 945 31 14
916 1036 15 13
916 1180 25 9
916 1267 48 4
917 977 49 12
917 1049 28 4
917 1205 10 5
917 1244 21 14
918 1138 22 13
918 1177 39 15
918 1189 53 11
919 1058 17 8
919 1089 18 9
919 1217 24 12
919 1244 53 12
920 988 9 12
920 1000 11 5
920 1036 29 15
921 1109 19 1
921 1112 59 2
921 1127 37 6
922 1030 38 5
922 1145 43 13
922 1192 12 9
922 1244 47 3
923 987 1 9
923 1035 24 14
923 1149 15 12
923 1270 27 5
924 995 5 13
924 1122 39 8
925 1166 8 7
925 1209 55 2
926 945 16 11
926 958 3 3
926 1145 24 7
926 1266 19 15
927 1161 35 4
927 1248 25 14
928 1017 54 6
928 1085 37 6
928 1110 40 14
928 1209 44 1
929 969 44 8
929 1062 2 12
929 1069 30 1
929 1086 48 11
929 1217 6 12
929 1231 13 1
930 962 60 13
930 1278 39 11
931 947 31 12
931 1203 31 10
931 1255 45 6
932 1016 53 15
932 1045 19 2
932 1081 49 9
932 1202 51 4
932 1271 13 6
933 947 18 4
933 989 29 1
933 1054 35 14
933 1124 45 3
933 1181 52 8
933 1206 36 5
933 1276 34 1
934 1224 38 5
935 1015 58 10
935 1130 25 1
936 999 6 14
936 1043 6 4
936 1203 4 5
937 941 23 9
937 1176 58 4
937 1242 50 8
938 991 39 11
938 1165 42 5
939 1102 39 2
940 952 36 2
940 1015 20 2
940 1131 11 5
941 988 60 9
941 1055 52 1
942 1150 54 8
943 1165 42 9
943 1258 59 15
944 1062 26 15
944 1117 27 11
945 957 32 11
945 1086 13 15
945 1202 53 13
945 1232 14 8
946 978 23 15
946 1233 22 12
947 1080 46 11
947 1172 12 11
947 1218 32 14
947 1245 3 14
947 1257 28 3
948 1207 32 5
949 954 24 3
949 971 6 8
950 954 48 1
951 1017 30 12
951 1075 36 6
951 1150 24 4
952 968 18 1
952 1257 55 11
952 1260 35 2
953 1071 39 15
954 1254 30 10
955 1161 11 5
955 1263 49 1
955 1273 49 8
955 1282 49 15
957 1024 17 15
958 1128 38 4
959 1131 38 1
959 1141 46 1
959 1245 32 1
959 1271 18 9
960 1038 23 8
960 1049 46 15
960 1080 50 12
960 1085 48 14
960 1158 5 6
961 1083 32 14
961 1149 11 11
961 1280 16 11
963 1218 44 13
963 1238 39 11
963 1260 55 2
964 972 11 10
964 1026 50 4
964 1088 27 7
964 1167 20 6
965 1043 37 8
965 1152 17 13
965 1213 16 5
965 1279 16 3
967 1010 30 5
967 1063 13 5
967 1100 35 10
968 988 35 13
968 1179 55 14
968 1253 4 1
970 1020 52 9
970 1052 55 8
970 1156 41 9
970 1171 21 1
971 1017 58 2
972 1040 42 4
972 1154 38 9
973 1133 22 14
973 1277 4 12
974 1031 24 9
974 1090 32 7
974 1096 10 7
974 1100 47 9
974 1151 16 10
974 1189 33 2
974 1230 14 10
975 1009 6 6
975 1161 25 10
975 1270 1 3
977 1055 12 1
977 1067 36 6
978 1120 7 3
978 1126 58 3
978 1150 55 11
978 1161 30 8
978 1200 56 2
979 1040 32 3
980 1074 47 14
980 1145 28 8
980 1169 47 3
981 1076 37 6
981 1266 60 15
983 1000 42 11
983 1096 6 4
983 1117 1 3
983 1149 47 6
983 1151 48 1
983 1204 21 1
983 1215 22 6
984 1162 18 2
984 1215 28 4
984 1232 50 11
985 1067 52 13
985 1114 48 4
985 1141 28 11
985 1266 50 5
986 1047 36 11
986 1163 48 6
987 1021 5 11
987 1092 25 15
987 1196 52 14
987 1220 38 5
988 1007 52 8
988 1014 24 8
988 1022 16 11
988 1155 50 2
989 1008 58 5
989 1127 54 7
989 1231 33 5
990 1027 50 2
990 1157 14 15
990 1245 27 12
991 1105 60 7
991 1108 17 9
991 1115 10 7
992 1018 24 13
992 1034 33 1
992 1069 8 7
992 1188 7 1
992 1237 18 15
993 1122 24 9
993 1185 9 15
993 1222 42 13
994 1115 23 15
994 1247 4 9
995 1234 12 5
996 1118 19 7
996 1196 6 15
996 1282 49 10
997 1055 44 1
997 1141 19 13
997 1158 8 10
998 1104 24 7
999 1044 51 15
999 1069 40 7
1000 1124 7 6
1000 1223 9 1
1001 1122 3 10
1001 1174 52 6
1001 1206 57 7
1002 1068 14 9
1002 1142 23 1
1002 1204 15 8
1002 1235 30 8
1002 1237 2 9
1002 1253 6 15
1003 1142 59 12
1003 1245 4 14
1004 1109 11 5
1005 1008 58 9
1005 1123 33 10
1006 1231 52 5
1008 1166 2 3
1009 1070 47 13
1009 1204 48 12
1009 1207 24 1
1009 1258 23 5
1010 1039 29 5
1011 1024 58 7
1011 1051 41 3
1011 1083 1 8
1011 1136 13 12
1011 1178 32 11
1011 1255 25 8
1012 1267 4 5
1013 1174 33 6
1013 1278 60 12
1014 1020 42 11
1014 1096 8 10
1015 1132 40 11
1015 1192 15 7
1016 1042 42 15
1016 1052 1 7
1017 1174 21 7
1017 1214 53 13
1017 1253 28 14
1018 1170 26 12
1018 1171 20 7
1019 1100 50 2
1019 1131 34 7
1020 1162 22 8
1021 1058 16 1
1023 1085 7 3
1023 1185 25 10
1024 1044 47 10
1025 1084 57 6
1025 1098 9 1
1025 1130 26 13
1025 1159 42 5
1026 1034 25 15
1026 1127 25 3
1026 1160 3 9
1026 1280 56 4
1027 1107 60 9
1027 1142 7 15
1028 1246 19 11
1029 1073 12 14
1029 1216 54 1
1030 1081 28 2
1031 1084 57 14
1032 1213 25 13
1036 1196 32 11
1036 1201 18 11
1036 1228 23 10
1036 1269 50 3
1037 1283 35 13
1038 1065 5 13
1038 1134 31 9
1039 1283 47 4
1040 1260 5 6
1041 1131 35 1
1041 1240 51 2
1042 1043 44 10
1042 1045 10 7
1042 1119 60 5
1042 1214 29 8
1043 1093 11 9
1044 1076 21 3
1044 1200 53 6
1044 1212 48 15
1045 1109 13 14
1045 1211 5 7
1046 1162 12 8
1046 1191 59 8
1047 1053 48 8
1047 1241 5 11
1048 1087 41 6
1048 1148 52 2
1049 1101 4 10
1051 1261 23 15
1052 1193 46 7
1054 1143 37 6
1054 1204 10 11
1054 1232 24 2
1055 1179 32 5
1055 1228 24 14
1055 1252 43 5
1056 1064 50 12
1056 1181 19 5
1056 1230 11 12
1057 1093 19 6
1057 1105 50 9
1057 1224 4 8
1057 1258 26 2
1059 1086 60 9
1059 1187 41 4
1061 1113 29 2
1062 1247 18 5
1062 1256 52 3
1063 1084 1 15
1063 1096 3 11
1063 1106 34 9
1063 1115 42 7
1065 1145 12 15
1067 1135 16 3
1067 1243 34 2
1068 1166 58 11
1068 1207 36 6
1069 1276 5 13
1070 1180 34 13
1070 1217 28 1
1071 1161 26 12
1072 1146 14 13
1073 1236 27 6
1075 1094 33 9
1075 1189 47 9
1076 1245 21 12
1076 1251 56 12
1077 1090 12 2
1078 1133 49 3
1079 1149 39 6
1079 1181 28 11
1079 1227 37 10
1080 1208 35 4
1081 1116 38 6
1081 1118 20 7
1081 1142 14 10
1081 1249 12 12
1082 1092 50 6
1082 1141 11 3
1083 1158 59 15
1083 1162 12 13
1083 1175 41 11
1083 1219 41 14
1083 1223 56 4
1083 1226 7 5
1083 1236 39 15
1084 1112 29 12
1084 1132 51 6
1084 1243 47 6
1085 1088 30 11
1085 1160 6 3
1087 1211 8 10
1087 1272 52 1
1088 1111 14 5
1088 1205 39 2
1089 1178 21 13
1090 1216 37 12
1091 1092 2 13
1091 1115 60 13
1091 1127 37 11
1091 1140 10 2
1092 1266 58 2
1093 1212 53 6
1095 1125 7 10
1096 1124 20 12
1096 1191 13 7
1096 1216 19 14
1097 1162 37 11
1097 1174 39 2
1097 1207 59 15
1098 1102 1 11
1098 1260 12 13
1099 1153 10 9
1099 1259 26 13
1100 1226 57 1
1106 1127 16 12
1107 1177 38 13
1107 1236 44 13
1108 1139 23 8
1109 1113 9 9
1109 1178 34 8
1109 1180 17 2
1109 1213 16 12
1111 1122 6 3
1113 1240 3 8
1113 1242 18 1
1114 1171 54 10
1114 1234 55 14
1117 1282 17 10
1118 1163 36 2
1118 1204 57 4
1120 1126 14 14
1121 1134 43 4
1123 1183 17 4
1123 1192 48 7
1126 1147 37 14
1127 1195 33 14
1128 1175 22 6
1128 1181 26 10
1129 1236 25 13
1131 1214 5 3
1132 1258 5 11
1133 1211 11 9
1133 1255 10 10
1134 1162 5 12
1134 1169 47 1
1136 1168 15 9
1137 1276 7 9
1138 1264 47 5
1139 1184 38 10
1141 1164 56 13
1143 1218 51 14
1144 1147 46 3
1144 1171 5 8
1146 1152 8 12
1146 1192 54 12
1147 1256 51 11
1148 1167 46 15
1149 1283 47 2
1151 1191 19 6
1151 1223 15 11
1151 1271 48 9
1151 1276 19 13
1153 1177 1 9
1153 1183 21 14
1153 1202 42 3
1153 1239 49 7
1154 1238 8 15
1155 1268 49 12
1156 1160 48 2
1156 1185 59 6
1157 1193 54 8
1157 1256 20 3
1157 1265 43 8
1158 1174 46 5
1158 1184 20 6
1161 1272 7 6
1161 1283 39 1
1162 1168 11 4
1162 1218 14 8
1162 1224 5 3
1164 1209 58 2
1166 1195 3 6
1167 1271 58 11
1169 1183 53 6
1170 1204 57 13
1170 1279 6 15
1172 1208 1 5
1176 1194 57 9
1176 1238 55 8
1177 1216 54 10
1178 1214 5 12
1178 1272 40 5
1179 1203 14 1
1179 1275 1 10
1181 1199 21 15
1183 1209 21 5
1184 1275 53 15
1185 1232 28 2
1185 1262 38 3
1186 1196 18 7
1186 1254 55 15
1192 1193 12 15
1192 1194 42 12
1192 1248 4 11
1194 1196 13 1
1195 1249 28 5
1196 1211 15 15
1197 1248 13 4
1198 1230 8 7
1198 1247 30 7
1199 1266 20 3
1200 1219 53 3
1205 1274 14 1
1209 1216 50 11
1213 1242 25 5
1215 1258 8 14
1218 1259 8 13
1221 1252 36 14
1221 1263 39 15
1221 1278 17 14
1222 1256 5 10
1226 1252 55 4
1229 1257 34 5
1230 1232 15 13
1235 1273 5 14
1237 1238 6 15
1237 1260 44 14
1239 1256 56 2
1241 1282 10 12
1242 1259 1 15
1254 1281 54 6
1257 1264 32 4
1262 1272 6 12
1264 1277 50 5
1277 1279 43 1
1278 1279 26 15

0 0 31
1 4 32
2 5 8
3 6 17
4 45 23
5 52 39
6 53 13
7 66 4
8 75 2
9 99 32
10 103 47
11 108 32
12 109 42
13 116 7
14 119 40
15 123 32
16 135 50
17 156 48
18 160 38
19 187 1
20 193 24
21 207 45
22 212 20
23 217 41
24 220 27
25 227 38
26 235 22
27 251 18
28 262 42
29 265 46
30 266 43
31 281 10
32 320 9
33 327 15
34 335 14
35 345 48
36 363 23
37 366 11
38 370 38
39 379 35
40 395 7
41 415 28
42 476 9
43 492 9
44 496 44
45 507 15
46 513 46
47 517 25
48 519 19
49 536 18
50 540 28
51 548 37
52 551 17
53 579 38
54 585 19
55 613 40
56 614 6
57 627 1
58 639 11
59 643 16
60 662 26
61 669 2
62 672 5
63 674 50
64 685 2
65 703 33
66 710 30
67 711 38
68 722 10
69 731 31
70 736 21
71 746 44
72 748 42
73 763 30
74 789 44
75 795 36
76 796 11
77 804 16
78 808 18
79 810 47
80 818 50
81 822 12
82 828 18
83 841 46
84 867 19
85 878 10
86 883 27
87 890 4
88 895 39
89 902 18
90 915 46
91 917 36
92 926 5
93 932 26
94 935 46
95 956 16
96 968 1
97 990 16
98 995 45
99 997 12
100 998 40
101 1015 13
102 1024 36
103 1042 18
104 1045 42
105 1047 38
106 1077 45
107 1080 6
108 1095 39
109 1096 35
110 1111 42
111 1114 34
112 1119 29
113 1125 38
114 1128 30
115 1129 44
116 1166 21
117 1169 41
118 1172 50
119 1185 37
120 1186 48
121 1229 10
122 1237 9
123 1254 31
124 1264 23
125 1265 20
126 1281 19
127 1282 17
