1362 4091 136 12

0 30 4871
1 60 9774
2 90 14707
3 120 19672
4 150 24669
5 180 29697
6 210 34757
7 240 39849
8 270 44974
9 300 50130
10 330 55319
11 360 60540

0 18302
1 14913
2 14978
3 18659
4 15959
5 16550
6 17278
7 10965
8 14972
9 16437
10 18536
11 16251
12 17926
13 17434
14 17109
15 19692
16 19287
17 13234
18 21605
19 12725
20 18067
21 17618
22 17612
23 18674
24 19446
25 14131
26 16698
27 15604
28 20017
29 13193
30 9371
31 21489
32 18032
33 12341
34 18118
35 11087
36 16453
37 17162
38 12314
39 21140
40 17456
41 11748
42 13523
43 10397
44 11252
45 18486
46 20118
47 16892
48 16809
49 15326
50 19470
51 23252
52 17415
53 15851
54 17676
55 11473
56 13259
57 15415
58 14518
59 18293
60 15084
61 15841
62 16125
63 12136
64 16643
65 17024
66 13485
67 12063
68 18049
69 19829
70 17465
71 15884
72 14136
73 16348
74 17696
75 19209
76 16885
77 18742
78 19457
79 15257
80 22991
81 13603
82 21613
83 17321
84 21067
85 14407
86 12589
87 21507
88 16340
89 16130
90 14314
91 17766
92 16837
93 15650
94 16336
95 13673
96 16155
97 14443
98 16721
99 14391
100 20212
101 18128
102 18517
103 16419
104 17952
105 19585
106 11395
107 10024
108 16148
109 10944
110 21573
111 18563
112 18339
113 15504
114 16913
115 22304
116 19375
117 19935
118 17110
119 17807
120 17411
121 16621
122 16113
123 21756
124 14565
125 15773
126 14638
127 13806
128 19128
129 20846
130 13802
131 13489
132 17831
133 12141
134 14015
135 15055
136 16188
137 14176
138 14707
139 15989
140 14620
141 14773
142 17827
143 19688
144 17719
145 18658
146 19115
147 20624
148 8516
149 12078
150 19397
151 14018
152 20450
153 18311
154 14921
155 18339
156 12211
157 14779
158 17737
159 17002
160 18340
161 14595
162 13186
163 14060
164 17817
165 17760
166 17819
167 12977
168 15734
169 12528
170 17413
171 13015
172 18510
173 21149
174 15803
175 18053
176 20475
177 19895
178 18323
179 16661
180 18512
181 13709
182 19176
183 11351
184 13878
185 9957
186 17450
187 11869
188 15863
189 11586
190 12759
191 18652
192 18512
193 19115
194 12056
195 13515
196 14561
197 20155
198 18769
199 10194
200 11394
201 16157
202 18303
203 17244
204 14114
205 14237
206 8072
207 22341
208 19893
209 10947
210 18559
211 17939
212 14098
213 14010
214 21565
215 15973
216 14168
217 16786
218 21511
219 11183
220 8072
221 13577
222 13836
223 15647
224 18893
225 14039
226 14283
227 15906
228 15317
229 12570
230 17531
231 20649
232 20905
233 16642
234 16631
235 13165
236 9402
237 13838
238 11160
239 12891
240 10673
241 14045
242 16028
243 12730
244 14211
245 15902
246 22248
247 16980
248 16141
249 10726
250 16741
251 16971
252 16209
253 18277
254 14466
255 17095
256 16107
257 14755
258 18791
259 15438
260 15625
261 16075
262 20424
263 14109
264 17114
265 13117
266 10704
267 15928
268 14154
269 13912
270 20418
271 15794
272 15562
273 13534
274 12474
275 16996
276 14493
277 18621
278 18977
279 8177
280 15833
281 16089
282 11019
283 13529
284 10580
285 17266
286 18451
287 17849
288 14899
289 17222
290 18342
291 18640
292 17801
293 21491
294 17001
295 19019
296 15982
297 17486
298 16022
299 14993
300 14033
301 13557
302 16195
303 13395
304 15651
305 17910
306 18210
307 16366
308 15167
309 15116
310 16773
311 17321
312 18059
313 12170
314 17019
315 17110
316 16378
317 19985
318 14016
319 11851
320 14433
321 15734
322 16106
323 20256
324 15922
325 14476
326 17136
327 17558
328 17440
329 20312
330 16254
331 11673
332 14789
333 17191
334 20422
335 15760
336 19742
337 19275
338 18338
339 14718
340 15424
341 14444
342 23061
343 12144
344 16049
345 17439
346 14269
347 15013
348 17868
349 15158
350 15344
351 17287
352 19234
353 19702
354 13547
355 16968
356 16211
357 13431
358 14809
359 18985
360 14222
361 17031
362 14019
363 16122
364 14554
365 16171
366 20192
367 15981
368 16059
369 18166
370 12735
371 17052
372 17818
373 17336
374 14889
375 15565
376 14064
377 17939
378 18924
379 19088
380 19602
381 10959
382 15492
383 18811
384 18569
385 14415
386 20152
387 19974
388 15750
389 14563
390 14536
391 17645
392 21383
393 18681
394 14387
395 16180
396 12500
397 16989
398 17057
399 15265
400 15162
401 18413
402 15163
403 16579
404 14783
405 17357
406 12605
407 15146
408 14268
409 18159
410 19515
411 10529
412 16363
413 14325
414 12961
415 16461
416 20630
417 15878
418 17455
419 11662
420 17962
421 12097
422 11299
423 21349
424 13739
425 19092
426 13376
427 13498
428 17195
429 12961
430 14565
431 17277
432 16612
433 17914
434 12487
435 16709
436 10210
437 18055
438 15679
439 16660
440 14475
441 16283
442 14510
443 14438
444 19176
445 19177
446 17309
447 16765
448 15687
449 17512
450 14789
451 18984
452 10838
453 18377
454 17103
455 19964
456 16490
457 14525
458 16322
459 10594
460 15166
461 21977
462 15698
463 17816
464 13824
465 18497
466 18332
467 17158
468 15898
469 18027
470 12019
471 13019
472 15750
473 16306
474 13743
475 18875
476 21410
477 20279
478 15979
479 18223
480 15629
481 18814
482 18802
483 17037
484 12592
485 13860
486 15160
487 14980
488 15964
489 14765
490 18013
491 16568
492 15477
493 14428
494 18158
495 12191
496 18316
497 16190
498 12001
499 13471
500 17479
501 11767
502 17164
503 13756
504 10103
505 15876
506 19566
507 21198
508 19104
509 15618
510 16425
511 15253
512 18249
513 16852
514 17100
515 15322
516 15223
517 13539
518 17630
519 17044
520 18283
521 14898
522 17847
523 15523
524 16832
525 16877
526 15150
527 13649
528 13494
529 13276
530 20533
531 11779
532 11029
533 17311
534 18458
535 15854
536 14248
537 20446
538 15707
539 19227
540 15289
541 12796
542 13579
543 14066
544 17964
545 15806
546 18010
547 17136
548 12075
549 18171
550 15093
551 15648
552 19555
553 13684
554 17183
555 17556
556 16642
557 18445
558 16052
559 15880
560 12491
561 19121
562 16246
563 14513
564 14620
565 14795
566 18272
567 18665
568 14624
569 17163
570 17129
571 8191
572 13411
573 18649
574 17895
575 19107
576 18956
577 18842
578 14416
579 11067
580 14918
581 14021
582 15394
583 16079
584 23262
585 18106
586 20127
587 12427
588 15159
589 11879
590 13978
591 17340
592 15453
593 19364
594 14937
595 18132
596 16334
597 14778
598 16970
599 13961
600 14374
601 18202
602 15556
603 18950
604 16227
605 19032
606 18723
607 13322
608 15380
609 14531
610 13278
611 15154
612 15202
613 17407
614 17166
615 17171
616 12950
617 13782
618 21902
619 15615
620 19076
621 16976
622 19884
623 15612
624 13838
625 15402
626 16313
627 16438
628 15123
629 12289
630 19833
631 14906
632 8832
633 19677
634 11624
635 17933
636 17140
637 19478
638 14546
639 14000
640 9839
641 19488
642 12509
643 19024
644 20283
645 14596
646 18316
647 23432
648 15169
649 16289
650 14205
651 17812
652 14523
653 20004
654 16561
655 13664
656 16111
657 15101
658 15968
659 12967
660 17436
661 14720
662 14382
663 19871
664 19494
665 19088
666 15898
667 17356
668 13509
669 20674
670 13184
671 19257
672 20334
673 19152
674 19296
675 17499
676 15047
677 17893
678 14768
679 10329
680 14879
681 14608
682 14361
683 14403
684 13153
685 14700
686 18811
687 15697
688 18328
689 18572
690 19247
691 16968
692 14196
693 20548
694 16350
695 14016
696 15011
697 15256
698 15005
699 13248
700 13215
701 17012
702 19717
703 15845
704 12723
705 13086
706 15044
707 18362
708 17192
709 18272
710 18879
711 19063
712 15478
713 17582
714 10640
715 19821
716 12225
717 16990
718 18362
719 19881
720 15351
721 14486
722 14214
723 14845
724 20551
725 18129
726 12142
727 15124
728 16704
729 17385
730 18893
731 19099
732 14310
733 13896
734 18151
735 14029
736 16574
737 16576
738 18308
739 14760
740 14094
741 16531
742 16362
743 15891
744 15091
745 19657
746 15086
747 18887
748 12835
749 16432
750 13863
751 15925
752 14772
753 12580
754 15142
755 17346
756 21031
757 10393
758 19411
759 17274
760 18742
761 17340
762 10571
763 12709
764 18011
765 11298
766 15048
767 15849
768 17828
769 14627
770 18135
771 16471
772 13364
773 14309
774 17575
775 18965
776 15198
777 22865
778 15101
779 16754
780 13585
781 16591
782 15740
783 16770
784 14354
785 15474
786 18476
787 16793
788 12752
789 10514
790 20256
791 14567
792 20749
793 13422
794 16713
795 20277
796 13318
797 14858
798 15109
799 18452
800 19967
801 17352
802 17469
803 12842
804 14168
805 18287
806 15059
807 12635
808 20529
809 16917
810 16574
811 14547
812 18338
813 20090
814 18026
815 15404
816 16414
817 10625
818 19982
819 17141
820 20235
821 20616
822 16492
823 20911
824 13844
825 16355
826 21691
827 14200
828 16363
829 18671
830 21483
831 21925
832 15227
833 19304
834 17287
835 16648
836 13901
837 18147
838 17931
839 13548
840 20202
841 20665
842 14461
843 15145
844 19508
845 11693
846 18359
847 17188
848 21144
849 16080
850 20778
851 15702
852 16519
853 17019
854 17634
855 13485
856 14873
857 16160
858 15335
859 18202
860 19615
861 19599
862 17766
863 16536
864 18886
865 14404
866 19064
867 19140
868 17318
869 13051
870 15754
871 13796
872 14179
873 19479
874 14320
875 18467
876 18293
877 14301
878 17056
879 13684
880 16558
881 12480
882 13311
883 18330
884 15082
885 16114
886 18252
887 13291
888 11423
889 19547
890 14539
891 16391
892 14868
893 18041
894 16844
895 19055
896 20155
897 20454
898 16241
899 21487
900 24865
901 16667
902 13582
903 17453
904 16171
905 17184
906 16270
907 15025
908 14043
909 13976
910 19411
911 14862
912 16354
913 16823
914 19889
915 20618
916 17707
917 14887
918 11751
919 14653
920 12376
921 19755
922 15371
923 13384
924 15686
925 16324
926 16803
927 16628
928 15357
929 19839
930 17348
931 15253
932 16760
933 15180
934 17847
935 15164
936 14372
937 19344
938 17604
939 14782
940 15465
941 9877
942 14274
943 17209
944 13499
945 19129
946 14578
947 18987
948 16692
949 18418
950 15273
951 12835
952 17330
953 13026
954 16621
955 13071
956 20504
957 15336
958 14195
959 17458
960 22880
961 16522
962 15794
963 17774
964 18243
965 18939
966 15435
967 18114
968 10047
969 12183
970 15201
971 17493
972 14628
973 14319
974 19778
975 14295
976 11344
977 19544
978 14409
979 15891
980 14860
981 16025
982 16549
983 18611
984 16213
985 16384
986 9246
987 17747
988 16083
989 15628
990 12141
991 18171
992 19021
993 14218
994 12178
995 14700
996 25207
997 11138
998 18415
999 20394
1000 14066
1001 14063
1002 9557
1003 13882
1004 15282
1005 15900
1006 16056
1007 13250
1008 17417
1009 15198
1010 19891
1011 14561
1012 16268
1013 17560
1014 19916
1015 15540
1016 18226
1017 16278
1018 13331
1019 12726
1020 15937
1021 17783
1022 18559
1023 18649
1024 18415
1025 19380
1026 15408
1027 14416
1028 24157
1029 19166
1030 21000
1031 16449
1032 17105
1033 12699
1034 13787
1035 15851
1036 12949
1037 15743
1038 16075
1039 13294
1040 13872
1041 20388
1042 19618
1043 16893
1044 18722
1045 14634
1046 18506
1047 20073
1048 16394
1049 16631
1050 14550
1051 17604
1052 14728
1053 16152
1054 14598
1055 17523
1056 15086
1057 16102
1058 15977
1059 17120
1060 13924
1061 15379
1062 20056
1063 14709
1064 17939
1065 13415
1066 13316
1067 19257
1068 14155
1069 17189
1070 13325
1071 19759
1072 21472
1073 16268
1074 12317
1075 10623
1076 18869
1077 15782
1078 21521
1079 15286
1080 12864
1081 10225
1082 13611
1083 12561
1084 17375
1085 15850
1086 17956
1087 17336
1088 18240
1089 12137
1090 13295
1091 9045
1092 12076
1093 13301
1094 17957
1095 11630
1096 12885
1097 11636
1098 14338
1099 14392
1100 16355
1101 16269
1102 18273
1103 15789
1104 16275
1105 11249
1106 11316
1107 20385
1108 18624
1109 17890
1110 18224
1111 17998
1112 19379
1113 13985
1114 13050
1115 15487
1116 18090
1117 16070
1118 19221
1119 13920
1120 19832
1121 16929
1122 16282
1123 15439
1124 12169
1125 17133
1126 17040
1127 17491
1128 14972
1129 17331
1130 17446
1131 15005
1132 17063
1133 12619
1134 14686
1135 17241
1136 20058
1137 12441
1138 14619
1139 13433
1140 14575
1141 11012
1142 10304
1143 13676
1144 15000
1145 13231
1146 14648
1147 16040
1148 13456
1149 12673
1150 19772
1151 16672
1152 17903
1153 17057
1154 14736
1155 13287
1156 19673
1157 14630
1158 15677
1159 13672
1160 14773
1161 12740
1162 16635
1163 14165
1164 17998
1165 15049
1166 21986
1167 12993
1168 19454
1169 18625
1170 10275
1171 19747
1172 17865
1173 19451
1174 15924
1175 18722
1176 13716
1177 18785
1178 14889
1179 12273
1180 12772
1181 20788
1182 15371
1183 20316
1184 13395
1185 19415
1186 19859
1187 13484
1188 15576
1189 19953
1190 14654
1191 16462
1192 19079
1193 20593
1194 18794
1195 22950
1196 16569
1197 15018
1198 15525
1199 16011
1200 15811
1201 14194
1202 13977
1203 16777
1204 17713
1205 12911
1206 15137
1207 10903
1208 18891
1209 17855
1210 12444
1211 13495
1212 15806
1213 16847
1214 13152
1215 15565
1216 13538
1217 18011
1218 13436
1219 11234
1220 18648
1221 16411
1222 18918
1223 15227
1224 15806
1225 16425
1226 10838
1227 14166
1228 16626
1229 15934
1230 14013
1231 20231
1232 11610
1233 14770
1234 17705
1235 18575
1236 8985
1237 15014
1238 17529
1239 19728
1240 14419
1241 16751
1242 20058
1243 13047
1244 13721
1245 15346
1246 16867
1247 16538
1248 16675
1249 13702
1250 16576
1251 16925
1252 16010
1253 19134
1254 17777
1255 14409
1256 13087
1257 19478
1258 18285
1259 17983
1260 15285
1261 15405
1262 11565
1263 13470
1264 16487
1265 12728
1266 14677
1267 18628
1268 16344
1269 15133
1270 18506
1271 15667
1272 17031
1273 14095
1274 12775
1275 15406
1276 16245
1277 15690
1278 15345
1279 21035
1280 13090
1281 19646
1282 13691
1283 19656
1284 20597
1285 14426
1286 16106
1287 17654
1288 15283
1289 12991
1290 14385
1291 23415
1292 13403
1293 13930
1294 15602
1295 17575
1296 17497
1297 15737
1298 17270
1299 18212
1300 15944
1301 11446
1302 11499
1303 19755
1304 17714
1305 10924
1306 16349
1307 17818
1308 19213
1309 16161
1310 18921
1311 17286
1312 20986
1313 11080
1314 16722
1315 12897
1316 15791
1317 13294
1318 15461
1319 19490
1320 12831
1321 18305
1322 14200
1323 15924
1324 14497
1325 17507
1326 14824
1327 17109
1328 16707
1329 15832
1330 19690
1331 19224
1332 18229
1333 15695
1334 14803
1335 19835
1336 21610
1337 19684
1338 15799
1339 19681
1340 21199
1341 14213
1342 20867
1343 19155
1344 16385
1345 19144
1346 21959
1347 12583
1348 15013
1349 18464
1350 10211
1351 11943
1352 20378
1353 17287
1354 12159
1355 14691
1356 17605
1357 18586
1358 12340
1359 13053
1360 19624
1361 18345

0 39 23 10
0 246 16 4
0 281 54 7
0 619 4 13
0 627 34 1
0 689 44 13
0 759 32 6
0 1054 45 8
0 1214 1 9
1 29 41 15
1 101 13 12
1 320 9 15
1 338 42 4
1 583 50 4
1 619 23 1
1 627 40 7
1 689 32 10
1 759 23 3
1 1054 47 7
2 300 22 15
2 312 32 13
2 619 41 11
2 627 15 15
2 689 27 10
2 759 30 10
2 1054 41 11
2 1263 8 11
3 485 10 13
3 1120 3 12
4 26 36 15
4 88 56 10
4 340 9 12
4 467 43 14
4 800 35 1
4 1005 49 11
4 1076 17 2
4 1171 6 15
4 1195 48 1
5 938 34 1
5 1101 19 5
6 254 33 12
6 600 10 13
6 675 44 10
6 703 43 13
6 715 31 7
6 771 52 12
6 1035 12 1
7 76 34 15
7 92 3 14
7 378 42 11
7 732 19 3
7 885 12 11
7 964 13 2
7 1005 46 1
7 1127 12 13
7 1290 48 10
7 1336 53 3
8 66 43 4
8 1285 26 13
8 1293 51 7
8 1297 19 10
8 1332 30 14
9 471 52 5
9 814 18 9
9 1016 17 14
10 380 6 1
10 718 33 4
10 808 17 9
10 1191 14 8
10 1220 24 11
11 234 51 13
11 709 28 14
11 1113 40 10
11 1268 35 7
12 112 38 5
12 129 24 3
12 382 4 3
12 438 25 5
12 730 10 13
12 997 1 7
12 1228 3 11
12 1301 12 3
13 351 20 13
13 924 26 2
13 1030 44 11
13 1226 11 3
14 176 5 9
14 202 42 7
14 887 31 8
14 1042 7 2
14 1060 48 11
15 144 28 15
15 280 33 4
15 629 45 7
15 692 43 2
15 958 41 4
15 1171 22 13
15 1349 56 8
16 25 49 1
16 30 14 2
16 260 9 5
16 286 39 13
16 444 49 7
16 1014 40 14
17 243 55 1
17 365 44 5
17 913 21 8
17 1007 16 8
17 1049 3 2
17 1180 45 2
17 1198 5 9
18 197 49 6
18 352 33 11
18 941 25 11
19 115 34 10
19 225 34 14
19 721 7 9
19 921 37 3
19 936 15 3
19 1178 42 5
19 1323 33 4
20 695 54 10
20 1143 58 1
21 56 25 14
21 407 10 2
21 454 43 5
21 1031 47 14
21 1139 50 10
21 1164 58 1
21 1211 39 1
21 1295 17 6
21 1299 11 13
22 279 43 2
22 310 54 6
22 640 13 9
22 723 60 11
22 1211 54 8
23 103 22 14
23 1231 5 15
24 88 22 2
24 431 43 10
24 534 31 10
24 536 37 8
24 555 6 11
24 1255 43 2
25 40 26 8
25 106 5 3
25 168 14 12
25 321 6 8
25 350 21 10
25 449 26 1
25 499 23 9
25 641 16 12
25 819 51 7
25 1010 20 12
25 1138 29 15
26 229 27 14
26 519 48 12
26 628 36 13
26 669 48 7
26 750 41 7
26 803 56 9
26 840 14 10
27 301 39 10
27 703 20 7
27 734 25 1
27 738 8 8
27 866 37 8
27 989 28 9
27 1361 3 5
28 190 23 14
28 429 20 1
28 584 36 15
28 664 35 9
28 756 40 12
28 779 57 4
28 813 44 3
28 871 27 13
28 1036 36 5
28 1146 60 11
28 1283 13 5
28 1324 23 2
28 1328 9 3
29 80 50 14
29 177 10 3
29 267 2 3
29 346 57 4
29 547 22 2
29 603 16 15
29 757 10 12
29 855 33 14
30 476 22 8
30 669 6 9
30 817 49 4
30 845 60 13
31 547 18 7
31 717 23 11
31 1117 14 10
32 315 43 14
32 506 36 4
32 536 16 11
32 861 30 8
32 1282 42 9
33 308 34 15
33 582 40 15
33 831 37 8
33 876 28 9
33 898 60 7
33 1035 51 9
33 1292 47 9
33 1341 29 14
34 288 59 8
34 414 16 10
34 667 26 8
34 717 17 15
34 810 48 7
34 844 55 3
34 845 51 7
34 1024 14 14
34 1028 49 2
35 800 41 8
36 179 52 12
36 410 47 4
36 527 37 1
36 744 27 3
36 1270 13 1
37 107 37 2
37 344 58 13
37 1061 40 6
38 983 6 8
38 1061 48 7
38 1078 49 12
39 47 16 4
39 147 16 10
39 316 53 10
39 952 47 3
40 257 10 7
40 347 22 1
40 381 21 9
40 407 47 14
40 921 58 14
40 971 14 12
41 135 12 4
41 177 39 12
41 1172 58 11
42 894 43 10
42 917 5 12
43 467 44 1
43 666 23 14
43 1166 53 13
44 146 46 13
44 325 44 5
44 609 37 11
44 785 23 1
44 1174 31 4
44 1211 27 2
44 1214 53 1
44 1306 28 3
45 69 48 14
45 73 54 7
45 465 17 5
45 555 9 1
45 999 49 1
45 1265 7 4
45 1269 27 11
46 383 7 15
46 1273 41 13
46 1308 53 14
46 1342 16 7
47 302 4 13
47 390 10 12
47 1251 17 12
48 134 29 8
48 773 17 10
48 792 56 3
48 846 47 5
48 934 24 13
48 997 36 13
48 1241 42 12
48 1269 12 10
48 1338 60 13
49 379 39 2
49 669 53 1
49 767 39 11
49 1026 10 13
49 1327 24 7
50 794 16 10
50 908 60 1
50 948 50 13
51 54 33 1
51 115 30 1
51 266 9 1
51 474 59 14
51 567 14 10
51 631 7 9
51 768 15 6
52 576 8 9
52 1011 30 14
53 166 19 13
53 1096 14 5
54 123 56 15
54 154 2 13
54 251 15 5
54 298 33 1
54 344 12 10
54 349 21 12
54 423 12 14
54 611 7 3
54 966 1 14
54 972 19 4
55 135 38 6
55 407 38 6
55 495 20 9
55 564 18 6
55 803 56 4
56 388 23 1
56 687 22 5
56 754 5 6
56 1308 20 2
56 1328 36 9
57 103 60 15
57 705 4 14
57 770 16 14
57 844 52 12
58 78 8 14
58 553 7 6
58 625 4 7
58 833 23 14
58 1149 54 15
58 1245 22 15
59 728 57 8
59 760 8 8
59 1106 4 15
59 1344 10 1
60 142 43 5
60 609 43 11
60 881 58 13
60 983 49 9
60 992 21 3
61 151 18 11
61 317 19 9
61 328 49 13
61 350 56 10
61 382 31 8
61 488 8 14
61 536 55 9
61 539 41 1
61 718 49 4
61 806 54 9
61 808 18 8
61 868 41 5
61 947 29 9
61 957 35 14
61 1251 19 2
62 458 40 14
62 554 22 8
62 1290 40 11
63 214 19 4
63 614 41 3
63 711 33 6
63 1133 35 4
64 82 42 4
64 89 2 10
64 631 49 13
64 1089 33 11
64 1124 34 15
64 1332 34 1
65 126 20 1
65 472 57 9
65 910 9 8
65 968 57 7
65 1144 29 8
65 1207 33 6
65 1217 41 8
66 114 36 1
66 789 57 2
66 1083 52 1
66 1207 37 1
67 79 28 12
67 204 2 1
67 494 35 13
67 640 22 8
67 778 52 8
67 997 17 15
67 1070 44 8
68 319 8 10
68 325 18 10
68 430 51 14
68 655 2 14
68 743 9 12
68 872 16 1
68 894 59 1
68 1115 1 12
68 1323 54 11
69 454 21 2
69 927 24 11
69 1035 19 6
69 1156 26 11
69 1302 50 5
70 542 37 8
70 643 15 7
70 911 33 10
70 1076 11 5
70 1297 21 7
71 341 58 13
71 346 7 10
71 540 53 5
71 730 23 10
71 733 20 6
71 894 14 2
71 1162 27 11
71 1316 20 13
72 74 58 2
72 106 22 8
72 398 7 13
72 1124 34 13
72 1143 59 11
73 755 10 7
73 987 9 3
73 1124 8 10
73 1256 7 2
73 1333 51 12
74 185 48 9
74 186 51 4
74 345 48 13
74 622 60 14
74 725 9 13
74 903 42 9
74 1142 30 4
74 1260 35 3
75 230 60 9
75 498 18 15
75 744 14 14
76 204 23 6
76 289 22 3
76 303 51 13
76 449 3 6
76 599 7 13
76 636 49 1
76 756 43 7
76 953 28 4
76 1076 50 4
76 1184 23 9
77 183 51 8
77 239 48 8
77 277 42 6
77 635 23 2
77 880 23 15
77 1060 22 14
77 1339 45 9
78 128 40 13
78 341 10 5
78 348 57 4
78 414 46 13
78 883 24 1
78 915 44 1
78 972 19 10
78 1160 27 13
79 218 57 15
79 701 46 11
79 1084 2 9
79 1307 30 15
80 223 40 6
80 611 30 13
80 873 48 5
80 1195 7 6
81 518 34 5
81 642 27 12
81 943 45 9
81 1159 4 14
81 1279 32 8
82 183 7 11
82 376 45 6
82 949 49 7
82 1093 4 14
82 1214 42 11
83 203 34 9
83 273 22 1
83 654 35 10
83 894 18 5
83 1302 42 14
84 260 33 13
84 276 59 11
84 668 10 2
84 955 25 8
84 1283 53 12
84 1326 3 6
85 109 2 2
85 304 4 10
85 463 23 8
85 573 21 3
85 643 11 2
85 674 49 4
85 679 20 11
85 1079 42 10
85 1085 5 11
85 1243 10 4
86 314 35 3
86 427 23 3
86 496 39 3
86 687 38 2
86 811 60 12
86 1175 4 15
87 309 12 5
87 332 2 4
87 437 51 3
87 703 45 2
87 1213 9 14
87 1235 3 2
87 1264 11 12
88 205 4 15
88 234 35 12
88 384 14 13
88 1103 25 12
88 1248 28 8
88 1338 51 14
89 223 2 5
89 311 51 8
89 375 46 14
89 447 23 1
89 484 52 12
89 631 51 15
89 742 56 14
89 797 29 5
89 910 10 13
89 976 58 11
89 1141 27 7
89 1318 49 2
90 291 22 10
90 367 17 10
90 430 43 7
90 471 47 7
90 566 56 1
90 846 54 10
90 862 4 15
90 875 45 4
90 1230 38 5
90 1318 34 12
91 704 40 2
91 1297 42 7
92 678 24 7
92 730 29 15
92 750 27 4
92 800 33 2
92 808 6 3
92 818 18 14
92 835 47 15
92 936 40 15
92 1114 30 3
92 1200 31 1
92 1308 10 13
92 1346 24 6
93 109 48 14
93 228 1 14
93 416 48 8
93 586 54 5
93 598 42 14
93 721 60 8
93 1154 26 15
93 1191 55 7
93 1259 45 10
94 385 40 4
94 398 58 9
94 720 26 2
94 867 56 11
94 897 23 9
94 1188 32 6
94 1243 45 4
95 845 4 1
95 882 37 1
95 885 34 14
95 1103 12 4
96 395 2 8
96 504 5 6
96 701 58 2
96 719 58 9
96 1117 1 8
97 376 57 1
97 983 10 10
97 1002 36 13
98 159 26 6
98 729 20 10
98 1297 30 14
98 1316 55 2
98 1338 13 3
98 1349 48 9
99 390 48 4
99 402 16 15
99 437 21 14
99 447 55 11
99 578 29 10
99 1231 37 7
100 397 51 7
100 456 23 9
100 793 53 5
100 961 25 5
100 1126 12 1
100 1164 56 7
100 1169 47 15
101 113 3 7
101 122 58 7
101 218 11 2
101 510 34 2
101 812 43 3
101 1095 59 8
101 1320 18 7
102 187 10 6
102 427 50 13
102 572 3 4
102 662 38 8
102 1358 27 6
103 133 11 8
103 216 42 4
103 706 15 1
103 1066 9 15
103 1149 21 7
103 1269 35 12
104 140 16 7
104 293 18 5
104 512 24 2
104 1002 54 12
104 1243 60 11
104 1313 31 13
104 1353 15 12
105 715 4 2
105 1317 5 5
105 1328 47 12
106 235 37 13
106 455 33 5
106 538 10 10
106 592 51 3
106 610 3 1
106 1253 55 6
107 236 5 3
107 590 52 7
107 815 33 15
108 246 4 13
108 913 58 10
108 1193 29 8
108 1337 4 6
109 136 40 5
109 373 51 15
109 569 4 14
109 611 14 15
109 712 26 2
109 932 44 13
109 1038 52 12
109 1045 42 8
109 1153 16 11
110 161 3 11
110 237 48 5
110 395 17 3
110 846 3 3
110 1076 1 13
110 1100 15 10
110 1186 22 5
110 1290 46 10
111 387 3 6
111 581 34 7
111 623 49 3
111 1022 6 2
111 1121 34 10
111 1201 32 3
112 1251 25 13
112 1354 11 2
113 139 45 4
113 378 39 13
113 863 26 8
113 1058 25 11
113 1135 32 4
113 1357 6 13
114 157 30 2
114 500 13 9
114 538 44 1
114 694 31 8
114 737 59 6
114 960 56 4
114 1230 23 7
114 1317 41 8
115 168 3 6
115 710 14 2
115 848 4 1
116 395 20 2
116 535 59 10
116 1262 59 10
116 1303 7 10
117 434 50 1
117 747 27 8
117 754 7 8
117 885 38 2
117 920 34 14
117 1321 43 7
118 162 51 11
118 380 58 8
118 500 28 7
118 752 22 14
118 810 52 14
119 179 39 7
119 476 12 12
119 629 11 6
119 820 4 3
119 1025 26 2
119 1090 18 5
119 1183 24 6
119 1243 46 15
120 228 3 2
120 661 8 9
120 763 34 4
120 770 57 12
120 815 54 1
120 1004 56 6
120 1173 2 9
120 1182 44 13
121 803 44 2
121 983 36 14
121 1048 29 8
121 1312 33 3
121 1330 35 15
122 822 28 2
123 160 7 4
123 534 40 14
123 535 6 2
123 622 31 4
123 1043 32 14
123 1147 2 6
124 368 11 13
124 1023 22 15
124 1071 40 11
124 1152 3 9
124 1283 33 9
125 1001 29 2
125 1117 5 9
125 1127 34 12
125 1262 37 4
126 363 25 7
126 450 36 13
126 560 16 7
126 896 38 12
126 1038 31 7
126 1322 55 14
127 800 9 9
128 273 18 2
128 437 28 11
128 944 9 9
128 1301 58 8
128 1328 45 6
129 205 43 12
129 346 51 1
129 729 20 4
129 794 29 14
129 843 56 6
129 1052 42 4
130 158 7 5
130 211 45 6
130 629 30 9
130 1041 45 11
131 138 41 14
131 395 52 1
131 478 53 14
131 524 36 11
131 588 6 12
131 1349 7 9
132 658 19 14
132 691 55 10
132 956 52 10
132 993 37 14
132 1130 36 6
132 1208 12 9
132 1303 29 7
133 384 45 10
133 388 48 6
133 1071 60 4
134 293 53 6
134 338 36 13
134 493 6 6
134 655 11 14
134 704 59 11
134 792 42 14
134 814 54 15
134 1273 29 4
135 169 17 3
135 457 55 14
135 529 15 9
135 543 23 9
135 570 7 7
135 661 44 15
135 677 52 11
135 678 47 7
135 712 35 3
135 714 23 6
135 732 21 2
135 897 22 9
136 170 37 9
136 181 56 13
136 721 48 5
136 734 18 1
136 869 50 8
137 338 16 14
137 366 42 8
137 554 18 6
137 733 55 7
137 915 48 1
137 1344 54 5
138 560 48 13
138 715 3 9
139 483 9 14
139 658 7 5
139 695 24 3
139 989 58 11
140 180 7 10
140 646 42 7
140 708 55 7
140 980 17 6
140 1055 54 11
140 1176 34 7
141 346 34 4
141 452 18 8
141 663 6 15
141 672 38 8
141 765 26 6
141 1055 5 10
141 1068 11 7
142 224 8 11
142 376 13 11
142 378 3 10
142 493 21 5
142 636 17 11
142 1048 37 9
142 1074 15 12
143 582 27 9
143 642 49 5
143 897 48 12
143 973 45 11
143 1163 39 5
144 537 31 15
144 1037 12 13
144 1161 58 14
145 498 12 7
145 606 14 6
145 796 22 4
145 1027 2 7
145 1285 38 14
146 392 13 4
146 547 36 14
146 773 30 2
146 798 47 3
146 808 16 6
146 815 35 4
147 197 13 11
147 264 38 8
147 381 53 13
147 579 17 14
147 1098 25 6
148 253 22 10
148 334 28 5
148 408 7 1
148 904 31 14
148 961 14 9
148 1204 53 4
148 1339 31 9
148 1361 21 12
149 227 59 8
149 377 55 4
149 936 56 4
150 245 6 2
150 411 54 12
150 611 16 9
150 701 29 15
150 784 6 1
150 826 58 2
150 1045 13 2
150 1128 9 14
150 1208 39 11
151 186 37 1
151 917 39 3
151 1003 47 2
152 989 20 2
152 1144 13 5
152 1183 22 13
152 1202 27 3
152 1212 18 10
153 666 14 7
153 707 25 8
153 1110 26 2
153 1179 56 14
154 479 36 14
154 626 32 2
154 978 43 12
154 1102 41 2
154 1193 5 1
155 176 41 1
155 419 9 9
155 444 52 11
155 465 7 11
155 550 60 15
155 578 17 2
155 636 17 14
155 1015 24 5
155 1265 40 3
156 162 9 3
156 325 21 2
156 645 42 14
156 673 49 2
156 809 37 6
157 171 42 6
157 353 23 5
157 448 10 9
157 804 39 5
157 1065 11 14
158 188 18 13
158 278 25 12
158 378 2 3
158 436 59 8
158 641 59 11
158 747 6 10
158 855 5 10
158 1098 59 14
159 468 6 4
159 700 54 10
159 971 16 11
159 1239 48 15
159 1245 23 10
159 1248 18 2
160 668 47 8
160 866 31 13
160 988 4 14
160 1289 9 11
161 488 43 3
162 586 51 3
162 769 36 2
162 992 8 1
162 1351 9 4
163 218 34 9
163 314 3 11
163 652 12 14
163 946 47 14
163 1114 11 13
163 1204 39 11
163 1320 1 12
164 549 2 5
164 592 55 15
164 1039 15 1
164 1059 22 10
164 1334 50 15
165 172 14 9
165 181 46 15
165 434 49 6
165 508 15 6
166 694 46 9
166 843 30 15
166 948 53 7
166 992 43 8
167 225 34 7
167 238 21 4
167 357 41 13
167 917 53 10
167 1304 42 8
168 327 56 9
168 365 31 15
168 508 42 12
168 564 7 7
168 777 57 3
168 927 36 11
169 332 59 2
169 527 56 8
169 817 10 4
169 1078 50 2
170 223 16 14
170 277 52 14
170 332 15 6
170 433 30 12
170 780 15 8
170 1150 27 10
170 1210 41 1
171 212 21 12
171 529 29 2
171 646 37 13
171 1004 50 12
172 338 29 12
172 857 21 13
172 965 41 14
172 1020 22 6
173 180 14 15
173 257 42 15
173 457 24 12
173 831 3 13
173 924 52 15
173 928 49 2
173 1340 48 15
174 207 52 9
174 813 35 11
174 1121 42 14
175 212 50 14
175 264 15 13
175 278 44 7
175 701 7 5
175 1136 24 15
175 1214 47 1
175 1305 37 5
176 448 41 8
176 698 48 6
176 826 13 7
176 851 27 9
176 1305 21 7
177 936 29 11
177 1187 42 8
178 222 28 12
178 437 14 14
178 951 10 1
178 1133 32 15
178 1254 32 10
179 982 5 4
179 1019 42 5
179 1069 15 15
180 360 23 11
180 441 35 11
180 699 10 2
180 736 35 3
180 1108 43 10
180 1343 6 8
181 291 45 4
181 320 46 5
181 367 24 6
181 608 22 7
181 920 18 10
181 1046 7 13
182 516 12 1
182 582 37 9
182 1287 46 8
183 295 34 9
183 479 8 13
183 539 58 1
183 977 27 15
183 1132 42 3
184 404 24 3
184 571 9 6
184 659 25 3
184 735 44 12
184 986 29 3
184 1011 26 14
185 705 11 8
185 997 6 7
185 1028 24 13
185 1236 55 10
186 191 34 11
186 217 15 14
186 443 43 11
186 731 51 7
186 761 9 10
186 797 22 13
186 1125 56 8
187 333 28 10
187 1014 58 6
187 1067 20 13
187 1101 45 2
187 1216 52 3
187 1292 12 3
187 1319 26 2
188 270 22 15
188 377 25 13
188 446 26 13
188 819 30 1
188 901 45 6
188 1267 16 14
189 347 15 11
189 730 21 4
189 908 41 4
189 1082 6 8
190 458 4 2
190 575 9 8
190 783 4 2
190 1169 51 9
190 1231 55 4
191 524 50 3
191 812 16 5
191 1127 51 3
191 1207 43 7
191 1239 48 14
192 268 34 6
192 374 8 13
192 550 50 11
192 647 44 1
192 716 38 12
192 774 56 15
192 1144 55 10
192 1183 31 10
193 415 58 15
193 860 55 3
193 1087 32 1
193 1261 49 9
194 579 48 7
194 1167 24 6
194 1176 1 8
194 1293 5 2
195 210 2 11
195 1154 9 4
195 1179 1 5
195 1236 3 6
195 1256 14 5
196 327 37 4
196 775 7 3
196 899 7 5
196 993 37 8
196 1192 23 1
196 1234 27 14
196 1313 52 12
197 198 38 12
197 509 9 9
197 1259 6 8
198 341 48 1
198 481 26 3
198 784 5 6
198 850 38 8
198 1042 38 12
198 1206 18 9
198 1343 1 4
199 202 25 15
199 276 50 11
199 712 15 14
199 755 59 14
199 901 36 5
199 1224 10 10
200 392 45 7
200 557 5 11
200 1093 21 14
200 1282 59 5
200 1284 4 1
200 1338 52 3
201 537 40 6
201 838 1 11
201 1222 3 2
201 1311 7 4
202 330 29 14
202 388 47 12
202 476 49 13
202 739 18 1
202 867 55 6
202 881 29 7
202 969 46 10
202 1235 16 5
202 1271 54 5
203 561 60 10
203 811 45 6
203 939 35 10
203 997 28 15
203 1001 29 2
204 244 26 4
204 547 25 15
204 694 21 9
204 778 60 7
204 786 2 7
204 912 3 10
204 1226 53 9
205 633 23 6
205 985 30 11
205 1325 55 7
206 285 55 14
206 714 16 9
206 860 8 8
206 945 22 5
206 1018 50 2
206 1065 38 3
206 1191 52 10
206 1277 33 1
207 226 57 14
207 330 44 3
207 356 27 10
207 1121 2 14
207 1341 32 11
208 212 2 3
208 484 42 12
208 544 8 11
208 626 30 10
208 1263 49 3
208 1309 46 1
209 332 38 15
209 524 43 14
209 621 58 3
210 1152 31 5
211 1271 46 12
212 354 43 1
212 548 43 6
212 792 36 4
212 1142 60 14
213 367 18 12
213 860 25 11
213 1216 20 15
214 622 42 5
214 1134 12 9
215 493 23 14
215 850 14 7
215 1163 39 8
216 319 53 8
216 332 15 6
216 469 53 6
216 475 1 11
216 539 56 7
216 598 23 11
216 714 46 4
216 858 59 4
216 908 11 11
216 952 14 5
216 1193 26 5
217 438 49 14
217 493 31 4
217 604 8 4
217 1346 11 13
218 591 54 11
218 635 39 7
218 883 36 13
218 1089 59 5
218 1090 45 15
219 234 48 2
219 347 6 7
219 837 6 13
219 1311 15 3
219 1345 26 12
220 860 21 13
221 250 11 14
221 322 49 6
221 575 33 6
221 604 8 2
221 1014 27 2
221 1109 20 1
222 452 16 5
222 605 42 11
222 726 17 5
222 757 37 2
222 985 45 5
223 271 28 10
223 582 14 15
223 768 5 11
223 1066 25 5
224 398 31 8
224 735 59 9
224 855 53 4
224 1074 6 13
225 371 22 4
225 393 7 6
225 796 5 3
225 881 6 1
225 888 54 11
225 959 23 7
225 1351 52 8
226 590 20 2
226 664 15 15
226 769 13 6
226 1137 31 12
227 497 48 5
227 671 8 11
227 1094 58 8
228 317 4 2
228 391 50 7
228 513 15 15
228 698 55 3
228 772 26 1
228 1029 35 1
228 1073 26 3
228 1106 44 10
228 1321 10 6
229 242 10 8
229 256 15 11
229 1131 9 2
229 1223 43 10
229 1322 52 15
230 493 44 10
230 560 28 1
230 584 57 6
230 1083 17 4
231 280 26 3
231 841 23 6
231 916 37 10
231 974 50 6
231 994 35 11
231 1142 25 3
232 919 45 3
232 1018 15 2
232 1029 7 11
232 1072 16 10
233 316 24 6
233 533 39 15
233 550 32 10
233 873 57 13
233 1045 16 3
233 1108 58 14
233 1267 52 15
234 1122 50 9
235 262 40 8
235 553 6 5
235 676 44 9
235 730 43 14
235 1140 7 13
236 255 59 6
236 875 18 2
236 942 49 13
236 963 41 8
237 377 47 7
237 390 11 1
237 748 54 11
237 983 43 6
237 1014 46 6
237 1092 53 14
238 268 6 3
238 583 40 14
238 1360 20 1
239 448 39 11
239 484 24 9
239 986 10 6
240 647 49 5
240 709 13 5
240 917 12 11
240 1249 29 15
241 702 49 10
241 848 40 15
241 975 59 8
241 1155 37 5
241 1180 53 8
241 1303 55 11
242 326 20 15
242 516 55 13
242 690 47 1
242 791 12 9
242 912 56 4
242 1038 26 1
242 1115 43 11
242 1301 1 2
242 1306 4 2
243 247 39 10
243 590 19 4
244 448 23 5
244 1188 23 8
244 1241 60 3
244 1349 33 14
245 484 18 5
245 513 42 4
245 714 50 3
245 749 27 4
245 869 31 8
245 918 39 12
245 928 60 13
245 1195 19 5
245 1269 33 1
246 478 3 5
246 770 51 5
246 872 46 5
246 947 32 12
246 1023 26 13
247 292 14 1
247 413 41 1
247 593 16 9
247 603 13 11
247 922 52 8
247 984 14 1
247 1059 38 14
247 1068 9 4
247 1108 40 6
248 507 33 5
248 672 17 7
248 866 49 15
248 1063 12 2
248 1132 29 15
248 1178 17 2
248 1223 49 10
248 1257 57 9
248 1269 4 11
249 274 46 13
249 304 19 1
249 352 23 6
249 474 28 12
249 650 38 2
249 670 35 1
249 848 7 9
249 1279 60 6
250 823 35 11
251 284 47 14
251 326 31 1
251 428 55 14
251 522 45 5
251 621 48 6
251 731 52 10
251 929 6 15
252 400 10 12
252 716 7 9
252 762 27 2
252 1057 55 2
252 1111 25 5
253 536 55 2
253 628 43 10
253 883 22 15
253 1023 32 3
253 1255 26 15
254 259 55 15
254 332 13 15
254 418 44 4
254 770 32 15
254 888 58 11
254 1164 52 2
254 1221 15 5
254 1224 2 4
255 415 48 6
255 590 28 7
255 974 11 7
255 1164 23 15
255 1239 15 1
256 508 18 9
256 535 46 11
256 868 4 5
256 1035 30 5
256 1240 39 1
257 346 27 6
257 723 15 10
257 958 35 3
257 1230 43 10
257 1232 55 6
258 629 31 12
258 836 3 6
258 849 22 11
258 899 42 15
258 1011 12 7
258 1106 45 15
259 466 28 3
260 263 21 2
260 476 14 11
260 1061 31 9
261 808 49 2
261 1140 60 14
262 618 25 4
262 859 26 11
264 898 17 2
264 959 32 13
264 1077 7 7
265 267 10 7
265 299 57 13
265 654 47 8
265 1113 30 14
265 1115 42 10
266 367 53 2
266 390 46 4
266 451 40 4
266 529 52 7
266 571 37 6
266 837 46 11
266 1345 41 6
267 852 29 2
267 889 21 10
267 1351 14 12
268 317 56 10
268 651 4 7
268 920 13 5
268 926 39 8
268 1296 45 3
269 318 39 6
269 389 48 4
269 559 54 7
269 773 38 9
269 1087 44 15
270 442 33 10
270 1145 60 10
271 483 9 2
271 647 51 14
271 725 25 11
271 1317 19 10
272 463 49 15
272 524 5 1
272 1239 23 12
273 977 24 6
273 1286 38 10
274 488 18 12
275 285 46 6
275 472 43 14
275 835 23 13
275 950 33 14
275 1099 24 1
275 1120 39 10
275 1155 44 14
275 1173 58 12
275 1265 30 13
276 343 11 7
276 364 34 12
276 704 2 6
276 855 46 7
276 1265 46 8
276 1356 36 11
276 1357 46 5
277 379 14 7
277 472 1 11
277 693 30 13
277 951 21 5
277 1241 47 2
277 1348 23 9
278 326 16 2
278 456 30 15
278 1050 6 5
279 385 59 4
279 480 9 15
279 485 25 15
279 570 37 12
279 692 35 10
279 874 50 4
280 369 20 11
280 690 59 10
280 741 10 4
280 850 3 12
280 1117 53 6
281 396 46 2
281 493 17 10
281 739 21 1
281 980 40 5
282 798 1 8
282 843 17 7
282 851 11 14
282 989 33 8
283 419 33 15
283 651 12 7
283 655 44 10
283 714 33 5
283 974 15 5
283 1351 34 14
284 317 39 15
284 377 20 15
284 835 33 7
284 887 48 6
284 1002 10 11
285 618 48 7
285 822 29 15
285 1005 36 1
285 1172 32 8
286 681 3 5
286 1285 53 3
287 870 56 9
287 917 59 14
287 969 12 3
287 1026 6 15
287 1173 54 5
288 522 49 11
288 574 27 10
288 578 2 10
288 745 32 15
288 859 48 1
288 1299 30 9
289 390 38 15
289 679 23 6
289 1292 40 4
290 368 55 2
290 395 31 15
290 598 44 14
290 602 57 8
290 633 47 12
290 958 22 12
291 341 22 8
291 1304 50 11
292 298 22 14
292 513 56 10
292 520 43 4
292 614 17 14
292 738 53 1
292 784 37 14
292 1190 42 1
292 1299 22 9
293 1104 59 12
293 1131 25 2
293 1209 13 15
293 1347 16 10
294 617 59 15
295 329 15 8
295 875 34 5
296 453 14 7
296 969 7 1
296 1013 41 5
296 1030 21 14
296 1080 8 9
296 1278 39 6
296 1343 11 13
297 344 9 3
297 474 20 7
297 670 49 1
297 796 54 14
297 889 40 3
298 844 50 11
298 1179 30 9
298 1249 31 1
298 1308 7 2
298 1333 40 13
299 383 25 6
299 691 17 4
299 1006 42 12
299 1177 36 13
299 1194 44 4
300 355 60 1
300 699 47 5
300 867 29 9
300 1089 54 12
300 1100 22 9
301 317 30 2
301 459 2 7
301 541 50 5
301 927 19 12
302 648 10 8
302 1233 3 13
302 1283 27 9
302 1311 48 4
303 309 60 5
303 431 42 4
303 664 35 10
303 768 27 2
303 1330 38 12
304 703 27 6
304 889 26 8
304 1102 1 4
304 1306 54 5
305 773 49 13
305 985 16 9
305 1323 54 8
306 545 49 10
306 1079 5 5
306 1159 42 14
306 1219 34 15
306 1254 27 4
307 350 57 4
307 651 12 9
307 673 34 9
307 797 45 10
307 1008 24 14
308 536 26 11
308 659 22 1
308 861 41 2
308 1107 12 4
308 1360 5 3
309 351 39 8
309 716 39 14
309 902 11 6
309 1060 51 1
309 1125 40 15
309 1237 52 4
310 690 55 3
310 908 35 5
310 931 9 5
310 1001 12 14
311 369 4 1
311 960 13 13
311 1027 53 15
311 1102 18 13
311 1112 56 4
311 1162 51 14
312 498 8 9
312 505 8 14
312 567 53 12
312 927 53 7
312 1084 18 2
312 1334 60 4
313 358 26 13
313 563 56 11
313 594 15 7
313 764 9 3
313 881 32 4
313 1113 4 13
313 1200 19 7
313 1267 24 1
314 447 58 15
314 767 35 9
314 1009 27 4
314 1247 2 15
314 1347 40 9
315 343 35 13
315 400 33 12
315 694 24 6
315 745 5 2
315 871 57 4
315 910 13 13
315 1177 39 6
315 1347 32 6
316 514 51 15
316 558 6 1
316 818 38 4
316 823 6 8
316 1208 11 2
317 346 24 4
317 454 42 15
317 564 21 8
317 629 6 2
317 652 43 1
317 679 44 12
317 811 18 10
317 1238 16 2
318 331 49 9
318 347 9 8
318 415 31 8
318 753 21 8
319 341 40 10
319 512 49 4
319 528 16 7
319 580 33 4
319 678 2 8
319 855 53 3
319 1149 41 8
320 365 37 9
320 573 24 10
320 730 48 5
320 806 56 5
320 809 55 1
320 1042 56 12
320 1184 4 9
320 1262 44 8
321 589 32 6
321 612 55 11
321 646 55 8
321 941 13 15
321 1156 24 6
322 670 12 13
322 751 38 7
322 955 6 15
323 654 33 12
323 842 16 3
323 1173 42 2
323 1185 6 9
323 1334 42 13
324 584 47 12
324 861 45 7
324 874 3 6
324 1122 43 10
324 1277 42 9
324 1325 43 8
324 1337 45 3
324 1349 12 4
325 577 10 10
325 746 15 4
325 1002 2 14
325 1173 27 12
326 376 19 9
326 681 39 4
326 1082 57 14
326 1194 47 2
327 578 58 2
327 695 43 2
327 882 45 12
327 1266 32 10
327 1281 58 13
328 547 28 9
328 553 23 2
328 555 9 6
328 684 14 11
328 1284 24 9
329 395 51 12
329 412 60 3
329 691 14 2
329 743 45 8
329 968 43 4
329 976 4 5
329 1034 48 7
329 1120 44 14
330 477 18 2
330 952 23 14
330 1063 4 6
330 1269 44 13
331 356 8 11
331 708 40 8
331 795 47 7
332 725 46 15
332 835 10 2
332 918 21 10
332 1246 31 11
333 652 3 15
333 827 21 3
333 1057 21 10
334 626 22 4
334 777 55 10
334 1155 32 7
335 462 5 1
335 534 16 9
335 676 36 13
335 772 26 15
335 931 32 1
335 934 31 12
335 1004 13 3
335 1121 36 6
335 1212 40 14
335 1281 28 5
335 1331 37 2
336 499 33 6
336 614 8 2
336 779 22 14
336 943 6 2
336 959 32 8
336 1138 31 15
336 1281 17 13
337 415 25 11
337 497 37 13
337 800 41 8
337 1206 26 14
337 1221 19 9
338 920 35 3
338 937 36 8
338 1018 23 4
339 375 46 9
339 635 18 13
339 1063 42 13
339 1192 44 5
339 1281 60 8
340 770 49 15
340 825 49 1
340 834 55 5
340 1084 55 11
340 1286 45 1
340 1315 15 7
340 1352 51 3
341 445 42 4
341 467 41 1
341 1056 54 8
341 1101 55 3
341 1162 43 3
341 1357 53 13
342 576 41 3
342 608 59 6
342 650 47 10
342 978 24 15
342 1285 13 14
342 1323 43 4
343 372 22 5
343 602 14 15
343 750 34 2
343 1090 32 15
343 1102 18 8
343 1131 54 5
343 1183 30 4
343 1323 8 1
344 359 60 3
344 495 1 6
344 865 11 6
345 453 24 7
345 780 47 5
345 1337 1 7
346 385 32 8
346 460 50 3
346 563 43 4
346 730 35 4
346 1331 4 15
347 400 49 14
347 803 52 11
347 1048 53 13
347 1067 53 10
347 1187 15 10
347 1320 55 3
348 1037 29 7
348 1080 52 12
348 1141 37 15
349 1259 2 15
350 550 25 1
350 799 36 15
350 1089 46 6
351 702 38 8
351 877 5 3
351 947 43 3
351 1153 40 10
351 1208 55 3
352 460 30 4
352 548 43 14
352 609 35 2
352 859 10 13
352 965 57 2
352 1135 50 11
352 1209 41 10
353 502 33 12
353 647 29 13
353 966 46 5
353 1302 55 3
354 358 17 6
354 1003 11 4
354 1083 8 14
354 1123 32 2
354 1313 14 12
354 1338 3 6
355 505 54 9
355 715 22 15
355 871 26 6
355 1033 36 8
355 1255 26 14
356 935 41 15
356 1027 11 12
356 1216 34 3
357 576 26 9
357 593 43 4
357 898 15 10
357 928 30 12
358 521 30 8
358 524 8 13
358 626 39 13
358 692 48 8
358 835 58 12
358 991 27 9
358 1260 2 1
359 798 23 15
359 1029 4 10
360 704 54 13
360 814 24 4
360 1272 48 8
360 1293 43 13
361 507 36 12
361 748 30 15
361 1110 36 7
361 1312 46 11
362 631 60 12
362 654 55 2
362 935 15 13
362 984 11 6
362 1189 57 13
362 1238 47 11
363 385 55 13
363 559 37 13
363 909 51 15
363 926 60 12
363 1114 44 2
363 1128 13 14
363 1173 56 2
364 807 26 4
364 859 34 12
364 1015 6 12
364 1053 27 12
364 1253 20 5
365 606 2 8
365 1018 18 5
365 1058 12 12
365 1151 32 6
365 1289 4 13
366 589 7 9
366 887 17 5
366 894 58 10
366 901 58 8
368 439 53 6
368 631 52 7
368 738 30 10
368 994 53 3
368 1354 1 4
369 584 17 11
369 744 14 10
369 756 26 7
369 967 23 14
369 1003 27 9
369 1029 42 3
369 1051 1 11
370 726 23 1
370 1080 36 6
370 1298 40 10
371 628 36 3
371 786 14 2
371 853 57 1
371 936 47 4
371 991 51 1
371 1041 3 4
371 1162 54 9
372 379 40 2
372 518 21 11
372 905 23 7
372 1143 16 5
372 1263 57 8
373 379 23 9
373 417 33 13
373 486 26 4
373 587 59 2
373 898 54 2
374 432 5 11
374 490 15 7
374 518 52 15
374 589 9 10
374 602 60 4
374 736 56 5
374 894 28 5
374 899 12 14
374 948 19 6
375 833 18 12
376 550 18 8
376 709 57 10
376 823 55 6
376 846 24 10
376 1049 58 7
376 1354 23 5
377 418 25 10
377 468 40 15
377 509 3 12
377 893 55 12
377 940 44 8
377 982 6 7
377 1065 39 9
377 1130 6 7
378 474 17 1
378 511 27 10
378 647 18 12
378 857 8 5
378 1298 22 2
379 422 19 13
379 639 31 15
379 1127 17 4
380 402 52 15
380 723 51 4
380 828 31 15
380 1245 6 11
381 940 28 7
381 1035 56 5
381 1105 57 6
381 1193 15 15
381 1271 42 13
381 1288 11 4
382 690 13 14
382 770 21 3
382 976 18 10
382 1064 42 11
382 1298 39 3
382 1318 4 1
383 1182 19 15
383 1317 54 1
384 490 16 15
384 658 7 15
384 826 1 1
384 1237 51 11
384 1336 42 9
385 500 20 8
385 691 51 2
385 698 42 15
385 1005 45 8
385 1008 45 14
385 1168 33 2
386 391 34 12
386 473 41 5
386 1159 7 12
387 460 34 7
387 618 28 11
387 623 43 15
387 645 8 2
387 804 40 5
387 812 27 12
387 968 28 3
387 1094 60 8
387 1127 26 9
388 590 31 6
388 674 58 8
388 875 24 1
388 922 28 14
388 1156 12 2
389 447 51 10
389 542 3 2
389 904 22 2
389 1042 46 7
389 1129 55 7
389 1141 58 2
389 1188 22 12
390 550 45 8
390 1131 24 1
391 397 52 14
391 418 60 12
391 829 22 5
391 1194 6 6
391 1325 34 12
391 1358 21 2
392 438 32 13
392 476 9 1
392 489 23 7
392 937 28 8
392 1031 58 14
392 1347 34 11
393 837 14 15
393 967 48 2
393 1188 47 4
394 728 51 11
394 801 43 13
394 909 28 13
394 986 29 12
394 1201 49 6
394 1316 17 6
395 430 47 10
395 449 49 7
395 678 51 7
395 846 33 10
396 539 28 4
396 736 49 15
396 1004 15 14
396 1139 41 14
397 405 53 7
397 584 45 12
397 859 45 3
397 905 19 15
397 1115 48 9
397 1182 28 10
397 1201 34 12
397 1251 43 6
399 731 52 1
399 1231 25 2
400 664 10 13
400 858 25 15
400 871 40 15
400 1158 52 8
400 1203 25 7
401 479 56 8
401 822 51 13
401 958 49 9
402 423 8 14
402 565 43 8
402 765 3 12
402 811 54 6
402 1215 39 14
402 1308 24 6
402 1313 24 13
403 541 27 15
403 778 9 10
403 826 12 7
403 851 40 2
403 1150 29 7
403 1171 33 10
404 571 23 1
404 926 47 11
404 1104 37 6
404 1277 51 6
405 841 59 7
405 1212 40 8
405 1234 28 14
406 487 23 1
406 543 22 11
406 900 29 3
406 1031 36 10
406 1305 55 10
406 1361 17 2
407 556 23 3
407 559 21 8
407 1136 42 3
407 1180 57 13
407 1264 50 11
408 467 58 11
408 677 39 7
408 764 57 7
408 885 44 1
408 1268 13 10
408 1356 15 7
409 437 35 6
409 596 16 7
409 675 16 13
409 787 30 2
409 798 54 7
409 1149 7 6
409 1239 55 13
409 1291 16 6
410 525 4 8
410 744 40 5
410 788 10 13
410 1165 54 1
411 927 59 13
411 1036 4 7
411 1248 21 14
411 1318 29 11
412 461 24 14
412 1166 31 13
413 579 57 8
413 735 28 11
413 805 42 4
413 919 24 8
413 1281 9 3
414 475 56 9
414 483 14 9
414 736 14 8
414 1094 2 13
414 1104 42 5
414 1346 41 4
415 646 34 8
415 987 35 15
415 1209 9 14
415 1278 29 4
416 514 25 2
416 666 24 2
416 668 43 13
416 784 58 8
416 1084 34 13
417 463 24 15
417 587 5 11
417 716 4 6
417 1050 8 5
417 1223 44 2
418 425 28 10
418 630 14 1
418 682 49 1
419 462 8 7
419 486 40 1
419 600 49 11
419 1033 28 9
420 492 37 3
420 613 40 6
420 753 6 8
420 817 1 11
420 1017 34 11
420 1347 4 10
421 433 18 13
421 754 33 2
421 969 45 1
421 1323 25 6
422 847 30 5
422 1018 39 15
422 1075 14 5
422 1324 17 9
424 426 28 8
424 601 26 12
424 606 4 10
424 706 34 15
424 751 19 7
424 1097 55 5
424 1151 25 6
424 1290 20 11
424 1305 54 6
425 842 30 6
425 1041 4 3
426 573 14 4
426 929 60 6
427 940 55 14
428 776 16 15
428 957 27 9
428 1074 17 10
428 1293 33 9
428 1294 55 12
429 707 52 11
429 1204 7 3
429 1304 51 4
430 716 7 2
431 640 1 2
431 943 27 10
431 1191 39 9
432 473 22 14
432 540 14 8
432 724 7 5
432 1168 26 9
433 650 32 10
433 659 38 15
433 1155 40 7
434 565 12 7
434 636 23 12
434 850 55 7
434 1276 31 7
434 1314 1 9
435 534 44 10
435 997 8 11
436 449 20 12
436 644 22 7
436 750 36 3
436 785 21 9
436 822 18 1
436 1244 39 8
437 657 42 11
437 720 38 13
437 911 3 5
437 1284 58 15
437 1293 27 7
437 1361 44 1
438 865 29 13
438 1284 19 6
439 578 45 14
439 942 57 8
439 1041 34 8
439 1075 32 1
439 1296 42 7
440 502 2 5
440 680 45 13
440 1227 23 11
441 875 58 3
441 1287 16 3
442 641 4 4
442 737 48 12
442 1118 13 2
443 587 22 15
443 666 28 7
443 1003 5 10
443 1184 14 11
444 515 51 9
444 656 34 13
444 1106 34 1
444 1217 28 3
444 1219 30 9
446 470 31 10
446 688 54 3
446 789 5 8
446 920 2 7
447 675 4 8
448 674 53 12
448 888 19 4
448 1059 48 5
448 1229 43 7
449 545 33 14
449 847 4 14
449 1010 10 9
450 891 34 8
450 975 53 14
450 1151 43 14
450 1257 35 10
451 572 17 3
451 1115 14 5
451 1229 26 10
452 522 54 9
452 577 15 6
452 1035 11 1
452 1251 37 7
452 1256 18 3
452 1317 2 2
452 1333 31 15
453 463 60 9
453 519 21 12
453 672 26 5
453 847 3 2
453 1154 40 7
454 1014 11 10
454 1172 57 5
454 1207 7 12
454 1352 42 6
455 660 20 11
455 1291 12 6
456 623 21 10
456 776 50 14
456 1021 49 9
456 1225 20 4
457 498 53 10
457 663 12 1
457 687 31 2
457 819 40 4
457 1088 52 11
457 1244 19 11
458 749 24 10
458 751 3 7
459 730 10 15
459 781 13 9
459 789 9 13
459 906 34 9
459 933 56 4
459 1191 8 1
459 1289 11 2
460 464 47 1
460 590 3 7
460 1144 49 3
460 1159 3 7
460 1205 44 14
460 1343 39 8
461 747 54 7
461 802 31 13
462 529 23 8
462 702 31 3
462 772 17 9
462 847 23 13
462 1050 56 4
462 1145 32 4
463 612 13 3
463 1290 34 7
464 512 4 5
464 526 10 14
464 1075 39 7
464 1115 23 8
464 1148 48 3
465 471 22 6
465 916 30 10
466 769 56 9
466 866 7 14
466 1046 8 2
466 1345 10 12
467 485 2 5
467 838 38 1
467 1187 9 2
467 1259 19 4
468 807 55 10
468 1049 9 2
468 1093 58 2
468 1297 10 10
468 1340 33 2
469 558 1 8
469 857 6 12
469 899 32 10
469 1247 54 9
470 495 51 3
470 965 55 5
470 1007 22 11
470 1027 38 13
470 1334 36 11
471 849 35 11
471 887 37 8
471 970 42 5
471 1082 55 5
471 1358 27 12
472 638 50 5
473 532 34 7
473 733 37 14
473 995 54 15
473 1040 8 14
473 1083 21 1
473 1323 41 6
474 539 42 3
474 716 21 13
474 1073 12 9
474 1225 42 4
475 600 57 14
475 753 42 2
475 958 20 3
476 744 12 9
476 1169 44 6
476 1293 39 4
477 634 7 7
477 965 10 7
478 887 8 15
478 1009 46 4
478 1169 58 14
478 1173 28 4
478 1180 4 6
478 1319 59 7
479 656 14 9
479 738 31 8
479 762 10 12
479 787 31 2
479 1160 42 1
479 1196 52 13
480 1148 49 3
480 1204 10 4
481 602 15 4
481 935 37 11
481 1357 60 1
482 1210 27 10
483 515 13 12
483 779 4 5
483 843 24 11
483 891 5 10
483 905 1 3
483 974 1 11
483 1323 58 4
483 1337 47 7
484 510 37 7
484 512 20 13
484 515 31 10
484 585 51 2
484 652 21 10
484 739 22 11
484 936 5 7
485 623 1 11
485 854 57 3
485 897 33 15
485 961 43 6
485 1221 14 7
486 583 45 5
486 663 41 3
486 1125 22 13
486 1148 7 12
487 514 8 1
487 697 54 9
487 810 14 11
487 820 17 13
487 908 37 11
487 992 46 5
487 1004 23 6
487 1104 21 1
487 1277 18 9
488 704 31 10
488 852 38 10
488 1117 44 10
488 1294 55 5
488 1337 33 9
489 766 30 9
489 1208 57 2
490 1042 57 4
490 1328 8 4
491 542 57 8
491 704 23 3
491 1100 51 10
492 566 35 7
492 580 48 3
492 637 20 9
492 880 15 7
492 882 49 8
492 1150 24 14
492 1199 22 3
493 534 45 13
493 651 53 10
493 1200 16 9
493 1236 54 14
493 1243 48 12
494 631 48 5
494 812 46 6
494 1127 22 13
494 1228 38 2
495 669 27 3
495 839 19 3
495 1160 35 1
496 609 46 2
496 686 22 2
496 781 38 11
496 1044 28 8
497 654 48 3
497 798 32 9
497 905 9 2
497 941 23 7
497 1048 57 10
497 1155 1 7
498 639 13 15
498 992 26 2
498 1022 27 1
498 1042 51 2
499 692 53 12
499 716 53 7
499 1180 48 13
500 534 51 5
500 742 44 7
500 892 38 15
500 1169 39 4
500 1211 17 11
501 830 22 2
501 1334 2 1
502 1082 11 9
502 1356 22 11
503 1041 33 9
503 1194 29 3
503 1329 16 6
504 721 11 9
504 1261 56 8
505 653 55 11
505 655 15 15
505 826 28 1
505 911 16 12
505 946 50 4
505 1102 22 12
505 1274 10 7
505 1330 41 12
506 851 49 10
506 1023 44 1
506 1339 41 7
507 538 8 11
507 664 28 7
507 1256 53 6
508 585 18 8
508 641 44 4
508 737 55 6
508 1003 46 7
508 1031 52 4
508 1246 46 8
509 881 57 2
509 1117 13 4
509 1177 7 4
509 1197 40 15
510 777 36 9
510 905 32 12
510 939 58 7
510 1357 27 10
511 617 57 10
511 907 18 2
511 951 5 6
511 1284 35 4
512 604 38 15
512 731 30 4
512 953 32 15
512 1090 19 8
512 1094 59 15
512 1098 18 11
512 1157 18 15
513 519 40 9
513 552 6 10
513 678 55 4
513 755 14 3
513 843 8 8
513 872 43 13
513 1041 22 12
514 706 9 2
514 1211 12 4
514 1336 8 11
515 849 33 8
515 959 48 1
515 1095 1 15
515 1197 27 2
515 1326 39 6
516 723 12 7
516 1029 26 5
516 1055 50 4
516 1259 33 10
517 589 14 13
517 946 43 6
517 1148 28 2
518 611 14 5
518 881 37 8
518 988 9 4
518 1226 15 3
518 1311 51 6
518 1319 19 12
519 546 24 4
519 664 3 14
519 837 38 6
519 968 9 5
520 537 46 6
520 646 17 9
520 651 10 14
520 874 12 7
520 1244 20 14
520 1321 49 1
521 555 20 3
521 598 24 9
521 989 35 10
521 1183 4 2
522 809 44 5
522 974 42 15
522 1069 29 7
522 1126 29 8
522 1199 47 5
523 833 38 9
523 890 58 6
523 916 20 10
523 917 56 6
523 970 20 9
523 1202 24 5
524 579 58 14
524 697 17 7
524 1017 29 5
525 740 46 15
525 1106 35 7
525 1283 39 14
525 1296 49 12
526 899 11 3
526 1065 17 15
526 1316 10 3
527 1039 18 8
527 1242 49 10
528 1296 29 7
529 661 2 5
529 1026 9 15
529 1031 55 9
529 1069 8 3
529 1141 31 4
529 1228 59 5
529 1345 46 6
530 624 58 6
530 718 35 8
530 738 30 3
530 982 35 13
530 1236 41 15
531 697 59 15
531 1136 18 6
531 1278 10 12
532 626 44 14
532 743 15 9
532 884 14 5
532 973 43 15
532 1229 43 12
532 1322 50 10
533 751 26 10
533 795 9 4
533 801 6 11
533 857 18 6
533 1285 7 6
534 824 10 4
534 1011 24 10
534 1044 25 8
534 1188 39 1
534 1254 44 7
535 654 48 4
535 969 17 5
535 1205 40 5
537 864 9 13
537 924 30 15
538 618 19 11
538 724 36 9
538 1012 13 15
538 1126 8 11
538 1143 18 11
538 1210 42 11
538 1278 17 9
539 542 26 8
539 774 48 4
539 813 5 1
539 1000 51 10
539 1012 33 4
539 1023 55 14
540 965 2 12
540 1007 43 14
540 1051 40 8
540 1294 32 8
541 787 13 15
541 1177 34 3
542 781 4 1
542 959 26 9
542 1130 21 1
543 693 18 14
543 945 29 5
543 1017 51 14
543 1203 1 1
543 1317 5 14
544 871 16 9
544 901 42 10
544 953 53 14
544 1240 47 9
544 1337 10 1
545 826 14 7
545 965 46 8
546 548 28 6
546 673 14 3
546 1108 18 4
546 1145 31 13
546 1171 15 1
547 731 10 15
547 981 39 6
547 1113 59 14
547 1142 37 2
548 1144 28 7
549 899 25 3
549 979 21 2
549 1168 20 6
549 1203 8 6
549 1337 35 4
550 1023 48 13
550 1058 35 15
550 1353 2 4
551 571 44 13
551 1068 19 14
551 1310 26 9
552 723 28 13
553 659 55 2
553 742 22 6
553 1019 40 6
553 1113 52 2
553 1258 35 13
554 740 58 9
554 1052 59 7
554 1184 28 7
555 599 42 14
555 924 31 11
555 1091 28 11
555 1172 46 7
555 1245 21 10
556 726 24 6
556 745 17 15
556 941 7 14
556 971 34 9
556 1077 10 9
556 1079 59 4
556 1157 15 10
556 1188 29 4
556 1254 47 14
557 937 26 14
557 960 5 9
557 1201 23 12
557 1216 52 7
559 576 3 6
559 725 55 14
559 865 42 4
559 970 58 12
560 775 34 13
560 783 19 15
560 943 18 12
560 954 1 2
560 984 11 14
560 1082 43 7
560 1169 26 11
560 1205 49 10
560 1277 53 10
561 613 40 11
561 763 32 13
561 863 12 1
561 948 12 2
561 1119 46 13
562 599 48 3
562 650 41 15
562 1028 34 5
563 584 7 13
563 647 47 13
563 740 27 8
564 613 38 11
564 719 26 14
564 1258 17 7
565 584 51 13
565 888 41 7
565 1169 22 15
565 1186 16 5
566 579 24 3
566 655 5 6
566 1015 56 5
567 684 53 13
567 770 12 13
567 1048 24 2
567 1165 16 4
568 1098 15 6
568 1187 14 13
569 685 27 10
569 730 5 1
569 1205 15 11
570 1032 28 6
571 902 53 1
571 1182 59 6
571 1207 2 8
571 1354 44 2
572 703 54 13
572 855 32 1
572 1079 16 13
572 1187 27 4
572 1215 40 2
573 1339 20 11
575 583 39 13
575 868 30 14
575 903 19 9
575 1046 39 14
575 1317 43 13
575 1352 14 6
576 767 13 2
576 1037 18 4
576 1121 54 10
577 969 27 8
577 994 21 14
577 1063 33 4
578 625 25 10
578 964 7 5
578 1119 27 15
579 1049 8 7
579 1149 51 5
579 1236 43 11
579 1349 39 4
580 712 1 14
580 1034 34 1
580 1129 11 4
580 1356 12 6
580 1357 39 3
581 969 25 12
581 1269 20 15
582 747 58 13
582 1091 23 11
582 1166 21 2
583 600 57 11
583 770 11 10
583 776 34 8
583 920 40 6
583 1273 15 8
583 1286 53 11
584 701 34 9
584 918 53 11
585 889 17 5
586 684 46 13
586 816 13 11
587 731 23 4
587 1271 10 5
587 1300 30 8
588 858 17 13
589 648 21 3
589 677 22 14
589 779 11 3
589 996 32 5
589 999 2 7
589 1145 44 9
589 1170 4 5
589 1177 9 13
590 1302 36 12
591 1023 39 13
591 1037 40 10
591 1154 12 1
592 636 26 14
592 665 1 6
592 940 9 9
592 1359 27 15
593 672 27 8
593 719 14 9
593 795 2 1
593 838 15 10
593 864 22 12
593 947 35 14
593 1089 47 7
593 1200 35 1
593 1204 32 5
595 1070 2 14
595 1107 23 13
596 665 60 9
597 638 25 6
597 811 51 8
597 1011 10 11
597 1287 34 7
598 691 5 15
598 709 30 12
598 753 60 2
598 848 17 12
598 907 43 7
598 962 27 13
598 1149 2 1
598 1244 15 9
598 1281 15 14
598 1313 25 13
599 728 2 11
599 888 10 3
600 703 19 5
600 856 16 6
600 1202 24 5
601 605 19 14
601 650 52 1
601 966 48 13
601 1076 19 8
601 1107 10 3
601 1217 30 3
601 1258 2 7
603 940 17 11
603 1130 58 15
603 1170 18 2
603 1204 32 1
603 1231 14 5
603 1251 25 7
604 780 48 2
604 1019 4 14
604 1247 27 14
604 1276 4 7
604 1299 57 14
605 614 56 11
605 766 53 9
605 1140 17 1
606 912 10 15
607 692 32 3
607 920 8 10
607 1279 10 8
607 1345 16 4
608 1035 30 13
608 1145 29 8
608 1285 36 13
609 1025 38 4
609 1203 54 14
610 939 10 10
610 1098 48 7
610 1256 2 11
611 660 10 12
611 794 9 1
611 818 60 5
611 1165 35 9
612 678 36 3
612 754 5 9
612 985 23 3
612 1110 30 9
612 1189 31 6
612 1355 14 12
613 710 10 8
613 825 19 3
613 1104 11 10
614 702 3 12
614 732 42 9
614 841 26 5
614 927 36 14
614 1259 9 6
615 702 38 10
615 704 31 12
615 859 59 14
615 1051 42 6
616 947 40 1
617 894 19 1
617 1066 16 14
618 648 54 3
618 843 4 14
618 844 35 9
618 890 49 15
618 1250 33 2
620 710 23 9
620 818 21 13
621 1092 25 7
621 1144 4 8
622 923 37 8
623 769 10 7
623 824 54 12
623 1135 50 8
624 797 58 8
624 916 45 1
624 1330 25 3
625 773 23 6
625 1184 38 8
625 1224 13 15
626 688 55 14
626 758 56 9
626 770 55 5
626 853 22 2
626 1213 13 14
628 706 59 10
628 709 4 13
628 732 4 4
628 1098 24 2
628 1135 39 3
628 1170 23 11
628 1281 34 14
628 1325 5 2
629 698 35 7
629 1017 5 11
629 1018 39 2
629 1081 40 8
630 1091 46 5
630 1233 2 2
631 636 23 3
631 770 27 8
631 1155 12 5
631 1322 19 14
632 805 19 2
632 1024 22 11
633 685 40 14
633 756 18 7
633 896 37 15
633 900 60 4
634 879 58 1
634 1099 55 1
634 1210 41 3
634 1355 10 14
635 708 6 4
635 1031 11 13
635 1280 13 15
635 1303 30 1
636 896 32 10
636 1167 38 7
636 1177 12 3
636 1220 25 8
637 988 29 5
638 670 31 13
638 920 53 5
638 1088 13 12
638 1306 29 9
639 771 18 2
639 941 7 3
639 957 31 12
640 738 1 10
641 939 27 3
642 711 43 8
642 1018 28 6
642 1159 43 1
643 752 17 9
643 849 53 13
643 920 52 1
643 1059 52 11
644 762 39 14
644 845 36 8
644 1062 46 11
644 1082 50 11
645 655 28 13
645 691 31 1
645 816 42 6
645 1342 13 1
646 742 36 8
647 774 29 3
647 964 31 4
647 1179 48 14
647 1213 23 2
647 1358 16 1
649 1022 5 2
649 1123 36 11
649 1322 52 11
650 827 17 6
650 1245 5 2
651 758 38 3
651 1032 47 12
651 1095 40 14
651 1187 33 8
652 673 10 12
652 974 14 2
653 770 51 11
653 881 19 2
653 932 56 3
653 1177 32 1
654 920 53 14
654 1001 55 4
654 1199 5 4
654 1210 22 2
654 1213 30 15
655 743 34 7
655 1214 37 4
656 961 29 3
656 1061 14 14
656 1108 52 3
656 1206 11 7
656 1219 16 5
656 1329 19 11
657 1012 48 10
658 800 45 13
658 849 12 12
658 1030 43 5
659 703 4 4
659 966 11 14
659 984 26 2
659 1041 22 13
659 1340 23 6
660 937 17 9
661 898 54 4
661 1031 26 12
661 1100 6 4
661 1103 45 4
662 1091 2 12
663 769 41 8
663 835 33 6
663 1092 50 1
663 1240 49 6
664 728 51 4
664 846 17 8
664 1138 16 13
665 1045 11 11
665 1270 26 2
666 750 19 8
666 1344 35 15
667 1038 9 14
667 1088 28 13
668 1045 35 4
669 690 12 9
669 813 16 14
669 945 24 3
669 1146 60 9
670 947 50 10
671 744 56 5
671 761 56 10
671 787 15 5
671 920 14 8
672 812 21 11
672 883 57 6
672 1033 60 3
672 1071 21 9
673 803 9 7
674 874 59 15
674 1093 26 1
674 1128 53 5
674 1130 15 5
675 728 50 6
675 977 7 2
675 1112 43 1
675 1132 41 11
675 1306 31 15
676 939 9 3
676 947 58 9
676 1058 51 8
677 780 8 12
678 722 13 4
678 745 17 4
679 963 27 11
679 1070 57 4
680 728 32 3
680 874 3 14
680 931 15 2
680 1080 59 10
680 1128 41 14
681 831 51 5
681 845 54 9
681 864 30 12
681 1188 11 8
682 698 9 9
682 1138 23 4
682 1247 43 2
682 1251 20 3
682 1351 20 2
683 794 20 14
683 1019 28 12
684 827 60 8
684 1084 8 2
684 1134 2 9
685 847 4 14
685 1325 43 9
686 840 11 8
686 949 15 11
686 1064 39 1
686 1067 25 11
686 1139 43 15
686 1200 24 10
686 1217 39 8
687 736 32 12
687 840 40 7
687 1011 60 12
687 1068 29 4
687 1115 5 15
687 1312 33 14
688 717 58 11
690 815 55 14
690 938 3 15
690 1007 52 9
691 753 34 7
692 696 54 7
692 899 7 9
692 939 9 10
692 1017 21 6
693 831 6 10
694 817 53 7
694 999 14 8
695 986 25 12
695 987 59 7
697 868 50 2
697 1041 23 9
697 1067 3 10
697 1243 19 14
697 1348 26 5
698 1242 57 1
699 916 5 15
699 1283 8 10
700 787 6 7
700 973 30 4
700 1200 48 15
700 1282 18 6
701 891 32 3
701 1323 41 4
702 847 17 3
702 889 19 9
702 908 38 13
702 1153 1 1
703 1126 13 4
704 764 57 10
705 756 43 14
706 994 3 6
706 1018 13 8
706 1179 12 3
706 1336 9 1
706 1359 22 1
707 738 13 6
707 782 9 4
707 809 50 10
707 965 42 3
708 991 14 9
708 1209 55 6
708 1266 25 4
709 712 39 3
709 767 1 5
709 1168 12 15
710 1214 32 4
711 910 2 13
711 936 31 1
711 1038 10 10
711 1085 8 14
712 721 58 7
713 1092 58 11
713 1133 56 2
714 1254 46 12
714 1276 28 7
715 1001 12 9
715 1333 44 5
715 1340 60 2
716 882 5 15
717 918 33 1
717 1113 4 5
718 1015 36 15
718 1039 9 15
718 1190 33 13
719 739 45 15
719 813 28 8
719 1360 18 1
720 870 16 5
720 954 57 12
720 973 32 14
720 983 58 10
721 800 52 4
721 835 59 9
721 1210 55 10
721 1245 20 8
721 1268 51 3
722 1288 20 10
723 875 52 12
723 898 22 3
723 1066 56 1
724 938 7 11
724 1140 41 10
724 1188 29 14
724 1319 43 7
725 773 39 1
725 1140 49 4
726 791 17 1
726 1111 6 3
726 1113 13 1
726 1217 11 2
726 1237 5 11
726 1276 34 4
727 763 33 12
727 1168 37 3
727 1241 47 8
728 949 19 12
728 1141 45 6
731 1105 11 5
732 936 8 3
732 946 6 13
733 846 55 9
733 928 46 14
733 1218 14 1
733 1225 10 14
733 1227 54 9
734 739 39 8
734 1193 9 10
734 1216 4 14
734 1248 43 7
734 1271 15 7
735 960 39 7
735 1107 43 5
735 1168 39 2
736 862 28 1
736 1347 16 1
737 783 46 9
737 856 19 1
737 1171 26 7
737 1291 41 1
738 982 56 1
738 1033 15 10
738 1136 36 10
739 751 37 6
739 975 45 2
739 1060 9 14
739 1183 16 8
740 844 46 12
740 1275 23 2
741 976 17 3
741 1094 50 5
741 1240 19 2
741 1259 25 12
742 804 2 9
742 839 36 4
742 964 5 15
742 1112 16 9
742 1197 3 5
743 847 31 12
743 918 51 8
743 931 34 11
743 1115 39 1
744 901 39 6
744 1335 37 2
745 879 16 15
745 900 57 1
745 1277 3 5
746 915 11 8
746 1319 32 3
747 854 50 8
747 1303 9 1
748 875 32 12
748 1179 14 15
748 1337 57 9
749 1025 28 14
749 1092 30 2
749 1254 1 4
750 950 10 15
750 1096 47 15
751 779 20 5
751 870 2 9
751 919 58 6
751 1116 53 1
752 1067 45 1
752 1301 33 10
752 1343 7 3
753 795 12 2
753 1014 29 10
754 961 55 4
754 1205 49 6
754 1220 8 14
755 999 50 1
755 1049 46 2
755 1157 22 3
755 1351 58 1
756 789 58 1
756 873 51 3
756 935 5 7
756 975 57 1
757 835 22 7
757 1165 53 4
757 1184 22 4
758 1159 42 3
758 1334 33 8
760 1323 10 6
762 782 57 8
762 997 53 10
762 1044 28 12
763 789 40 4
763 916 8 11
763 1033 60 4
763 1113 2 2
764 825 3 1
764 861 50 5
764 868 17 2
764 1168 2 3
765 858 47 5
765 1120 46 1
765 1161 47 9
766 878 33 9
766 959 5 12
766 1332 55 11
767 1090 44 9
767 1196 12 15
767 1207 36 3
767 1334 19 6
769 1072 35 7
769 1246 54 2
770 836 52 9
770 844 55 8
770 1057 16 13
770 1159 33 4
771 780 43 11
771 949 53 7
771 1011 27 5
771 1346 38 13
773 791 13 11
773 1249 6 7
774 859 23 12
774 1131 12 14
774 1186 41 10
775 960 18 6
775 1158 41 8
775 1251 4 10
775 1289 23 13
776 807 34 1
776 1178 19 13
776 1234 3 8
777 1015 60 10
777 1070 51 9
777 1136 4 8
777 1241 20 6
777 1318 13 11
778 1003 37 12
778 1014 58 10
778 1037 37 1
778 1207 48 15
778 1233 12 2
779 1042 49 14
779 1240 20 9
779 1316 14 8
780 803 13 5
780 947 10 4
780 948 13 6
780 1334 25 13
781 1044 56 9
781 1073 21 12
781 1292 42 8
781 1326 22 10
781 1346 43 5
782 1313 26 6
783 1161 46 15
784 1125 15 3
784 1303 32 15
785 800 60 12
785 1082 8 7
785 1106 48 5
785 1178 35 8
786 1017 12 1
786 1026 19 7
787 1012 29 14
787 1215 6 12
787 1234 10 13
788 955 22 11
788 1244 58 9
788 1250 45 11
789 907 9 2
789 909 44 12
789 992 31 15
790 1117 17 2
790 1165 28 6
790 1351 48 13
791 923 27 3
791 954 1 9
791 1214 9 13
793 900 15 8
793 1028 20 9
793 1115 42 11
793 1286 43 14
794 1048 28 1
794 1231 34 2
795 1058 52 7
795 1127 48 14
795 1155 23 12
797 837 58 4
797 1053 2 6
798 1008 29 3
798 1166 51 13
799 1186 47 5
800 1188 3 8
800 1314 15 2
801 923 43 8
801 1209 11 1
802 842 5 2
802 1020 22 10
803 864 57 9
803 1208 11 7
804 1246 5 6
804 1292 14 12
804 1303 44 10
805 1187 36 7
805 1304 25 14
806 851 11 8
807 971 18 2
808 866 21 7
808 931 29 8
809 1014 52 9
809 1161 31 13
810 994 10 10
811 820 22 7
811 999 18 7
811 1053 47 11
811 1287 53 5
813 890 3 12
813 1243 13 8
815 883 57 14
815 1301 32 5
815 1351 21 5
816 1171 39 3
816 1234 23 1
816 1325 26 8
817 827 34 14
817 829 10 7
817 1238 14 12
818 910 8 3
818 996 60 4
818 1227 57 13
819 932 20 8
821 988 13 2
821 1130 49 15
822 987 31 4
822 1130 35 8
823 1065 32 5
823 1184 9 7
824 1179 24 4
824 1244 60 9
824 1277 23 9
825 908 7 14
825 1173 44 8
825 1219 49 10
826 888 41 6
826 1181 56 6
826 1358 22 10
827 1204 43 15
828 1187 59 9
828 1341 26 10
829 885 16 15
829 1141 29 1
829 1153 17 11
829 1186 15 6
830 851 33 9
830 1037 4 12
830 1145 33 14
830 1176 14 14
830 1340 48 7
831 867 1 12
831 928 25 6
831 1038 50 15
831 1172 51 15
832 1361 43 3
833 980 1 11
833 1046 32 5
833 1052 3 7
833 1224 56 14
833 1289 7 2
833 1335 42 1
835 1134 26 1
835 1266 25 3
835 1299 50 8
836 968 32 3
836 1044 53 13
836 1132 31 10
836 1212 42 13
836 1281 52 5
837 996 47 8
837 1125 40 3
838 1175 27 5
838 1231 50 10
838 1303 44 12
840 884 40 14
840 1234 19 14
841 877 21 1
841 1332 52 7
841 1356 24 1
842 1010 18 5
842 1313 3 1
843 1119 11 4
843 1198 47 1
844 848 56 8
844 860 11 4
844 924 36 2
847 1012 14 13
848 892 18 8
848 972 43 6
848 1001 39 13
849 867 35 1
849 896 38 15
849 1301 57 2
850 901 27 14
850 1149 31 8
851 899 44 1
851 936 12 3
851 1136 22 12
852 1127 8 2
855 981 29 10
855 1074 20 8
856 973 31 10
856 1357 5 12
857 859 20 13
857 935 27 1
857 1284 54 12
858 1003 58 11
858 1077 18 8
858 1325 41 11
859 951 41 15
859 1021 47 4
859 1196 12 5
859 1248 21 9
859 1278 27 7
860 1002 7 9
861 1077 28 5
861 1211 44 9
861 1243 43 13
861 1254 7 7
861 1292 10 2
861 1299 2 4
862 996 46 12
863 951 6 1
863 1205 55 1
864 961 10 6
864 1170 28 9
865 1129 32 3
865 1277 22 12
866 957 3 2
867 1078 36 5
868 999 14 8
868 1106 4 7
868 1271 28 6
868 1320 30 3
869 983 49 14
869 1108 52 13
869 1229 21 9
869 1293 50 1
870 895 27 9
870 1026 58 10
870 1128 15 9
871 1356 29 8
872 1030 42 13
872 1058 21 3
872 1137 53 6
872 1162 56 9
872 1221 21 3
873 1113 31 1
873 1181 58 11
873 1310 15 12
873 1335 34 11
874 915 21 9
874 1120 12 11
874 1122 40 12
874 1191 23 8
875 952 1 4
876 1265 58 4
877 1000 5 6
877 1086 54 10
877 1134 10 11
877 1316 29 8
878 968 23 12
880 897 29 2
880 1077 1 9
880 1193 7 15
881 1156 54 6
881 1184 52 8
882 1086 24 5
882 1235 6 4
883 975 36 6
883 1064 35 7
884 1084 30 6
884 1101 38 4
884 1199 7 7
884 1270 31 7
884 1341 19 10
885 1118 41 11
885 1208 31 9
886 919 40 3
886 924 31 8
886 977 35 13
886 1278 15 3
886 1357 26 9
888 947 42 2
888 1002 52 15
888 1082 46 3
889 912 36 11
890 964 36 10
890 1102 21 1
894 1215 39 4
895 898 34 6
896 1240 27 5
896 1314 45 12
897 1163 32 12
898 1321 55 5
900 1074 40 5
900 1118 51 6
901 919 6 5
901 1017 32 10
901 1030 60 12
901 1147 37 5
901 1299 20 2
902 915 32 3
902 1052 7 13
903 963 33 11
903 969 23 3
903 1106 57 3
903 1248 44 12
904 956 20 12
904 1242 54 5
905 1325 1 11
908 936 60 2
908 979 22 13
908 1189 53 1
908 1295 48 13
908 1304 60 2
908 1318 16 15
909 972 58 11
909 1128 55 1
909 1164 20 7
909 1214 16 5
909 1326 8 5
910 1034 27 4
911 1329 10 14
912 1007 34 3
912 1085 60 8
912 1291 19 9
913 992 26 1
913 1083 42 14
914 1261 28 2
915 916 12 1
915 1143 27 9
917 1047 6 11
918 1137 33 3
918 1142 52 15
919 1193 21 10
921 939 17 6
921 1112 46 11
922 1126 23 4
922 1214 7 4
923 957 44 5
923 983 38 5
923 1053 22 14
923 1073 56 2
923 1082 8 15
924 1028 60 15
924 1052 49 12
925 1090 38 9
925 1238 36 1
926 1053 32 4
926 1297 15 5
927 1222 23 2
928 1235 55 2
929 1024 33 5
929 1306 60 4
930 941 16 13
930 1121 7 6
931 1039 26 5
932 1130 58 1
932 1135 16 15
932 1226 13 5
935 1080 49 7
935 1295 45 14
935 1321 28 4
936 971 21 7
936 1167 18 7
936 1207 50 5
936 1263 49 7
937 1346 39 3
938 1056 11 15
938 1327 10 6
939 1078 11 12
940 999 34 2
941 1075 42 6
942 1061 28 3
942 1181 41 10
942 1255 23 1
942 1299 45 15
943 1012 1 2
943 1133 29 7
943 1135 26 6
944 1035 17 13
944 1233 21 4
945 1219 35 14
945 1224 47 9
948 1314 38 9
949 962 30 12
949 1144 58 2
949 1205 11 14
950 1146 5 12
950 1199 9 13
951 995 29 15
951 1064 20 13
951 1097 14 9
951 1300 14 2
952 1145 9 14
953 1063 1 14
953 1307 41 8
953 1340 32 15
955 986 20 11
956 1190 17 7
957 1022 33 14
958 1259 54 14
958 1296 23 15
959 1205 3 14
960 1065 9 9
960 1179 24 7
962 996 59 6
962 1285 46 2
962 1306 59 1
964 1069 3 6
964 1255 20 7
964 1325 48 1
965 1067 53 10
965 1214 25 10
965 1302 48 9
966 1083 34 10
967 1018 57 10
967 1021 11 5
967 1035 60 15
968 1000 28 8
969 1125 33 10
970 1178 5 2
970 1282 13 5
971 1232 45 2
972 990 43 11
972 1222 33 13
974 1108 54 9
975 1150 16 10
975 1338 8 12
976 1041 55 15
977 1262 41 13
978 1338 30 5
979 1030 47 14
979 1079 18 11
980 1258 32 10
982 1023 41 9
982 1100 39 10
983 1241 38 6
983 1252 45 14
983 1349 51 4
984 1307 22 3
985 1009 15 15
985 1216 5 6
986 1101 29 11
986 1147 17 15
986 1162 25 5
987 1105 13 11
988 1157 45 14
989 1104 60 14
989 1115 32 12
990 1069 7 15
992 1295 39 7
993 1038 39 13
995 1211 2 2
995 1283 35 14
995 1350 42 6
996 1160 16 12
997 1238 7 6
998 1299 34 7
999 1283 53 13
1000 1044 12 15
1000 1192 25 13
1000 1249 43 11
1000 1264 15 2
1001 1215 34 7
1001 1322 34 10
1003 1192 32 6
1004 1121 51 7
1005 1029 7 3
1005 1168 8 10
1006 1018 41 3
1006 1183 44 3
1007 1063 55 11
1007 1139 4 1
1007 1186 11 9
1007 1240 15 3
1007 1337 5 12
1008 1328 49 5
1009 1157 6 13
1009 1175 26 14
1009 1264 36 10
1010 1179 13 9
1010 1206 37 3
1010 1287 17 14
1011 1088 2 15
1012 1344 27 14
1013 1064 58 13
1013 1090 3 15
1013 1173 29 15
1013 1323 12 10
1014 1271 19 14
1015 1178 7 6
1017 1140 31 9
1017 1278 40 10
1018 1224 24 1
1019 1209 47 15
1019 1287 58 9
1020 1311 36 12
1020 1349 29 15
1023 1055 28 9
1025 1082 4 1
1025 1136 53 5
1026 1056 28 13
1029 1237 26 11
1030 1235 13 14
1030 1270 5 15
1031 1197 37 2
1032 1237 6 8
1032 1249 52 11
1034 1342 59 13
1035 1137 44 11
1035 1233 53 10
1035 1257 34 5
1038 1205 30 8
1039 1336 39 13
1040 1300 7 14
1040 1315 60 13
1041 1049 6 4
1041 1128 31 3
1042 1161 28 11
1042 1260 19 6
1044 1289 28 12
1045 1241 16 10
1046 1154 1 5
1046 1323 11 9
1048 1226 2 11
1048 1296 16 12
1049 1069 25 3
1049 1226 58 10
1049 1256 3 9
1050 1067 28 11
1050 1073 13 8
1050 1143 22 2
1052 1080 25 1
1052 1238 4 10
1053 1098 33 3
1053 1174 36 3
1056 1346 4 10
1057 1205 45 11
1057 1260 36 2
1058 1263 27 15
1059 1217 24 3
1061 1062 6 4
1061 1266 23 14
1062 1148 35 15
1062 1164 2 8
1063 1231 31 5
1064 1147 2 1
1065 1115 37 11
1066 1102 40 15
1067 1069 44 8
1068 1074 38 10
1069 1199 42 10
1069 1309 13 2
1070 1119 15 11
1070 1312 1 1
1072 1284 48 6
1074 1222 44 4
1074 1299 48 7
1075 1107 3 14
1076 1316 17 3
1077 1117 54 5
1078 1147 18 14
1078 1252 37 9
1078 1326 53 12
1081 1166 21 12
1083 1129 16 5
1083 1214 25 11
1083 1318 35 10
1083 1321 27 7
1084 1224 36 2
1086 1303 47 14
1087 1345 56 11
1088 1174 11 5
1088 1197 27 2
1089 1321 55 6
1089 1323 19 10
1089 1331 51 6
1089 1357 43 2
1089 1361 8 12
1090 1160 37 4
1090 1344 22 12
1091 1150 26 13
1091 1274 39 3
1093 1112 25 8
1094 1333 34 7
1095 1334 57 2
1095 1338 43 2
1095 1348 26 6
1096 1163 58 2
1097 1164 31 15
1099 1111 48 6
1099 1174 17 14
1099 1331 43 15
1100 1303 20 12
1101 1112 2 12
1101 1357 2 12
1102 1139 15 13
1104 1126 11 1
1106 1193 55 15
1106 1266 28 4
1108 1265 24 3
1108 1335 51 1
1109 1226 22 5
1110 1249 18 9
1111 1307 1 12
1112 1288 43 3
1112 1312 49 3
1114 1159 8 14
1114 1321 42 1
1116 1139 10 13
1117 1170 36 11
1118 1262 21 8
1119 1183 29 6
1119 1249 55 5
1120 1237 51 9
1121 1274 27 5
1122 1303 17 9
1122 1350 31 4
1125 1169 39 1
1126 1143 37 1
1128 1359 31 4
1130 1227 48 13
1131 1282 52 3
1132 1230 15 13
1135 1265 54 11
1138 1349 45 3
1139 1327 13 10
1141 1227 13 6
1142 1162 24 8
1142 1349 17 10
1143 1347 20 4
1144 1211 17 8
1144 1358 44 7
1144 1360 2 5
1145 1324 11 12
1146 1343 6 6
1147 1148 33 14
1147 1151 11 11
1147 1279 10 5
1148 1220 18 15
1148 1230 55 14
1148 1329 33 13
1149 1277 4 14
1149 1299 23 13
1150 1182 51 2
1152 1173 59 7
1155 1214 50 14
1156 1343 39 6
1157 1165 40 8
1157 1236 59 13
1158 1261 53 15
1160 1262 29 13
1160 1356 56 12
1161 1337 18 12
1166 1183 32 13
1168 1184 39 15
1169 1275 1 5
1170 1214 58 14
1171 1276 14 1
1174 1280 9 4
1175 1335 22 9
1178 1294 19 14
1183 1226 34 3
1183 1276 25 6
1184 1349 40 3
1186 1230 27 3
1187 1246 40 15
1188 1216 52 11
1188 1287 6 3
1189 1245 44 7
1190 1288 38 2
1192 1246 39 9
1195 1242 43 7
1195 1248 57 13
1195 1262 3 15
1195 1289 28 1
1196 1342 31 10
1198 1334 58 12
1202 1223 14 9
1204 1312 45 14
1206 1348 6 2
1209 1292 43 4
1209 1355 37 7
1210 1332 23 12
1212 1326 10 13
1213 1252 26 14
1214 1215 49 4
1218 1299 10 15
1219 1299 42 10
1220 1350 33 7
1221 1292 40 14
1221 1350 44 8
1224 1258 57 1
1226 1355 20 10
1227 1300 26 6
1229 1242 44 11
1231 1262 21 11
1231 1347 20 10
1233 1259 44 6
1236 1270 22 3
1236 1284 59 10
1237 1324 46 1
1238 1280 10 11
1242 1266 13 15
1247 1294 43 11
1249 1292 37 8
1249 1342 18 6
1251 1289 1 7
1259 1318 34 2
1263 1282 42 3
1263 1358 39 1
1266 1332 37 4
1271 1322 30 6
1273 1355 35 14
1278 1309 44 2
1286 1352 5 14
1289 1302 39 2
1290 1308 20 2
1297 1358 14 11
1304 1312 47 14
1304 1323 34 12
1309 1359 25 6
1310 1320 52 7
1310 1325 59 8
1311 1320 4 6
1312 1322 4 7
1314 1321 54 9
1319 1357 19 13
1325 1354 51 1
1331 1361 36 11
1332 1335 32 1
1332 1356 55 3

0 26 31
1 43 43
2 44 8
3 57 29
4 77 45
5 83 19
6 87 37
7 90 29
8 98 34
9 104 24
10 109 23
11 113 22
12 129 35
13 133 25
14 143 24
15 152 36
16 164 24
17 172 33
18 181 47
19 183 22
20 194 40
21 197 33
22 209 20
23 210 10
24 226 20
25 228 34
26 249 21
27 257 30
28 259 4
29 265 44
30 266 49
31 271 50
32 278 29
33 282 30
34 288 23
35 329 40
36 345 4
37 357 45
38 360 21
39 374 31
40 393 8
41 396 30
42 413 39
43 434 44
44 435 46
45 440 49
46 447 5
47 459 22
48 467 25
49 489 39
50 497 30
51 500 21
52 508 31
53 509 40
54 510 17
55 544 28
56 548 50
57 549 43
58 561 8
59 562 33
60 591 14
61 614 9
62 627 48
63 630 5
64 631 37
65 632 2
66 655 19
67 674 5
68 675 37
69 689 35
70 693 5
71 696 4
72 699 27
73 707 26
74 709 49
75 719 30
76 726 38
77 752 29
78 755 49
79 769 7
80 773 47
81 800 28
82 818 4
83 837 44
84 856 3
85 873 1
86 875 26
87 877 22
88 886 20
89 896 20
90 917 30
91 918 14
92 937 13
93 947 29
94 980 18
95 987 14
96 995 38
97 1004 7
98 1035 50
99 1040 34
100 1042 44
101 1044 32
102 1057 10
103 1058 16
104 1065 22
105 1068 46
106 1071 15
107 1075 14
108 1105 7
109 1107 16
110 1114 34
111 1122 19
112 1135 32
113 1138 17
114 1149 37
115 1156 10
116 1157 7
117 1172 6
118 1179 17
119 1185 35
120 1194 20
121 1216 49
122 1220 31
123 1250 15
124 1259 3
125 1262 48
126 1263 27
127 1267 34
128 1270 45
129 1274 27
130 1282 23
131 1290 22
132 1299 11
133 1300 28
134 1337 14
135 1348 5
