1562 4697 156 5

0 30 1388
1 60 2820
2 90 4294
3 120 5813
4 150 7378

0 12302
1 10931
2 11959
3 9471
4 10394
5 10946
6 15274
7 10621
8 12292
9 11559
10 9868
11 14169
12 13740
13 11654
14 8846
15 13964
16 14358
17 11240
18 15429
19 10803
20 9099
21 16204
22 13218
23 14916
24 13053
25 13973
26 15445
27 12033
28 9763
29 12258
30 13888
31 12998
32 15002
33 13098
34 15060
35 13631
36 11185
37 12277
38 13024
39 11803
40 13366
41 14982
42 14891
43 8966
44 12545
45 14184
46 13486
47 17197
48 13697
49 11705
50 13033
51 11379
52 14455
53 11711
54 10143
55 10522
56 12101
57 13693
58 13375
59 12882
60 13034
61 11793
62 14976
63 13340
64 10445
65 15722
66 14909
67 9159
68 17588
69 15809
70 11280
71 13110
72 8191
73 15147
74 12581
75 14702
76 12632
77 15246
78 7417
79 7020
80 11049
81 13466
82 12697
83 9718
84 15285
85 10258
86 15186
87 15550
88 16434
89 13623
90 12484
91 16713
92 11426
93 17069
94 9179
95 11175
96 10081
97 10803
98 18143
99 13846
100 12654
101 14248
102 8933
103 13523
104 9052
105 16245
106 12009
107 12734
108 8027
109 13821
110 14225
111 7365
112 11340
113 13828
114 14174
115 14607
116 11694
117 13056
118 13224
119 10035
120 13771
121 11991
122 7601
123 11991
124 11871
125 15355
126 13095
127 10627
128 14720
129 14658
130 16813
131 14754
132 13341
133 6649
134 16032
135 9662
136 11064
137 15731
138 11275
139 13373
140 13189
141 15375
142 11077
143 11982
144 14889
145 14990
146 12221
147 10610
148 12779
149 9892
150 14276
151 17767
152 10903
153 10915
154 11808
155 19250
156 12336
157 13539
158 8742
159 13118
160 10783
161 14487
162 12154
163 13358
164 14920
165 11036
166 14652
167 11829
168 10288
169 10353
170 12546
171 11664
172 13640
173 10755
174 7897
175 12757
176 13472
177 13666
178 13843
179 10235
180 12328
181 12976
182 13056
183 13790
184 11638
185 13852
186 11896
187 9473
188 10436
189 12283
190 13234
191 13770
192 13199
193 13255
194 16346
195 13355
196 9441
197 17075
198 11192
199 11216
200 13992
201 15889
202 11371
203 11971
204 13967
205 12485
206 13873
207 13419
208 11140
209 11154
210 12896
211 15170
212 11326
213 13813
214 13903
215 11327
216 9402
217 16725
218 10826
219 12902
220 11104
221 13835
222 15855
223 11931
224 10373
225 12421
226 12898
227 13373
228 8166
229 10091
230 10385
231 13039
232 12462
233 8786
234 13725
235 14879
236 12670
237 13074
238 12255
239 14807
240 13245
241 11445
242 12265
243 8893
244 13871
245 9969
246 15705
247 14140
248 13467
249 12993
250 12817
251 13436
252 12659
253 11402
254 13348
255 13552
256 11585
257 11824
258 11645
259 10543
260 11703
261 15051
262 10972
263 11720
264 11788
265 15943
266 12521
267 15624
268 9492
269 11860
270 12420
271 12998
272 11134
273 12359
274 10947
275 11201
276 8023
277 12149
278 13059
279 13821
280 14240
281 12588
282 13586
283 13995
284 12814
285 12226
286 11130
287 13801
288 12996
289 8500
290 9966
291 10109
292 11424
293 13709
294 15394
295 14695
296 15341
297 13812
298 7851
299 16814
300 12506
301 9621
302 14010
303 8608
304 10978
305 10526
306 8751
307 15824
308 14615
309 14226
310 13204
311 11566
312 10447
313 10235
314 15298
315 14403
316 15700
317 11868
318 13234
319 12895
320 11947
321 12606
322 14313
323 14427
324 11880
325 16062
326 14223
327 9614
328 16000
329 14064
330 11430
331 15494
332 13041
333 10313
334 12311
335 12922
336 11904
337 12937
338 13269
339 15419
340 15102
341 12337
342 12222
343 14877
344 14073
345 11563
346 11359
347 15703
348 8769
349 9191
350 16080
351 16914
352 12422
353 14743
354 12316
355 15430
356 16457
357 14544
358 13847
359 12703
360 9046
361 13243
362 11579
363 12178
364 13206
365 11857
366 8718
367 15012
368 18463
369 8781
370 14157
371 10758
372 13366
373 10784
374 11527
375 10564
376 12454
377 12235
378 10140
379 11473
380 13450
381 9299
382 11084
383 14988
384 12696
385 13867
386 15824
387 16394
388 11478
389 15255
390 9494
391 11194
392 15840
393 15015
394 11344
395 13947
396 10860
397 14337
398 16415
399 18863
400 16077
401 7621
402 12987
403 11840
404 12952
405 12441
406 13060
407 11939
408 16131
409 12882
410 16580
411 12611
412 13689
413 11305
414 15065
415 15351
416 12804
417 14201
418 17787
419 13202
420 17467
421 10685
422 11547
423 7091
424 12252
425 13649
426 12869
427 21431
428 12916
429 13288
430 9752
431 11499
432 13468
433 11971
434 10818
435 14585
436 12339
437 10719
438 12953
439 13380
440 10695
441 9141
442 12289
443 10496
444 13544
445 14945
446 10973
447 13906
448 10964
449 12704
450 14176
451 13907
452 13139
453 14897
454 10980
455 16384
456 13159
457 12869
458 8656
459 14270
460 17491
461 13306
462 12457
463 13679
464 13097
465 12837
466 13081
467 15972
468 13187
469 12502
470 15808
471 12023
472 11820
473 12815
474 14133
475 11314
476 8205
477 11866
478 13730
479 16227
480 17336
481 10503
482 12993
483 13134
484 15191
485 9623
486 13716
487 13652
488 12311
489 12513
490 11505
491 13078
492 13601
493 12805
494 14236
495 14432
496 14159
497 12054
498 11342
499 13800
500 9541
501 16313
502 11784
503 12122
504 16017
505 11942
506 11101
507 12353
508 16473
509 7852
510 9524
511 13529
512 12309
513 14248
514 13510
515 11331
516 15081
517 9210
518 12224
519 11363
520 7764
521 12174
522 10411
523 14319
524 14472
525 13334
526 16180
527 11814
528 15505
529 12007
530 9816
531 13833
532 15706
533 12614
534 14693
535 12430
536 10471
537 13616
538 12971
539 11946
540 15351
541 15579
542 14807
543 13841
544 12040
545 17977
546 10801
547 9599
548 13012
549 12084
550 10603
551 9751
552 16317
553 9448
554 11493
555 15362
556 12126
557 15206
558 11501
559 17415
560 17358
561 12344
562 14387
563 14593
564 14159
565 11522
566 11477
567 12199
568 15237
569 14233
570 12821
571 8888
572 12309
573 15801
574 11189
575 10861
576 17109
577 12647
578 12202
579 11531
580 12888
581 12107
582 13286
583 12679
584 13460
585 12087
586 13480
587 14917
588 13428
589 16064
590 13136
591 14831
592 14669
593 13561
594 16396
595 8679
596 13570
597 11651
598 15898
599 14961
600 16215
601 13231
602 13615
603 10056
604 12291
605 11503
606 18219
607 14062
608 12802
609 8394
610 14070
611 12163
612 16473
613 13740
614 13543
615 8984
616 12927
617 14598
618 14157
619 13051
620 14593
621 15839
622 9610
623 11321
624 12157
625 12973
626 9531
627 14192
628 11003
629 9983
630 14096
631 10547
632 12432
633 15062
634 12324
635 11156
636 12799
637 14780
638 13650
639 12500
640 18009
641 12599
642 9760
643 13447
644 11346
645 14405
646 16993
647 11912
648 11071
649 14824
650 11031
651 10861
652 15983
653 11223
654 10764
655 10955
656 16318
657 11415
658 14056
659 15756
660 12201
661 11627
662 13096
663 16244
664 11451
665 12074
666 11997
667 10673
668 16576
669 14752
670 11709
671 12400
672 11978
673 15589
674 10251
675 10961
676 16729
677 11870
678 8952
679 14294
680 12096
681 8968
682 13372
683 12567
684 8692
685 11581
686 14886
687 12597
688 12269
689 15890
690 13368
691 12778
692 14038
693 11678
694 12597
695 10215
696 12910
697 10938
698 12700
699 13358
700 12630
701 11534
702 9062
703 11265
704 13511
705 7878
706 13873
707 9626
708 13659
709 12800
710 13114
711 12450
712 9592
713 11613
714 9891
715 13514
716 11469
717 11615
718 12815
719 12652
720 9251
721 15217
722 12683
723 12425
724 11149
725 10235
726 8894
727 12038
728 12240
729 13106
730 12546
731 12224
732 11164
733 14630
734 16658
735 12876
736 13063
737 13758
738 12471
739 11427
740 8216
741 14602
742 10923
743 17401
744 13673
745 13839
746 12658
747 14557
748 12829
749 17543
750 16996
751 12212
752 12269
753 10664
754 14261
755 13803
756 13214
757 10935
758 12330
759 12660
760 9313
761 13190
762 18356
763 13742
764 12400
765 15175
766 12026
767 14566
768 10131
769 12377
770 11537
771 14398
772 11068
773 15011
774 10581
775 14762
776 13499
777 14560
778 12201
779 11109
780 14727
781 10416
782 15526
783 9718
784 15010
785 15652
786 16343
787 17407
788 15335
789 17995
790 13290
791 12478
792 10882
793 11892
794 13391
795 10035
796 15598
797 8954
798 14199
799 12566
800 15197
801 9932
802 14082
803 12656
804 12712
805 11309
806 10676
807 16258
808 14326
809 12131
810 12192
811 11773
812 15034
813 12532
814 13523
815 11596
816 12648
817 11861
818 10029
819 15109
820 12349
821 14304
822 13462
823 11843
824 11654
825 12273
826 13948
827 11110
828 14737
829 10717
830 14492
831 12888
832 16839
833 13679
834 13772
835 7536
836 13290
837 14890
838 14357
839 13467
840 15118
841 15311
842 13962
843 11726
844 12647
845 12872
846 13444
847 14831
848 14016
849 15922
850 14825
851 15369
852 12212
853 11892
854 13028
855 12370
856 10046
857 16144
858 13881
859 13380
860 12245
861 14079
862 11157
863 14560
864 14429
865 11465
866 11940
867 10988
868 12378
869 16813
870 12927
871 13902
872 15881
873 13423
874 11014
875 7575
876 9729
877 16750
878 10721
879 17421
880 16998
881 15161
882 14678
883 12570
884 14685
885 15432
886 11700
887 16246
888 8808
889 13328
890 13775
891 13989
892 12376
893 9785
894 13690
895 17319
896 11470
897 13651
898 16379
899 14457
900 11651
901 9011
902 12505
903 13721
904 11396
905 10823
906 9870
907 10882
908 13927
909 12721
910 14444
911 16181
912 17238
913 12234
914 12806
915 13750
916 9982
917 9555
918 12510
919 16132
920 12569
921 15420
922 12617
923 9162
924 13769
925 17116
926 11856
927 8628
928 10348
929 12636
930 15378
931 14696
932 13785
933 11189
934 13086
935 12424
936 17750
937 13136
938 13450
939 13033
940 17629
941 12581
942 14258
943 11920
944 15526
945 14494
946 12421
947 12695
948 11800
949 14501
950 12628
951 10965
952 14549
953 12065
954 9938
955 9944
956 14129
957 11394
958 10037
959 10608
960 12062
961 10174
962 16387
963 13306
964 12181
965 14246
966 13997
967 14011
968 14356
969 12794
970 13634
971 16052
972 12772
973 13188
974 11448
975 16032
976 11236
977 11390
978 16196
979 14465
980 13399
981 14025
982 14202
983 8613
984 15767
985 14421
986 11774
987 15119
988 12395
989 14604
990 10491
991 14684
992 14765
993 12207
994 14169
995 14736
996 12767
997 12873
998 14766
999 14396
1000 9340
1001 14028
1002 14338
1003 12284
1004 13325
1005 13977
1006 16721
1007 14080
1008 10123
1009 15173
1010 11697
1011 15290
1012 13438
1013 11897
1014 11749
1015 12125
1016 9401
1017 12298
1018 10698
1019 9371
1020 7397
1021 10859
1022 12416
1023 10748
1024 14437
1025 11012
1026 11300
1027 15917
1028 16816
1029 12659
1030 11008
1031 11562
1032 10852
1033 12636
1034 9485
1035 10877
1036 13040
1037 11998
1038 14019
1039 10396
1040 11811
1041 13574
1042 12029
1043 10209
1044 12559
1045 13978
1046 9137
1047 11842
1048 13537
1049 11101
1050 11348
1051 13911
1052 15828
1053 9934
1054 14858
1055 13129
1056 12423
1057 9117
1058 13737
1059 17398
1060 14231
1061 13403
1062 12599
1063 13999
1064 9557
1065 11276
1066 12798
1067 14685
1068 12138
1069 15453
1070 13566
1071 12264
1072 9257
1073 12327
1074 11617
1075 12346
1076 11118
1077 11253
1078 11553
1079 10110
1080 13720
1081 15234
1082 11154
1083 11041
1084 10476
1085 13022
1086 13441
1087 11859
1088 11948
1089 13638
1090 13783
1091 12406
1092 13980
1093 12280
1094 12012
1095 14595
1096 12042
1097 16363
1098 12158
1099 9467
1100 10069
1101 11174
1102 14719
1103 17154
1104 10972
1105 13929
1106 9999
1107 13395
1108 13514
1109 15739
1110 11016
1111 12687
1112 13245
1113 15291
1114 13799
1115 8483
1116 16191
1117 17699
1118 15471
1119 13625
1120 10177
1121 12404
1122 12194
1123 15468
1124 16100
1125 10969
1126 16657
1127 12006
1128 12775
1129 9416
1130 11636
1131 13562
1132 12414
1133 16120
1134 14351
1135 12867
1136 14783
1137 15711
1138 7209
1139 9058
1140 11364
1141 16548
1142 11167
1143 11979
1144 13392
1145 13010
1146 11846
1147 18652
1148 12164
1149 13760
1150 12601
1151 12183
1152 11658
1153 13496
1154 13506
1155 13387
1156 9004
1157 9215
1158 12271
1159 15025
1160 13511
1161 11596
1162 8107
1163 11491
1164 16365
1165 12933
1166 14012
1167 12895
1168 9135
1169 13807
1170 13412
1171 13506
1172 11158
1173 8794
1174 8813
1175 13990
1176 11462
1177 11656
1178 9041
1179 11713
1180 9258
1181 12321
1182 14149
1183 11070
1184 10296
1185 9094
1186 16464
1187 13124
1188 12727
1189 12643
1190 12689
1191 16947
1192 13124
1193 14839
1194 12580
1195 11490
1196 10871
1197 14264
1198 13576
1199 14198
1200 13501
1201 10543
1202 11381
1203 12405
1204 15081
1205 12187
1206 11841
1207 15907
1208 11629
1209 12432
1210 12698
1211 10440
1212 10518
1213 10172
1214 12992
1215 12789
1216 13926
1217 10205
1218 16766
1219 13010
1220 14209
1221 10233
1222 13402
1223 13018
1224 13198
1225 12467
1226 12648
1227 13120
1228 16531
1229 15184
1230 12762
1231 12756
1232 15113
1233 12722
1234 14985
1235 11611
1236 12504
1237 12033
1238 13261
1239 11951
1240 14072
1241 12396
1242 15305
1243 18036
1244 11697
1245 11897
1246 10831
1247 12550
1248 12915
1249 12497
1250 14576
1251 13231
1252 12777
1253 14069
1254 11583
1255 12061
1256 9430
1257 11943
1258 13182
1259 10486
1260 11269
1261 15171
1262 12524
1263 13227
1264 11846
1265 13156
1266 15267
1267 16477
1268 14955
1269 13505
1270 12412
1271 11744
1272 16679
1273 14545
1274 12367
1275 11092
1276 12776
1277 16046
1278 13713
1279 13798
1280 13155
1281 13594
1282 14091
1283 13876
1284 13550
1285 13801
1286 13020
1287 12969
1288 11496
1289 9461
1290 10467
1291 11517
1292 13669
1293 15349
1294 12996
1295 13645
1296 12715
1297 13115
1298 11391
1299 12196
1300 13764
1301 17717
1302 14354
1303 11361
1304 14434
1305 13525
1306 14683
1307 12540
1308 15407
1309 12846
1310 16658
1311 14016
1312 14104
1313 14486
1314 11631
1315 14802
1316 13326
1317 9804
1318 12413
1319 11615
1320 9242
1321 12128
1322 16938
1323 14751
1324 16878
1325 15221
1326 10294
1327 12339
1328 11484
1329 13671
1330 14946
1331 10231
1332 12941
1333 13948
1334 13987
1335 8535
1336 12692
1337 9946
1338 14810
1339 13038
1340 10364
1341 14822
1342 13412
1343 14276
1344 13647
1345 14609
1346 12192
1347 14440
1348 13682
1349 14738
1350 10976
1351 11770
1352 10204
1353 14081
1354 10980
1355 12729
1356 10801
1357 13257
1358 12783
1359 16558
1360 9278
1361 11841
1362 10029
1363 11859
1364 14081
1365 10684
1366 10320
1367 15207
1368 15007
1369 17693
1370 11315
1371 15731
1372 12409
1373 10700
1374 12774
1375 13895
1376 12894
1377 12709
1378 14129
1379 11590
1380 17203
1381 14064
1382 14823
1383 10367
1384 17763
1385 10612
1386 12123
1387 12102
1388 15049
1389 11864
1390 12655
1391 17371
1392 10844
1393 9073
1394 13546
1395 10302
1396 11379
1397 15340
1398 14313
1399 12980
1400 10352
1401 12024
1402 12530
1403 11519
1404 13183
1405 10248
1406 16797
1407 13472
1408 12031
1409 13995
1410 10374
1411 11969
1412 15398
1413 13764
1414 12880
1415 13315
1416 17537
1417 14169
1418 11350
1419 8535
1420 12480
1421 10636
1422 17815
1423 12744
1424 12240
1425 13459
1426 14470
1427 14439
1428 13523
1429 10341
1430 10296
1431 13088
1432 12877
1433 11824
1434 14223
1435 12116
1436 14483
1437 14832
1438 8349
1439 19267
1440 12761
1441 13538
1442 12564
1443 13372
1444 10076
1445 10778
1446 10744
1447 12260
1448 11770
1449 14017
1450 12063
1451 10064
1452 13166
1453 14289
1454 13871
1455 16493
1456 10266
1457 17066
1458 11156
1459 15219
1460 12644
1461 10258
1462 13325
1463 13289
1464 11411
1465 9295
1466 11239
1467 12688
1468 12979
1469 11561
1470 12429
1471 8570
1472 12550
1473 12810
1474 15857
1475 15559
1476 12146
1477 12915
1478 11858
1479 13209
1480 12939
1481 12894
1482 11858
1483 14351
1484 13270
1485 13822
1486 7628
1487 13502
1488 16231
1489 11994
1490 9026
1491 10162
1492 11973
1493 12396
1494 11470
1495 13085
1496 16529
1497 8567
1498 15588
1499 10671
1500 12774
1501 7758
1502 11590
1503 10092
1504 13723
1505 13965
1506 12870
1507 15551
1508 12604
1509 9163
1510 9296
1511 11012
1512 14831
1513 15301
1514 15060
1515 14346
1516 11753
1517 14393
1518 9780
1519 12296
1520 13056
1521 9358
1522 13857
1523 11273
1524 12123
1525 9880
1526 17292
1527 14266
1528 14910
1529 16179
1530 11257
1531 12415
1532 11082
1533 10625
1534 13428
1535 11220
1536 16056
1537 13431
1538 14413
1539 13921
1540 13639
1541 14779
1542 11232
1543 12170
1544 11610
1545 13943
1546 10295
1547 17196
1548 11521
1549 9681
1550 14064
1551 15208
1552 12865
1553 11581
1554 15097
1555 14597
1556 12612
1557 16191
1558 12913
1559 13890
1560 10314
1561 16431

0 199 5 8
0 300 53 12
0 614 21 14
0 689 20 13
0 708 9 12
0 992 40 4
0 1143 49 11
0 1156 52 13
0 1192 39 9
0 1312 12 3
1 199 8 14
1 300 12 3
1 363 51 9
1 419 14 7
1 614 34 7
1 708 30 13
1 767 25 1
1 1143 51 15
1 1156 35 13
1 1163 37 1
1 1192 15 5
1 1296 17 6
1 1312 60 10
1 1463 21 1
2 128 34 15
2 199 54 11
2 220 19 5
2 300 57 12
2 614 38 12
2 708 51 4
2 725 14 10
2 746 20 5
2 856 29 2
2 1143 10 13
2 1156 45 13
2 1188 49 10
2 1192 24 8
2 1257 41 11
2 1312 53 7
2 1544 15 10
3 655 55 14
3 820 14 4
3 1386 29 9
3 1395 35 4
4 816 45 12
4 885 13 13
4 896 14 4
4 1015 48 10
4 1309 40 14
4 1337 53 6
4 1397 10 8
5 349 31 6
5 352 27 3
5 366 1 11
5 445 6 5
5 465 1 8
5 732 26 13
5 924 16 15
5 1520 56 6
6 36 15 13
7 883 56 15
7 934 40 4
7 1440 51 13
7 1460 19 9
8 135 30 1
8 630 16 3
8 1524 23 12
9 689 33 4
9 833 44 12
9 1195 45 2
10 13 34 7
10 330 22 4
10 341 43 7
10 354 11 13
10 480 9 1
10 861 19 15
10 1470 47 3
11 226 54 3
11 569 17 14
11 1253 3 13
12 554 16 9
12 579 17 9
12 677 16 7
12 815 52 8
12 935 16 14
13 279 21 5
13 538 32 9
13 685 4 9
13 701 56 7
13 845 55 3
13 933 41 12
13 1194 8 7
13 1402 39 4
14 17 42 2
14 195 9 7
14 678 18 1
14 841 26 9
14 912 53 15
15 641 27 6
15 953 12 9
15 1091 47 1
15 1186 30 8
15 1260 29 13
16 106 18 4
16 354 3 1
16 383 10 11
16 534 37 2
16 584 40 4
16 956 17 15
16 1083 39 13
16 1516 33 13
16 1532 48 14
16 1554 57 3
17 357 53 2
17 480 8 5
17 489 36 10
17 545 3 7
17 573 43 12
17 889 55 10
17 1381 20 8
17 1397 37 4
17 1403 38 5
17 1492 14 5
17 1519 35 10
17 1546 10 4
18 80 55 3
18 710 60 2
18 854 40 8
18 1112 45 11
18 1129 1 2
18 1144 56 4
18 1444 55 4
19 588 10 6
19 933 7 11
19 1015 9 10
19 1194 51 8
19 1305 29 8
20 459 55 13
20 684 46 4
20 716 18 6
20 1031 6 8
20 1252 11 7
21 277 29 4
21 335 16 11
21 778 48 9
21 825 4 5
21 1329 2 11
21 1368 53 3
22 523 40 7
22 679 51 11
22 743 43 12
22 796 35 10
22 819 22 14
22 1023 11 10
22 1350 30 14
22 1390 46 5
22 1499 18 8
23 292 24 1
23 1109 32 10
23 1197 43 1
23 1247 31 14
23 1281 53 1
24 122 46 4
24 320 42 8
24 872 60 6
24 1233 13 3
24 1355 2 2
24 1448 56 13
24 1472 17 11
25 257 47 11
25 572 31 1
25 663 51 8
25 691 35 8
25 857 31 6
26 710 4 11
26 730 4 4
26 798 40 6
26 974 2 10
27 207 2 7
27 327 23 9
27 725 59 12
27 782 14 2
27 1180 23 4
27 1279 11 2
28 1296 25 3
28 1479 39 9
28 1528 53 5
29 315 12 13
29 325 60 10
29 568 45 9
29 784 8 13
29 916 44 8
29 1252 36 11
30 162 45 6
30 363 10 13
30 365 58 7
30 445 21 3
30 485 36 15
30 629 7 10
30 650 43 9
30 962 14 2
30 1529 53 12
31 311 13 5
31 603 36 7
31 738 2 14
31 743 12 15
31 1096 26 14
31 1197 37 9
31 1354 9 13
32 60 19 2
32 73 10 10
32 239 32 5
32 353 4 11
32 417 4 14
32 788 29 5
32 905 58 15
32 1000 2 9
32 1167 48 13
33 141 57 13
33 265 25 6
33 421 24 15
33 605 25 5
33 1560 4 10
34 177 33 9
34 362 40 13
35 36 53 7
35 147 58 4
35 604 50 9
35 908 37 12
35 1429 50 13
36 85 54 11
36 401 19 5
36 462 19 7
36 545 36 12
36 752 51 5
36 1006 9 15
36 1087 13 15
36 1292 57 3
36 1477 5 12
37 47 17 14
37 970 40 8
38 87 3 15
38 851 43 12
38 1000 5 14
39 111 24 7
39 604 24 13
39 1074 57 15
39 1097 34 7
39 1135 7 11
39 1153 16 6
39 1265 9 5
39 1309 47 11
40 299 46 14
40 636 39 3
40 801 24 4
40 1032 49 3
41 106 6 12
41 666 55 7
41 732 37 12
41 739 34 6
41 1038 3 2
42 107 19 11
42 169 3 14
42 349 46 6
42 579 57 14
42 1240 37 8
43 268 12 4
43 358 48 5
43 667 30 14
43 706 11 4
43 878 28 2
43 1236 48 15
43 1330 32 7
44 183 30 6
44 273 24 10
44 294 44 11
44 301 38 6
44 349 26 8
44 868 23 11
44 1554 51 10
45 65 25 6
45 338 2 15
45 926 17 8
45 966 12 14
45 1366 51 8
46 72 59 5
46 367 14 4
46 517 23 14
46 834 60 5
46 1401 47 5
47 261 22 13
47 356 57 13
47 381 56 9
47 481 19 14
47 834 13 6
47 921 7 11
47 1114 11 1
47 1290 50 11
48 205 54 8
48 240 12 5
48 649 37 10
48 979 35 8
48 1115 48 13
48 1140 21 7
48 1384 34 14
49 338 8 7
49 409 11 7
49 444 50 5
49 1068 51 13
49 1085 15 12
49 1327 46 1
50 191 15 14
50 746 15 2
50 897 21 10
50 1295 5 5
51 167 54 7
51 174 45 4
51 202 57 15
51 1040 11 4
51 1285 54 5
51 1362 8 6
52 295 57 15
52 548 57 1
52 735 54 9
52 1128 34 4
52 1326 50 10
52 1482 27 3
52 1498 15 14
53 449 22 12
53 697 59 5
53 1537 31 10
53 1552 35 6
54 307 49 15
54 481 18 5
54 1157 14 10
54 1507 57 4
55 779 2 11
55 1079 22 1
55 1131 44 7
55 1336 40 3
55 1427 39 10
56 201 45 12
56 483 12 10
56 860 11 2
56 1074 18 13
56 1458 12 12
56 1557 5 6
57 613 38 1
57 659 40 6
58 413 29 12
58 769 40 2
58 883 53 13
58 1351 48 10
58 1352 42 7
59 1165 41 11
60 103 45 5
60 343 12 6
60 508 33 11
60 652 49 14
60 656 51 12
60 699 6 1
60 1068 1 11
60 1510 48 8
61 1142 57 7
61 1334 31 13
61 1382 60 2
62 403 48 6
62 1126 59 14
62 1187 56 15
63 631 38 12
63 649 3 12
63 734 58 10
63 1238 48 5
63 1400 45 13
64 574 39 11
64 650 34 3
64 1445 60 1
65 372 20 4
65 381 18 5
65 423 50 14
65 429 9 3
65 653 9 12
65 898 26 5
65 1160 29 2
65 1304 54 1
65 1337 1 3
65 1488 39 15
65 1494 9 12
66 112 52 3
66 1047 45 12
66 1377 5 2
67 281 5 5
67 619 9 4
67 825 49 4
67 967 19 1
67 1133 21 2
67 1185 11 5
68 85 59 6
68 676 16 5
68 737 56 13
68 806 56 12
68 1107 17 1
68 1201 48 8
68 1240 35 15
68 1549 7 11
69 549 3 14
69 597 35 5
69 1179 14 1
69 1198 34 13
69 1296 57 14
70 465 4 2
70 482 36 11
70 518 33 9
70 629 40 7
70 669 14 4
70 840 18 9
70 912 49 13
70 1061 59 7
70 1366 1 9
71 364 56 8
71 795 42 6
71 1150 13 7
71 1203 36 4
71 1347 40 14
71 1369 56 13
72 233 47 9
72 1324 23 1
73 141 23 5
73 316 46 15
73 508 59 9
73 524 32 14
73 775 44 14
73 822 13 7
73 895 45 11
74 102 44 12
74 206 27 3
74 495 31 10
74 839 31 10
74 1015 42 9
74 1037 47 3
75 231 10 13
75 560 37 8
75 710 44 8
75 737 26 15
75 927 46 10
75 1298 14 12
75 1301 38 13
76 253 55 10
76 336 31 14
76 661 40 12
76 774 51 8
76 806 5 7
76 898 27 15
76 1452 8 6
76 1458 21 10
77 495 14 14
77 805 57 11
77 845 16 2
77 1468 54 12
77 1493 38 10
77 1502 18 15
78 209 56 9
78 264 58 14
78 322 37 15
78 348 45 1
78 458 59 3
78 566 49 11
78 595 17 14
78 672 29 14
78 1299 11 5
78 1370 12 9
79 216 24 13
79 369 12 8
79 941 8 1
79 1281 54 6
79 1372 50 14
79 1527 51 3
80 214 8 11
80 1038 32 6
80 1155 54 5
81 576 43 10
81 705 7 3
81 1026 15 13
81 1066 22 5
81 1253 17 9
81 1355 3 4
81 1381 38 13
82 130 47 8
82 371 18 8
82 637 27 12
82 639 5 10
82 680 26 5
82 1188 44 3
82 1203 56 3
83 193 38 11
83 197 3 8
83 237 7 11
83 370 46 14
83 825 1 12
83 933 56 7
83 1149 58 9
83 1355 60 14
83 1457 42 8
84 102 47 8
84 1378 57 15
85 606 24 2
85 1102 19 11
86 144 50 8
86 517 16 9
86 764 3 15
87 746 45 5
87 1146 1 3
87 1324 49 6
87 1537 52 7
88 111 50 2
88 398 23 7
88 454 49 5
88 599 45 15
88 796 26 5
88 880 11 5
88 1027 6 7
88 1121 14 15
88 1427 34 10
89 120 52 15
89 447 55 1
89 753 52 8
89 819 54 3
89 868 29 8
89 1056 18 5
89 1121 56 4
89 1228 10 11
90 212 6 9
90 436 6 9
90 1289 30 3
90 1548 7 11
91 335 40 7
91 871 5 11
91 1014 11 7
91 1188 23 14
91 1275 22 5
92 169 30 6
92 285 14 6
92 379 15 9
92 418 38 5
92 795 48 5
92 1112 37 4
93 566 37 11
93 804 16 14
93 1281 25 4
93 1300 7 13
94 819 28 12
94 1001 27 6
94 1180 47 8
94 1273 46 13
95 218 18 12
95 471 8 12
95 572 17 5
95 916 53 1
95 1065 55 2
95 1077 59 4
95 1091 36 13
95 1105 17 1
95 1352 41 4
96 251 34 8
96 946 54 11
96 1173 3 2
96 1215 41 8
97 119 19 10
97 179 29 2
97 495 3 13
97 823 41 9
98 453 43 6
98 795 41 15
98 911 48 3
98 1496 57 14
99 410 40 15
99 612 49 4
99 848 18 5
99 875 10 8
99 1511 37 3
100 218 52 14
100 339 13 9
100 439 3 4
100 1148 26 10
100 1398 17 6
100 1495 59 9
101 176 1 3
101 457 39 11
101 500 28 11
102 224 39 4
102 361 37 15
102 1151 53 9
102 1293 50 1
103 276 35 14
103 849 55 13
103 910 60 11
103 1083 12 9
103 1122 38 7
104 251 39 7
105 364 27 10
105 435 29 11
105 567 25 5
105 679 37 15
105 973 42 8
105 1553 8 10
106 352 29 4
106 361 25 3
106 385 30 6
106 567 59 3
106 854 46 3
106 1348 58 3
106 1497 30 6
107 400 21 6
107 759 31 11
107 848 17 6
107 1462 57 13
107 1554 12 5
108 113 4 14
108 139 16 12
108 216 10 8
108 218 45 4
108 635 13 6
108 904 6 4
108 942 56 12
108 1034 50 7
108 1201 22 9
108 1275 18 4
109 173 44 8
109 546 33 15
109 718 21 11
109 1174 32 10
109 1210 2 12
109 1559 17 8
110 245 10 7
110 331 39 14
110 383 27 11
110 692 28 15
110 880 22 1
110 1117 42 1
111 371 41 12
111 414 46 5
111 526 14 14
111 542 1 1
111 848 15 10
111 849 58 11
111 1186 48 5
111 1275 56 8
111 1544 34 4
112 286 27 8
112 340 6 15
112 458 6 1
112 478 18 10
112 1071 8 4
113 504 39 12
113 534 39 11
113 724 57 7
114 589 28 15
114 601 33 12
114 761 48 4
114 957 5 7
114 1432 57 8
115 154 5 4
115 360 34 13
115 537 25 9
115 1205 21 7
115 1445 26 4
116 727 24 13
116 842 11 5
117 512 41 5
117 638 39 2
117 663 26 3
117 698 12 15
117 1249 39 9
117 1329 28 14
117 1434 31 7
117 1463 39 3
118 484 29 4
118 801 39 5
118 1483 3 7
119 928 21 5
119 936 23 4
120 679 3 4
120 804 55 14
120 807 50 3
120 1496 54 13
121 155 9 13
121 511 47 10
121 1324 22 11
122 434 44 6
122 532 37 1
122 818 60 1
122 1033 1 8
123 322 54 11
123 543 31 1
123 1299 47 4
123 1365 46 1
124 534 53 8
124 871 59 13
124 1436 39 6
125 529 53 1
125 746 50 12
125 1130 41 9
126 262 16 13
126 535 19 2
126 679 34 7
126 791 38 15
126 1031 40 5
126 1138 38 13
126 1292 20 3
127 883 5 2
127 1246 18 11
127 1448 5 14
128 249 43 13
128 283 29 3
128 509 49 6
129 230 36 11
129 455 54 8
129 563 23 7
129 583 34 14
129 723 57 5
129 1063 25 14
129 1132 13 13
129 1162 43 7
129 1273 1 6
130 225 45 13
130 275 42 10
130 313 33 14
130 343 50 4
130 841 15 14
130 855 31 7
130 921 7 10
130 982 55 3
130 1120 26 4
130 1540 60 10
131 327 6 6
131 774 30 14
131 1127 45 1
132 417 51 14
132 919 46 6
132 1427 19 11
133 219 21 4
133 302 40 10
133 323 42 8
133 726 11 8
133 811 50 12
133 1196 26 7
134 437 55 11
134 479 50 13
134 669 37 9
134 1140 22 8
134 1464 10 6
135 175 40 15
135 209 33 13
135 600 49 1
135 779 20 2
135 865 53 5
135 1068 40 11
135 1475 33 9
136 160 6 8
136 411 51 13
136 468 2 8
136 922 32 14
136 974 48 1
136 1148 57 9
137 232 38 1
137 445 30 9
137 517 31 6
137 777 35 6
137 1011 4 13
137 1359 29 6
137 1481 38 1
137 1484 23 2
138 319 25 7
138 651 47 14
138 727 35 9
138 815 19 14
138 1041 58 10
139 362 51 14
139 940 48 8
139 1529 43 5
140 332 41 7
140 814 35 12
140 1301 21 1
140 1367 3 14
140 1462 30 13
140 1559 35 7
141 187 7 15
141 296 54 6
141 420 22 15
141 604 15 7
141 731 22 2
141 1116 54 15
141 1265 17 5
141 1557 14 3
142 258 4 11
142 709 36 4
142 1076 60 12
142 1195 8 14
142 1359 20 2
142 1390 31 9
143 510 28 15
143 531 51 15
143 1049 37 3
143 1516 15 3
144 316 24 3
144 321 48 4
145 1014 18 7
145 1217 25 8
145 1494 20 12
146 357 7 6
146 563 3 1
146 722 51 5
146 859 3 10
146 1058 12 6
146 1328 8 10
147 567 23 3
147 949 25 12
147 1542 3 2
148 286 26 10
148 520 20 12
148 548 37 8
148 889 57 15
148 924 36 9
148 1009 45 5
148 1191 20 3
148 1265 41 3
148 1402 12 3
149 853 21 15
149 934 53 3
149 1178 20 15
150 338 57 7
150 371 37 2
150 486 17 5
150 609 37 15
150 688 8 12
150 1548 43 3
151 829 5 1
151 1330 24 1
151 1408 42 15
151 1524 15 12
152 466 36 1
152 547 36 12
152 790 60 2
152 817 58 1
152 883 29 8
152 939 53 15
152 1104 33 13
152 1198 21 9
153 353 42 4
153 1060 38 13
153 1286 30 11
153 1334 55 7
153 1360 4 13
154 193 26 3
154 921 19 9
154 1417 31 12
155 187 49 5
155 331 30 12
155 530 13 13
155 655 50 3
155 907 17 14
155 1302 40 11
155 1330 54 3
155 1361 20 8
155 1541 59 1
155 1542 16 2
156 217 7 9
156 533 41 15
156 918 3 14
156 1525 37 12
157 879 5 11
157 1380 7 2
157 1423 56 15
157 1429 44 3
157 1520 14 5
157 1535 32 1
158 402 28 4
158 1019 38 14
159 277 19 7
159 393 3 15
159 604 54 7
159 807 42 2
159 1147 52 7
159 1215 46 3
159 1495 23 5
160 190 59 12
160 674 34 3
160 769 50 11
160 928 25 8
160 1455 44 11
161 188 11 10
161 591 55 4
161 971 45 2
161 979 52 14
161 1081 35 14
161 1196 20 15
161 1331 42 9
161 1374 2 13
162 372 52 2
162 477 5 15
162 950 17 13
162 1022 2 3
162 1331 11 12
163 219 36 1
163 341 55 9
163 360 26 15
163 671 4 6
163 1296 28 4
164 339 27 9
164 720 26 8
164 1394 51 15
165 316 53 2
165 363 1 13
165 831 39 12
165 888 32 14
165 1098 48 15
165 1131 17 3
166 360 49 2
166 502 14 2
166 989 8 7
166 1505 2 8
167 237 57 4
167 256 58 4
167 520 6 8
167 546 22 15
167 565 56 15
167 638 28 10
167 769 30 14
167 817 46 15
167 1222 13 2
167 1290 59 8
167 1417 49 15
168 176 47 11
168 710 18 7
168 1092 52 14
168 1278 30 8
168 1377 45 6
169 494 37 15
169 578 23 7
169 696 32 7
169 861 24 5
169 1111 8 8
169 1136 60 2
170 325 49 14
170 446 23 5
170 854 54 1
170 943 14 6
170 1153 27 7
170 1213 32 5
170 1546 35 9
171 1382 59 13
171 1515 14 12
172 496 13 1
172 543 13 2
172 583 9 6
172 670 29 11
172 1018 34 14
172 1388 8 4
172 1451 59 13
173 480 49 8
173 529 2 9
173 641 4 6
173 1063 10 12
173 1077 32 15
174 187 20 13
174 335 42 6
174 424 7 3
174 1093 30 1
174 1475 31 12
175 507 36 12
175 646 36 14
175 1233 14 3
175 1518 45 13
176 295 26 3
176 939 42 6
176 1080 10 10
176 1093 50 12
177 194 31 13
177 686 43 7
177 941 1 7
178 600 9 4
178 643 26 1
178 797 14 4
178 899 36 10
178 929 58 14
178 1286 59 12
178 1389 32 3
178 1471 30 1
178 1485 24 11
179 192 34 4
179 285 23 1
179 338 1 11
179 470 46 13
179 507 7 14
179 539 36 11
179 660 49 14
179 677 21 7
179 798 9 13
179 807 28 2
179 1022 17 9
179 1183 56 12
180 611 21 2
180 1076 28 7
180 1239 46 1
180 1555 24 3
181 191 29 11
181 249 45 15
181 319 23 3
181 875 31 14
181 1119 26 13
181 1213 9 5
182 365 39 7
182 697 4 12
182 1007 56 9
182 1149 38 3
182 1447 58 2
182 1519 22 10
182 1559 39 7
183 468 2 10
183 652 5 2
183 1061 49 9
183 1239 19 5
183 1291 41 8
184 541 30 9
184 608 24 5
184 613 30 3
184 645 55 10
184 810 10 5
184 1102 18 13
184 1495 48 8
185 267 49 1
185 284 45 13
186 295 1 6
186 348 36 11
186 376 18 13
186 832 23 14
186 1014 11 11
186 1115 10 1
186 1364 54 13
187 215 1 10
187 225 43 1
187 404 36 1
187 602 53 3
187 760 18 5
187 786 26 13
187 1498 57 11
188 581 4 14
188 684 28 5
188 1016 32 10
188 1379 33 3
189 212 17 1
189 318 17 14
189 527 50 5
189 536 34 4
189 1157 24 4
189 1541 58 14
190 437 58 9
190 457 21 4
190 641 42 10
190 1310 37 13
190 1414 44 6
191 410 1 8
191 516 12 4
191 940 2 9
191 965 8 14
191 1197 44 4
191 1310 26 6
191 1447 44 11
192 308 16 9
192 543 37 9
192 665 53 11
192 696 10 1
192 1227 12 11
192 1465 43 10
193 345 38 14
193 1150 48 3
193 1535 53 5
194 355 9 9
194 893 19 7
194 1353 60 9
194 1475 54 1
195 219 20 7
195 380 21 7
195 1002 9 15
195 1131 12 3
196 770 38 3
197 888 33 1
197 913 46 6
197 1090 27 3
197 1291 53 10
197 1315 55 8
197 1400 51 12
198 425 21 13
198 1325 50 12
200 214 19 9
200 404 11 3
200 431 13 2
200 872 3 12
200 1024 36 8
200 1318 50 3
201 989 1 11
201 1345 38 13
201 1524 1 13
201 1548 36 5
202 581 11 5
202 1202 46 14
202 1393 43 3
203 218 48 10
203 348 59 3
203 650 27 5
203 792 35 1
203 1307 30 15
204 329 41 11
204 1171 4 14
204 1231 32 12
204 1355 19 6
204 1379 21 8
204 1392 41 8
204 1527 2 10
205 637 14 14
205 664 42 14
205 684 15 12
205 782 35 10
205 806 31 8
205 890 18 13
205 1200 13 10
205 1548 17 3
206 358 10 5
206 493 53 8
206 741 36 7
206 876 17 9
206 1018 12 4
206 1410 21 7
207 560 30 10
207 990 55 6
207 1010 8 11
207 1313 52 10
207 1437 18 1
208 214 41 11
208 441 27 1
208 448 11 6
208 536 14 9
208 689 35 4
208 840 25 13
208 860 38 3
208 1105 15 12
208 1218 54 9
208 1307 45 6
209 305 10 5
209 818 4 13
209 1369 13 7
209 1421 12 11
209 1484 21 12
210 253 25 10
210 593 38 14
211 331 39 3
211 470 10 11
211 537 12 12
211 722 19 2
211 817 15 12
211 943 7 15
211 1457 36 2
212 981 51 14
212 1127 58 12
212 1338 57 5
213 657 53 5
213 1014 5 3
213 1059 43 3
213 1194 20 1
213 1276 34 4
214 264 33 6
214 775 26 10
215 348 16 11
215 793 57 1
215 810 57 14
215 884 6 12
216 417 34 3
216 593 47 14
216 683 6 1
216 726 29 5
216 1103 39 13
216 1237 22 5
216 1561 53 3
217 255 33 6
217 497 7 6
217 815 19 6
217 900 6 8
217 1410 1 9
218 359 16 8
218 561 12 9
218 578 44 4
218 586 4 8
218 680 21 11
218 857 19 8
218 870 7 1
218 879 59 8
218 1042 15 6
218 1514 32 15
218 1515 11 11
218 1534 8 9
219 224 53 9
219 854 10 7
219 1516 41 7
220 707 18 10
220 769 59 8
220 923 54 3
220 1346 56 10
220 1408 38 13
220 1429 4 5
220 1482 1 6
221 330 39 4
221 398 29 6
221 566 57 10
221 674 22 11
221 982 42 3
221 1472 59 11
221 1524 7 10
222 304 13 10
222 680 17 13
222 734 54 6
222 830 26 7
222 1489 41 3
222 1528 55 5
223 238 28 8
223 344 8 12
223 773 55 14
223 1397 39 6
224 401 10 10
224 602 22 10
224 782 54 6
224 919 58 9
224 944 60 1
224 1084 21 10
224 1095 51 3
224 1344 39 10
224 1540 51 14
225 786 7 12
225 838 25 4
225 1371 47 5
226 833 1 12
226 901 18 1
226 925 50 6
226 1351 16 14
226 1483 54 9
227 1066 6 1
227 1279 20 5
228 1005 13 3
228 1422 43 12
229 254 7 2
229 356 41 2
229 549 30 4
229 602 42 7
229 636 23 15
229 872 35 6
229 1105 37 9
229 1199 54 15
229 1291 15 4
230 515 22 9
230 557 21 9
230 671 57 7
230 1095 52 6
231 356 38 13
231 388 55 4
231 970 54 8
231 1070 17 9
231 1543 35 8
232 280 21 13
232 873 10 9
232 1019 27 3
233 412 39 3
233 432 32 1
233 1130 13 9
233 1172 1 13
234 1260 41 8
234 1308 13 6
235 503 46 1
235 723 54 1
235 811 33 10
235 832 39 12
235 1050 48 9
235 1320 16 13
235 1369 58 14
235 1400 9 5
235 1545 8 11
236 376 39 11
236 433 32 13
236 494 27 3
236 760 27 8
236 770 20 9
236 1138 3 11
236 1300 12 2
236 1391 20 8
236 1396 34 1
237 504 50 14
237 618 35 13
237 863 38 7
237 884 22 9
238 1231 35 13
238 1379 21 6
238 1544 20 12
239 386 47 11
239 514 27 7
239 530 52 14
239 749 55 13
239 753 28 3
240 1235 52 14
241 347 51 10
241 806 19 2
241 886 8 3
241 1220 6 14
241 1241 44 10
241 1404 26 9
242 756 28 14
242 1008 18 9
242 1139 24 2
242 1406 51 7
243 1038 44 1
243 1223 34 10
244 437 26 15
244 512 17 9
244 1128 60 13
244 1184 2 6
244 1252 51 3
244 1536 42 7
245 312 29 1
245 764 30 10
245 861 5 10
245 868 11 6
245 872 7 3
245 1031 42 10
245 1302 25 14
245 1557 20 13
246 974 46 3
246 1140 2 5
246 1292 54 6
246 1343 26 10
246 1395 38 13
247 289 31 5
247 655 50 6
247 941 19 8
247 1293 21 4
247 1437 31 11
248 437 33 12
248 1127 54 15
248 1217 15 3
248 1377 16 15
249 462 44 5
249 885 2 12
249 921 6 13
249 1266 31 14
249 1420 1 5
250 462 28 10
250 611 35 7
250 625 22 6
250 674 11 8
250 911 36 14
250 1059 51 4
251 295 35 2
251 307 34 15
251 1213 33 12
252 444 59 7
252 1300 8 13
253 347 3 13
253 706 6 5
253 763 28 3
253 903 31 6
253 1062 9 2
254 328 41 15
254 751 42 13
254 1304 12 3
254 1484 53 3
255 481 9 7
255 700 26 6
255 968 58 10
255 1337 47 6
255 1386 53 11
255 1413 6 14
256 476 37 12
256 515 11 13
256 705 3 1
256 1162 43 6
256 1525 23 7
257 535 37 1
257 689 3 6
257 828 60 7
257 1355 53 11
257 1358 44 12
257 1520 29 6
258 326 38 1
258 373 14 11
258 404 7 3
258 667 21 13
258 721 26 10
258 813 20 4
258 1028 58 10
259 495 16 11
259 508 6 14
259 816 37 8
259 1070 23 6
260 333 18 10
260 373 39 9
260 444 54 12
260 679 17 1
260 777 35 10
260 1301 19 9
261 325 40 8
261 454 41 14
261 490 20 15
261 826 5 6
261 1272 20 1
262 1207 7 12
263 697 43 5
263 821 20 9
263 1410 43 15
263 1517 49 7
264 397 27 6
264 402 14 8
264 420 59 6
264 712 9 1
264 878 55 6
264 977 54 10
264 1051 45 9
264 1404 45 15
265 743 16 9
265 1090 16 3
265 1357 3 1
266 1163 9 11
267 295 12 8
267 368 31 6
267 489 25 7
267 701 43 7
267 1168 60 3
267 1190 5 11
268 302 9 5
268 483 50 3
268 592 58 1
268 724 52 2
268 737 4 11
268 1381 40 2
269 1191 21 8
270 480 27 10
270 1072 52 12
270 1357 31 12
271 305 59 5
271 955 33 13
272 606 60 6
272 956 23 8
272 976 4 13
272 1017 26 10
272 1311 16 2
272 1484 30 9
273 302 29 8
273 331 35 6
273 853 2 9
273 904 14 3
273 975 10 10
274 373 21 3
274 676 42 3
274 688 34 9
275 470 43 15
275 1101 40 10
275 1223 54 11
275 1268 38 1
276 1195 55 13
277 367 2 13
277 474 7 4
277 839 20 13
277 1013 37 3
277 1298 30 1
277 1440 32 6
278 644 39 3
278 654 1 14
278 878 57 6
278 990 32 9
278 1097 45 12
278 1174 58 5
279 605 28 14
279 685 29 9
279 1220 32 1
279 1322 35 5
279 1367 30 6
279 1472 57 14
280 380 14 7
280 573 27 4
280 587 58 4
280 632 11 6
280 909 29 10
280 1168 33 7
280 1316 31 6
280 1359 17 15
280 1430 53 6
280 1553 40 3
281 607 28 3
281 690 50 13
281 744 59 13
281 853 57 2
281 862 35 11
281 985 24 15
281 1165 43 6
282 1254 21 10
282 1362 22 6
282 1383 30 14
283 333 42 9
283 595 8 7
284 632 4 9
284 852 42 13
284 914 27 7
285 434 12 13
285 950 21 12
286 516 26 12
286 699 23 6
286 906 32 1
286 1048 37 8
286 1163 36 7
286 1384 27 14
286 1406 52 10
286 1458 54 4
287 487 2 15
287 609 12 7
287 752 13 2
288 428 41 4
288 1388 7 12
288 1400 27 11
289 1136 45 9
290 364 55 2
290 475 46 3
290 1047 27 13
290 1101 22 12
290 1264 12 13
291 482 21 14
291 532 10 6
291 1348 21 3
291 1406 26 9
292 504 6 10
292 559 9 11
292 871 24 7
292 1317 50 11
292 1389 57 12
292 1438 13 10
292 1439 10 3
292 1443 1 2
293 756 32 4
293 949 53 15
293 1172 32 13
294 628 13 4
294 763 42 5
294 874 55 9
294 933 10 5
294 1178 13 4
294 1221 57 7
294 1241 47 5
295 692 51 4
295 833 60 9
295 1070 10 7
295 1270 47 10
295 1280 4 13
295 1362 1 12
295 1522 26 12
296 388 60 4
296 650 14 13
296 1337 19 2
297 629 44 9
297 1205 1 5
297 1427 41 10
297 1555 9 10
298 314 10 9
298 723 17 15
298 815 55 15
298 1293 25 5
298 1428 55 7
298 1438 50 12
298 1503 56 6
299 453 60 10
299 540 11 12
299 617 10 3
299 745 21 11
299 1053 40 11
299 1210 4 12
299 1229 49 10
299 1395 3 14
299 1499 50 15
301 313 43 11
301 627 46 13
301 843 25 4
301 925 30 5
301 1291 19 4
302 468 26 15
302 608 8 15
302 681 5 5
302 951 38 15
302 974 3 14
302 1079 53 10
302 1092 32 11
302 1388 13 10
302 1556 25 6
303 1018 21 4
303 1115 28 3
304 768 51 15
304 896 52 4
304 932 19 3
304 970 51 2
304 1426 28 9
305 372 37 8
305 790 46 2
305 1404 56 6
305 1511 4 6
305 1528 49 15
306 424 22 15
306 441 5 14
306 530 22 14
306 533 11 10
306 687 11 4
306 700 28 3
306 709 25 2
306 1428 6 11
306 1556 21 6
307 461 13 8
307 490 6 10
307 581 19 4
307 603 4 15
307 640 25 11
307 897 22 2
307 1528 18 2
307 1546 14 15
308 375 20 12
308 445 34 3
308 590 41 1
308 1162 8 2
309 474 6 3
309 686 60 14
310 383 57 9
310 743 29 4
310 765 55 5
310 774 43 15
310 785 57 11
310 1125 39 10
310 1546 12 14
311 349 52 6
311 430 4 15
311 657 25 15
311 778 56 6
311 892 22 11
311 916 23 6
311 1190 4 13
312 691 32 7
312 1277 39 6
312 1420 25 11
312 1433 13 5
313 982 60 10
313 1015 60 10
313 1218 17 6
313 1501 43 1
314 463 1 13
314 634 31 15
314 1449 32 12
315 455 38 12
315 962 11 10
315 1005 17 9
315 1244 52 8
316 1235 60 7
316 1282 12 15
317 508 52 11
317 995 1 2
317 1322 50 8
318 672 2 12
318 673 24 14
318 1035 10 10
318 1063 44 9
319 1264 22 4
320 735 52 3
320 764 46 12
320 1300 36 4
321 401 23 3
321 619 56 11
321 701 12 4
321 1425 29 4
322 1180 28 1
322 1297 45 13
322 1370 16 8
322 1493 35 3
323 785 60 2
323 1012 53 11
323 1328 28 7
323 1378 27 8
324 587 4 1
324 793 50 10
324 796 19 6
324 848 41 3
324 1113 57 14
324 1262 45 9
325 859 16 3
325 945 56 8
325 1152 46 15
325 1178 4 5
325 1188 49 5
325 1258 51 9
325 1443 31 3
326 413 59 5
326 452 37 5
326 635 16 13
326 689 40 10
326 797 13 5
326 956 36 7
327 406 4 14
327 653 2 10
327 854 50 2
327 1158 14 3
327 1201 30 15
328 753 10 15
329 371 23 12
329 396 11 2
329 477 12 5
329 788 43 11
329 907 60 13
329 1057 28 12
329 1282 40 7
330 612 26 13
330 1026 26 6
330 1283 30 9
330 1343 54 14
331 481 41 5
331 588 54 2
331 930 48 12
331 1007 3 7
331 1072 32 5
331 1442 54 4
332 397 25 7
332 489 2 3
332 698 25 14
332 798 9 10
332 872 1 13
332 1248 48 8
332 1275 2 15
332 1480 51 4
332 1507 51 5
332 1530 14 5
333 724 51 13
333 771 58 2
333 891 49 14
333 1182 34 9
333 1385 29 15
334 390 3 3
334 542 15 9
334 577 19 14
334 853 30 2
334 928 24 11
334 1314 20 14
334 1328 53 11
335 357 26 11
335 395 34 7
335 472 34 14
335 938 45 10
335 1360 16 9
335 1438 14 6
335 1447 53 8
336 485 43 1
336 690 29 5
336 1009 20 11
336 1131 19 11
336 1166 14 13
336 1445 20 10
336 1530 6 12
337 657 19 2
338 564 46 4
338 594 23 5
338 1240 39 13
338 1265 34 2
338 1419 11 14
339 731 30 9
339 797 51 4
339 1359 21 9
340 592 25 2
340 1418 45 4
341 550 31 3
341 645 25 8
341 852 2 7
341 949 38 13
341 1355 50 13
341 1409 19 14
341 1430 59 5
341 1494 26 12
342 379 29 4
342 557 58 5
342 716 6 4
342 762 10 14
342 903 41 1
342 1207 31 9
342 1417 38 1
342 1430 30 5
342 1544 58 14
343 492 11 3
343 578 21 6
343 1457 25 5
343 1524 25 10
344 416 38 1
344 819 35 7
344 821 43 2
344 1272 53 1
345 347 20 4
345 537 5 14
345 1220 60 11
345 1441 21 14
345 1501 44 6
346 366 38 12
346 380 32 5
346 532 20 3
346 724 38 2
346 1161 37 11
347 1127 53 5
347 1158 58 9
347 1342 36 9
347 1485 8 13
347 1553 17 6
348 418 49 12
348 485 60 3
348 655 52 14
348 1365 8 8
348 1368 60 3
348 1482 24 9
349 673 39 14
349 895 45 10
349 953 33 14
350 395 23 13
350 1076 4 3
351 954 45 4
351 1110 41 11
351 1145 29 15
351 1259 21 7
352 407 32 4
352 604 47 14
352 704 10 7
352 751 29 2
352 785 59 15
352 833 45 13
353 396 50 5
353 853 10 11
353 870 3 4
353 982 4 3
353 1178 9 9
353 1428 48 11
354 928 22 6
354 1201 38 1
354 1332 35 3
354 1366 60 11
355 846 8 14
355 1089 16 9
355 1106 18 7
356 411 31 2
356 489 3 6
356 1538 54 1
357 454 39 3
357 533 9 3
357 750 16 13
357 1035 8 12
357 1314 51 8
357 1322 35 2
358 607 43 15
358 1066 17 11
359 493 12 3
359 526 25 10
359 605 47 11
359 677 39 13
359 1494 6 7
360 1268 57 6
360 1293 25 13
361 566 58 8
361 640 45 1
361 1058 24 1
361 1159 43 6
361 1165 33 15
361 1348 47 1
362 424 2 5
362 588 26 1
362 776 43 3
362 1026 25 15
362 1189 33 11
362 1254 27 5
362 1311 8 9
363 1257 24 9
363 1286 41 10
363 1548 11 6
364 661 37 3
364 706 60 6
364 722 53 9
364 823 29 11
364 828 20 13
364 977 47 1
364 1163 35 9
365 543 34 14
365 673 35 12
365 1204 30 8
365 1476 32 3
366 567 58 7
366 583 32 13
366 883 23 9
366 1349 42 10
367 820 44 2
367 1076 40 12
367 1117 58 7
367 1330 54 12
367 1407 52 3
368 981 28 6
368 1164 18 12
369 677 6 12
369 990 34 2
369 1133 10 15
369 1226 59 7
369 1394 54 12
369 1456 44 14
370 1424 41 1
370 1496 28 9
371 737 37 2
371 1031 59 12
371 1328 23 13
371 1535 52 2
372 733 22 8
372 1147 54 12
372 1195 30 2
372 1481 11 11
373 722 45 4
373 743 40 13
373 799 40 11
373 1054 17 11
373 1081 25 7
373 1321 31 2
373 1381 46 2
374 566 29 8
374 688 36 12
374 1215 1 4
374 1250 12 3
374 1513 37 10
375 898 23 4
375 1174 15 15
375 1193 39 15
375 1275 25 2
375 1455 28 9
376 494 12 14
376 619 60 10
376 654 27 14
376 860 60 12
376 1071 35 1
376 1185 15 8
376 1539 39 14
377 726 42 1
377 999 27 5
377 1013 16 3
377 1269 60 8
378 706 9 9
378 911 32 14
378 1070 55 8
378 1261 50 6
378 1381 12 6
379 459 22 14
379 494 47 11
379 526 11 3
379 730 48 15
380 736 40 5
380 755 47 7
380 1250 9 8
380 1457 13 9
381 451 33 1
381 826 24 10
381 1037 14 4
381 1429 55 2
381 1495 47 12
381 1556 6 6
382 463 14 12
382 498 2 15
382 574 56 9
382 584 1 13
382 1175 36 13
382 1406 21 14
382 1532 46 1
383 674 11 2
383 1239 28 12
383 1329 53 5
383 1521 30 5
384 693 35 6
384 755 21 13
384 1408 59 3
385 406 22 15
385 420 38 9
385 539 46 7
385 959 43 11
385 1126 42 7
385 1157 1 5
385 1221 46 10
386 673 17 4
386 707 57 10
386 864 9 1
386 1314 39 9
387 690 11 1
387 1036 60 8
387 1431 23 3
387 1445 55 12
388 601 6 9
388 612 48 7
388 698 34 12
388 941 51 2
388 1521 24 7
389 829 57 4
389 848 6 13
389 1061 20 9
390 850 20 9
390 1277 46 12
390 1286 1 10
390 1446 32 10
391 643 20 11
391 766 57 8
391 834 26 1
391 1000 44 3
391 1123 49 14
391 1242 2 5
392 745 27 12
392 802 17 11
392 930 8 6
392 992 51 1
392 1219 29 3
392 1433 15 14
392 1460 59 7
393 599 8 14
393 1056 21 9
393 1280 41 6
393 1334 30 6
393 1543 51 5
394 421 60 1
394 1107 48 15
394 1477 44 2
394 1530 60 11
395 507 36 10
395 680 52 9
395 723 20 12
395 978 44 14
396 406 28 11
396 520 46 3
396 655 10 5
396 855 15 12
396 1000 48 7
396 1096 42 15
396 1425 51 4
396 1458 42 15
397 1214 26 8
398 547 9 12
398 648 47 9
398 948 26 11
398 985 60 10
398 1153 18 13
398 1516 16 5
399 567 10 12
399 680 52 2
399 759 48 15
399 957 19 14
399 991 19 11
399 1398 58 8
399 1518 36 8
400 429 56 9
400 486 52 10
400 495 55 5
400 664 49 2
400 683 29 5
400 807 16 11
400 828 20 9
400 1327 46 5
401 485 37 1
401 725 26 5
401 751 14 15
401 811 41 7
401 930 58 14
401 972 40 7
401 1210 23 13
402 536 36 7
402 1096 20 12
402 1118 17 9
402 1151 6 13
402 1214 5 7
402 1267 1 4
402 1370 16 1
402 1379 26 7
403 507 20 1
403 788 49 3
403 895 54 11
403 927 4 2
403 1296 18 9
403 1518 29 9
404 552 50 8
404 813 59 13
404 941 19 2
404 1278 45 7
405 576 11 6
406 863 13 10
406 1047 26 1
406 1453 2 6
407 514 23 6
407 527 27 4
407 776 30 4
407 837 49 14
407 962 25 10
408 411 41 15
408 850 12 14
408 898 53 3
408 1128 38 8
409 1064 16 15
409 1206 10 8
409 1362 20 7
409 1544 41 9
410 526 8 4
410 655 43 10
410 751 34 3
410 1117 56 11
410 1385 19 14
410 1518 34 5
411 495 49 1
411 630 4 2
411 1194 43 3
411 1404 33 6
412 1147 22 10
412 1264 36 13
413 479 32 5
413 832 53 12
413 1406 43 3
414 576 58 12
414 859 31 8
414 900 2 3
414 950 43 13
414 1088 25 5
415 1206 55 13
415 1287 30 9
415 1374 5 15
416 801 33 3
416 1473 1 1
417 441 22 10
417 647 40 3
417 789 46 9
417 914 18 2
418 428 25 12
418 454 57 14
418 625 51 9
418 648 46 15
418 672 17 4
418 678 52 2
419 1187 17 2
419 1460 9 8
419 1462 23 4
419 1490 49 6
420 704 22 2
420 791 9 5
420 798 33 4
420 919 5 14
420 1072 11 11
420 1168 19 14
420 1517 50 9
421 842 46 15
421 1033 51 6
421 1494 15 3
422 669 33 13
422 1168 8 9
422 1540 19 10
423 484 20 3
423 539 22 15
423 620 2 10
423 689 40 15
423 876 52 12
423 998 12 7
423 1008 33 14
423 1029 19 1
423 1101 50 2
423 1486 54 15
423 1490 43 12
424 784 57 12
424 900 39 5
424 935 33 5
424 1021 55 6
424 1070 40 4
424 1358 29 4
424 1480 37 13
424 1495 59 13
424 1514 57 7
425 463 36 7
425 1281 40 10
425 1441 20 1
425 1530 7 4
426 471 31 7
426 819 30 10
426 1160 41 2
426 1310 50 3
427 866 28 1
427 1296 37 1
427 1336 40 5
428 434 2 5
429 455 16 15
429 594 41 3
429 764 31 3
429 1516 15 12
430 625 31 2
430 688 38 11
430 905 44 9
430 1121 60 3
430 1468 17 15
431 821 49 4
431 944 51 15
431 1475 16 11
432 456 27 13
432 465 37 8
432 1052 54 13
432 1261 38 5
432 1270 50 1
433 440 33 11
433 588 31 9
433 686 56 8
434 579 60 5
434 600 24 2
434 739 35 2
434 812 39 15
435 458 6 14
435 607 7 4
435 670 32 8
435 856 19 4
435 889 30 13
435 1107 39 3
435 1204 18 3
436 499 4 2
436 719 19 10
436 998 56 8
436 1081 14 3
436 1207 34 3
436 1411 29 3
437 590 2 8
437 1002 30 5
437 1071 48 14
437 1148 19 8
438 560 45 14
438 727 14 11
438 1055 3 15
438 1081 58 3
438 1371 59 5
438 1550 2 11
439 538 48 10
439 621 53 4
439 944 22 13
439 1202 48 13
439 1302 12 2
439 1311 46 1
439 1426 18 15
440 445 23 12
440 507 35 8
440 879 36 3
440 899 33 6
440 1021 53 13
440 1082 27 9
440 1381 47 3
441 564 50 4
441 812 53 5
441 1275 9 1
441 1411 36 4
442 821 51 5
442 1157 16 15
442 1421 10 1
443 572 55 10
443 711 40 4
443 1454 2 1
444 853 25 13
444 1237 8 12
444 1319 47 7
445 626 20 12
445 1002 44 14
445 1055 54 12
445 1179 25 2
445 1303 3 7
446 668 40 9
446 678 22 9
446 787 20 5
446 813 11 10
446 1212 38 4
447 625 59 11
447 669 32 8
447 830 30 1
447 1022 50 5
447 1051 4 6
447 1166 41 14
447 1168 49 1
447 1309 29 15
448 759 44 15
448 803 27 10
449 660 16 11
449 825 32 13
449 1039 44 6
450 548 5 1
450 979 31 14
450 1263 38 11
451 1233 10 1
451 1547 30 4
451 1555 34 5
451 1556 45 1
452 578 52 13
452 580 25 10
452 690 14 6
452 840 2 4
452 1000 51 10
452 1255 9 1
452 1496 23 7
453 555 6 6
453 853 25 15
453 1012 36 6
453 1299 31 13
454 601 49 1
454 758 7 8
454 996 49 14
454 1154 6 15
454 1512 44 9
455 500 50 2
455 550 16 4
455 676 43 14
455 755 12 3
455 1100 2 8
455 1235 39 13
456 998 49 14
456 1105 52 14
456 1204 4 5
456 1269 10 12
456 1464 57 14
456 1483 59 8
457 729 59 4
457 780 25 8
457 914 36 4
457 1112 49 6
457 1290 56 8
457 1402 13 6
457 1487 58 6
458 627 10 14
458 1128 34 13
458 1362 5 11
459 529 34 7
459 717 46 10
459 909 18 2
459 1036 56 13
459 1170 21 13
459 1254 50 12
459 1285 58 14
460 477 44 7
460 594 30 12
460 677 4 10
460 879 54 14
460 1120 40 15
460 1210 9 7
461 564 37 3
461 1020 6 12
461 1081 44 3
461 1281 8 10
461 1334 31 14
461 1462 3 3
462 1477 52 13
463 486 55 11
463 1201 31 10
463 1227 58 13
463 1228 8 15
463 1350 29 10
464 1098 1 6
464 1161 48 15
464 1212 41 15
465 725 37 1
465 855 57 11
465 1196 2 11
465 1302 12 6
465 1342 14 13
465 1346 4 11
466 1152 26 1
466 1248 25 7
467 849 42 5
467 1546 6 2
468 1053 52 11
468 1080 9 3
468 1168 55 14
468 1523 17 1
469 937 19 6
470 665 31 9
470 719 26 10
470 1293 32 12
470 1426 49 13
470 1539 2 14
471 532 21 3
471 537 1 10
471 786 42 5
471 860 50 14
471 966 49 5
471 1014 38 8
471 1292 43 7
471 1488 5 4
472 523 8 6
472 811 25 3
473 564 47 9
473 873 18 7
473 1135 54 7
474 562 22 12
474 751 38 15
474 1025 16 4
474 1285 55 3
474 1371 1 14
474 1391 6 3
475 1058 28 3
475 1089 18 7
475 1430 17 1
476 826 20 13
476 922 32 1
476 1061 57 7
476 1203 17 8
476 1272 32 3
477 499 7 1
477 893 60 8
477 1110 58 12
477 1132 7 11
478 550 28 15
478 603 5 14
478 710 27 13
478 942 45 12
478 1216 7 4
479 875 46 12
479 1005 22 1
479 1193 21 12
479 1263 18 8
479 1305 28 14
479 1323 21 13
479 1555 33 14
480 481 50 7
482 615 44 11
482 787 8 10
482 790 19 15
482 954 6 9
482 1372 2 8
483 806 41 4
483 878 27 9
483 889 26 1
483 1185 25 11
483 1238 42 4
483 1419 36 8
485 585 14 11
485 1224 27 1
486 499 15 9
486 570 33 8
486 629 56 4
486 1272 19 1
486 1414 24 11
486 1470 4 1
487 593 16 12
487 607 58 9
487 720 12 11
487 821 32 1
487 1241 5 9
487 1253 29 5
487 1324 13 13
487 1401 47 9
487 1556 11 2
488 753 19 4
488 868 30 15
488 1346 55 11
489 785 17 11
489 899 7 1
489 1026 48 8
489 1210 48 4
489 1374 58 11
490 635 34 1
490 855 21 12
490 1030 4 15
490 1405 9 3
490 1500 48 2
491 540 28 6
491 798 8 4
491 799 10 12
491 1062 33 3
491 1102 5 15
491 1533 24 11
492 524 15 11
492 551 3 11
492 994 51 6
492 1010 26 10
492 1231 55 13
492 1264 4 13
492 1307 6 4
493 1050 41 13
494 864 37 10
494 1355 14 8
495 977 18 10
496 755 54 7
496 1180 53 9
496 1341 40 12
496 1474 35 6
497 571 32 13
497 607 40 2
497 628 32 13
497 631 37 12
497 866 15 5
497 1071 52 4
497 1354 7 8
497 1434 16 3
498 506 10 11
498 548 36 15
498 759 39 10
498 794 29 5
498 1020 17 8
498 1119 38 8
498 1497 35 5
499 932 39 13
500 574 16 13
500 933 48 13
500 1008 2 7
500 1045 39 6
500 1378 57 13
501 594 17 4
501 861 31 11
501 965 12 7
501 1182 20 15
502 769 28 9
502 1113 55 7
502 1127 34 15
502 1131 12 4
502 1326 33 7
502 1373 30 6
503 603 17 8
503 876 6 1
503 919 9 4
503 940 11 11
503 1077 23 10
503 1289 4 13
504 1459 44 4
505 996 57 4
505 1087 50 4
506 555 17 2
506 644 44 13
506 1136 40 7
506 1539 41 10
507 540 6 9
507 549 50 1
507 709 17 3
507 775 24 7
507 810 3 4
507 1011 4 7
507 1038 13 3
508 720 17 11
508 838 52 6
508 1282 31 15
509 748 4 7
509 855 57 7
509 891 30 14
509 1429 37 6
509 1463 16 11
509 1494 34 14
510 1019 24 4
510 1265 52 10
510 1299 31 8
511 791 6 1
511 955 5 14
511 1051 53 10
512 904 36 7
512 946 16 15
512 1421 46 4
513 1053 53 12
513 1060 38 7
513 1228 58 6
514 803 41 15
514 951 53 7
514 955 16 4
515 671 26 9
515 780 15 11
515 1277 18 4
515 1451 47 8
515 1519 5 12
516 639 20 10
516 868 46 7
516 1001 37 10
516 1147 22 4
516 1345 16 5
516 1508 55 6
517 585 2 14
517 667 17 15
517 761 8 1
517 1017 45 15
517 1533 5 4
518 1237 56 5
518 1355 48 14
518 1429 16 2
519 1117 13 6
519 1262 49 12
519 1542 6 10
520 538 5 9
520 895 35 8
520 911 22 2
520 998 44 8
520 1032 28 7
520 1033 48 1
520 1128 24 7
520 1242 38 6
520 1372 3 13
520 1453 31 3
521 857 23 7
521 1202 33 14
521 1299 29 9
521 1398 7 14
521 1406 13 10
521 1412 36 10
521 1466 13 10
522 577 57 12
522 834 43 1
522 898 1 4
522 1341 18 6
523 683 27 7
523 1068 10 15
523 1138 9 15
523 1439 12 5
524 959 5 15
524 1130 39 5
524 1144 25 12
525 629 50 12
525 876 7 14
525 1079 27 11
525 1358 33 13
525 1546 32 11
526 785 28 9
526 1470 11 10
527 823 4 4
527 1270 59 4
527 1504 45 1
528 1025 15 9
528 1045 60 3
528 1196 17 6
528 1283 29 11
528 1330 50 8
529 537 46 14
529 567 41 13
529 958 22 2
529 994 60 15
529 1272 15 1
529 1549 40 1
530 607 14 13
530 836 33 12
530 1429 13 7
530 1529 5 2
531 675 9 8
531 768 13 6
531 853 26 8
531 887 21 11
531 1057 5 15
532 812 51 12
532 1018 20 6
532 1188 46 1
532 1248 43 5
532 1259 23 12
532 1464 29 6
533 1060 28 2
533 1100 12 9
533 1146 30 13
534 1049 56 11
534 1244 32 4
534 1248 28 7
534 1324 49 10
535 635 15 2
535 732 3 6
535 742 15 15
535 746 10 3
535 898 6 13
535 899 42 12
535 1025 21 11
535 1069 46 12
535 1384 13 4
535 1412 38 6
536 634 10 11
536 837 28 12
536 842 8 8
536 1008 39 7
536 1245 24 12
536 1357 17 1
536 1518 28 5
536 1545 24 6
537 854 49 4
537 1155 28 4
537 1398 51 15
538 1168 49 14
538 1314 7 10
538 1399 50 1
538 1409 14 7
539 944 1 15
539 945 47 9
539 1235 46 7
539 1474 3 1
540 773 14 2
540 968 2 2
540 1490 12 7
541 579 2 2
541 581 57 11
541 742 14 11
541 938 17 11
541 960 40 9
541 1097 27 13
541 1277 36 8
541 1305 52 1
541 1414 16 7
542 632 48 10
542 794 29 14
542 1249 51 12
542 1446 45 11
542 1495 29 11
544 595 28 14
544 1248 5 2
544 1285 22 3
545 722 31 3
545 822 24 6
545 1221 39 7
546 996 49 10
546 1383 53 4
547 915 50 2
547 1291 29 15
547 1473 39 8
548 778 27 11
548 880 33 4
548 1062 60 5
549 573 20 6
549 1019 24 7
549 1100 55 15
549 1235 12 1
550 562 32 2
550 647 51 9
550 1161 37 13
550 1324 13 4
550 1435 49 12
550 1441 56 8
551 867 25 11
551 891 52 9
551 1065 24 9
551 1202 2 6
551 1345 51 11
552 662 29 7
552 714 20 7
552 971 42 13
552 1099 14 6
552 1291 51 3
552 1308 37 12
552 1310 19 3
553 687 3 11
553 870 3 2
553 902 15 11
553 922 13 6
553 1202 45 4
553 1377 7 5
553 1429 39 15
553 1433 31 10
554 557 10 9
554 662 34 13
554 1000 43 9
554 1260 36 7
554 1419 12 1
555 669 17 8
555 899 56 11
555 1034 1 6
555 1120 12 9
555 1335 36 7
556 1141 6 4
556 1326 54 1
557 1486 46 1
558 794 6 15
558 1082 59 1
558 1125 4 5
558 1203 6 4
558 1254 15 11
558 1426 28 15
559 652 38 5
559 789 58 15
559 895 11 14
559 1152 51 1
559 1443 32 9
559 1450 2 7
560 930 25 6
560 986 46 10
560 1200 51 11
560 1492 29 12
561 863 57 13
562 739 59 3
562 1007 41 5
562 1157 19 12
562 1513 2 14
563 931 59 9
563 1549 40 7
564 621 52 10
564 975 34 15
564 1253 36 1
565 1427 16 12
566 1350 27 9
567 1154 46 13
567 1381 15 4
568 590 25 9
568 592 33 2
568 1083 22 15
568 1086 37 3
568 1349 18 3
568 1461 49 6
568 1528 34 7
569 892 41 12
569 987 17 11
569 995 55 2
569 1209 33 3
569 1269 41 1
569 1289 12 14
570 1029 16 10
570 1224 25 14
570 1370 15 13
570 1542 45 5
571 843 38 10
571 1116 33 5
571 1214 5 4
571 1436 20 11
571 1465 37 11
571 1492 47 6
571 1496 26 11
572 797 7 4
572 1193 29 14
572 1273 38 8
572 1332 51 9
572 1407 15 11
572 1471 10 12
572 1483 20 8
573 760 60 6
573 963 51 12
573 992 9 15
573 1241 8 6
573 1465 30 10
574 713 53 6
574 957 48 2
574 962 18 9
574 1007 17 15
574 1256 60 3
574 1323 18 12
574 1367 46 12
574 1464 44 8
575 712 25 11
575 783 8 2
575 929 13 15
576 584 7 1
576 1217 20 5
576 1349 38 7
577 807 51 9
577 1113 5 4
577 1443 4 11
578 602 39 2
578 822 50 7
578 904 43 1
579 599 58 9
579 665 31 6
580 762 3 4
580 774 56 8
580 991 35 8
582 598 19 5
582 705 38 4
582 983 6 14
582 1100 39 3
583 855 43 6
583 897 3 12
583 1108 33 12
583 1259 16 10
583 1390 15 14
584 954 19 3
585 690 43 3
585 698 27 12
585 1299 33 1
586 651 19 4
587 706 55 11
588 677 39 13
588 1131 57 5
589 636 50 3
589 876 53 1
589 991 32 12
589 1077 37 7
590 754 15 14
590 1123 48 10
590 1278 49 15
591 602 25 11
591 696 33 9
591 1174 29 4
591 1211 20 8
591 1346 19 4
591 1447 10 12
591 1467 15 10
592 672 4 4
592 784 40 2
592 884 5 4
592 1455 13 8
592 1475 8 12
593 1242 52 8
594 803 38 2
594 919 46 11
594 944 38 5
594 1332 23 6
594 1560 15 2
595 805 28 6
595 910 41 1
595 940 59 14
595 1064 22 8
595 1389 34 9
596 933 19 7
596 977 51 2
596 1040 34 6
596 1103 48 4
596 1273 52 12
596 1320 39 11
596 1507 16 2
597 1371 36 2
597 1461 36 7
598 607 19 14
598 1251 40 2
598 1282 28 13
598 1425 45 11
599 1095 38 14
599 1253 60 11
599 1288 32 12
600 687 51 4
600 736 39 13
600 777 5 15
600 982 45 15
600 1354 6 6
600 1376 33 9
601 785 43 6
601 786 47 9
602 662 10 13
602 919 15 7
602 923 5 6
602 1533 6 15
603 666 43 5
603 879 23 10
603 1285 6 10
604 674 25 14
604 704 47 5
604 830 48 15
604 902 50 8
604 1187 20 5
604 1194 15 7
604 1378 53 1
604 1554 55 3
605 725 37 9
605 1027 55 1
605 1224 20 14
605 1246 34 2
605 1351 49 9
605 1370 47 11
605 1525 9 1
606 764 14 12
606 836 42 11
606 1088 34 3
606 1295 16 8
606 1528 50 15
607 1010 44 14
607 1238 33 1
607 1486 50 10
608 850 7 8
608 1201 5 14
608 1396 60 1
609 613 2 14
609 1501 29 9
610 1226 41 15
610 1268 53 6
611 628 27 2
611 1128 36 7
611 1467 27 2
611 1525 57 2
612 1183 1 15
612 1243 50 2
612 1359 1 15
613 627 35 6
613 858 52 7
613 1218 52 7
613 1328 22 8
615 657 49 2
615 1034 20 4
615 1445 9 9
616 769 56 10
616 910 6 4
616 1069 52 4
616 1451 17 5
617 797 16 14
617 942 14 2
617 975 47 6
617 1445 43 8
618 896 56 2
618 1007 40 1
618 1115 41 12
619 878 54 5
620 694 7 12
620 957 7 15
620 1381 49 12
620 1420 25 12
620 1429 11 8
620 1436 47 1
621 648 38 12
621 1185 60 7
621 1214 6 15
621 1257 12 12
622 662 6 9
622 797 19 3
622 808 3 12
622 883 4 12
622 1028 50 13
622 1146 55 13
622 1178 13 6
622 1484 48 3
623 953 39 6
623 1201 2 11
623 1332 9 11
623 1514 7 5
624 900 7 15
624 957 6 12
624 1358 2 12
625 961 28 2
625 1249 16 10
625 1352 56 7
626 748 30 3
626 988 21 11
626 1240 28 3
628 1098 27 6
629 672 16 6
629 780 16 7
629 807 45 15
629 911 18 1
629 1101 59 14
629 1229 2 8
629 1434 4 15
630 908 16 2
630 1086 59 11
630 1289 54 13
631 1130 15 12
631 1239 8 11
631 1298 1 5
631 1551 39 8
631 1555 5 3
632 801 9 10
632 829 43 8
632 920 57 1
632 1093 32 13
632 1241 22 6
632 1253 21 5
633 657 13 7
633 1095 10 7
633 1186 29 15
633 1279 39 14
633 1349 45 15
634 726 2 11
634 1157 56 11
634 1416 28 8
634 1472 28 10
634 1487 39 13
635 751 52 5
635 995 40 3
635 1225 55 12
636 691 31 12
636 1049 15 1
636 1491 57 4
637 1007 41 15
638 793 35 11
638 1529 36 13
639 660 43 6
639 1046 38 15
639 1115 30 12
640 709 54 10
640 783 38 13
640 831 39 5
640 1126 59 12
640 1538 55 4
640 1558 38 13
641 692 29 8
641 901 39 3
641 1078 56 14
641 1084 2 6
641 1100 24 8
641 1323 25 15
641 1338 36 10
642 857 10 3
642 1008 52 11
642 1212 30 13
642 1214 27 10
642 1287 4 12
642 1305 39 4
643 682 28 9
643 751 24 9
643 758 47 7
643 957 39 14
643 981 38 11
643 1031 24 3
643 1080 60 7
643 1122 53 12
644 816 54 5
644 913 52 13
644 1116 36 12
644 1189 1 8
644 1241 53 1
645 1282 32 11
646 1046 13 8
646 1051 41 9
646 1503 31 11
647 1046 24 10
647 1214 6 11
647 1407 56 12
647 1558 2 1
648 850 40 14
648 888 25 10
648 1172 33 14
648 1385 18 6
648 1394 23 10
648 1482 8 12
649 807 39 3
649 1134 39 6
649 1518 45 10
650 1133 60 1
650 1168 3 6
650 1300 24 14
651 1189 35 7
652 1070 14 6
652 1164 56 11
652 1409 52 2
653 684 37 10
653 875 20 4
653 986 59 8
654 692 54 8
654 854 31 5
654 872 49 11
654 918 53 2
654 963 25 9
654 1168 53 8
654 1184 30 2
654 1261 28 1
655 751 3 15
655 1115 20 11
656 839 2 8
656 1052 32 13
656 1093 56 2
656 1182 11 15
656 1184 8 4
656 1360 48 4
657 718 36 9
657 1279 52 1
658 967 28 8
658 986 7 13
658 1160 14 6
658 1343 3 9
658 1501 29 12
659 942 7 4
659 1269 26 5
659 1450 53 4
660 1179 56 3
660 1275 24 7
660 1358 59 4
660 1552 7 8
661 1045 14 3
661 1256 24 13
662 720 36 3
662 1068 55 12
662 1134 54 9
663 875 56 6
663 1120 30 8
663 1443 8 2
663 1514 50 14
663 1534 47 9
664 740 60 7
664 1022 45 9
664 1124 14 10
664 1246 30 3
664 1365 23 11
664 1473 30 11
665 1157 48 5
666 689 40 13
666 1550 30 12
667 831 59 3
667 972 28 11
668 1129 16 4
668 1359 60 9
669 1022 11 9
669 1190 3 1
669 1226 60 1
669 1282 59 13
670 905 58 4
670 932 53 3
670 1229 44 13
670 1238 40 4
670 1439 47 4
671 1388 9 3
672 996 18 2
673 871 21 5
673 1210 46 15
673 1319 38 2
673 1384 20 4
673 1403 50 4
673 1464 40 15
673 1558 44 15
674 945 34 4
674 968 14 12
674 1456 18 6
675 747 5 10
675 936 47 14
675 1103 21 15
675 1398 46 3
677 728 25 1
677 813 22 4
677 907 41 13
678 1044 53 3
678 1159 44 13
679 707 13 11
679 915 33 9
679 921 40 13
679 1297 26 7
680 1052 7 15
680 1441 50 14
681 1272 31 5
681 1371 23 1
682 1077 36 7
683 831 31 7
683 1074 7 15
683 1246 55 14
683 1399 37 5
684 1310 21 12
685 1233 37 14
686 1182 37 5
686 1511 52 1
687 905 25 5
687 1040 36 5
688 864 50 10
688 931 37 2
688 991 3 3
688 1429 51 2
688 1557 39 8
689 730 27 9
689 765 41 12
689 1361 19 11
689 1531 28 13
690 717 19 1
690 862 26 4
690 1115 58 9
690 1117 53 14
690 1231 35 1
691 701 33 7
691 964 28 5
691 1037 29 5
692 997 52 12
692 1111 41 5
692 1281 52 1
693 888 40 8
693 1179 44 6
693 1260 12 3
694 828 27 4
694 1008 25 4
694 1534 24 5
695 822 23 7
695 988 50 7
695 1477 56 14
696 706 28 3
696 1078 43 10
696 1324 46 6
696 1392 50 15
697 711 15 8
697 874 6 14
697 1070 20 7
697 1121 23 12
697 1235 39 2
697 1424 56 1
697 1551 60 12
698 712 27 9
698 948 34 15
698 971 44 5
698 1452 30 9
699 728 59 8
699 802 48 14
699 846 3 5
699 1050 14 3
699 1068 29 7
700 803 25 8
700 958 31 5
700 995 18 15
700 1051 45 3
700 1297 54 8
700 1543 58 12
701 859 53 5
701 907 3 4
701 922 48 15
701 1554 28 2
702 759 9 7
702 1209 39 10
702 1248 44 3
703 844 31 11
703 977 28 12
703 1121 50 8
703 1453 16 2
703 1542 6 12
704 791 26 7
705 1043 46 7
705 1270 12 3
705 1304 34 4
705 1345 25 12
705 1354 30 8
706 770 37 15
706 903 47 4
706 917 60 11
706 934 36 3
706 948 22 2
706 1426 15 10
707 934 32 11
709 762 60 13
709 875 14 13
709 982 55 3
709 1147 24 3
709 1178 53 6
709 1303 54 7
709 1370 57 8
709 1492 5 8
710 818 55 8
710 961 37 13
710 1320 27 14
710 1371 12 13
711 1121 38 7
711 1417 32 10
712 735 4 2
712 821 18 13
712 1516 41 9
713 1147 59 3
714 835 39 8
714 1240 56 6
714 1402 43 12
715 1183 21 7
716 788 22 3
716 1292 5 5
716 1491 27 7
717 1467 1 4
717 1490 11 9
718 942 40 15
718 1375 7 14
718 1414 45 6
718 1505 19 11
719 780 49 14
719 1252 11 6
719 1436 24 2
720 1124 21 11
720 1330 15 6
720 1344 44 12
720 1417 58 15
721 1034 9 12
721 1089 44 15
722 1552 20 7
723 726 13 5
723 1066 49 8
723 1166 51 8
723 1377 12 10
723 1485 48 4
724 745 6 8
724 1104 56 8
725 1221 14 4
726 1378 1 15
726 1468 43 11
727 831 36 15
727 988 41 9
727 990 14 9
727 1476 36 1
727 1537 54 8
728 776 3 6
728 839 52 2
728 1111 45 9
728 1366 35 13
728 1425 45 11
729 1149 36 8
730 1055 33 10
730 1176 11 14
731 750 26 13
731 766 48 9
731 1026 9 2
731 1223 4 8
731 1523 58 2
732 1306 56 13
732 1530 53 7
733 850 41 6
733 1498 46 15
733 1553 48 14
734 789 18 3
734 829 51 5
734 1167 50 9
734 1559 32 6
735 1496 46 13
735 1553 27 11
736 747 53 2
736 877 12 13
736 1195 47 12
736 1218 26 2
736 1286 26 11
736 1331 30 11
737 1176 5 13
737 1408 47 9
738 908 42 5
738 1032 55 13
738 1109 53 13
738 1153 49 4
739 982 35 13
740 748 38 10
740 871 12 2
740 1090 46 7
740 1513 14 1
741 1329 46 15
741 1424 33 13
742 953 28 5
742 1412 22 14
743 770 6 10
743 998 35 2
743 1002 5 10
743 1145 42 5
743 1455 15 8
743 1560 34 6
744 852 42 3
744 870 24 7
744 946 52 9
744 1283 36 11
744 1365 23 6
744 1481 6 10
745 840 36 4
745 890 56 2
745 923 42 15
745 1008 37 4
745 1158 10 11
746 1163 1 8
747 1104 13 12
747 1175 49 2
748 869 28 14
748 1101 52 14
748 1282 39 9
748 1311 48 14
748 1433 33 9
748 1468 48 8
749 810 6 13
749 860 29 13
750 1336 17 13
751 810 57 9
751 952 19 8
751 973 56 5
751 1323 10 6
752 775 15 11
752 1236 22 3
752 1285 33 14
753 800 21 6
753 941 5 2
753 1504 45 8
754 913 55 1
754 1218 38 6
754 1387 52 3
754 1548 59 11
755 859 39 6
755 1388 29 7
755 1491 50 10
756 837 11 2
756 1024 9 13
756 1295 35 2
756 1468 33 12
757 973 33 9
757 1211 60 1
757 1262 24 7
757 1474 14 5
757 1560 25 6
758 853 37 12
758 1245 26 5
758 1304 29 11
758 1404 48 2
758 1534 7 11
759 901 7 2
759 1556 10 15
760 813 9 14
760 860 52 2
761 1026 22 3
762 786 28 10
762 1076 21 10
762 1092 57 6
762 1373 34 3
763 829 2 6
763 1011 9 9
763 1106 29 8
763 1272 14 7
764 974 35 8
764 1287 49 14
764 1455 4 11
764 1517 8 6
765 883 9 1
765 1051 16 4
766 1093 49 13
767 851 8 9
767 931 25 5
767 1411 28 8
768 919 28 1
768 1428 35 3
769 903 32 5
769 1369 50 13
769 1515 45 9
769 1548 59 12
770 1202 37 13
770 1529 15 2
771 906 29 8
771 1041 48 9
772 1481 24 14
773 1076 42 11
773 1212 37 15
773 1249 11 2
773 1293 42 8
773 1419 48 11
774 1079 5 1
775 958 37 10
775 1320 44 12
775 1454 35 13
775 1472 33 2
776 799 46 8
776 831 20 5
776 1002 43 7
776 1021 20 4
776 1101 1 11
776 1241 60 4
776 1276 19 3
776 1371 50 15
777 1085 52 15
777 1388 51 5
778 793 7 13
778 1528 7 2
778 1532 58 14
779 1270 43 15
779 1556 34 14
780 1114 3 2
780 1245 5 2
781 926 44 12
781 1027 13 11
781 1170 54 7
782 796 28 11
782 1489 18 10
783 932 25 11
783 1006 33 8
783 1083 41 2
783 1096 53 2
784 1027 21 10
785 848 55 15
785 946 10 4
785 1284 2 6
785 1303 2 2
786 1197 37 2
786 1501 58 14
787 881 38 12
787 1066 27 1
787 1183 19 2
788 800 5 11
788 1177 41 15
790 1112 11 15
791 861 38 11
791 1009 53 15
791 1530 15 5
792 1294 44 14
793 835 11 13
793 953 10 8
793 1067 2 12
793 1174 1 5
793 1211 46 14
793 1266 47 7
793 1298 60 6
793 1342 3 14
794 1037 13 1
794 1046 20 12
794 1049 38 7
794 1248 50 3
794 1412 51 14
794 1482 5 4
794 1525 36 7
795 991 39 14
795 996 2 8
795 1032 34 15
795 1261 12 10
795 1269 59 12
795 1316 50 15
795 1385 23 5
795 1407 43 11
795 1521 36 10
796 843 3 6
796 1060 3 8
796 1215 31 2
797 847 60 2
797 894 27 3
797 1439 10 5
797 1476 37 3
798 820 45 15
798 995 12 13
798 1092 6 15
798 1150 36 2
799 810 36 6
799 907 13 15
800 1104 60 14
800 1141 40 1
800 1308 40 1
800 1311 49 9
800 1479 40 11
801 873 59 1
801 1188 16 5
802 962 6 4
802 1293 38 6
803 1301 30 7
804 845 9 13
804 1063 34 9
804 1076 51 2
805 861 15 13
805 908 20 10
805 1168 14 4
805 1209 52 12
806 1097 4 1
806 1184 58 13
806 1458 41 15
807 1214 1 4
807 1331 41 15
808 1258 51 14
808 1327 27 3
808 1342 33 13
809 815 19 11
809 1476 8 12
809 1498 11 5
810 1051 34 12
810 1391 34 12
811 1121 45 9
811 1136 45 14
811 1286 21 4
811 1335 18 3
811 1397 47 9
811 1401 3 3
812 989 55 7
812 1191 16 3
812 1403 59 10
812 1460 50 14
813 1048 5 3
813 1341 16 7
813 1353 46 6
814 925 59 14
814 1092 13 12
814 1328 15 10
815 886 12 12
815 1495 33 10
816 1070 14 5
816 1104 50 2
816 1279 49 11
816 1297 50 11
816 1467 3 12
817 1111 8 9
817 1179 2 12
818 903 36 8
818 1025 58 10
818 1131 37 15
818 1207 18 2
818 1279 43 10
818 1359 16 4
818 1519 47 1
820 1495 20 7
821 837 31 14
821 926 3 2
821 1101 21 9
821 1490 4 3
821 1552 53 3
822 837 44 13
822 838 30 9
822 916 19 15
822 990 13 2
822 1038 55 8
822 1166 11 13
823 1050 10 10
823 1238 10 1
823 1239 24 13
823 1366 18 13
823 1531 36 2
824 991 51 12
824 1067 16 4
824 1422 10 15
825 1341 23 6
826 862 59 6
826 883 58 4
827 1332 59 7
827 1418 17 2
828 843 31 7
828 899 7 2
828 961 40 11
829 849 6 8
829 871 10 8
829 1419 4 2
829 1426 47 9
830 917 17 1
830 937 49 14
830 1142 51 8
830 1532 40 1
831 851 53 11
832 877 27 10
832 1005 22 11
832 1031 18 14
832 1252 37 1
832 1465 49 3
833 1293 36 9
833 1554 2 11
834 865 33 9
834 924 34 14
834 1502 58 7
835 850 24 1
835 951 33 2
835 1057 46 11
835 1144 55 7
835 1510 54 12
835 1537 23 8
836 857 13 13
837 1280 37 10
838 850 8 11
838 1037 56 4
838 1049 8 11
838 1131 21 10
838 1221 47 2
838 1267 44 2
838 1311 58 11
838 1445 8 10
839 909 60 8
839 1087 53 14
840 1002 21 3
840 1275 44 12
840 1343 2 10
840 1478 20 12
841 901 11 3
841 1469 22 14
842 889 40 5
842 1009 16 14
843 1295 18 13
843 1339 56 3
844 1049 30 3
844 1388 26 12
844 1511 42 1
845 1041 13 2
845 1113 49 13
846 1122 10 9
847 1248 52 11
847 1320 57 9
848 1306 32 14
849 938 44 8
849 1048 21 5
849 1153 16 9
849 1317 50 2
849 1516 27 7
849 1541 52 7
850 1515 47 7
851 1268 20 1
851 1378 33 7
851 1490 39 6
852 1211 60 8
852 1247 23 6
852 1436 58 8
852 1440 22 15
853 1100 19 4
853 1410 46 5
854 863 30 1
854 1064 17 12
854 1185 39 3
854 1466 6 10
854 1471 15 13
855 859 27 13
855 910 59 6
855 1147 60 11
855 1372 30 7
855 1378 24 5
855 1543 56 13
856 1237 38 13
857 1434 49 10
858 1151 42 11
858 1182 12 2
858 1517 27 2
860 861 47 3
860 1123 9 4
861 1091 49 10
861 1495 14 3
861 1518 57 10
863 1282 12 8
865 932 19 9
865 1457 21 1
866 1029 60 13
867 895 35 1
867 1084 5 8
867 1510 45 10
868 1008 37 14
868 1191 56 5
869 1204 27 1
870 1419 23 13
870 1493 20 10
871 906 48 4
871 911 10 11
871 1065 21 4
871 1168 33 14
871 1297 45 8
872 951 26 3
872 1215 15 14
872 1532 58 15
873 1114 31 13
873 1337 58 12
874 1014 6 1
875 945 30 5
875 1093 23 6
875 1134 41 5
875 1377 9 5
875 1391 12 9
875 1435 19 2
876 878 28 9
876 1090 27 10
876 1458 26 13
877 914 26 1
877 1159 33 12
877 1208 59 7
877 1278 53 11
877 1316 22 2
877 1462 38 3
878 960 29 7
878 1213 39 12
878 1340 41 6
878 1544 5 10
879 970 55 15
879 1273 36 1
879 1457 26 12
880 976 3 10
880 1231 3 7
880 1296 16 6
880 1417 12 3
880 1477 18 1
880 1553 3 11
881 1274 36 14
881 1360 25 4
882 1130 60 1
882 1536 45 7
883 939 3 12
883 985 16 3
883 1105 8 12
883 1386 22 11
883 1493 3 2
883 1511 18 13
884 1004 38 13
884 1199 49 15
884 1549 18 1
885 905 23 5
886 984 5 1
886 992 9 3
887 1274 9 6
887 1434 41 11
888 968 7 10
888 1138 10 15
889 912 26 13
889 1027 58 15
889 1332 28 8
890 917 48 8
890 1370 9 1
890 1405 40 13
890 1434 31 9
891 1098 11 5
891 1332 49 6
891 1401 39 13
892 1299 10 15
892 1512 8 9
893 1079 30 12
893 1382 44 12
893 1536 3 9
894 1400 44 13
895 1117 25 1
895 1558 51 5
896 1142 57 3
896 1386 7 11
896 1516 38 15
897 1100 35 3
898 915 46 3
900 1166 41 12
900 1364 48 1
901 1221 24 15
901 1328 55 1
901 1371 33 7
902 933 1 6
902 987 23 4
902 1259 57 11
903 1039 59 10
903 1247 31 11
903 1267 18 11
903 1318 41 11
903 1446 26 7
903 1495 23 10
904 1032 50 13
904 1206 32 3
905 1068 34 9
905 1421 40 14
905 1468 24 11
906 984 27 1
906 1099 60 2
906 1106 53 15
906 1137 52 12
906 1227 33 12
906 1338 34 13
906 1402 27 3
906 1436 53 11
906 1509 4 3
907 1221 2 6
907 1295 18 13
908 1029 43 9
908 1200 37 14
908 1402 12 14
909 1426 54 10
909 1487 11 11
909 1556 51 8
910 1333 35 3
911 935 29 2
911 1297 41 5
911 1429 53 15
912 937 43 10
913 1534 44 10
913 1555 34 11
914 967 49 11
914 1087 15 13
914 1097 7 9
914 1222 9 14
915 986 7 8
915 1168 30 11
915 1183 3 9
915 1387 53 11
916 1008 20 12
916 1096 2 6
916 1487 37 12
917 1006 60 13
917 1382 2 11
918 1467 16 11
919 1493 13 6
921 1127 53 5
921 1170 25 14
922 1230 17 9
922 1249 36 11
922 1463 44 14
922 1546 6 1
923 1157 41 1
923 1168 22 5
923 1255 42 7
923 1359 25 6
923 1472 21 11
925 1237 17 10
925 1349 48 10
926 1020 19 6
927 1051 15 8
927 1136 14 9
927 1354 20 1
928 995 35 2
928 1096 5 1
928 1286 46 4
928 1377 14 6
928 1485 11 3
929 1052 22 5
929 1126 8 2
930 978 55 3
930 1294 47 2
931 957 40 8
931 1215 45 13
932 979 2 15
932 1120 51 14
932 1208 13 4
933 1326 29 8
935 1261 1 11
935 1484 4 9
936 1321 2 5
936 1475 20 14
936 1481 24 8
936 1556 36 8
937 1141 21 9
938 966 22 5
938 1328 24 10
938 1345 10 3
938 1353 23 12
939 1118 18 7
940 1244 11 12
940 1254 20 15
940 1448 19 9
941 1389 32 7
942 1395 11 15
942 1449 46 1
943 1191 24 15
943 1525 50 6
944 1125 22 4
944 1294 28 9
944 1469 3 2
944 1502 11 14
944 1530 2 15
945 1014 38 1
945 1476 33 9
946 1006 27 1
946 1230 46 15
946 1356 43 8
947 1519 7 5
948 1352 34 1
948 1508 28 14
948 1520 22 12
949 1033 53 4
949 1309 37 13
950 1165 41 15
950 1542 22 15
951 1023 48 13
951 1166 14 14
951 1375 33 15
951 1388 39 9
952 1281 6 7
952 1389 8 12
952 1418 12 9
953 1234 56 9
953 1294 19 15
953 1499 35 10
954 1360 29 7
954 1414 5 14
955 964 7 7
955 1123 38 6
955 1525 45 13
956 1177 58 7
956 1267 36 8
956 1325 17 4
956 1342 4 1
956 1421 39 11
957 971 16 1
957 1261 27 6
957 1287 49 9
957 1526 34 9
958 1202 2 14
958 1239 36 12
958 1377 2 3
958 1532 26 3
959 1036 59 6
959 1459 52 1
960 1076 25 14
960 1196 60 3
960 1314 46 13
960 1477 54 15
961 1008 30 11
961 1054 6 8
961 1347 6 15
961 1390 46 12
962 1083 57 5
962 1392 37 10
962 1394 37 8
962 1456 56 12
962 1463 45 7
963 1458 38 14
964 1077 14 6
964 1130 33 10
964 1296 3 7
965 1423 22 15
966 1345 9 13
966 1432 42 8
967 1019 2 9
967 1051 55 7
967 1250 40 6
968 1277 50 7
969 1040 23 9
971 1044 46 5
971 1435 13 12
972 1012 19 5
972 1132 50 6
973 1442 34 12
974 1308 42 5
974 1328 17 11
974 1476 18 2
975 1024 39 5
975 1130 26 12
975 1256 18 12
977 1068 43 14
977 1557 23 13
978 992 49 12
978 1107 15 7
979 1133 49 11
979 1234 32 7
979 1293 38 6
980 1005 20 15
980 1017 36 6
980 1194 36 10
981 1234 34 14
982 1072 52 7
982 1277 60 6
983 1100 26 5
983 1173 19 2
983 1339 45 2
985 1162 44 10
985 1207 3 1
985 1216 19 13
985 1345 45 7
985 1491 43 14
986 1204 48 15
986 1400 33 10
987 1165 13 13
988 1109 24 2
988 1388 31 14
988 1489 20 1
988 1526 60 15
989 1166 39 13
989 1462 7 5
990 1022 47 6
990 1282 17 4
990 1551 9 8
991 1447 1 5
992 1260 58 3
992 1437 20 3
992 1537 10 1
993 1545 31 3
994 1107 56 14
995 1149 16 5
995 1211 23 12
995 1332 33 13
995 1339 19 2
996 1079 8 3
996 1353 17 10
997 1036 9 4
999 1019 25 2
1000 1396 59 4
1000 1418 15 10
1000 1478 16 4
1002 1196 12 6
1003 1232 57 7
1003 1318 8 7
1003 1398 45 7
1003 1476 45 14
1003 1525 12 9
1004 1227 51 10
1005 1290 57 12
1005 1328 48 14
1006 1298 14 11
1006 1505 49 1
1007 1110 54 9
1007 1482 7 12
1007 1491 33 3
1008 1367 19 14
1008 1447 4 9
1008 1503 49 7
1009 1300 36 12
1009 1362 44 1
1010 1376 17 15
1013 1386 56 5
1014 1116 8 13
1014 1330 31 13
1014 1443 45 8
1014 1464 56 9
1014 1552 8 15
1016 1119 4 12
1016 1387 33 8
1017 1262 9 8
1017 1433 21 5
1017 1530 30 5
1018 1333 45 6
1020 1073 29 10
1022 1169 35 10
1023 1408 51 13
1023 1468 46 15
1024 1118 24 7
1024 1181 24 15
1024 1196 54 4
1024 1245 7 12
1024 1478 57 12
1025 1094 19 14
1025 1174 51 4
1025 1488 27 6
1026 1136 1 15
1026 1219 6 5
1026 1548 5 5
1027 1162 25 8
1028 1265 53 15
1028 1383 10 13
1028 1522 54 15
1029 1040 34 1
1029 1061 60 10
1029 1180 56 10
1029 1220 29 5
1029 1369 27 1
1030 1330 31 4
1030 1410 28 12
1030 1413 13 2
1031 1134 40 2
1033 1203 25 9
1033 1540 27 12
1034 1116 48 15
1035 1252 22 12
1036 1342 8 11
1036 1489 30 3
1036 1496 2 11
1037 1073 56 13
1037 1175 35 5
1038 1207 3 5
1038 1417 21 3
1038 1526 23 1
1039 1463 30 5
1040 1134 60 15
1040 1434 28 8
1042 1209 7 7
1042 1561 13 1
1043 1460 53 4
1043 1492 45 1
1044 1445 47 15
1044 1513 58 4
1044 1517 29 9
1046 1523 27 6
1047 1178 41 12
1047 1179 15 3
1047 1277 41 14
1048 1294 5 13
1048 1336 54 9
1048 1527 25 11
1049 1331 25 14
1049 1395 44 3
1049 1422 60 4
1050 1055 10 7
1050 1347 42 3
1050 1512 41 10
1051 1385 33 5
1051 1497 24 11
1051 1535 33 13
1052 1140 10 4
1052 1162 51 14
1052 1509 38 15
1053 1120 32 6
1053 1204 10 11
1054 1198 15 6
1054 1200 45 6
1054 1439 18 2
1054 1544 60 8
1055 1073 38 5
1055 1512 39 14
1056 1123 25 5
1056 1214 48 5
1056 1257 33 1
1057 1232 3 15
1057 1316 51 12
1057 1467 2 7
1058 1532 7 8
1059 1237 4 6
1059 1355 51 2
1059 1364 57 15
1061 1311 22 12
1061 1500 47 9
1062 1138 49 10
1062 1193 24 7
1062 1201 8 7
1062 1229 30 1
1062 1420 26 13
1063 1226 28 7
1064 1097 26 8
1064 1499 43 11
1065 1123 17 4
1065 1283 53 13
1065 1527 34 10
1066 1267 1 8
1067 1497 32 1
1068 1223 17 15
1068 1271 40 11
1068 1361 42 14
1068 1442 19 11
1069 1526 39 7
1070 1293 57 8
1070 1551 29 3
1071 1085 53 6
1072 1190 40 7
1072 1270 13 13
1072 1516 57 5
1073 1551 19 13
1074 1095 28 5
1074 1125 1 13
1074 1128 44 3
1074 1319 12 3
1074 1514 39 13
1075 1124 57 7
1076 1358 58 14
1076 1422 38 7
1076 1526 27 5
1077 1266 38 4
1078 1091 33 2
1078 1419 13 12
1079 1229 31 5
1079 1237 5 14
1079 1426 57 9
1080 1148 20 14
1083 1517 42 4
1083 1552 39 10
1083 1556 33 6
1084 1179 23 13
1084 1250 54 6
1084 1311 52 6
1085 1284 57 2
1086 1197 54 10
1086 1453 23 5
1087 1124 11 10
1087 1234 43 2
1087 1288 55 6
1087 1456 30 7
1087 1483 32 11
1088 1525 53 10
1090 1273 36 10
1090 1431 25 14
1090 1434 17 7
1091 1326 45 12
1094 1331 34 9
1094 1357 48 15
1096 1264 31 8
1096 1520 56 2
1097 1352 43 13
1097 1451 57 1
1099 1103 25 10
1099 1113 30 3
1099 1334 57 9
1100 1403 6 10
1100 1481 5 6
1100 1516 18 8
1101 1411 12 10
1102 1261 49 3
1102 1509 4 13
1103 1129 9 10
1103 1265 60 14
1103 1307 29 15
1103 1357 47 1
1103 1552 24 4
1104 1381 5 13
1105 1291 16 6
1105 1301 23 5
1105 1404 41 1
1105 1538 48 14
1105 1550 30 9
1107 1176 17 11
1107 1180 45 15
1107 1181 44 9
1109 1492 24 6
1110 1286 32 3
1111 1332 24 6
1111 1416 5 9
1111 1535 4 9
1112 1147 20 13
1112 1397 24 6
1113 1393 37 2
1113 1509 10 2
1116 1123 55 11
1116 1263 5 13
1116 1356 44 10
1117 1171 9 5
1117 1272 9 2
1117 1476 13 5
1118 1216 56 12
1118 1358 14 1
1118 1546 29 15
1120 1336 4 6
1121 1285 41 12
1121 1559 21 10
1122 1197 55 6
1122 1320 17 10
1122 1434 19 3
1123 1233 10 8
1124 1134 49 8
1124 1150 53 1
1124 1512 47 15
1127 1128 29 3
1128 1277 18 12
1128 1311 4 8
1130 1165 17 15
1130 1552 5 1
1131 1294 48 14
1131 1364 21 3
1131 1504 25 5
1132 1246 15 14
1132 1328 54 1
1133 1165 16 15
1133 1489 29 5
1134 1463 54 13
1135 1366 20 3
1135 1392 39 15
1136 1473 49 15
1138 1243 59 4
1138 1480 24 7
1138 1491 59 4
1139 1214 26 4
1139 1413 53 3
1140 1476 11 6
1141 1550 8 1
1142 1224 35 6
1142 1389 6 8
1142 1436 11 5
1142 1556 14 9
1144 1166 49 8
1144 1246 48 5
1145 1336 44 13
1145 1413 10 5
1146 1338 43 8
1146 1437 16 15
1147 1363 32 6
1148 1400 56 4
1148 1536 6 6
1151 1241 41 7
1152 1207 7 6
1153 1220 4 15
1153 1250 58 3
1153 1486 52 4
1154 1322 35 14
1154 1350 47 4
1154 1528 9 14
1155 1231 19 13
1158 1478 54 15
1159 1358 10 4
1159 1500 8 14
1160 1196 36 5
1160 1536 17 6
1161 1414 39 10
1161 1423 59 10
1162 1408 40 4
1163 1329 29 2
1163 1378 24 14
1163 1480 19 10
1164 1409 20 6
1164 1421 35 12
1164 1484 45 6
1164 1533 17 5
1166 1174 50 1
1167 1371 11 3
1168 1315 49 9
1168 1435 16 1
1169 1315 23 12
1169 1339 38 8
1169 1352 1 3
1169 1551 50 15
1170 1254 37 4
1170 1364 56 14
1171 1468 55 11
1171 1538 38 15
1172 1368 8 2
1173 1203 30 4
1173 1310 26 10
1173 1518 3 8
1173 1547 31 14
1174 1479 57 10
1175 1430 38 7
1176 1262 5 12
1176 1465 46 9
1177 1319 5 1
1180 1552 34 8
1181 1409 15 1
1182 1305 58 3
1182 1333 51 11
1184 1260 33 9
1184 1292 46 15
1184 1345 15 14
1184 1363 16 12
1184 1374 9 1
1185 1392 7 7
1185 1459 42 9
1185 1533 54 7
1187 1523 46 6
1188 1190 39 15
1188 1282 47 14
1189 1486 30 6
1189 1529 22 14
1190 1556 53 7
1191 1342 4 15
1191 1345 34 6
1194 1216 28 4
1194 1334 39 11
1194 1422 52 9
1194 1532 7 9
1195 1305 25 14
1196 1274 7 1
1197 1230 36 2
1197 1409 57 11
1198 1400 50 9
1198 1473 21 12
1199 1200 41 9
1199 1304 5 13
1199 1396 54 5
1202 1276 25 4
1202 1500 21 1
1203 1379 28 12
1204 1369 35 9
1206 1217 2 4
1206 1380 32 6
1206 1468 60 3
1206 1555 22 4
1207 1237 35 12
1207 1350 14 9
1207 1522 31 3
1207 1538 18 4
1209 1213 15 5
1209 1247 27 3
1209 1536 2 14
1210 1550 48 4
1212 1550 26 12
1213 1411 30 12
1214 1457 38 2
1215 1552 18 9
1216 1235 31 15
1216 1445 23 1
1219 1469 23 2
1220 1313 57 10
1222 1294 37 11
1223 1247 59 15
1223 1396 47 7
1223 1515 36 2
1224 1236 30 11
1224 1375 25 7
1225 1267 28 9
1225 1392 41 5
1225 1494 42 8
1225 1520 51 4
1226 1319 33 8
1226 1548 21 10
1227 1359 3 8
1227 1405 27 15
1227 1494 28 14
1229 1259 42 2
1230 1249 10 11
1230 1344 35 4
1230 1435 48 4
1232 1287 8 14
1232 1436 41 14
1233 1277 37 14
1233 1285 44 1
1233 1308 52 9
1234 1517 10 2
1235 1330 39 10
1235 1541 20 10
1236 1541 56 6
1237 1278 14 2
1237 1384 10 6
1237 1393 32 12
1237 1532 28 8
1238 1458 35 13
1238 1489 35 4
1238 1543 6 9
1240 1479 13 4
1242 1347 58 5
1242 1375 11 11
1246 1339 23 3
1247 1249 11 4
1247 1493 27 10
1247 1526 58 7
1249 1385 54 14
1249 1413 20 13
1249 1447 58 9
1250 1281 7 5
1251 1276 47 6
1253 1519 52 13
1254 1390 48 11
1254 1493 46 7
1255 1480 18 14
1255 1515 43 4
1255 1547 20 10
1257 1415 59 6
1259 1453 14 12
1260 1437 31 4
1260 1525 1 1
1262 1489 57 7
1262 1522 59 2
1264 1379 56 5
1265 1470 3 3
1266 1561 44 13
1267 1338 15 6
1267 1473 35 15
1268 1372 42 10
1269 1538 25 10
1269 1545 59 12
1270 1531 53 4
1271 1432 2 3
1272 1288 21 12
1273 1274 45 13
1274 1307 60 13
1276 1460 21 1
1277 1476 15 12
1278 1507 19 14
1279 1543 38 4
1280 1310 23 12
1280 1342 25 9
1280 1538 16 13
1281 1474 28 8
1283 1313 45 2
1286 1327 27 8
1286 1521 5 14
1287 1415 51 9
1288 1350 23 5
1290 1457 45 10
1291 1331 1 11
1291 1468 17 5
1295 1471 32 14
1297 1305 12 14
1297 1505 29 4
1298 1396 28 1
1298 1400 56 1
1299 1320 56 2
1301 1326 23 1
1301 1388 29 6
1301 1444 55 8
1303 1445 17 5
1304 1411 22 12
1305 1540 25 13
1306 1360 43 12
1308 1376 41 3
1308 1421 37 2
1308 1434 4 3
1308 1477 45 4
1310 1550 3 2
1313 1376 50 7
1316 1450 48 2
1316 1461 23 12
1317 1433 8 5
1317 1529 19 4
1319 1524 33 10
1320 1370 2 10
1324 1378 3 1
1326 1350 53 6
1326 1385 50 11
1326 1440 34 1
1330 1513 31 7
1332 1544 34 2
1334 1444 56 14
1337 1375 8 13
1340 1441 29 1
1341 1509 12 10
1341 1525 30 5
1343 1406 4 3
1343 1488 12 7
1344 1428 53 13
1344 1520 39 14
1345 1458 49 4
1346 1514 39 1
1346 1559 55 6
1347 1385 3 6
1350 1439 51 1
1351 1438 4 9
1352 1552 45 9
1353 1386 10 14
1357 1359 20 12
1357 1510 10 13
1358 1399 59 9
1361 1493 7 13
1361 1554 13 1
1362 1420 41 1
1363 1489 27 4
1363 1539 4 3
1364 1451 47 9
1366 1429 38 4
1373 1391 54 14
1373 1454 19 7
1374 1467 39 13
1377 1420 17 4
1379 1388 30 9
1379 1521 9 15
1380 1478 36 6
1381 1385 19 1
1381 1469 15 3
1381 1474 19 10
1382 1459 52 11
1382 1519 33 1
1383 1447 4 4
1384 1401 6 15
1384 1427 51 3
1384 1508 43 7
1387 1479 40 9
1390 1445 22 10
1391 1402 51 7
1394 1542 31 4
1396 1433 23 14
1397 1560 25 15
1398 1450 30 12
1398 1513 8 11
1399 1437 32 3
1399 1440 58 15
1399 1556 21 15
1401 1506 51 14
1401 1542 45 6
1401 1546 25 4
1404 1438 32 7
1408 1428 15 10
1409 1534 5 14
1411 1525 55 8
1417 1465 26 2
1420 1531 21 10
1421 1440 3 10
1421 1490 12 13
1421 1521 4 12
1426 1457 4 10
1426 1479 54 13
1431 1480 45 2
1440 1517 30 11
1445 1478 47 5
1445 1506 38 7
1446 1456 40 5
1446 1550 43 12
1451 1515 47 1
1453 1460 20 4
1457 1479 59 8
1458 1561 29 3
1461 1560 7 9
1464 1556 19 6
1466 1512 32 13
1470 1499 39 11
1470 1501 1 15
1474 1545 12 9
1475 1526 16 6
1475 1557 10 11
1481 1536 13 7
1482 1541 49 12
1485 1546 8 13
1490 1500 45 13
1492 1556 46 6
1501 1509 7 2
1503 1525 31 11
1504 1514 4 6
1510 1541 3 2
1519 1525 1 12
1535 1543 10 7
1538 1559 5 3

0 2 28
1 3 34
2 4 17
3 6 4
4 13 7
5 43 18
6 53 34
7 57 20
8 65 25
9 67 9
10 73 25
11 82 4
12 97 36
13 110 22
14 133 14
15 137 3
16 142 36
17 143 38
18 144 5
19 178 29
20 186 50
21 191 23
22 208 17
23 215 25
24 233 33
25 235 24
26 250 32
27 251 28
28 255 16
29 271 21
30 284 7
31 335 29
32 342 30
33 344 46
34 361 16
35 372 22
36 373 47
37 374 24
38 394 8
39 415 36
40 420 15
41 434 36
42 450 15
43 460 30
44 467 15
45 500 43
46 505 23
47 510 35
48 529 1
49 532 44
50 537 4
51 538 27
52 540 20
53 548 20
54 559 48
55 563 23
56 573 27
57 574 1
58 592 12
59 594 26
60 618 17
61 619 17
62 621 20
63 629 17
64 638 22
65 653 47
66 661 10
67 667 10
68 677 33
69 679 13
70 682 41
71 700 15
72 707 5
73 710 45
74 727 35
75 733 44
76 738 27
77 758 4
78 761 37
79 789 5
80 798 11
81 819 25
82 828 20
83 837 16
84 861 9
85 878 10
86 884 2
87 892 29
88 897 6
89 905 22
90 906 24
91 916 31
92 976 6
93 979 41
94 985 6
95 988 5
96 997 7
97 1001 29
98 1029 10
99 1046 29
100 1069 1
101 1074 5
102 1088 9
103 1091 21
104 1107 45
105 1117 33
106 1122 35
107 1129 2
108 1144 4
109 1149 9
110 1157 17
111 1160 33
112 1161 21
113 1167 5
114 1182 43
115 1188 41
116 1220 9
117 1221 37
118 1230 48
119 1251 33
120 1270 30
121 1288 14
122 1295 39
123 1312 17
124 1316 45
125 1323 20
126 1324 36
127 1343 42
128 1347 16
129 1349 16
130 1387 24
131 1391 16
132 1400 17
133 1407 28
134 1409 14
135 1418 12
136 1419 5
137 1420 10
138 1421 16
139 1424 48
140 1427 12
141 1429 8
142 1431 19
143 1451 13
144 1469 7
145 1472 32
146 1487 15
147 1491 50
148 1498 42
149 1506 24
150 1507 7
151 1513 10
152 1540 22
153 1541 44
154 1542 1
155 1546 31
