721 2869 72 13

0 30 1158
1 60 2252
2 90 3284
3 120 4257
4 150 5172
5 180 6034
6 210 6843
7 240 7602
8 270 8313
9 300 8979
10 330 9601
11 360 10182
12 390 10722

0 10882
1 12969
2 10377
3 6125
4 11554
5 10305
6 9109
7 10928
8 12738
9 7549
10 11262
11 7105
12 7431
13 11625
14 11912
15 8052
16 10683
17 8467
18 8235
19 11345
20 4837
21 10346
22 11357
23 8847
24 8124
25 8934
26 8400
27 12283
28 7271
29 12648
30 7557
31 9111
32 12772
33 9858
34 10883
35 7537
36 11495
37 8716
38 10067
39 10973
40 9172
41 9880
42 9261
43 12657
44 10404
45 8033
46 13231
47 10797
48 9216
49 11748
50 8626
51 9502
52 7743
53 9646
54 9782
55 8867
56 9103
57 8653
58 9587
59 8445
60 10452
61 10746
62 10450
63 10252
64 9576
65 10472
66 9027
67 8676
68 10606
69 8518
70 8992
71 11352
72 10170
73 10496
74 9196
75 12234
76 9540
77 11280
78 9629
79 10164
80 8520
81 11665
82 10282
83 10365
84 9055
85 8416
86 7455
87 8258
88 8550
89 9638
90 10432
91 10170
92 10443
93 8183
94 12423
95 9235
96 10319
97 8092
98 8609
99 9807
100 7580
101 10319
102 11854
103 12356
104 8829
105 9129
106 5826
107 9161
108 11766
109 9275
110 7726
111 8984
112 10195
113 10725
114 10052
115 7858
116 9286
117 10704
118 9781
119 12530
120 9545
121 7487
122 8978
123 6922
124 8829
125 8343
126 9354
127 10332
128 8944
129 11036
130 11503
131 10438
132 10637
133 9391
134 9434
135 7525
136 10183
137 9103
138 9216
139 11728
140 11389
141 7963
142 8646
143 10986
144 9398
145 12139
146 9338
147 7907
148 9045
149 7067
150 10701
151 9073
152 9798
153 8493
154 8680
155 11300
156 7686
157 9908
158 8664
159 12142
160 8327
161 10178
162 9023
163 8558
164 10338
165 11818
166 9814
167 10015
168 11805
169 10791
170 9975
171 9927
172 8954
173 10640
174 8834
175 4837
176 7222
177 10336
178 10777
179 8049
180 10662
181 10923
182 10067
183 7351
184 8063
185 6422
186 8640
187 8687
188 7761
189 6237
190 12813
191 10367
192 10016
193 10859
194 11231
195 11187
196 10722
197 12221
198 8469
199 9474
200 9101
201 7796
202 10468
203 11995
204 13087
205 11336
206 9183
207 10110
208 11374
209 9571
210 10552
211 8707
212 10364
213 9365
214 9102
215 8277
216 10536
217 9878
218 10270
219 9657
220 8620
221 11740
222 10251
223 9294
224 11452
225 9796
226 12584
227 9997
228 9984
229 9102
230 11479
231 9835
232 9759
233 7503
234 8828
235 12388
236 10599
237 9400
238 7655
239 11278
240 8018
241 11116
242 6352
243 11444
244 10295
245 8839
246 8452
247 8301
248 9579
249 8578
250 6744
251 9341
252 10630
253 8949
254 9441
255 9682
256 8586
257 10129
258 9386
259 6597
260 7876
261 8435
262 11076
263 10079
264 10614
265 10831
266 9797
267 9941
268 10280
269 7453
270 7650
271 12746
272 12876
273 11893
274 8393
275 10717
276 9009
277 10160
278 11442
279 11959
280 8256
281 10570
282 9392
283 11080
284 8639
285 7338
286 9437
287 9676
288 10976
289 11560
290 11408
291 8536
292 9165
293 8171
294 10420
295 7323
296 10125
297 10881
298 8033
299 8991
300 8929
301 6963
302 6992
303 6573
304 8764
305 10920
306 9827
307 11393
308 10940
309 9485
310 7145
311 10447
312 7587
313 12715
314 6796
315 9201
316 8597
317 7890
318 9342
319 10355
320 7379
321 8259
322 9316
323 9504
324 9439
325 9267
326 9753
327 8475
328 8647
329 6192
330 6740
331 10443
332 11526
333 8556
334 9355
335 11494
336 9920
337 9948
338 8153
339 10298
340 9969
341 9977
342 10162
343 9207
344 14093
345 6155
346 9354
347 8110
348 10051
349 8858
350 10971
351 9747
352 11089
353 11944
354 11114
355 6530
356 8984
357 9729
358 7690
359 8089
360 9666
361 9959
362 9475
363 8163
364 8464
365 8720
366 8942
367 10244
368 10005
369 10516
370 8461
371 8527
372 7847
373 10704
374 13686
375 10507
376 9883
377 9919
378 9108
379 9180
380 8082
381 9787
382 6448
383 10198
384 8166
385 11089
386 9184
387 10649
388 11579
389 8764
390 11745
391 9641
392 10425
393 7674
394 9101
395 9393
396 8499
397 8443
398 13161
399 8609
400 11306
401 11910
402 9717
403 8320
404 8026
405 14198
406 9210
407 11297
408 8299
409 9161
410 9885
411 9222
412 10709
413 9128
414 9717
415 10394
416 12332
417 8885
418 6378
419 11275
420 7621
421 9716
422 9995
423 9078
424 10398
425 8982
426 10420
427 7043
428 9241
429 11099
430 8661
431 9296
432 9349
433 9955
434 8877
435 9844
436 6544
437 11913
438 11927
439 11313
440 12433
441 11372
442 8630
443 7104
444 6989
445 7325
446 9891
447 8834
448 9523
449 8075
450 9213
451 7736
452 9720
453 10640
454 8179
455 8932
456 11102
457 9596
458 9616
459 11969
460 11603
461 8152
462 8972
463 9107
464 9561
465 8694
466 11205
467 10707
468 7826
469 10089
470 10975
471 9246
472 9379
473 8795
474 9322
475 7920
476 13147
477 10027
478 9422
479 9934
480 8341
481 10114
482 10463
483 10259
484 7950
485 10123
486 10210
487 12965
488 10363
489 7953
490 9358
491 9080
492 10842
493 9627
494 8210
495 11895
496 8824
497 6727
498 9223
499 6341
500 8979
501 9734
502 7995
503 8950
504 6911
505 13349
506 11601
507 9881
508 10751
509 9483
510 9255
511 8604
512 10010
513 9294
514 9206
515 8744
516 5850
517 5809
518 10472
519 8705
520 12079
521 7171
522 12291
523 9146
524 11183
525 9779
526 8857
527 10935
528 8260
529 10444
530 9235
531 8627
532 11853
533 7648
534 8653
535 9926
536 11036
537 8760
538 8539
539 12161
540 8919
541 8095
542 10657
543 8088
544 12356
545 10663
546 9152
547 9139
548 11770
549 7278
550 10705
551 8248
552 9926
553 9880
554 9362
555 11243
556 5387
557 11206
558 12904
559 10945
560 11524
561 10094
562 10408
563 7674
564 12556
565 9322
566 9583
567 7777
568 8571
569 9093
570 10123
571 10597
572 8834
573 8321
574 9436
575 10079
576 9451
577 10725
578 9829
579 12333
580 10373
581 11355
582 8085
583 7970
584 10302
585 8994
586 7360
587 12055
588 8480
589 9516
590 10794
591 8691
592 8043
593 7932
594 8884
595 9986
596 11128
597 9601
598 13393
599 9836
600 8283
601 7510
602 9862
603 11109
604 9455
605 12847
606 8603
607 9701
608 6827
609 8570
610 10520
611 11283
612 8924
613 9464
614 7594
615 11794
616 8650
617 13379
618 11144
619 8777
620 7767
621 11226
622 10793
623 11803
624 12795
625 9163
626 8200
627 10819
628 9792
629 7143
630 7329
631 12557
632 10206
633 9278
634 9815
635 8643
636 8324
637 8040
638 12357
639 9602
640 11719
641 10960
642 11082
643 12874
644 10732
645 8444
646 11184
647 10013
648 8051
649 7809
650 10548
651 9450
652 9384
653 9859
654 11030
655 8310
656 6052
657 12430
658 9577
659 9889
660 10905
661 9763
662 9676
663 11855
664 7338
665 7444
666 12331
667 7349
668 12273
669 9866
670 12246
671 8171
672 7462
673 9999
674 8755
675 11248
676 12369
677 9478
678 8281
679 10585
680 7753
681 11466
682 10372
683 10298
684 10150
685 9532
686 8924
687 8535
688 10097
689 12111
690 9014
691 10776
692 9727
693 11958
694 10742
695 9165
696 11907
697 11821
698 12606
699 9390
700 10548
701 6097
702 7239
703 6059
704 10121
705 9114
706 5467
707 10855
708 9149
709 8230
710 9795
711 9081
712 10237
713 12298
714 9551
715 14076
716 9265
717 9086
718 8840
719 10308
720 9783

0 212 48 13
0 240 23 3
0 360 15 6
0 473 26 9
1 65 11 15
1 140 50 9
1 171 7 2
1 271 33 11
1 277 35 9
1 294 42 15
1 344 19 3
1 362 17 4
1 418 26 13
1 443 35 6
1 473 28 4
1 535 17 11
1 576 42 13
2 62 23 10
2 426 56 4
2 437 45 8
2 473 47 12
2 493 42 11
2 582 18 14
2 630 48 9
2 698 54 10
3 34 49 4
3 137 35 3
3 222 33 6
3 269 32 15
3 511 56 3
3 652 3 9
4 192 49 1
4 507 44 2
5 12 58 6
5 104 51 10
5 261 44 13
5 265 32 9
5 416 19 2
5 505 16 8
5 611 5 6
5 624 12 4
6 12 51 2
6 310 32 10
6 341 58 10
6 366 41 6
6 522 28 1
7 15 5 14
7 86 57 13
7 90 7 10
7 384 31 14
7 405 49 11
7 485 55 13
7 518 22 10
7 558 4 7
7 594 60 6
8 77 39 13
8 110 48 13
8 416 20 2
8 480 5 2
8 489 1 5
8 624 12 9
8 660 8 5
8 678 38 12
8 693 22 5
8 712 2 4
9 54 58 13
9 127 28 3
9 260 20 14
9 295 18 8
9 324 33 14
9 414 18 12
9 456 17 9
9 676 45 3
9 682 42 11
9 710 14 5
10 71 31 15
10 211 27 9
10 391 23 2
10 458 37 9
10 580 59 11
11 96 13 8
11 106 39 6
11 120 28 5
11 179 16 4
11 240 9 6
11 308 45 5
11 484 13 10
11 517 53 12
11 545 57 12
11 597 12 7
11 670 56 1
11 680 55 7
12 30 57 14
12 154 60 7
12 287 19 1
12 345 37 6
12 394 27 7
12 401 34 14
12 415 37 8
12 482 27 8
12 537 22 1
12 541 51 14
12 652 18 15
13 137 53 14
13 297 47 14
13 509 7 15
13 717 40 14
14 113 34 2
14 223 51 10
14 322 16 4
14 410 43 7
14 442 19 2
14 450 28 12
14 510 45 15
14 518 18 3
14 612 8 6
15 45 1 3
15 198 12 6
15 369 2 14
15 454 26 8
16 56 39 4
16 203 52 11
16 461 20 2
16 613 6 7
16 617 59 13
17 49 40 8
17 169 11 10
17 176 34 8
17 503 45 14
18 28 33 6
18 217 21 13
18 240 33 1
18 302 52 3
18 304 51 7
18 353 51 15
18 411 25 9
18 415 29 4
19 37 36 5
19 62 59 3
19 230 47 5
19 298 30 13
19 363 32 3
19 481 27 3
19 511 42 5
19 533 9 1
19 617 48 14
20 72 14 3
20 121 29 1
20 217 48 2
20 421 23 4
20 557 24 13
20 600 5 7
20 615 35 4
20 697 44 4
21 104 32 6
21 118 55 13
21 120 37 4
21 156 24 11
21 357 40 4
21 432 44 9
21 443 47 3
21 516 35 14
21 527 30 11
22 62 35 10
22 258 29 6
22 292 60 10
22 425 6 12
22 447 25 4
22 482 52 13
22 515 39 2
22 543 53 13
22 561 55 15
22 582 3 7
22 616 34 10
23 88 46 10
23 109 49 7
23 176 12 7
23 501 51 8
23 550 41 10
24 27 49 14
24 41 51 4
24 102 22 9
24 201 49 6
24 269 11 15
24 323 48 10
24 419 59 15
24 427 58 11
24 525 23 15
24 538 53 11
24 574 54 13
24 665 58 12
25 77 50 1
25 402 45 10
25 560 14 15
26 204 38 14
26 271 28 9
26 343 25 13
26 344 23 2
26 345 18 12
26 375 59 9
26 411 60 4
26 481 50 14
26 633 25 14
26 673 10 10
26 712 11 15
27 36 19 12
27 97 32 8
27 231 20 12
27 243 14 15
27 298 2 1
27 403 39 5
27 459 57 6
27 467 50 15
27 552 5 8
28 154 36 11
28 208 27 11
28 210 4 3
28 277 59 6
28 285 58 9
28 515 46 3
28 644 57 6
28 666 55 5
28 685 56 12
29 325 2 4
29 333 5 4
29 479 31 6
29 561 51 8
29 608 13 11
29 652 39 12
29 659 35 6
29 688 37 5
30 31 28 4
30 55 28 3
30 147 38 7
30 220 26 11
30 285 33 7
30 461 22 10
30 481 26 11
30 538 9 13
30 657 44 15
30 693 51 13
31 92 32 10
31 253 10 10
31 323 52 11
31 456 26 13
31 499 28 6
31 578 59 8
31 621 10 8
31 696 4 8
32 111 57 7
32 227 2 13
32 258 5 11
32 316 60 7
32 443 38 2
32 530 23 10
32 598 31 7
33 61 24 13
33 145 31 13
33 247 10 8
33 301 7 4
33 309 53 3
33 613 40 2
34 141 33 7
34 358 18 9
34 615 28 15
34 712 49 10
35 155 5 7
35 338 50 10
35 346 4 4
35 475 41 3
35 644 39 13
35 712 49 7
36 52 18 10
36 56 33 2
36 255 46 10
36 511 32 3
36 640 20 8
36 677 53 1
37 140 53 3
37 150 46 13
37 598 24 13
37 674 21 10
38 194 60 10
38 250 22 12
38 301 42 11
38 635 8 14
39 58 15 13
39 60 40 13
39 123 28 3
39 165 54 2
39 172 53 2
39 250 36 3
39 295 16 11
39 338 7 1
39 505 15 3
39 565 24 3
39 598 3 9
39 611 40 15
39 626 44 15
39 637 54 8
40 170 15 10
40 174 55 15
40 268 24 4
40 303 39 15
40 360 4 1
41 112 58 10
41 556 55 8
42 97 31 9
42 334 6 6
42 393 50 10
42 529 26 15
42 674 21 6
42 679 39 2
42 685 60 15
42 700 48 2
43 260 44 3
43 277 11 6
43 482 50 14
43 503 40 10
43 587 46 3
43 655 47 10
43 657 33 15
43 670 27 10
43 688 26 13
43 695 31 15
44 152 21 15
44 371 54 14
44 384 30 7
44 397 36 11
44 538 44 3
44 560 10 6
45 102 23 9
45 432 20 8
45 636 24 11
46 261 38 2
46 285 58 1
46 298 46 5
46 316 54 10
46 341 17 1
46 426 6 7
46 448 51 15
46 474 53 5
46 517 30 4
46 682 11 5
46 709 45 1
47 97 42 11
47 153 45 11
47 159 48 15
47 336 7 12
47 531 46 11
47 562 5 4
47 658 3 12
48 94 60 4
48 315 41 11
48 332 52 11
48 366 37 8
48 481 56 13
48 490 41 4
48 647 29 6
48 698 18 5
48 704 14 1
49 57 17 9
49 62 55 1
49 110 12 5
49 156 19 4
49 232 16 13
49 366 24 8
49 460 57 5
49 494 58 3
49 507 25 14
49 524 6 14
49 577 5 6
49 609 28 9
49 679 49 11
49 699 57 5
50 76 24 1
50 255 39 2
50 320 36 5
50 373 13 1
50 427 24 2
50 706 6 2
51 71 46 14
51 72 56 10
51 190 16 14
51 242 31 5
51 272 21 12
51 286 20 9
51 396 13 12
51 521 21 1
51 537 26 9
51 556 24 15
51 651 42 4
51 670 12 7
52 147 9 9
52 597 24 14
53 239 16 1
53 341 28 7
53 377 26 4
53 422 56 6
54 99 5 13
54 102 58 11
54 174 54 1
54 400 41 13
54 611 30 10
54 643 9 1
54 691 58 5
55 116 55 2
55 270 36 14
55 384 50 1
55 513 9 2
55 556 20 9
55 657 39 4
55 691 17 7
56 64 12 2
56 113 47 6
56 145 12 6
56 148 4 14
56 201 4 1
56 333 48 12
56 361 13 3
56 506 7 4
56 517 7 8
56 615 56 5
56 633 54 7
57 103 34 2
57 258 35 7
57 375 34 2
57 434 25 10
57 511 35 11
57 567 37 3
57 677 53 10
58 366 45 14
58 389 50 11
58 579 55 5
58 613 36 5
58 673 30 6
59 128 23 3
59 138 3 13
59 164 39 5
59 170 51 9
59 171 19 1
59 289 20 3
59 475 11 7
59 536 4 3
59 599 59 14
59 601 11 12
59 682 37 7
60 149 1 15
60 165 42 9
60 244 54 11
60 360 16 5
60 448 43 13
60 630 27 7
60 664 11 3
60 676 36 5
61 165 31 4
61 173 47 8
61 216 19 13
61 285 15 14
61 370 27 8
62 136 41 14
62 170 12 3
62 180 42 2
62 195 32 5
62 272 17 6
62 466 32 2
62 553 42 3
62 625 34 2
62 637 59 6
62 695 33 2
63 261 49 11
63 483 12 6
63 587 60 15
63 657 43 2
63 711 37 2
64 200 52 3
64 230 54 7
64 384 24 1
64 419 44 12
64 522 7 13
64 656 34 3
64 664 7 3
64 717 54 6
65 138 44 5
65 146 31 6
65 217 11 13
65 282 11 1
65 354 9 3
65 405 1 13
65 458 29 1
65 602 50 15
66 68 5 15
66 252 35 5
66 317 24 5
66 389 57 10
66 393 1 5
66 435 10 2
66 439 57 6
67 258 45 7
67 371 10 1
67 520 48 13
67 633 13 6
67 639 35 12
67 653 29 7
68 196 47 1
68 381 31 10
68 409 17 8
68 458 35 9
68 579 1 5
68 613 30 3
68 646 33 1
69 206 51 8
69 265 9 5
70 92 45 15
70 218 15 9
70 296 38 6
70 486 16 7
71 95 8 12
71 173 25 3
71 259 11 10
71 624 14 14
71 660 38 9
71 682 8 5
72 174 32 4
72 331 9 15
72 425 60 12
73 94 8 7
73 107 18 4
73 193 2 14
73 239 1 13
73 266 24 13
73 292 44 8
73 331 44 9
73 347 10 6
74 339 26 3
74 613 34 13
75 214 51 11
75 276 26 9
75 329 34 14
75 516 25 11
75 544 12 15
76 235 9 4
76 263 47 9
76 288 2 7
76 377 42 6
76 425 11 11
76 522 25 4
76 560 12 6
76 579 40 10
76 667 16 12
76 681 45 5
77 119 10 13
77 538 57 12
77 664 7 8
78 84 42 2
78 310 47 15
78 355 16 14
78 358 11 4
79 269 4 15
79 364 43 7
79 392 6 15
79 410 7 8
80 140 32 15
80 356 38 1
80 395 26 9
80 590 9 1
80 601 30 13
80 608 14 3
80 662 12 2
80 685 35 6
80 690 37 6
81 136 39 15
81 208 18 5
81 330 10 11
81 552 52 1
81 565 19 3
81 595 1 12
82 110 29 14
82 160 30 10
82 172 3 12
82 322 18 6
82 391 54 10
82 396 49 5
82 495 1 2
82 591 14 14
82 630 37 2
82 633 4 15
83 213 59 8
83 249 53 8
83 283 29 9
83 430 33 4
83 460 23 1
83 466 54 12
83 506 13 8
84 149 15 8
84 171 13 10
84 172 54 1
84 201 9 11
84 262 19 2
84 294 4 10
84 316 20 10
84 370 36 2
84 441 40 10
84 483 34 3
84 515 22 2
84 538 18 13
84 581 39 3
84 689 16 6
85 212 52 13
85 393 30 11
85 525 16 10
85 620 12 4
85 682 27 14
86 175 33 14
86 521 9 6
86 558 10 11
86 698 17 2
87 116 33 9
87 187 53 8
87 279 47 9
87 295 20 14
87 312 19 11
87 428 38 2
87 471 33 15
87 705 22 9
88 118 6 14
88 233 50 14
88 248 28 5
88 364 39 14
88 472 21 10
88 511 19 10
88 543 4 7
88 608 21 1
88 616 21 4
88 657 25 11
88 680 58 14
88 687 24 4
89 98 40 8
89 104 44 15
89 213 56 10
89 492 32 14
89 505 20 2
89 506 24 9
89 569 9 2
89 642 1 3
89 662 24 7
90 224 39 15
90 413 25 10
90 418 39 1
90 444 1 8
90 492 37 6
91 216 13 8
91 297 40 13
91 416 7 11
91 454 1 10
91 481 49 4
91 526 57 5
91 614 52 10
91 627 10 7
91 628 35 15
91 633 1 5
92 101 36 10
92 141 37 11
92 387 33 1
92 513 16 15
92 548 21 15
92 595 57 9
93 135 40 8
93 273 10 12
93 443 24 9
93 449 12 2
93 475 5 14
93 555 51 6
93 683 24 14
93 691 31 3
94 111 49 7
94 112 57 7
94 237 58 15
94 636 45 14
94 654 12 7
95 125 53 1
95 277 20 9
95 508 26 15
95 532 12 13
95 559 34 12
95 620 49 2
96 410 11 6
96 602 40 5
96 620 16 1
96 653 57 12
97 163 29 1
97 165 6 2
97 166 26 4
97 293 31 4
97 429 23 4
97 448 9 9
97 529 14 8
97 621 6 7
98 323 55 9
98 375 2 13
98 386 46 3
98 533 39 2
98 674 28 15
99 112 30 14
99 125 15 11
99 142 20 13
99 237 39 6
99 251 5 13
99 260 54 12
99 329 52 5
99 385 19 12
99 547 44 10
99 621 60 14
99 622 22 11
100 149 23 13
100 263 28 15
100 588 31 12
100 677 6 1
100 706 52 1
101 121 28 1
101 178 44 13
101 342 60 3
101 357 17 7
101 542 44 5
101 596 48 5
101 641 7 11
102 127 36 10
102 184 7 15
102 246 16 13
102 269 53 9
102 290 7 13
102 351 13 15
102 360 29 2
102 382 60 6
102 494 54 6
102 525 15 7
102 571 13 14
102 718 45 6
103 123 49 11
103 243 9 9
103 297 15 14
103 398 19 5
103 547 14 7
103 580 46 8
103 596 24 4
104 198 35 4
104 415 31 13
104 465 9 8
104 621 3 10
105 116 34 8
105 121 2 8
105 135 40 6
105 146 35 14
105 293 24 5
105 578 59 13
105 593 42 13
106 155 41 1
106 493 28 13
106 641 50 5
106 684 29 10
107 112 34 4
107 294 9 3
107 400 34 5
107 401 6 4
107 426 47 2
107 522 57 5
108 269 33 10
108 423 20 6
108 524 21 6
108 602 53 8
108 633 17 9
108 673 39 4
109 211 3 4
109 265 42 14
109 395 15 8
109 456 45 8
109 462 13 12
109 634 59 12
109 653 18 11
110 242 39 15
110 315 45 2
110 401 8 7
110 456 22 5
110 462 36 8
110 463 17 4
110 494 19 13
110 506 24 11
110 510 2 10
110 621 47 9
110 651 2 12
110 661 51 3
110 663 9 15
111 204 53 13
111 427 11 3
111 500 39 15
111 503 12 7
111 514 21 8
111 531 37 9
111 686 38 15
112 152 47 4
112 190 6 8
112 198 51 9
112 246 17 13
112 321 16 10
112 648 21 1
112 665 12 2
113 253 19 7
113 299 29 13
113 327 24 9
113 365 30 6
113 421 46 6
113 634 6 3
113 668 50 10
113 696 52 7
114 128 13 10
114 201 59 12
114 214 19 2
114 312 8 9
114 316 36 6
114 367 49 14
114 508 60 11
114 550 3 5
115 148 55 2
115 295 11 4
115 321 50 1
115 554 18 3
116 248 51 15
116 313 15 1
116 485 30 5
116 568 34 7
116 687 6 3
117 163 16 4
117 214 49 5
117 314 53 13
117 499 22 5
118 140 4 5
118 234 21 10
118 366 24 10
118 563 59 2
118 582 44 2
118 606 37 4
118 648 13 15
119 270 21 7
119 302 59 1
119 353 52 1
119 357 13 14
120 223 38 10
120 296 35 10
120 305 2 5
120 323 43 1
120 332 3 5
120 396 41 1
120 409 3 12
120 499 33 6
120 577 13 14
120 594 5 13
120 604 10 2
120 696 11 5
121 232 8 3
121 251 50 8
121 303 51 14
121 463 19 11
121 465 36 6
121 595 33 6
121 601 3 12
121 671 45 10
122 127 2 6
122 286 28 7
122 296 51 10
122 321 3 11
122 446 49 11
123 158 38 3
123 194 32 4
123 383 5 11
123 419 32 7
123 420 30 12
123 546 48 6
123 572 48 8
123 602 38 14
123 647 13 3
124 279 12 7
124 429 14 1
124 450 38 2
124 474 38 5
124 478 44 14
125 130 19 12
125 143 15 15
125 318 15 11
125 320 40 12
125 555 20 13
125 561 50 6
125 720 20 3
126 191 33 11
126 379 10 15
126 622 9 9
127 339 43 11
127 458 50 4
127 535 29 15
127 541 58 13
127 570 57 2
127 587 33 14
127 651 45 11
127 669 4 8
128 145 41 9
128 219 27 12
128 338 17 9
128 440 44 13
128 615 50 5
128 672 5 5
129 156 7 9
129 197 45 15
129 231 13 15
129 239 27 4
129 428 57 15
129 491 47 6
129 497 59 7
129 505 22 13
129 532 12 14
129 682 1 10
130 220 58 13
130 458 3 15
130 501 17 8
130 520 56 12
130 538 15 3
130 648 38 12
130 664 3 14
130 701 60 4
131 185 14 13
131 304 18 4
131 380 59 15
131 403 28 2
131 559 22 10
131 565 4 4
131 641 22 3
131 700 60 6
132 153 55 14
132 192 12 9
132 197 57 11
132 245 49 4
132 702 46 14
133 158 38 12
133 230 16 3
133 256 1 15
133 275 27 1
133 283 32 9
133 330 44 5
133 458 5 3
133 525 51 14
134 293 24 4
134 297 48 14
134 345 5 1
134 650 22 5
134 657 7 9
134 669 25 14
135 207 21 1
135 352 26 15
135 359 35 3
135 458 1 13
135 480 51 6
135 494 13 12
135 495 18 2
136 164 2 2
136 200 11 4
136 239 38 1
136 492 9 15
136 568 25 6
136 603 35 14
137 142 55 7
137 179 34 7
137 235 52 5
137 251 6 4
137 254 43 10
137 264 7 10
137 350 34 10
137 379 8 14
137 629 9 10
137 662 9 9
138 190 19 9
138 201 12 9
138 337 40 15
138 424 46 10
138 496 46 4
138 643 58 4
138 671 19 15
139 151 58 4
139 192 23 6
139 218 48 4
139 228 41 11
139 235 51 7
139 307 4 4
139 471 11 4
140 191 47 10
140 281 14 4
140 457 56 11
140 483 34 4
140 631 28 1
140 643 60 8
140 646 42 3
141 145 34 12
141 294 34 6
141 369 17 12
141 391 7 15
141 421 35 13
141 432 22 2
141 457 55 2
142 156 49 9
142 266 20 14
142 320 11 14
142 548 36 7
142 655 21 13
143 240 50 2
143 370 21 15
143 619 52 8
144 171 18 2
144 199 33 1
144 240 3 12
144 484 5 8
144 613 8 13
144 641 17 7
145 160 11 15
145 280 21 11
145 349 26 5
145 399 54 11
145 664 16 15
146 149 13 3
146 219 10 9
146 226 21 4
146 260 52 7
146 273 23 7
146 331 58 14
146 491 10 14
147 165 12 13
147 424 52 1
147 438 24 4
147 493 15 9
147 502 40 12
147 526 40 2
147 636 49 13
148 189 32 2
148 210 58 6
148 330 48 15
148 364 52 1
148 445 17 14
148 597 46 3
149 256 8 11
149 332 17 4
149 422 36 15
149 554 58 6
149 694 7 2
150 219 24 11
150 311 46 12
150 420 47 1
150 435 21 15
150 508 47 13
150 576 50 13
151 177 24 13
151 332 50 1
151 566 8 13
151 616 29 1
151 718 1 2
152 154 57 14
152 238 57 9
152 271 38 5
152 336 7 11
152 351 31 1
152 450 39 11
152 496 29 8
152 715 8 10
153 224 13 4
153 292 60 10
153 302 31 14
153 310 25 14
153 353 25 12
153 552 40 6
153 560 27 2
153 581 44 1
153 585 2 4
153 689 2 6
153 707 7 1
154 322 35 11
154 585 48 14
154 667 48 13
155 272 39 4
155 287 25 12
155 449 24 3
155 526 33 4
155 594 21 5
155 619 49 7
155 672 15 5
156 234 23 4
156 237 31 11
156 527 20 8
156 552 22 13
156 588 26 7
157 169 3 9
157 206 31 1
157 269 41 4
157 329 2 2
157 410 22 14
157 415 22 5
157 502 55 11
157 504 9 14
157 522 26 9
157 553 30 3
157 560 48 2
157 592 24 9
158 201 13 12
158 289 37 6
158 639 15 9
158 694 29 8
159 201 51 12
159 285 21 2
159 398 6 5
159 405 34 8
159 444 3 5
159 609 20 13
159 665 23 15
159 720 49 15
160 224 27 11
160 233 24 7
160 238 9 12
160 303 12 1
160 405 33 11
160 471 44 2
161 192 55 4
161 434 33 9
161 463 30 4
161 584 28 5
161 590 17 1
161 626 22 15
161 632 25 5
161 662 47 8
162 494 24 14
162 520 25 3
162 530 24 5
162 628 12 7
163 464 47 12
163 568 58 10
163 710 24 7
164 170 41 14
164 172 13 2
164 401 29 14
164 407 1 10
164 481 60 9
164 523 59 4
164 531 36 11
164 538 51 2
164 596 35 4
164 642 48 15
164 705 53 5
165 253 59 11
165 486 30 11
165 596 22 3
166 502 10 2
166 710 23 2
167 229 6 5
167 239 18 9
167 313 36 5
167 446 49 3
167 640 56 3
167 642 34 2
168 205 59 5
168 330 8 15
168 375 44 5
168 389 16 1
168 487 2 3
168 618 5 3
168 621 4 10
168 626 10 1
169 288 50 4
169 342 35 5
169 384 1 9
169 423 24 1
169 509 24 12
169 638 21 4
170 181 53 11
170 361 53 15
170 407 40 15
170 590 12 4
170 609 54 14
171 236 25 15
171 430 28 9
171 479 23 2
171 581 22 2
171 605 21 12
171 674 7 12
172 468 13 8
172 508 22 4
172 556 41 14
172 576 49 5
172 602 44 14
172 607 43 2
173 203 51 13
173 220 58 4
173 282 3 14
173 298 48 14
173 356 8 13
173 434 21 7
173 456 35 15
173 466 43 3
173 514 26 10
173 549 4 9
173 564 17 2
173 584 20 12
173 663 20 6
173 672 38 11
174 190 46 8
174 308 35 3
174 324 13 1
174 338 24 12
174 442 21 2
174 680 28 11
174 708 36 10
174 717 17 13
175 270 20 3
175 535 36 7
175 597 23 6
175 605 52 11
175 665 13 11
175 697 21 6
176 353 50 10
176 362 55 15
176 470 35 7
176 525 8 8
177 225 19 10
177 243 34 9
177 382 24 10
177 436 57 3
177 452 41 2
177 468 51 5
177 501 28 1
177 670 29 1
178 303 54 4
178 325 27 12
178 361 23 15
178 433 17 12
178 444 9 7
178 462 17 7
178 554 18 1
178 654 28 3
179 187 30 9
179 233 53 11
179 244 21 7
179 308 32 9
179 466 51 8
179 562 5 4
180 283 16 13
180 334 25 10
180 344 21 9
180 470 12 7
180 481 52 7
180 486 51 8
180 562 5 5
180 615 14 6
180 667 51 13
181 275 6 4
181 377 29 2
181 395 3 7
181 422 10 3
181 430 47 14
181 598 35 2
181 645 34 1
181 689 19 9
182 233 27 10
182 275 14 2
182 310 21 4
182 317 25 1
182 465 20 13
182 570 4 8
182 613 21 3
183 238 7 12
183 395 43 8
183 598 30 4
184 190 35 3
184 274 41 13
184 313 4 10
184 386 28 11
184 574 7 2
184 601 7 9
184 666 49 5
185 197 26 5
185 199 36 6
185 488 48 14
185 507 15 14
185 513 41 9
185 533 56 15
185 548 60 7
186 188 41 9
186 357 51 4
186 669 26 5
186 674 57 2
187 218 49 12
187 328 40 9
187 365 54 12
187 386 44 12
187 471 5 7
187 475 40 6
187 591 18 4
188 206 42 10
188 226 25 9
188 264 18 3
188 299 51 7
188 417 21 12
188 432 26 2
188 534 45 11
188 664 14 7
188 670 25 2
188 715 41 1
189 345 13 10
190 514 28 8
190 631 38 14
190 658 32 3
191 241 58 2
191 282 54 8
191 488 25 10
191 565 12 2
191 575 28 8
191 615 28 15
192 236 19 10
192 256 24 2
192 266 4 7
192 304 30 2
192 491 53 14
192 494 4 11
192 507 38 1
192 625 10 9
192 638 49 4
192 652 53 5
192 684 10 15
193 214 23 12
193 267 4 12
193 413 40 9
193 597 25 1
193 657 33 9
193 678 7 5
194 332 4 9
194 455 11 13
194 474 54 8
194 526 50 4
194 631 43 13
194 700 23 3
195 262 47 12
195 369 24 11
195 432 31 8
195 559 53 3
195 655 20 2
196 208 5 9
196 435 32 9
196 509 31 2
196 539 32 6
196 540 44 9
196 604 58 7
196 711 40 4
197 199 35 3
197 212 52 5
197 344 51 15
197 469 50 8
197 703 4 5
198 286 46 5
198 304 6 6
198 444 47 6
198 617 51 10
199 287 60 10
199 371 10 1
199 389 55 10
199 423 3 1
199 429 4 9
199 468 37 3
199 477 59 5
199 630 12 11
200 258 52 4
200 268 17 2
200 297 55 5
200 425 10 11
200 459 19 8
200 587 55 8
200 662 16 3
201 295 18 12
201 302 19 15
201 489 15 6
201 560 34 14
201 665 53 7
201 693 56 12
202 273 55 7
202 653 37 14
202 702 35 6
203 373 10 11
203 584 19 14
203 628 8 14
203 694 3 15
203 714 8 1
204 230 60 2
204 315 14 6
204 334 10 5
204 431 26 15
204 505 58 13
205 397 20 2
205 434 14 15
205 447 60 6
205 609 51 6
205 617 22 12
205 679 55 13
206 279 27 15
206 510 14 6
206 568 33 3
207 414 4 15
207 493 21 5
207 525 26 11
208 353 36 8
208 557 28 6
208 702 44 13
209 290 10 6
209 403 49 4
209 466 38 5
209 485 25 1
210 290 32 11
210 431 58 12
210 587 53 8
210 687 16 2
211 270 15 5
211 299 30 11
211 389 28 5
211 531 15 11
211 667 27 2
211 668 38 12
212 339 4 15
212 376 7 15
212 483 31 7
212 497 51 15
212 551 43 3
212 575 50 5
212 583 1 12
213 217 43 1
213 227 52 3
213 509 47 9
213 620 47 4
213 621 45 3
213 626 28 5
214 265 27 1
214 404 33 3
214 426 41 8
214 645 2 1
215 218 13 2
215 248 30 11
215 252 24 10
215 262 39 14
215 304 15 4
215 432 54 3
215 512 15 15
216 365 48 13
216 394 59 3
216 408 27 12
216 554 57 14
216 585 53 13
216 634 44 7
216 660 27 6
216 665 20 15
217 457 2 13
217 589 1 2
217 619 50 4
217 675 20 5
217 679 13 8
218 431 15 4
218 496 52 10
218 611 8 12
218 694 14 5
218 704 28 2
219 256 4 14
219 583 27 3
219 642 22 4
220 285 3 12
220 352 2 10
220 452 57 14
220 539 10 5
220 592 3 5
221 288 34 15
221 306 34 10
221 355 25 6
221 393 53 10
221 539 26 7
222 293 48 10
222 315 38 1
222 366 21 4
222 383 13 1
222 697 32 4
223 270 59 8
223 296 33 2
223 301 8 1
223 309 6 8
223 485 51 15
224 422 30 14
224 453 40 7
224 464 51 15
224 579 28 15
225 375 10 6
225 434 17 8
225 482 43 11
225 574 54 11
225 598 56 4
225 613 15 2
225 637 2 10
225 666 9 7
226 447 44 10
226 535 53 2
226 603 48 1
226 609 13 10
226 666 19 12
227 369 2 3
227 536 5 6
227 565 40 14
227 615 17 1
227 712 9 12
228 245 27 14
228 281 13 5
228 421 8 1
228 437 52 2
228 637 13 10
229 354 39 4
229 363 42 6
229 366 28 9
229 450 47 7
229 545 22 3
229 613 10 9
229 677 53 6
230 234 22 15
230 311 20 7
230 348 32 5
230 388 55 7
230 401 12 1
230 449 20 9
230 484 30 11
230 533 12 1
230 649 41 8
230 705 24 11
231 238 34 3
231 283 10 2
231 339 2 4
231 408 34 8
231 633 9 9
232 259 45 15
232 287 22 8
232 628 28 2
232 649 14 2
232 702 29 3
233 321 57 12
233 556 10 10
233 662 36 10
234 307 4 13
234 403 24 13
234 413 43 11
234 475 29 8
234 508 3 12
234 513 10 6
234 602 26 11
234 660 9 4
234 670 4 6
235 313 26 10
235 435 55 13
235 451 58 12
235 544 44 1
235 610 8 1
236 297 43 6
236 453 39 9
236 522 42 1
236 543 18 4
236 582 51 1
236 597 35 15
236 674 18 1
236 681 14 10
237 271 45 13
237 309 47 4
237 393 50 9
237 479 37 15
237 570 12 15
237 605 40 8
238 271 43 14
238 299 21 15
238 425 8 7
238 445 36 2
238 495 15 4
238 511 53 5
238 625 31 11
239 246 16 6
239 267 58 11
239 390 38 6
239 562 35 1
239 609 57 14
239 642 11 1
240 292 24 7
240 295 30 3
240 299 5 4
240 432 41 2
240 485 27 4
240 516 33 7
240 596 47 13
240 654 40 7
241 242 19 15
241 260 41 15
241 261 29 11
241 269 15 6
241 332 32 12
241 374 50 7
241 443 43 1
241 526 49 6
241 634 1 11
241 642 48 1
241 696 38 10
242 269 48 15
242 398 15 10
242 508 55 13
242 519 34 2
242 558 16 11
242 579 53 5
242 620 50 1
242 636 24 12
242 688 31 6
243 338 52 3
243 364 55 5
244 286 58 15
244 302 6 12
244 307 50 15
244 352 38 2
244 392 1 15
244 439 9 11
244 474 51 6
244 642 27 12
244 698 31 1
245 253 55 2
245 284 38 10
245 567 21 12
245 649 5 11
245 686 6 4
245 700 59 9
245 707 13 2
246 402 20 11
246 609 16 7
246 653 2 15
246 660 8 12
247 599 55 7
247 663 23 5
248 271 23 11
248 275 49 6
248 404 53 15
248 482 11 4
248 484 32 14
248 529 43 2
248 599 45 1
248 615 2 5
249 363 15 1
249 687 39 7
249 720 9 3
250 251 49 12
250 260 27 6
250 283 4 13
250 464 5 5
250 476 6 11
250 544 57 15
250 614 40 9
250 650 15 2
251 265 47 8
251 266 34 15
251 302 40 7
251 330 57 3
251 608 49 4
251 612 9 2
251 678 43 4
251 691 1 10
251 695 35 1
251 698 58 13
252 363 15 6
252 384 12 7
252 441 14 12
252 544 29 8
253 256 32 11
253 259 34 5
253 283 16 3
253 354 37 10
253 403 5 2
253 411 32 4
253 478 20 9
253 525 44 7
253 647 45 7
253 719 39 14
254 332 5 8
254 356 6 8
254 366 54 10
254 505 36 10
254 673 38 11
254 691 48 9
255 477 54 14
255 715 15 10
256 384 43 13
256 504 53 6
256 587 55 12
256 623 4 7
256 638 8 7
257 311 20 11
257 387 9 15
257 488 26 14
257 555 43 6
257 617 39 10
257 685 38 6
257 686 3 5
258 267 33 10
258 334 20 15
258 393 14 11
258 466 10 14
258 622 12 4
259 404 1 2
259 552 34 8
259 714 53 3
259 716 57 5
260 323 8 9
260 477 28 7
260 521 39 6
260 558 8 4
260 657 39 9
260 660 17 3
261 511 40 10
261 520 39 1
261 604 45 1
261 676 6 15
262 382 22 5
262 398 38 7
262 504 38 6
262 532 26 12
262 641 5 11
263 313 36 11
263 337 17 5
263 443 27 7
263 447 53 2
263 536 22 10
263 686 39 14
264 450 54 12
264 516 51 3
264 640 58 6
264 714 9 6
265 337 38 3
265 449 35 9
265 490 14 8
265 604 28 4
266 326 57 9
266 336 21 7
266 568 52 1
267 343 56 14
267 462 5 4
267 501 46 1
267 636 22 2
268 292 12 1
268 334 24 15
268 354 50 1
268 415 27 13
268 453 59 12
268 510 36 3
268 716 20 14
269 278 13 14
269 639 52 11
269 671 9 7
269 678 16 4
269 706 13 10
270 417 3 8
270 446 22 7
270 489 4 4
270 514 19 6
270 540 13 12
270 624 11 3
270 710 47 15
271 301 1 3
271 379 9 6
271 504 60 3
271 592 9 5
271 606 30 8
271 608 11 5
271 646 15 12
271 648 10 14
271 661 42 15
271 714 46 6
272 368 3 1
272 371 38 9
272 384 18 10
272 426 48 2
272 575 53 11
272 585 39 7
272 694 32 15
273 321 27 3
273 391 23 1
273 405 46 9
273 446 33 4
273 512 17 3
273 525 45 2
273 537 45 13
274 289 8 6
274 403 46 5
274 444 40 10
274 450 40 3
274 563 28 5
275 541 9 6
275 596 52 15
275 653 27 14
275 685 19 3
276 322 11 1
276 382 9 13
276 424 30 15
276 516 11 7
276 521 38 10
276 627 58 2
276 654 36 13
276 656 52 3
277 339 35 14
277 512 34 12
277 587 26 1
277 628 16 8
277 694 9 7
278 317 45 8
278 460 11 14
278 612 10 7
278 643 54 2
278 717 13 2
279 318 42 11
279 417 32 10
279 631 30 5
280 508 42 7
280 612 43 2
280 625 6 15
281 282 57 1
281 293 60 3
281 388 58 11
281 579 57 3
281 597 17 5
281 613 28 9
281 638 15 1
281 706 18 12
282 310 33 5
282 431 57 4
282 520 37 7
282 616 32 6
282 662 45 2
282 705 24 9
283 289 27 1
283 361 25 6
283 556 60 13
283 564 25 7
284 289 26 5
284 370 15 7
284 403 37 10
284 595 36 10
284 644 14 14
284 665 40 7
285 389 29 3
285 413 5 6
285 418 28 1
285 588 41 4
285 649 2 12
286 418 40 6
286 504 54 15
286 619 42 2
287 288 34 3
287 400 47 9
287 436 44 5
287 712 8 15
288 380 36 11
288 386 1 5
288 387 36 11
288 594 59 7
288 714 19 9
289 309 4 8
289 338 13 14
289 451 31 2
289 600 6 4
289 680 49 12
290 303 50 7
290 305 57 8
290 462 18 8
290 500 45 2
290 660 21 9
290 669 41 4
290 690 39 9
291 331 16 14
291 395 22 3
292 297 6 4
292 332 57 2
292 406 42 4
292 551 48 4
292 552 17 3
292 578 34 14
292 601 19 15
292 664 38 3
293 356 6 1
293 368 44 1
293 419 29 11
293 592 57 3
294 314 33 4
294 493 21 9
294 509 26 14
294 574 48 12
294 648 60 9
295 358 9 15
295 360 58 6
295 495 2 1
295 551 57 1
295 589 1 8
295 615 46 5
295 692 41 3
296 374 34 9
296 458 57 4
296 516 55 14
297 477 23 9
297 649 4 6
297 689 53 12
298 510 53 15
298 715 29 2
299 398 19 3
299 440 45 4
299 454 55 15
299 466 53 13
300 423 47 13
301 322 51 7
301 576 22 15
301 657 22 13
301 662 6 15
301 689 24 6
301 694 32 11
302 303 41 13
302 360 40 8
302 680 45 12
303 346 35 2
303 391 5 5
303 471 13 14
303 553 53 4
304 496 37 3
304 604 3 10
305 656 36 7
306 309 18 8
306 480 10 11
306 625 60 8
306 699 55 7
308 329 8 2
308 588 32 10
308 682 48 10
309 332 47 15
309 400 15 10
309 656 14 7
309 672 14 15
310 405 35 10
310 428 53 9
310 474 36 2
310 512 36 1
310 515 29 12
310 604 25 5
310 693 51 13
311 563 38 1
312 327 60 2
312 683 47 8
313 332 41 15
313 420 13 7
313 508 2 2
313 540 51 4
313 552 57 15
314 320 50 11
314 602 28 2
314 621 54 15
314 692 20 11
314 713 45 2
315 316 51 7
315 317 28 10
315 387 16 8
315 495 31 12
315 518 39 14
316 334 35 9
316 369 50 3
316 446 50 1
316 492 41 9
316 597 16 8
316 636 18 15
317 494 44 5
317 595 15 9
317 612 17 9
317 649 28 10
318 673 17 7
319 421 21 10
319 466 33 13
320 457 8 6
320 555 41 15
320 659 48 3
321 355 13 8
321 717 49 11
322 337 4 11
322 386 26 2
322 508 20 5
322 546 40 2
322 563 56 15
322 638 42 12
322 678 6 9
322 704 57 1
322 716 13 4
323 383 30 14
323 498 37 15
323 639 29 4
323 702 60 5
324 414 51 9
324 427 27 9
324 519 4 6
324 545 40 3
325 387 46 15
325 411 1 12
325 496 22 7
325 562 2 5
325 590 12 13
325 641 1 8
325 709 54 12
326 352 56 13
326 395 45 6
326 478 44 9
326 499 4 6
326 523 30 11
326 559 60 8
326 680 47 14
326 717 29 11
327 417 50 10
327 670 20 1
328 369 56 4
328 413 9 11
328 502 36 3
328 568 7 1
328 575 18 10
328 616 4 10
329 342 15 14
329 359 32 1
330 355 23 12
330 399 9 11
330 676 35 13
330 707 15 10
331 358 32 9
331 440 14 10
331 521 17 12
331 643 33 6
332 341 31 3
332 361 29 15
332 382 2 5
332 405 49 12
332 489 58 5
333 431 46 12
333 466 50 9
333 538 60 4
333 556 48 14
333 573 30 1
333 639 30 7
333 655 45 4
333 711 25 9
334 403 16 11
334 495 45 14
334 522 21 12
334 557 9 15
334 648 34 13
335 365 20 11
335 426 14 2
335 455 54 7
335 514 27 4
335 566 41 8
335 627 35 4
336 360 35 9
336 544 35 12
337 360 7 2
337 534 17 11
337 614 4 10
338 506 10 5
338 524 21 11
338 555 10 12
338 650 39 7
338 712 2 14
339 351 33 12
339 454 57 3
339 700 11 9
340 346 23 11
340 494 36 4
340 616 56 9
340 627 17 13
341 470 44 15
341 551 28 13
341 607 30 10
341 683 28 15
341 693 52 2
342 350 18 12
342 386 35 10
342 449 57 1
342 580 57 9
343 470 10 11
343 477 51 3
343 528 18 13
343 550 8 9
343 591 43 4
343 623 44 8
343 654 20 11
344 391 4 15
344 418 49 11
344 622 3 4
344 670 36 11
345 465 30 12
345 505 48 7
345 544 5 13
345 679 41 4
347 367 52 12
347 375 27 6
347 419 13 11
347 493 7 1
347 615 35 14
347 647 8 11
347 694 43 10
348 369 3 11
348 625 57 7
348 656 21 13
349 418 11 6
349 488 15 9
349 494 60 11
350 357 9 2
350 490 40 9
350 582 49 9
350 692 39 7
351 358 49 10
351 455 19 12
351 591 49 3
352 367 22 6
352 428 8 1
352 431 5 2
352 700 50 12
352 707 20 2
353 417 27 15
353 421 48 11
353 430 17 13
353 449 34 14
353 474 44 11
353 478 3 2
353 593 8 4
353 624 17 6
354 360 27 12
354 398 56 13
354 465 36 11
354 512 9 3
354 587 8 8
355 366 59 11
355 452 56 12
355 642 8 5
355 649 37 9
355 674 11 13
356 390 30 3
356 427 58 7
356 546 45 6
356 604 51 10
356 616 47 1
356 637 21 10
357 481 22 15
357 575 32 15
357 609 7 2
357 625 41 6
357 659 9 2
357 677 31 13
357 680 20 2
357 709 3 12
358 441 50 9
358 486 6 6
358 494 27 14
358 595 40 10
358 631 19 10
358 678 32 3
359 383 52 5
359 513 25 2
359 586 48 13
359 601 18 9
359 697 41 15
360 372 15 8
360 381 41 10
360 391 12 11
360 435 34 2
360 468 52 7
361 438 5 7
361 469 16 3
361 554 52 15
361 606 38 9
362 420 57 10
362 504 22 12
362 518 44 8
362 641 33 11
363 383 11 12
363 430 13 7
363 541 8 3
363 560 1 15
363 665 51 1
364 663 59 1
364 692 45 12
365 377 49 8
365 440 55 2
365 464 21 8
365 647 51 12
365 696 30 6
366 395 12 1
366 457 25 2
366 484 27 9
366 497 46 10
366 548 45 9
366 549 33 11
366 558 43 6
366 675 38 11
367 382 9 5
367 391 28 11
367 393 34 3
367 438 52 3
367 446 17 6
367 495 32 3
367 500 11 2
367 511 23 10
367 519 36 2
367 569 40 5
367 572 51 2
367 589 17 10
367 608 42 11
367 641 44 8
368 398 1 11
368 529 8 13
368 590 13 11
368 714 46 10
369 470 51 6
369 552 58 12
369 660 23 8
369 703 35 7
370 513 49 8
370 582 59 11
371 517 28 4
371 636 9 15
372 692 10 3
372 704 8 10
372 706 21 12
373 395 22 8
373 421 18 14
373 434 35 8
373 446 26 12
373 475 53 9
374 391 20 12
374 464 7 7
374 510 16 10
374 514 43 7
374 677 36 1
375 385 15 7
375 602 15 4
375 619 52 13
375 644 10 6
375 706 43 9
376 429 57 9
376 432 20 15
376 463 24 2
377 415 24 2
377 611 53 15
377 639 31 2
378 513 1 14
378 608 20 8
378 672 31 13
379 490 36 10
379 545 29 12
379 599 12 4
379 607 5 15
379 645 52 7
379 680 58 15
379 688 26 12
379 700 50 2
380 528 40 1
381 382 52 8
381 422 33 6
381 591 39 3
381 691 31 11
382 527 46 6
382 710 2 1
383 519 40 8
383 699 48 3
383 706 13 11
384 442 19 10
384 512 52 6
384 570 51 11
385 424 41 13
385 613 26 12
386 472 26 8
386 479 31 7
387 497 23 13
388 458 37 13
388 494 18 2
388 498 14 1
388 673 57 9
389 638 4 5
389 687 4 11
390 423 35 4
390 518 5 14
390 613 24 13
390 637 9 15
391 499 16 2
391 538 60 14
391 646 26 2
391 649 60 4
393 449 54 5
393 530 43 6
393 548 53 9
393 575 48 14
393 589 52 1
393 637 9 6
394 520 34 7
394 575 6 12
395 426 24 1
396 459 9 7
396 559 34 13
396 635 55 2
396 673 7 15
397 399 26 14
397 416 48 1
397 544 25 8
397 591 24 15
397 602 25 7
397 608 42 4
398 399 18 13
399 612 12 4
400 587 40 10
400 711 21 1
401 465 52 15
401 564 5 13
401 586 32 15
401 587 17 14
401 654 34 10
401 712 49 3
403 548 4 9
403 613 13 11
403 651 50 7
404 567 29 2
404 634 19 14
404 684 41 2
405 410 27 10
405 418 14 10
405 515 55 11
405 595 24 15
405 611 8 8
406 507 27 5
406 525 6 11
406 544 23 4
407 434 21 15
407 500 21 10
407 642 1 5
407 670 11 5
409 415 3 11
409 452 23 2
409 660 56 11
409 674 28 15
409 690 28 15
410 468 24 5
410 637 31 12
410 693 11 6
410 719 36 9
411 539 37 14
411 541 31 6
411 623 59 13
411 637 29 15
411 670 48 8
412 489 46 3
412 511 51 14
412 574 12 6
412 634 58 13
413 426 36 10
413 476 44 15
413 640 55 2
413 712 47 14
414 621 43 13
414 712 27 7
415 453 5 11
415 480 57 2
415 524 10 2
415 525 32 14
415 645 58 6
415 681 35 12
415 684 56 14
416 531 6 2
416 542 8 9
417 496 50 13
417 604 33 3
418 651 48 13
418 672 48 4
418 674 6 7
418 720 23 3
419 433 53 14
419 634 28 3
419 649 54 9
420 529 34 3
420 549 14 8
420 636 17 6
421 523 59 10
421 532 1 13
421 584 33 8
421 676 33 4
421 713 2 2
422 558 17 3
422 651 46 11
423 446 47 10
423 545 23 10
423 581 40 6
423 660 59 15
424 483 10 3
424 580 34 6
424 584 48 7
424 594 6 4
425 466 48 15
425 568 50 11
425 689 7 6
426 558 50 11
426 619 4 12
427 437 60 3
427 503 43 11
428 619 53 11
429 504 6 14
429 690 12 2
430 496 44 2
430 623 45 2
430 672 26 9
430 718 54 8
431 457 21 8
431 459 9 1
431 511 56 5
431 546 19 2
431 574 37 9
431 686 49 7
431 703 47 7
432 713 10 13
433 551 40 1
434 467 16 3
434 551 23 6
434 599 26 3
435 494 54 5
436 637 19 13
436 682 8 14
437 449 12 12
437 497 56 14
437 511 16 1
437 655 10 14
438 525 56 6
438 667 49 5
439 548 30 13
439 701 42 10
439 704 30 15
440 513 14 1
440 549 57 10
440 631 29 15
440 648 42 4
441 452 24 15
441 547 9 12
441 632 6 9
441 698 17 11
442 444 38 3
442 462 55 10
443 485 19 11
443 502 49 13
443 631 41 8
445 461 3 10
446 587 29 8
447 495 14 2
447 534 3 9
447 704 20 7
448 501 37 15
448 626 59 15
448 704 27 3
449 452 28 6
449 481 12 1
449 489 25 13
450 679 38 13
451 561 46 4
452 657 11 11
453 487 25 2
453 525 37 3
453 543 4 6
453 564 20 5
453 609 16 13
453 642 23 8
453 649 14 8
453 663 48 6
453 690 60 12
453 703 48 8
454 592 32 14
455 493 23 8
455 494 25 10
455 607 50 4
455 618 29 10
456 458 49 13
456 609 27 8
456 654 12 7
457 621 9 15
457 700 14 3
458 478 57 15
458 480 1 2
458 500 36 10
458 544 27 7
458 649 39 14
459 482 51 3
459 595 55 10
459 657 13 11
459 701 38 3
459 717 57 10
460 520 34 4
460 612 6 1
461 465 15 7
461 583 52 14
461 585 40 4
462 482 10 15
462 505 34 14
462 507 40 13
462 578 33 6
463 651 8 10
463 709 28 1
463 718 45 11
464 668 10 12
465 469 28 10
466 594 45 12
466 604 49 13
467 608 41 14
467 662 58 3
468 533 52 11
468 605 31 7
468 613 33 1
469 665 15 6
470 575 35 10
470 601 16 10
471 539 33 14
471 643 57 8
472 490 43 2
472 502 58 12
472 607 59 2
472 643 59 15
474 622 13 15
474 653 46 4
474 664 40 1
474 666 12 14
475 510 47 4
475 586 38 15
475 647 20 13
476 500 37 1
477 616 49 9
478 524 52 5
478 615 17 7
478 708 11 1
479 554 42 7
479 701 10 13
479 714 51 1
480 499 15 2
480 647 7 2
480 659 55 5
480 688 45 12
481 490 28 6
482 632 54 9
482 655 24 15
482 709 26 4
483 568 11 7
483 611 46 11
484 562 41 4
486 691 29 15
487 496 46 2
487 531 13 12
487 532 53 2
487 609 23 9
488 614 14 4
489 618 35 4
489 637 12 3
489 720 56 3
490 540 27 13
490 545 45 9
490 562 20 6
490 616 20 2
491 539 3 6
491 612 37 11
492 645 60 3
492 664 2 11
493 575 46 10
493 650 3 3
493 707 14 3
493 710 50 10
494 516 20 6
494 566 11 13
494 624 47 5
494 661 25 1
495 529 3 6
495 709 11 14
496 545 36 9
496 712 58 4
497 501 57 6
498 713 32 6
499 504 13 9
499 523 51 7
499 615 25 12
499 623 15 8
501 510 7 3
501 627 4 2
501 709 19 2
502 687 3 2
503 657 54 14
503 693 60 3
504 622 43 9
504 652 38 15
505 606 52 4
505 607 21 6
505 693 4 9
505 713 28 14
506 666 41 12
507 565 25 7
508 531 24 12
509 540 50 14
509 608 32 9
509 612 2 3
509 672 6 3
509 690 22 13
510 663 54 6
510 708 57 2
511 660 56 3
512 518 18 11
512 694 16 9
512 717 13 11
513 592 37 6
513 660 17 13
513 664 21 15
513 708 39 12
514 696 15 9
515 519 22 10
515 557 11 12
515 573 2 10
515 653 51 13
515 674 57 8
515 682 7 7
516 540 27 1
516 595 43 13
517 523 11 5
517 532 8 5
517 550 55 7
517 619 13 2
518 650 50 1
518 658 54 1
518 705 35 2
519 555 20 11
519 599 3 6
519 606 21 14
519 616 10 10
520 619 26 2
520 634 57 11
521 563 26 11
521 566 46 11
521 577 26 13
521 662 21 7
522 568 24 3
522 647 49 10
522 662 54 13
522 671 59 11
523 534 48 13
523 539 43 6
523 618 21 3
523 630 2 8
523 654 52 14
523 692 12 4
524 663 20 7
524 670 21 8
524 696 36 7
525 533 19 6
525 673 39 11
526 668 21 9
526 688 36 9
526 713 48 4
527 700 33 3
529 587 12 11
529 629 38 13
529 678 40 12
530 613 1 7
530 614 29 6
531 615 2 6
531 685 60 15
532 537 8 11
533 541 34 8
534 586 57 8
534 699 40 6
536 571 1 8
536 607 40 4
536 713 34 8
537 621 52 4
537 623 45 14
537 638 35 4
537 650 59 1
537 657 18 13
537 680 28 4
537 687 16 6
538 658 52 15
539 677 27 6
540 547 46 9
541 632 8 11
541 719 59 2
542 586 20 3
542 657 35 3
543 600 44 2
543 636 19 9
544 656 12 4
545 562 11 6
546 561 1 6
546 591 50 4
546 592 47 14
547 576 2 1
548 614 26 5
549 647 44 7
549 652 47 2
549 678 49 6
549 713 52 9
550 577 43 9
550 585 41 2
551 571 32 11
551 656 7 1
551 673 14 8
552 612 22 13
552 697 31 10
553 555 38 3
553 607 35 1
553 628 39 12
553 640 42 1
553 689 58 5
553 698 31 5
554 615 7 9
554 680 27 4
554 685 27 5
555 676 50 4
556 577 36 8
556 592 18 1
556 654 44 14
557 650 43 9
557 684 44 7
557 716 25 10
559 602 52 5
560 580 40 1
560 612 6 1
560 657 2 12
560 688 13 4
561 601 60 11
561 613 10 6
561 630 17 12
562 619 19 14
562 621 23 1
562 701 11 5
564 704 41 14
564 718 7 3
565 602 47 15
565 626 29 5
565 719 19 8
566 719 19 1
568 599 39 8
568 704 41 5
569 575 5 8
570 572 22 2
570 657 58 9
571 624 53 4
571 712 21 10
572 627 48 4
573 626 17 8
573 646 25 3
573 667 51 14
573 705 46 3
574 672 29 7
575 618 59 6
575 689 40 10
576 604 47 15
576 645 42 12
576 718 16 15
577 666 49 14
578 653 56 5
578 657 55 14
579 620 51 11
580 611 32 8
580 615 42 6
580 619 17 7
581 679 33 14
581 703 2 10
581 711 44 1
582 675 39 2
583 646 10 5
584 706 51 8
585 634 34 8
586 628 18 13
586 672 24 11
588 697 20 14
589 640 13 10
589 654 26 15
590 597 52 13
590 628 33 8
591 615 2 1
591 618 18 12
591 675 37 9
591 705 26 15
593 594 37 15
595 627 57 1
595 634 2 1
596 612 15 14
596 668 26 5
596 698 20 10
597 602 57 3
597 636 8 8
599 703 14 15
601 706 53 9
602 603 27 13
602 694 32 1
603 659 20 7
604 650 2 8
604 653 21 13
605 700 34 7
606 627 46 5
608 623 44 11
609 699 16 6
612 636 28 12
612 690 34 3
612 709 45 1
614 668 14 15
614 696 52 5
615 636 30 6
616 674 20 2
617 687 13 11
617 709 22 9
618 651 59 1
618 683 49 9
619 621 35 5
620 685 39 1
622 643 23 14
623 676 41 11
623 677 4 8
623 714 47 11
623 716 30 9
629 664 27 14
631 714 19 1
635 689 2 8
636 647 52 1
638 678 21 8
638 681 32 7
638 704 43 10
639 703 56 4
640 682 13 9
641 652 2 4
641 675 41 8
642 673 10 1
643 673 49 1
644 647 38 12
645 692 35 1
646 673 60 3
649 667 10 4
650 686 57 2
651 663 2 10
651 716 39 9
652 659 4 3
652 669 50 3
652 670 31 6
653 692 39 14
655 675 30 15
660 701 8 12
663 687 42 1
663 710 22 14
663 716 38 9
664 695 40 8
665 690 55 5
666 709 8 10
667 690 40 8
672 680 25 13
675 698 57 3
676 700 14 2
677 718 37 1
684 706 39 5
684 712 32 15
685 712 18 1
689 698 35 6
691 720 54 3
695 703 32 12
695 714 45 15
700 712 31 1

0 12 12
1 36 43
2 51 36
3 79 16
4 86 17
5 88 27
6 92 32
7 120 46
8 123 49
9 127 2
10 135 16
11 136 22
12 147 4
13 148 8
14 152 24
15 165 30
16 171 2
17 178 36
18 179 8
19 201 12
20 204 6
21 210 18
22 219 11
23 241 22
24 245 19
25 253 31
26 267 24
27 289 42
28 299 22
29 307 42
30 309 5
31 322 16
32 329 41
33 330 9
34 336 10
35 359 35
36 367 2
37 369 15
38 390 35
39 393 2
40 406 19
41 429 36
42 433 15
43 441 20
44 445 33
45 447 11
46 454 12
47 474 24
48 479 36
49 481 30
50 482 5
51 509 11
52 530 10
53 535 43
54 547 30
55 562 46
56 568 50
57 576 32
58 587 35
59 596 3
60 632 10
61 640 31
62 642 39
63 645 11
64 647 8
65 682 29
66 684 43
67 688 30
68 693 50
69 707 24
70 709 15
71 713 26
