1455 5807 145 12

0 30 6886
1 60 13290
2 90 19238
3 120 24753
4 150 29859
5 180 34578
6 210 38929
7 240 42934
8 270 46611
9 300 49978
10 330 53052
11 360 55850

0 10242
1 14713
2 14175
3 12789
4 10884
5 9428
6 11031
7 9803
8 13071
9 13714
10 13213
11 15239
12 8836
13 9980
14 13837
15 12607
16 14765
17 12278
18 11710
19 13837
20 8937
21 9750
22 11252
23 10308
24 13943
25 7926
26 10739
27 12741
28 14421
29 13995
30 14743
31 10896
32 12109
33 11992
34 12952
35 10636
36 16282
37 7019
38 13062
39 12251
40 8218
41 11692
42 8243
43 12993
44 11983
45 13482
46 8236
47 12024
48 16001
49 11354
50 13054
51 13874
52 12326
53 8517
54 14125
55 12263
56 13094
57 9881
58 10508
59 9082
60 7724
61 14922
62 10142
63 12154
64 14526
65 14840
66 13629
67 13615
68 9136
69 9966
70 8721
71 12593
72 11415
73 13355
74 11006
75 12481
76 12530
77 14361
78 13065
79 13677
80 10068
81 10184
82 13963
83 9375
84 12813
85 13154
86 11098
87 12227
88 11200
89 10315
90 12706
91 9137
92 11325
93 11985
94 13669
95 13998
96 15735
97 8280
98 15714
99 11513
100 13031
101 10777
102 14043
103 12320
104 12216
105 12384
106 11835
107 12285
108 12312
109 12732
110 16645
111 12227
112 12852
113 12097
114 9775
115 13119
116 8483
117 12270
118 10109
119 15463
120 12188
121 15050
122 10738
123 12109
124 9889
125 10471
126 10574
127 14325
128 10015
129 9177
130 14171
131 10385
132 9127
133 10772
134 10419
135 11664
136 11459
137 11700
138 13652
139 12250
140 9977
141 10335
142 15732
143 11895
144 13540
145 11060
146 10507
147 13729
148 12474
149 10767
150 12682
151 12018
152 13710
153 14118
154 11472
155 11701
156 9713
157 9453
158 12305
159 11015
160 11854
161 12880
162 11270
163 12509
164 9464
165 10191
166 13473
167 8594
168 14602
169 8559
170 12950
171 9332
172 11582
173 13005
174 13127
175 11574
176 14895
177 12244
178 10992
179 10955
180 9073
181 9755
182 11522
183 10742
184 12543
185 10010
186 12315
187 11579
188 13982
189 10622
190 13043
191 15223
192 11933
193 11819
194 12836
195 12781
196 12069
197 11366
198 9018
199 11600
200 11370
201 13156
202 13426
203 14580
204 12880
205 13748
206 14536
207 12248
208 11810
209 13321
210 10350
211 12201
212 12451
213 12875
214 11972
215 13994
216 12930
217 11346
218 12951
219 12315
220 8830
221 10798
222 11987
223 13359
224 10771
225 13041
226 8108
227 13769
228 10390
229 11545
230 10910
231 10078
232 12342
233 9069
234 9549
235 14573
236 13674
237 13624
238 12124
239 11579
240 9928
241 10875
242 13033
243 9785
244 16132
245 13061
246 10780
247 11505
248 13218
249 13891
250 12651
251 14748
252 11342
253 12019
254 11853
255 13757
256 12317
257 9693
258 11850
259 15100
260 16052
261 12939
262 12785
263 12945
264 9554
265 9340
266 12278
267 9922
268 11141
269 12955
270 11176
271 14653
272 10890
273 17660
274 12521
275 12655
276 12196
277 11761
278 11785
279 13978
280 11750
281 9969
282 14012
283 9910
284 12435
285 7768
286 12467
287 11876
288 10978
289 7721
290 9912
291 9957
292 12595
293 10023
294 12702
295 8424
296 13537
297 15756
298 14601
299 8552
300 13493
301 12445
302 8871
303 14171
304 9954
305 13289
306 13185
307 10528
308 11576
309 14214
310 9076
311 11504
312 14412
313 8633
314 12811
315 11032
316 11122
317 11067
318 10891
319 6954
320 12498
321 8438
322 14174
323 13029
324 8455
325 11117
326 10086
327 8059
328 11876
329 9062
330 9945
331 11960
332 10444
333 13209
334 11647
335 11797
336 14625
337 11188
338 14456
339 10579
340 9960
341 7210
342 12803
343 11585
344 11922
345 11889
346 11582
347 11117
348 12263
349 14193
350 11433
351 11154
352 11824
353 11529
354 12065
355 10781
356 12072
357 8681
358 10802
359 11387
360 10531
361 10867
362 11086
363 14194
364 13956
365 15742
366 13267
367 12913
368 8536
369 10740
370 10927
371 13943
372 13393
373 8725
374 10286
375 13799
376 11854
377 11857
378 12214
379 10100
380 11847
381 10552
382 11796
383 16029
384 14364
385 13717
386 10995
387 13126
388 12709
389 11589
390 13160
391 9132
392 10412
393 9500
394 11646
395 9715
396 10230
397 9965
398 10694
399 12156
400 12169
401 12290
402 13383
403 11016
404 12418
405 10915
406 10935
407 14649
408 11922
409 10966
410 14124
411 10187
412 9175
413 12205
414 11020
415 14632
416 13093
417 8367
418 13092
419 11019
420 14158
421 11673
422 11706
423 11891
424 7760
425 12369
426 12293
427 15477
428 11284
429 10605
430 11926
431 14789
432 10838
433 12106
434 11851
435 11509
436 15577
437 8878
438 8569
439 9342
440 12235
441 13613
442 11981
443 8902
444 8326
445 12266
446 9032
447 9336
448 11881
449 14355
450 9639
451 13474
452 10954
453 13501
454 14411
455 11905
456 9705
457 14116
458 12514
459 12268
460 10626
461 13794
462 10205
463 8832
464 12961
465 7279
466 13598
467 11086
468 10446
469 12378
470 11165
471 11784
472 13266
473 11913
474 12567
475 11030
476 10719
477 12414
478 12854
479 14554
480 13373
481 12416
482 9942
483 11659
484 9833
485 15855
486 11434
487 15136
488 15242
489 10421
490 9439
491 8157
492 13819
493 10416
494 8892
495 14946
496 13668
497 11842
498 11809
499 11362
500 14458
501 13716
502 13446
503 13816
504 9223
505 12813
506 10976
507 13814
508 13688
509 12792
510 14342
511 11899
512 11313
513 14456
514 9778
515 11990
516 12639
517 12370
518 13158
519 8800
520 10600
521 10631
522 11611
523 10922
524 16384
525 8287
526 11564
527 11105
528 12525
529 7652
530 12450
531 12170
532 12634
533 13105
534 12726
535 11840
536 10544
537 14066
538 13571
539 10378
540 13108
541 9087
542 12633
543 16627
544 14017
545 13761
546 13593
547 11552
548 11821
549 13974
550 13287
551 14322
552 12074
553 12814
554 12136
555 13834
556 12433
557 11984
558 12233
559 10606
560 10975
561 14587
562 11524
563 9538
564 13670
565 11981
566 14172
567 10357
568 13526
569 13243
570 12669
571 12154
572 9646
573 12320
574 14649
575 10805
576 9263
577 13445
578 13002
579 12227
580 13281
581 12443
582 15195
583 10864
584 7785
585 13115
586 10124
587 13333
588 9907
589 15354
590 11297
591 12111
592 12407
593 12161
594 10632
595 15770
596 11213
597 10089
598 10766
599 13279
600 12678
601 11536
602 11622
603 14383
604 13164
605 13623
606 9948
607 11640
608 13169
609 10271
610 11416
611 7586
612 14858
613 11271
614 12915
615 13815
616 11701
617 12328
618 12964
619 10288
620 12986
621 11819
622 7864
623 13895
624 13084
625 12000
626 11741
627 11916
628 11298
629 10635
630 9182
631 7223
632 12733
633 8603
634 10564
635 12877
636 12261
637 10666
638 11069
639 12845
640 12124
641 11265
642 11301
643 9808
644 12783
645 12872
646 11703
647 10574
648 8205
649 11813
650 16991
651 13143
652 13404
653 11306
654 14177
655 10629
656 10655
657 8396
658 11833
659 10915
660 9929
661 12567
662 12243
663 11240
664 13274
665 12128
666 9178
667 10452
668 9494
669 9896
670 16708
671 9386
672 14384
673 11775
674 12508
675 11601
676 9490
677 13067
678 11905
679 14986
680 10954
681 8376
682 12745
683 10891
684 12825
685 11374
686 13455
687 12507
688 10442
689 10498
690 12541
691 8476
692 9663
693 13657
694 11138
695 16139
696 11131
697 10840
698 13467
699 13843
700 13064
701 8558
702 14359
703 10291
704 12533
705 14254
706 16585
707 9024
708 10577
709 8620
710 12459
711 11509
712 12061
713 9433
714 11139
715 11964
716 13187
717 15137
718 11608
719 12849
720 11648
721 11873
722 14481
723 12264
724 9589
725 12044
726 9010
727 10402
728 10214
729 11256
730 14795
731 14192
732 10225
733 12411
734 7294
735 10199
736 12478
737 14200
738 8867
739 9897
740 9030
741 12172
742 8808
743 10538
744 10488
745 12532
746 10573
747 12308
748 12817
749 13612
750 14080
751 12239
752 11113
753 14774
754 11564
755 10383
756 13313
757 16371
758 12601
759 8098
760 9800
761 13384
762 12332
763 8509
764 13023
765 13684
766 12621
767 16316
768 11889
769 12001
770 11265
771 9664
772 12399
773 10203
774 14714
775 12881
776 9372
777 10566
778 11340
779 12533
780 12639
781 10182
782 11476
783 11292
784 11106
785 9045
786 12385
787 15067
788 9583
789 9616
790 11588
791 10589
792 10996
793 10494
794 12843
795 10557
796 8039
797 12290
798 13722
799 16247
800 13394
801 9778
802 11057
803 11229
804 7473
805 12079
806 9601
807 12371
808 12423
809 9813
810 13709
811 12498
812 17420
813 8455
814 11207
815 15319
816 10845
817 13532
818 15164
819 13517
820 14443
821 10272
822 11191
823 9644
824 6121
825 12047
826 8776
827 13626
828 11308
829 13511
830 13479
831 13305
832 11139
833 12692
834 9221
835 9322
836 13613
837 12730
838 9344
839 14364
840 11225
841 10536
842 12639
843 8698
844 13340
845 13404
846 7812
847 10679
848 12910
849 11678
850 10989
851 10486
852 9079
853 11125
854 11218
855 14238
856 11696
857 11407
858 12567
859 12711
860 9672
861 11658
862 15981
863 13646
864 10152
865 10682
866 13367
867 10818
868 13668
869 8714
870 16968
871 12664
872 12514
873 13327
874 9964
875 9091
876 13049
877 12970
878 10802
879 9582
880 10675
881 11702
882 10198
883 10453
884 9559
885 13981
886 9904
887 12908
888 11283
889 13293
890 12096
891 13092
892 11684
893 14321
894 11013
895 11590
896 13479
897 14978
898 10006
899 11521
900 12950
901 7844
902 9623
903 12911
904 10625
905 11793
906 14385
907 12791
908 14039
909 11025
910 11687
911 11802
912 8514
913 9661
914 14059
915 13247
916 6958
917 11986
918 11451
919 10275
920 10043
921 12074
922 9958
923 12627
924 9904
925 13524
926 14697
927 11451
928 12505
929 13381
930 18333
931 12858
932 8885
933 10337
934 10351
935 14858
936 12472
937 9965
938 12460
939 11415
940 10835
941 14989
942 9557
943 12648
944 14085
945 13801
946 11358
947 12247
948 12355
949 8530
950 15408
951 12757
952 11330
953 13776
954 10805
955 10889
956 12035
957 11406
958 15577
959 12139
960 8947
961 10662
962 12187
963 10749
964 14139
965 8223
966 12031
967 10373
968 10099
969 11816
970 12201
971 15442
972 16276
973 9285
974 11909
975 10467
976 9420
977 10377
978 11038
979 7783
980 15392
981 12712
982 9564
983 7066
984 12617
985 8773
986 12547
987 12185
988 11258
989 11407
990 13096
991 11136
992 7980
993 13833
994 12484
995 11620
996 12327
997 8558
998 12986
999 8012
1000 11364
1001 11502
1002 12209
1003 10524
1004 10359
1005 9771
1006 8653
1007 11039
1008 12595
1009 12024
1010 11090
1011 12293
1012 14841
1013 6886
1014 8368
1015 10734
1016 13457
1017 14491
1018 12755
1019 10700
1020 13327
1021 13774
1022 8472
1023 11330
1024 13888
1025 12763
1026 11635
1027 10252
1028 10780
1029 14261
1030 15430
1031 12237
1032 10394
1033 7797
1034 11243
1035 9638
1036 13875
1037 13536
1038 9003
1039 12259
1040 14608
1041 14339
1042 11681
1043 15789
1044 14001
1045 7696
1046 14381
1047 10958
1048 12207
1049 8883
1050 13182
1051 13515
1052 8632
1053 10895
1054 10553
1055 11495
1056 10648
1057 11929
1058 13442
1059 12447
1060 10941
1061 13763
1062 12482
1063 11963
1064 10085
1065 10739
1066 14963
1067 10808
1068 14357
1069 13918
1070 7342
1071 12366
1072 7366
1073 13384
1074 7617
1075 12266
1076 15268
1077 11297
1078 11499
1079 12888
1080 15999
1081 11358
1082 8060
1083 13105
1084 12819
1085 10027
1086 9175
1087 10319
1088 12158
1089 10177
1090 13470
1091 14593
1092 10161
1093 8765
1094 16192
1095 12483
1096 9673
1097 10334
1098 11925
1099 11114
1100 10989
1101 12531
1102 9248
1103 11735
1104 10144
1105 8438
1106 12740
1107 13087
1108 12603
1109 10180
1110 10451
1111 15196
1112 11775
1113 11499
1114 10582
1115 11410
1116 11170
1117 9109
1118 12044
1119 9931
1120 14183
1121 8127
1122 13901
1123 13070
1124 12252
1125 9960
1126 13963
1127 13414
1128 10459
1129 11549
1130 8735
1131 12554
1132 13174
1133 11806
1134 11791
1135 10642
1136 14804
1137 11912
1138 11505
1139 10286
1140 10830
1141 12405
1142 10410
1143 13018
1144 12696
1145 9902
1146 13402
1147 14493
1148 10055
1149 14794
1150 12059
1151 15658
1152 15567
1153 13498
1154 11199
1155 13189
1156 13528
1157 10049
1158 14928
1159 14873
1160 12624
1161 11240
1162 12870
1163 12391
1164 10436
1165 12212
1166 11914
1167 12376
1168 14288
1169 11664
1170 11192
1171 9569
1172 10361
1173 13374
1174 11180
1175 10652
1176 10160
1177 11667
1178 12739
1179 8850
1180 10213
1181 12039
1182 12868
1183 11127
1184 11889
1185 10623
1186 14618
1187 8813
1188 12366
1189 11043
1190 14305
1191 15937
1192 14236
1193 10332
1194 11395
1195 9826
1196 12285
1197 11928
1198 10883
1199 13965
1200 10897
1201 11469
1202 14349
1203 9770
1204 12097
1205 14093
1206 14146
1207 10977
1208 8569
1209 10551
1210 11735
1211 11676
1212 12291
1213 9219
1214 8809
1215 10888
1216 14316
1217 12582
1218 11782
1219 13003
1220 11568
1221 9613
1222 10299
1223 11771
1224 10832
1225 15271
1226 15790
1227 9960
1228 13153
1229 14738
1230 13174
1231 7969
1232 9704
1233 7972
1234 12160
1235 10514
1236 12125
1237 13195
1238 15115
1239 9430
1240 11468
1241 12795
1242 9657
1243 13680
1244 15320
1245 11774
1246 14125
1247 12239
1248 13235
1249 11289
1250 7489
1251 10512
1252 10239
1253 9669
1254 10816
1255 11562
1256 13572
1257 12563
1258 13236
1259 12873
1260 13720
1261 13641
1262 11702
1263 12496
1264 10606
1265 10308
1266 13087
1267 11108
1268 10317
1269 13404
1270 11216
1271 11691
1272 10499
1273 10931
1274 8404
1275 9323
1276 9936
1277 12076
1278 10598
1279 11767
1280 8939
1281 10772
1282 10830
1283 11039
1284 12838
1285 10559
1286 10930
1287 7417
1288 12057
1289 9624
1290 13657
1291 11055
1292 9824
1293 12585
1294 10274
1295 12364
1296 12921
1297 9480
1298 10680
1299 12452
1300 10437
1301 12103
1302 9501
1303 13963
1304 12929
1305 12536
1306 13257
1307 12925
1308 10749
1309 11549
1310 11363
1311 9837
1312 11218
1313 10011
1314 11229
1315 14608
1316 12389
1317 14076
1318 11530
1319 13554
1320 12474
1321 9963
1322 11923
1323 12162
1324 14079
1325 11887
1326 11307
1327 14299
1328 12842
1329 14682
1330 7684
1331 9825
1332 14314
1333 12061
1334 10920
1335 14991
1336 12225
1337 9879
1338 5890
1339 13017
1340 9977
1341 12798
1342 13037
1343 12554
1344 15102
1345 11240
1346 11095
1347 12013
1348 9507
1349 9414
1350 9801
1351 12014
1352 9411
1353 13449
1354 12952
1355 10459
1356 14846
1357 12390
1358 8147
1359 13123
1360 12970
1361 12678
1362 9217
1363 13867
1364 14068
1365 10706
1366 12351
1367 12879
1368 10385
1369 15676
1370 12574
1371 12380
1372 10913
1373 12477
1374 10870
1375 9521
1376 7963
1377 10695
1378 13448
1379 9139
1380 10635
1381 8290
1382 14669
1383 7825
1384 14814
1385 10380
1386 11906
1387 9792
1388 9846
1389 12129
1390 11223
1391 10910
1392 13003
1393 14445
1394 13289
1395 9474
1396 11424
1397 13418
1398 12226
1399 11909
1400 10638
1401 15080
1402 13499
1403 11102
1404 13492
1405 12338
1406 12081
1407 11897
1408 9495
1409 11970
1410 12647
1411 13170
1412 12463
1413 12742
1414 11936
1415 11794
1416 10201
1417 13252
1418 15174
1419 12658
1420 9240
1421 15761
1422 9656
1423 13879
1424 11543
1425 12180
1426 10461
1427 16192
1428 10612
1429 13689
1430 10784
1431 7732
1432 10370
1433 12053
1434 12355
1435 10274
1436 12987
1437 12446
1438 14327
1439 10951
1440 9942
1441 12577
1442 11461
1443 8660
1444 10246
1445 9520
1446 9452
1447 11983
1448 9825
1449 8516
1450 12154
1451 9492
1452 9028
1453 14456
1454 12848

0 301 33 3
0 635 44 2
0 663 48 9
0 680 8 1
0 732 20 15
0 769 19 7
0 939 7 11
0 1093 10 11
0 1427 30 5
1 14 46 4
1 74 55 2
1 85 43 13
1 129 6 1
1 158 1 1
1 220 56 11
1 299 6 11
1 1066 3 2
1 1091 56 1
1 1093 50 7
1 1298 21 2
1 1431 16 12
2 415 28 12
2 771 9 7
2 778 49 11
2 823 48 6
2 1093 37 1
3 186 21 6
3 497 27 2
3 553 11 10
3 562 24 13
3 628 5 5
3 1042 42 13
3 1160 19 10
3 1261 4 14
4 60 25 10
4 253 37 11
4 620 50 12
4 634 50 5
4 642 54 3
4 814 14 6
4 939 58 10
4 1039 26 12
5 59 49 11
5 272 19 11
5 471 3 1
5 597 2 2
5 765 23 4
6 240 42 5
6 391 5 6
6 448 37 14
6 497 39 10
6 734 47 13
6 887 1 3
6 1195 52 15
6 1228 39 13
7 82 40 8
7 175 7 6
7 269 41 12
7 386 3 1
7 458 5 14
7 562 14 13
7 840 3 10
7 883 58 12
7 900 49 10
7 1385 26 10
7 1441 25 12
8 432 19 9
8 440 5 3
8 451 26 13
8 552 38 9
8 1185 6 7
8 1194 47 3
8 1206 24 12
9 243 18 8
9 809 38 3
9 943 43 15
9 1030 54 6
9 1113 24 7
9 1144 22 6
10 850 39 10
10 928 55 4
11 112 35 13
11 138 45 3
11 206 58 3
11 218 10 4
11 347 42 8
11 490 41 14
11 505 2 8
11 604 21 12
11 621 34 3
11 702 3 6
11 770 36 15
11 897 46 10
12 48 59 12
12 84 41 8
12 351 22 5
12 353 34 13
12 407 55 13
12 950 57 7
12 985 21 5
12 1046 4 7
12 1219 10 4
12 1431 59 12
13 118 31 6
13 199 34 14
13 478 58 13
13 648 21 8
13 676 42 5
13 730 14 5
13 762 12 12
13 804 8 3
13 1006 12 6
13 1014 1 7
13 1048 7 15
14 137 30 2
14 321 43 15
14 562 49 1
14 733 53 15
14 1003 29 3
14 1042 32 12
14 1205 6 4
14 1350 27 7
15 77 25 12
15 208 34 12
15 422 16 11
15 755 48 3
15 801 37 6
15 836 7 8
15 1274 25 1
16 152 38 14
16 196 28 10
16 712 41 13
16 803 56 13
16 1011 48 4
16 1158 47 9
16 1280 41 6
17 156 40 4
17 194 43 1
17 310 3 5
17 364 3 5
17 560 37 5
17 787 25 15
17 1279 36 1
18 289 47 4
18 556 41 6
18 713 40 15
18 748 26 5
18 1010 21 5
18 1323 40 9
19 556 14 7
19 715 26 12
19 863 43 3
19 878 33 2
19 938 58 11
19 1333 8 6
20 120 26 12
20 137 55 4
20 494 55 4
20 559 33 10
20 607 3 9
20 611 42 6
20 634 53 5
20 651 15 4
20 684 58 3
20 757 33 8
20 802 20 15
20 1069 57 12
20 1208 17 2
20 1449 53 15
21 61 40 9
21 438 52 14
21 462 23 11
21 754 58 13
21 811 56 12
21 913 11 12
21 1221 51 3
21 1242 45 2
22 84 49 1
22 242 45 4
22 893 60 13
22 983 10 6
22 984 15 10
22 997 8 7
22 1165 12 9
22 1347 43 5
23 279 46 15
23 397 24 5
24 242 40 14
24 304 50 4
24 343 26 7
24 496 6 12
24 605 23 13
24 816 10 4
24 969 13 7
24 1342 11 11
24 1426 39 1
25 205 4 8
25 286 11 3
25 544 11 10
25 679 15 9
25 849 20 9
25 937 53 9
25 962 45 13
26 27 16 5
26 151 22 11
26 398 1 3
26 566 50 4
26 644 45 11
26 729 48 14
26 769 33 13
26 803 1 11
26 952 44 9
26 1278 55 2
26 1353 51 10
27 202 8 8
27 210 40 9
27 361 59 12
27 428 39 5
27 610 38 5
27 732 15 12
27 864 44 7
27 997 36 12
27 1021 28 3
27 1264 56 12
27 1289 53 2
27 1417 11 4
28 285 31 13
28 349 18 2
28 438 39 6
28 499 8 6
28 540 57 5
28 898 41 5
28 1425 53 14
29 443 41 10
29 470 18 6
29 750 45 8
29 776 28 13
29 1147 32 2
29 1248 32 4
29 1340 57 4
29 1387 21 5
30 390 42 13
30 450 1 6
30 601 1 6
30 991 55 9
30 1060 42 11
30 1141 18 13
31 37 8 3
31 500 6 12
31 580 1 11
31 672 11 5
31 788 4 1
31 789 14 15
31 792 20 9
31 896 3 2
31 942 53 14
31 1131 17 12
31 1376 8 14
31 1413 22 1
32 410 58 11
32 781 8 3
32 922 38 8
33 34 38 3
33 59 56 10
33 570 50 12
33 945 1 9
33 950 31 6
33 1212 35 14
33 1215 37 10
33 1349 16 7
33 1386 25 12
34 126 41 10
34 192 1 8
34 351 36 10
34 397 28 4
34 449 50 2
34 712 32 11
34 948 1 10
34 1061 56 7
34 1192 46 8
35 168 19 10
35 348 48 15
35 543 32 5
35 629 29 13
35 868 11 6
35 1218 9 12
35 1335 30 14
35 1449 33 14
36 204 39 15
36 540 9 12
36 625 33 9
36 653 34 2
36 742 34 9
36 918 54 11
36 954 29 10
36 1245 34 12
36 1360 21 10
37 163 10 7
37 1050 29 14
37 1245 24 5
37 1434 19 11
38 416 27 13
38 468 31 15
38 745 37 8
38 766 25 3
38 845 58 2
38 1087 45 1
38 1320 32 9
39 59 54 6
39 106 16 5
39 488 53 8
39 952 29 9
39 1258 53 11
39 1266 28 7
39 1326 28 12
40 862 30 10
40 930 51 15
40 1121 56 15
40 1193 7 5
40 1225 50 2
40 1297 21 15
40 1385 2 14
41 192 7 8
41 403 18 9
41 439 60 8
41 662 10 11
41 687 14 12
41 799 16 11
41 895 49 2
41 1157 54 5
41 1217 24 1
41 1354 10 14
41 1372 60 5
42 266 29 15
42 296 54 6
42 497 52 10
42 553 53 7
42 756 30 6
42 804 34 6
42 950 15 6
43 70 9 15
43 212 45 15
43 1080 13 9
43 1103 49 11
43 1135 59 11
43 1291 46 5
44 360 40 5
44 396 23 5
44 475 28 12
44 583 4 13
44 876 18 5
44 896 38 2
44 906 10 7
44 1162 53 15
44 1200 13 13
45 215 22 5
45 252 5 5
45 531 28 8
45 677 60 6
45 862 47 2
45 1177 50 9
46 395 46 8
46 1007 52 5
47 98 36 11
47 214 19 8
47 523 15 11
47 594 6 14
47 782 38 12
47 907 17 14
47 955 5 9
47 1145 33 13
47 1241 17 14
47 1264 51 10
47 1350 20 7
48 59 8 11
48 196 14 10
48 212 58 5
48 478 51 10
48 492 60 8
48 661 33 9
48 688 23 2
48 881 14 14
48 1272 3 7
49 180 19 1
49 359 34 13
49 613 60 10
49 734 52 7
49 989 34 8
49 1075 50 11
49 1252 35 1
49 1337 7 2
50 264 20 6
50 309 31 7
50 358 14 15
50 449 44 9
50 543 25 15
50 829 40 11
50 1341 54 14
51 67 10 10
51 782 11 9
51 927 21 13
51 1025 25 8
51 1069 45 15
51 1170 23 4
51 1258 59 5
51 1288 30 6
51 1310 42 5
52 90 19 8
52 571 41 12
52 633 1 12
52 764 43 9
52 1007 18 13
52 1126 5 14
52 1135 27 13
52 1223 30 2
53 160 13 5
53 272 11 12
53 569 39 14
53 597 13 10
53 792 4 12
53 949 41 3
53 958 43 13
53 1340 33 4
53 1407 57 13
54 68 31 6
54 287 11 8
54 294 55 3
54 402 15 11
54 637 57 13
54 734 28 3
54 753 10 3
54 797 27 9
54 1065 16 14
55 62 48 5
55 127 55 12
55 434 45 13
55 834 13 2
55 835 3 7
55 1095 30 4
55 1363 44 11
56 513 6 11
56 614 50 15
56 1184 22 9
56 1367 22 5
57 58 36 3
57 349 24 2
57 586 16 2
57 862 33 12
57 876 19 12
57 1150 48 5
57 1204 37 11
57 1306 12 4
58 566 37 6
58 804 53 4
58 1242 25 3
58 1279 4 14
58 1350 19 7
58 1448 40 14
59 110 38 12
59 337 52 12
59 1127 58 5
59 1377 47 15
60 278 60 3
60 446 13 3
60 465 31 11
60 492 21 9
60 548 48 11
60 740 35 2
60 936 2 2
60 1257 51 11
60 1327 25 14
60 1397 54 1
61 287 8 14
61 538 51 1
61 702 49 6
61 1036 52 4
62 73 34 10
62 538 11 7
62 699 60 13
62 879 31 5
62 936 42 2
62 999 6 11
62 1051 1 12
62 1441 45 8
63 225 24 9
63 257 36 10
63 808 29 10
63 826 14 15
63 843 22 11
63 913 33 4
63 1272 14 10
63 1355 58 2
64 113 59 13
64 233 14 13
64 355 3 11
64 449 59 6
64 547 60 13
64 839 22 8
64 1030 16 5
64 1172 38 14
64 1203 30 5
64 1451 57 3
64 1453 55 8
65 71 19 5
65 236 20 10
65 293 42 7
65 502 41 6
65 710 6 8
65 897 38 2
65 1363 35 9
66 158 12 1
66 161 58 14
66 386 37 11
66 387 57 6
66 423 4 11
66 892 15 3
66 992 6 3
66 1127 55 14
66 1133 38 5
66 1201 60 12
66 1279 5 1
66 1380 26 9
67 273 28 2
67 309 20 11
67 488 51 2
67 884 2 11
67 966 33 15
67 1371 33 9
67 1398 14 6
67 1411 36 7
68 100 20 6
68 246 28 9
68 347 33 7
68 374 29 14
68 634 55 7
68 853 46 13
68 1027 48 11
68 1136 20 7
68 1253 41 12
69 119 1 2
69 268 41 12
69 310 6 10
69 336 56 11
69 513 42 9
69 655 14 12
69 1143 26 2
69 1272 4 5
69 1384 21 3
69 1424 43 5
70 118 9 13
70 216 49 6
70 394 51 10
70 532 44 6
70 619 52 13
70 671 15 8
70 766 4 14
70 1013 43 1
70 1050 56 5
70 1060 50 1
71 209 25 15
71 365 43 9
71 383 42 2
71 654 52 6
71 817 46 14
71 832 38 12
71 855 21 11
71 872 5 12
71 1182 31 6
71 1325 11 11
72 167 49 11
72 768 7 8
72 955 45 4
73 91 55 1
73 300 29 10
73 348 8 10
73 434 27 12
73 452 52 1
73 502 13 2
73 556 46 14
73 699 12 5
73 1312 24 6
73 1395 39 15
74 144 45 1
74 304 52 6
74 396 27 13
74 512 53 15
74 553 21 6
74 597 57 7
74 854 38 4
74 861 10 6
74 893 50 15
74 948 42 11
74 951 29 13
74 1032 47 11
74 1227 19 1
75 415 35 10
75 672 29 2
75 732 59 1
75 799 45 15
75 1072 10 1
75 1228 1 15
75 1274 26 1
76 367 41 9
76 578 29 14
76 760 7 13
76 791 57 4
76 1374 32 4
76 1380 15 12
76 1430 52 1
77 93 1 14
77 127 36 5
77 253 51 7
77 490 43 9
77 577 48 10
77 603 9 12
77 922 9 14
77 928 60 1
77 977 22 4
77 1235 17 1
77 1368 34 13
77 1432 13 1
78 416 16 2
78 605 54 7
78 718 11 1
78 831 13 15
78 911 45 14
78 945 32 5
78 956 27 7
78 1032 45 1
78 1300 30 2
78 1374 46 6
79 80 38 6
79 420 18 7
79 915 19 1
79 1217 49 3
80 605 36 11
80 822 58 9
80 829 57 13
80 1094 47 5
80 1104 48 8
80 1107 22 8
80 1188 27 13
80 1386 20 3
81 136 25 7
81 365 4 1
81 720 55 4
81 849 25 14
81 1042 27 3
81 1067 57 9
81 1137 51 10
81 1269 13 12
81 1327 21 4
81 1342 31 4
82 297 21 5
82 304 34 2
82 426 55 3
82 433 1 12
82 655 50 14
82 838 16 10
82 883 31 6
82 961 34 14
82 990 48 6
82 1039 27 7
82 1062 7 2
82 1110 8 13
82 1439 50 9
82 1440 40 4
83 325 15 9
83 336 45 3
83 391 35 1
83 504 34 9
83 1114 9 2
83 1263 58 15
83 1314 43 4
83 1326 12 14
84 600 32 3
84 709 33 15
84 918 18 13
84 1057 49 5
84 1205 34 10
84 1364 45 14
85 289 56 1
85 750 28 6
85 891 26 5
85 1272 30 15
85 1292 16 7
85 1425 6 10
86 365 58 10
86 377 12 13
86 536 20 9
86 921 35 3
86 1064 59 15
86 1249 10 10
86 1280 54 7
86 1307 38 3
86 1367 21 14
86 1451 28 14
87 265 46 5
87 278 22 12
87 369 31 13
87 587 23 2
87 624 50 3
87 699 49 11
87 840 27 1
87 851 22 9
87 894 2 15
87 1244 53 13
87 1375 51 15
88 366 18 2
88 381 7 1
88 713 36 3
88 865 9 8
88 900 46 5
88 941 46 14
89 291 3 10
89 319 2 15
89 384 22 11
89 496 28 1
89 519 60 15
89 674 39 1
89 722 17 1
89 751 25 1
89 1049 22 10
89 1152 28 5
90 388 35 3
90 1140 30 10
90 1319 13 4
91 315 39 2
91 719 2 13
91 1033 54 8
91 1057 2 9
91 1141 19 11
91 1327 13 14
92 109 39 2
92 145 42 14
92 243 58 4
92 684 49 3
92 871 21 13
92 962 13 4
92 1190 8 13
92 1235 59 8
92 1376 15 7
93 335 12 13
93 583 27 15
93 621 32 5
93 647 58 10
93 663 15 10
93 891 13 5
93 1017 23 8
93 1094 16 4
94 313 25 3
94 526 59 2
94 672 33 6
94 743 6 12
94 992 2 7
94 1091 21 13
94 1176 38 10
94 1198 25 8
94 1348 17 7
95 126 27 2
95 170 19 10
95 434 31 10
95 542 17 9
95 638 24 13
95 830 35 7
95 875 8 12
95 1314 50 6
96 141 12 7
96 222 22 13
96 245 59 7
96 794 48 13
96 828 33 1
96 851 36 12
96 871 1 12
96 1098 16 4
96 1439 21 9
97 438 42 10
97 517 5 6
97 961 6 1
97 1023 11 3
97 1033 17 3
97 1053 6 4
97 1205 34 14
97 1287 35 12
98 142 47 6
98 218 2 5
98 675 8 9
98 812 59 2
98 889 10 15
98 930 33 12
99 112 21 14
99 413 26 5
99 458 43 1
99 716 23 10
99 935 20 9
99 1105 17 13
99 1222 10 6
99 1346 21 11
99 1428 24 12
100 214 38 5
100 1285 53 9
101 218 26 2
101 284 3 9
101 367 33 1
101 908 42 15
101 971 43 8
101 980 37 4
101 988 50 15
101 1035 54 7
101 1055 3 1
101 1096 33 10
101 1186 5 5
101 1199 1 14
102 124 58 7
102 194 50 14
102 195 2 9
102 392 58 13
102 557 10 12
102 1004 15 11
102 1336 36 12
102 1433 39 8
103 294 32 3
103 500 53 10
103 684 1 9
103 1194 18 11
103 1285 3 3
103 1388 5 4
104 148 10 7
104 265 41 2
104 451 49 7
104 645 43 2
104 688 15 7
104 849 55 7
104 1430 21 1
105 150 49 12
105 356 31 9
105 1087 60 13
105 1324 22 12
106 177 12 9
106 298 3 14
106 343 16 3
106 793 50 13
106 1258 2 4
106 1355 14 13
107 433 37 6
107 693 17 7
107 1003 17 13
107 1323 26 14
108 157 50 1
108 510 25 2
108 575 7 1
108 875 59 7
108 881 59 12
108 1208 11 14
109 301 21 11
109 304 40 8
109 577 5 7
109 771 39 1
109 1196 59 1
109 1315 48 10
109 1415 48 7
110 142 23 13
110 180 4 13
110 238 46 2
110 309 10 15
110 667 7 7
110 787 37 14
110 1408 18 2
111 146 7 2
111 678 54 3
111 742 55 11
111 751 18 4
111 800 26 14
111 813 8 2
111 858 46 5
111 1100 59 6
111 1337 31 1
111 1402 59 5
111 1427 30 15
112 145 26 1
112 303 42 7
112 515 57 1
112 587 38 11
112 639 59 13
112 1058 12 5
113 362 12 6
113 491 46 5
113 527 60 2
113 544 15 5
113 606 20 9
113 757 29 6
113 758 58 15
113 782 31 4
113 825 21 12
114 283 53 12
114 569 60 7
114 601 53 11
114 691 1 3
114 962 55 5
114 1241 28 8
114 1393 50 15
114 1429 32 15
115 159 25 1
115 187 39 11
115 248 60 2
115 849 53 11
115 974 54 12
115 1066 51 12
115 1233 53 10
115 1387 33 4
115 1390 54 4
116 331 24 15
116 418 30 5
116 523 14 13
116 1045 20 12
116 1147 40 9
116 1160 52 9
116 1180 1 6
117 200 44 10
117 228 11 4
117 268 1 7
117 329 57 10
117 426 53 13
117 766 51 2
117 1195 31 13
117 1230 60 5
117 1377 24 13
118 140 11 6
118 515 9 13
118 692 10 3
118 981 31 3
118 1141 51 7
118 1252 34 14
118 1286 49 14
118 1342 44 3
118 1443 44 4
119 328 46 15
119 658 30 14
119 770 4 12
119 788 19 8
119 1304 27 8
119 1359 25 12
119 1442 10 9
120 243 1 9
120 283 1 4
120 411 4 6
120 458 11 14
120 989 36 6
120 1011 34 2
120 1040 55 8
120 1073 10 12
120 1287 33 1
120 1400 60 13
121 598 30 14
121 831 19 9
121 832 13 13
121 1210 26 14
122 244 45 9
122 283 20 13
122 923 43 6
122 1144 28 2
122 1279 56 2
123 143 10 14
123 348 28 5
123 377 56 2
123 774 51 5
123 778 15 11
123 854 56 4
123 863 56 1
123 903 31 6
123 1262 38 12
124 175 26 3
124 617 33 7
124 716 37 7
124 753 39 13
124 978 1 1
124 1013 23 7
124 1243 21 13
124 1282 33 15
125 142 11 4
125 307 37 9
125 595 58 7
125 605 17 14
125 1413 37 13
125 1426 44 15
126 353 20 6
126 493 5 9
126 745 60 7
126 833 16 2
126 841 21 8
126 946 30 13
127 142 22 3
127 165 24 5
127 357 52 4
127 421 42 4
127 461 52 5
127 1127 12 6
127 1250 10 1
127 1311 37 12
127 1430 41 11
128 607 7 9
128 978 34 2
128 983 20 8
128 1194 15 8
128 1197 34 1
128 1394 9 7
129 354 16 11
129 677 19 13
129 731 14 2
129 923 18 1
129 1061 27 10
130 455 1 13
130 762 56 10
130 1316 23 13
131 496 50 9
131 550 56 5
131 769 13 6
131 849 21 6
131 871 42 3
131 885 34 1
131 946 25 2
131 1356 2 3
132 166 47 5
132 187 55 6
132 346 39 6
132 580 11 9
132 605 21 6
132 634 50 15
132 675 58 14
132 705 6 10
132 1124 40 2
132 1318 37 2
132 1337 21 13
133 287 10 13
133 576 56 15
133 716 7 8
133 980 38 5
133 1023 52 1
133 1042 36 1
133 1078 42 4
133 1227 34 8
134 231 48 8
134 293 7 14
134 356 47 3
134 366 51 3
134 796 38 6
134 1161 11 7
134 1273 59 2
134 1362 22 1
134 1408 47 7
135 367 14 6
135 499 47 1
135 568 1 7
135 616 23 15
135 642 9 6
135 1139 39 15
136 300 3 5
136 623 46 3
136 780 44 12
136 941 21 10
136 984 36 15
136 1119 1 12
136 1357 17 12
136 1366 51 4
137 189 23 2
137 314 31 7
137 634 1 3
137 1003 53 7
137 1156 51 11
137 1434 24 10
138 287 53 10
138 405 59 5
138 455 40 5
138 794 25 15
138 1162 46 11
138 1225 9 15
139 181 37 15
139 470 32 7
139 551 49 10
139 664 58 15
139 668 25 13
139 716 33 1
139 1411 39 2
140 332 43 13
140 493 26 15
140 515 4 1
140 825 30 2
140 883 31 1
140 1112 58 1
140 1133 29 5
140 1142 35 13
140 1381 39 13
140 1444 14 2
141 694 37 3
141 742 54 4
141 790 27 8
141 1060 17 11
141 1190 40 5
141 1367 22 1
142 327 16 7
142 396 20 6
142 418 49 14
142 446 22 4
142 452 31 11
142 898 36 6
143 341 40 1
143 429 20 2
143 459 26 13
143 538 53 6
143 730 29 13
143 1140 37 7
143 1277 18 8
144 166 5 13
144 500 54 3
144 1078 20 13
145 492 21 11
145 539 36 14
145 556 56 10
145 938 33 11
145 1074 5 1
145 1257 42 1
145 1326 11 14
145 1370 23 4
146 599 7 9
146 709 41 15
146 734 25 6
146 1203 23 9
146 1433 49 1
147 349 35 3
147 391 40 7
147 467 13 9
147 974 1 12
147 1072 38 10
147 1385 51 1
148 314 5 13
148 453 23 7
148 704 5 15
148 905 37 4
148 963 47 12
148 1059 39 9
148 1099 12 9
148 1102 1 3
148 1125 56 9
148 1389 4 1
149 176 7 3
149 264 43 11
149 427 24 7
149 613 21 4
149 629 15 14
149 649 36 8
149 795 10 15
149 930 39 14
149 966 53 11
149 1269 25 5
149 1353 32 12
150 258 31 12
150 830 7 15
150 933 37 5
150 1106 6 10
150 1212 34 3
151 1014 28 12
151 1016 47 11
151 1024 5 11
151 1134 10 11
151 1150 18 14
151 1421 28 9
151 1448 26 3
152 169 30 3
152 465 11 8
152 515 20 10
152 592 45 14
152 667 27 12
152 714 6 12
152 986 19 7
152 1072 7 2
153 224 26 8
153 260 22 1
153 511 7 14
153 714 58 6
153 969 58 5
153 1157 55 8
153 1230 11 3
153 1354 42 5
153 1440 11 3
154 456 10 10
154 458 51 9
154 792 44 15
154 811 6 1
154 839 24 2
154 1083 44 9
154 1153 8 7
154 1155 19 13
155 516 31 11
155 1078 56 10
155 1123 2 11
155 1188 27 10
156 722 52 3
156 809 33 8
156 906 47 9
156 1254 45 11
156 1298 44 10
157 412 15 1
157 447 12 4
157 777 29 10
157 1027 28 8
157 1279 38 4
157 1349 58 11
157 1433 53 3
158 191 35 11
158 664 60 3
158 787 28 5
158 797 4 4
158 840 5 2
158 1154 21 15
158 1180 53 3
158 1260 39 10
158 1446 4 4
159 500 36 12
159 888 53 1
159 1098 16 5
160 293 60 6
160 436 39 9
160 537 33 5
160 804 46 3
160 911 30 4
160 1266 13 12
160 1290 17 7
161 189 53 1
161 620 40 1
161 664 26 2
161 826 56 3
161 956 42 11
161 1454 21 6
162 416 3 13
162 846 37 7
162 880 9 1
162 1434 25 4
163 684 45 15
163 834 28 8
163 859 18 15
163 977 53 13
163 1074 4 12
163 1129 13 3
163 1297 34 12
164 258 11 1
164 1338 17 1
165 221 44 3
165 900 39 10
165 1332 2 14
165 1434 46 2
166 489 52 4
166 620 40 15
166 668 5 13
166 773 43 10
166 821 1 9
167 245 33 3
167 285 42 5
167 432 52 6
167 453 41 10
167 499 34 13
167 671 53 8
167 944 11 14
167 1098 30 7
167 1123 25 15
168 516 42 9
168 524 50 11
168 549 27 3
168 589 45 7
168 717 55 12
168 750 52 6
168 806 43 8
168 933 37 8
168 1251 32 10
168 1286 52 12
168 1351 50 6
169 230 25 11
169 296 37 4
169 302 52 11
169 579 29 6
169 638 42 9
169 935 33 5
169 941 25 12
169 964 59 2
169 1020 31 2
169 1124 5 3
169 1340 37 4
170 489 14 12
170 542 6 3
170 652 17 13
170 716 50 2
170 859 6 12
170 1054 34 2
170 1236 56 8
170 1338 36 4
170 1397 58 2
171 795 34 6
171 1268 8 9
172 289 28 10
172 1047 30 2
173 353 37 11
173 441 33 4
173 850 23 7
173 914 44 4
173 1402 29 2
174 222 30 7
174 595 8 12
174 1333 25 8
174 1381 22 4
175 697 36 4
175 724 47 2
175 1064 38 14
175 1156 13 7
175 1385 10 1
175 1392 11 9
175 1418 10 1
176 349 29 12
176 442 26 5
176 592 5 14
176 954 14 1
176 1229 57 13
176 1253 56 9
176 1312 6 13
176 1416 19 1
176 1438 45 7
177 425 18 12
177 824 4 5
177 961 38 5
177 1155 59 10
177 1419 47 13
177 1449 37 5
178 370 45 15
178 757 45 5
178 1028 28 15
179 643 44 9
179 879 55 2
179 967 29 6
179 981 57 5
179 1003 56 15
179 1129 8 1
179 1196 21 13
179 1229 37 4
179 1375 59 8
180 677 48 5
180 865 32 13
180 911 37 8
180 1095 25 15
181 350 21 10
181 436 24 15
181 1397 36 6
181 1432 8 2
182 195 57 4
182 524 45 8
182 775 19 5
182 781 57 15
182 819 3 14
182 1000 40 5
182 1126 52 10
182 1157 50 2
182 1246 57 14
183 356 39 14
183 521 58 13
183 579 9 12
183 589 32 5
183 784 49 6
183 912 40 11
183 933 26 4
183 1169 58 14
183 1277 44 6
184 239 43 5
184 631 4 6
184 900 3 15
184 1209 20 2
184 1296 3 7
184 1317 9 12
185 284 31 14
185 363 25 12
185 531 43 3
185 888 8 2
185 1393 55 12
185 1417 41 2
186 435 42 5
186 519 34 6
186 1103 39 10
186 1132 6 11
186 1323 42 7
187 217 22 7
187 326 21 5
187 873 56 9
187 1037 42 15
187 1454 22 3
188 333 56 13
188 523 37 9
188 542 45 7
188 591 57 5
188 747 6 9
188 797 31 13
188 912 53 2
189 455 40 3
189 471 14 1
189 932 21 4
189 1229 39 14
190 206 28 3
190 343 5 11
190 574 29 9
190 776 8 4
190 854 45 15
190 1124 6 5
190 1140 6 10
190 1165 32 3
190 1361 23 10
191 294 55 15
191 355 38 9
191 469 36 15
191 1095 46 5
191 1100 27 6
191 1137 50 14
191 1140 45 14
191 1191 50 4
191 1318 23 2
191 1392 38 12
192 317 39 5
192 354 21 9
192 413 49 11
192 421 40 9
192 585 16 9
192 676 19 10
192 680 38 1
192 694 16 1
192 747 43 3
192 779 38 4
192 870 13 6
192 894 23 9
192 1199 7 3
192 1235 9 7
192 1316 15 9
192 1430 45 9
193 439 26 4
193 525 47 10
193 587 2 11
193 694 31 1
193 978 18 5
193 1192 37 8
193 1327 49 11
194 204 40 7
194 336 17 7
194 352 51 8
194 396 7 3
194 443 24 7
194 483 46 15
194 486 27 10
194 591 58 13
194 789 16 1
194 1071 55 9
194 1165 30 15
195 201 34 10
195 240 6 8
195 326 53 7
195 603 22 4
195 770 8 7
195 1297 23 12
195 1390 35 3
196 243 54 11
196 639 34 5
196 841 34 2
196 910 11 8
196 1189 34 5
196 1286 24 3
196 1341 3 1
196 1361 29 10
196 1370 57 4
197 631 58 2
197 655 29 13
197 955 5 15
197 1105 48 13
198 214 23 14
198 313 15 10
198 426 49 15
198 448 12 1
198 620 5 15
198 840 15 7
198 847 52 6
198 870 33 1
198 877 14 10
198 1100 9 15
199 1067 11 4
199 1090 44 4
200 395 29 11
200 396 48 10
200 447 3 9
200 597 12 13
200 617 42 5
200 777 52 3
200 786 36 11
200 955 45 8
201 431 30 5
201 536 58 5
201 1449 51 2
202 212 51 11
202 407 3 12
202 846 7 12
202 1155 2 11
202 1161 52 3
202 1304 6 9
202 1377 27 3
203 244 18 13
203 773 33 8
203 837 3 10
203 1016 7 1
203 1228 39 13
203 1364 46 3
203 1401 34 15
204 503 47 7
204 627 58 13
204 764 46 7
204 1417 46 13
205 345 12 1
205 390 40 10
205 435 31 2
205 918 50 13
205 924 12 9
205 1304 25 4
205 1319 17 11
206 237 8 12
206 281 48 9
206 403 39 7
206 716 5 11
206 741 28 12
206 885 6 9
206 946 19 7
206 1172 27 5
206 1267 53 6
206 1344 29 1
206 1411 18 13
206 1413 46 9
207 550 37 10
207 1359 6 13
208 228 5 10
208 589 7 8
208 804 37 7
208 942 42 10
208 1010 24 3
208 1051 41 2
209 347 18 13
209 403 48 9
209 670 14 9
209 681 48 6
209 1238 23 10
209 1274 4 2
210 341 41 7
210 597 12 6
210 601 57 6
210 642 22 13
210 735 21 15
210 795 59 11
210 814 26 13
210 868 14 10
210 897 42 1
210 1169 35 1
210 1367 41 4
210 1376 54 15
210 1398 16 5
211 223 28 8
211 315 17 5
211 317 12 15
211 337 14 7
211 413 4 9
211 452 39 14
211 592 39 11
211 1390 10 6
212 303 35 6
212 704 9 1
212 944 56 14
212 1142 57 6
212 1355 5 4
213 423 35 10
213 660 57 15
213 783 35 9
213 1000 3 8
213 1057 33 10
213 1304 5 7
213 1322 29 11
213 1383 57 8
214 233 2 15
214 268 41 7
214 321 23 1
214 561 41 14
214 619 58 7
214 665 42 1
214 814 10 12
214 898 53 3
214 1118 37 4
214 1281 5 7
214 1314 56 13
215 574 30 11
215 580 31 8
215 750 8 13
215 751 33 1
215 936 23 2
215 988 25 8
215 1115 25 2
215 1151 42 12
215 1193 33 6
215 1227 24 13
215 1375 45 8
216 276 24 12
216 332 37 3
216 347 11 13
216 1182 45 8
217 226 2 1
217 400 46 7
217 623 25 5
217 666 53 6
217 768 32 14
217 1047 12 5
217 1308 43 1
218 440 40 8
218 487 13 13
218 491 58 6
218 932 54 6
218 991 32 4
218 1058 31 6
218 1083 50 15
218 1181 60 9
218 1314 7 15
218 1387 30 10
219 538 43 13
219 555 53 12
219 570 35 7
219 599 23 4
219 656 23 9
219 888 20 7
219 1247 52 11
219 1330 56 7
219 1350 49 12
219 1373 47 7
219 1423 15 5
220 617 15 10
220 679 5 1
220 713 58 7
220 1196 9 10
220 1249 16 11
221 446 46 14
221 523 29 8
221 656 54 13
221 660 28 12
221 668 50 15
221 765 57 1
221 1179 10 1
222 742 44 13
222 847 60 12
222 1262 49 6
222 1358 21 9
222 1385 8 15
223 761 51 3
223 1073 40 15
223 1330 21 7
223 1371 19 5
223 1414 58 8
224 261 57 5
224 269 20 13
224 429 48 13
224 697 60 5
224 1139 46 7
224 1375 52 5
224 1403 2 4
225 237 35 14
225 555 44 5
225 785 2 8
225 826 54 6
225 1320 54 11
225 1413 40 6
226 265 16 11
226 551 60 5
226 1120 17 5
227 343 9 11
227 376 23 10
227 440 36 2
227 687 37 3
227 726 20 1
227 1141 15 5
227 1160 37 10
228 362 56 14
228 478 43 11
228 670 42 10
228 673 45 8
228 718 31 14
228 746 44 3
228 771 8 8
228 878 30 2
228 1068 22 10
228 1076 9 10
228 1344 34 12
229 319 55 14
229 361 37 7
229 370 17 8
229 393 50 8
229 433 12 7
229 445 40 8
229 705 22 15
229 931 1 14
229 1293 47 11
229 1419 23 15
230 585 3 5
230 685 12 12
230 900 11 5
230 927 2 7
230 1090 45 11
230 1395 58 12
230 1425 3 15
231 414 27 2
231 435 18 2
231 1137 8 14
232 675 38 7
232 1007 20 9
232 1214 37 9
232 1301 48 1
232 1372 41 1
233 442 44 15
233 505 3 8
233 692 16 5
233 952 27 10
233 1029 32 3
234 564 38 8
234 597 35 2
234 682 56 3
234 812 59 12
234 946 58 12
234 968 13 7
234 1066 7 1
234 1095 8 12
234 1218 51 5
234 1245 55 7
234 1293 21 5
235 249 35 9
235 259 20 6
235 306 21 8
235 341 35 9
235 382 58 13
235 803 54 13
235 807 41 9
235 871 15 7
235 1125 40 6
236 352 18 13
236 456 43 15
236 599 34 4
236 859 47 4
236 961 20 13
236 984 52 11
236 1357 8 3
236 1431 54 13
237 250 53 1
237 270 29 12
237 576 20 12
237 683 1 15
237 691 15 12
237 702 49 9
237 1009 28 6
237 1019 59 8
237 1072 28 15
237 1156 36 10
237 1404 30 5
238 332 36 1
238 637 44 15
238 673 54 9
238 708 59 14
238 733 44 2
238 910 39 6
238 1030 51 15
238 1228 29 2
239 570 12 3
239 757 1 10
239 1047 41 11
240 884 11 7
240 926 50 2
240 1176 17 4
241 247 22 11
241 369 18 11
241 509 28 5
241 792 40 6
241 989 28 1
241 1212 51 7
241 1256 41 14
241 1357 36 8
242 262 43 1
242 413 22 5
242 741 59 9
242 940 54 12
242 1050 32 11
242 1091 43 9
242 1103 39 7
243 479 10 10
243 676 8 10
243 693 30 14
243 834 22 4
243 1065 30 13
243 1191 46 4
243 1293 12 1
244 322 14 6
244 381 57 6
244 579 38 14
244 647 56 11
244 1241 4 8
245 790 13 14
245 974 5 11
245 981 31 3
245 1010 18 8
246 348 50 3
246 388 28 3
246 574 27 1
246 791 14 3
246 909 46 2
246 1186 33 8
246 1232 50 2
246 1265 32 4
247 721 21 10
247 876 49 10
247 996 36 13
247 1082 38 1
247 1124 40 12
247 1429 21 12
247 1439 9 6
248 308 34 1
248 490 4 6
248 508 3 2
248 773 23 13
248 859 43 12
248 872 22 11
248 999 2 4
248 1038 16 13
248 1072 13 6
248 1142 36 6
248 1180 28 7
248 1314 57 8
248 1353 30 10
249 274 25 2
249 406 30 8
249 588 59 1
249 1081 16 7
249 1291 42 6
250 303 23 4
250 645 20 11
250 870 16 5
250 904 8 8
250 914 50 7
250 928 48 8
250 1387 42 1
251 676 5 9
251 883 10 15
251 1342 57 1
252 537 6 4
252 677 2 4
252 730 56 12
252 1163 6 14
252 1257 45 4
252 1413 57 7
252 1414 40 2
253 356 49 12
253 437 21 5
253 525 23 15
253 766 27 11
253 800 10 10
253 1075 49 2
253 1106 27 2
253 1208 2 14
253 1394 26 4
254 465 18 4
254 585 41 14
254 632 34 13
254 737 14 7
254 1087 2 12
255 528 42 8
255 879 58 12
255 913 12 15
255 994 7 8
255 1238 52 5
255 1375 7 13
256 418 53 9
256 564 21 14
256 608 26 7
256 730 10 6
256 791 7 14
256 817 24 10
256 1046 29 8
256 1442 53 14
257 283 34 13
257 334 9 10
257 336 19 9
257 468 46 5
257 677 25 15
257 704 18 11
257 714 14 2
257 828 14 1
257 852 5 6
257 1032 59 11
257 1227 18 1
257 1233 10 2
258 320 58 9
258 936 54 4
258 1017 26 15
258 1079 28 2
258 1160 22 11
258 1271 4 6
258 1341 38 1
258 1393 40 10
259 321 30 1
259 462 50 2
259 565 25 1
259 843 35 6
259 859 24 15
259 911 11 10
259 988 18 14
259 1040 15 8
259 1222 33 2
260 383 2 7
260 548 21 15
260 694 11 13
260 783 4 6
260 854 23 14
260 994 24 5
260 1087 1 10
260 1161 48 5
260 1232 50 3
260 1267 26 1
260 1272 11 10
261 518 40 8
261 798 40 13
261 1013 18 3
261 1282 15 7
261 1381 13 5
262 305 9 7
262 331 31 7
262 434 3 8
262 449 23 9
262 588 3 7
262 1303 57 1
262 1374 47 9
263 441 5 14
263 575 9 8
263 623 20 15
263 677 7 9
263 821 50 5
263 886 38 12
263 1035 40 5
263 1117 21 3
263 1126 5 6
263 1378 27 6
263 1419 51 3
264 582 49 5
264 831 58 6
264 1135 26 8
264 1137 11 8
264 1189 27 12
264 1420 19 15
265 355 52 11
265 814 10 15
265 899 29 6
265 1272 34 14
265 1426 35 2
265 1440 58 2
266 327 18 14
266 453 40 6
266 682 31 15
266 987 18 5
266 1035 9 6
267 626 35 11
267 933 26 13
267 968 52 6
268 495 30 1
268 747 54 1
268 971 11 8
268 1276 44 15
268 1311 47 14
269 825 19 1
269 981 36 13
269 1031 49 4
269 1196 54 8
269 1374 48 9
270 485 2 15
270 487 10 2
270 727 51 15
270 751 53 14
270 1022 56 6
270 1193 54 1
270 1310 60 6
270 1384 10 7
271 457 37 4
271 617 59 10
271 768 36 7
271 792 18 1
271 1055 22 5
271 1269 26 11
271 1272 25 4
272 550 44 11
272 847 17 4
272 953 26 13
273 286 32 2
273 428 16 15
273 652 9 8
273 700 58 14
273 701 41 4
273 751 47 9
273 853 14 13
274 610 34 6
274 692 38 6
274 952 17 11
274 985 42 14
274 1144 26 12
275 443 8 15
275 743 7 12
275 968 23 10
275 1141 1 4
275 1161 25 12
275 1263 54 12
275 1395 31 10
276 299 14 1
276 430 3 7
276 714 56 8
276 854 32 2
276 901 27 9
277 416 21 8
277 423 28 5
277 943 23 11
277 1053 52 6
278 464 31 1
278 553 14 12
278 609 51 2
278 645 23 13
278 701 34 9
278 823 54 1
278 1263 60 14
278 1310 56 11
279 458 49 10
279 494 26 3
279 527 36 1
279 645 3 3
279 884 46 14
279 886 10 4
280 394 35 6
280 489 31 11
280 548 16 12
280 668 16 8
280 795 40 2
280 830 15 14
280 907 51 2
280 920 46 1
280 932 30 7
280 1327 5 3
281 412 32 11
281 741 20 1
281 789 18 8
282 320 40 1
282 613 30 8
282 903 59 6
282 974 1 9
282 1397 1 14
282 1414 33 6
283 305 39 6
283 385 16 3
283 416 14 8
283 661 54 13
283 692 5 4
283 904 58 7
283 1175 32 4
283 1221 20 3
283 1241 43 4
283 1385 53 9
283 1429 31 8
284 296 35 14
284 320 9 11
284 609 34 7
284 659 21 4
284 1005 51 13
284 1127 22 2
284 1446 39 14
285 378 45 12
285 1019 16 1
285 1030 49 1
285 1056 17 10
285 1349 60 13
286 388 25 15
286 555 7 5
286 868 24 8
286 1025 49 15
287 343 1 11
287 1022 22 6
287 1037 29 12
287 1161 42 4
287 1186 44 11
287 1252 43 4
287 1361 20 3
287 1424 34 7
287 1432 26 5
288 385 50 9
288 699 60 3
288 1043 4 14
288 1101 11 7
288 1107 2 4
288 1157 56 11
288 1169 56 8
288 1227 5 1
288 1258 58 1
289 519 29 7
289 940 1 8
289 947 34 11
289 1145 47 7
289 1272 34 9
289 1293 1 6
289 1380 19 3
290 564 39 4
290 746 28 14
290 852 10 1
290 956 39 2
290 999 16 8
290 1201 29 4
291 583 4 5
291 631 30 4
291 1163 29 14
291 1384 6 3
291 1426 31 6
292 376 43 8
292 1003 53 13
292 1061 16 5
292 1270 58 7
292 1301 45 1
293 384 39 8
293 454 7 3
293 476 40 13
293 600 18 14
293 789 24 9
293 837 34 2
293 846 48 1
293 911 59 7
293 1102 29 6
293 1256 19 13
294 602 59 7
294 610 21 15
294 663 35 10
294 696 44 13
294 785 25 15
294 910 54 3
294 1003 30 1
294 1205 15 13
294 1353 37 6
295 362 7 5
295 436 5 7
295 734 5 1
295 964 3 6
295 1031 44 8
295 1085 42 15
295 1235 28 7
295 1439 22 4
296 309 22 3
296 581 38 13
296 803 56 4
296 1226 33 11
296 1238 7 5
297 383 24 2
297 513 29 11
297 531 51 6
297 871 32 11
297 1261 20 5
297 1293 15 13
297 1361 59 4
298 413 14 8
298 818 27 15
298 1369 14 13
299 420 34 11
299 537 53 14
299 712 40 6
299 913 44 3
299 1068 17 2
299 1107 59 5
299 1212 24 13
299 1303 16 13
300 617 32 9
300 827 60 9
300 864 50 1
300 1213 7 1
300 1269 33 11
300 1399 42 11
301 611 13 15
301 1447 40 2
302 854 46 3
302 875 30 1
302 1023 17 1
302 1253 29 13
303 661 9 6
303 807 21 3
303 900 28 2
303 926 26 3
303 943 58 15
303 1405 39 10
303 1437 24 8
304 391 21 12
304 393 16 4
304 484 38 8
304 984 41 6
304 1289 34 4
305 525 1 12
305 529 47 4
305 625 16 13
305 763 51 2
305 832 44 4
305 950 48 4
305 1376 46 15
306 580 53 2
306 859 26 3
306 1097 1 12
306 1234 26 2
306 1249 8 4
307 566 6 1
307 626 17 11
307 798 18 5
307 1047 36 2
307 1334 5 13
308 328 13 5
308 352 52 15
308 526 31 10
308 539 33 3
308 564 9 4
308 1001 43 5
308 1035 3 6
308 1249 18 15
308 1376 24 1
309 323 46 4
309 465 15 3
309 530 45 13
309 713 55 4
309 1081 28 14
309 1100 52 10
310 691 22 4
310 708 55 1
310 745 25 15
310 860 45 13
310 999 4 13
310 1248 27 7
310 1390 2 1
311 344 35 1
311 415 55 9
311 438 21 12
311 781 52 14
311 943 34 9
311 1051 11 5
311 1114 56 13
311 1135 53 2
311 1202 37 3
311 1325 27 7
311 1407 50 15
312 315 28 10
312 564 46 1
312 574 36 14
312 617 60 7
312 638 25 5
312 1085 45 4
312 1089 30 9
313 319 42 6
313 349 14 8
313 367 31 4
313 377 52 11
313 547 49 10
313 933 1 13
313 1032 12 5
313 1264 51 8
313 1360 23 4
314 343 46 14
314 586 26 12
314 669 40 11
314 924 55 9
314 1008 50 5
314 1246 26 14
315 318 31 14
315 370 23 1
315 498 26 6
315 677 38 6
315 753 15 3
315 778 50 7
315 969 27 10
315 999 29 12
315 1064 46 2
315 1182 16 10
316 413 5 10
316 736 22 1
316 899 39 10
316 1209 37 6
316 1224 38 4
317 327 42 3
317 613 12 15
317 692 35 6
317 693 42 11
317 769 17 7
317 1108 33 2
317 1239 36 12
317 1372 17 12
318 323 31 4
318 465 10 4
318 581 43 8
318 720 28 12
318 930 39 14
318 1207 37 10
318 1361 25 2
318 1368 58 8
319 625 32 7
319 627 45 15
319 634 29 5
319 695 39 14
319 712 38 10
319 748 39 15
319 839 5 6
319 1068 14 14
320 428 44 11
320 815 50 15
320 1418 45 13
320 1429 4 7
321 403 8 12
321 527 28 14
321 541 9 5
321 573 53 11
321 795 48 13
321 1185 5 2
322 346 42 4
322 451 11 10
322 531 27 3
322 644 57 11
322 787 16 10
322 1106 5 10
322 1357 38 5
323 327 46 3
323 496 2 11
323 901 58 10
323 1131 20 8
323 1144 12 12
324 529 32 14
324 661 5 9
324 673 39 5
324 833 51 2
324 907 32 8
324 1226 53 15
324 1275 38 5
324 1395 32 14
325 472 47 11
325 721 7 4
325 803 11 5
325 873 28 1
326 500 40 13
326 631 54 4
326 701 52 14
326 763 35 15
326 793 26 12
326 930 17 3
326 1198 1 3
326 1408 17 3
327 662 60 1
327 668 40 13
327 760 35 6
327 814 53 12
327 834 58 15
327 1213 28 1
327 1226 32 9
327 1255 38 6
328 558 18 13
328 675 41 3
328 886 11 13
328 940 20 3
329 457 13 14
329 763 8 14
329 910 44 12
329 1065 6 7
330 410 30 11
330 464 47 15
330 533 2 10
330 567 21 3
330 772 34 6
330 783 36 6
330 925 59 9
330 1063 11 12
330 1180 17 9
331 909 29 7
331 1076 35 4
331 1219 34 14
332 345 39 15
332 461 56 15
332 570 5 11
332 669 57 7
332 1039 35 1
332 1111 8 5
332 1175 51 1
332 1189 41 10
332 1286 30 8
332 1377 2 12
333 700 25 10
333 908 14 15
333 1395 52 7
334 337 24 2
334 478 57 8
334 888 8 4
334 962 18 2
334 1133 40 4
334 1156 51 4
334 1406 5 8
335 663 38 10
335 1014 37 7
335 1065 43 4
335 1176 18 6
335 1363 14 14
336 704 44 6
336 1215 50 10
336 1243 13 5
336 1265 48 11
336 1274 2 8
336 1410 27 12
336 1445 38 9
337 566 7 2
337 1321 25 7
338 594 23 15
338 595 20 12
338 1000 10 4
338 1031 32 1
338 1320 10 8
339 647 9 8
339 750 13 5
339 909 42 14
339 964 1 2
339 1173 2 8
339 1356 38 12
340 433 1 5
340 1052 22 1
340 1083 5 3
340 1213 3 10
340 1323 11 3
341 411 20 10
341 473 45 2
341 488 18 9
341 539 18 14
341 646 26 12
341 789 41 14
341 810 31 10
341 1054 43 2
341 1136 30 5
342 715 6 13
342 732 27 5
342 768 41 1
342 803 51 5
342 871 53 15
342 1051 23 8
342 1333 55 5
343 453 17 13
343 608 42 12
343 614 30 7
343 630 50 1
343 742 21 1
343 801 32 12
343 823 35 5
343 1037 32 1
343 1273 19 1
344 471 36 3
344 491 31 14
344 533 30 9
344 883 60 7
345 573 8 5
345 739 15 10
345 786 39 12
345 807 6 11
345 1123 56 1
345 1224 16 4
345 1322 1 9
345 1354 54 12
346 831 10 4
347 579 43 3
347 943 39 2
347 1426 45 3
348 655 52 1
348 657 60 12
348 831 1 7
348 1259 58 6
348 1359 13 2
349 513 10 14
349 1170 56 2
349 1196 1 1
349 1248 21 3
349 1381 24 12
350 380 27 10
350 384 31 9
350 643 21 6
350 644 35 10
350 696 31 8
350 950 13 4
350 1008 39 11
350 1038 50 9
350 1272 32 10
351 464 14 8
351 561 46 3
351 855 18 14
351 1225 58 5
351 1348 41 12
352 479 55 4
352 554 30 5
352 672 31 7
352 879 24 1
352 905 49 15
352 987 55 14
353 517 39 5
353 850 49 4
353 940 27 12
353 1188 12 10
353 1245 18 3
353 1343 10 2
353 1439 25 12
354 591 12 7
354 649 30 5
354 789 22 7
354 893 33 1
354 1171 41 5
354 1239 8 11
354 1400 30 4
355 464 22 4
355 599 2 5
355 690 5 7
355 719 17 9
355 772 21 9
355 989 60 5
355 1180 18 4
355 1189 12 11
355 1267 59 7
355 1434 24 8
356 440 54 1
356 584 27 4
356 660 29 15
356 820 40 3
356 916 26 4
356 1330 45 1
357 483 20 11
357 1043 31 4
357 1151 59 15
357 1295 55 5
358 471 44 9
358 686 53 1
358 754 31 8
358 1094 31 14
359 859 5 7
359 865 44 7
359 889 7 7
359 1113 55 11
359 1160 15 14
359 1371 60 5
359 1376 38 10
359 1430 6 12
360 397 13 10
360 513 2 10
360 743 30 14
360 905 55 7
360 1049 25 8
360 1149 28 10
360 1154 43 8
360 1159 2 4
360 1287 56 14
360 1336 25 9
361 572 41 12
361 616 35 13
361 659 11 11
361 709 18 13
361 784 49 15
362 371 4 9
362 771 45 15
362 1283 11 10
362 1406 5 3
363 693 31 5
363 846 26 5
363 988 41 7
363 1164 54 1
363 1182 14 10
363 1388 54 13
364 630 26 7
364 674 3 7
364 886 55 4
364 1014 24 14
364 1098 46 7
365 630 56 7
365 904 51 5
365 1101 13 3
365 1337 57 10
366 446 43 13
366 467 35 11
366 572 35 13
366 815 27 5
366 882 48 14
366 1043 50 5
366 1199 51 7
367 680 25 10
367 951 53 7
367 1014 58 10
367 1018 12 9
367 1153 17 9
367 1413 11 10
368 669 21 1
368 792 21 9
368 928 44 2
368 1416 28 11
369 710 18 12
369 829 60 11
369 1129 33 3
369 1272 30 10
370 433 56 9
370 501 31 9
370 773 19 6
371 456 9 2
371 457 24 12
371 557 4 10
371 574 15 15
371 576 45 12
371 675 7 11
371 1074 59 11
371 1197 57 9
371 1378 7 10
372 431 53 6
372 725 25 14
372 797 38 7
372 838 7 3
372 891 52 9
372 942 55 11
372 1084 59 4
372 1156 53 15
373 487 54 2
373 495 47 14
373 605 37 4
373 618 19 3
373 984 22 10
373 1201 15 4
373 1378 23 3
374 511 6 4
374 895 60 1
374 1013 23 4
374 1134 5 9
374 1173 8 6
374 1202 55 2
374 1224 10 8
374 1245 26 13
375 843 27 2
375 882 29 9
375 887 16 15
375 907 11 8
376 456 3 10
376 1108 34 3
376 1364 19 6
377 498 58 1
377 630 16 5
377 934 11 6
377 982 28 10
377 1089 37 13
378 414 52 6
378 468 24 10
378 493 44 1
378 905 18 15
378 967 32 14
378 1047 52 1
378 1294 53 5
379 526 10 3
379 589 49 10
379 839 45 12
379 978 19 1
380 395 59 15
380 606 18 12
380 1109 27 15
380 1268 7 6
380 1290 7 6
380 1405 55 14
381 385 27 6
381 521 6 8
381 577 32 1
381 668 51 9
381 742 59 11
381 786 57 2
381 1387 52 3
381 1433 58 8
382 387 15 2
382 472 17 4
382 957 10 8
382 966 55 12
382 1017 56 13
382 1105 58 9
382 1234 34 10
382 1374 11 11
383 459 37 5
383 820 47 14
383 832 49 4
383 977 8 11
383 1172 16 13
383 1334 36 12
383 1407 56 7
384 715 58 5
384 744 54 5
384 1133 4 12
384 1181 11 10
385 412 39 13
385 540 45 2
385 1069 11 2
385 1384 24 9
386 730 53 7
386 753 44 2
386 1030 50 11
386 1039 29 1
386 1291 11 6
387 649 4 12
387 919 10 14
387 975 45 7
387 1113 19 5
387 1173 28 1
387 1187 48 2
387 1211 52 14
387 1263 13 4
388 1237 1 8
388 1367 47 11
389 546 56 8
389 1216 49 2
389 1259 14 6
390 595 60 9
390 767 43 4
390 1236 9 9
391 536 35 1
391 640 56 10
391 812 44 1
391 1383 35 10
391 1387 49 12
392 421 3 3
392 439 18 6
392 443 44 3
392 465 37 6
392 625 41 1
392 847 11 7
392 858 17 9
392 1018 46 8
393 579 60 14
393 617 27 1
393 994 25 5
393 1359 34 5
393 1450 52 2
394 671 12 8
394 769 39 5
394 885 37 7
394 1162 46 6
394 1182 36 8
395 551 52 1
395 883 32 15
395 953 44 4
395 1250 52 7
395 1453 37 10
396 872 25 13
396 875 55 11
396 924 31 6
396 969 36 13
396 1027 51 8
396 1353 16 3
396 1369 15 14
397 424 17 1
397 686 22 13
397 1059 44 3
397 1232 23 12
397 1261 7 12
398 436 53 14
398 574 10 15
398 934 39 7
398 1019 36 13
399 547 52 4
399 553 24 15
399 587 14 3
399 737 36 10
399 1326 17 3
399 1391 19 10
400 408 49 3
400 596 10 1
400 692 7 2
400 1333 21 14
400 1378 7 2
400 1438 16 4
401 439 24 1
401 569 7 14
401 1031 18 9
401 1119 24 7
401 1267 9 1
401 1301 56 11
401 1372 52 9
401 1395 46 4
402 672 34 7
402 729 2 3
402 744 47 3
402 871 33 13
402 934 31 12
402 1064 53 12
402 1122 4 14
402 1194 6 8
402 1248 4 14
403 598 5 15
403 1058 1 6
403 1153 50 11
403 1283 30 10
404 753 35 1
404 825 30 10
404 840 9 1
404 959 13 14
404 1019 51 13
404 1028 14 13
404 1033 40 15
404 1048 46 2
404 1070 15 14
404 1152 37 15
404 1232 46 10
404 1296 46 2
404 1440 20 1
405 422 23 8
405 754 54 6
405 787 57 6
405 919 21 8
405 958 44 2
406 517 16 6
406 576 34 15
406 668 53 11
406 698 24 3
406 738 13 3
406 879 1 12
406 1051 32 15
406 1200 17 9
406 1346 58 12
407 479 20 14
407 1300 39 9
407 1302 58 11
408 781 47 7
408 831 6 15
408 851 46 4
408 1196 19 5
408 1274 47 1
408 1397 16 7
409 522 22 15
409 590 31 7
409 642 13 9
409 744 30 14
409 1208 36 1
410 812 20 11
410 885 41 9
410 1390 24 14
411 539 7 3
411 767 27 9
411 1162 21 3
411 1311 6 8
411 1421 36 14
412 546 16 8
412 735 40 15
412 893 27 14
413 443 42 15
413 478 31 5
413 510 20 6
413 656 60 3
413 744 37 10
413 889 46 13
413 923 44 8
413 1017 38 13
413 1105 53 6
413 1383 32 2
414 464 3 2
414 499 42 3
414 677 4 5
414 730 22 10
414 742 31 3
415 862 3 5
415 952 27 5
415 1135 18 2
415 1235 25 1
415 1290 23 7
415 1380 32 1
416 952 50 11
416 1052 18 7
416 1421 45 13
417 489 36 10
417 974 50 12
417 1075 15 14
417 1335 31 7
417 1442 5 8
418 455 5 12
418 679 38 10
418 724 48 11
418 1108 19 15
418 1324 21 12
419 681 27 2
419 733 43 1
419 834 14 6
419 1075 35 15
419 1115 10 14
420 701 43 1
420 892 60 2
421 476 23 15
421 519 54 15
421 587 9 8
421 952 36 11
421 998 58 11
421 1104 30 8
421 1146 59 8
421 1317 11 8
421 1329 5 15
421 1357 30 6
422 468 22 15
422 507 2 6
422 552 12 8
422 631 44 13
422 805 3 2
422 890 31 1
422 998 12 10
422 1025 25 4
422 1027 20 11
423 608 43 13
423 679 47 1
423 757 60 10
423 809 38 6
423 968 53 6
423 1136 39 4
424 496 12 12
424 514 23 15
424 522 50 4
424 629 36 9
424 662 27 1
424 749 49 5
424 801 35 2
424 855 20 11
424 913 59 1
425 720 50 2
425 840 20 12
425 888 26 6
426 682 59 3
426 1011 25 13
426 1347 28 11
426 1378 37 10
426 1380 51 8
426 1396 14 7
427 492 59 8
427 730 53 7
427 767 60 15
427 824 45 13
427 859 32 15
427 916 34 1
427 1005 18 7
427 1107 18 8
427 1157 55 8
427 1179 22 5
427 1227 58 9
427 1230 59 13
428 467 52 11
428 567 6 13
428 632 7 11
428 692 28 4
428 756 51 7
428 1096 5 11
428 1166 28 15
428 1317 55 3
429 618 31 5
429 1000 50 5
429 1037 24 7
429 1291 58 14
430 846 10 5
430 925 30 14
430 1092 19 13
430 1372 3 4
430 1421 5 12
431 459 21 9
431 649 2 15
431 778 20 3
431 879 48 11
431 938 30 7
431 1258 25 4
431 1453 44 12
432 530 60 7
432 649 9 15
432 689 52 6
432 746 53 1
432 854 30 3
432 1236 38 9
433 551 36 1
433 583 6 7
433 740 56 11
433 832 30 12
433 951 50 12
433 1057 60 14
433 1096 55 5
433 1247 28 9
433 1254 11 7
433 1285 4 4
433 1399 8 1
433 1421 53 9
434 542 24 3
434 570 46 8
434 712 53 2
434 1149 14 11
434 1195 44 9
434 1294 48 14
435 906 21 11
435 970 44 1
435 1000 34 12
435 1206 23 13
435 1441 35 11
436 687 49 14
436 856 22 1
436 1243 25 14
436 1255 24 13
437 586 43 9
437 669 16 1
437 799 33 10
437 917 29 12
437 1012 59 11
437 1334 35 6
438 440 47 15
438 802 35 14
439 584 35 10
439 671 53 4
439 1040 52 3
439 1083 15 11
440 575 5 3
440 748 6 15
440 1215 21 9
440 1235 14 4
440 1264 32 1
441 462 39 4
441 510 1 9
441 545 18 15
441 624 53 15
441 656 15 7
441 691 24 9
441 727 10 4
441 781 41 3
441 851 9 11
441 881 38 14
441 928 59 9
441 1069 13 14
442 454 52 14
442 467 43 9
442 701 28 2
442 807 42 11
442 1194 56 5
443 454 24 13
443 696 45 13
443 825 41 2
443 885 15 5
443 888 24 3
443 1055 54 9
443 1270 18 6
443 1341 4 14
443 1407 25 8
444 484 9 15
444 550 57 9
444 860 56 10
444 1039 26 3
444 1108 52 15
444 1186 60 12
444 1247 21 7
444 1294 54 14
444 1345 58 7
444 1361 2 6
445 468 46 9
445 582 5 7
445 925 43 5
445 1047 41 12
445 1238 53 2
445 1442 36 4
445 1447 39 6
446 813 52 1
446 996 18 14
447 478 24 14
447 854 10 15
447 889 53 8
447 1196 17 11
447 1197 38 13
447 1348 15 3
448 885 27 8
448 1106 21 11
448 1369 31 3
448 1370 53 14
449 468 45 13
449 526 16 15
449 943 40 1
449 1062 20 7
449 1064 42 2
450 888 3 12
450 986 29 15
450 1203 38 1
450 1282 3 5
450 1413 10 7
450 1454 5 12
451 480 56 15
451 1087 28 4
451 1338 34 14
451 1361 7 10
452 519 2 7
452 612 3 7
452 802 26 3
452 837 37 11
452 886 29 13
452 1158 8 13
452 1256 1 5
452 1377 54 8
453 818 59 13
453 845 1 1
453 925 11 13
453 1062 54 5
453 1228 7 7
453 1382 53 14
454 540 43 8
454 738 55 1
454 828 6 1
454 909 12 1
454 1173 7 12
454 1285 20 3
455 617 20 7
455 831 47 6
455 856 55 12
455 1364 13 6
456 595 33 3
456 862 17 1
456 905 22 6
457 708 14 3
457 962 27 12
457 1125 8 11
457 1128 33 13
457 1238 27 6
457 1413 31 7
458 510 46 1
458 595 27 10
458 630 50 12
458 761 22 1
458 791 49 5
458 878 59 10
458 923 53 11
458 1324 21 14
458 1452 10 12
459 550 42 9
459 556 56 14
459 879 58 15
459 1221 60 7
459 1266 32 2
459 1358 36 9
460 591 51 7
460 658 55 15
460 768 24 15
460 1009 28 4
460 1037 14 9
461 473 20 3
461 887 16 5
461 1050 29 5
461 1086 5 5
462 515 8 2
462 534 19 5
462 571 38 10
462 617 43 3
462 802 10 8
462 812 21 8
462 961 42 9
462 1246 26 6
462 1294 2 8
462 1319 23 2
463 876 40 5
463 1027 43 2
463 1175 41 12
464 544 55 11
464 587 29 15
464 838 37 10
464 1101 13 15
464 1142 28 8
464 1326 37 13
464 1337 34 1
464 1436 5 5
465 540 14 1
465 566 52 12
465 810 12 9
465 883 8 4
465 1174 14 4
466 470 6 8
466 591 13 4
466 908 60 7
466 1158 7 9
466 1282 16 11
466 1293 30 9
466 1332 20 4
466 1390 26 1
467 700 49 11
467 814 44 2
467 1323 56 10
468 1264 60 12
468 1428 40 14
469 472 5 14
469 1030 7 10
469 1052 19 3
469 1116 14 11
470 588 22 4
470 598 27 13
470 677 12 15
470 1113 10 1
470 1199 16 2
470 1229 41 7
470 1249 33 3
471 538 29 13
471 561 52 6
471 866 24 15
471 1236 48 13
471 1285 9 1
471 1356 13 13
472 619 56 8
472 919 10 11
472 1108 26 8
472 1209 44 7
472 1448 18 10
473 525 35 13
473 628 47 9
473 645 53 9
473 1039 42 6
473 1071 56 5
473 1108 60 8
473 1170 26 2
474 508 42 12
474 562 59 3
474 651 11 12
474 905 50 6
474 988 20 2
474 1260 27 5
474 1418 53 7
474 1419 36 1
474 1440 32 13
475 706 29 8
475 843 46 8
476 862 50 12
476 1171 2 5
476 1400 56 15
477 1050 44 11
478 508 19 2
478 635 49 12
478 684 22 12
478 1047 57 10
478 1052 44 12
478 1340 2 10
479 621 48 13
479 742 38 2
479 815 7 14
479 818 7 1
479 1136 38 10
479 1392 57 12
480 590 35 5
480 997 8 11
481 872 12 1
481 931 21 9
481 1043 57 13
482 494 5 9
482 709 15 7
482 761 51 3
482 842 35 8
482 1416 42 3
483 762 43 13
483 829 5 2
483 1049 25 15
483 1089 40 7
483 1120 13 5
484 625 5 10
484 828 59 10
484 861 52 12
484 928 3 11
484 982 43 13
484 1039 21 12
484 1096 23 4
484 1201 34 6
484 1357 24 2
484 1374 58 3
485 789 59 5
485 1041 56 10
485 1245 38 12
485 1261 9 4
485 1265 8 10
486 492 7 8
486 780 21 10
486 860 55 3
486 1126 39 12
486 1228 58 13
486 1253 32 13
486 1307 13 10
487 582 10 10
487 764 5 7
487 914 32 13
487 1251 30 13
487 1276 58 10
488 597 43 10
488 865 23 10
488 1037 7 7
488 1415 15 13
488 1432 36 11
489 889 36 3
489 1015 52 9
489 1021 32 2
489 1255 57 3
489 1354 33 14
490 737 22 8
490 834 45 4
490 891 5 2
490 1323 54 15
491 802 1 9
491 924 50 2
491 1099 50 15
491 1163 42 1
492 662 38 5
492 959 12 5
492 1107 57 11
492 1197 51 3
492 1244 47 13
493 581 32 14
493 635 32 9
493 731 3 5
493 854 4 13
493 1026 9 8
493 1127 34 11
493 1131 29 8
493 1339 41 15
493 1419 15 11
493 1423 27 11
494 511 13 2
494 547 27 7
494 642 45 8
494 916 45 4
494 1136 44 11
494 1151 10 6
494 1356 8 10
495 518 21 9
495 915 41 1
495 1049 38 8
495 1343 49 1
496 814 11 4
496 1044 23 7
496 1107 51 10
497 503 1 2
497 527 45 3
497 608 32 1
497 635 18 8
497 1362 13 12
497 1450 3 15
498 749 4 15
498 890 49 7
498 973 15 15
498 1060 12 6
498 1128 47 15
499 501 10 11
499 592 8 14
499 738 2 13
499 1089 40 9
499 1192 11 9
499 1235 52 8
499 1245 40 2
500 1003 7 10
500 1389 56 2
501 557 49 14
501 1148 39 14
501 1392 58 5
501 1430 42 3
502 504 42 4
502 748 7 13
502 977 17 10
502 1086 46 12
502 1121 49 8
502 1183 34 14
502 1210 7 14
503 706 17 7
503 1059 59 3
503 1386 29 8
504 511 27 12
504 542 15 4
504 554 39 3
504 609 24 5
504 634 55 13
504 846 31 9
504 1189 53 6
504 1284 43 1
505 514 13 3
505 623 14 5
505 933 60 12
505 983 60 4
505 992 29 12
505 1119 29 9
505 1136 41 13
505 1269 35 11
505 1408 6 15
506 753 17 9
506 1001 45 14
506 1136 20 3
507 546 12 10
507 858 37 11
507 1186 31 14
508 529 22 11
508 632 23 15
508 965 8 2
508 1203 2 14
508 1402 24 5
509 905 56 7
509 957 20 5
509 1139 13 3
510 609 8 13
510 708 32 14
511 547 16 15
511 629 50 13
511 893 29 8
511 1183 47 8
511 1275 44 12
511 1437 53 3
512 680 45 12
512 701 11 1
512 725 19 13
512 730 33 1
512 938 4 15
513 629 60 2
513 1023 42 3
513 1076 46 5
513 1368 58 11
514 622 14 12
514 672 47 8
514 1082 39 6
514 1108 49 12
514 1252 60 15
514 1268 58 4
514 1318 22 11
514 1370 43 9
515 590 34 15
515 840 57 10
515 904 29 1
515 1067 55 4
516 547 46 4
516 645 34 8
516 1057 11 12
516 1435 28 3
517 543 31 6
517 575 2 6
517 648 58 2
517 1064 46 5
517 1094 52 15
517 1134 12 2
517 1238 27 6
517 1277 14 10
518 687 11 14
518 879 32 9
518 1208 3 9
518 1282 48 14
518 1285 43 11
518 1311 46 8
519 934 8 15
520 603 44 6
520 650 58 8
520 1067 52 15
520 1279 31 10
520 1334 8 3
520 1408 53 14
521 709 1 15
521 1176 48 15
521 1197 39 4
521 1355 49 5
521 1359 53 13
522 531 19 3
522 677 42 1
522 851 9 14
522 1125 12 8
522 1126 26 10
523 682 31 15
524 684 31 15
524 1016 8 8
524 1305 54 1
524 1307 2 9
524 1338 11 5
525 545 6 10
525 613 48 8
525 709 10 5
525 914 36 1
525 945 6 2
525 1267 24 2
526 631 22 6
526 795 20 6
526 828 30 7
526 1102 25 3
526 1193 24 12
526 1369 20 4
526 1399 15 1
527 631 10 9
527 683 60 11
527 999 45 4
527 1155 39 10
527 1316 36 7
528 711 53 15
528 765 17 5
528 868 9 10
528 916 47 6
528 940 60 12
528 1086 7 6
528 1267 36 4
528 1306 5 11
528 1405 19 12
529 666 54 8
529 689 31 8
529 750 46 2
529 902 26 7
529 941 5 5
529 959 16 13
529 969 37 6
529 1081 20 2
529 1241 10 12
530 539 14 11
530 773 36 6
530 839 34 7
530 840 10 8
530 1152 38 15
530 1222 36 7
531 1045 23 10
531 1082 20 8
531 1262 11 2
531 1339 47 9
531 1402 19 10
532 578 60 2
532 683 13 10
532 1255 41 12
533 789 22 1
533 998 9 2
533 1115 3 14
533 1374 27 14
533 1418 50 12
534 599 23 12
534 720 46 4
534 836 11 14
534 959 60 10
534 1109 11 2
534 1431 30 13
535 870 52 8
535 971 45 10
535 1181 36 2
535 1251 8 8
535 1306 11 12
535 1315 40 11
535 1394 32 7
535 1397 2 6
536 797 4 4
536 808 57 10
536 811 32 3
536 1305 22 14
536 1390 18 2
537 694 32 10
537 1299 52 8
537 1309 52 14
537 1344 17 13
537 1426 25 7
538 583 25 5
538 724 37 6
538 1026 58 2
538 1048 42 15
538 1189 54 3
538 1252 13 5
538 1367 55 3
538 1396 58 7
539 805 58 10
539 1267 12 9
539 1393 44 2
540 911 45 6
540 1196 56 7
540 1338 33 4
540 1354 16 5
541 560 46 6
541 621 54 5
541 707 57 10
541 909 41 6
542 831 44 3
542 1021 13 13
542 1058 3 7
542 1361 43 6
543 746 51 12
543 825 45 1
543 1168 23 3
543 1192 45 15
543 1297 4 12
544 789 9 11
544 1048 38 3
544 1264 34 15
545 852 19 2
545 1140 16 12
545 1264 15 5
546 579 27 15
546 743 43 2
546 1216 39 14
546 1359 27 1
546 1382 52 1
547 1275 7 10
548 608 11 7
548 809 60 4
548 1060 37 12
548 1145 51 12
548 1162 44 1
548 1249 44 14
549 676 27 3
549 704 19 7
549 1309 56 9
550 841 23 10
550 850 49 13
550 939 40 13
550 978 33 7
550 1126 55 11
550 1128 20 15
550 1256 30 4
550 1438 10 3
551 1077 49 9
551 1089 2 5
552 730 18 14
552 790 6 4
552 874 33 4
552 896 20 1
552 914 39 4
552 1112 41 9
552 1118 29 14
552 1341 2 3
552 1392 38 11
553 597 34 9
553 659 3 1
553 1017 13 11
554 734 57 15
554 766 34 8
555 658 57 12
555 1233 51 9
555 1280 21 11
556 947 30 8
556 1215 58 15
556 1371 33 14
556 1438 16 4
557 894 49 10
557 1249 34 7
558 618 40 5
558 809 27 15
558 827 43 4
558 848 5 5
558 1302 19 11
558 1383 12 10
558 1412 9 11
558 1437 41 11
559 1099 32 12
559 1319 32 8
560 563 42 13
560 609 38 1
560 1364 10 6
561 778 45 1
561 801 6 13
561 884 29 10
561 903 19 15
561 1024 5 5
561 1285 13 13
562 636 48 14
562 766 34 1
562 879 26 6
562 1212 2 7
562 1272 6 4
562 1320 14 1
562 1375 32 4
563 595 17 2
563 725 28 2
563 826 10 8
563 890 2 9
563 1234 19 8
563 1317 39 6
563 1327 37 2
563 1450 54 12
564 957 48 1
564 1037 46 11
564 1258 49 6
564 1326 34 4
564 1344 47 4
565 570 45 11
565 589 26 11
565 650 39 14
565 675 54 5
565 743 22 4
565 974 52 4
565 1126 30 14
565 1251 43 6
566 577 44 7
566 686 19 3
566 719 25 8
566 936 38 5
566 1051 24 6
566 1327 1 6
567 670 25 1
567 799 58 1
567 900 12 8
567 1050 37 5
567 1108 60 11
567 1242 14 11
568 573 39 1
568 593 25 5
568 930 8 6
568 1176 60 6
568 1317 56 12
568 1424 35 4
568 1441 13 9
569 792 19 3
569 839 33 11
569 860 20 13
569 897 52 9
569 919 50 5
569 1252 7 1
569 1315 14 2
569 1382 34 6
570 750 35 6
570 985 25 3
570 1198 23 12
571 638 30 13
571 815 40 10
571 921 24 4
571 1301 41 3
572 610 55 1
572 745 27 3
572 800 2 6
572 908 51 9
572 1322 4 13
573 610 8 9
573 621 1 10
573 882 28 12
573 890 48 11
573 1165 10 12
573 1345 8 14
573 1442 11 12
574 627 13 13
574 695 34 9
574 937 11 10
574 1327 17 13
575 669 51 6
575 960 18 7
575 974 9 8
575 1131 45 3
575 1133 41 14
575 1272 11 15
575 1301 57 10
575 1327 44 10
576 586 23 2
576 1172 54 15
576 1186 3 11
576 1198 32 12
577 603 24 9
577 980 38 11
577 1052 53 6
577 1212 53 7
577 1271 60 7
577 1429 10 14
578 699 39 1
578 977 26 8
578 1000 16 12
578 1220 48 12
579 813 43 12
579 848 23 14
579 1000 18 5
579 1308 28 6
580 640 49 13
580 794 21 9
580 850 17 6
580 891 35 14
580 1177 45 6
580 1312 33 3
580 1384 23 11
580 1432 57 11
581 779 39 13
581 858 32 7
581 927 39 4
581 966 24 9
581 1023 38 15
581 1342 17 14
581 1373 60 6
582 617 17 10
582 1020 2 2
582 1070 25 12
582 1092 39 6
582 1359 35 3
582 1423 47 7
582 1450 49 13
583 600 29 4
583 836 47 1
583 1271 44 11
583 1407 52 3
584 597 41 12
584 721 19 10
584 819 50 8
584 823 9 10
584 846 3 5
584 971 60 12
584 976 44 15
584 1053 33 2
585 589 42 2
585 851 29 12
585 1016 21 6
585 1043 23 6
585 1055 58 6
585 1311 51 11
585 1314 40 5
586 1333 51 15
587 650 12 11
587 715 23 2
587 1129 2 5
587 1189 7 4
588 804 26 7
588 931 43 14
588 1030 49 10
588 1207 28 8
588 1406 12 10
589 661 19 1
589 1264 41 1
590 664 13 7
590 743 55 9
590 984 24 1
590 999 40 15
590 1104 20 13
590 1266 24 11
590 1328 15 1
590 1378 10 9
591 1023 59 4
591 1233 45 11
591 1234 42 13
592 1322 32 15
593 690 43 12
593 916 39 4
593 994 36 3
593 996 22 9
593 1076 46 12
593 1112 32 11
594 616 48 11
594 841 40 11
594 972 7 15
594 1235 51 5
594 1305 25 7
595 674 33 9
595 1027 11 8
595 1035 22 3
596 886 35 6
596 897 57 11
596 1101 41 4
596 1138 17 5
596 1147 45 15
597 771 23 5
597 960 51 3
597 1241 60 9
597 1293 22 14
598 641 12 3
598 1116 49 5
598 1149 57 2
598 1284 42 4
598 1313 12 11
599 693 56 9
599 725 39 7
599 878 18 8
599 1089 12 10
599 1118 36 1
599 1151 21 15
599 1158 46 15
599 1428 12 2
600 779 46 12
600 834 32 7
600 958 24 2
600 1370 17 13
601 1109 18 5
601 1349 4 6
602 908 1 6
602 1078 1 9
602 1294 33 1
602 1386 43 1
603 731 46 7
603 862 19 14
603 1185 14 15
603 1259 37 11
603 1267 58 13
604 626 30 9
604 770 9 13
604 861 24 9
604 932 6 11
604 968 1 6
604 1122 40 2
604 1400 1 11
605 1121 52 9
605 1296 21 4
605 1382 25 5
606 851 18 12
606 922 47 14
606 1101 35 7
606 1219 35 6
606 1258 47 13
607 683 13 9
607 685 47 11
607 790 46 4
607 814 57 11
607 952 2 13
607 1259 30 13
607 1399 22 2
608 868 26 10
608 916 23 8
608 1094 27 1
608 1178 26 13
608 1450 5 2
609 724 29 8
609 1345 42 11
609 1421 7 4
610 868 14 13
610 1007 40 3
610 1076 45 4
610 1348 50 15
611 625 28 13
611 639 49 4
611 1024 36 7
611 1118 53 7
611 1256 59 12
612 697 50 4
612 712 33 3
612 762 59 13
612 1104 38 15
612 1131 26 14
612 1390 58 11
613 634 18 1
613 655 49 6
613 1050 14 12
613 1142 57 14
613 1165 4 4
613 1343 58 1
614 886 6 10
614 1004 1 7
614 1065 51 10
614 1127 22 6
614 1148 43 10
614 1399 41 6
615 996 28 4
615 1376 45 13
616 833 4 6
616 916 33 9
616 1359 8 12
616 1422 55 10
616 1433 24 11
617 625 32 6
617 1017 22 3
617 1055 14 4
617 1347 41 10
619 731 44 9
619 761 32 6
619 1005 35 14
619 1016 15 11
619 1151 36 11
619 1237 11 14
620 1073 44 12
620 1086 46 13
620 1225 22 15
621 644 10 10
621 954 57 13
621 1168 27 4
621 1322 32 8
622 853 31 3
622 905 4 13
622 985 18 7
622 994 15 15
622 1142 34 2
623 844 28 14
623 983 1 2
623 1271 50 15
623 1292 21 13
623 1375 34 10
623 1387 30 5
624 845 10 5
624 1182 48 7
624 1360 21 4
625 682 19 8
625 732 20 8
625 845 57 15
625 1000 33 4
625 1011 39 6
625 1182 2 6
625 1334 4 11
626 668 44 7
626 953 43 15
626 1192 56 8
626 1234 26 7
626 1395 10 7
627 666 47 15
627 998 45 2
627 1088 20 9
627 1194 3 8
628 948 60 10
628 964 34 15
628 1355 8 5
628 1408 40 7
629 948 12 14
629 984 51 8
629 1048 36 5
629 1150 56 14
629 1248 7 6
629 1295 35 4
629 1350 28 6
630 846 41 2
630 924 34 12
630 950 23 3
630 997 56 11
630 1105 4 3
630 1425 21 10
631 656 36 12
631 856 15 8
631 1066 10 11
631 1211 44 9
631 1395 38 15
632 741 19 12
632 768 30 15
632 792 15 14
632 807 11 5
632 902 41 9
632 1199 13 15
632 1206 53 15
632 1324 53 4
632 1441 13 1
633 887 33 11
633 1209 8 15
633 1281 37 7
633 1335 31 14
633 1430 2 2
633 1439 22 13
634 1102 34 6
634 1260 22 11
635 652 7 9
635 1099 9 9
636 911 24 8
636 1142 36 3
636 1218 18 8
636 1257 10 1
636 1333 24 15
637 758 12 14
637 880 2 3
637 889 1 4
637 911 27 4
637 946 48 9
638 832 40 2
638 898 47 11
638 964 11 14
638 970 44 10
638 1088 39 12
638 1158 27 5
638 1290 3 4
639 998 29 3
639 1188 47 1
640 713 30 5
640 929 45 2
640 1205 4 3
641 725 34 10
641 989 14 6
641 1254 46 3
642 875 10 10
642 916 45 2
642 945 11 13
642 946 55 12
642 1187 59 6
642 1216 47 6
642 1307 50 11
643 650 34 4
643 777 3 10
643 1016 22 9
643 1362 30 14
644 792 45 5
644 948 17 12
644 1088 21 11
644 1096 44 1
644 1262 50 1
645 769 10 9
645 857 48 6
645 913 39 3
645 1058 16 14
645 1428 28 15
646 660 26 9
646 1034 13 13
646 1056 39 3
646 1202 14 2
647 765 60 8
647 777 33 1
647 851 55 10
648 982 26 2
648 996 3 10
649 814 21 15
649 1047 34 8
649 1311 13 3
649 1396 3 6
650 655 46 8
650 959 35 4
650 1051 54 13
650 1154 24 4
650 1447 45 6
651 688 24 1
651 745 29 3
651 877 4 7
651 950 29 2
651 1128 1 5
651 1237 13 8
651 1307 21 8
651 1321 15 8
651 1337 43 2
652 813 58 14
653 795 33 12
653 1035 56 6
653 1134 56 7
653 1205 54 10
653 1270 59 5
653 1288 42 7
653 1451 31 2
654 1235 12 13
654 1275 52 4
654 1314 50 15
654 1360 1 7
654 1366 10 5
655 972 40 6
655 1345 23 2
655 1435 47 6
656 803 29 6
656 905 6 11
656 1005 43 9
656 1303 42 3
656 1418 44 2
657 951 37 10
657 1112 4 2
657 1181 31 9
657 1223 31 11
657 1395 34 13
658 725 9 11
658 748 40 13
658 985 54 10
658 1096 13 1
658 1314 10 9
658 1379 53 1
659 736 31 5
659 807 1 10
659 1010 38 6
659 1148 46 4
660 1103 31 4
660 1208 4 8
660 1321 47 14
661 670 32 15
661 930 5 13
661 1188 2 15
662 928 35 9
662 946 27 8
662 1161 55 9
662 1289 56 5
663 961 54 15
663 1149 36 15
663 1150 47 1
663 1157 55 12
663 1235 15 1
664 799 46 9
665 706 60 6
665 1274 50 9
665 1282 18 13
666 921 53 2
666 957 26 5
666 1442 42 7
667 984 40 14
667 1274 11 12
668 881 47 2
668 921 48 9
669 745 1 2
669 840 42 12
669 1056 25 8
669 1191 50 9
669 1220 17 1
669 1427 45 15
669 1438 18 1
670 727 33 3
670 930 32 15
670 1147 36 13
671 1247 5 15
671 1275 29 5
672 750 33 7
672 981 24 7
672 1012 59 12
672 1061 43 7
673 773 38 10
673 1174 15 8
673 1309 1 15
674 900 41 14
674 1292 24 13
675 760 34 9
675 935 1 14
675 960 9 4
675 1123 39 13
676 952 7 2
676 1106 25 15
676 1392 47 1
677 807 38 8
677 825 21 5
677 995 48 1
677 1240 53 6
677 1300 26 5
677 1323 14 7
677 1347 5 10
678 1353 42 11
678 1452 48 8
679 781 11 11
679 902 32 4
679 1051 32 1
679 1329 12 12
680 708 30 1
680 983 17 15
680 1076 37 5
680 1105 3 13
681 946 3 2
681 1045 15 13
681 1185 39 3
681 1381 46 11
682 797 16 1
682 900 44 7
682 918 5 8
682 934 9 4
683 827 56 9
683 828 31 7
683 1039 40 8
683 1271 18 1
683 1342 58 5
683 1356 28 2
684 1019 5 12
684 1146 59 11
684 1176 44 5
685 825 44 2
685 1127 52 14
685 1231 53 15
686 745 1 1
686 940 45 10
686 988 56 5
686 1139 36 8
686 1169 26 12
686 1358 46 2
687 695 5 3
687 734 47 15
687 788 45 7
687 1044 33 13
687 1185 53 8
687 1273 8 6
687 1404 26 10
688 818 40 3
688 1013 31 5
688 1070 54 9
688 1083 49 9
688 1429 4 10
689 778 24 13
689 855 38 1
689 1105 7 12
690 775 23 12
690 949 11 7
690 1165 19 3
690 1416 7 3
691 1181 50 8
691 1373 24 12
692 814 23 9
692 1137 56 11
693 702 47 4
693 828 43 9
693 919 42 4
693 942 57 6
693 1031 3 1
693 1107 24 3
693 1130 1 2
693 1264 10 10
693 1288 37 2
693 1343 31 1
693 1413 21 3
694 711 32 15
694 766 3 4
694 1155 59 2
694 1171 30 8
694 1395 49 12
695 860 23 8
695 1263 46 10
695 1272 38 11
695 1317 30 7
696 802 35 12
696 832 44 5
696 1071 15 13
697 971 21 7
697 1111 36 12
697 1249 21 7
697 1310 4 9
697 1345 39 10
698 906 59 11
698 1303 5 10
698 1338 20 11
699 864 51 13
699 1035 20 2
699 1091 16 15
700 838 46 6
700 1109 32 8
701 773 42 2
701 868 57 7
701 1060 34 14
701 1291 21 8
701 1303 25 4
701 1389 36 7
701 1393 57 15
702 1024 8 12
702 1067 11 2
702 1081 20 4
702 1085 17 9
702 1137 24 10
702 1198 44 4
703 775 50 8
703 784 45 5
703 876 31 6
703 924 37 8
703 1353 38 7
704 916 9 9
704 933 16 5
704 1000 24 10
704 1329 4 8
704 1389 31 9
704 1442 1 4
705 924 15 11
705 1090 31 9
705 1140 28 8
705 1352 27 4
705 1374 3 6
706 759 33 12
706 773 2 14
706 980 20 2
707 722 51 11
707 903 23 11
707 1171 22 8
707 1246 28 5
707 1297 46 2
707 1307 19 3
707 1432 25 8
708 991 32 6
709 813 51 13
709 1437 12 1
710 1207 31 7
710 1219 26 7
710 1270 49 10
710 1324 39 5
711 806 3 7
711 1034 52 15
711 1305 21 15
712 1209 10 7
713 773 60 7
713 831 4 1
713 1063 43 2
714 839 54 5
714 863 14 9
714 868 30 11
714 916 1 9
714 1261 35 6
714 1389 35 14
714 1433 38 15
715 899 6 6
715 1323 37 1
716 867 10 6
716 965 33 2
716 1054 16 13
716 1103 56 9
716 1263 56 11
717 811 8 14
717 1348 8 13
718 731 25 1
718 822 49 4
718 950 5 10
718 1279 15 15
718 1313 5 9
719 1331 25 9
720 892 33 5
720 1186 52 1
720 1247 54 5
721 1255 33 13
721 1404 52 10
722 975 45 1
722 1111 23 14
722 1224 54 10
723 862 31 4
723 1065 15 7
723 1071 15 10
723 1138 50 9
724 860 32 10
724 913 4 9
725 748 4 6
725 869 41 5
725 1005 10 2
725 1115 32 11
725 1123 7 14
725 1144 31 7
726 783 14 13
726 1123 35 6
726 1182 51 6
726 1209 19 10
726 1222 32 8
727 790 55 9
727 848 5 15
727 853 39 14
727 890 54 7
727 989 57 6
727 1012 25 4
727 1023 28 9
728 958 12 14
728 1062 39 9
729 915 33 11
729 993 17 5
730 1253 20 8
730 1320 59 14
730 1414 21 3
731 920 48 10
731 958 54 11
731 1114 7 12
731 1273 56 15
731 1312 30 9
732 979 7 15
732 1333 51 12
733 822 38 2
733 977 24 9
733 1114 40 7
733 1300 21 15
734 807 8 8
734 1207 22 10
735 1372 8 15
736 901 10 7
736 1037 4 1
736 1078 54 4
737 808 58 14
737 1444 41 12
738 1034 3 13
738 1108 60 15
738 1260 16 6
739 854 58 13
739 1064 20 1
739 1123 54 2
739 1208 40 10
740 986 51 5
740 1409 40 2
741 1140 44 2
741 1359 60 9
742 810 14 12
742 948 13 10
742 1176 58 2
742 1365 22 3
743 820 58 9
743 865 51 11
743 1057 13 9
743 1272 27 15
744 831 50 6
744 928 18 9
744 999 35 8
744 1019 27 3
744 1407 16 12
745 764 35 9
745 1352 20 3
746 944 40 4
747 777 41 3
747 879 20 2
747 1233 50 8
747 1354 60 13
747 1405 33 11
748 830 59 5
748 974 2 4
748 1062 29 10
748 1442 60 10
749 1029 51 12
749 1142 56 3
750 782 8 7
750 808 52 14
750 944 3 2
751 759 8 5
751 1230 51 11
751 1231 48 10
751 1341 13 14
751 1386 27 1
752 785 31 7
752 804 50 11
752 996 55 8
752 1137 29 9
753 781 28 12
753 835 15 9
753 881 5 6
753 1141 3 5
753 1159 11 6
753 1239 38 15
753 1341 38 4
753 1345 48 11
753 1434 18 14
754 887 14 13
754 1048 51 9
754 1083 14 4
754 1244 7 15
754 1349 36 4
754 1389 48 14
755 860 35 6
755 966 58 11
755 1209 5 10
756 775 5 1
756 797 58 1
757 801 11 11
757 1266 17 14
757 1277 59 6
758 813 48 9
758 916 21 15
758 930 12 15
759 871 24 13
759 879 30 1
759 1062 27 4
759 1091 53 13
759 1422 30 6
760 897 54 3
760 908 51 14
760 930 2 3
760 935 25 6
761 818 16 11
761 828 22 9
761 837 42 12
761 878 48 11
761 1135 10 1
761 1382 50 10
762 817 45 4
762 820 36 5
762 841 9 4
762 920 43 13
762 1125 20 13
762 1246 39 7
762 1364 36 1
763 1242 34 7
763 1300 23 5
763 1344 49 12
763 1380 52 10
764 794 45 6
764 927 22 3
764 1208 9 10
764 1227 34 1
765 946 33 14
765 950 33 7
765 1287 44 1
765 1347 9 2
765 1380 43 7
767 976 9 13
767 1045 29 10
767 1313 28 9
768 849 35 12
768 1268 6 5
768 1347 59 11
768 1366 45 3
768 1423 4 15
769 910 59 2
769 1059 17 8
771 857 11 12
772 859 38 8
772 1414 50 9
773 779 37 11
773 809 18 15
774 923 7 8
774 1196 39 7
774 1217 23 15
774 1236 19 5
774 1408 14 5
775 1147 6 7
775 1429 38 14
776 936 27 13
776 1353 60 13
777 890 39 12
777 1259 31 12
778 821 12 11
779 834 54 15
779 869 52 12
779 1094 1 5
779 1135 53 1
779 1169 59 7
780 904 8 11
780 958 24 1
781 1068 37 9
781 1149 6 2
781 1173 33 2
782 993 21 7
782 1062 44 1
782 1263 27 8
782 1330 37 14
782 1389 27 11
783 1126 9 9
783 1305 51 3
784 1296 44 12
785 880 32 9
785 911 41 9
785 1061 27 2
785 1335 39 9
785 1364 28 3
786 903 22 6
786 1134 50 3
786 1437 41 14
787 805 40 14
787 880 18 11
787 1037 57 14
787 1134 42 3
787 1330 23 2
787 1430 13 5
787 1431 30 9
788 873 18 4
788 1090 31 10
788 1147 22 11
789 838 45 13
789 1006 53 14
789 1274 6 9
789 1322 58 3
789 1332 27 7
790 1092 7 1
790 1162 41 6
790 1261 50 2
790 1362 23 8
790 1398 12 13
791 911 3 6
791 951 18 11
791 977 56 8
791 1172 3 11
792 935 27 6
792 940 38 13
792 1002 46 13
792 1013 44 3
792 1366 34 2
792 1406 43 9
793 910 53 15
793 1188 47 9
793 1348 37 14
794 1052 30 14
794 1344 41 4
794 1428 54 13
794 1431 53 10
795 803 52 2
795 994 56 7
795 1071 58 8
795 1346 59 13
795 1356 39 6
795 1446 49 3
796 824 16 1
797 1247 28 3
798 903 49 1
798 986 34 8
798 1097 12 14
798 1107 21 5
798 1179 35 7
798 1413 60 13
799 1092 12 13
799 1183 11 6
800 824 42 15
800 1080 40 12
800 1139 56 14
800 1181 4 7
801 812 43 3
801 842 32 14
801 845 52 11
801 912 30 5
801 1077 58 10
802 910 46 15
803 1449 48 15
804 840 43 4
804 941 35 9
804 1026 40 10
804 1039 4 11
804 1091 46 9
805 852 22 5
805 958 45 3
806 916 44 9
806 1453 60 12
807 916 26 12
807 925 1 5
807 983 32 9
807 1222 52 4
807 1351 54 13
808 904 58 9
808 971 7 13
808 1112 19 8
809 999 13 2
809 1058 23 14
809 1079 43 2
809 1158 36 6
809 1237 27 13
809 1453 58 5
810 862 7 6
810 907 17 5
810 1283 59 2
810 1393 30 11
810 1434 9 13
811 818 57 1
811 909 53 4
811 1311 52 11
811 1352 37 6
812 1027 35 1
812 1046 58 14
813 833 59 7
813 975 44 9
813 1127 6 10
813 1337 49 13
814 818 52 7
814 988 35 15
814 1157 57 7
814 1160 23 15
814 1260 35 12
815 828 50 1
815 1055 4 3
815 1346 16 10
816 1355 51 7
816 1391 47 2
817 904 38 7
817 1066 47 5
817 1354 15 4
818 970 53 9
818 987 24 14
818 1041 23 10
818 1176 44 3
818 1382 27 3
818 1440 51 7
819 1101 25 8
819 1121 46 5
819 1233 59 2
819 1393 13 12
820 821 21 9
820 876 35 11
820 910 26 4
820 1145 36 5
820 1271 38 3
821 848 54 3
821 1138 32 4
821 1329 56 15
821 1417 53 9
822 1178 53 9
823 892 25 3
823 1050 52 4
823 1094 13 8
825 893 55 4
825 969 54 12
825 977 51 13
826 956 58 1
826 1366 4 4
827 1188 41 6
828 1061 49 14
828 1331 51 9
828 1393 51 5
829 835 57 5
829 911 47 5
829 979 53 3
829 1085 29 6
829 1240 16 15
829 1337 52 9
830 1238 24 11
830 1354 47 2
830 1387 24 3
831 914 45 8
831 1059 24 9
831 1250 45 12
831 1253 25 7
832 1012 27 14
832 1015 51 13
832 1188 18 6
832 1231 25 10
834 853 3 2
834 970 20 8
834 1176 48 11
835 933 58 13
835 1228 25 6
835 1262 52 9
835 1272 28 15
835 1299 1 15
835 1401 31 10
835 1449 45 3
836 959 7 4
836 974 1 11
836 995 25 2
836 1295 50 13
836 1348 60 7
837 1341 55 3
837 1398 44 13
838 918 20 2
838 1107 6 12
838 1129 10 9
839 1129 35 12
839 1232 10 14
839 1368 56 7
841 891 24 12
841 1015 7 9
842 1025 34 11
842 1127 18 11
842 1128 17 10
842 1147 59 15
842 1370 11 11
843 1014 48 14
843 1254 30 6
844 1420 6 1
845 1072 58 14
845 1137 22 10
845 1206 26 14
846 1203 24 5
846 1272 48 14
846 1374 30 6
846 1428 25 15
847 1278 41 13
848 1108 33 11
848 1183 41 11
848 1439 59 13
849 908 26 14
849 1079 43 14
849 1385 11 8
850 888 24 7
850 1072 40 15
850 1114 36 3
850 1243 59 1
851 1082 41 14
851 1139 22 13
851 1210 32 15
851 1318 47 9
851 1330 43 10
851 1354 59 7
852 969 34 14
852 1176 33 7
852 1243 54 9
853 1108 41 8
853 1324 31 5
853 1382 12 8
853 1427 16 14
854 856 8 8
854 955 12 2
854 1090 37 14
854 1303 34 8
854 1315 45 12
855 886 38 13
855 1327 10 13
855 1447 13 15
856 1094 3 11
856 1335 47 15
857 875 22 15
857 1025 32 2
857 1053 28 4
857 1163 30 2
857 1193 48 2
858 874 60 5
858 1054 11 10
858 1107 51 14
858 1187 43 8
858 1382 16 7
859 880 17 14
859 1080 23 15
859 1122 18 1
859 1200 40 10
859 1385 27 5
860 862 27 12
860 1430 40 10
861 907 8 4
861 908 58 1
861 1075 55 2
861 1219 36 9
862 897 31 15
862 1238 3 12
863 1133 24 2
863 1444 4 2
864 1106 19 10
864 1121 14 13
864 1213 6 1
866 1146 60 4
866 1435 32 8
867 1061 18 9
867 1242 1 1
867 1353 60 5
867 1440 12 15
869 1109 27 3
869 1118 6 1
869 1387 35 3
870 1045 49 15
870 1192 8 10
870 1210 14 15
870 1291 38 8
870 1294 22 14
871 912 27 13
871 918 44 8
871 1059 24 2
871 1284 53 15
872 935 25 14
872 1100 44 9
872 1178 25 12
872 1383 31 5
873 995 10 14
873 1209 57 2
874 965 4 14
874 1099 8 15
874 1255 57 12
874 1292 42 6
874 1391 27 12
875 1011 20 7
875 1230 43 12
875 1426 2 15
876 905 57 8
876 1198 4 11
876 1279 32 12
877 1075 22 14
877 1290 55 5
877 1306 28 3
877 1353 13 4
878 884 38 13
878 895 50 4
878 943 11 6
878 994 37 10
879 960 54 7
879 1025 1 3
880 935 30 5
881 1110 40 15
881 1232 47 5
881 1252 5 6
881 1290 12 3
882 1228 39 15
883 901 9 12
883 1003 60 13
883 1137 22 7
883 1434 21 2
884 977 29 15
884 1102 42 9
884 1437 21 11
885 1003 56 12
885 1112 25 4
885 1261 26 12
886 984 37 11
887 966 47 11
887 1122 57 9
887 1141 50 5
887 1402 52 4
888 1249 15 2
888 1251 57 12
888 1347 15 7
889 931 45 7
889 1261 58 6
890 1042 55 1
890 1337 44 13
891 981 48 5
891 1157 53 1
891 1221 59 9
892 913 36 12
892 1314 9 15
892 1338 46 15
892 1421 58 10
893 918 22 13
893 937 31 14
893 944 6 15
893 1339 60 1
893 1387 2 4
894 927 49 14
894 1039 44 13
894 1105 54 4
894 1239 57 5
894 1340 46 11
895 914 31 2
895 991 30 7
895 1388 33 2
896 1221 9 14
896 1357 35 10
897 1104 1 5
897 1191 33 15
897 1214 10 14
897 1319 29 2
898 1047 21 5
898 1048 59 4
898 1072 37 4
898 1074 5 10
898 1220 38 3
898 1358 39 8
898 1375 60 1
898 1445 4 15
899 944 22 11
899 1072 39 2
899 1162 49 8
899 1193 24 7
899 1292 50 9
900 911 33 5
900 960 55 7
900 989 46 4
900 1334 30 12
901 912 58 11
901 1088 33 12
901 1248 4 7
901 1417 30 11
903 1072 22 5
903 1117 49 15
903 1158 19 7
903 1251 5 2
903 1289 51 3
903 1333 37 10
904 1029 31 13
905 1284 33 7
906 913 46 5
906 974 50 4
906 982 52 4
906 1373 39 15
906 1414 48 8
907 922 23 13
907 1180 3 9
907 1281 34 11
908 989 23 4
908 1347 38 2
909 968 40 9
909 1184 52 1
909 1203 24 14
909 1206 27 14
910 1086 39 2
911 961 25 15
911 1097 43 6
911 1370 27 1
912 923 48 11
912 999 29 1
913 1034 37 15
913 1436 15 15
914 1027 7 3
914 1202 23 10
915 920 26 12
915 955 13 5
915 1089 46 11
915 1263 1 2
915 1297 14 5
916 1129 29 14
916 1375 3 13
918 1220 43 2
918 1230 38 5
918 1405 29 8
918 1415 14 9
918 1423 17 10
919 1281 35 2
920 924 22 13
920 1013 36 12
920 1363 28 12
921 1170 34 13
921 1324 21 11
921 1396 27 3
922 953 14 8
923 1110 36 11
923 1207 15 6
923 1285 45 15
923 1350 35 11
923 1384 25 10
924 929 56 4
924 937 11 6
924 961 50 15
924 1022 17 13
924 1133 59 1
924 1261 43 3
925 964 16 15
925 1016 32 13
925 1208 7 12
925 1400 55 9
926 1197 14 8
926 1207 6 14
926 1267 52 10
927 1109 55 15
927 1213 42 11
927 1253 51 5
927 1317 32 2
928 1077 52 1
928 1120 55 11
929 1063 11 4
929 1349 23 3
930 1285 28 6
930 1452 23 5
931 959 56 9
931 1099 58 4
931 1185 11 14
931 1290 20 13
932 1357 13 5
932 1444 36 2
933 1168 50 15
934 1253 16 8
934 1385 14 8
934 1419 14 11
935 1003 55 5
935 1057 36 7
935 1135 58 15
935 1237 5 1
935 1262 52 8
935 1306 48 13
936 1300 42 3
936 1438 21 5
937 1063 7 2
937 1186 35 5
937 1283 58 13
938 1259 28 4
938 1383 37 7
939 1262 60 5
939 1450 5 14
940 955 50 10
941 1048 49 3
941 1118 4 13
941 1149 52 2
941 1209 28 11
941 1290 1 12
942 980 27 2
942 1006 5 11
942 1128 54 1
942 1283 34 7
942 1313 39 6
943 1013 4 8
943 1047 46 1
943 1225 27 2
943 1415 33 4
943 1442 34 13
944 1026 13 15
945 1265 5 2
945 1347 18 12
945 1411 55 14
946 1297 43 2
946 1413 59 11
947 1007 9 3
947 1261 56 10
948 992 22 15
948 1015 34 14
948 1285 44 5
948 1450 32 3
949 1171 58 14
949 1175 24 8
949 1269 35 13
950 1000 46 5
950 1178 17 15
950 1378 1 2
951 1203 30 3
951 1274 56 3
951 1316 57 7
951 1358 26 4
951 1450 55 10
952 1000 17 3
952 1059 36 11
952 1294 47 11
952 1302 17 15
952 1378 40 5
953 1090 56 14
953 1192 31 8
953 1218 15 9
954 1044 48 12
954 1103 48 12
954 1309 43 5
955 1110 9 14
955 1389 51 5
956 996 30 9
957 1407 48 2
957 1437 36 2
959 1144 60 14
959 1172 15 5
960 1137 49 2
960 1194 30 14
960 1208 26 14
962 1121 37 2
962 1229 50 7
963 1215 3 15
963 1354 57 6
964 1074 41 14
964 1211 15 7
965 1172 35 4
965 1245 44 3
965 1303 23 8
966 1091 26 8
966 1104 45 3
966 1134 8 4
966 1140 21 3
966 1226 51 3
967 1109 48 10
967 1317 22 2
968 1133 52 5
968 1264 30 12
968 1340 22 15
969 1276 47 6
969 1349 55 7
969 1403 34 9
970 1028 46 15
970 1058 12 7
970 1258 14 2
971 1005 39 9
972 1221 40 3
972 1329 44 2
973 987 21 12
973 1211 50 6
973 1325 43 13
973 1388 34 3
973 1404 2 8
974 1031 9 4
974 1035 23 15
975 1390 48 10
976 1429 52 5
977 1041 28 15
977 1290 21 8
978 1059 19 8
978 1099 58 12
978 1165 22 3
979 1294 14 10
980 1429 5 1
981 1296 58 12
981 1379 18 2
981 1435 45 1
983 1009 15 7
983 1040 58 11
983 1146 3 11
983 1250 43 8
983 1265 13 4
983 1277 31 6
983 1307 20 13
984 1006 22 11
984 1050 43 3
984 1061 4 11
984 1082 55 1
984 1254 23 8
984 1280 27 14
984 1348 47 2
984 1428 58 9
985 999 32 4
986 1083 52 6
986 1110 40 11
986 1418 31 3
987 1002 58 2
987 1021 41 3
987 1046 4 14
987 1073 42 6
987 1447 36 10
988 1034 60 15
988 1408 23 5
989 1012 22 7
989 1289 27 10
989 1359 1 3
990 1175 10 8
990 1256 27 15
990 1332 17 11
990 1431 12 11
991 1050 28 1
991 1054 19 10
991 1368 52 7
992 1307 23 4
992 1425 27 1
992 1435 16 12
994 1092 7 4
995 1222 21 14
995 1313 32 12
996 1062 29 6
996 1205 49 3
997 1113 15 6
997 1130 52 6
997 1195 23 9
997 1196 39 6
997 1258 40 4
998 1230 21 12
998 1271 9 3
998 1318 25 2
998 1325 51 4
999 1119 33 6
999 1183 1 4
1001 1019 32 11
1001 1085 44 1
1001 1403 29 2
1002 1143 40 13
1003 1101 16 4
1004 1069 38 5
1004 1213 29 14
1004 1236 9 5
1005 1292 35 10
1005 1337 16 13
1005 1344 19 7
1006 1054 52 2
1006 1091 4 8
1006 1302 5 1
1006 1435 34 1
1006 1444 48 4
1007 1379 45 12
1008 1408 36 11
1008 1441 26 6
1009 1075 6 4
1009 1126 4 4
1009 1296 57 9
1009 1304 12 11
1009 1353 51 3
1009 1391 60 6
1010 1331 37 10
1011 1134 9 15
1011 1421 19 4
1012 1102 20 12
1012 1415 20 13
1013 1103 19 2
1013 1382 28 11
1014 1098 27 2
1014 1351 32 1
1014 1440 12 11
1015 1075 29 3
1016 1067 20 9
1016 1162 19 7
1017 1241 11 2
1017 1436 32 14
1019 1231 30 11
1019 1307 46 15
1019 1318 52 14
1019 1424 56 8
1020 1030 18 7
1020 1036 43 15
1020 1283 57 1
1020 1335 59 1
1020 1349 30 9
1021 1229 24 14
1021 1309 9 13
1022 1045 13 10
1022 1419 54 2
1023 1073 59 3
1023 1099 38 10
1023 1347 9 15
1024 1098 3 8
1024 1129 17 11
1024 1142 23 13
1024 1451 26 9
1026 1371 11 9
1027 1088 21 15
1027 1144 29 11
1027 1180 45 1
1027 1260 13 12
1028 1088 28 12
1028 1327 16 12
1029 1038 43 9
1029 1380 23 6
1030 1180 24 10
1030 1346 58 10
1030 1390 23 6
1030 1395 10 4
1031 1121 38 12
1032 1044 29 10
1032 1118 7 1
1032 1383 16 15
1032 1401 30 9
1032 1436 8 15
1033 1135 29 10
1033 1171 56 2
1033 1364 11 4
1033 1428 43 15
1034 1221 36 8
1035 1040 12 8
1035 1256 13 13
1036 1327 44 2
1036 1347 3 10
1036 1357 59 14
1036 1422 28 13
1037 1040 1 11
1037 1253 29 10
1037 1306 21 11
1038 1279 10 5
1038 1396 9 5
1039 1166 13 2
1039 1297 9 14
1039 1304 59 7
1040 1092 4 15
1040 1198 51 8
1040 1231 14 6
1041 1313 7 4
1042 1050 42 14
1042 1229 15 1
1042 1364 58 6
1043 1338 28 2
1043 1364 33 13
1044 1376 15 10
1045 1307 25 15
1046 1123 30 15
1046 1358 37 15
1046 1396 30 13
1046 1444 5 2
1047 1135 40 12
1048 1055 8 4
1048 1441 20 9
1049 1108 59 3
1049 1267 20 9
1050 1183 55 1
1050 1207 7 5
1051 1175 36 5
1051 1339 40 4
1052 1079 21 5
1052 1091 35 13
1053 1096 28 10
1053 1153 28 11
1053 1426 48 7
1054 1281 53 5
1054 1396 48 11
1055 1321 22 1
1055 1322 30 3
1055 1383 37 8
1056 1348 35 11
1056 1445 6 3
1057 1061 50 7
1057 1097 5 9
1057 1354 5 15
1058 1148 15 12
1058 1345 15 13
1058 1428 19 14
1059 1138 38 9
1059 1157 45 9
1059 1426 10 11
1060 1095 29 6
1060 1129 19 4
1061 1095 20 3
1061 1210 38 12
1061 1225 45 5
1062 1098 58 12
1063 1102 9 1
1063 1292 53 1
1064 1144 13 15
1065 1107 40 6
1066 1307 47 2
1066 1382 6 11
1066 1447 55 15
1067 1214 30 5
1067 1239 51 12
1068 1164 53 9
1068 1395 29 12
1069 1317 27 2
1070 1140 15 9
1070 1161 32 5
1070 1238 7 2
1070 1403 17 3
1071 1250 39 11
1071 1283 21 12
1072 1104 27 8
1072 1253 34 14
1072 1311 42 3
1073 1239 49 7
1073 1270 12 4
1073 1300 56 10
1074 1358 8 14
1075 1198 56 15
1075 1244 23 15
1076 1320 23 9
1077 1082 54 15
1077 1309 16 10
1078 1150 53 14
1079 1276 45 15
1080 1145 36 14
1080 1245 42 13
1080 1277 43 5
1080 1324 55 7
1080 1390 22 6
1081 1148 3 8
1081 1167 23 8
1081 1279 56 3
1082 1144 1 13
1082 1307 18 3
1082 1311 25 12
1083 1148 48 6
1083 1151 56 12
1083 1187 29 1
1083 1251 52 2
1083 1287 10 11
1083 1403 33 2
1084 1227 21 7
1084 1230 15 1
1084 1277 8 1
1084 1310 12 9
1084 1353 57 9
1085 1272 4 2
1086 1189 18 4
1086 1232 58 10
1087 1215 55 7
1087 1299 16 15
1087 1362 24 13
1088 1252 39 12
1088 1317 26 9
1089 1426 6 14
1090 1117 41 11
1090 1368 19 5
1091 1199 54 14
1091 1278 17 2
1091 1294 1 7
1091 1312 39 7
1094 1118 41 7
1094 1140 40 13
1095 1341 46 14
1095 1387 49 12
1096 1255 13 14
1096 1325 46 12
1096 1344 38 7
1097 1389 55 4
1097 1395 5 7
1097 1413 29 5
1098 1194 25 14
1098 1353 53 10
1099 1173 19 12
1099 1241 17 4
1099 1329 20 15
1099 1433 44 14
1100 1167 4 15
1100 1207 50 4
1100 1365 16 11
1101 1110 3 14
1101 1161 37 8
1101 1167 43 7
1101 1351 38 2
1102 1269 9 10
1103 1198 29 12
1103 1208 28 8
1104 1301 9 6
1105 1229 53 3
1105 1303 59 11
1107 1447 54 3
1109 1415 34 1
1109 1451 38 4
1110 1122 8 8
1110 1257 43 13
1111 1218 28 4
1111 1245 21 5
1111 1267 15 6
1112 1154 9 9
1112 1188 43 4
1112 1300 12 9
1112 1328 47 8
1112 1428 36 5
1113 1201 51 12
1113 1301 33 14
1113 1305 57 6
1113 1344 35 9
1117 1284 47 4
1117 1295 14 9
1118 1135 21 3
1118 1211 49 4
1118 1264 57 4
1118 1447 9 2
1120 1217 17 2
1120 1369 52 9
1120 1398 37 7
1121 1218 44 11
1121 1276 49 15
1121 1381 51 1
1122 1249 2 8
1122 1444 40 2
1123 1191 57 5
1123 1249 41 9
1123 1309 25 5
1123 1432 58 2
1124 1280 10 6
1124 1444 33 7
1125 1176 6 9
1125 1351 55 15
1126 1146 4 12
1126 1358 11 1
1127 1298 38 4
1128 1170 49 5
1128 1276 46 9
1128 1424 21 3
1129 1221 12 1
1129 1229 9 14
1129 1410 57 6
1130 1212 26 9
1130 1246 48 1
1130 1407 38 5
1131 1190 15 9
1132 1372 6 12
1132 1451 32 15
1133 1230 36 4
1134 1324 15 4
1135 1142 6 1
1136 1142 33 15
1136 1447 34 6
1137 1139 34 10
1140 1405 49 2
1140 1428 8 8
1141 1228 10 13
1141 1258 46 2
1142 1212 16 12
1144 1220 12 10
1144 1254 2 9
1144 1277 23 5
1144 1281 26 12
1145 1323 51 15
1145 1421 31 8
1146 1406 29 9
1147 1265 22 10
1147 1306 53 14
1147 1315 34 12
1148 1224 18 10
1151 1450 6 10
1152 1238 48 10
1152 1379 25 7
1153 1228 45 5
1153 1444 4 6
1155 1197 7 6
1155 1411 19 4
1156 1160 52 8
1156 1166 21 6
1157 1168 44 5
1157 1175 1 7
1157 1187 34 10
1157 1419 19 4
1158 1267 17 11
1159 1209 4 9
1160 1341 45 1
1161 1187 25 9
1161 1307 58 2
1162 1386 47 1
1162 1399 55 15
1163 1213 59 13
1163 1215 35 2
1163 1339 44 1
1163 1358 7 9
1163 1407 7 5
1164 1250 6 7
1164 1314 57 6
1164 1403 60 8
1165 1400 50 15
1166 1436 18 3
1167 1338 59 15
1167 1365 27 12
1168 1356 48 14
1169 1308 20 7
1171 1230 19 3
1171 1395 3 4
1172 1206 38 3
1172 1447 26 14
1174 1205 42 14
1174 1353 55 14
1174 1431 44 11
1175 1238 2 9
1175 1401 7 15
1176 1360 28 1
1177 1293 46 9
1179 1261 8 2
1179 1369 28 15
1180 1181 2 15
1181 1196 54 12
1181 1248 30 14
1181 1269 13 1
1182 1227 30 13
1184 1399 57 14
1185 1330 48 3
1187 1274 51 13
1188 1426 40 3
1190 1399 28 2
1190 1414 16 14
1191 1410 57 7
1192 1245 43 9
1192 1267 5 5
1192 1328 38 13
1195 1247 22 14
1195 1346 15 6
1196 1321 55 4
1197 1361 16 15
1197 1385 27 14
1198 1388 13 10
1199 1338 60 15
1199 1410 45 11
1200 1211 36 6
1201 1416 3 12
1203 1349 46 9
1205 1346 39 7
1205 1358 3 2
1205 1440 8 5
1206 1273 50 10
1206 1401 45 14
1206 1431 21 13
1206 1453 15 11
1208 1358 48 4
1208 1368 12 13
1209 1234 29 13
1209 1354 3 9
1209 1385 52 14
1210 1287 32 6
1210 1326 42 8
1210 1341 20 6
1211 1366 33 4
1211 1376 5 3
1211 1429 31 5
1212 1331 24 6
1212 1360 59 8
1212 1406 32 13
1212 1436 32 6
1213 1262 56 10
1213 1290 59 14
1214 1311 57 15
1214 1365 15 6
1216 1267 1 4
1218 1224 41 2
1218 1428 54 6
1218 1431 22 1
1219 1343 13 10
1221 1237 28 3
1222 1227 44 6
1222 1378 19 11
1224 1255 5 8
1225 1276 32 1
1226 1331 57 2
1226 1381 55 6
1227 1244 32 7
1227 1246 4 7
1229 1339 21 10
1230 1243 33 11
1230 1330 36 3
1231 1348 35 12
1232 1415 23 8
1232 1448 7 1
1233 1324 57 5
1235 1325 35 15
1236 1240 10 7
1239 1424 11 4
1242 1256 54 14
1242 1407 45 8
1244 1406 14 11
1245 1275 21 8
1246 1310 41 6
1247 1283 31 7
1247 1363 42 11
1247 1394 30 4
1248 1249 48 3
1248 1358 12 1
1249 1357 11 10
1249 1376 30 7
1249 1448 3 15
1250 1338 26 10
1251 1374 8 1
1254 1407 21 6
1256 1334 42 11
1256 1389 16 2
1257 1408 40 9
1259 1274 42 2
1261 1368 29 12
1261 1403 60 7
1262 1408 2 12
1263 1434 36 14
1264 1352 13 10
1266 1319 40 6
1268 1292 10 6
1268 1312 30 10
1268 1326 50 9
1268 1403 44 11
1268 1423 38 12
1270 1388 27 3
1271 1387 59 5
1275 1329 40 7
1276 1433 21 14
1277 1291 42 11
1277 1322 27 12
1279 1443 6 5
1282 1329 41 12
1282 1417 22 6
1284 1291 56 2
1284 1375 36 15
1284 1436 32 5
1284 1438 57 7
1286 1349 20 14
1287 1357 55 3
1287 1413 15 13
1287 1433 4 8
1289 1346 42 13
1289 1353 38 13
1289 1382 37 9
1290 1357 42 15
1292 1426 31 15
1294 1295 48 9
1296 1390 60 4
1296 1408 48 6
1297 1395 50 8
1298 1403 52 12
1298 1423 43 15
1300 1413 33 12
1305 1401 5 6
1306 1411 16 4
1306 1417 1 15
1307 1329 38 15
1307 1344 5 11
1307 1435 38 12
1310 1386 35 6
1311 1381 24 11
1312 1439 9 7
1313 1371 43 2
1315 1438 55 13
1316 1392 41 15
1318 1395 21 12
1319 1349 58 3
1319 1352 7 13
1319 1368 34 3
1319 1451 48 14
1322 1414 17 11
1323 1374 11 2
1324 1387 9 8
1327 1390 43 15
1330 1417 17 5
1331 1350 1 8
1332 1376 36 13
1332 1433 34 9
1339 1435 2 7
1340 1372 52 7
1342 1364 47 13
1342 1383 50 7
1345 1442 25 2
1347 1443 51 14
1348 1410 13 11
1351 1409 29 12
1352 1372 9 4
1354 1384 6 15
1355 1356 3 4
1356 1396 10 8
1358 1391 19 13
1360 1437 57 15
1363 1374 25 1
1364 1377 25 4
1364 1394 39 5
1366 1419 27 12
1367 1398 24 11
1367 1414 40 8
1368 1393 13 13
1373 1377 2 15
1379 1407 11 14
1381 1408 57 11
1381 1451 10 11
1384 1451 6 13
1385 1447 22 5
1386 1433 10 8
1387 1429 15 9
1388 1436 34 2
1389 1433 52 8
1391 1408 47 3
1393 1416 12 8
1394 1395 56 3
1394 1399 34 7
1400 1406 8 15
1403 1416 9 14
1403 1422 31 10
1411 1451 58 14
1412 1425 18 13
1420 1437 3 11
1421 1436 44 6
1426 1453 12 12
1431 1446 33 10
1437 1448 10 3
1441 1443 28 1
1444 1445 15 4

0 5 15
1 40 50
2 48 27
3 58 5
4 68 50
5 71 46
6 77 2
7 96 17
8 99 50
9 107 36
10 120 17
11 131 33
12 132 50
13 137 31
14 140 13
15 166 17
16 170 32
17 174 33
18 175 38
19 181 30
20 204 11
21 206 8
22 267 49
23 283 9
24 288 28
25 294 10
26 309 27
27 331 14
28 365 44
29 380 36
30 385 40
31 395 23
32 406 7
33 420 4
34 425 6
35 437 1
36 438 33
37 439 6
38 442 9
39 445 25
40 446 45
41 455 48
42 467 45
43 469 38
44 479 9
45 485 27
46 487 4
47 488 49
48 495 12
49 517 20
50 526 34
51 527 9
52 531 22
53 532 34
54 549 2
55 569 25
56 571 35
57 592 34
58 595 9
59 600 35
60 631 7
61 639 22
62 644 36
63 649 8
64 650 43
65 671 1
66 674 30
67 697 44
68 704 10
69 721 43
70 726 6
71 765 18
72 773 46
73 794 12
74 820 18
75 841 16
76 846 7
77 861 50
78 898 48
79 902 28
80 907 24
81 929 39
82 944 11
83 968 14
84 976 25
85 995 19
86 997 25
87 1001 46
88 1005 39
89 1017 7
90 1018 5
91 1020 3
92 1025 45
93 1030 18
94 1033 7
95 1046 31
96 1053 27
97 1065 3
98 1078 38
99 1079 46
100 1095 14
101 1097 34
102 1098 35
103 1102 16
104 1103 12
105 1107 6
106 1112 36
107 1115 5
108 1116 12
109 1136 4
110 1150 48
111 1158 36
112 1169 12
113 1198 47
114 1206 27
115 1214 23
116 1216 26
117 1218 9
118 1233 25
119 1234 27
120 1241 3
121 1242 34
122 1245 4
123 1248 38
124 1266 27
125 1280 37
126 1287 43
127 1295 44
128 1301 14
129 1302 39
130 1308 35
131 1311 30
132 1336 21
133 1348 32
134 1356 11
135 1366 28
136 1368 40
137 1376 48
138 1400 21
139 1404 41
140 1409 24
141 1413 39
142 1433 35
143 1446 44
144 1450 13
