1562 4697 156 9

0 30 7364
1 60 14771
2 90 22219
3 120 29709
4 150 37241
5 180 44816
6 210 52433
7 240 60093
8 270 67796

0 26204
1 24392
2 23220
3 22686
4 29060
5 22290
6 20122
7 21684
8 25587
9 22696
10 20600
11 20375
12 23624
13 25754
14 27377
15 20630
16 31436
17 30371
18 20898
19 25962
20 21740
21 24636
22 19324
23 21650
24 21929
25 24202
26 31454
27 22434
28 24402
29 22212
30 30317
31 19977
32 25110
33 23996
34 28465
35 19899
36 27002
37 21335
38 19120
39 33444
40 24207
41 19884
42 25530
43 22724
44 23046
45 30323
46 29131
47 23478
48 32033
49 25389
50 19481
51 19456
52 25138
53 24233
54 18183
55 21930
56 33588
57 24204
58 24716
59 19266
60 14664
61 22118
62 28113
63 25603
64 20641
65 18589
66 20371
67 17005
68 24737
69 23251
70 29106
71 17258
72 26103
73 18385
74 26174
75 26144
76 20861
77 26626
78 22508
79 14863
80 21775
81 23704
82 28519
83 22934
84 26878
85 18960
86 23084
87 29350
88 23334
89 18969
90 25661
91 25496
92 20216
93 24153
94 34672
95 27241
96 27676
97 24429
98 23940
99 31695
100 27942
101 32887
102 26072
103 17652
104 21350
105 30189
106 22959
107 29510
108 24433
109 29209
110 29381
111 26727
112 30121
113 29570
114 23492
115 22411
116 27203
117 23309
118 25155
119 24752
120 30119
121 31087
122 22029
123 23114
124 19048
125 21014
126 26012
127 29539
128 28665
129 19998
130 22405
131 29342
132 23839
133 19837
134 28525
135 21055
136 25418
137 32919
138 27460
139 18563
140 25380
141 27190
142 29947
143 23848
144 31013
145 24015
146 22643
147 21642
148 29092
149 23929
150 29059
151 28160
152 18912
153 24519
154 33582
155 28933
156 24631
157 22755
158 29090
159 21692
160 21275
161 26626
162 17406
163 24120
164 28547
165 30580
166 20009
167 23529
168 17748
169 20807
170 20511
171 24177
172 28620
173 25666
174 25384
175 20722
176 20193
177 21349
178 21638
179 27434
180 23272
181 30894
182 26931
183 22683
184 19521
185 19609
186 27147
187 15278
188 30716
189 20941
190 27825
191 28965
192 28322
193 17725
194 27806
195 29847
196 31401
197 23378
198 27125
199 23885
200 26297
201 29771
202 23808
203 31490
204 28834
205 20473
206 22845
207 25523
208 25465
209 20989
210 18559
211 23899
212 23642
213 31059
214 27597
215 30897
216 14042
217 24880
218 24974
219 26747
220 20724
221 26996
222 20268
223 24159
224 19382
225 25964
226 28116
227 16340
228 33838
229 20429
230 29921
231 26853
232 29965
233 19723
234 17797
235 25456
236 27574
237 27121
238 25089
239 25767
240 23250
241 22115
242 31303
243 31681
244 24610
245 26993
246 29439
247 26755
248 25918
249 30479
250 34365
251 26395
252 25460
253 17639
254 30411
255 12519
256 21622
257 16233
258 28518
259 23002
260 30833
261 26046
262 23868
263 32020
264 24028
265 25778
266 18301
267 18106
268 30586
269 26130
270 20841
271 27554
272 27470
273 22886
274 26655
275 25893
276 22695
277 29606
278 26633
279 23767
280 22805
281 19619
282 27108
283 26399
284 35521
285 29480
286 23962
287 32515
288 12514
289 25662
290 18758
291 26573
292 23240
293 32233
294 24161
295 28139
296 22564
297 34630
298 27185
299 20577
300 30303
301 28168
302 24726
303 26078
304 31094
305 24625
306 19965
307 33011
308 25215
309 24496
310 22992
311 23088
312 27468
313 23536
314 26820
315 13562
316 21639
317 22749
318 30922
319 18111
320 20342
321 24791
322 13568
323 35379
324 20593
325 28433
326 23395
327 14786
328 21761
329 26420
330 23308
331 24047
332 23453
333 17160
334 26934
335 18625
336 28669
337 30891
338 25228
339 31516
340 32610
341 19144
342 24094
343 18881
344 26645
345 24411
346 26631
347 18245
348 24776
349 21091
350 26908
351 26621
352 24288
353 30997
354 26794
355 19800
356 31272
357 30062
358 27312
359 22668
360 28437
361 28603
362 21343
363 21240
364 25386
365 17905
366 18977
367 22726
368 23429
369 19974
370 19925
371 21143
372 24126
373 22039
374 21215
375 20554
376 26850
377 31532
378 25469
379 27163
380 17422
381 25829
382 27593
383 27085
384 27271
385 20414
386 27111
387 23772
388 26964
389 12514
390 20875
391 26081
392 24298
393 27903
394 24617
395 28687
396 23112
397 14541
398 29503
399 28832
400 24511
401 23103
402 21118
403 29383
404 21813
405 20203
406 22352
407 26257
408 25464
409 28246
410 23152
411 26825
412 27906
413 26612
414 30813
415 21973
416 14572
417 22563
418 26891
419 29939
420 29048
421 22277
422 28281
423 27343
424 22004
425 26213
426 20350
427 23534
428 23453
429 29301
430 24965
431 27160
432 18850
433 23699
434 24083
435 25095
436 23547
437 19448
438 18894
439 20201
440 20211
441 20712
442 19989
443 22212
444 22000
445 24632
446 23586
447 25156
448 17316
449 24759
450 24817
451 23899
452 19270
453 17987
454 22684
455 33077
456 24212
457 27452
458 26538
459 21523
460 24442
461 22787
462 27908
463 30002
464 21874
465 27067
466 24340
467 27581
468 17052
469 29961
470 17392
471 18895
472 29613
473 25094
474 21805
475 24156
476 20875
477 22234
478 26766
479 26543
480 30782
481 20517
482 21287
483 28623
484 20654
485 27901
486 24631
487 26483
488 21443
489 24913
490 28372
491 29742
492 24426
493 26864
494 24763
495 21476
496 24103
497 27269
498 26715
499 20274
500 27297
501 29884
502 21518
503 20939
504 25090
505 26759
506 25639
507 23954
508 24728
509 25301
510 25526
511 23923
512 21480
513 25750
514 29632
515 19622
516 21760
517 22028
518 19451
519 28930
520 26968
521 28520
522 27610
523 21646
524 20791
525 29559
526 30751
527 17253
528 26103
529 23205
530 22636
531 29956
532 16813
533 33290
534 25218
535 18133
536 25274
537 26559
538 27472
539 27516
540 32539
541 24845
542 26592
543 21275
544 20628
545 25123
546 29499
547 20782
548 30923
549 25018
550 22003
551 20423
552 27034
553 28640
554 21167
555 25574
556 24678
557 32905
558 25011
559 26103
560 29993
561 34944
562 24859
563 25494
564 22625
565 21436
566 21286
567 12903
568 22104
569 17055
570 26565
571 18805
572 20413
573 30756
574 21644
575 23974
576 21837
577 20724
578 22449
579 28605
580 14781
581 18908
582 28442
583 23313
584 23443
585 26379
586 28351
587 21066
588 19750
589 25936
590 27829
591 24305
592 18742
593 18378
594 24127
595 27233
596 22991
597 28235
598 29714
599 18953
600 21216
601 21871
602 29960
603 31189
604 22218
605 28137
606 26322
607 25981
608 26273
609 27269
610 23257
611 23553
612 22934
613 22069
614 26555
615 23895
616 29874
617 22162
618 25026
619 19577
620 29367
621 21475
622 32989
623 24284
624 27728
625 30153
626 25176
627 24065
628 32512
629 30565
630 24349
631 29131
632 25176
633 28579
634 23323
635 26635
636 21239
637 22153
638 24054
639 24884
640 30487
641 24309
642 26467
643 26220
644 23357
645 16929
646 21834
647 28037
648 36087
649 26698
650 21006
651 23855
652 23233
653 30454
654 20406
655 26782
656 27086
657 20427
658 22615
659 21699
660 26585
661 25787
662 29752
663 16318
664 20391
665 22296
666 30910
667 28677
668 25217
669 24528
670 25417
671 31555
672 22955
673 26491
674 25449
675 31521
676 27998
677 21504
678 23086
679 19527
680 29613
681 25840
682 26436
683 25399
684 27274
685 27904
686 26717
687 31670
688 32749
689 23393
690 23828
691 30946
692 22256
693 31666
694 27726
695 26680
696 29767
697 19556
698 24428
699 31539
700 27305
701 22077
702 29830
703 21872
704 27425
705 23930
706 22944
707 25554
708 23744
709 25389
710 27083
711 28478
712 24326
713 27290
714 28220
715 27928
716 26604
717 23797
718 25466
719 20573
720 26847
721 21469
722 26028
723 21191
724 26202
725 21666
726 30283
727 31999
728 25071
729 24286
730 21366
731 30770
732 27187
733 23637
734 31873
735 24897
736 26860
737 26210
738 27353
739 20908
740 27254
741 27687
742 28251
743 24324
744 17907
745 25133
746 30842
747 21991
748 32938
749 25862
750 23684
751 23106
752 24958
753 21058
754 28120
755 18460
756 29577
757 21611
758 33913
759 20842
760 28273
761 19650
762 28145
763 21691
764 28233
765 23091
766 26369
767 17788
768 22759
769 28631
770 20566
771 25128
772 19794
773 18775
774 22869
775 28926
776 19853
777 28404
778 24549
779 30904
780 17031
781 31212
782 28166
783 31837
784 32024
785 28951
786 23609
787 24414
788 24419
789 24362
790 27067
791 23877
792 22380
793 28197
794 30562
795 24277
796 23045
797 23039
798 20240
799 27137
800 24624
801 24895
802 22653
803 31778
804 25850
805 26925
806 21944
807 24953
808 30937
809 17269
810 32659
811 24817
812 25736
813 28924
814 35024
815 18468
816 26198
817 23074
818 22853
819 23975
820 21110
821 20480
822 32677
823 22951
824 21381
825 21247
826 27516
827 24873
828 23570
829 24941
830 24927
831 29727
832 26837
833 24272
834 17258
835 31004
836 25915
837 27821
838 20701
839 24083
840 30636
841 16399
842 20203
843 22181
844 28334
845 25457
846 27451
847 30550
848 17157
849 22750
850 31454
851 31293
852 23635
853 30978
854 24847
855 14503
856 18565
857 23749
858 18540
859 28016
860 24750
861 24223
862 27336
863 16329
864 25755
865 24197
866 15793
867 30319
868 28440
869 24317
870 21610
871 21809
872 24347
873 27344
874 30939
875 25885
876 26164
877 26514
878 21656
879 29662
880 29233
881 28012
882 25974
883 24868
884 24123
885 21202
886 20139
887 28987
888 28352
889 30610
890 27868
891 20068
892 24697
893 24607
894 32582
895 23992
896 25815
897 31831
898 30034
899 26709
900 14028
901 26365
902 26110
903 28529
904 29420
905 30664
906 25615
907 29552
908 28277
909 25302
910 23492
911 17868
912 18562
913 24019
914 25921
915 33198
916 21931
917 34754
918 18955
919 25601
920 25445
921 29876
922 28812
923 20069
924 32490
925 24032
926 30812
927 24614
928 23626
929 26768
930 28594
931 30867
932 22259
933 21232
934 23609
935 20543
936 28915
937 22222
938 28588
939 19778
940 28359
941 26223
942 21386
943 16384
944 22801
945 28273
946 16857
947 26488
948 32277
949 24086
950 23235
951 31825
952 29276
953 22463
954 29011
955 24899
956 26856
957 27525
958 36041
959 29966
960 20958
961 25382
962 22679
963 20353
964 24328
965 22306
966 29330
967 22413
968 25484
969 23084
970 25968
971 26150
972 33695
973 29522
974 25734
975 27151
976 23646
977 20836
978 31265
979 26456
980 25791
981 29028
982 25299
983 28997
984 25523
985 25584
986 16629
987 23206
988 20455
989 22136
990 22003
991 27339
992 30081
993 23488
994 31084
995 25797
996 22315
997 29331
998 29680
999 29405
1000 31240
1001 23975
1002 28752
1003 29632
1004 31313
1005 23066
1006 19806
1007 26011
1008 19323
1009 24087
1010 21213
1011 25191
1012 29058
1013 26867
1014 27787
1015 19562
1016 31502
1017 22675
1018 19319
1019 19673
1020 21628
1021 24370
1022 27059
1023 21208
1024 21168
1025 26496
1026 26965
1027 26582
1028 28647
1029 26697
1030 24693
1031 24498
1032 24158
1033 23068
1034 30489
1035 24534
1036 30933
1037 28026
1038 27183
1039 28710
1040 19058
1041 18686
1042 30577
1043 25720
1044 21367
1045 24026
1046 28410
1047 30880
1048 16691
1049 28363
1050 23266
1051 24930
1052 26783
1053 25257
1054 28813
1055 24287
1056 31599
1057 25495
1058 24183
1059 22899
1060 34199
1061 29003
1062 27195
1063 23839
1064 25848
1065 29304
1066 24180
1067 24443
1068 27082
1069 23578
1070 21180
1071 23922
1072 29601
1073 21386
1074 32319
1075 22192
1076 18272
1077 23143
1078 24947
1079 22643
1080 35154
1081 35417
1082 28222
1083 23401
1084 24557
1085 22447
1086 25401
1087 18550
1088 30802
1089 22458
1090 24266
1091 18929
1092 27152
1093 23416
1094 26241
1095 32791
1096 20984
1097 15325
1098 27536
1099 21349
1100 23805
1101 21569
1102 27556
1103 15541
1104 26416
1105 22112
1106 30768
1107 27807
1108 28678
1109 29873
1110 25638
1111 15643
1112 27062
1113 15996
1114 24021
1115 12514
1116 31151
1117 24766
1118 29122
1119 21080
1120 27005
1121 26639
1122 25403
1123 27567
1124 24478
1125 30784
1126 24096
1127 27274
1128 24014
1129 24832
1130 34195
1131 26022
1132 23080
1133 20805
1134 21844
1135 25574
1136 29644
1137 34716
1138 21297
1139 29738
1140 23164
1141 28152
1142 15806
1143 18587
1144 21868
1145 28710
1146 24938
1147 29317
1148 15355
1149 23177
1150 24946
1151 23120
1152 21918
1153 22627
1154 21723
1155 31038
1156 24922
1157 26105
1158 23505
1159 20957
1160 29432
1161 25346
1162 26751
1163 22191
1164 30703
1165 29800
1166 20018
1167 21811
1168 18810
1169 28903
1170 21159
1171 28364
1172 19895
1173 25446
1174 21971
1175 25409
1176 28461
1177 28579
1178 29114
1179 30601
1180 26559
1181 26967
1182 27404
1183 24824
1184 29545
1185 23749
1186 30957
1187 24738
1188 13242
1189 33137
1190 21591
1191 25198
1192 22265
1193 21965
1194 35110
1195 24638
1196 21333
1197 19214
1198 27033
1199 20150
1200 22252
1201 26882
1202 22823
1203 30742
1204 17387
1205 27953
1206 23989
1207 21887
1208 21791
1209 25204
1210 22091
1211 23181
1212 28062
1213 22583
1214 24870
1215 23603
1216 22320
1217 25337
1218 24300
1219 27123
1220 23604
1221 25038
1222 24187
1223 23019
1224 20477
1225 29684
1226 20898
1227 24806
1228 28829
1229 27718
1230 29991
1231 25630
1232 26563
1233 18643
1234 34557
1235 24475
1236 30957
1237 26171
1238 30064
1239 21147
1240 27102
1241 22225
1242 34336
1243 21026
1244 21212
1245 23126
1246 22911
1247 25011
1248 27109
1249 27119
1250 25247
1251 20563
1252 29204
1253 31263
1254 20340
1255 27478
1256 33540
1257 30253
1258 27290
1259 25334
1260 30202
1261 31942
1262 24946
1263 24069
1264 14317
1265 26335
1266 22849
1267 23051
1268 28012
1269 23459
1270 28908
1271 32148
1272 23639
1273 25003
1274 26125
1275 25871
1276 27281
1277 30565
1278 22273
1279 27983
1280 30218
1281 25883
1282 24889
1283 24349
1284 21096
1285 19893
1286 21971
1287 19435
1288 27159
1289 22941
1290 20455
1291 29291
1292 21335
1293 24051
1294 27844
1295 27828
1296 28310
1297 23515
1298 24923
1299 22402
1300 27074
1301 25170
1302 22800
1303 26452
1304 28419
1305 23736
1306 29558
1307 21253
1308 18703
1309 25078
1310 28717
1311 23354
1312 21975
1313 19732
1314 16190
1315 29835
1316 18283
1317 23779
1318 24587
1319 24913
1320 16645
1321 26130
1322 31789
1323 26066
1324 20294
1325 26937
1326 25791
1327 21107
1328 32931
1329 27878
1330 18933
1331 21563
1332 19942
1333 23605
1334 24599
1335 20288
1336 24485
1337 19754
1338 31381
1339 25923
1340 23726
1341 31643
1342 18959
1343 15878
1344 28198
1345 27711
1346 23811
1347 17816
1348 28875
1349 20379
1350 29402
1351 24511
1352 19748
1353 33406
1354 17146
1355 23587
1356 20717
1357 21747
1358 22023
1359 18770
1360 22744
1361 24194
1362 24995
1363 25141
1364 27098
1365 22005
1366 28072
1367 14663
1368 24910
1369 27343
1370 22273
1371 33804
1372 21714
1373 23410
1374 26853
1375 21748
1376 22782
1377 28486
1378 28020
1379 18747
1380 25169
1381 32394
1382 23410
1383 23013
1384 25481
1385 21030
1386 24610
1387 25148
1388 32243
1389 24585
1390 36407
1391 20605
1392 18453
1393 25848
1394 20788
1395 19430
1396 26081
1397 28906
1398 19885
1399 22543
1400 26935
1401 24838
1402 21691
1403 23112
1404 29116
1405 31253
1406 26165
1407 21108
1408 24438
1409 28115
1410 25373
1411 24759
1412 31252
1413 27674
1414 29245
1415 27398
1416 13971
1417 25425
1418 21446
1419 23324
1420 24224
1421 31114
1422 26650
1423 26902
1424 24966
1425 24762
1426 29544
1427 24752
1428 24779
1429 21035
1430 30796
1431 24459
1432 26564
1433 23699
1434 31463
1435 12514
1436 22954
1437 25341
1438 31174
1439 24251
1440 29834
1441 19746
1442 24063
1443 24043
1444 24035
1445 24342
1446 33720
1447 26370
1448 23092
1449 24368
1450 23746
1451 20532
1452 19436
1453 23881
1454 20484
1455 20059
1456 26147
1457 15158
1458 22464
1459 26532
1460 23229
1461 18628
1462 21918
1463 22011
1464 27104
1465 14548
1466 30891
1467 23966
1468 24002
1469 31865
1470 28325
1471 27892
1472 19707
1473 22147
1474 26095
1475 23767
1476 20240
1477 29040
1478 16317
1479 17835
1480 25718
1481 20029
1482 22341
1483 27698
1484 29362
1485 29142
1486 21879
1487 34464
1488 18026
1489 22743
1490 27017
1491 18848
1492 19373
1493 26766
1494 25008
1495 20402
1496 25359
1497 21761
1498 32631
1499 30919
1500 27676
1501 28798
1502 21375
1503 23666
1504 25591
1505 21115
1506 16957
1507 28367
1508 27802
1509 22246
1510 28577
1511 24350
1512 28702
1513 28603
1514 16536
1515 17244
1516 29158
1517 30088
1518 31302
1519 28202
1520 25280
1521 21632
1522 23338
1523 25955
1524 22579
1525 17419
1526 26004
1527 24895
1528 33114
1529 23316
1530 27472
1531 19233
1532 26061
1533 30229
1534 24148
1535 27448
1536 26237
1537 25303
1538 21050
1539 20784
1540 32195
1541 24059
1542 24744
1543 22133
1544 25958
1545 24922
1546 30882
1547 29948
1548 18059
1549 26677
1550 26823
1551 19059
1552 26303
1553 26500
1554 15267
1555 15217
1556 19116
1557 25574
1558 24614
1559 23153
1560 21073
1561 20525

0 43 15 6
0 254 50 10
0 435 15 4
0 652 48 3
0 812 51 14
0 830 31 8
0 967 27 10
0 1204 30 15
0 1279 30 15
1 43 51 5
1 113 30 6
1 214 19 13
1 435 57 3
1 812 4 5
1 967 60 9
1 1204 9 3
1 1274 35 6
2 43 27 4
2 422 26 11
2 435 19 2
2 593 53 5
2 812 1 11
2 851 50 4
2 853 1 15
2 967 29 4
2 1204 7 13
3 105 7 8
3 455 15 10
3 891 55 5
3 1370 24 1
4 118 33 2
4 260 13 1
4 298 2 1
4 393 24 6
4 614 23 9
4 825 29 10
4 890 47 8
5 76 49 8
5 392 16 6
5 453 54 12
5 832 7 8
5 914 9 10
5 1355 26 5
5 1546 53 13
6 370 35 14
6 752 12 2
6 1315 23 5
6 1473 51 5
7 22 48 4
7 777 38 14
7 1081 42 4
8 108 53 11
8 256 30 13
8 469 44 12
8 563 29 14
8 1039 50 13
8 1100 32 9
8 1430 34 6
9 577 29 14
9 933 25 14
9 1106 4 5
9 1501 4 15
10 172 15 8
10 196 36 4
10 815 46 12
10 1453 48 5
10 1551 51 14
11 164 1 2
11 372 44 7
11 443 39 1
11 1048 38 11
11 1239 6 5
11 1251 54 4
12 579 50 11
12 855 16 8
12 894 1 9
12 1346 23 10
13 266 36 6
13 284 56 14
13 825 11 11
13 863 58 6
13 1136 27 4
13 1366 36 13
14 428 4 14
14 663 54 1
14 803 52 5
14 1141 42 9
14 1415 38 8
14 1419 38 6
14 1446 50 15
14 1540 2 8
15 20 4 1
15 136 3 2
15 285 46 4
15 582 45 6
15 988 57 6
15 993 40 1
15 1114 21 15
15 1212 51 4
15 1291 24 7
15 1537 59 2
16 508 24 11
16 919 48 5
16 994 43 10
16 1165 46 7
16 1191 50 5
17 94 51 11
17 444 4 7
17 573 13 9
17 927 28 11
18 1056 33 3
18 1230 48 6
18 1333 45 9
18 1474 31 13
18 1500 10 2
19 422 8 5
19 560 49 3
19 705 48 8
19 977 17 10
19 1012 11 11
19 1337 20 6
19 1525 47 12
19 1537 6 11
20 173 21 6
20 349 15 5
20 440 3 5
20 565 38 5
20 663 35 13
20 1192 26 7
20 1219 59 14
20 1273 34 4
20 1315 2 8
21 781 49 12
21 1000 28 14
21 1092 24 10
21 1186 57 1
21 1223 23 8
22 106 2 9
22 248 35 6
22 354 49 15
22 602 27 15
22 793 2 10
22 805 8 6
22 880 34 5
22 1068 37 9
22 1333 35 12
23 271 38 14
23 1114 42 12
24 198 5 8
24 575 26 11
24 705 10 13
24 817 25 4
24 1317 11 10
24 1364 29 3
25 131 10 5
25 369 3 8
25 516 19 3
25 1267 47 3
26 243 26 6
26 272 37 9
26 541 48 9
26 918 29 9
26 947 8 11
26 1292 51 2
26 1561 47 3
27 180 5 2
27 586 14 1
27 670 28 15
27 944 3 10
27 1079 50 4
27 1149 59 2
28 527 58 10
28 743 26 8
28 1015 48 12
29 31 59 9
29 45 54 4
29 492 22 7
29 660 33 9
29 792 21 12
29 926 30 11
29 1154 38 7
30 73 2 6
30 277 3 12
30 842 59 7
30 1046 53 15
30 1383 57 1
30 1533 42 11
31 227 18 13
31 699 15 14
31 755 1 13
31 1030 4 6
31 1198 59 7
31 1514 5 5
31 1525 23 9
31 1540 1 1
31 1541 23 3
32 548 31 2
32 778 59 13
32 828 6 5
32 1064 41 4
33 63 21 11
33 779 27 1
34 59 2 4
34 151 13 15
34 322 59 2
34 720 38 3
34 797 2 14
34 840 59 7
34 1144 14 14
34 1209 15 11
34 1306 11 10
35 79 11 12
35 308 41 11
35 312 5 12
35 490 31 9
35 676 14 1
35 930 36 10
35 1306 22 1
36 207 39 10
36 350 53 7
36 390 56 13
36 493 38 12
36 675 14 7
36 822 23 8
36 1534 53 6
37 151 5 4
37 245 37 2
37 393 14 8
37 1106 36 11
37 1431 53 4
38 98 56 6
38 1244 44 2
39 195 43 8
39 419 25 13
39 449 42 12
39 686 56 5
39 1294 28 1
39 1361 8 9
40 47 44 14
40 250 5 12
40 585 43 4
40 698 35 5
40 1249 53 3
41 96 31 12
41 580 12 3
41 770 32 7
41 1094 27 8
42 98 42 2
42 424 56 7
42 830 47 13
42 1080 50 13
42 1209 54 5
44 205 4 6
44 629 12 4
44 823 50 15
44 1254 28 1
45 174 60 9
45 513 33 5
45 744 33 13
45 968 27 2
45 1077 21 2
45 1250 44 8
45 1264 38 4
45 1507 49 7
46 333 7 11
46 653 47 3
46 890 13 6
46 1359 10 8
47 202 38 8
47 444 20 14
47 461 52 2
47 594 14 3
47 881 34 1
47 1232 49 5
47 1306 57 10
47 1554 44 2
48 679 26 10
48 798 43 15
48 861 58 12
48 866 22 6
48 1056 51 8
48 1391 43 9
49 574 32 15
49 993 50 6
49 1196 51 2
49 1251 9 2
49 1338 50 2
49 1398 56 8
49 1406 54 11
49 1444 16 14
49 1451 44 3
50 187 14 11
50 575 1 2
50 605 34 2
51 185 33 14
51 206 45 9
51 287 18 9
51 312 23 3
51 403 43 10
51 537 23 15
51 615 35 15
51 993 27 14
51 1143 24 6
51 1305 41 14
51 1323 29 11
52 425 56 2
52 565 23 10
52 883 15 7
52 983 30 6
52 1123 42 5
53 253 13 13
53 348 43 1
53 1541 51 10
54 174 20 8
54 594 50 4
54 1026 19 6
54 1117 15 10
54 1374 21 6
54 1445 25 13
55 163 26 9
55 477 42 12
55 883 44 12
55 922 49 11
55 1136 7 9
55 1179 22 8
55 1233 60 2
56 66 26 14
56 334 40 1
56 451 36 14
56 502 58 7
56 528 7 5
56 710 13 7
56 789 2 7
56 808 9 5
57 159 38 8
57 314 51 1
57 391 5 2
57 1122 46 3
57 1401 22 7
57 1461 41 2
58 100 20 2
58 471 57 10
58 616 57 12
58 636 35 4
58 1158 42 6
58 1191 26 4
58 1502 2 9
59 113 18 12
59 997 12 1
59 1027 12 9
59 1095 48 10
59 1379 2 9
59 1475 20 7
60 154 13 10
60 499 33 12
60 577 54 10
60 666 45 15
60 698 53 9
60 728 42 1
60 1221 28 13
60 1306 20 9
60 1310 10 3
61 454 50 2
61 642 35 3
61 715 6 6
62 320 49 8
62 1038 31 9
62 1087 41 5
63 315 23 5
63 830 57 6
63 1013 16 10
63 1155 47 4
63 1503 7 2
64 778 19 2
64 1203 15 2
64 1323 17 9
64 1436 13 10
65 397 6 14
65 935 20 4
66 188 3 13
66 213 48 8
66 829 10 10
67 268 9 14
67 293 28 6
67 574 44 12
67 640 41 13
67 774 31 11
67 779 1 2
67 909 20 2
67 968 31 4
67 1424 11 15
68 147 53 15
68 318 18 10
68 668 5 4
68 762 25 2
69 406 51 4
70 422 25 4
70 433 45 13
70 802 55 12
70 844 8 7
70 1263 36 10
71 376 52 13
71 1037 23 13
71 1494 58 4
72 175 25 14
72 191 5 13
72 342 19 14
72 885 56 9
72 1523 21 13
73 557 51 11
73 674 48 1
73 1374 6 12
74 76 23 3
74 198 31 10
74 207 54 13
74 240 17 4
74 571 55 4
74 788 43 11
74 1133 39 12
74 1381 25 14
74 1455 19 14
75 631 15 6
75 922 13 5
75 1335 20 7
76 361 32 5
76 600 52 4
76 729 27 10
76 985 55 11
76 1363 32 2
76 1379 59 1
76 1432 30 2
76 1458 28 4
76 1548 18 8
77 581 33 3
77 598 10 2
77 708 37 1
77 733 28 10
77 1110 6 15
77 1286 46 10
77 1309 15 12
77 1438 26 6
77 1458 2 15
77 1527 11 12
78 343 43 7
78 443 33 15
78 514 1 2
78 790 58 13
78 820 18 11
78 1238 55 2
78 1464 26 12
78 1544 28 12
79 280 47 10
79 823 11 4
80 500 41 15
80 1195 58 15
80 1229 20 9
80 1482 30 1
81 122 49 13
81 128 17 12
81 519 20 1
81 1117 4 15
81 1153 31 9
81 1160 45 15
82 381 29 2
82 520 29 10
82 778 59 13
82 903 53 12
82 1388 46 14
83 173 48 3
83 512 20 5
83 862 56 9
83 891 41 5
83 1032 49 10
83 1548 17 9
84 516 30 2
84 978 34 15
84 1016 24 2
85 238 42 4
85 549 20 7
85 701 1 5
85 730 56 6
85 808 37 8
85 961 8 1
85 1504 1 15
85 1516 1 9
86 207 53 13
86 516 51 14
86 533 2 6
86 555 33 15
86 597 2 3
86 900 49 4
87 474 14 2
87 495 19 13
87 675 4 1
87 1446 2 4
88 135 22 8
88 545 4 14
88 567 12 11
88 699 58 7
88 1023 20 7
88 1215 3 3
88 1524 57 6
89 330 50 2
89 536 11 5
89 1012 9 13
89 1415 20 2
90 107 56 13
90 296 2 3
90 489 48 7
90 503 7 1
90 628 45 12
90 1186 36 5
90 1538 14 2
91 295 44 3
91 396 25 15
91 434 30 11
91 695 15 1
91 722 49 7
91 1069 12 3
91 1263 59 11
91 1464 32 4
92 314 38 14
92 807 56 2
92 986 59 10
92 1009 22 6
92 1232 43 5
92 1308 5 12
93 143 41 13
93 161 56 4
93 427 49 15
93 486 53 4
93 605 52 5
93 677 7 1
93 884 48 12
93 994 25 12
93 1103 48 9
93 1260 59 10
94 159 12 1
94 411 13 6
94 1066 4 12
94 1451 14 1
95 234 52 1
95 1130 42 12
95 1156 48 10
96 165 37 9
96 240 45 14
96 952 43 13
96 1047 56 15
96 1514 49 14
96 1554 43 12
97 210 17 11
97 257 58 9
97 403 48 5
97 568 11 10
97 736 45 7
97 978 48 11
98 339 43 3
98 1339 3 13
98 1463 12 12
99 359 41 3
99 557 55 4
99 911 48 9
100 208 5 14
100 260 2 10
100 458 51 11
100 604 51 13
100 984 7 5
100 1360 17 12
100 1468 56 7
100 1490 42 1
101 215 35 8
101 678 4 9
101 828 8 14
101 982 60 14
101 1036 34 6
101 1233 58 10
102 189 9 5
102 301 38 13
102 367 35 3
102 377 56 4
102 528 14 15
102 587 22 7
102 749 25 13
102 756 42 15
102 1463 12 12
102 1515 25 6
103 286 31 3
103 413 56 12
103 482 34 10
103 547 41 9
103 796 38 13
103 1054 25 6
103 1169 6 11
103 1183 38 11
103 1312 8 11
104 192 56 4
104 248 57 10
104 704 59 4
104 748 50 14
104 1078 37 5
104 1120 2 15
104 1306 25 15
104 1422 45 13
104 1479 51 15
104 1484 8 5
104 1543 54 11
105 395 28 7
105 894 10 11
105 1088 60 15
105 1104 43 11
105 1254 34 2
105 1418 5 12
105 1534 45 3
106 169 4 6
106 201 4 13
106 1001 55 1
107 123 26 12
107 424 56 9
107 789 20 10
107 1304 6 12
108 191 29 12
108 233 25 3
108 311 44 3
108 791 28 2
108 887 55 5
108 999 26 2
108 1114 8 9
109 215 15 14
109 236 39 7
109 883 23 2
109 946 16 13
109 958 59 12
109 1097 1 15
109 1159 5 2
110 893 5 14
110 1038 34 14
110 1207 29 11
110 1288 37 12
111 188 19 14
111 1141 48 13
111 1232 10 5
112 164 49 9
112 467 5 11
112 608 20 10
112 783 28 8
112 916 3 14
112 1144 10 11
112 1377 18 8
112 1418 58 2
112 1425 43 12
112 1445 33 2
112 1504 28 2
113 1386 37 4
114 514 53 1
114 1020 44 9
114 1346 15 9
115 396 9 12
115 602 49 6
115 644 21 2
115 1121 44 9
115 1399 60 4
116 150 16 5
116 369 47 11
116 556 36 4
116 1215 24 1
116 1234 37 9
116 1507 44 2
117 242 37 10
117 460 4 5
117 538 27 12
117 679 20 12
117 871 49 3
117 991 8 3
117 1497 40 6
118 137 12 10
118 181 35 1
118 336 13 4
118 436 28 15
118 636 47 11
118 648 58 8
118 973 15 11
118 1329 41 2
119 309 33 14
119 608 36 3
119 762 37 11
119 1111 22 1
119 1506 60 13
120 976 6 13
120 1400 3 6
120 1452 40 8
120 1469 54 7
121 1035 42 5
121 1465 38 7
121 1534 51 5
122 255 6 14
122 467 25 15
122 1075 7 11
122 1113 47 2
122 1291 2 9
123 210 2 4
123 239 52 10
123 258 60 8
123 1523 39 10
124 150 34 2
124 216 32 3
124 400 10 12
124 648 54 15
125 236 18 15
125 581 28 14
125 674 6 9
125 1458 49 2
126 314 41 5
126 1214 7 12
126 1254 30 8
126 1500 50 13
127 141 45 15
127 295 38 12
127 331 37 6
127 1044 53 6
127 1057 49 2
128 512 10 14
128 753 35 11
128 1010 27 9
128 1230 54 9
129 171 40 2
129 172 56 9
129 188 36 3
129 497 25 8
129 509 52 5
129 570 45 8
129 895 40 5
129 1265 54 12
129 1394 24 2
130 365 33 1
130 470 38 14
130 1258 55 8
131 669 44 5
131 952 7 11
131 1197 38 9
131 1493 53 4
131 1547 36 2
132 594 20 3
132 820 38 9
132 822 4 15
132 918 10 14
132 1093 6 13
133 181 5 10
133 303 57 14
133 329 53 6
133 650 44 7
133 1043 19 12
134 266 26 8
134 346 38 3
134 600 12 7
134 971 47 13
134 973 32 11
134 1229 54 14
134 1265 20 14
134 1489 10 2
135 192 36 15
135 208 25 1
135 363 53 2
135 997 16 5
135 1336 60 1
136 193 42 1
136 317 22 10
136 1077 33 12
136 1150 6 9
137 213 20 8
137 433 6 7
137 1237 44 12
137 1499 43 6
138 368 18 8
138 534 41 10
138 745 60 12
138 1039 16 6
138 1059 50 9
138 1189 50 7
138 1412 57 2
139 485 10 8
139 675 4 5
139 699 34 10
139 1001 52 2
139 1211 15 10
139 1270 1 1
139 1448 18 2
140 224 35 1
140 250 51 3
140 570 43 5
140 586 3 15
140 884 54 4
140 991 54 14
140 1456 47 7
141 157 2 7
141 644 58 11
141 798 59 7
141 819 30 15
141 1237 8 4
141 1428 28 14
142 161 4 3
142 397 44 9
142 555 42 15
142 958 32 3
142 965 22 2
142 1162 50 11
142 1292 46 4
143 165 31 3
143 655 30 1
143 675 29 15
143 739 52 15
143 962 55 15
143 1210 58 1
143 1425 41 6
144 306 53 6
144 332 55 10
144 409 57 11
144 536 41 8
144 637 28 9
144 807 17 12
144 1083 9 14
144 1435 45 2
145 317 45 4
145 1047 35 2
145 1086 59 6
146 262 58 6
146 675 59 13
146 1028 4 15
146 1477 20 10
147 644 12 5
147 847 7 12
147 978 23 15
147 1127 49 11
147 1135 46 3
147 1306 46 7
147 1337 56 12
147 1422 5 6
148 903 3 12
148 1430 60 7
148 1455 39 10
148 1483 47 11
149 361 9 12
149 807 55 3
149 1491 24 1
150 389 24 3
150 604 49 3
150 1379 60 2
151 174 54 2
151 828 43 15
151 1011 41 6
151 1124 14 1
151 1420 52 2
152 155 13 1
152 411 38 5
152 940 5 2
152 997 45 3
152 1021 18 6
152 1160 48 7
152 1249 5 4
152 1422 8 4
153 992 13 12
153 1138 39 8
153 1344 51 8
153 1371 28 12
153 1481 9 6
154 465 57 6
154 603 47 2
154 643 57 1
154 752 9 2
154 834 56 8
154 922 47 6
154 1081 49 6
154 1133 15 8
155 232 57 12
155 308 25 10
155 374 58 6
155 421 11 8
155 489 14 14
155 535 11 7
155 540 20 9
155 1138 35 12
155 1509 21 4
156 835 36 8
156 840 35 4
156 1010 46 7
156 1027 11 12
156 1557 25 2
157 272 26 9
157 416 37 1
157 670 33 10
157 1228 34 7
158 186 51 3
158 463 22 12
158 607 21 7
158 942 50 15
158 1061 47 14
159 1182 57 12
159 1437 9 2
160 421 41 10
160 443 14 10
160 962 38 1
160 1380 51 15
161 245 40 13
161 448 25 1
161 604 35 11
161 674 24 4
161 1064 43 15
161 1379 25 3
162 193 20 8
162 214 57 12
162 288 12 15
162 618 1 6
162 1539 20 11
163 265 15 5
163 268 59 2
163 1289 18 11
163 1366 17 1
164 181 44 1
164 345 14 13
164 1205 28 12
164 1420 2 15
165 366 50 13
165 1290 10 15
165 1356 56 1
166 429 35 13
166 516 16 8
166 531 59 3
166 680 39 11
166 1138 43 10
166 1160 43 7
166 1443 28 3
167 319 3 8
167 446 7 12
167 488 60 3
168 170 37 12
168 379 17 13
168 952 20 6
168 1168 10 3
168 1304 24 10
169 746 2 15
170 194 8 7
170 525 43 3
170 784 55 11
170 971 34 14
170 1355 47 5
171 217 31 11
171 354 17 13
171 378 37 4
171 734 35 10
171 999 4 2
171 1534 16 8
172 176 9 15
172 183 40 5
172 642 28 15
172 942 15 9
172 1148 17 6
172 1331 1 13
172 1479 60 10
173 238 6 15
173 289 42 3
173 609 2 15
173 645 21 11
173 649 20 8
173 734 29 10
173 822 33 8
173 983 41 3
173 1040 13 12
173 1143 43 9
173 1171 45 3
174 239 45 15
174 327 37 3
174 388 11 3
174 659 49 9
174 1395 34 8
175 496 40 11
175 531 8 4
175 621 19 5
175 700 32 7
175 762 40 13
175 781 35 9
176 252 55 9
176 263 27 10
176 524 14 8
176 1184 5 8
176 1231 24 11
176 1414 21 2
176 1533 3 9
177 395 56 13
177 681 41 4
177 1328 29 6
177 1481 38 1
178 354 43 12
178 521 26 10
178 809 32 1
178 989 49 3
178 1277 56 10
178 1317 31 15
178 1440 14 12
179 437 6 15
179 548 22 2
179 1098 51 3
179 1364 33 6
179 1446 42 9
179 1449 28 2
180 237 45 8
180 369 4 5
180 448 1 10
180 521 9 14
180 622 36 1
180 1009 34 5
180 1256 7 8
181 372 43 8
181 472 10 7
181 868 52 7
181 875 60 9
181 1234 21 7
181 1337 17 10
181 1364 12 10
181 1509 23 12
181 1551 42 13
182 637 48 9
182 1062 12 13
182 1160 53 3
182 1374 37 14
182 1539 51 13
183 236 53 8
183 348 42 14
183 406 49 10
183 531 50 9
183 833 9 12
183 1038 43 11
183 1147 57 5
184 211 29 9
184 274 42 1
184 301 32 11
184 472 49 3
184 738 5 2
184 776 21 5
184 1361 47 13
185 613 24 15
185 770 5 8
185 897 45 3
185 1133 23 4
185 1163 41 8
185 1467 37 9
186 217 5 4
186 225 16 5
186 493 48 4
186 535 11 13
186 634 19 13
186 674 42 8
186 954 2 13
186 1466 43 5
187 726 33 1
187 1376 38 5
187 1479 53 11
188 338 57 9
188 348 25 2
188 471 51 13
188 1371 55 12
189 352 13 11
190 860 16 8
190 949 34 12
190 1447 27 5
190 1536 4 9
191 256 44 5
191 488 29 14
191 761 43 9
191 896 19 7
191 1533 55 7
192 380 20 1
192 384 30 3
192 703 5 15
192 1128 32 4
192 1269 13 3
192 1459 42 6
192 1468 32 2
193 230 31 3
193 940 29 4
193 1009 52 8
193 1026 37 6
193 1336 37 14
193 1408 4 9
194 997 45 8
194 1292 2 6
195 208 38 14
195 282 2 4
195 353 35 1
195 486 56 13
195 609 4 14
195 813 7 15
195 1083 60 7
195 1341 24 5
195 1414 28 15
195 1440 24 6
196 493 48 11
196 1151 53 1
196 1267 24 6
196 1324 4 3
196 1376 6 8
196 1463 58 9
197 209 46 10
197 535 49 15
197 776 39 8
197 916 16 4
197 1232 53 5
198 304 15 12
198 656 1 4
198 899 2 6
198 1084 3 7
198 1427 5 11
199 287 26 5
199 368 8 4
199 709 20 4
199 919 41 13
199 1193 9 1
199 1302 32 5
199 1305 11 5
199 1381 25 7
199 1423 14 13
199 1428 37 5
200 1227 29 14
200 1459 46 7
201 860 42 1
201 986 50 5
201 1040 51 10
201 1248 57 3
201 1401 32 6
201 1427 25 2
201 1530 54 5
202 260 41 14
202 306 1 3
202 646 32 13
202 866 17 9
202 1008 8 14
202 1131 8 3
202 1266 55 10
203 473 46 11
203 481 41 5
203 596 19 9
203 852 51 5
203 962 51 15
203 1016 49 4
203 1173 33 8
203 1476 45 4
204 319 48 13
204 547 49 5
204 580 30 12
204 1175 33 14
204 1482 54 13
205 222 48 14
205 327 51 2
205 390 18 8
205 796 43 14
205 826 47 12
205 838 31 3
205 1021 27 2
205 1187 49 11
205 1289 20 11
205 1380 30 14
206 304 47 12
206 808 57 8
206 907 11 9
206 1360 30 11
206 1476 23 7
206 1478 9 10
207 516 6 13
207 1060 24 5
207 1197 39 10
208 486 22 6
208 871 42 10
208 883 38 3
208 1348 24 13
208 1365 34 9
208 1408 11 1
209 632 25 11
209 646 32 7
209 1281 56 8
210 240 24 3
210 247 1 5
210 301 50 4
210 638 60 14
210 1175 54 11
210 1344 36 4
211 296 57 4
211 440 44 5
211 486 4 4
211 553 14 12
211 1009 9 6
211 1013 36 15
211 1017 10 2
211 1320 34 9
211 1411 43 2
211 1424 7 3
211 1487 36 14
212 502 48 13
212 591 38 10
212 766 5 5
212 857 52 4
212 896 52 1
212 919 13 2
212 925 10 15
212 1154 1 8
212 1227 6 12
212 1447 5 9
212 1481 29 1
213 236 28 15
213 354 24 13
213 1228 4 12
213 1295 6 1
213 1474 15 5
214 270 47 11
214 359 8 4
214 440 6 8
214 452 24 10
214 769 32 11
214 1082 40 9
214 1095 40 12
214 1117 5 12
214 1491 43 10
214 1535 35 8
215 327 25 12
215 598 20 8
215 801 60 8
215 1035 52 3
215 1244 35 1
216 633 23 7
216 996 14 11
217 330 48 5
217 502 48 8
217 1220 19 1
218 350 60 6
218 360 18 6
218 599 7 10
218 906 38 5
219 638 18 6
219 714 16 5
219 729 8 5
219 745 51 10
219 983 45 10
219 1028 50 10
219 1194 37 5
219 1399 58 15
220 570 3 4
220 702 20 9
220 895 59 9
221 254 37 9
221 886 10 10
221 977 13 11
221 1087 30 6
221 1455 26 12
221 1504 51 2
222 367 21 11
222 611 2 11
222 718 47 8
222 721 27 12
222 958 36 7
222 1027 34 5
222 1036 49 6
222 1198 10 15
222 1511 57 1
223 454 31 11
223 531 37 15
223 626 27 14
223 957 8 3
224 282 7 2
224 315 31 5
224 461 24 4
224 854 47 9
224 865 58 15
224 1211 50 3
224 1360 52 11
225 301 41 11
225 440 23 4
225 820 10 11
225 1040 49 7
225 1400 54 12
226 486 14 10
226 727 19 7
226 977 58 6
226 993 33 10
226 1120 50 15
226 1161 12 15
226 1404 38 11
227 721 16 2
227 865 3 7
227 1045 23 9
227 1125 57 8
227 1179 29 4
227 1234 18 2
227 1264 45 4
227 1412 5 13
227 1450 26 9
227 1543 23 4
228 525 30 4
228 925 42 3
228 1184 21 13
229 363 33 15
229 675 11 15
230 278 10 3
230 281 31 9
230 472 17 14
230 1235 41 9
230 1334 58 6
230 1494 8 15
231 558 13 13
231 610 25 10
231 631 59 5
231 977 17 9
232 311 24 11
232 672 42 7
232 828 25 4
232 1300 49 3
232 1328 36 14
232 1440 26 13
232 1449 31 11
233 436 53 6
233 702 50 2
233 1318 43 15
233 1513 17 6
234 239 51 11
234 585 10 14
234 1038 4 3
234 1054 45 1
234 1065 32 3
234 1066 29 14
234 1071 25 8
234 1552 14 7
235 443 58 10
235 877 11 14
236 312 34 14
236 790 46 1
236 1360 37 9
237 1085 16 13
237 1430 29 13
238 247 25 2
238 607 16 9
238 647 57 11
238 659 38 3
238 721 10 4
238 1071 21 8
238 1157 24 5
239 272 49 6
239 367 34 11
239 607 8 3
239 620 26 10
239 851 39 15
239 1101 8 4
239 1391 16 11
240 448 3 3
240 513 33 7
240 876 6 2
240 1191 3 10
240 1218 35 12
240 1222 35 3
240 1515 45 2
241 316 33 14
241 504 11 14
241 756 58 8
241 843 34 6
242 275 38 11
242 968 6 7
242 1039 50 8
243 627 44 12
243 1017 12 10
243 1134 25 4
243 1148 54 2
243 1476 31 5
244 824 4 2
244 896 29 12
244 1303 33 3
245 419 37 8
245 437 38 7
245 1067 41 9
245 1090 28 8
246 371 18 11
246 451 42 12
246 1331 12 8
247 774 35 8
247 976 52 15
247 1511 38 14
248 459 55 6
248 541 43 1
248 1165 19 12
248 1484 43 5
248 1543 18 15
249 946 60 14
249 1283 58 7
249 1335 32 12
250 263 58 13
250 420 10 11
250 453 12 11
250 1485 20 4
250 1512 14 9
251 400 54 8
251 839 3 2
251 1023 25 12
251 1473 31 14
252 335 44 14
252 660 12 5
252 851 6 13
252 934 53 10
252 1099 54 4
252 1191 12 2
252 1295 28 5
252 1504 4 12
252 1531 40 8
253 464 54 6
253 954 5 5
253 1273 10 4
253 1395 56 14
254 311 10 15
254 983 41 15
254 1281 34 15
254 1534 24 13
255 489 17 1
255 716 27 7
255 740 49 10
255 1413 49 12
255 1527 36 2
256 451 49 9
256 534 22 6
256 585 28 12
256 596 54 5
256 602 58 5
256 1452 42 3
257 341 50 9
257 478 37 7
257 901 34 2
257 1006 10 13
257 1090 28 9
257 1128 55 14
257 1165 4 2
257 1252 1 7
257 1469 39 5
258 429 34 4
258 714 1 5
258 772 2 10
258 921 36 7
258 1449 37 7
259 1141 45 6
259 1214 42 15
260 327 32 6
260 351 48 4
260 829 59 14
260 1318 16 9
261 486 27 9
261 531 57 3
261 736 40 9
261 748 32 6
261 1100 52 7
261 1114 5 9
261 1287 51 6
261 1534 44 10
262 268 22 15
262 344 21 4
262 1105 54 4
262 1411 19 13
263 360 5 11
263 388 59 9
263 568 1 3
263 655 25 14
263 885 56 3
263 1517 54 5
264 345 54 7
264 464 15 3
264 593 1 1
264 741 44 1
264 1058 45 9
264 1158 33 4
264 1555 60 14
265 640 44 7
265 930 39 9
265 1498 35 10
266 303 7 2
266 390 13 2
266 517 25 14
266 606 27 3
266 1087 20 15
266 1421 29 12
267 436 2 4
267 1000 24 9
268 290 47 10
268 1185 25 15
268 1437 12 12
269 483 44 9
269 500 43 5
269 776 24 4
269 843 13 5
269 1138 25 12
269 1283 54 8
270 596 50 10
270 919 44 11
270 1113 60 5
270 1115 45 1
270 1336 43 3
270 1417 19 10
271 654 9 5
271 988 29 2
271 1105 33 8
271 1220 18 8
272 378 46 13
272 799 35 5
272 840 4 4
272 1293 47 1
273 310 56 2
273 1493 16 11
274 553 38 14
274 557 14 10
274 835 12 5
274 1243 32 3
274 1490 53 12
275 307 37 7
275 1043 12 14
275 1160 47 5
275 1282 31 13
276 364 48 12
276 657 58 8
276 681 4 1
276 1126 14 10
277 391 7 10
277 406 43 13
277 491 19 12
277 946 7 8
277 1039 27 9
277 1233 51 15
277 1394 15 4
278 286 12 10
278 298 25 3
278 452 28 2
279 559 48 11
280 439 15 6
280 579 58 6
280 980 49 11
280 981 1 1
280 1083 59 15
280 1146 15 12
280 1208 9 1
280 1219 34 13
280 1305 27 5
280 1448 30 13
281 690 12 1
281 817 35 13
281 1064 41 5
281 1098 44 6
281 1397 42 13
281 1468 6 13
282 365 13 2
282 560 26 11
282 587 19 9
282 639 47 8
282 811 23 13
282 911 22 11
282 1067 12 3
282 1123 38 8
282 1448 26 9
283 318 7 12
283 349 12 6
283 671 30 4
283 767 35 8
283 794 38 14
283 1208 17 1
283 1218 60 6
283 1328 7 3
283 1345 3 13
283 1435 38 2
284 638 41 2
284 661 12 10
284 925 48 13
284 1243 23 3
285 646 57 10
285 988 58 6
285 1377 10 10
286 1031 8 9
286 1162 43 2
287 385 18 10
287 697 21 6
287 771 18 14
287 1140 27 7
287 1350 51 11
288 848 11 12
288 902 50 14
288 1285 8 13
289 303 31 14
289 344 15 7
289 424 13 4
289 431 8 7
289 702 31 8
289 1052 2 11
289 1458 28 6
289 1486 35 11
290 565 7 14
290 911 11 15
290 915 50 9
290 1143 18 10
291 367 59 2
291 654 16 11
291 809 38 9
291 969 11 1
291 1031 50 3
291 1342 57 10
292 374 42 14
292 382 19 1
292 625 47 15
292 943 18 11
292 980 40 8
292 1295 60 5
292 1501 51 12
293 407 42 6
293 425 50 5
293 554 21 2
293 764 20 14
293 921 12 5
293 957 60 8
293 1077 41 14
293 1080 24 10
293 1270 26 1
293 1414 26 1
294 586 8 11
294 847 60 4
295 1084 56 6
295 1160 49 15
295 1232 17 4
295 1421 28 15
296 670 60 8
296 687 40 14
297 878 15 15
297 951 43 1
297 1351 16 11
297 1396 58 2
298 683 11 3
298 1034 7 3
299 477 8 6
299 490 51 3
299 569 15 3
299 1494 38 8
299 1495 39 6
300 483 36 10
300 557 2 8
300 1357 8 7
301 592 49 11
301 593 19 12
301 768 28 13
301 793 5 13
301 1016 19 15
301 1209 3 12
302 323 41 14
302 375 60 8
302 912 13 5
302 1198 5 5
302 1213 46 10
302 1297 38 2
302 1369 30 2
303 591 55 12
303 641 46 4
303 686 54 8
303 939 20 14
303 1418 31 14
303 1544 55 6
304 614 47 10
304 733 27 13
304 771 56 5
304 774 55 5
304 1292 31 15
304 1435 45 1
305 434 34 9
305 563 60 13
305 870 53 6
305 1004 1 8
305 1138 13 12
305 1179 49 9
306 653 60 1
306 684 16 14
307 1354 44 6
308 649 23 14
309 1080 54 12
309 1542 25 14
310 800 24 5
310 1394 54 8
311 456 29 11
311 554 7 14
311 580 48 3
311 632 24 5
311 905 44 7
311 956 50 4
311 1314 42 15
311 1384 59 9
312 485 23 1
312 835 37 3
312 888 12 14
312 1237 43 3
313 1434 4 6
314 677 53 15
314 1014 24 12
314 1345 29 14
314 1349 39 15
314 1373 6 9
315 538 26 14
315 644 36 8
315 863 29 11
315 866 45 15
315 902 21 9
315 907 37 10
315 1138 39 5
316 1079 8 2
316 1217 9 8
316 1512 18 8
317 765 4 8
317 907 22 2
317 1027 36 7
317 1042 22 2
317 1114 53 11
317 1291 11 10
317 1348 24 6
318 346 7 3
318 484 51 15
318 1015 14 3
318 1135 55 3
318 1318 41 13
318 1333 7 4
318 1338 28 5
318 1507 22 4
319 349 18 15
319 848 3 6
319 1068 18 13
319 1206 15 12
319 1280 1 14
319 1341 12 12
319 1397 24 14
320 321 8 3
320 371 47 12
320 654 31 15
320 749 26 7
320 945 10 10
320 1033 34 14
321 380 13 5
321 727 54 14
321 784 13 8
322 1059 2 12
322 1118 1 10
323 454 44 9
323 741 50 3
323 802 37 11
323 819 13 6
323 1249 57 14
324 546 18 11
324 714 11 7
324 936 19 12
324 1060 20 5
324 1077 44 15
325 563 56 6
325 1418 53 13
325 1424 55 8
326 548 24 15
326 815 1 15
326 914 56 10
326 968 43 9
326 1196 48 7
327 330 54 1
327 714 27 5
327 1263 4 14
327 1451 58 9
328 859 44 15
328 924 11 8
328 1121 18 6
328 1157 10 15
328 1330 36 14
329 393 25 12
329 599 53 6
329 603 39 13
329 994 52 11
329 1018 45 6
329 1103 2 1
329 1149 46 4
330 397 41 1
331 359 6 8
331 632 38 7
331 662 48 15
331 809 34 2
331 1298 52 15
331 1347 4 2
332 635 60 1
332 720 33 2
332 917 22 10
332 1058 1 8
332 1383 45 8
333 336 10 12
333 453 12 8
333 590 43 3
333 1358 6 3
333 1462 51 12
333 1486 14 10
334 564 16 7
334 852 3 11
334 1337 37 8
334 1510 10 8
335 734 25 4
335 1174 29 1
335 1452 15 14
335 1468 10 6
336 735 8 7
336 993 52 13
336 1035 32 9
336 1247 53 5
337 461 58 4
337 462 45 4
337 486 44 12
337 487 33 1
337 613 35 12
337 722 14 1
337 1199 30 9
337 1260 35 1
337 1366 35 10
337 1483 40 10
338 579 30 4
338 638 11 12
338 841 21 3
338 1099 2 13
339 578 18 13
339 766 30 3
339 952 1 15
339 953 10 8
340 545 18 11
341 505 2 1
341 1082 13 12
341 1118 4 3
341 1149 4 10
341 1211 37 8
342 1218 8 6
342 1254 11 14
342 1391 55 10
343 374 31 6
343 498 49 4
343 583 7 15
343 747 33 1
343 1139 2 3
343 1260 37 12
343 1427 21 10
343 1437 39 8
343 1552 34 1
344 485 56 6
344 493 15 10
344 743 46 3
344 1413 17 15
344 1514 35 9
345 943 42 11
345 980 26 8
345 1276 25 9
346 610 31 2
346 620 59 4
346 633 39 7
346 1339 26 7
346 1393 53 9
346 1409 34 8
347 992 25 13
347 1302 16 5
347 1511 26 10
348 357 20 7
348 415 41 3
348 684 7 4
348 1004 14 10
348 1156 39 10
348 1186 16 10
349 585 29 4
349 628 49 9
349 646 5 11
349 888 10 14
349 900 15 6
349 936 52 9
349 1208 29 1
349 1525 14 14
350 955 33 1
350 975 7 10
350 1343 36 7
351 545 31 13
351 1137 21 13
351 1314 40 15
351 1415 46 15
352 811 34 5
352 912 27 6
352 944 40 15
352 1245 51 15
352 1469 50 13
353 579 42 4
353 596 48 1
353 659 9 2
353 690 47 6
354 420 21 10
354 433 50 2
354 558 37 10
354 637 57 13
354 725 16 9
354 748 40 8
354 1489 53 14
355 448 19 12
355 531 4 10
355 657 54 15
355 712 45 14
355 838 48 1
355 879 25 15
355 1249 6 6
356 495 18 1
356 552 15 12
356 652 2 11
356 909 59 4
356 1323 51 7
356 1463 24 3
357 772 24 1
357 774 38 2
357 938 37 1
357 1187 25 2
357 1289 16 11
357 1307 5 1
357 1464 44 7
358 452 13 14
358 792 37 2
358 996 1 8
358 1022 23 14
358 1080 17 7
358 1143 10 13
358 1490 1 10
359 852 1 12
359 898 35 6
359 1004 1 13
359 1065 22 9
359 1307 50 3
359 1324 59 9
360 508 39 10
360 1324 3 7
360 1512 40 2
361 1096 14 7
361 1305 6 5
362 710 46 15
362 1056 4 5
363 462 4 12
363 578 10 1
363 635 22 6
363 827 53 4
363 1205 57 15
363 1386 27 9
364 383 25 14
364 774 58 4
364 999 36 14
364 1183 55 6
365 1117 16 15
365 1504 8 14
366 456 39 5
366 678 58 7
366 1049 51 10
366 1426 53 1
367 414 17 2
367 637 18 12
367 903 49 7
367 981 44 3
367 990 8 5
368 689 30 14
368 731 41 4
368 1260 24 10
368 1283 54 12
369 425 49 4
369 529 16 4
369 784 45 15
369 1010 33 13
369 1348 12 4
370 1115 29 4
370 1202 37 14
370 1300 29 12
370 1320 14 10
370 1418 14 9
370 1463 33 9
370 1529 27 12
371 767 31 14
371 842 22 9
371 901 26 14
371 1333 49 4
371 1396 24 11
371 1481 13 2
371 1496 14 2
371 1538 46 8
371 1539 57 15
372 479 52 12
372 1437 32 13
372 1459 29 8
372 1499 25 14
373 456 28 15
373 460 35 13
373 660 36 13
373 695 1 5
373 1199 56 12
373 1555 2 6
374 447 22 4
374 1236 38 11
374 1504 7 1
375 501 52 14
375 611 9 6
375 845 11 15
375 941 22 4
376 403 53 8
376 955 36 2
376 1040 13 14
376 1285 54 11
377 591 27 6
377 634 41 15
377 659 1 7
377 701 45 13
378 582 35 4
378 722 48 13
378 1184 4 2
379 952 53 8
379 1091 41 5
379 1305 35 9
379 1348 4 8
380 811 45 4
380 1026 30 11
380 1555 41 9
381 490 36 9
381 794 8 12
381 1491 33 8
382 609 42 14
382 610 17 9
382 627 7 15
382 782 12 14
382 835 5 1
382 912 24 14
382 1307 27 3
382 1443 16 11
383 1201 15 8
383 1454 46 11
384 388 6 12
384 434 43 10
384 780 25 9
384 863 57 6
384 1077 26 12
384 1141 6 2
384 1315 7 4
385 1360 10 2
385 1514 44 12
386 790 15 11
386 799 50 9
386 993 29 15
386 994 17 10
386 1168 38 11
386 1345 20 5
386 1472 3 9
387 716 30 8
387 1046 17 3
387 1288 30 5
387 1352 14 5
388 395 46 7
388 556 21 7
388 888 49 7
388 1038 45 14
389 453 49 7
389 663 22 12
389 849 60 10
389 980 40 1
390 621 36 7
390 949 52 8
390 1110 56 2
391 735 2 1
391 1271 37 1
391 1358 21 13
392 496 17 10
392 662 25 3
392 834 23 2
392 1377 18 1
392 1491 59 5
392 1537 35 2
392 1561 21 12
393 456 32 15
393 567 46 8
393 866 20 6
393 1033 3 7
393 1397 47 1
393 1519 37 2
394 686 53 6
394 708 7 8
394 742 7 14
394 1003 4 9
394 1044 59 4
394 1075 23 8
394 1259 12 1
394 1488 26 5
394 1526 3 4
395 667 13 10
395 790 51 14
395 1354 9 7
396 1017 24 11
396 1543 26 15
397 990 51 7
397 1018 38 2
397 1085 34 11
397 1109 15 4
397 1438 58 7
397 1522 45 5
398 495 1 10
398 1410 31 7
399 618 7 13
399 675 9 12
399 953 22 10
399 1197 39 14
400 609 49 9
400 797 39 8
401 952 32 6
401 1131 14 1
402 607 48 11
402 945 11 2
402 951 42 9
402 1137 31 5
402 1195 41 9
403 414 13 14
403 625 54 12
403 950 1 13
403 1371 46 13
404 1299 2 5
405 800 19 6
405 1133 28 3
405 1211 2 4
406 505 49 12
406 548 19 3
406 853 3 11
406 960 19 11
406 962 56 13
406 1054 24 14
406 1382 43 15
406 1487 7 7
407 591 41 10
407 992 51 7
407 1171 45 1
407 1458 42 2
408 469 6 8
408 676 1 9
408 1018 52 11
408 1168 54 4
408 1374 60 3
408 1444 11 12
409 628 11 9
409 744 52 10
409 934 15 10
409 1052 60 2
409 1344 34 12
409 1398 52 1
409 1543 47 2
410 422 53 4
410 682 24 11
410 871 52 4
410 1051 47 9
410 1447 36 7
411 441 51 10
411 674 45 10
411 703 56 12
411 1036 57 10
411 1197 11 10
412 836 3 13
412 893 22 1
412 1431 52 10
412 1549 9 12
413 528 51 3
413 928 33 2
413 1365 25 13
413 1501 50 2
414 489 11 10
414 574 1 7
414 776 52 5
414 941 51 6
414 1101 26 8
414 1522 29 11
415 471 13 15
415 1062 58 5
415 1503 44 10
416 464 29 14
416 992 32 14
416 1154 47 15
417 759 26 12
417 836 35 8
417 880 25 1
417 904 6 3
417 1031 18 15
417 1191 14 4
417 1252 8 3
417 1520 19 5
418 703 29 13
418 918 6 1
418 1470 16 14
419 530 9 5
419 925 38 12
419 1020 20 1
420 631 40 10
420 943 28 8
420 1094 57 7
420 1187 3 10
420 1394 50 7
421 474 37 3
421 704 19 9
421 798 27 10
421 1038 56 4
421 1404 1 8
422 1060 23 10
423 613 52 15
423 890 53 1
423 1015 34 10
423 1057 47 10
423 1173 51 13
424 1232 14 13
424 1294 53 2
424 1360 32 7
424 1473 9 6
424 1503 27 14
425 528 32 4
425 729 15 5
425 1065 52 14
425 1124 23 10
426 481 44 11
426 619 60 15
426 971 36 13
426 1246 49 15
427 442 58 6
427 821 28 7
427 1262 23 7
427 1432 29 1
428 452 24 12
428 492 56 3
428 1137 22 7
429 766 34 4
429 1378 4 12
430 443 29 11
430 522 8 11
430 553 48 1
430 1372 59 8
430 1451 25 8
431 738 45 15
431 1323 18 14
431 1542 53 9
432 665 12 11
432 810 58 11
432 820 48 4
432 1111 18 11
432 1327 14 5
432 1344 3 15
432 1370 38 15
432 1393 44 12
433 630 11 9
433 1021 24 5
433 1165 50 5
433 1244 41 2
434 533 23 7
434 666 11 3
434 958 28 4
434 1155 44 10
434 1358 22 6
434 1390 34 7
436 867 60 15
436 1056 54 2
436 1077 18 11
436 1425 40 13
436 1528 56 3
437 556 14 14
437 962 38 6
437 1298 22 5
437 1496 16 7
438 494 30 10
438 586 12 5
438 634 20 3
438 697 6 9
438 873 48 13
438 949 31 4
438 1100 56 4
438 1321 27 6
438 1337 54 14
438 1414 4 6
439 615 19 4
439 886 16 1
439 920 33 11
439 1079 44 9
439 1330 4 5
440 558 46 5
440 599 42 14
440 633 36 15
440 689 58 15
441 444 26 8
441 451 44 7
441 568 36 10
442 780 58 14
442 1076 4 5
442 1081 21 6
442 1252 59 9
443 529 14 5
443 577 42 1
443 712 39 13
443 1245 24 6
443 1448 4 14
444 465 21 14
444 1015 11 3
444 1222 27 5
444 1408 2 1
444 1412 47 8
444 1437 18 2
444 1465 34 13
445 576 33 7
445 695 36 10
445 699 6 1
445 1358 47 8
445 1365 51 9
445 1551 56 3
446 550 17 8
446 996 37 15
446 1155 21 1
446 1190 13 4
446 1211 55 7
446 1323 20 12
446 1339 51 7
447 505 54 8
447 559 17 6
447 567 39 14
447 874 46 7
447 1528 47 13
447 1531 47 4
448 524 45 12
448 652 11 11
448 683 22 13
448 756 47 13
448 882 11 9
448 962 60 11
448 1009 13 11
448 1061 5 7
448 1471 30 14
449 633 40 5
449 864 11 14
449 918 33 3
449 1224 47 11
449 1282 16 10
449 1323 53 2
449 1393 57 7
449 1522 8 9
450 487 20 1
450 1224 6 1
450 1422 53 13
451 582 46 5
451 593 41 1
451 617 42 3
451 653 36 4
451 779 3 11
451 1460 42 4
452 1539 25 10
453 511 36 14
453 798 22 15
453 854 57 14
453 934 24 8
453 1016 8 15
453 1095 57 2
453 1187 20 2
453 1340 58 1
454 1067 48 5
454 1139 51 12
454 1423 11 10
455 874 51 7
455 904 51 5
455 1128 5 15
455 1183 48 7
456 1064 49 12
457 747 12 6
457 806 53 6
457 1055 41 7
457 1187 55 11
457 1313 59 8
458 621 53 11
458 1000 54 10
458 1182 22 15
458 1200 27 14
459 484 33 8
459 868 46 10
459 1283 37 13
460 561 24 9
460 1051 44 6
460 1458 23 9
460 1471 20 15
461 467 36 12
461 509 3 7
461 841 23 12
461 1078 3 2
461 1094 4 11
461 1377 57 13
461 1394 35 5
461 1443 36 10
462 817 46 12
462 901 48 15
462 1211 40 8
463 555 28 4
463 908 38 1
463 1242 57 14
463 1398 31 1
463 1408 60 11
463 1473 44 12
463 1510 60 15
463 1515 21 3
464 644 24 13
464 845 6 11
464 1067 57 3
464 1073 40 12
464 1270 32 7
464 1290 3 12
464 1428 9 15
465 611 2 2
465 644 6 8
466 1446 49 8
467 882 46 11
467 925 28 14
467 1057 32 3
467 1442 22 9
468 569 40 14
468 742 38 11
468 749 52 8
468 936 30 11
468 1067 30 11
469 845 11 13
469 976 24 2
469 1221 21 1
469 1549 43 14
470 656 25 7
470 670 27 12
470 818 13 12
470 1394 2 2
470 1543 21 13
471 797 10 9
471 999 56 2
471 1066 22 3
471 1088 60 5
472 635 21 9
472 723 35 6
472 901 39 12
472 1045 55 9
472 1143 49 1
472 1272 31 12
472 1334 46 2
473 545 33 10
473 731 53 8
473 987 10 1
473 1041 50 13
473 1291 32 12
473 1441 9 9
473 1527 26 7
474 924 6 6
474 1207 35 5
474 1227 48 15
475 513 33 10
475 601 14 15
475 752 9 1
475 1334 15 10
475 1451 13 12
476 692 56 10
476 920 53 1
476 1463 37 14
476 1509 31 7
477 504 37 15
477 674 58 1
477 796 1 12
477 1347 28 10
477 1500 5 5
478 751 26 10
478 762 11 5
478 883 45 9
478 971 32 11
478 1216 49 3
478 1374 35 5
478 1486 28 9
479 801 54 9
479 914 33 12
479 1435 7 15
480 1087 47 9
481 600 18 12
481 925 19 8
481 971 13 13
481 1410 41 15
481 1431 22 14
482 1416 1 13
483 643 37 2
483 710 45 9
483 958 20 14
483 1006 43 14
484 572 39 15
484 1044 16 3
484 1093 15 10
484 1302 20 2
484 1522 31 9
484 1542 12 12
485 879 44 5
485 1104 4 3
485 1384 46 7
486 525 30 9
486 863 7 2
486 1072 2 11
486 1441 50 13
487 512 51 5
487 542 11 9
487 817 3 14
487 1355 45 3
487 1431 54 10
488 527 5 12
488 643 36 8
488 1540 28 3
489 834 59 6
489 1351 58 15
490 1449 50 4
490 1497 17 7
491 650 15 8
491 1171 51 11
491 1466 50 12
492 621 53 14
492 1011 51 14
492 1174 55 12
493 876 20 8
494 774 25 2
494 1192 53 1
494 1243 32 13
494 1530 20 14
495 501 45 8
495 790 9 8
495 901 30 11
495 1228 53 4
496 512 36 15
496 1012 48 4
496 1124 5 6
496 1309 39 2
496 1547 46 11
497 685 1 2
497 714 7 2
497 905 11 10
497 1071 8 6
497 1108 6 1
497 1322 20 8
497 1523 9 12
498 611 3 2
498 637 60 9
498 699 40 2
498 1012 12 6
499 844 29 6
499 890 36 13
499 1236 3 15
499 1278 41 9
499 1414 44 5
500 503 9 8
500 611 46 10
500 808 10 10
500 917 35 4
500 1253 32 8
500 1366 25 2
500 1400 21 8
500 1433 59 7
501 973 51 10
501 1117 36 7
501 1148 3 3
502 559 23 1
502 1038 10 5
502 1166 16 7
502 1224 26 4
502 1225 49 11
503 1498 1 5
504 897 50 12
505 561 43 15
505 678 15 12
505 1361 36 4
506 583 10 14
506 656 36 10
506 777 49 10
506 1032 50 4
506 1215 31 11
507 612 8 12
507 854 39 8
507 1167 2 13
507 1561 2 9
508 599 31 9
508 651 19 14
508 1262 16 8
508 1453 3 1
509 534 51 1
509 636 58 13
509 801 31 1
509 903 38 15
509 1080 48 2
509 1102 6 6
509 1296 5 4
510 516 11 2
510 756 16 14
510 815 58 5
510 1220 5 13
511 679 24 7
511 1246 53 2
512 661 47 10
512 756 25 4
512 869 39 12
512 990 27 6
512 1494 8 6
513 1191 25 15
514 888 5 2
514 1249 1 6
515 557 19 9
515 626 20 4
515 657 43 9
515 811 46 10
515 1217 18 6
515 1286 27 2
515 1400 49 2
515 1457 15 5
515 1549 16 15
516 579 55 8
516 910 7 1
516 935 42 3
516 1001 40 2
516 1272 21 5
516 1366 10 11
516 1391 5 2
517 922 6 11
517 953 26 1
518 952 5 15
518 1013 30 14
518 1019 49 9
519 1007 59 10
519 1266 19 14
519 1399 15 3
520 537 1 7
520 765 5 4
520 998 4 6
520 1097 58 13
521 756 32 7
521 894 48 5
522 626 19 3
522 753 1 11
522 795 7 3
522 811 55 9
522 1224 53 1
523 914 40 1
523 1247 15 7
524 815 47 13
524 984 8 3
524 1108 24 12
524 1122 23 3
524 1267 2 15
524 1466 8 3
524 1550 17 10
525 527 3 9
525 846 16 8
525 1052 47 6
525 1299 11 3
525 1306 1 1
525 1452 48 11
526 671 31 11
526 1426 25 2
527 588 55 6
527 640 19 6
527 687 25 7
527 716 22 8
527 847 24 14
527 1125 60 10
528 552 23 4
528 613 30 6
528 682 31 12
528 1010 28 10
528 1112 32 12
529 1085 38 6
529 1157 2 1
529 1188 18 7
529 1315 15 7
530 991 37 14
530 1345 35 4
531 751 10 14
531 786 22 15
531 1141 51 5
531 1431 3 8
531 1468 16 9
531 1560 60 4
532 864 41 13
532 966 12 6
533 573 8 3
533 1116 43 2
533 1188 33 2
533 1249 19 6
534 637 7 8
534 1536 22 7
535 542 10 2
535 550 60 9
535 628 60 6
535 825 46 8
535 1028 3 11
535 1504 39 8
536 752 32 2
536 813 28 3
536 1037 18 6
537 584 8 11
537 763 53 15
537 1015 43 11
537 1289 36 12
537 1434 52 3
537 1451 57 13
538 955 30 7
538 1127 10 10
538 1470 19 5
538 1554 56 15
539 1262 18 7
540 648 10 3
540 835 19 2
540 900 46 12
540 948 18 3
540 1207 19 14
541 1068 51 15
541 1287 25 5
541 1316 31 11
542 629 56 15
542 746 21 11
542 1255 24 6
542 1359 23 2
542 1540 3 6
543 565 57 8
543 1086 28 14
543 1209 57 11
543 1262 17 10
543 1409 4 13
544 1240 2 6
544 1259 15 15
545 811 25 1
545 1424 6 5
546 677 18 13
546 837 1 8
546 871 4 4
546 1100 25 6
546 1341 20 4
546 1466 30 14
546 1507 52 6
547 565 32 15
547 606 14 1
547 881 56 10
548 634 20 6
548 889 55 6
548 936 52 1
548 985 4 10
548 1187 54 8
548 1451 43 12
548 1493 57 13
549 1542 51 6
550 953 34 12
550 1309 42 4
551 587 43 3
551 656 17 10
551 1281 33 5
551 1385 8 10
552 802 26 10
552 857 2 3
552 897 15 12
552 927 51 14
552 1030 51 15
552 1181 57 5
553 664 16 13
553 1335 22 12
553 1340 14 15
553 1376 54 8
553 1455 34 11
554 1192 52 14
556 588 47 15
557 559 43 4
557 580 6 3
557 1089 3 12
557 1315 58 8
557 1509 29 3
558 602 5 3
558 973 16 1
558 1286 5 11
559 695 34 6
559 1061 7 5
559 1234 51 7
559 1424 35 15
560 986 60 4
560 1332 8 10
560 1340 11 4
561 1509 54 3
562 1101 18 11
562 1172 42 9
562 1467 14 7
563 961 50 13
563 1050 47 14
563 1206 6 12
564 566 54 2
564 647 5 10
564 667 41 11
564 995 47 9
564 1230 48 15
564 1452 23 12
565 594 10 15
565 1008 14 7
565 1050 45 4
565 1114 32 4
565 1488 38 9
566 1039 22 4
566 1221 36 9
567 914 11 2
567 1055 10 12
567 1426 19 9
568 600 57 6
568 1096 21 15
568 1331 54 6
569 1108 15 1
570 758 14 1
570 888 53 8
570 1141 10 1
570 1162 15 14
570 1272 29 10
570 1536 32 12
571 803 59 2
571 1249 12 8
571 1561 8 11
572 617 36 8
572 783 57 11
573 629 21 7
573 796 39 2
573 933 36 10
573 1490 46 10
573 1493 6 6
574 810 54 15
574 935 1 12
574 1046 34 2
574 1112 5 3
574 1215 37 7
575 977 59 7
575 1117 46 8
575 1465 44 11
575 1508 40 9
575 1546 14 4
575 1553 2 2
576 838 4 6
576 1334 5 10
576 1389 39 11
577 661 22 4
577 1140 41 4
577 1209 34 6
577 1305 53 6
578 660 44 4
578 774 58 11
578 1118 27 6
578 1172 57 14
578 1447 44 3
579 685 48 6
579 1087 18 3
579 1189 7 4
580 935 9 4
580 1148 6 1
580 1239 23 9
580 1496 4 8
581 625 28 12
581 836 45 7
581 839 51 11
581 1177 13 13
581 1200 14 5
581 1406 13 7
582 633 11 13
582 739 39 5
582 772 15 11
582 833 49 9
582 1220 60 13
582 1410 4 15
583 624 2 6
583 683 52 4
583 856 12 14
583 985 36 14
583 1212 31 13
583 1440 36 6
583 1511 55 2
584 588 51 9
584 1251 18 2
584 1328 14 13
584 1382 23 12
584 1465 38 4
585 850 34 9
585 897 59 10
585 1061 26 5
586 660 19 2
586 814 4 10
586 1252 4 6
586 1290 20 14
588 997 53 7
588 1075 6 8
588 1137 14 9
588 1238 13 2
588 1520 54 15
589 785 44 11
589 817 5 13
589 1021 49 12
589 1115 22 4
589 1230 52 8
589 1505 48 1
590 713 19 5
590 773 43 14
590 834 37 2
590 901 30 10
590 994 46 1
590 1047 59 15
590 1262 5 9
590 1357 20 8
591 823 34 14
591 1022 29 1
592 681 48 5
592 822 56 13
593 662 28 1
593 877 60 14
593 998 38 10
593 1438 41 11
593 1461 19 10
594 763 10 14
594 989 15 13
594 1387 6 1
595 644 44 14
595 671 56 11
595 855 59 11
595 1151 13 3
595 1220 7 15
595 1328 34 7
595 1554 44 9
596 858 39 9
596 1129 44 4
596 1330 22 4
597 623 57 11
597 747 35 6
598 603 25 3
598 656 53 3
598 689 48 13
598 731 51 13
598 1061 3 1
599 820 44 1
599 1223 37 9
600 944 19 10
600 1034 33 5
600 1160 58 12
601 1165 6 3
601 1301 48 7
601 1392 33 4
602 769 38 5
602 947 56 14
602 1080 59 12
602 1176 4 14
603 606 59 7
603 946 56 9
603 1040 16 13
603 1119 33 12
604 851 19 14
604 920 33 10
604 1348 37 1
604 1540 17 1
605 687 35 12
605 1192 15 4
605 1267 53 4
605 1319 3 8
605 1389 8 7
605 1538 56 7
606 713 11 3
606 751 33 3
606 1415 34 15
607 1189 32 9
607 1527 38 10
608 1211 7 9
608 1408 16 2
608 1435 60 1
610 1409 7 4
611 697 55 11
611 735 12 8
611 1284 42 13
611 1347 22 6
611 1393 52 2
612 1254 11 10
612 1287 42 4
612 1541 17 10
613 778 40 5
613 877 4 5
613 949 9 1
613 1452 30 15
613 1552 33 10
614 863 30 8
615 756 57 15
615 1034 16 13
615 1213 56 11
616 887 57 5
616 961 6 11
616 1353 43 11
617 678 41 10
617 838 39 14
617 1206 52 9
617 1413 13 6
617 1526 56 1
618 935 47 11
618 1247 45 7
618 1512 32 10
618 1530 41 15
619 659 58 3
619 1012 22 7
619 1071 26 2
619 1075 28 15
620 1221 44 1
620 1370 50 13
620 1403 41 7
620 1532 17 12
621 668 21 11
621 1276 52 3
621 1302 37 3
621 1560 23 5
622 640 56 15
622 738 32 11
622 924 23 14
622 1202 38 14
623 962 56 11
623 1172 25 11
623 1477 37 11
624 1007 59 8
624 1173 35 14
625 883 20 10
625 1136 10 9
625 1174 9 11
625 1247 1 13
625 1278 3 6
625 1532 52 7
626 1251 43 4
626 1326 17 15
626 1407 51 12
626 1430 35 3
627 666 4 11
627 1422 23 3
627 1505 42 8
628 891 36 10
628 1119 47 4
628 1399 11 11
628 1450 19 6
629 756 13 15
629 1118 50 2
629 1139 21 15
629 1419 13 1
630 785 20 5
630 803 12 7
631 837 33 1
631 1131 36 12
631 1197 40 8
631 1264 13 15
631 1387 19 2
631 1403 48 1
632 736 28 13
632 1176 8 4
632 1401 20 14
632 1489 6 11
632 1511 39 1
633 685 40 4
633 791 44 13
633 836 56 3
633 1060 51 13
633 1132 9 11
633 1324 19 13
634 1167 50 1
634 1183 18 1
634 1553 26 4
634 1561 6 13
635 1082 16 12
635 1100 17 7
636 1034 60 12
636 1129 20 7
636 1549 52 11
637 655 56 6
637 1077 56 14
637 1309 13 10
637 1455 24 7
638 698 26 2
638 730 38 2
638 733 30 9
638 762 17 4
638 923 59 6
638 932 7 12
639 1305 3 12
639 1321 5 10
639 1387 17 9
639 1480 1 6
640 1004 31 6
641 745 28 5
642 693 31 3
642 926 39 15
642 1172 29 3
643 748 47 11
643 1282 50 13
643 1318 44 13
644 706 24 4
644 1301 6 8
645 763 39 8
646 714 19 10
646 889 34 9
646 1011 57 12
646 1511 57 10
646 1544 37 8
647 1196 59 15
648 806 34 14
648 1036 6 5
648 1420 19 11
648 1516 10 5
648 1556 36 9
649 1007 50 6
649 1089 23 2
649 1236 2 3
649 1266 17 12
649 1450 46 9
649 1533 54 5
650 769 20 12
650 875 33 3
650 958 49 12
650 982 18 2
650 994 21 11
650 1205 9 7
650 1420 59 11
650 1543 17 6
651 698 27 12
651 736 55 3
651 893 56 9
651 1164 33 1
651 1169 49 6
652 656 41 13
652 915 3 9
652 1136 27 4
652 1230 18 6
652 1375 12 7
653 676 58 1
653 1097 42 12
654 740 19 3
654 1323 7 1
655 670 14 11
655 1479 47 13
656 707 16 12
656 770 49 9
656 917 8 5
656 942 19 7
656 1336 14 4
657 682 53 11
657 719 47 1
657 926 58 15
657 927 9 3
657 1474 15 9
658 976 57 7
658 1028 25 2
658 1198 47 10
658 1385 18 14
659 822 25 6
659 981 60 3
659 1478 43 9
659 1498 1 7
660 904 21 9
660 1509 26 13
661 1103 40 3
662 1103 17 10
663 740 13 9
663 818 29 12
663 921 19 1
663 1472 37 1
663 1503 45 6
664 826 42 3
664 1245 57 11
664 1390 56 4
664 1441 36 13
665 687 54 12
665 1339 59 7
666 1407 30 2
667 892 46 2
667 1144 2 1
667 1397 54 8
668 943 29 15
668 1116 45 9
668 1236 37 5
668 1361 56 13
669 709 59 3
669 931 3 6
669 1140 44 4
669 1143 1 2
669 1233 17 1
670 860 57 11
670 883 13 5
670 1008 37 15
670 1287 59 14
670 1322 23 13
670 1418 19 10
671 673 11 8
671 765 13 4
671 934 34 1
671 979 57 1
671 1034 5 4
671 1128 16 15
671 1400 10 1
672 871 18 1
672 1215 35 6
673 958 20 5
673 1029 2 3
673 1310 14 2
673 1353 50 9
673 1541 17 8
674 689 52 2
674 1253 40 15
675 1166 33 4
676 737 19 8
676 1163 36 10
676 1188 19 11
676 1197 10 13
677 874 11 5
677 919 47 10
677 1086 30 12
678 731 29 7
678 1193 6 9
679 832 51 1
679 1351 24 7
680 994 21 5
680 1007 60 10
680 1173 23 3
680 1289 44 3
681 938 36 14
681 1310 38 9
681 1341 60 2
681 1431 31 6
682 711 10 3
682 1013 20 9
682 1343 12 8
683 1380 29 5
683 1501 2 14
684 823 30 9
684 943 43 5
684 1052 59 14
684 1252 15 15
684 1406 25 8
685 769 4 10
685 920 32 9
685 1128 6 10
685 1417 37 4
686 1159 15 2
686 1222 27 10
686 1384 1 9
687 1535 22 6
688 1051 25 11
688 1292 60 1
688 1306 3 4
689 821 13 4
689 832 46 8
689 1101 43 4
689 1175 31 2
689 1243 9 13
689 1254 14 2
689 1348 40 8
689 1533 58 10
690 796 32 2
690 874 20 10
690 1217 39 9
690 1312 24 9
690 1360 7 5
691 1001 11 1
691 1213 1 14
691 1263 57 2
691 1388 51 11
691 1514 34 2
693 914 24 6
693 1347 49 3
693 1488 8 1
694 836 13 5
694 881 53 9
694 1053 53 3
694 1063 50 8
694 1203 16 12
695 1128 24 3
695 1425 19 8
696 839 11 5
696 1215 35 5
697 850 24 9
697 1031 29 6
697 1217 25 10
698 964 16 13
698 1379 36 7
699 773 11 11
699 774 48 1
699 976 41 12
700 1465 59 7
701 1054 45 14
701 1117 12 10
701 1215 3 11
702 1322 31 1
702 1405 30 4
703 1060 33 5
703 1148 44 4
703 1282 13 5
704 1107 53 15
704 1150 60 8
704 1486 43 1
705 747 44 2
705 931 2 8
705 1128 14 11
705 1549 58 14
707 972 46 3
707 1211 58 10
707 1465 4 2
708 950 18 15
708 1173 46 15
709 736 16 2
710 715 49 3
710 728 52 14
710 1133 21 2
710 1147 32 10
710 1205 17 8
710 1383 14 5
710 1515 23 5
711 1072 60 11
711 1398 15 6
712 756 30 13
712 1133 52 11
712 1303 51 2
713 1350 52 13
713 1370 46 10
714 988 28 10
714 1161 38 2
714 1405 57 12
714 1476 54 4
715 723 53 11
715 1321 39 9
715 1322 2 3
715 1339 37 15
716 890 19 4
716 1052 41 7
716 1245 26 3
716 1461 19 9
717 825 37 12
717 852 26 15
717 854 5 3
717 1010 34 8
717 1233 23 10
717 1370 5 1
717 1431 47 13
717 1447 22 2
717 1454 19 7
717 1475 21 8
718 1554 59 15
719 751 34 11
719 787 22 9
719 1402 22 1
719 1500 39 4
719 1513 19 10
720 802 26 10
720 896 8 15
720 971 40 12
720 1014 4 8
721 800 57 3
721 1291 59 6
721 1448 33 3
721 1533 60 3
722 736 42 10
722 746 13 15
722 1293 47 11
722 1376 60 1
722 1521 29 11
723 847 15 6
723 1385 60 3
723 1464 30 3
723 1527 1 9
724 847 17 1
724 1468 2 14
725 798 42 8
725 804 12 7
725 1157 33 15
726 900 3 11
726 1031 45 2
727 1162 60 13
727 1269 13 12
728 782 9 3
728 802 25 1
728 1134 15 1
728 1546 45 5
729 900 49 11
729 933 14 6
729 990 50 6
730 843 25 6
730 869 58 9
730 1171 42 14
730 1298 1 7
730 1498 19 12
731 1062 31 9
731 1065 5 6
731 1197 36 1
731 1345 46 2
732 831 39 12
732 913 34 11
733 764 26 4
733 1013 30 10
733 1074 18 5
733 1088 36 10
733 1109 39 15
734 771 25 6
734 879 28 11
734 1032 12 1
734 1235 58 2
735 924 47 7
735 974 13 14
735 1347 10 10
736 864 19 3
736 981 10 12
736 1022 33 15
736 1056 44 4
736 1097 23 9
737 1128 48 14
737 1294 36 11
737 1429 57 3
737 1491 13 10
737 1515 18 11
738 929 35 13
738 997 32 12
738 1065 13 2
738 1341 15 13
738 1404 56 13
738 1438 25 14
739 763 41 10
739 1274 11 14
739 1551 18 13
740 839 11 9
740 936 51 10
741 1249 32 10
742 1284 52 15
743 819 41 3
743 830 9 8
743 1449 10 12
744 990 32 5
744 1021 58 3
744 1175 30 11
744 1493 3 14
745 817 21 15
745 1221 11 10
745 1321 25 15
745 1510 40 12
746 759 16 9
746 763 26 15
746 898 26 11
746 1341 8 14
747 931 15 9
748 1035 33 15
748 1086 42 3
748 1429 48 4
749 800 12 10
749 992 10 7
749 1152 29 5
749 1156 41 15
749 1249 34 9
750 1115 5 3
750 1116 1 7
750 1350 45 6
751 786 33 5
751 877 54 9
751 1035 13 7
752 795 44 11
752 1092 5 2
752 1114 40 13
752 1232 15 8
753 1037 8 15
753 1123 27 8
754 1144 2 3
754 1383 42 1
755 1182 59 10
756 1228 17 12
756 1419 11 8
757 960 5 1
757 1502 6 15
758 1370 27 2
758 1412 39 4
759 921 9 14
759 1226 39 8
760 778 59 11
760 820 58 13
760 1109 1 11
760 1223 41 6
760 1244 11 4
760 1389 49 14
760 1428 39 8
761 1007 2 7
761 1149 24 10
761 1375 35 4
762 936 36 8
762 1418 17 10
762 1561 48 15
763 1029 2 8
763 1400 51 8
763 1422 22 12
763 1503 33 2
764 772 35 15
764 773 13 7
764 1017 52 2
764 1047 10 8
764 1257 38 9
765 963 10 6
765 1087 36 9
765 1548 16 5
767 1026 26 11
767 1048 44 8
767 1301 7 7
767 1476 20 10
767 1517 47 6
768 1081 5 3
768 1085 38 6
768 1246 35 5
768 1329 43 11
769 1394 10 12
770 877 35 5
770 1155 27 14
770 1538 17 8
771 1073 57 6
772 864 35 2
772 987 22 13
772 1066 32 11
773 794 28 2
773 1472 57 4
773 1543 29 14
774 959 53 12
774 1194 49 9
775 955 9 9
775 1398 1 12
776 1169 16 3
777 895 41 13
777 937 37 2
777 1025 21 13
777 1207 2 14
777 1221 2 5
777 1286 24 8
778 806 54 15
778 839 55 8
778 908 30 10
778 912 40 3
778 1084 36 9
778 1369 25 2
778 1373 42 13
779 1395 2 6
779 1444 55 6
780 809 38 6
780 1014 31 13
780 1522 50 5
781 1079 23 4
781 1405 30 15
782 834 50 1
782 949 8 4
782 1471 58 11
783 791 50 13
783 803 17 7
783 988 45 5
783 1018 9 12
783 1238 23 12
783 1371 59 13
784 795 57 11
784 941 10 3
784 1331 29 10
784 1401 44 10
784 1446 51 11
785 1214 26 12
785 1387 37 9
786 891 59 7
786 1197 7 13
786 1431 45 15
787 899 19 2
787 1173 33 7
787 1207 31 11
787 1264 44 2
787 1322 55 13
787 1435 4 5
787 1517 23 7
788 1152 5 14
788 1289 5 13
788 1419 47 10
789 876 36 7
790 952 48 5
790 1028 43 12
791 1122 26 11
791 1233 18 14
791 1447 38 9
792 867 21 5
792 1170 11 2
792 1225 27 3
792 1334 53 15
793 994 15 12
793 1369 29 13
793 1464 23 13
794 912 2 7
794 1171 21 15
795 902 10 9
795 1200 58 13
795 1336 59 14
795 1431 53 7
796 836 56 9
796 1205 57 14
796 1356 42 10
796 1493 50 15
797 981 1 1
797 1229 34 3
798 1108 4 5
798 1418 44 13
799 955 29 11
799 1051 40 4
799 1064 48 4
799 1078 49 5
799 1100 55 5
799 1114 51 9
800 820 7 11
800 1216 13 3
801 1015 46 9
801 1458 50 11
802 811 46 3
802 1012 13 3
802 1547 29 3
803 877 58 13
803 1394 38 2
803 1550 41 4
804 1037 56 14
804 1369 53 15
805 888 49 14
805 931 19 13
805 984 27 14
805 1103 39 9
805 1195 34 1
805 1324 60 1
806 910 16 6
806 1020 3 7
806 1116 13 10
807 902 28 1
807 1156 32 3
807 1241 2 15
807 1394 25 1
808 1507 22 11
809 1110 42 11
809 1371 25 12
809 1403 31 7
809 1479 24 2
810 833 17 7
810 1157 32 4
810 1456 4 15
810 1529 27 14
810 1535 37 4
811 878 21 3
811 1121 7 3
813 979 25 8
813 1396 5 13
813 1509 41 12
815 855 44 14
815 1026 54 3
815 1263 12 14
815 1484 27 1
815 1496 51 8
816 854 40 15
817 1053 21 13
818 1063 9 9
819 836 34 6
819 1516 23 12
819 1540 42 15
820 1141 32 15
820 1194 48 14
820 1211 5 9
820 1242 27 15
820 1257 44 1
820 1427 17 14
821 1010 9 2
821 1213 40 1
821 1345 41 8
821 1372 31 12
822 1431 24 8
823 1501 3 12
824 1156 50 4
824 1368 52 14
824 1509 10 4
825 1327 9 10
826 1206 36 7
826 1455 31 13
826 1554 29 2
828 926 27 5
828 1547 57 10
829 971 4 6
829 1283 43 2
830 1037 15 11
830 1140 58 6
831 953 50 4
831 1415 49 15
831 1516 43 4
832 1442 33 12
833 880 34 4
833 1069 51 11
833 1180 31 8
834 1007 47 2
834 1060 25 2
834 1274 59 12
834 1500 9 7
835 912 38 3
835 966 37 11
835 1154 47 5
835 1348 33 2
835 1468 56 12
835 1477 26 13
836 1253 15 11
836 1301 38 7
836 1522 32 11
836 1534 6 4
837 940 49 15
837 1173 32 12
837 1354 46 9
838 1085 1 3
838 1227 29 15
838 1530 48 3
839 1060 5 8
839 1422 3 8
840 890 11 2
840 899 1 7
840 1004 14 5
840 1536 18 6
841 1029 59 4
841 1210 41 14
841 1395 12 14
842 883 49 9
842 1154 35 12
843 1127 20 1
843 1183 52 7
843 1351 24 9
843 1500 57 3
845 930 24 6
845 940 6 6
846 1055 8 4
846 1162 13 5
847 1317 60 6
848 936 47 6
848 1496 5 12
849 1123 38 7
850 1424 25 12
850 1520 25 13
851 1072 17 2
851 1175 41 15
851 1558 22 11
852 1049 40 5
852 1405 43 14
852 1460 4 6
853 1222 2 13
854 888 23 11
854 1073 53 9
854 1146 29 14
854 1274 2 13
855 923 49 14
855 1238 31 14
856 979 9 2
856 1020 45 15
856 1315 23 13
857 1053 45 14
857 1215 7 3
858 934 45 4
858 961 39 11
859 1107 6 7
859 1224 36 7
859 1235 19 1
859 1376 53 13
859 1430 54 9
859 1462 12 1
859 1557 37 12
860 861 21 7
860 1535 15 11
861 894 2 4
862 1459 24 15
863 898 11 9
864 973 45 12
864 1217 38 11
864 1360 60 14
865 941 51 9
865 1236 38 2
865 1327 28 11
865 1546 31 5
866 940 41 6
866 1386 51 7
866 1468 14 4
867 1248 60 6
867 1369 29 13
868 1107 42 1
869 881 35 6
869 946 24 10
869 1154 50 1
869 1161 9 1
869 1379 32 8
869 1414 9 6
870 968 25 4
870 1011 40 14
870 1061 51 13
870 1175 2 3
870 1440 26 15
871 1291 23 15
872 973 26 3
872 1182 27 9
872 1197 31 9
872 1306 55 9
872 1347 22 10
873 1356 9 9
873 1421 53 9
874 885 7 15
874 994 2 3
874 1089 1 4
874 1319 4 7
874 1422 59 15
874 1490 38 6
874 1512 50 15
875 1107 51 5
875 1316 19 13
875 1470 39 8
876 1032 45 13
876 1256 51 7
876 1264 5 1
876 1293 32 4
876 1350 17 7
876 1388 2 8
876 1491 50 9
877 917 50 3
877 1164 8 6
878 1010 53 11
878 1107 56 2
878 1254 38 11
878 1343 17 14
878 1389 12 4
878 1427 15 5
879 950 2 4
879 1086 60 1
880 1049 32 11
880 1104 41 2
880 1518 58 6
881 1012 12 14
881 1087 5 2
881 1209 48 8
882 1506 51 14
883 998 10 11
883 1192 34 1
883 1431 39 8
883 1460 37 8
884 1020 37 13
885 1044 22 5
885 1169 9 5
886 916 52 8
886 1137 30 9
886 1344 37 15
886 1501 37 15
887 1066 33 13
887 1159 35 12
887 1227 5 9
887 1273 30 6
887 1520 13 3
888 1169 45 7
889 1008 32 11
889 1174 5 6
889 1305 26 6
889 1375 55 9
889 1486 20 3
889 1560 38 1
890 892 42 15
890 1457 12 5
891 1166 36 8
891 1436 47 5
892 954 3 3
892 1394 1 6
893 994 19 2
893 1109 17 15
893 1126 51 2
893 1192 59 13
893 1285 56 9
893 1368 31 8
893 1481 28 6
894 957 16 13
894 1010 34 8
894 1167 56 2
894 1282 37 10
894 1316 57 15
894 1412 33 4
894 1414 57 4
894 1516 12 13
895 1239 11 12
895 1404 39 13
895 1407 4 8
895 1460 2 13
896 1399 58 2
897 1098 52 9
897 1439 27 7
898 1383 58 1
898 1456 59 1
899 1507 19 6
900 1128 51 8
900 1276 53 4
900 1401 29 10
900 1498 47 12
901 995 37 11
901 1351 6 2
901 1376 1 12
903 959 17 4
903 1139 28 9
903 1441 51 6
904 1002 29 9
904 1092 41 15
904 1163 29 6
905 1209 26 10
905 1283 2 6
906 1004 7 12
906 1038 31 13
906 1125 36 10
906 1198 50 7
906 1438 17 9
907 966 12 12
908 1070 27 13
908 1544 17 6
909 947 48 9
909 1182 43 15
909 1195 17 9
909 1398 17 6
909 1453 29 4
909 1470 28 14
910 1270 23 15
911 973 8 2
911 1443 21 5
911 1503 32 4
912 1440 54 14
912 1502 27 11
913 1518 23 12
914 1164 54 3
914 1528 9 2
915 978 28 12
915 989 23 6
915 1114 49 4
915 1327 13 7
916 1082 27 10
916 1354 27 1
917 1265 48 1
917 1318 56 13
917 1359 26 3
918 978 8 3
918 1182 31 7
918 1388 2 13
919 1358 11 9
919 1470 4 9
920 1007 23 13
920 1215 13 11
920 1232 28 15
921 1439 50 5
923 966 35 3
923 1173 1 13
923 1478 15 6
923 1521 26 5
924 1085 23 9
924 1426 45 12
925 1075 48 10
925 1143 44 14
925 1157 36 3
925 1218 49 2
925 1274 45 5
925 1419 15 8
925 1529 53 13
926 1196 43 10
927 1120 13 13
927 1143 36 7
927 1499 52 10
928 1161 55 5
928 1207 4 7
928 1561 8 9
929 1469 52 15
930 948 44 6
930 1051 11 5
931 950 11 8
931 1009 2 11
932 957 13 10
932 1280 34 11
932 1523 54 2
933 1129 46 1
935 1050 43 14
935 1169 7 15
935 1469 46 7
936 1052 18 4
937 1458 28 14
938 1052 5 12
938 1161 20 14
939 1166 16 1
939 1172 28 11
939 1472 4 15
940 1101 20 6
941 980 2 1
941 1025 3 7
941 1160 8 7
941 1166 28 9
941 1313 19 8
941 1342 38 2
941 1348 27 6
942 1230 16 15
942 1294 53 6
942 1528 24 3
943 1001 8 1
943 1181 35 1
943 1437 51 2
943 1446 13 3
944 1099 44 1
944 1122 57 4
944 1374 53 13
944 1550 23 8
945 1335 47 13
945 1400 25 10
946 1149 7 14
946 1341 40 1
946 1355 22 7
948 1188 28 13
949 986 41 11
949 1516 60 5
950 1206 15 9
951 1306 46 4
952 979 30 3
952 1159 45 8
952 1181 57 1
952 1464 50 1
953 962 29 7
953 1053 20 2
953 1119 58 12
953 1427 13 3
953 1559 52 9
954 972 22 3
954 1527 28 4
955 1036 44 10
955 1118 6 11
955 1172 18 1
955 1234 2 5
957 1201 27 5
958 1045 56 7
958 1251 15 6
958 1386 41 12
958 1394 38 13
958 1494 59 14
960 1004 24 8
960 1024 32 5
961 969 25 5
961 1372 28 4
962 1046 55 9
962 1398 46 7
964 1215 34 4
965 1226 9 7
966 1026 60 13
966 1035 36 10
966 1362 48 10
968 1130 27 9
969 1530 55 15
970 1092 59 14
970 1105 32 3
970 1364 13 8
970 1428 56 2
970 1516 51 14
971 1139 25 7
972 1178 14 14
972 1245 43 3
972 1280 13 3
973 1075 5 2
973 1474 2 12
974 1004 55 7
974 1180 5 12
974 1282 15 10
974 1365 5 7
974 1540 45 14
975 1147 22 2
975 1284 15 11
976 1079 2 14
976 1224 17 10
976 1264 39 14
976 1548 50 3
977 1448 13 9
978 1143 52 9
978 1359 29 11
979 1045 23 14
979 1401 58 4
980 1348 40 6
980 1543 22 5
980 1547 52 3
981 991 17 1
981 1064 54 15
981 1145 46 6
981 1225 56 11
981 1435 60 8
982 1222 35 7
983 1160 43 4
984 1156 27 11
984 1245 14 9
984 1364 17 3
985 1253 3 14
985 1558 17 14
986 999 43 14
986 1094 59 14
986 1253 22 14
987 1137 2 8
987 1450 18 9
987 1460 57 6
988 1315 53 2
988 1462 16 2
989 997 33 9
989 1123 7 4
989 1144 7 1
989 1442 10 3
989 1537 1 11
990 1501 30 13
991 1361 59 13
992 1107 37 5
992 1400 39 7
992 1457 16 15
993 1039 24 14
993 1046 53 11
993 1278 40 14
994 1413 45 3
994 1510 28 13
995 1134 57 13
995 1264 48 7
996 1048 33 5
996 1247 54 2
997 1284 8 14
998 1030 52 15
998 1323 14 9
998 1371 55 9
998 1372 49 15
999 1011 13 4
1000 1069 20 14
1001 1404 51 3
1001 1444 14 6
1002 1354 27 9
1003 1005 21 12
1003 1279 49 2
1003 1541 13 10
1004 1180 15 12
1004 1192 8 11
1004 1437 15 14
1005 1348 21 5
1007 1027 57 7
1008 1029 60 14
1008 1399 29 15
1009 1083 8 3
1009 1088 3 2
1010 1103 3 9
1011 1097 59 11
1011 1141 38 2
1012 1260 25 10
1013 1492 55 6
1014 1135 24 8
1014 1202 32 8
1014 1221 21 10
1016 1142 21 12
1016 1191 58 3
1016 1293 6 13
1016 1423 25 12
1018 1349 32 2
1019 1023 12 2
1019 1162 12 1
1019 1559 1 6
1019 1561 5 9
1020 1086 12 1
1020 1124 29 6
1020 1307 17 13
1020 1416 13 7
1021 1189 1 3
1022 1030 55 8
1022 1512 44 6
1023 1050 12 13
1023 1052 37 2
1023 1053 47 10
1023 1096 57 10
1024 1158 59 13
1024 1343 33 9
1027 1039 5 14
1027 1154 54 10
1027 1163 55 13
1028 1232 35 12
1028 1315 12 13
1029 1068 12 1
1030 1087 45 3
1030 1099 28 10
1030 1189 57 2
1030 1371 58 5
1031 1146 15 1
1031 1354 29 13
1031 1513 7 11
1032 1040 56 14
1033 1558 8 9
1034 1102 26 11
1034 1174 17 6
1034 1357 17 14
1035 1308 20 12
1035 1391 57 2
1036 1213 9 7
1036 1431 57 4
1037 1237 35 12
1037 1305 49 1
1037 1519 46 12
1038 1192 23 3
1038 1382 52 10
1039 1311 33 3
1039 1503 45 11
1040 1247 18 9
1040 1532 29 13
1041 1157 5 8
1041 1208 12 11
1041 1292 27 2
1042 1131 8 13
1042 1256 53 14
1042 1286 42 2
1042 1316 35 14
1042 1458 35 14
1043 1298 29 10
1043 1376 10 2
1044 1142 21 2
1045 1500 22 7
1046 1086 4 11
1047 1287 15 8
1047 1358 59 6
1047 1390 20 14
1047 1427 55 8
1048 1210 58 12
1048 1311 27 15
1049 1195 4 1
1049 1270 11 9
1050 1187 59 12
1051 1170 5 12
1052 1059 55 15
1052 1110 47 12
1052 1189 1 4
1052 1338 14 4
1052 1401 19 10
1054 1131 45 14
1054 1546 2 4
1057 1414 3 9
1058 1245 19 1
1058 1335 12 1
1058 1519 44 11
1059 1515 44 4
1059 1529 38 15
1060 1447 37 12
1061 1152 3 3
1061 1223 26 13
1061 1248 50 6
1062 1378 57 11
1063 1133 12 15
1063 1444 40 3
1064 1294 33 9
1065 1091 19 7
1066 1192 6 11
1067 1362 32 7
1067 1547 32 10
1068 1085 54 4
1068 1387 19 5
1069 1289 42 1
1069 1544 1 8
1070 1120 32 14
1070 1176 52 4
1070 1313 56 1
1072 1090 51 4
1074 1272 28 1
1075 1117 31 12
1075 1237 36 8
1075 1399 45 4
1076 1297 18 11
1076 1422 30 12
1077 1170 2 2
1077 1229 29 13
1078 1085 23 6
1078 1100 11 10
1078 1414 4 1
1079 1145 52 8
1079 1239 17 11
1079 1489 12 2
1080 1311 19 9
1081 1117 43 10
1081 1498 38 13
1082 1143 8 12
1082 1211 34 6
1082 1385 30 10
1082 1398 44 5
1083 1201 9 15
1083 1549 48 7
1084 1130 50 10
1084 1427 13 2
1084 1430 10 4
1084 1541 42 2
1085 1087 57 4
1086 1145 56 6
1086 1221 50 14
1086 1270 17 4
1086 1356 39 3
1086 1500 42 11
1087 1200 31 14
1087 1246 8 8
1087 1358 44 1
1087 1403 39 10
1087 1439 25 4
1089 1334 42 14
1089 1351 18 5
1090 1249 60 6
1090 1291 10 9
1090 1453 50 3
1091 1183 53 6
1092 1392 37 14
1093 1133 36 15
1093 1340 33 2
1094 1519 25 2
1095 1109 17 6
1095 1154 41 1
1096 1285 38 8
1096 1528 1 3
1097 1178 23 14
1097 1190 56 13
1097 1306 51 7
1097 1533 30 10
1098 1367 30 9
1098 1475 45 7
1098 1507 11 1
1100 1186 5 7
1100 1234 24 13
1101 1124 58 13
1101 1393 19 13
1102 1309 29 15
1102 1337 42 14
1103 1111 9 5
1103 1137 49 6
1103 1142 53 2
1103 1266 38 5
1103 1420 5 15
1103 1494 39 1
1104 1189 30 4
1104 1367 41 10
1105 1364 41 1
1105 1526 24 8
1106 1246 43 12
1107 1141 9 7
1107 1160 49 10
1107 1299 29 14
1107 1461 2 1
1107 1526 18 2
1108 1247 15 15
1108 1315 4 6
1108 1363 11 6
1108 1450 22 12
1108 1509 20 10
1109 1276 26 12
1110 1494 13 14
1111 1214 38 10
1111 1551 50 7
1112 1200 34 9
1112 1275 23 6
1112 1300 4 15
1112 1374 23 4
1113 1455 48 6
1113 1462 46 12
1114 1428 37 13
1114 1532 24 8
1115 1157 35 5
1115 1508 55 11
1118 1248 41 12
1119 1175 34 4
1119 1181 21 14
1119 1438 26 8
1119 1540 24 14
1121 1221 41 12
1121 1247 34 6
1121 1357 49 3
1121 1541 7 6
1122 1197 42 1
1122 1466 58 7
1122 1549 40 15
1123 1311 29 15
1124 1299 35 13
1127 1186 37 5
1127 1535 15 8
1128 1177 13 14
1129 1206 52 13
1131 1163 15 12
1131 1186 30 5
1132 1381 42 2
1133 1153 56 7
1133 1518 46 7
1134 1241 36 13
1134 1367 8 10
1134 1479 58 8
1134 1545 18 12
1135 1443 36 3
1136 1173 46 4
1136 1377 28 3
1138 1207 8 14
1140 1200 51 2
1142 1149 48 11
1142 1216 41 11
1142 1510 57 9
1142 1536 56 8
1143 1228 19 5
1143 1500 24 4
1144 1391 13 8
1144 1393 5 15
1145 1273 58 13
1145 1377 4 2
1146 1396 28 9
1146 1438 56 5
1147 1261 50 8
1148 1273 54 9
1149 1179 33 6
1149 1302 50 5
1151 1225 13 8
1151 1419 24 15
1154 1549 18 10
1155 1430 12 15
1156 1441 36 8
1156 1540 19 6
1157 1163 25 6
1157 1205 19 3
1157 1383 12 7
1158 1160 19 2
1158 1173 6 14
1158 1353 14 13
1158 1499 28 3
1159 1428 59 4
1159 1498 33 11
1160 1208 31 8
1160 1295 39 3
1160 1321 49 14
1163 1395 49 5
1164 1527 20 2
1165 1409 23 2
1166 1327 21 7
1166 1349 11 2
1166 1370 19 9
1166 1559 7 4
1167 1231 45 9
1168 1175 22 12
1168 1364 10 1
1170 1373 21 5
1170 1512 7 1
1170 1543 46 4
1171 1501 57 12
1173 1316 19 10
1175 1287 27 1
1175 1502 58 4
1176 1466 58 6
1177 1561 15 10
1180 1398 9 7
1182 1508 8 2
1183 1245 26 11
1183 1449 58 7
1185 1325 28 12
1185 1548 22 5
1186 1357 28 3
1187 1258 4 4
1188 1263 28 10
1188 1552 26 7
1189 1248 34 13
1189 1410 12 9
1191 1251 52 7
1191 1517 7 6
1193 1247 22 14
1193 1474 8 5
1196 1327 59 5
1196 1447 18 2
1197 1376 52 2
1198 1220 26 7
1198 1283 5 4
1199 1265 18 4
1200 1240 15 8
1200 1379 21 3
1202 1388 8 3
1203 1245 15 4
1203 1312 14 10
1203 1456 41 14
1203 1492 10 5
1203 1510 15 3
1205 1450 1 11
1206 1259 10 12
1207 1271 43 6
1208 1416 1 15
1208 1531 28 14
1209 1278 47 15
1209 1308 7 12
1210 1260 4 3
1210 1313 31 6
1210 1334 1 8
1210 1341 39 7
1210 1370 30 12
1211 1525 49 8
1212 1405 55 13
1213 1300 23 3
1213 1410 16 4
1215 1427 10 1
1216 1500 54 9
1216 1518 47 3
1218 1234 18 14
1218 1558 54 3
1219 1429 9 9
1219 1431 27 8
1220 1409 42 13
1222 1544 57 12
1223 1279 56 6
1223 1419 29 3
1223 1421 37 4
1223 1454 34 6
1224 1549 11 9
1225 1300 30 14
1225 1547 47 15
1227 1529 17 1
1228 1481 53 8
1229 1338 45 8
1229 1346 36 5
1229 1373 14 7
1231 1354 23 7
1232 1255 34 8
1232 1439 2 9
1234 1247 10 14
1234 1264 23 2
1235 1312 40 1
1236 1388 56 11
1237 1317 54 1
1238 1450 54 10
1239 1381 47 9
1239 1490 39 1
1240 1469 51 2
1240 1496 40 14
1241 1459 2 13
1242 1246 38 10
1242 1497 23 4
1243 1316 14 11
1243 1366 35 7
1245 1484 39 11
1246 1441 1 13
1246 1453 41 13
1246 1467 21 5
1247 1256 50 14
1247 1474 19 14
1247 1506 36 12
1248 1406 59 13
1248 1428 13 13
1249 1314 60 9
1253 1297 26 10
1254 1447 23 4
1254 1491 23 6
1256 1500 49 5
1257 1388 34 4
1257 1454 36 8
1257 1479 4 7
1258 1555 52 3
1259 1354 33 7
1260 1442 34 4
1261 1374 40 5
1261 1403 37 1
1261 1420 26 14
1261 1499 42 3
1263 1406 38 9
1263 1514 52 10
1264 1272 28 2
1264 1381 28 10
1264 1388 7 7
1265 1289 9 3
1265 1447 21 6
1267 1542 44 8
1268 1273 17 3
1268 1390 51 15
1270 1368 31 6
1271 1277 39 5
1273 1550 38 1
1274 1464 50 3
1275 1301 57 14
1276 1337 3 6
1276 1428 49 4
1277 1463 51 6
1278 1489 50 14
1279 1415 14 5
1279 1431 23 2
1280 1383 60 11
1281 1454 54 7
1281 1461 19 11
1283 1317 49 14
1285 1403 47 7
1285 1504 20 15
1286 1344 40 1
1287 1506 17 8
1289 1311 57 5
1289 1426 6 8
1289 1476 56 3
1290 1327 60 8
1290 1395 24 5
1290 1502 49 4
1290 1505 14 5
1290 1561 55 4
1292 1385 42 10
1292 1414 24 15
1292 1452 59 3
1294 1539 16 15
1295 1316 27 13
1298 1514 54 11
1302 1408 59 12
1302 1435 14 10
1302 1519 14 5
1304 1319 58 14
1304 1435 7 13
1305 1508 29 6
1306 1324 37 1
1306 1347 3 5
1306 1532 11 1
1307 1370 57 5
1307 1465 35 8
1308 1452 7 13
1309 1415 59 1
1310 1464 15 13
1314 1435 15 3
1314 1443 17 2
1315 1332 34 5
1315 1470 5 10
1317 1482 17 12
1319 1378 17 4
1322 1429 49 4
1324 1392 33 11
1324 1482 57 9
1324 1516 19 9
1328 1423 31 13
1328 1520 55 9
1329 1411 7 10
1330 1374 25 6
1333 1474 52 4
1333 1514 7 13
1339 1485 29 3
1341 1464 59 5
1343 1372 4 12
1344 1360 13 9
1344 1469 36 13
1344 1525 59 14
1345 1439 22 6
1345 1443 14 11
1351 1381 50 6
1355 1531 9 8
1355 1546 14 6
1357 1557 5 7
1358 1366 54 15
1358 1528 53 10
1359 1363 33 1
1360 1509 2 8
1360 1517 33 14
1361 1449 54 7
1362 1391 22 5
1363 1412 51 12
1363 1491 18 3
1368 1475 25 4
1369 1534 47 4
1370 1504 24 15
1374 1495 20 14
1375 1409 31 11
1375 1559 3 3
1376 1522 59 10
1376 1523 2 5
1377 1459 37 5
1378 1439 35 11
1378 1442 10 12
1378 1488 21 13
1379 1446 22 13
1380 1384 52 2
1384 1548 12 5
1385 1526 8 14
1389 1465 5 15
1390 1488 15 9
1391 1516 10 1
1392 1510 9 15
1393 1553 8 13
1396 1511 30 4
1398 1454 57 2
1399 1409 28 8
1400 1479 49 1
1403 1479 31 5
1403 1499 8 13
1404 1405 14 5
1404 1473 22 1
1408 1451 15 1
1408 1460 29 7
1411 1445 22 3
1411 1477 43 7
1412 1495 28 5
1414 1540 6 4
1415 1523 15 11
1417 1468 16 12
1417 1497 35 1
1420 1532 40 4
1423 1531 8 13
1426 1488 27 11
1427 1439 12 13
1427 1533 42 3
1431 1499 24 4
1432 1555 58 9
1433 1515 28 4
1435 1554 4 9
1438 1461 46 10
1442 1477 1 1
1443 1537 58 6
1444 1446 21 2
1444 1516 22 8
1445 1486 51 2
1451 1517 2 3
1451 1529 11 6
1466 1538 41 1
1467 1538 2 11
1470 1544 27 12
1473 1501 17 6
1475 1483 32 13
1475 1505 59 14
1476 1522 32 15
1478 1503 59 9
1482 1503 53 8
1482 1535 52 3
1486 1523 32 11
1486 1548 60 10
1502 1527 7 1
1539 1541 51 14
1545 1556 3 11
1545 1559 18 10

0 1 5
1 18 13
2 30 47
3 63 1
4 65 15
5 68 22
6 75 41
7 110 21
8 117 27
9 121 18
10 153 37
11 164 1
12 202 47
13 210 29
14 212 38
15 219 49
16 237 5
17 242 4
18 248 5
19 256 22
20 262 31
21 268 22
22 291 14
23 300 39
24 303 22
25 304 31
26 320 12
27 327 25
28 328 34
29 341 5
30 344 14
31 357 24
32 368 5
33 381 9
34 400 1
35 402 7
36 412 46
37 435 20
38 436 22
39 439 1
40 446 2
41 451 47
42 452 23
43 456 14
44 465 31
45 479 40
46 487 16
47 499 41
48 500 39
49 507 43
50 525 8
51 532 29
52 537 4
53 539 42
54 545 43
55 551 26
56 555 10
57 564 47
58 567 34
59 575 30
60 601 28
61 609 22
62 611 44
63 619 41
64 627 38
65 630 35
66 645 12
67 648 32
68 664 20
69 667 40
70 704 50
71 713 25
72 721 16
73 729 35
74 739 23
75 761 44
76 768 29
77 788 44
78 797 30
79 807 26
80 846 37
81 851 2
82 861 50
83 869 23
84 897 20
85 910 1
86 934 18
87 945 12
88 950 45
89 954 1
90 960 16
91 961 16
92 971 36
93 974 23
94 977 14
95 984 34
96 996 50
97 1011 12
98 1015 48
99 1017 34
100 1022 4
101 1041 7
102 1059 44
103 1065 11
104 1076 24
105 1098 22
106 1101 46
107 1122 32
108 1133 28
109 1147 33
110 1148 50
111 1149 2
112 1180 8
113 1191 12
114 1206 31
115 1217 27
116 1227 40
117 1235 41
118 1239 50
119 1247 7
120 1263 46
121 1278 40
122 1282 23
123 1284 24
124 1285 41
125 1291 48
126 1298 40
127 1305 19
128 1320 15
129 1321 48
130 1326 40
131 1337 41
132 1350 23
133 1351 14
134 1357 17
135 1363 45
136 1365 18
137 1377 25
138 1383 32
139 1388 16
140 1402 39
141 1411 43
142 1429 45
143 1433 45
144 1454 28
145 1456 23
146 1461 11
147 1467 2
148 1471 14
149 1480 7
150 1485 17
151 1502 20
152 1503 24
153 1524 47
154 1541 7
155 1553 21
