1841 5531 184 9

0 30 4190
1 60 8410
2 90 12660
3 120 16940
4 150 21249
5 180 25589
6 210 29958
7 240 34358
8 270 38789

0 40060
1 42259
2 42115
3 37106
4 46201
5 44698
6 37879
7 47190
8 38889
9 41631
10 34868
11 34296
12 37379
13 24513
14 42945
15 45113
16 40232
17 29314
18 40147
19 45536
20 31953
21 41198
22 42904
23 34337
24 43389
25 36620
26 42674
27 30449
28 47810
29 34398
30 37375
31 34137
32 34160
33 52046
34 48090
35 47537
36 32412
37 46921
38 39768
39 50399
40 38198
41 37684
42 31805
43 49355
44 32974
45 48200
46 48242
47 48462
48 35527
49 47907
50 37261
51 56042
52 39796
53 31274
54 47644
55 35348
56 38261
57 21372
58 45822
59 46046
60 37621
61 44901
62 37690
63 35725
64 30769
65 38121
66 35758
67 27804
68 35532
69 43498
70 41160
71 48362
72 30385
73 46862
74 41243
75 52996
76 53963
77 35390
78 40609
79 43344
80 27856
81 33806
82 37406
83 38980
84 42827
85 45190
86 32561
87 37257
88 36910
89 38986
90 36157
91 41914
92 44928
93 46593
94 30150
95 42086
96 50600
97 44648
98 38371
99 45213
100 24511
101 41853
102 28603
103 38423
104 33609
105 40459
106 45952
107 56438
108 49041
109 33791
110 37011
111 37418
112 33280
113 30416
114 34036
115 37601
116 38613
117 40798
118 37338
119 42718
120 30251
121 36515
122 38523
123 44967
124 38832
125 54812
126 35512
127 41088
128 43153
129 40950
130 51352
131 63299
132 45065
133 39168
134 35337
135 38089
136 38809
137 38943
138 40792
139 45042
140 40797
141 47156
142 32258
143 44949
144 36583
145 48054
146 39608
147 45904
148 32076
149 48619
150 32058
151 37477
152 43689
153 26363
154 41558
155 56260
156 47118
157 33475
158 36946
159 31031
160 35088
161 47605
162 41866
163 37276
164 42977
165 29577
166 40662
167 45480
168 41381
169 31829
170 29476
171 53567
172 38609
173 38443
174 56521
175 49275
176 40621
177 32530
178 43658
179 47813
180 39226
181 32514
182 47138
183 33484
184 31966
185 42451
186 49047
187 47264
188 34894
189 35176
190 38597
191 50133
192 38768
193 45078
194 37870
195 35732
196 39067
197 24465
198 48493
199 37103
200 51225
201 49146
202 46684
203 45828
204 30416
205 40083
206 35049
207 40120
208 31480
209 42146
210 44739
211 35843
212 43438
213 42998
214 49906
215 30861
216 40718
217 31567
218 45977
219 32042
220 48853
221 37930
222 28677
223 54692
224 38257
225 38001
226 43454
227 48346
228 34962
229 44932
230 43358
231 41271
232 45345
233 34043
234 53519
235 39967
236 38283
237 34104
238 32071
239 39728
240 48411
241 48608
242 31357
243 48331
244 42599
245 31871
246 51361
247 51092
248 40405
249 44623
250 46182
251 35637
252 41184
253 39626
254 44660
255 31880
256 48765
257 33582
258 46909
259 35043
260 29344
261 33757
262 40503
263 34893
264 31780
265 36386
266 30474
267 43133
268 30802
269 51370
270 36930
271 45286
272 35404
273 48398
274 43575
275 41329
276 48510
277 36106
278 44398
279 39142
280 46548
281 39586
282 31312
283 34978
284 41726
285 30331
286 36258
287 36206
288 35351
289 49845
290 41260
291 37898
292 53414
293 37329
294 50121
295 31239
296 40068
297 31149
298 48548
299 37345
300 29867
301 39056
302 43273
303 29191
304 55594
305 34273
306 45136
307 50622
308 38517
309 46795
310 26498
311 47103
312 45016
313 34859
314 32577
315 38878
316 45099
317 42412
318 29453
319 45491
320 29145
321 42363
322 43039
323 36382
324 38129
325 47956
326 37779
327 51468
328 38920
329 46646
330 40951
331 40005
332 37059
333 43350
334 46146
335 46917
336 50958
337 34230
338 43798
339 40389
340 33060
341 27993
342 36719
343 45475
344 31457
345 42385
346 42242
347 43297
348 39875
349 39068
350 41197
351 47447
352 43874
353 40993
354 51505
355 43098
356 34274
357 41118
358 34047
359 38812
360 44250
361 36327
362 37395
363 41211
364 39173
365 29281
366 35798
367 41180
368 38001
369 48867
370 38914
371 43888
372 44610
373 41904
374 36354
375 50400
376 32711
377 30913
378 33684
379 35461
380 33519
381 31547
382 37167
383 23405
384 33279
385 32529
386 41690
387 37146
388 40701
389 36857
390 44467
391 47839
392 42652
393 24336
394 27800
395 38297
396 41857
397 37306
398 46669
399 48331
400 34594
401 43793
402 47770
403 54379
404 36743
405 54205
406 53914
407 30447
408 42587
409 37146
410 34529
411 36501
412 42233
413 41649
414 43937
415 44788
416 35520
417 44417
418 34131
419 35487
420 43301
421 42892
422 29332
423 42822
424 28974
425 33971
426 42901
427 42786
428 31339
429 40778
430 37604
431 41084
432 33851
433 43340
434 36275
435 51450
436 33831
437 35773
438 41890
439 30323
440 36521
441 32080
442 35333
443 45447
444 43320
445 26760
446 39826
447 37279
448 54933
449 39694
450 43351
451 46827
452 45209
453 38267
454 43127
455 19921
456 45699
457 39164
458 45073
459 44324
460 35876
461 31910
462 42793
463 44059
464 30759
465 33719
466 42971
467 44324
468 37173
469 35876
470 39285
471 50067
472 48152
473 45869
474 19921
475 46988
476 43630
477 46029
478 33875
479 44560
480 44226
481 39635
482 45774
483 31346
484 47592
485 35791
486 36341
487 39892
488 48618
489 38654
490 39552
491 44930
492 42601
493 27412
494 33681
495 27707
496 34690
497 41941
498 39538
499 27238
500 35224
501 38357
502 29252
503 40524
504 38917
505 37848
506 52499
507 42530
508 36943
509 34175
510 41234
511 34243
512 50457
513 49063
514 39593
515 40499
516 32918
517 25449
518 34320
519 36730
520 36750
521 38146
522 35939
523 49034
524 39365
525 33523
526 32949
527 30626
528 39491
529 42753
530 28707
531 44014
532 38233
533 52037
534 33548
535 38729
536 40280
537 28240
538 41274
539 34788
540 48848
541 37406
542 52516
543 40056
544 29062
545 35618
546 37793
547 32244
548 43595
549 44900
550 36788
551 45532
552 39514
553 32788
554 35509
555 24091
556 51084
557 37062
558 51609
559 41288
560 32766
561 28874
562 19921
563 47446
564 40505
565 39537
566 41999
567 35782
568 45176
569 49720
570 47709
571 47683
572 47090
573 57027
574 39545
575 46146
576 24071
577 38490
578 31456
579 39083
580 32476
581 49119
582 33101
583 38180
584 47309
585 31197
586 43545
587 52004
588 43339
589 47289
590 37211
591 41740
592 54887
593 35341
594 41999
595 43363
596 36476
597 30470
598 31461
599 52076
600 30422
601 46049
602 32999
603 45116
604 51018
605 43537
606 35270
607 38136
608 27660
609 39808
610 31583
611 39262
612 40784
613 41737
614 44469
615 47560
616 45053
617 44082
618 37696
619 47175
620 43950
621 40454
622 35524
623 39867
624 31101
625 44094
626 46404
627 46113
628 37362
629 35721
630 53082
631 36707
632 43583
633 38321
634 38865
635 30171
636 40020
637 42327
638 47284
639 47613
640 47783
641 41950
642 38280
643 45531
644 42653
645 45364
646 38260
647 36371
648 34672
649 41958
650 28804
651 48227
652 47082
653 39324
654 39141
655 53467
656 46149
657 36694
658 45809
659 47187
660 50470
661 36746
662 35408
663 36959
664 31684
665 40989
666 40924
667 50942
668 37387
669 43154
670 36876
671 38674
672 30094
673 41690
674 28578
675 37715
676 41207
677 35809
678 26896
679 36716
680 52227
681 29512
682 39002
683 45536
684 38300
685 35434
686 39580
687 50063
688 36787
689 35381
690 37164
691 31835
692 41870
693 37395
694 47117
695 33190
696 39924
697 40939
698 43369
699 40484
700 39800
701 49002
702 35747
703 28442
704 41247
705 35195
706 42031
707 28832
708 23543
709 45592
710 40200
711 38474
712 46458
713 49511
714 41736
715 42924
716 43632
717 36360
718 34625
719 39697
720 44397
721 49309
722 24498
723 30398
724 40091
725 44167
726 46791
727 30942
728 39709
729 30473
730 44847
731 28989
732 35536
733 31403
734 37328
735 42961
736 39948
737 42444
738 48087
739 36200
740 30195
741 38060
742 33289
743 31709
744 57338
745 45555
746 45905
747 43681
748 21358
749 44958
750 22474
751 40796
752 24379
753 39714
754 28759
755 30790
756 46552
757 34492
758 57057
759 37348
760 45120
761 31001
762 32978
763 37374
764 37990
765 39817
766 44825
767 47538
768 37990
769 33057
770 48254
771 31420
772 44834
773 45110
774 42432
775 24879
776 29804
777 41507
778 36620
779 44593
780 32526
781 37609
782 33207
783 35860
784 32562
785 43816
786 30260
787 38306
788 33161
789 50120
790 38044
791 43389
792 47895
793 31594
794 32852
795 32502
796 34157
797 28794
798 34496
799 42867
800 31833
801 26683
802 52362
803 39255
804 47705
805 40981
806 21402
807 37498
808 46397
809 40436
810 41856
811 41845
812 41462
813 34093
814 33512
815 35752
816 44207
817 41339
818 48466
819 37322
820 37212
821 38934
822 44314
823 40703
824 35629
825 45227
826 25817
827 37196
828 47096
829 33318
830 48903
831 44530
832 33707
833 37253
834 28291
835 39923
836 30786
837 47584
838 46597
839 39978
840 36140
841 61462
842 41111
843 44379
844 39605
845 45802
846 37944
847 41252
848 46487
849 41899
850 30664
851 43066
852 40150
853 45253
854 52296
855 47721
856 40271
857 40061
858 35722
859 40540
860 41925
861 34352
862 40958
863 42186
864 31667
865 47560
866 35483
867 41740
868 49616
869 34585
870 36257
871 36622
872 49646
873 41783
874 37582
875 48835
876 28413
877 53754
878 43729
879 39376
880 43402
881 48594
882 40515
883 36071
884 49020
885 56264
886 43100
887 34968
888 37740
889 36432
890 29131
891 33550
892 21341
893 34050
894 32933
895 47260
896 45071
897 42137
898 39742
899 47781
900 53272
901 27053
902 24406
903 47044
904 35170
905 36613
906 35562
907 27764
908 29922
909 45538
910 24108
911 43643
912 34800
913 36545
914 26386
915 34533
916 45931
917 39059
918 40004
919 41294
920 37413
921 51814
922 40639
923 41878
924 39811
925 34344
926 38269
927 31241
928 51358
929 41128
930 42384
931 41168
932 45389
933 37557
934 35931
935 32788
936 31851
937 29409
938 42246
939 43673
940 32334
941 35880
942 37635
943 36693
944 30776
945 40821
946 43276
947 25127
948 37611
949 45486
950 36811
951 39924
952 39110
953 33836
954 36322
955 42957
956 47556
957 40740
958 43344
959 45486
960 42303
961 46747
962 29873
963 34761
964 27569
965 34483
966 44741
967 41932
968 39982
969 38592
970 38721
971 46813
972 38278
973 54180
974 38016
975 50070
976 25634
977 42758
978 49851
979 44991
980 38766
981 39993
982 39756
983 42883
984 42286
985 40540
986 38403
987 31047
988 38734
989 43682
990 38497
991 37878
992 23358
993 40229
994 40377
995 42848
996 33820
997 41315
998 40960
999 37967
1000 36942
1001 44537
1002 42287
1003 33307
1004 42831
1005 43247
1006 39215
1007 36042
1008 39834
1009 30630
1010 54308
1011 39757
1012 55337
1013 41758
1014 45923
1015 48738
1016 38845
1017 31905
1018 36321
1019 36126
1020 42886
1021 41163
1022 40408
1023 30410
1024 30784
1025 35574
1026 32547
1027 39374
1028 28028
1029 47024
1030 41658
1031 42501
1032 22525
1033 27541
1034 42686
1035 48431
1036 40378
1037 38580
1038 46794
1039 45423
1040 44759
1041 33309
1042 42417
1043 54471
1044 35989
1045 40768
1046 38028
1047 42700
1048 29087
1049 31284
1050 53712
1051 46026
1052 36720
1053 27492
1054 39402
1055 46604
1056 47067
1057 43042
1058 35454
1059 49441
1060 26949
1061 39077
1062 34768
1063 31627
1064 46397
1065 39198
1066 40469
1067 44047
1068 36111
1069 49466
1070 55400
1071 46885
1072 38514
1073 27803
1074 26806
1075 32817
1076 36796
1077 33288
1078 22807
1079 35374
1080 19921
1081 50269
1082 52480
1083 37889
1084 49087
1085 34184
1086 31684
1087 36138
1088 37546
1089 34091
1090 41000
1091 47266
1092 42882
1093 35805
1094 39550
1095 40082
1096 43407
1097 54086
1098 62190
1099 49835
1100 36623
1101 33364
1102 29595
1103 41843
1104 37116
1105 37078
1106 30301
1107 50428
1108 39138
1109 36016
1110 36255
1111 37408
1112 44216
1113 41416
1114 35972
1115 32743
1116 37829
1117 41888
1118 43464
1119 30409
1120 43647
1121 48410
1122 45125
1123 46289
1124 29727
1125 40205
1126 35531
1127 32905
1128 48828
1129 43498
1130 35601
1131 50978
1132 39587
1133 35680
1134 36133
1135 40000
1136 42611
1137 37116
1138 30755
1139 42004
1140 39192
1141 48638
1142 31349
1143 41642
1144 47113
1145 36369
1146 35832
1147 30046
1148 47472
1149 30356
1150 45642
1151 40576
1152 41925
1153 53748
1154 36145
1155 41663
1156 44768
1157 41025
1158 51504
1159 35180
1160 49866
1161 42440
1162 33404
1163 38501
1164 40451
1165 36758
1166 32767
1167 33722
1168 48194
1169 35245
1170 44787
1171 31745
1172 44239
1173 38019
1174 48012
1175 33921
1176 34695
1177 48840
1178 41920
1179 34999
1180 28570
1181 40736
1182 36068
1183 41895
1184 41102
1185 35830
1186 40318
1187 36730
1188 25219
1189 36623
1190 42820
1191 24645
1192 39066
1193 45751
1194 36701
1195 34001
1196 40019
1197 34949
1198 35778
1199 44033
1200 38612
1201 31535
1202 35571
1203 39503
1204 51912
1205 38511
1206 49397
1207 36877
1208 43150
1209 31611
1210 45352
1211 39318
1212 42604
1213 51194
1214 29900
1215 35319
1216 47050
1217 45203
1218 29038
1219 44017
1220 41487
1221 42025
1222 41425
1223 41126
1224 43416
1225 48460
1226 56360
1227 29058
1228 38218
1229 41907
1230 52683
1231 30377
1232 25271
1233 37287
1234 44502
1235 40971
1236 30034
1237 47173
1238 35006
1239 42610
1240 48093
1241 35099
1242 36088
1243 49644
1244 36050
1245 37556
1246 41645
1247 41951
1248 41794
1249 34288
1250 41865
1251 37113
1252 51859
1253 26990
1254 36376
1255 36001
1256 35017
1257 47294
1258 33335
1259 46177
1260 38059
1261 35622
1262 34620
1263 23783
1264 42993
1265 42013
1266 37560
1267 31983
1268 41065
1269 25037
1270 38596
1271 43811
1272 34027
1273 36851
1274 34182
1275 33121
1276 44733
1277 45117
1278 52345
1279 41691
1280 42916
1281 52257
1282 52807
1283 20106
1284 36479
1285 44718
1286 33874
1287 47212
1288 40552
1289 44439
1290 36716
1291 33497
1292 31886
1293 40591
1294 38640
1295 51783
1296 32613
1297 45700
1298 42607
1299 47563
1300 37935
1301 36403
1302 46903
1303 37098
1304 31716
1305 42785
1306 41003
1307 36401
1308 40916
1309 34666
1310 40611
1311 37668
1312 27588
1313 29310
1314 39016
1315 31785
1316 44741
1317 47895
1318 22520
1319 43297
1320 36048
1321 43532
1322 41544
1323 49773
1324 41906
1325 38732
1326 37888
1327 37765
1328 33302
1329 42597
1330 36105
1331 44019
1332 53454
1333 42825
1334 30460
1335 46026
1336 33381
1337 41515
1338 48781
1339 31250
1340 36790
1341 35543
1342 36854
1343 43035
1344 35781
1345 28998
1346 24830
1347 41795
1348 39806
1349 35148
1350 31813
1351 40875
1352 39467
1353 40467
1354 34453
1355 37958
1356 42312
1357 43231
1358 31685
1359 48880
1360 31844
1361 44440
1362 32514
1363 41006
1364 33560
1365 43838
1366 47074
1367 43991
1368 37355
1369 37920
1370 43328
1371 49714
1372 44241
1373 34799
1374 49894
1375 32376
1376 35731
1377 40593
1378 36765
1379 34800
1380 38589
1381 38886
1382 42201
1383 34561
1384 42859
1385 35235
1386 50810
1387 33730
1388 38024
1389 33818
1390 39030
1391 36128
1392 32013
1393 47333
1394 54344
1395 48128
1396 59685
1397 45983
1398 36259
1399 55662
1400 37497
1401 37715
1402 45879
1403 36344
1404 27771
1405 39114
1406 38547
1407 42198
1408 41842
1409 27820
1410 38242
1411 37512
1412 46143
1413 39722
1414 35147
1415 40756
1416 51252
1417 32162
1418 29995
1419 39019
1420 39048
1421 44249
1422 50440
1423 35381
1424 45311
1425 36349
1426 20397
1427 31990
1428 36079
1429 44445
1430 39885
1431 46241
1432 43369
1433 33682
1434 37837
1435 56432
1436 43857
1437 31162
1438 43318
1439 27496
1440 47889
1441 39469
1442 31612
1443 41187
1444 34624
1445 43058
1446 46373
1447 25363
1448 42288
1449 32941
1450 35050
1451 39804
1452 48392
1453 35245
1454 32255
1455 41142
1456 38031
1457 34229
1458 40127
1459 43676
1460 38583
1461 40773
1462 31220
1463 43436
1464 37785
1465 34092
1466 39704
1467 33660
1468 41240
1469 49188
1470 39784
1471 33661
1472 44216
1473 44269
1474 35277
1475 49895
1476 50022
1477 54243
1478 27220
1479 43494
1480 33803
1481 33620
1482 43358
1483 39966
1484 44000
1485 46264
1486 42208
1487 40914
1488 42699
1489 33184
1490 40221
1491 49034
1492 39348
1493 29056
1494 33489
1495 34008
1496 49078
1497 42340
1498 36082
1499 45236
1500 48201
1501 34552
1502 59995
1503 56184
1504 41692
1505 36468
1506 33334
1507 33530
1508 36224
1509 32026
1510 35889
1511 40469
1512 42185
1513 25234
1514 41542
1515 42233
1516 42841
1517 40697
1518 46749
1519 42426
1520 38163
1521 46489
1522 43575
1523 31403
1524 34190
1525 50118
1526 41054
1527 48927
1528 47099
1529 42786
1530 47489
1531 36574
1532 40236
1533 37361
1534 40805
1535 39320
1536 19942
1537 31080
1538 38641
1539 35474
1540 36006
1541 32145
1542 34627
1543 29854
1544 41848
1545 40762
1546 43579
1547 46716
1548 45543
1549 42403
1550 38902
1551 29829
1552 39371
1553 49109
1554 46741
1555 36119
1556 37061
1557 41764
1558 39485
1559 40695
1560 49338
1561 33179
1562 43706
1563 36817
1564 35840
1565 29989
1566 37100
1567 33684
1568 49732
1569 24581
1570 30009
1571 38600
1572 41496
1573 40636
1574 47761
1575 40375
1576 37266
1577 45698
1578 34199
1579 28849
1580 42769
1581 37889
1582 35747
1583 42960
1584 28240
1585 43302
1586 44106
1587 49547
1588 53461
1589 35835
1590 47612
1591 37045
1592 44526
1593 31344
1594 33540
1595 36068
1596 46895
1597 41142
1598 32208
1599 42438
1600 36681
1601 47883
1602 48547
1603 36571
1604 43197
1605 31905
1606 37586
1607 39618
1608 45340
1609 40505
1610 40024
1611 40947
1612 36382
1613 49261
1614 25069
1615 35013
1616 37108
1617 33108
1618 46292
1619 41109
1620 42106
1621 31415
1622 37173
1623 30851
1624 36203
1625 37229
1626 37817
1627 40831
1628 36909
1629 47849
1630 33643
1631 33145
1632 42908
1633 41986
1634 38859
1635 42779
1636 30975
1637 45862
1638 48024
1639 39417
1640 32164
1641 34389
1642 43757
1643 48587
1644 40242
1645 44205
1646 37831
1647 43232
1648 31381
1649 28407
1650 44570
1651 45407
1652 58801
1653 36347
1654 49751
1655 48430
1656 53970
1657 33426
1658 33389
1659 47338
1660 34853
1661 40850
1662 39890
1663 34506
1664 35721
1665 36965
1666 49865
1667 41196
1668 37726
1669 44580
1670 48810
1671 44298
1672 41805
1673 57296
1674 29724
1675 25099
1676 39183
1677 40204
1678 52037
1679 32487
1680 42368
1681 37438
1682 44792
1683 29478
1684 37650
1685 39115
1686 32124
1687 45253
1688 40697
1689 25980
1690 39600
1691 40615
1692 46226
1693 32157
1694 36582
1695 26757
1696 39716
1697 36350
1698 33114
1699 42922
1700 42155
1701 35672
1702 39651
1703 47550
1704 44301
1705 37970
1706 44495
1707 43943
1708 37330
1709 43455
1710 40981
1711 47112
1712 33681
1713 35286
1714 43809
1715 33640
1716 37894
1717 33339
1718 45423
1719 37921
1720 39375
1721 29433
1722 39988
1723 38903
1724 42039
1725 38194
1726 38862
1727 38629
1728 48547
1729 36595
1730 42376
1731 30312
1732 34388
1733 34222
1734 35447
1735 32953
1736 46617
1737 48876
1738 42111
1739 50641
1740 46447
1741 56742
1742 41330
1743 42439
1744 33472
1745 34989
1746 38626
1747 46499
1748 39325
1749 39779
1750 41722
1751 49216
1752 35756
1753 36697
1754 39335
1755 38647
1756 37306
1757 28279
1758 45999
1759 40437
1760 36142
1761 45030
1762 34997
1763 35026
1764 37216
1765 45713
1766 30033
1767 44226
1768 31185
1769 40692
1770 41267
1771 28799
1772 31542
1773 40126
1774 39143
1775 40000
1776 42613
1777 35724
1778 33544
1779 42904
1780 30629
1781 39892
1782 34789
1783 40939
1784 41475
1785 45776
1786 34239
1787 52746
1788 40691
1789 36513
1790 41186
1791 28640
1792 50726
1793 32994
1794 41326
1795 34402
1796 29318
1797 32126
1798 30882
1799 52778
1800 44394
1801 28526
1802 34834
1803 50565
1804 44724
1805 43103
1806 35664
1807 43604
1808 36812
1809 34158
1810 42861
1811 43027
1812 36497
1813 42950
1814 28421
1815 44862
1816 40490
1817 36381
1818 35134
1819 38364
1820 26390
1821 29716
1822 52957
1823 37719
1824 47952
1825 40501
1826 46505
1827 43722
1828 34641
1829 37102
1830 45067
1831 33795
1832 34969
1833 37167
1834 32928
1835 38837
1836 30602
1837 44008
1838 33314
1839 45546
1840 36353

0 153 50 1
0 184 8 5
0 302 16 14
0 422 21 8
0 589 49 7
0 828 28 15
0 839 51 6
0 982 14 10
0 983 9 7
0 1003 2 10
0 1059 51 6
0 1420 12 9
0 1741 60 3
0 1817 42 14
1 153 15 15
1 583 48 4
1 589 4 10
1 839 50 3
1 1003 6 10
1 1119 57 8
1 1187 49 10
1 1741 27 12
2 98 60 11
2 153 26 6
2 346 53 15
2 428 26 9
2 589 42 13
2 839 26 15
2 868 7 5
2 1003 35 6
2 1129 38 13
2 1178 28 9
2 1263 19 7
2 1741 34 15
2 1744 41 4
2 1758 14 10
3 92 30 10
3 400 50 5
3 669 34 6
3 871 40 13
3 1012 36 4
3 1277 29 8
3 1351 12 15
3 1605 24 8
3 1611 31 9
3 1759 39 6
4 790 8 4
5 368 57 8
5 444 18 14
5 1060 43 13
5 1296 54 5
5 1340 2 15
5 1403 35 12
5 1635 39 1
6 17 40 10
6 49 43 14
6 264 35 8
6 932 13 13
7 166 11 10
7 259 37 3
7 1112 54 14
8 425 55 11
8 932 1 1
8 1090 29 15
8 1584 45 7
8 1709 55 6
9 208 32 5
9 1098 35 2
9 1373 38 2
10 241 55 1
10 449 30 7
10 1140 57 10
11 240 10 3
11 396 38 13
12 109 2 9
12 170 53 10
12 251 38 6
12 293 41 15
12 373 7 8
12 402 52 11
12 826 7 4
12 1474 47 2
12 1511 54 1
13 362 11 8
13 551 8 7
13 632 51 14
13 1017 5 10
13 1295 32 4
13 1343 56 4
13 1552 33 12
14 384 19 9
14 803 25 7
14 1117 15 1
14 1423 50 1
14 1437 26 8
14 1805 45 11
15 83 4 13
15 113 18 9
15 162 2 6
15 481 42 8
15 651 9 7
15 975 26 8
15 1111 58 12
15 1172 47 15
15 1823 42 10
16 305 12 1
16 528 29 1
16 548 50 1
16 561 58 14
16 893 16 2
16 1214 58 8
17 1077 55 8
17 1199 28 3
17 1219 50 15
17 1269 56 1
17 1589 1 8
18 25 9 4
18 360 46 7
18 405 52 15
18 530 48 6
18 661 59 3
18 725 39 12
18 782 50 11
18 1212 51 9
18 1456 29 13
18 1496 8 5
19 159 26 6
19 227 56 14
19 1686 9 6
19 1708 53 9
19 1785 40 3
20 415 32 6
20 626 13 14
20 801 10 1
20 805 38 13
20 835 52 9
20 1220 26 7
20 1838 30 12
21 29 52 4
21 116 50 11
21 169 58 5
21 625 7 15
21 628 58 10
21 1217 1 15
21 1544 38 5
22 192 52 6
22 925 37 9
22 1288 44 7
22 1430 47 11
22 1547 55 7
22 1729 28 2
22 1740 29 8
23 341 29 3
23 857 25 13
23 1481 15 8
24 195 6 11
24 273 12 13
24 487 34 12
24 702 11 11
24 1055 38 11
24 1125 5 7
24 1276 30 12
24 1429 7 10
24 1740 25 1
25 502 55 1
25 742 16 13
26 508 58 11
26 574 20 11
27 43 21 12
27 167 27 13
27 199 52 8
27 224 18 5
27 1211 8 4
27 1253 5 15
27 1831 28 13
28 246 26 2
28 427 46 9
28 453 48 3
28 526 57 8
28 756 31 13
28 773 35 2
28 1133 48 4
29 457 44 5
29 649 35 4
29 706 20 9
29 1159 33 14
30 189 20 11
30 277 9 2
30 387 57 10
30 1328 1 13
30 1447 37 3
30 1721 32 14
30 1789 7 1
31 1072 46 13
32 46 13 5
32 132 17 15
32 651 15 13
32 1084 53 10
32 1162 56 6
32 1449 27 5
33 207 2 5
33 240 30 12
33 264 27 9
33 581 35 9
33 679 5 14
33 894 32 6
33 1007 8 3
33 1284 10 13
33 1401 54 12
33 1418 16 3
34 76 40 3
34 139 32 13
34 577 43 12
34 1117 10 5
34 1276 1 11
34 1354 28 3
34 1635 46 8
35 132 49 7
35 297 59 15
35 439 55 9
35 683 45 1
35 774 16 4
35 1093 2 14
35 1214 43 10
35 1635 47 3
35 1657 3 4
36 405 49 7
36 501 31 2
36 1182 31 14
36 1380 46 10
36 1491 31 13
36 1548 3 8
36 1836 34 12
37 205 19 2
38 186 2 14
38 357 1 10
38 368 14 10
38 435 46 1
38 1233 25 4
38 1451 45 7
39 1287 19 10
39 1362 34 5
39 1404 14 9
40 106 42 10
40 506 2 6
40 604 40 3
40 624 54 3
40 630 42 11
40 957 57 11
40 1029 4 3
40 1242 25 8
40 1269 39 15
40 1598 41 10
40 1683 36 8
41 317 8 10
41 354 54 15
41 953 7 5
41 1220 30 13
41 1779 25 3
41 1829 58 1
42 73 47 12
42 227 37 11
42 303 47 12
42 370 56 12
42 634 21 2
42 941 49 8
42 1025 41 6
42 1693 34 8
43 207 47 4
43 361 14 4
43 504 39 15
43 528 52 14
43 632 21 6
43 644 51 8
43 1129 30 13
43 1409 42 12
43 1573 19 8
43 1575 3 3
43 1830 16 11
44 241 46 12
44 405 18 14
44 1089 34 13
44 1616 55 13
44 1767 45 8
45 355 46 4
45 496 11 8
45 847 57 12
45 1044 22 9
45 1118 32 7
45 1496 45 8
45 1652 20 11
46 394 7 11
46 477 12 9
46 595 16 10
46 1032 25 8
46 1178 5 12
46 1212 34 14
46 1536 5 15
46 1740 7 15
47 91 46 14
47 314 9 6
47 396 19 13
47 1486 13 5
48 336 60 10
48 507 21 9
48 968 48 1
48 990 17 5
48 1062 24 13
48 1127 15 11
48 1355 13 15
48 1826 39 5
49 280 17 7
49 288 38 8
49 949 23 12
49 1081 22 7
49 1327 12 1
50 404 11 14
50 503 8 1
50 745 50 3
50 956 44 14
50 1077 28 3
51 514 27 2
51 551 25 6
51 649 8 7
51 763 54 12
51 1005 17 8
51 1051 47 6
51 1376 5 6
51 1645 48 8
52 233 31 15
52 770 37 5
52 859 25 14
52 1296 26 10
52 1331 53 2
52 1593 2 13
53 572 48 6
53 745 3 1
53 779 21 7
53 970 40 14
53 1335 44 13
54 635 51 11
54 1025 19 15
54 1038 29 5
54 1110 2 13
55 294 38 4
55 1476 51 7
55 1531 54 5
56 395 22 6
56 516 2 15
56 563 33 15
56 750 41 8
56 828 48 10
56 1039 39 6
56 1179 39 8
56 1292 1 6
56 1329 22 14
56 1693 3 5
57 69 11 5
57 72 13 14
57 270 2 2
57 304 3 10
57 659 50 2
57 786 29 5
57 1308 45 3
58 86 58 4
58 511 45 4
58 625 17 15
58 1049 2 2
58 1487 17 13
58 1755 38 12
59 166 40 8
59 189 18 10
59 312 24 14
59 620 55 6
59 750 3 8
59 1243 50 10
59 1647 24 10
59 1707 59 2
60 139 53 4
60 414 51 5
60 650 12 6
60 736 21 15
60 1372 37 5
60 1762 27 6
60 1807 10 15
61 379 23 7
61 513 25 7
61 1178 23 11
61 1283 7 7
61 1769 58 10
61 1795 21 14
62 75 25 7
62 126 58 3
62 238 17 12
62 354 58 7
62 966 25 11
62 1105 3 7
62 1161 58 15
62 1834 35 13
63 666 60 6
63 686 16 5
63 721 51 5
63 803 24 15
63 1160 25 11
63 1692 41 9
64 209 21 15
64 401 26 2
64 1359 59 5
65 411 19 9
65 461 42 15
65 1167 16 15
65 1246 40 14
65 1362 56 3
65 1525 37 14
66 365 42 4
66 541 12 11
66 675 18 8
66 966 47 4
66 1195 18 14
66 1243 43 2
66 1374 20 1
67 368 45 2
67 699 17 11
67 1265 56 9
67 1471 48 15
67 1759 22 13
67 1802 17 15
68 651 44 12
68 1580 51 7
68 1785 1 14
69 624 55 7
70 564 15 4
70 569 14 2
70 703 10 9
71 144 60 4
71 1363 10 10
72 276 7 7
72 814 1 7
72 1243 33 15
72 1525 41 11
72 1528 44 6
72 1707 35 12
73 141 48 9
73 323 20 14
73 1074 56 14
73 1352 21 5
73 1800 53 3
74 130 50 1
74 1324 17 1
74 1461 18 9
74 1523 21 9
74 1687 9 10
74 1839 7 2
75 280 41 11
75 805 1 4
75 926 46 13
75 1592 30 7
76 233 15 9
76 404 35 1
76 919 29 3
76 1052 14 5
77 385 57 9
77 682 8 12
77 705 22 10
77 824 57 15
77 1654 33 14
78 215 27 4
78 216 47 1
78 1293 21 15
78 1388 12 6
78 1516 10 9
79 245 33 5
79 273 32 3
79 711 28 7
79 853 30 8
79 1190 30 4
79 1346 50 13
80 319 53 2
80 337 41 13
80 891 6 13
80 1382 4 10
81 124 5 12
81 321 49 13
81 523 39 2
81 1192 4 2
81 1269 35 2
82 143 52 13
82 176 15 15
82 978 52 14
82 1338 14 1
82 1413 4 13
82 1472 21 2
82 1497 13 8
82 1535 40 8
82 1713 52 11
83 251 4 12
83 579 53 9
83 658 43 3
83 1150 58 4
83 1324 21 8
83 1790 14 7
84 916 5 8
84 1012 22 8
84 1289 57 4
85 96 44 14
85 528 53 8
85 578 26 1
85 1138 16 14
85 1588 29 1
86 308 19 10
86 390 37 11
86 674 13 10
86 688 10 14
86 982 6 9
86 1289 2 2
86 1499 9 4
87 747 55 2
87 893 12 9
87 1368 3 4
88 283 10 9
88 815 54 7
88 1551 28 15
88 1597 54 13
89 590 22 5
89 1069 26 1
89 1095 31 9
89 1129 39 11
89 1175 24 8
89 1454 19 1
90 1299 30 14
90 1380 3 5
90 1434 50 5
90 1666 57 2
91 421 1 9
91 675 48 6
91 915 11 3
91 1151 6 4
91 1190 26 14
91 1393 36 9
91 1426 31 11
92 243 56 8
92 718 49 3
92 1013 18 9
92 1080 6 2
92 1321 34 10
92 1460 16 3
92 1729 40 9
92 1794 50 12
93 541 15 13
93 667 12 15
93 893 53 12
93 920 39 10
93 963 9 2
93 1030 36 14
93 1152 28 9
93 1639 43 15
93 1814 33 5
94 472 48 8
94 626 7 3
94 1027 15 1
94 1070 22 10
94 1557 38 2
95 156 19 14
95 485 11 8
95 630 6 1
95 1195 58 13
95 1270 39 10
95 1286 3 6
95 1776 5 11
96 755 37 6
96 1454 1 11
97 182 28 8
97 667 1 10
97 785 31 10
97 812 57 3
97 1242 40 11
97 1411 12 15
97 1778 13 15
97 1819 19 1
98 1236 2 8
98 1249 27 7
98 1770 24 1
99 812 9 7
99 969 25 3
99 1573 29 3
99 1770 26 15
100 158 40 10
100 184 36 7
100 996 50 10
101 246 20 1
101 344 13 15
101 363 16 1
101 646 20 6
101 698 18 7
101 1430 33 12
101 1493 49 1
101 1649 3 11
101 1691 16 15
101 1792 1 13
102 360 57 6
102 663 8 11
102 688 18 11
102 922 46 14
102 1109 10 8
103 699 9 9
103 1011 30 15
103 1016 31 11
104 690 45 2
104 830 33 14
104 967 22 11
104 1587 35 3
105 233 56 11
105 678 44 15
105 724 26 12
105 863 3 14
105 1343 31 3
106 658 4 15
106 704 56 7
107 152 26 12
107 802 39 5
107 1349 50 10
107 1456 35 10
108 174 33 15
108 220 53 13
108 370 27 2
108 1015 21 4
108 1689 52 2
108 1786 8 2
109 548 11 10
109 593 19 12
109 706 15 1
109 1245 60 13
109 1411 30 8
109 1618 31 2
110 278 38 6
110 362 4 11
110 532 60 3
110 958 32 8
110 1387 33 3
110 1687 27 12
111 186 19 10
111 739 13 10
111 1225 31 6
111 1249 7 9
111 1530 7 15
111 1693 33 15
111 1745 11 4
112 343 11 12
112 532 6 8
112 580 52 11
112 600 51 2
112 657 51 6
112 966 38 4
112 1784 28 5
112 1839 53 1
113 279 36 12
113 480 39 10
113 624 44 5
113 1301 10 12
113 1621 56 4
114 126 29 9
114 130 28 13
114 141 9 13
114 158 41 14
114 251 6 6
114 537 46 12
114 831 42 14
114 1010 45 8
114 1142 5 1
114 1756 10 7
115 259 31 5
115 923 20 7
115 1127 38 14
115 1578 51 14
116 325 27 13
116 654 14 3
116 758 55 11
116 762 46 1
116 988 6 14
116 1437 49 8
117 282 50 6
117 645 13 2
117 1098 31 9
117 1418 40 9
118 513 39 2
118 570 41 6
118 942 33 5
118 1005 18 12
118 1760 55 13
119 248 56 9
119 550 29 15
119 566 31 10
119 611 51 2
119 1293 59 12
119 1443 33 3
119 1806 11 6
120 295 25 6
120 353 17 6
120 440 15 10
120 766 2 5
120 1072 18 11
120 1662 50 5
121 312 41 10
121 432 59 12
121 914 16 14
121 1819 40 3
122 148 36 7
122 624 3 12
122 1301 21 10
122 1309 37 13
122 1347 5 7
123 145 25 7
123 264 32 12
123 420 30 5
123 678 32 9
123 803 11 14
123 1539 33 6
123 1666 55 4
123 1701 32 13
123 1798 44 11
124 328 46 11
124 550 44 2
124 620 39 12
124 680 48 2
124 784 8 14
124 1400 36 7
124 1441 31 5
124 1584 55 10
124 1693 20 14
124 1744 32 7
125 201 17 14
125 451 22 2
125 1016 42 1
125 1434 16 13
125 1470 39 1
125 1650 27 12
126 131 6 14
126 719 17 7
126 1151 14 9
126 1343 59 8
127 463 37 2
128 225 41 15
128 270 10 13
128 773 39 6
128 962 48 13
128 1270 28 15
128 1463 5 5
128 1839 19 4
129 487 23 6
129 592 45 15
129 650 51 6
129 700 40 15
129 897 34 11
129 986 52 6
129 1596 33 13
130 1070 50 6
130 1195 12 1
130 1432 15 8
130 1557 58 13
130 1625 52 6
131 399 36 1
131 566 48 1
131 1222 27 11
131 1337 25 2
131 1705 51 8
131 1717 18 14
132 410 12 14
132 556 18 3
132 648 27 8
132 861 32 11
132 1051 6 7
132 1696 14 4
132 1790 57 3
133 386 9 7
133 546 43 11
133 821 49 13
134 607 41 15
134 818 36 15
134 1213 13 15
134 1277 40 5
134 1322 25 2
134 1339 13 9
134 1545 59 15
134 1651 39 5
135 149 58 12
135 449 22 6
135 676 33 7
135 868 51 4
136 137 22 14
136 315 26 11
136 400 49 15
136 634 16 1
136 835 47 5
136 1021 50 1
136 1257 35 5
136 1617 36 12
136 1650 14 7
136 1746 15 6
136 1776 36 6
137 300 13 8
137 1421 54 10
138 268 23 4
138 317 2 9
138 762 31 12
138 872 6 9
138 1292 40 12
138 1677 31 7
138 1800 20 7
139 423 26 9
139 1725 43 4
139 1812 27 9
140 163 20 5
140 461 26 2
140 1474 44 8
141 236 10 13
141 561 60 4
141 569 29 14
141 638 22 15
141 1324 29 15
141 1624 43 15
142 150 18 7
142 339 6 12
142 1380 39 5
143 148 29 6
143 192 45 10
143 280 17 2
143 765 47 4
143 850 23 1
143 1141 20 7
143 1341 47 5
143 1481 9 12
144 489 25 9
144 507 7 2
144 517 28 4
144 1028 42 7
144 1313 24 8
144 1544 56 7
144 1632 51 11
144 1795 42 13
145 384 12 3
145 854 15 10
145 993 15 15
145 1212 31 12
145 1369 1 14
145 1479 49 11
146 188 3 5
146 613 29 11
146 642 57 8
146 793 4 13
146 799 30 5
146 1081 33 15
146 1327 40 8
146 1383 3 15
146 1453 41 2
146 1545 42 14
146 1700 46 2
147 344 41 11
147 1552 52 14
148 159 50 7
148 861 59 10
148 882 56 13
148 1070 10 7
148 1508 27 12
148 1596 52 5
148 1829 28 14
149 600 15 11
149 773 23 15
149 1254 58 3
150 282 14 6
150 324 31 10
150 788 43 3
151 365 1 9
151 1201 16 6
151 1396 49 5
151 1488 47 7
151 1626 11 14
152 217 2 3
152 1008 41 3
154 436 7 10
154 485 1 8
154 642 15 1
154 1056 51 2
154 1708 42 13
155 1447 40 13
156 449 29 15
156 610 36 11
156 707 11 6
156 1364 27 9
156 1820 2 6
157 390 16 4
157 414 19 9
157 825 7 12
157 1091 24 14
157 1155 48 5
157 1403 57 6
157 1807 44 1
158 162 41 2
158 477 10 5
158 1219 2 6
158 1351 36 8
158 1375 35 14
158 1513 7 7
159 730 48 7
159 865 12 4
159 900 9 13
159 1199 52 15
159 1774 39 1
160 640 29 1
160 890 55 10
160 993 53 2
160 1056 18 2
160 1108 42 14
160 1195 52 9
160 1478 5 9
160 1753 57 10
160 1793 53 6
161 293 18 14
161 625 16 11
161 1619 6 13
162 291 50 10
162 388 12 2
163 1127 39 13
163 1182 58 12
163 1465 11 11
163 1624 22 4
164 369 11 8
164 403 37 11
164 561 13 14
164 680 45 10
164 1282 30 10
164 1828 50 7
165 198 39 1
165 1048 52 1
165 1101 49 1
165 1184 20 2
165 1197 31 2
166 677 59 5
166 774 15 9
166 798 32 7
166 1096 46 6
166 1467 2 10
166 1809 11 13
167 918 32 15
167 1374 34 13
167 1444 35 11
167 1816 10 14
168 524 6 6
168 552 42 11
168 1422 18 15
169 228 8 10
169 545 22 15
169 776 3 7
169 799 3 2
169 879 23 14
169 1629 12 4
169 1795 40 10
170 243 3 13
170 368 57 14
170 1241 9 2
170 1457 24 14
171 1614 16 10
172 354 25 1
172 364 8 12
172 446 49 7
172 799 44 4
172 816 32 11
172 1029 18 13
172 1159 18 3
172 1636 33 5
173 192 33 11
173 627 45 6
173 1324 48 15
173 1364 11 10
173 1481 48 11
174 262 4 8
174 284 44 8
174 389 22 8
174 911 22 12
174 1009 21 10
174 1145 56 7
174 1283 57 7
174 1351 57 2
175 242 35 13
175 334 22 5
175 421 56 5
175 961 14 4
175 1334 40 12
175 1634 36 15
175 1651 56 10
176 297 34 11
176 517 6 4
176 1181 8 10
176 1288 58 7
177 804 35 12
177 893 16 7
177 1076 31 3
177 1118 3 15
177 1502 58 2
177 1530 23 14
178 183 35 10
178 248 9 3
178 922 2 11
178 1132 56 5
179 240 28 2
179 435 54 10
179 575 14 7
179 833 50 7
179 1002 10 8
179 1173 41 13
179 1513 34 11
179 1529 58 4
179 1671 30 7
180 294 22 8
180 925 42 6
180 1254 28 14
181 201 22 3
181 497 30 7
181 527 49 14
181 822 48 10
181 951 16 15
181 1609 51 12
181 1735 40 14
182 564 50 13
182 938 3 2
182 993 30 5
182 1279 6 7
183 522 1 9
183 1232 3 6
183 1294 54 2
183 1632 59 14
184 836 48 8
184 868 38 10
184 1025 56 2
185 785 10 3
185 996 6 5
185 1009 49 15
186 355 9 2
186 767 55 3
186 965 34 7
186 1121 27 14
186 1334 60 13
186 1379 44 4
186 1417 19 2
187 202 37 1
187 825 53 1
187 934 50 9
187 1455 48 11
187 1568 41 9
187 1808 57 2
187 1813 15 14
188 216 3 12
188 472 20 1
188 518 1 13
188 583 1 13
188 729 17 15
188 898 28 11
188 1321 23 4
188 1323 39 8
188 1766 1 3
189 813 27 6
189 1046 47 11
190 448 39 6
190 1111 27 5
190 1191 38 14
190 1324 47 9
190 1486 34 1
190 1586 14 1
191 495 14 13
191 536 34 4
191 784 29 14
191 854 18 3
191 871 26 14
191 1041 43 5
191 1301 30 6
191 1352 10 7
191 1461 36 4
191 1665 11 8
192 485 2 6
192 665 22 14
192 797 53 4
192 973 37 9
192 1321 37 8
192 1587 42 14
192 1651 20 7
192 1773 41 5
192 1775 3 8
193 759 5 8
193 836 47 15
193 1083 22 15
193 1295 25 12
193 1334 42 15
193 1617 1 2
193 1673 57 15
194 241 51 4
194 500 23 12
194 698 29 9
194 797 50 1
194 1444 41 7
195 210 8 13
195 532 38 9
195 808 50 6
195 1331 15 11
196 743 44 9
196 1518 39 8
197 709 14 10
197 808 31 5
197 1046 23 8
197 1286 14 12
197 1458 7 10
197 1564 53 3
197 1706 35 5
197 1762 56 14
198 368 19 14
198 421 22 9
198 701 47 5
198 798 4 10
198 842 18 15
198 960 45 13
198 1056 34 13
198 1412 19 4
199 381 34 14
199 636 3 3
199 801 19 15
199 813 18 15
199 1152 5 7
199 1505 2 7
199 1691 18 7
200 1327 60 15
200 1438 37 6
200 1665 43 1
201 215 41 10
201 397 43 5
201 712 10 1
201 846 45 12
201 1423 7 7
201 1784 33 10
202 751 23 5
202 994 19 11
202 1126 20 1
202 1755 13 8
203 441 41 3
203 541 28 14
203 629 2 2
203 730 51 15
203 751 53 14
203 989 60 6
203 1654 57 9
204 255 54 10
204 323 23 8
204 613 42 13
204 1144 52 4
204 1333 25 3
205 222 26 15
205 861 13 2
205 995 3 9
205 1425 37 4
205 1513 56 4
205 1640 13 8
206 350 2 6
206 910 59 13
206 937 27 10
206 1133 46 9
206 1296 55 7
206 1392 6 15
206 1812 38 10
206 1830 23 4
207 250 42 13
207 284 13 7
207 391 28 6
207 519 35 13
207 617 25 5
207 682 9 9
207 781 24 6
207 1144 32 1
207 1783 6 14
208 323 22 2
208 376 24 3
208 878 31 3
208 922 5 12
208 1264 25 2
209 526 55 4
209 1159 4 3
209 1509 21 13
209 1551 37 1
209 1790 57 15
210 365 28 9
210 463 16 9
210 733 55 7
210 1041 32 15
210 1418 26 13
210 1759 30 15
211 239 55 3
211 758 35 9
211 1142 37 5
211 1339 29 4
211 1461 38 3
211 1540 13 11
211 1711 32 15
211 1733 44 2
212 256 52 3
212 604 20 10
212 1016 29 11
212 1138 45 3
212 1227 4 2
212 1712 32 8
213 585 20 10
213 676 19 6
213 692 51 15
213 895 3 9
213 1795 2 8
214 324 59 15
214 620 58 4
214 853 35 4
214 1389 51 7
214 1546 11 13
214 1568 30 2
214 1705 35 8
215 283 21 7
215 368 20 2
215 1115 18 12
215 1352 13 7
216 567 37 14
216 733 3 11
216 750 55 11
216 845 45 3
216 1164 23 9
216 1550 41 12
217 950 28 2
217 1109 6 10
217 1484 10 8
217 1598 11 8
218 231 15 2
218 469 1 9
218 758 19 3
218 1000 30 15
218 1099 2 15
218 1698 32 2
218 1755 46 6
219 267 9 8
219 368 9 13
220 392 26 4
220 564 41 7
220 592 15 11
220 595 41 2
220 930 58 7
220 949 6 15
220 1488 32 10
220 1758 15 7
221 240 40 8
221 772 4 7
221 1197 48 13
221 1486 37 10
221 1786 10 5
222 401 38 11
222 1115 48 7
222 1693 48 4
223 632 25 3
223 1073 11 8
223 1086 48 5
223 1573 3 14
224 569 5 8
224 1296 10 7
224 1410 29 11
224 1773 20 8
225 311 29 11
225 1728 54 2
225 1744 56 14
226 499 32 1
226 1425 18 14
226 1695 60 1
227 234 11 2
227 361 48 14
227 505 33 13
227 775 10 3
227 790 18 5
227 1826 10 8
228 615 10 9
228 1473 24 9
228 1486 1 14
228 1702 11 6
229 837 49 4
229 910 57 12
229 1160 45 5
229 1481 58 15
229 1655 49 15
230 762 59 5
230 1192 20 12
230 1198 38 11
230 1384 33 1
230 1535 11 1
230 1692 38 10
231 470 26 8
231 710 56 5
231 1582 25 11
231 1610 47 15
232 556 51 13
232 646 5 5
232 693 39 15
232 890 21 2
232 1036 20 15
232 1805 57 9
233 284 39 10
233 709 20 6
233 902 30 8
234 270 13 8
234 617 30 1
234 646 24 3
234 942 48 13
234 1334 17 11
234 1647 27 6
235 1445 7 11
235 1495 44 13
235 1752 1 6
235 1759 18 6
236 416 36 2
236 810 17 8
236 1063 31 3
236 1338 58 8
236 1787 4 12
237 352 38 10
237 588 8 12
237 795 6 3
237 1250 14 9
237 1781 48 10
238 420 39 2
238 876 9 10
238 1452 36 4
238 1719 58 14
239 440 13 2
239 468 14 7
239 562 3 6
239 871 35 10
239 902 45 3
239 1065 26 11
239 1366 27 10
239 1583 43 8
239 1701 11 6
240 377 15 1
240 449 28 4
240 533 52 11
240 1325 53 7
240 1397 43 3
240 1569 17 11
240 1630 45 4
241 254 19 9
241 461 29 9
241 521 49 12
241 547 12 6
241 558 35 7
241 654 11 7
241 1318 10 2
241 1331 46 4
242 723 52 6
243 961 54 14
243 1020 33 9
243 1067 20 5
243 1646 8 6
244 249 54 9
244 500 45 9
244 1096 11 9
244 1669 52 15
245 292 7 9
245 445 57 7
245 466 30 7
245 690 57 1
245 1169 26 11
245 1265 50 11
245 1807 30 11
246 458 50 4
246 1112 34 11
246 1333 59 9
246 1777 4 1
246 1828 7 3
247 1117 46 11
247 1229 44 7
247 1624 46 3
248 263 34 13
248 298 53 5
248 566 34 7
248 780 45 1
248 820 37 6
248 871 9 15
248 1513 17 5
248 1694 48 9
248 1819 19 13
248 1825 41 3
249 415 39 7
249 931 34 3
250 548 12 6
250 693 20 7
250 1691 53 5
251 361 46 5
251 688 47 11
251 739 60 1
251 832 29 13
251 1070 11 15
251 1780 35 12
252 326 30 7
252 999 48 9
253 415 29 10
253 858 10 11
253 1391 38 13
254 530 8 1
254 729 47 8
254 1561 57 14
254 1585 31 2
254 1603 25 1
255 454 26 4
255 779 40 1
255 983 10 6
255 1023 22 11
255 1041 59 10
255 1653 43 10
256 632 18 10
256 821 2 9
256 938 40 9
256 1148 22 15
256 1506 60 1
257 622 59 8
257 879 51 6
257 1075 46 15
257 1204 60 10
257 1293 18 1
257 1544 19 4
258 424 9 14
258 593 29 7
258 651 15 5
258 862 35 15
259 449 20 12
259 799 55 14
259 1225 30 1
259 1632 50 11
259 1830 46 1
260 517 47 11
260 786 43 13
260 1736 40 12
261 459 11 2
261 802 38 6
261 946 33 4
261 1368 6 7
261 1409 39 12
261 1451 29 14
261 1827 18 11
262 809 23 11
262 1223 36 5
262 1356 40 3
263 826 39 13
263 855 5 3
263 892 37 6
263 1014 26 6
263 1108 51 9
263 1121 26 1
263 1605 44 3
264 314 34 5
264 591 21 9
264 1278 24 8
264 1560 10 11
264 1769 35 6
265 360 37 13
265 417 27 6
265 740 41 9
265 817 35 3
265 921 42 4
265 1092 6 15
265 1594 18 5
266 442 14 8
266 530 12 6
266 876 13 6
266 905 37 4
266 1407 57 11
266 1571 55 1
266 1788 46 11
267 511 59 11
267 890 30 3
267 1066 58 2
267 1107 6 6
267 1300 33 12
268 371 52 6
268 446 38 3
268 1143 8 13
269 348 41 14
269 642 33 2
269 1152 24 14
269 1541 12 8
270 417 32 11
270 441 42 7
270 452 8 13
270 1228 34 1
270 1301 22 4
270 1701 7 4
270 1789 33 4
271 282 33 5
271 300 52 1
271 343 19 6
271 486 17 14
271 631 24 11
271 838 3 5
271 921 14 12
271 1089 23 9
271 1585 11 2
272 580 52 15
272 1344 51 4
272 1774 51 11
273 672 31 10
273 717 14 9
273 967 1 8
273 1012 38 3
273 1272 34 13
274 676 27 11
274 846 24 3
274 927 48 14
274 1110 15 4
274 1205 41 11
274 1707 28 1
274 1790 31 8
275 883 45 11
275 1133 8 15
275 1249 37 14
275 1370 27 7
275 1736 48 1
276 644 19 13
276 979 36 11
276 1816 52 14
277 820 52 14
277 833 1 4
277 848 47 5
277 849 36 8
277 1039 46 13
277 1143 38 9
277 1520 34 14
277 1597 44 11
277 1738 37 11
278 584 7 13
278 742 13 8
278 978 9 14
278 989 52 6
278 1303 15 2
278 1398 27 9
278 1409 29 4
278 1674 44 13
279 340 58 13
279 594 6 8
279 721 8 15
279 1335 40 4
279 1688 60 8
280 334 41 6
280 660 10 9
280 965 57 8
280 1258 14 3
280 1286 30 11
280 1334 25 15
280 1493 52 3
281 644 20 6
281 770 23 3
281 1136 5 3
282 781 28 3
282 1294 23 11
282 1469 5 3
282 1621 18 13
282 1672 54 5
282 1828 5 7
283 482 53 9
283 1298 15 10
283 1435 18 15
283 1774 50 7
284 778 48 9
285 322 33 10
285 480 51 13
285 813 45 15
285 1410 34 11
286 336 20 6
286 463 34 4
286 791 11 14
286 1299 37 10
286 1402 18 13
287 333 53 2
287 694 36 1
287 715 54 12
287 1018 15 15
287 1387 5 9
287 1777 17 8
288 383 12 11
288 907 10 13
288 1091 21 12
289 670 58 9
289 1453 4 12
289 1694 46 3
290 388 49 5
290 1186 5 4
290 1199 14 7
290 1540 11 6
291 1288 47 7
291 1369 21 5
292 525 43 11
292 842 55 7
292 878 8 2
292 1275 47 10
292 1353 55 5
293 931 43 12
293 940 17 3
293 1174 34 7
293 1343 56 7
294 387 35 1
294 722 34 7
294 1330 22 13
295 508 41 8
295 954 6 3
295 1170 27 1
295 1179 19 6
295 1674 22 12
295 1805 12 9
296 794 13 8
296 971 60 15
296 1520 33 1
297 498 20 6
297 775 49 10
297 1264 13 1
297 1596 42 1
298 328 14 9
298 747 57 12
298 795 23 6
298 1256 26 8
298 1392 56 10
298 1501 21 13
298 1639 27 14
299 364 40 8
299 962 10 5
300 744 31 12
300 1273 43 14
300 1598 4 12
300 1626 2 15
301 687 36 6
301 1059 15 7
301 1409 46 7
301 1552 55 14
301 1765 20 9
302 808 30 12
302 867 23 10
302 1076 6 11
302 1265 20 6
302 1311 26 8
302 1396 57 5
303 331 53 8
303 989 3 7
304 308 50 5
304 421 11 13
304 720 1 13
304 986 54 13
304 1482 37 14
305 556 26 2
305 1468 23 10
306 362 28 12
306 1032 51 12
306 1600 14 1
307 496 16 5
307 903 23 2
307 1285 7 1
307 1772 48 4
308 469 40 1
308 1048 9 5
309 445 36 13
309 562 56 13
309 907 37 2
309 1585 13 12
310 496 9 3
310 785 41 5
310 1539 27 6
310 1550 56 3
310 1674 60 12
311 429 20 13
311 512 49 6
311 590 10 10
311 682 4 13
311 692 45 11
311 966 24 11
311 1075 40 9
311 1768 14 13
311 1822 32 11
312 314 13 11
312 510 53 10
312 641 10 6
312 740 33 1
312 924 33 6
312 1380 17 2
312 1544 26 10
312 1810 60 14
313 1362 24 10
313 1579 6 8
313 1584 29 12
314 1147 48 5
314 1181 13 7
314 1208 17 13
314 1426 41 11
315 566 28 13
315 700 44 8
315 1079 8 9
315 1106 27 14
316 683 49 3
316 1270 43 9
316 1601 44 2
317 338 21 2
317 697 4 3
317 782 2 4
317 1368 42 10
317 1511 22 1
317 1632 8 7
318 740 45 11
318 1199 31 1
318 1300 27 6
318 1436 33 1
318 1574 52 7
318 1702 14 3
318 1813 23 2
318 1831 48 5
319 390 57 13
319 452 51 4
319 683 59 6
319 931 24 5
319 1176 34 10
319 1231 25 6
319 1244 50 10
320 1190 56 7
320 1571 45 2
321 493 56 8
321 847 29 9
321 937 33 3
321 1059 50 5
321 1756 51 3
322 400 7 1
322 941 44 12
322 1056 21 11
322 1109 34 8
323 526 12 5
323 607 32 3
323 687 55 9
323 1031 10 11
323 1751 49 6
324 565 26 3
324 568 6 8
324 1551 35 8
324 1833 19 12
325 357 9 14
325 650 38 2
325 666 38 6
325 736 17 13
325 795 37 3
325 1824 24 4
326 739 48 11
326 769 42 2
326 964 32 14
326 1151 2 3
326 1285 35 2
327 381 24 7
327 647 5 3
327 729 19 3
328 343 36 6
328 1031 42 12
328 1398 48 15
328 1425 5 5
328 1559 6 2
328 1820 8 3
329 386 50 10
329 587 9 13
329 834 49 11
329 954 42 7
329 1131 38 12
329 1300 2 10
329 1579 34 4
330 566 44 5
330 675 14 1
330 890 19 2
330 979 19 14
330 1323 56 11
332 480 41 15
332 558 25 7
332 773 9 15
332 956 5 5
332 1265 43 7
332 1306 4 8
332 1319 44 13
332 1554 26 13
332 1652 56 14
333 920 60 3
333 1047 26 6
333 1130 32 12
333 1284 48 10
333 1511 42 8
333 1569 20 9
333 1616 31 15
333 1726 12 14
334 658 30 14
334 1029 7 15
334 1042 31 1
334 1260 33 3
335 576 17 9
335 585 49 1
335 681 28 7
335 1506 20 11
336 425 33 8
336 591 35 1
336 716 22 10
336 926 21 6
336 1029 11 5
336 1125 9 8
336 1601 6 11
337 588 60 4
337 996 38 11
337 1135 50 5
337 1656 37 15
337 1759 47 4
338 387 45 4
338 877 34 12
338 1088 55 10
338 1239 36 13
338 1440 50 4
339 573 59 11
339 644 16 7
339 773 34 10
339 918 30 10
339 1259 33 7
339 1408 35 9
339 1590 32 2
339 1637 40 4
340 759 36 5
340 1635 40 5
341 1555 1 1
342 872 40 3
342 1201 34 11
342 1212 50 4
342 1428 3 10
343 760 48 6
343 1166 5 7
343 1228 50 8
343 1605 2 15
344 540 50 12
344 1087 4 12
344 1537 21 1
344 1554 60 2
345 753 52 6
345 928 45 12
345 1087 28 8
346 432 58 10
346 696 11 11
346 757 41 14
346 984 36 13
346 1083 41 15
346 1724 27 2
347 614 59 10
347 701 37 11
347 759 14 1
347 861 50 15
347 1241 43 6
348 579 18 12
348 852 36 15
348 857 12 3
348 1244 19 4
348 1392 58 5
348 1462 12 9
348 1471 48 2
349 355 43 6
349 356 44 11
349 987 34 6
349 1051 19 6
349 1062 13 8
349 1313 23 15
349 1449 15 15
349 1464 5 7
350 432 27 13
350 585 60 15
350 735 27 13
350 860 35 3
350 1004 34 10
351 710 36 2
351 759 2 3
351 830 22 3
351 1315 54 7
351 1574 32 7
351 1604 58 9
351 1736 57 15
351 1811 6 2
352 688 13 8
352 1224 50 8
352 1310 31 1
352 1349 12 3
352 1554 30 6
352 1654 12 1
353 666 9 8
353 668 52 1
353 927 9 14
353 994 31 6
353 1290 8 13
353 1658 14 6
354 370 48 15
354 393 37 2
354 552 45 13
354 822 15 3
354 983 51 15
354 1590 12 9
355 668 35 11
355 704 5 10
355 780 29 7
356 376 48 14
356 485 22 12
356 590 58 2
356 1208 6 7
356 1537 8 11
356 1730 28 9
357 584 14 5
357 1234 32 15
357 1435 38 5
357 1702 33 5
358 977 16 3
358 1512 12 12
358 1737 50 3
359 841 11 1
359 945 2 12
359 951 53 6
359 1047 50 12
359 1787 41 4
360 637 6 6
360 1065 36 15
360 1108 13 7
360 1139 2 11
360 1308 56 7
360 1760 43 12
361 506 29 11
361 540 46 13
361 642 29 2
361 1233 54 9
361 1806 16 5
362 678 57 6
362 984 12 7
362 1058 36 2
362 1099 44 9
362 1543 35 14
362 1687 27 3
362 1709 48 5
363 823 16 14
363 1077 54 9
363 1530 48 14
364 1310 42 2
364 1754 42 14
365 372 47 2
365 1506 59 5
366 373 35 4
366 936 58 12
366 1036 37 11
366 1266 24 12
367 443 22 4
367 593 5 1
367 789 42 15
367 894 17 2
367 1353 7 5
367 1408 58 10
367 1836 18 4
368 425 36 4
368 833 28 3
368 1831 38 2
369 1209 9 9
369 1478 50 15
370 382 8 15
370 495 53 15
370 605 17 1
370 1075 39 4
370 1105 1 12
371 559 32 15
371 1562 2 1
372 927 16 13
372 1453 19 5
373 590 23 5
374 1388 35 2
375 395 53 11
375 559 41 5
375 794 16 11
375 1242 5 6
375 1385 29 6
375 1745 45 1
375 1838 21 6
376 785 40 12
376 1418 12 15
377 464 29 13
377 504 34 2
377 710 36 1
377 767 25 12
377 980 54 6
377 1101 24 8
377 1415 55 2
377 1522 57 7
378 445 8 12
378 948 25 15
378 1459 8 1
379 1015 41 15
379 1677 6 1
379 1803 7 15
380 415 47 3
380 854 24 1
380 936 56 9
381 649 50 12
381 702 11 3
381 1387 5 14
381 1423 40 1
381 1760 18 5
381 1817 14 10
382 586 49 12
382 599 9 10
382 840 16 9
383 494 53 4
383 1082 17 11
384 504 32 13
384 973 47 11
384 1508 3 13
385 402 39 2
385 422 28 13
385 533 10 2
385 1008 10 4
385 1144 3 11
385 1633 28 6
385 1689 28 6
385 1762 28 8
386 640 8 12
386 752 1 6
386 840 26 14
387 619 11 1
387 640 23 14
387 1057 49 14
387 1192 52 12
387 1207 60 8
387 1394 47 3
387 1431 58 8
387 1517 29 3
388 585 7 1
388 737 18 3
388 908 14 13
388 1333 28 11
389 633 1 3
389 1012 11 3
389 1526 20 1
389 1581 12 14
389 1646 7 13
389 1729 26 6
390 417 51 9
390 523 16 8
390 595 17 3
390 1733 1 9
391 471 4 3
391 569 45 4
391 796 24 3
391 797 20 9
391 858 13 5
391 923 43 15
391 1127 39 4
391 1459 15 1
391 1570 31 8
391 1677 36 10
392 483 25 5
392 660 52 5
392 1333 12 9
392 1717 1 12
393 777 58 14
393 1088 9 13
393 1358 47 4
393 1399 40 3
394 619 51 3
394 1040 14 14
394 1359 33 10
394 1442 26 1
395 1052 30 12
395 1059 41 5
395 1478 13 13
395 1764 26 1
397 439 23 1
397 490 13 8
397 885 21 15
397 927 6 6
397 1095 27 4
397 1431 33 8
397 1602 13 2
398 513 56 12
398 943 51 3
398 1031 25 10
398 1344 8 14
398 1375 28 4
398 1465 59 5
398 1816 22 14
399 587 14 5
399 752 16 2
399 1055 8 1
399 1078 3 5
399 1752 26 10
400 411 32 5
400 1140 31 1
400 1359 22 6
400 1710 3 2
400 1791 8 8
401 443 34 13
401 500 27 1
401 659 5 11
401 1098 13 1
401 1158 47 5
402 451 24 8
402 552 23 4
402 1044 19 10
402 1153 9 15
402 1784 17 14
403 424 3 8
403 586 12 12
403 820 34 14
403 1070 30 7
403 1153 21 8
403 1657 11 5
403 1720 5 9
404 479 32 14
404 796 8 7
404 805 9 4
404 809 12 15
404 1102 20 3
404 1293 43 3
405 580 11 10
405 664 50 12
405 840 36 15
405 899 21 12
405 1707 49 11
406 431 25 7
406 597 34 11
406 720 49 1
406 1159 39 7
406 1461 45 4
406 1543 37 7
406 1647 50 4
407 654 9 9
407 667 60 2
407 744 43 8
407 1085 9 13
407 1143 23 8
407 1534 50 5
407 1545 22 7
407 1798 50 8
408 883 22 6
408 897 32 9
408 1553 10 5
408 1571 49 12
408 1638 60 10
409 586 55 7
409 775 36 13
409 830 45 12
409 1351 51 6
409 1664 58 10
410 595 49 8
410 636 32 4
410 1384 22 13
410 1393 23 4
411 518 2 2
411 555 25 13
411 636 35 5
411 670 14 8
411 1830 40 10
412 529 43 12
412 935 22 2
412 984 10 1
412 1094 17 9
412 1370 58 6
413 423 1 12
413 457 54 2
413 607 7 7
413 1181 15 13
413 1453 1 9
414 838 7 6
414 1426 8 4
414 1565 42 1
414 1745 10 14
415 619 51 11
415 1281 18 5
415 1341 17 10
415 1619 1 11
416 1423 1 15
416 1671 14 12
416 1718 39 13
416 1756 50 3
416 1825 35 14
417 1342 54 14
417 1837 8 4
418 470 35 12
418 574 51 1
418 883 55 6
419 953 48 6
419 982 39 8
419 989 15 5
419 1215 51 13
419 1609 4 1
420 1290 32 4
420 1417 56 2
420 1441 44 9
421 793 25 8
421 1059 3 4
421 1313 21 1
421 1367 36 15
421 1609 36 13
421 1667 17 7
422 694 19 12
422 759 1 8
422 1045 46 11
422 1165 44 6
422 1312 31 10
422 1472 35 5
422 1509 38 3
422 1587 14 11
423 571 10 6
423 1476 37 1
424 582 14 12
424 941 35 6
424 1049 19 1
424 1131 40 3
424 1275 43 8
425 476 26 1
425 796 50 15
425 855 34 9
425 1045 5 3
425 1220 4 5
425 1300 46 10
425 1492 51 8
426 557 6 1
426 1352 60 11
426 1740 9 13
427 1444 41 14
427 1498 57 11
427 1594 5 11
427 1605 4 14
428 628 48 3
428 1043 19 9
428 1412 3 5
428 1619 57 14
429 1159 30 9
429 1262 30 15
429 1464 37 6
429 1521 40 11
429 1582 5 13
429 1816 33 11
430 473 20 12
430 745 50 10
430 787 26 2
430 1130 44 2
430 1307 29 9
430 1589 17 13
431 479 5 12
431 571 16 1
431 599 42 13
431 907 9 4
431 1312 37 15
431 1702 32 10
432 689 2 2
432 1687 58 5
432 1719 54 9
432 1750 5 15
432 1771 50 6
433 778 9 5
433 1334 37 2
434 1268 49 12
435 615 38 4
435 649 54 15
435 657 33 12
435 830 41 4
435 1241 16 10
435 1689 29 14
436 532 46 4
436 731 35 4
436 1693 22 11
437 837 9 12
437 962 24 8
437 1018 27 15
437 1340 57 1
437 1813 31 2
438 596 22 7
438 1017 18 2
438 1570 6 11
439 482 31 9
439 537 48 15
439 902 55 5
439 1037 55 7
440 533 59 7
440 626 27 4
440 1135 6 15
441 1467 56 14
442 683 15 9
442 835 10 5
442 887 22 4
442 1137 5 4
442 1205 11 11
442 1238 12 6
442 1612 10 3
442 1620 10 1
443 635 23 11
443 940 7 15
443 1134 47 8
443 1249 45 3
443 1379 23 3
444 477 33 4
444 1479 40 3
444 1761 18 8
445 476 44 10
445 710 1 5
445 895 3 15
445 946 42 11
445 1201 24 11
445 1280 24 15
445 1444 38 12
445 1624 39 4
446 464 21 12
446 619 45 14
446 1791 48 15
447 736 42 7
447 1009 3 15
447 1454 25 3
447 1737 27 13
447 1829 26 9
448 505 48 10
448 910 7 6
448 1077 33 14
448 1349 7 4
448 1400 51 4
449 681 53 12
449 806 52 14
449 1043 4 8
449 1126 6 5
449 1460 58 12
449 1462 45 9
449 1758 26 2
449 1811 1 8
450 964 3 5
450 1087 43 4
450 1212 32 2
450 1419 59 14
450 1444 37 7
450 1797 50 4
451 797 45 12
451 1513 37 15
452 575 31 5
452 1210 41 14
452 1216 9 2
452 1431 6 2
453 791 57 6
453 1287 27 6
453 1355 59 4
453 1464 10 3
453 1606 3 7
453 1757 37 7
454 482 26 8
454 866 35 4
454 1049 45 11
454 1129 23 5
454 1439 60 5
455 687 31 15
455 1154 39 9
455 1602 31 3
455 1742 28 8
456 506 36 10
456 585 47 8
456 895 9 14
456 1459 2 13
456 1467 51 6
457 663 39 4
457 811 14 4
457 966 37 6
457 1607 16 8
458 513 11 10
458 538 46 5
458 917 9 1
458 1166 56 6
458 1358 2 6
458 1490 29 5
459 492 21 14
459 603 38 1
459 660 46 8
459 774 9 11
459 1219 11 1
459 1353 58 13
459 1761 32 15
460 793 7 8
460 1556 1 7
460 1651 12 3
461 477 35 1
461 540 37 2
461 1068 7 5
461 1115 26 13
461 1339 26 10
461 1349 25 14
461 1486 13 5
461 1786 15 15
462 606 2 11
462 952 31 10
462 1121 10 9
462 1573 39 14
463 1073 58 4
463 1323 38 15
464 504 47 5
464 529 37 6
464 751 55 6
464 1518 4 13
464 1590 41 3
464 1617 16 5
464 1699 38 6
465 653 2 3
465 685 15 2
465 850 55 14
465 967 36 4
465 1012 2 8
465 1055 36 11
465 1243 56 14
466 781 26 2
466 1506 39 14
466 1600 44 9
466 1717 49 7
467 537 47 7
467 1054 27 14
467 1613 50 15
468 622 32 3
468 1669 38 5
469 638 20 15
469 1029 27 4
469 1311 9 1
469 1328 19 9
470 872 19 6
470 1786 59 6
470 1826 1 14
471 822 33 10
471 869 49 15
471 886 31 2
471 1236 14 10
471 1583 55 8
471 1786 22 2
473 732 58 15
473 767 33 12
473 1074 3 9
473 1227 9 15
474 573 39 3
474 638 23 5
474 1018 33 12
474 1179 60 15
474 1414 19 12
474 1666 44 10
474 1832 47 6
475 1081 53 9
475 1287 15 3
475 1432 27 2
475 1503 15 1
475 1689 15 3
476 1244 22 5
476 1511 5 14
476 1758 40 2
476 1829 10 7
477 546 20 10
477 590 10 3
477 675 40 11
477 1231 8 10
477 1275 39 6
477 1577 55 15
478 697 52 4
478 840 45 10
478 1028 1 6
478 1797 12 3
479 555 15 13
479 595 31 1
480 670 58 3
480 701 47 1
480 744 31 11
480 1128 4 5
480 1642 10 8
480 1828 28 11
481 1309 24 14
481 1549 50 8
482 777 56 12
482 849 26 1
482 959 52 14
482 1155 46 15
482 1220 24 9
483 913 41 3
483 1798 46 12
484 1063 44 15
484 1109 32 4
484 1242 8 12
484 1724 44 9
485 1050 10 5
485 1148 20 8
485 1163 45 8
486 497 50 8
486 749 45 7
486 829 29 8
486 1129 52 15
486 1701 33 4
487 522 54 2
487 541 39 1
487 611 52 2
487 727 43 3
487 743 31 10
487 962 7 6
487 988 37 8
487 1127 34 3
487 1324 41 14
487 1551 6 11
487 1721 10 2
488 819 26 2
488 897 28 9
488 997 16 15
488 1545 55 2
488 1686 9 14
488 1836 20 14
489 965 49 2
489 1035 43 7
489 1117 31 8
489 1440 48 11
490 964 5 15
490 1575 52 10
491 809 45 4
491 905 60 10
491 1014 5 15
491 1299 18 11
491 1330 48 7
491 1396 27 7
491 1475 46 2
491 1480 27 13
491 1794 51 5
492 573 5 14
492 592 6 2
492 1498 51 4
493 730 8 8
493 819 29 15
493 1103 35 2
493 1564 36 2
493 1568 60 11
494 631 39 10
494 1011 47 8
494 1502 9 10
494 1557 12 1
494 1758 2 1
495 1483 13 13
496 678 32 10
496 1120 38 14
496 1584 53 2
497 987 22 4
497 1220 48 3
497 1298 30 8
497 1753 59 14
497 1840 54 11
498 1835 46 6
499 885 60 2
499 1019 16 4
499 1118 39 4
499 1407 34 3
499 1810 3 5
500 958 28 3
500 1514 47 8
501 795 40 7
501 876 46 5
501 1671 19 9
502 1026 31 4
502 1269 9 12
502 1766 16 4
503 1474 23 13
504 717 60 8
504 1084 58 3
504 1153 37 1
505 686 51 14
505 1017 52 5
505 1207 42 7
505 1223 41 14
505 1296 29 11
505 1636 11 7
505 1711 15 3
506 1263 38 9
506 1272 37 14
506 1323 48 1
506 1721 34 9
506 1785 60 8
506 1832 60 9
507 534 22 14
507 946 39 14
507 1097 38 11
507 1213 40 12
507 1287 38 9
507 1346 5 14
508 742 27 8
508 1052 46 15
508 1415 41 3
508 1488 7 11
508 1601 12 2
508 1686 41 10
509 741 5 15
509 791 34 12
509 920 59 1
509 1115 40 6
509 1588 47 11
509 1628 46 4
511 654 25 6
511 1092 48 10
512 856 43 2
512 927 28 15
512 1282 44 14
512 1592 14 12
513 887 31 6
513 888 54 4
513 916 7 3
513 1563 33 2
513 1690 51 6
514 592 41 10
514 648 56 9
514 769 12 4
514 1037 35 12
514 1184 27 15
515 894 24 10
515 1186 58 5
515 1368 4 12
515 1408 36 14
515 1532 12 3
515 1754 17 4
516 1599 34 8
516 1719 56 5
516 1762 17 1
516 1780 39 2
517 588 41 9
517 887 22 1
517 1570 50 13
517 1600 48 2
518 718 36 3
518 798 22 14
518 1147 27 14
518 1473 2 9
518 1501 52 1
519 681 51 13
519 1508 14 7
520 745 24 11
520 746 54 3
520 1038 21 9
520 1227 33 5
520 1243 23 6
520 1436 8 2
520 1549 24 2
520 1582 42 11
520 1662 18 12
520 1725 48 6
521 1079 37 6
521 1547 12 6
521 1588 22 12
522 691 41 9
522 801 49 15
522 905 13 10
522 1130 48 11
522 1281 23 9
522 1420 51 9
522 1562 42 5
523 1308 19 1
523 1464 26 10
523 1596 2 14
523 1745 40 14
524 639 11 3
524 1068 16 2
524 1282 29 8
524 1380 37 12
524 1521 8 8
524 1693 22 3
525 650 29 8
525 813 7 8
525 861 23 14
525 870 22 11
525 1745 21 8
526 760 54 6
526 1033 4 13
526 1056 43 1
526 1301 34 11
526 1605 4 3
527 835 43 2
527 910 33 13
527 1047 26 9
527 1601 42 14
527 1726 36 4
528 889 8 11
529 658 43 13
529 727 1 13
529 947 55 1
529 1183 27 5
529 1417 2 12
529 1486 47 13
529 1672 38 3
530 531 4 2
530 1031 49 15
530 1251 49 4
530 1270 15 7
531 560 16 5
531 690 32 12
531 920 13 14
532 646 23 12
532 1674 35 2
533 787 59 9
533 1214 57 5
533 1318 44 10
533 1329 14 3
533 1430 27 13
534 749 32 9
534 1711 60 4
535 986 46 6
535 1133 60 13
535 1301 3 10
535 1585 43 4
535 1801 22 3
536 1348 58 6
536 1412 2 7
536 1802 13 3
537 788 29 7
537 895 41 6
537 1030 40 7
537 1209 19 7
537 1215 55 13
538 604 4 14
538 887 2 10
538 1212 21 10
538 1426 37 4
538 1460 27 1
539 801 25 7
540 734 2 5
541 1317 13 13
541 1455 6 6
541 1659 15 12
542 614 24 3
542 826 9 15
542 945 28 5
542 969 49 4
542 1266 56 7
542 1298 20 12
542 1397 20 1
543 1243 38 13
543 1355 39 7
543 1396 6 15
543 1398 51 13
543 1561 54 1
544 562 19 9
544 1160 58 15
544 1193 8 13
544 1263 59 8
544 1526 16 10
544 1556 19 3
545 1046 56 9
545 1609 18 14
545 1650 19 3
546 805 19 12
546 1395 26 11
546 1594 45 7
547 1319 38 9
548 607 49 3
548 995 23 6
548 1012 36 3
549 576 16 2
549 942 43 13
549 1058 52 15
550 757 47 13
550 803 18 2
550 836 48 4
551 573 25 11
551 630 6 8
551 896 4 8
551 1070 3 2
551 1414 30 8
551 1692 16 5
552 1406 43 8
552 1570 49 1
552 1684 13 12
553 1092 54 14
553 1418 8 7
554 1305 53 8
554 1425 37 5
554 1748 8 3
555 561 4 13
555 767 7 15
555 800 51 10
555 934 9 11
555 1154 20 15
555 1367 45 9
555 1685 19 12
556 776 44 14
556 893 21 4
556 1065 35 6
556 1079 35 1
556 1263 31 3
556 1268 8 1
557 804 57 6
557 873 55 2
557 1077 41 5
557 1240 6 7
557 1377 6 12
557 1504 3 3
557 1775 47 1
558 764 30 15
558 1347 27 3
559 602 59 4
559 721 2 1
559 770 23 10
559 1407 23 7
559 1720 5 2
560 763 26 14
560 1456 3 6
561 580 36 4
561 889 4 10
561 953 34 9
561 1129 12 6
561 1747 30 11
561 1825 59 10
563 810 48 15
563 830 59 11
563 1301 3 2
563 1358 56 9
563 1553 25 7
564 689 35 8
564 946 23 14
564 1244 5 7
564 1734 49 4
565 841 33 10
565 1515 7 1
566 888 22 10
566 1132 14 3
566 1224 38 1
566 1630 40 5
566 1715 20 4
567 1016 4 11
567 1029 30 2
567 1037 19 6
567 1406 4 6
567 1439 44 12
567 1636 3 6
567 1816 56 12
567 1819 8 7
568 681 8 9
568 1103 11 1
568 1451 56 9
569 582 39 4
569 608 1 15
569 1147 22 8
569 1476 22 12
570 608 58 15
570 651 35 10
570 662 22 9
570 1819 49 3
571 1290 4 15
572 574 23 10
572 637 7 9
572 822 37 2
572 1221 21 10
572 1713 23 3
573 982 5 12
573 1461 47 14
573 1523 40 13
574 889 49 14
574 954 60 13
574 1338 29 3
574 1721 51 2
575 635 37 15
575 1504 49 7
576 632 25 2
576 1068 15 8
576 1447 22 10
576 1821 50 10
577 593 11 14
577 594 52 4
577 618 14 3
577 1271 43 7
578 669 43 6
578 899 23 14
578 1109 55 3
578 1418 7 12
578 1544 14 7
578 1593 47 15
578 1635 18 6
578 1661 48 7
579 873 2 3
579 1095 39 15
579 1538 60 14
579 1766 10 8
579 1817 28 14
580 1292 30 12
580 1444 35 7
580 1467 52 1
580 1822 2 2
581 660 1 10
581 748 56 14
581 823 49 5
581 853 17 7
581 882 20 7
581 1275 8 11
581 1414 51 8
582 694 58 8
582 800 23 13
582 862 38 9
582 1123 3 5
582 1554 25 5
583 685 4 1
583 1316 57 4
583 1319 11 13
583 1428 40 7
583 1509 19 10
583 1658 46 13
584 1484 17 15
584 1525 36 3
584 1601 48 13
585 759 51 6
585 1051 3 8
585 1151 19 8
585 1245 30 11
585 1610 14 10
585 1670 44 4
586 634 36 10
586 830 19 8
586 911 33 1
586 916 5 14
586 1109 2 12
586 1380 38 14
586 1401 14 2
586 1509 47 15
587 1059 40 15
587 1182 15 5
587 1344 47 15
587 1689 41 4
587 1734 55 12
587 1768 60 5
588 857 42 13
588 1612 16 2
590 1441 39 7
590 1615 22 8
591 880 1 14
591 1285 2 3
591 1705 28 10
591 1722 4 7
592 1008 1 2
593 773 17 13
593 988 56 2
593 1239 7 12
593 1462 59 9
593 1738 13 14
594 737 10 10
594 810 51 15
594 1619 20 12
594 1663 41 10
595 757 59 10
595 1069 23 8
596 1036 34 2
596 1197 50 4
596 1579 59 7
597 603 32 7
597 775 24 15
597 977 2 9
597 1005 59 4
597 1220 47 14
597 1605 4 4
597 1622 25 2
597 1796 27 13
598 1055 58 15
598 1149 35 4
598 1280 47 13
598 1446 42 15
598 1582 17 4
599 671 29 5
599 732 20 11
599 813 31 4
599 1103 35 13
599 1118 15 12
599 1759 29 2
600 607 36 3
600 1161 33 9
601 701 31 7
601 734 50 13
601 1098 55 1
601 1109 37 5
601 1116 13 11
601 1164 20 7
601 1226 35 13
602 855 50 10
602 877 6 4
602 899 48 12
602 1026 15 1
603 864 20 15
603 1077 46 15
603 1379 47 12
604 751 8 4
604 853 14 8
604 1576 6 13
605 626 46 1
605 976 58 7
605 1767 42 13
606 1606 8 1
606 1833 38 10
607 723 42 15
607 1225 58 9
607 1330 41 11
607 1578 60 12
607 1615 2 6
607 1659 12 1
607 1783 4 3
608 778 47 15
608 884 3 13
608 1531 34 12
608 1545 26 13
608 1642 42 7
609 679 25 12
609 1167 32 8
610 658 53 8
610 953 9 13
610 1219 53 11
610 1241 3 14
610 1835 37 6
611 1310 2 8
611 1501 59 2
611 1533 54 7
611 1674 12 14
612 635 47 1
612 1660 35 9
613 761 3 14
613 1030 53 2
613 1095 6 13
613 1142 41 4
614 931 47 1
614 1265 35 15
614 1308 47 1
615 931 6 12
615 1022 17 14
615 1368 44 6
616 1203 26 3
616 1441 52 11
616 1839 9 14
617 824 22 5
617 876 23 3
617 1736 50 8
618 737 46 8
618 808 24 4
618 958 2 9
618 1179 25 15
618 1234 34 8
618 1524 10 3
618 1568 29 9
619 1378 56 10
620 1013 60 10
620 1249 44 12
620 1415 30 8
620 1548 12 9
620 1558 2 13
621 641 41 5
621 975 55 4
621 1138 58 13
621 1655 23 12
621 1691 44 12
622 857 51 8
622 1010 26 3
622 1762 21 4
623 685 21 10
624 701 38 5
624 1144 19 14
624 1185 15 3
624 1308 55 5
624 1514 2 13
624 1767 21 9
625 698 46 14
625 857 28 1
625 1199 40 14
625 1231 25 9
625 1677 14 11
626 827 38 14
626 919 15 2
626 1825 46 15
627 685 9 9
627 1119 41 2
627 1613 32 4
628 637 4 1
628 729 15 15
628 881 11 3
628 1330 15 5
628 1609 5 15
628 1652 49 5
629 853 58 14
629 1312 2 5
629 1577 26 2
629 1752 10 12
630 822 20 15
630 960 17 14
630 1029 6 10
630 1344 35 3
630 1652 14 12
631 664 35 2
631 743 31 5
631 1097 40 10
631 1180 35 4
631 1708 59 7
632 659 19 11
632 681 11 10
632 782 23 10
632 922 39 13
632 969 53 9
632 1432 48 2
632 1669 52 7
633 829 23 13
633 871 52 6
633 886 5 15
633 1050 22 3
633 1350 45 14
634 690 37 8
634 699 44 15
634 924 57 1
634 1148 34 13
634 1229 40 4
634 1404 17 1
634 1552 44 7
635 826 25 1
635 1557 15 12
635 1713 57 1
635 1757 41 1
636 906 17 8
636 1113 45 3
636 1322 4 10
636 1586 57 7
637 647 9 4
637 1293 22 11
637 1455 28 2
637 1520 13 11
637 1752 60 13
638 924 27 8
639 965 5 11
639 1013 19 12
639 1302 3 2
639 1748 11 10
640 1247 55 8
640 1586 40 13
641 692 1 4
641 868 25 3
641 945 25 14
641 1362 4 1
641 1656 48 5
641 1685 23 4
641 1744 4 8
642 1030 49 4
642 1473 40 2
642 1569 57 7
643 1148 34 12
643 1700 40 4
644 694 58 8
644 1181 37 11
644 1558 42 3
645 871 5 15
645 1359 40 10
645 1806 9 3
646 725 33 14
646 786 23 2
646 844 3 4
646 982 29 15
646 1077 6 5
646 1237 45 3
646 1298 38 6
646 1338 49 11
647 706 9 9
647 1042 56 9
647 1503 15 4
647 1576 58 15
647 1608 57 5
647 1613 19 11
647 1673 58 1
647 1711 18 2
648 662 13 15
648 971 2 14
648 1297 28 11
648 1365 14 2
649 1137 57 11
649 1191 33 7
649 1199 33 11
649 1648 55 12
649 1751 32 12
650 751 1 11
650 772 12 15
650 828 12 2
650 964 22 1
651 1056 58 7
651 1600 44 1
651 1705 25 5
652 737 22 12
652 847 21 8
652 962 58 9
652 1298 32 9
652 1313 11 9
652 1530 28 15
652 1534 28 7
652 1701 19 13
653 680 3 15
653 826 51 14
653 968 52 15
653 1325 37 6
653 1525 26 1
654 880 59 3
654 1636 40 7
655 947 27 5
655 966 8 11
655 1229 10 9
655 1704 5 14
656 1137 19 15
657 1177 44 15
658 1369 23 1
658 1405 8 12
659 953 16 1
659 989 18 12
659 1058 30 11
659 1086 51 3
659 1157 3 1
659 1511 57 9
659 1673 4 1
659 1758 21 13
659 1775 55 10
660 731 35 15
660 785 24 3
660 1029 50 1
660 1695 31 1
660 1806 6 5
661 732 46 8
661 1831 44 1
662 739 3 1
662 1353 16 8
663 939 50 10
663 1002 41 1
663 1466 40 15
664 1291 45 13
664 1654 47 15
664 1661 8 3
664 1835 35 10
665 876 19 3
665 954 35 13
665 1030 53 14
665 1174 17 6
666 1381 2 6
666 1432 23 6
666 1530 59 9
667 710 15 3
667 841 22 14
667 1301 29 4
667 1318 32 3
667 1547 60 13
668 1124 41 11
668 1141 59 8
668 1357 51 13
668 1378 8 2
668 1725 25 9
669 1059 31 7
669 1252 24 7
669 1264 17 3
669 1531 6 10
670 742 18 5
670 744 1 3
671 993 60 6
671 1348 35 10
671 1506 23 7
671 1720 48 6
671 1823 16 11
672 710 6 14
672 731 10 3
672 739 54 6
672 759 20 8
672 822 53 10
672 861 60 11
672 1009 39 13
672 1162 24 14
672 1164 2 13
672 1328 32 8
672 1571 11 8
673 1345 27 8
673 1446 22 9
673 1608 2 2
674 986 14 6
674 1212 49 1
674 1506 6 1
674 1603 51 7
675 823 40 14
675 1454 9 8
675 1751 50 1
676 864 18 15
676 955 57 13
676 969 27 15
676 1259 40 4
677 1060 13 10
677 1548 44 15
677 1692 6 15
677 1801 10 5
678 1240 54 2
679 682 57 5
679 1196 52 4
679 1642 13 6
679 1716 49 5
680 966 21 13
680 1066 48 1
680 1266 7 13
681 989 34 14
681 1791 60 10
682 893 11 13
682 1014 32 5
682 1404 48 11
682 1761 34 1
683 1291 58 6
684 714 49 5
684 1027 19 7
684 1589 4 2
685 727 5 13
685 867 22 15
685 1129 30 3
685 1565 48 11
686 750 27 6
686 1784 11 15
687 801 7 4
688 1083 8 2
688 1446 57 11
689 722 43 7
689 965 34 12
689 1195 23 4
690 771 7 4
690 1317 16 13
690 1691 42 14
691 699 58 11
691 732 54 15
691 797 56 15
691 1103 32 3
691 1195 40 5
691 1316 55 6
692 960 55 14
692 1297 10 5
692 1344 23 12
692 1555 32 12
692 1686 48 1
693 827 22 6
693 1153 9 10
694 917 57 2
694 1193 18 13
694 1373 48 12
695 743 31 14
695 889 10 5
695 1032 8 2
695 1559 14 7
695 1746 39 6
696 1503 48 9
696 1641 56 2
696 1688 35 6
696 1837 55 11
698 949 46 13
698 1234 29 8
699 1481 24 15
699 1626 30 14
700 1365 19 13
700 1511 51 2
701 1249 38 15
701 1254 14 2
702 845 38 13
702 1078 9 3
702 1259 47 10
702 1266 22 2
702 1829 50 15
703 1117 31 10
703 1196 21 1
703 1631 57 15
703 1653 28 11
703 1759 8 10
704 848 52 10
704 852 25 1
704 1664 27 7
704 1700 2 12
704 1701 12 2
705 913 34 8
705 1596 5 12
706 825 49 10
706 1397 51 1
706 1542 29 7
707 1436 19 14
707 1658 60 7
708 820 3 12
708 1018 53 4
709 872 36 12
709 885 55 6
709 930 31 6
709 1150 27 6
709 1709 59 6
710 1186 4 13
710 1281 20 7
710 1433 30 5
710 1466 1 15
710 1571 2 1
710 1627 42 13
711 1571 12 8
711 1653 15 14
712 1260 50 4
712 1513 56 5
712 1806 30 5
713 926 46 1
713 982 43 11
713 1340 34 15
713 1372 11 12
713 1564 27 12
713 1570 17 14
715 1022 11 14
715 1219 16 4
715 1281 26 10
715 1786 52 9
716 776 31 6
716 948 13 8
716 1573 25 12
716 1585 15 4
717 764 7 7
717 1041 32 6
717 1133 47 7
717 1296 58 15
717 1832 33 9
718 1412 5 5
718 1751 9 11
719 942 14 7
719 1036 7 4
719 1334 5 4
719 1800 11 4
720 1047 15 7
720 1125 39 10
721 1190 35 10
721 1468 52 6
721 1566 21 11
721 1600 47 5
721 1636 1 3
722 906 9 5
722 1068 2 5
722 1341 60 8
723 830 37 13
723 891 45 4
723 974 34 5
723 1012 14 3
723 1158 60 3
723 1405 30 6
723 1735 17 5
724 810 40 12
724 1253 21 2
724 1388 44 8
725 939 55 6
725 1262 47 2
725 1450 34 4
725 1508 32 3
726 790 8 6
726 1178 56 3
726 1358 32 7
726 1608 20 1
726 1704 60 6
726 1771 52 5
727 824 45 12
727 1470 9 11
727 1521 4 3
728 1273 21 9
728 1307 30 15
728 1352 59 5
729 821 59 5
729 867 14 7
729 1013 40 11
729 1019 5 6
730 781 53 11
730 1030 43 12
730 1432 10 8
730 1578 1 7
730 1703 40 15
731 1068 6 14
731 1111 10 9
731 1232 31 12
731 1242 42 13
731 1532 43 7
731 1642 42 13
731 1752 9 4
732 788 53 4
732 1236 42 5
732 1346 37 1
732 1528 47 5
733 1348 43 8
734 822 19 13
734 1107 52 12
734 1113 43 3
734 1182 36 9
734 1679 57 2
735 912 36 12
735 1551 29 4
735 1571 8 14
736 1651 6 12
737 832 43 3
737 977 12 9
737 994 50 13
737 1660 39 11
737 1704 45 9
738 747 36 12
738 1210 44 4
738 1313 53 7
738 1392 55 7
738 1434 3 14
739 935 16 1
739 1128 46 2
739 1633 16 9
739 1697 30 9
739 1803 25 8
739 1814 43 2
740 1074 36 6
740 1528 53 12
741 892 21 3
741 1199 14 6
741 1801 47 4
742 773 1 1
742 805 50 13
742 1113 20 13
743 988 55 15
743 1074 26 2
743 1119 34 9
743 1420 29 1
743 1819 53 15
744 874 59 13
744 963 35 7
744 1065 42 11
744 1262 19 5
744 1391 44 6
744 1517 51 12
744 1766 39 3
744 1800 24 1
744 1812 55 9
745 984 30 1
745 1129 39 14
745 1294 12 10
745 1483 10 13
745 1573 59 10
745 1667 34 13
745 1715 8 15
746 1101 34 9
746 1171 28 4
746 1219 12 3
746 1393 11 12
746 1400 43 11
747 1157 47 7
747 1797 25 7
748 800 21 3
748 1456 36 9
748 1476 50 14
748 1763 7 15
749 897 2 3
749 1195 47 7
749 1355 22 3
749 1693 44 14
750 1113 2 1
750 1342 6 11
750 1421 58 2
750 1454 50 11
750 1705 27 13
750 1766 57 6
750 1811 51 13
751 924 3 7
751 1396 45 11
751 1440 45 1
751 1781 34 5
752 934 14 12
752 1164 53 11
752 1329 43 1
752 1595 4 6
752 1701 49 9
753 843 22 12
753 1544 28 11
753 1774 37 7
753 1808 9 4
754 862 18 9
754 1060 42 7
754 1489 20 2
755 895 36 3
755 1680 44 11
755 1780 50 1
756 844 25 8
756 976 27 13
756 1222 48 9
756 1471 15 14
756 1493 5 12
757 979 54 7
757 1731 1 6
758 1032 59 10
758 1296 54 4
758 1389 40 4
758 1493 50 11
758 1704 34 15
759 1272 13 5
759 1570 23 6
760 959 35 2
760 1687 54 13
761 873 43 8
761 978 11 12
761 1546 46 14
761 1645 12 15
762 883 48 11
762 968 6 9
762 999 38 6
762 1044 34 6
762 1796 50 8
763 1209 26 5
763 1706 53 6
763 1737 33 14
764 1631 46 11
764 1662 1 4
765 783 43 3
765 1365 11 11
765 1805 40 10
766 836 27 4
766 958 53 14
766 1085 59 6
766 1282 23 9
766 1457 47 12
766 1650 28 3
767 924 44 7
767 944 51 10
767 1684 43 2
768 880 55 10
768 1399 15 4
768 1539 51 8
768 1599 46 6
770 1002 17 9
770 1052 1 10
770 1362 48 7
770 1662 8 8
771 905 29 10
771 1084 3 4
771 1148 29 1
771 1209 28 15
771 1447 43 6
771 1630 21 9
772 944 21 7
772 1368 55 10
772 1801 52 4
773 1621 24 6
774 1738 4 8
775 1028 11 15
775 1288 40 10
775 1393 56 6
776 1142 17 14
777 866 25 4
777 1304 23 15
777 1777 31 3
778 986 31 12
778 1701 30 14
778 1718 7 10
779 993 22 13
779 1693 14 9
780 820 10 14
780 1235 28 14
780 1239 26 1
780 1407 24 3
780 1500 18 4
780 1778 10 9
780 1825 37 12
781 997 34 10
781 1082 55 12
781 1099 9 4
781 1246 32 10
781 1580 44 13
782 822 20 12
782 833 36 5
782 1050 8 10
782 1518 35 14
783 819 9 8
783 996 48 12
783 1014 3 9
783 1202 58 11
783 1624 18 10
783 1710 11 11
783 1776 29 2
784 933 23 14
784 1050 17 10
784 1080 27 10
784 1638 19 3
784 1715 42 9
785 842 58 7
785 1102 51 5
785 1470 53 8
785 1488 36 10
785 1711 54 3
785 1733 60 7
785 1771 15 2
786 970 38 7
786 1209 37 8
786 1259 18 6
786 1331 23 11
786 1376 14 5
786 1659 59 13
788 1085 45 6
788 1127 48 13
788 1249 27 2
788 1667 40 8
789 1166 59 13
789 1309 58 2
789 1343 57 6
789 1432 13 8
789 1751 3 1
790 1039 45 6
790 1212 24 14
790 1815 2 12
791 823 24 13
791 1703 22 11
791 1757 40 14
791 1768 39 12
791 1800 16 11
792 826 2 10
792 1087 39 11
792 1579 59 6
792 1733 33 7
793 981 51 8
793 1063 56 12
794 1322 28 3
794 1423 55 11
794 1450 54 14
794 1705 46 1
795 1250 13 7
795 1478 45 3
795 1721 59 8
795 1776 46 15
796 1424 6 6
796 1689 24 12
797 811 44 9
797 1044 17 9
797 1382 41 3
797 1639 53 11
798 1043 23 2
798 1218 22 7
798 1233 60 14
798 1265 10 10
798 1639 1 8
798 1675 51 10
798 1755 17 5
799 812 9 1
799 874 50 11
799 1416 60 9
799 1458 28 4
800 915 22 5
800 953 20 5
800 1573 7 6
801 1680 26 4
802 1286 53 13
803 1351 36 10
803 1447 21 3
803 1560 10 6
804 923 49 7
804 1423 12 4
804 1586 53 12
804 1724 42 7
804 1838 45 9
805 998 19 10
805 1309 50 14
805 1390 9 12
805 1410 3 8
805 1520 29 1
805 1556 45 10
806 807 37 10
806 868 45 12
806 1088 46 12
806 1456 48 15
806 1686 55 7
806 1715 36 1
806 1725 28 14
807 882 35 9
807 1055 28 15
807 1059 16 11
807 1374 39 10
807 1839 34 11
808 1746 39 13
809 1017 60 9
810 1005 59 3
810 1105 14 2
810 1263 57 9
810 1439 26 10
811 1217 42 4
811 1411 45 9
811 1423 60 5
812 1083 13 11
812 1480 7 12
812 1659 35 2
812 1778 18 12
813 921 57 7
813 1039 44 3
813 1047 57 3
813 1109 11 14
813 1278 51 6
813 1331 58 10
813 1365 8 4
813 1545 32 6
813 1679 32 5
814 1102 16 9
814 1127 15 1
814 1226 48 13
814 1295 44 2
814 1487 52 11
815 901 58 5
815 1794 56 10
816 887 28 1
816 991 13 9
816 1018 37 12
817 1101 1 10
817 1277 38 3
817 1397 37 7
818 878 15 8
818 1130 7 15
818 1293 10 10
818 1471 21 10
818 1521 41 14
818 1659 32 13
819 857 35 9
819 1598 58 6
819 1813 25 15
820 1481 15 7
821 1019 19 10
821 1328 32 5
821 1340 16 4
821 1443 60 8
821 1700 6 8
821 1707 17 13
822 1161 26 10
822 1205 44 2
822 1318 42 12
822 1415 33 2
822 1462 10 2
823 1264 43 9
823 1558 13 5
824 1234 9 1
824 1331 11 14
824 1584 23 12
824 1709 44 4
825 1232 8 12
825 1611 12 10
825 1752 48 3
826 909 54 13
826 1245 52 8
826 1735 10 10
827 1248 14 1
827 1272 54 14
828 995 19 9
828 1234 6 11
828 1377 34 7
828 1709 20 11
829 1500 4 7
829 1784 16 4
830 946 58 15
830 1211 5 14
830 1752 42 13
831 1148 20 12
831 1167 32 9
833 997 23 2
834 1210 55 9
834 1434 46 4
834 1628 56 1
835 1014 15 1
835 1038 14 14
835 1719 42 15
836 905 47 13
836 927 37 5
836 1306 11 12
836 1606 6 4
836 1656 56 8
836 1781 39 14
837 904 5 6
837 1590 55 5
838 1009 43 7
838 1308 46 9
838 1414 33 12
838 1805 17 5
840 1029 18 9
840 1465 6 7
841 935 2 7
841 1448 44 15
841 1697 21 13
841 1732 25 5
841 1752 2 11
842 986 14 13
842 1122 28 7
842 1428 55 12
842 1669 2 8
842 1716 25 6
842 1838 50 1
843 1076 28 11
843 1754 42 8
843 1768 31 5
844 1145 39 3
844 1188 9 4
844 1220 42 10
844 1351 23 3
844 1639 40 13
845 1308 35 3
846 1012 45 11
846 1013 54 9
846 1405 58 14
846 1687 35 4
847 1113 20 2
847 1277 19 14
847 1483 7 9
848 876 31 6
848 920 35 14
848 1015 32 14
848 1185 44 12
848 1274 18 3
850 1212 54 5
850 1753 56 3
850 1774 42 10
851 942 13 13
851 1821 55 4
852 1725 51 4
852 1797 24 9
852 1824 57 10
853 1063 51 2
853 1381 30 4
854 1014 3 10
854 1627 12 9
855 1405 30 2
855 1535 6 15
855 1812 53 5
856 1026 57 3
856 1277 22 15
856 1323 30 14
856 1387 4 2
856 1652 36 2
856 1816 41 1
857 935 36 5
857 1129 32 7
857 1495 55 14
857 1613 28 10
857 1691 5 9
858 923 17 1
858 1776 40 14
859 1032 3 6
859 1187 7 11
859 1223 57 1
859 1235 60 1
860 1150 53 4
860 1616 31 7
861 1390 37 9
861 1810 13 10
862 1216 38 12
862 1240 54 15
863 1087 20 14
863 1171 51 7
863 1729 4 7
864 1315 11 12
864 1356 48 11
864 1424 28 7
864 1487 5 4
865 1059 34 6
865 1176 59 9
865 1284 34 3
865 1397 55 13
865 1641 1 13
865 1763 6 15
867 919 44 15
868 982 12 7
869 1019 4 14
869 1022 6 5
869 1289 52 15
869 1612 20 1
869 1800 38 12
870 935 12 8
870 1254 42 9
870 1419 4 7
870 1468 20 14
871 1125 22 11
871 1498 33 3
872 1151 18 6
872 1325 12 4
872 1451 15 5
872 1689 5 9
873 1144 54 11
873 1154 55 9
874 1075 38 1
874 1563 5 15
875 942 60 3
875 1433 16 2
875 1439 11 4
875 1648 7 15
875 1684 36 10
876 1061 24 12
876 1493 38 11
876 1548 1 7
876 1615 32 9
877 1294 23 5
877 1748 41 2
878 989 42 2
878 1030 27 4
878 1187 33 10
878 1393 24 1
878 1803 34 4
879 889 20 9
879 904 6 7
879 907 22 12
879 989 45 14
879 998 60 2
879 1327 19 7
879 1579 46 15
880 1374 16 3
880 1837 13 9
881 906 38 15
881 1144 20 12
881 1165 31 10
881 1656 23 6
881 1694 49 9
882 1331 47 3
883 952 4 4
883 1004 14 13
883 1390 58 8
883 1789 3 4
884 968 53 12
884 1220 42 6
884 1392 32 9
884 1782 45 6
884 1829 5 6
884 1833 24 1
885 1024 26 2
885 1170 58 4
885 1516 33 12
885 1560 35 8
885 1657 12 11
886 949 21 14
886 1094 33 12
886 1111 41 9
886 1462 48 9
887 924 26 11
887 1487 19 1
887 1656 32 5
887 1831 35 1
888 895 58 2
888 1466 56 5
888 1754 46 15
888 1787 40 10
889 1052 43 15
889 1827 42 10
890 990 40 10
890 1238 25 3
890 1322 4 12
890 1391 46 4
890 1567 44 3
890 1702 20 9
890 1726 8 3
891 985 20 13
892 1237 12 13
892 1497 21 11
893 1004 44 9
893 1227 58 5
893 1577 32 7
894 1008 28 7
894 1209 55 5
894 1587 17 14
894 1659 1 13
895 1105 23 7
896 915 46 15
896 1439 28 3
896 1440 26 6
896 1573 54 15
896 1737 5 2
896 1801 43 14
898 1373 25 5
898 1456 31 5
899 1121 51 14
899 1376 37 5
899 1537 54 6
899 1600 30 3
900 1056 28 5
900 1163 49 4
900 1201 45 15
900 1338 44 8
900 1430 5 9
901 1211 19 15
901 1263 48 12
901 1412 22 11
901 1432 57 5
901 1820 57 13
902 1121 53 11
902 1214 59 7
902 1409 18 6
902 1615 26 7
902 1724 50 11
902 1737 19 14
903 945 47 7
903 1067 3 6
903 1316 43 11
903 1648 49 2
904 1275 44 3
904 1411 46 12
904 1608 37 8
905 1076 13 1
905 1811 54 4
906 935 48 6
906 1300 44 14
906 1600 37 6
907 1059 36 9
907 1405 1 2
907 1571 53 11
908 984 38 9
908 1204 38 5
908 1448 28 14
908 1573 53 3
908 1780 45 13
909 987 5 14
909 1137 56 7
909 1271 30 13
909 1370 2 7
909 1543 24 8
909 1743 9 6
909 1761 58 8
910 1557 6 2
910 1584 19 1
910 1699 25 10
910 1811 25 15
911 963 47 9
911 1146 31 10
911 1165 2 13
911 1370 13 13
912 936 35 6
912 1092 32 2
912 1144 52 3
912 1420 51 13
912 1624 59 10
913 1033 16 15
913 1299 45 15
913 1373 23 8
914 934 8 6
914 1010 18 7
914 1323 6 7
914 1407 35 3
915 1205 52 2
915 1571 59 9
916 1267 13 2
918 1558 19 8
919 1708 57 4
919 1734 18 5
920 1150 30 12
920 1500 8 10
921 1328 19 2
922 1049 38 3
922 1120 2 1
922 1444 55 12
923 1245 13 6
923 1339 19 15
923 1443 1 14
924 1128 60 8
924 1492 27 4
924 1597 54 14
925 958 3 6
925 995 16 15
925 1381 31 13
925 1412 60 2
925 1587 12 6
925 1591 2 13
926 967 9 5
926 1371 47 5
926 1400 56 10
926 1743 10 10
926 1772 54 2
927 1424 10 14
927 1445 2 12
928 1014 36 2
928 1646 35 5
929 1594 5 1
929 1606 48 11
929 1721 1 10
929 1810 11 2
930 1250 46 11
931 1218 59 13
931 1303 51 9
931 1376 35 9
931 1678 30 7
932 1488 48 1
933 1090 33 8
933 1099 2 15
933 1345 46 3
933 1492 58 6
933 1500 14 3
933 1694 16 3
933 1831 27 15
935 966 38 7
935 1023 47 1
935 1232 50 7
936 1567 54 14
936 1770 17 2
937 1798 33 1
937 1809 2 5
939 1236 51 3
939 1357 15 9
940 1012 54 11
940 1410 25 6
941 1048 6 11
941 1140 36 3
941 1347 56 11
941 1768 20 13
942 1063 30 11
942 1118 15 14
942 1226 22 14
943 1040 4 11
943 1456 34 15
943 1538 13 14
943 1833 47 5
944 1176 33 7
944 1454 22 3
945 956 44 1
945 1186 50 14
945 1519 6 4
946 1642 57 9
947 1093 11 7
947 1146 59 5
947 1378 27 14
947 1402 42 10
947 1514 4 3
947 1650 47 7
947 1784 44 9
948 1033 20 5
949 1639 5 12
950 1071 39 12
950 1224 39 15
950 1408 49 6
950 1596 35 14
951 999 13 10
951 1518 31 14
951 1643 10 2
951 1758 6 11
953 1049 30 5
953 1677 1 11
954 1142 57 6
954 1344 26 14
954 1412 2 2
954 1452 41 1
955 1032 20 11
955 1064 13 4
955 1181 52 7
955 1676 45 4
955 1809 17 8
956 1119 36 13
957 997 20 5
957 1000 6 1
957 1117 36 11
957 1295 25 9
957 1384 5 13
957 1594 37 11
958 1076 14 13
958 1403 36 12
958 1496 13 1
958 1554 30 5
958 1557 34 5
959 1034 47 5
959 1209 35 3
959 1374 59 5
959 1658 18 4
960 1169 28 5
960 1304 58 8
961 1187 53 15
961 1306 44 10
961 1568 56 15
961 1786 20 2
962 1034 5 12
962 1164 15 15
962 1428 23 11
963 1331 40 10
963 1381 48 7
963 1532 5 9
963 1559 45 8
963 1669 57 11
964 1129 5 7
964 1340 29 7
965 1305 21 8
965 1697 46 8
965 1778 5 1
966 1160 5 2
966 1552 33 11
966 1823 15 10
967 1120 59 5
967 1235 8 3
968 1433 8 5
968 1459 19 4
968 1622 51 5
969 1697 18 2
970 1030 26 11
970 1133 30 4
970 1746 11 8
971 1071 12 14
971 1463 55 6
972 1078 42 1
972 1170 54 14
972 1223 22 4
972 1299 36 15
972 1307 14 1
972 1618 54 9
972 1666 17 4
973 1020 49 9
973 1450 58 9
973 1657 3 5
974 1252 53 11
974 1581 38 14
975 977 3 12
976 1075 6 14
977 1111 35 3
977 1401 29 11
977 1458 29 13
978 1565 38 1
978 1668 46 9
979 998 24 1
979 1111 54 11
979 1693 58 7
979 1802 23 5
980 1112 27 10
980 1393 60 2
980 1543 54 13
981 1395 60 7
981 1463 53 6
982 1063 30 8
982 1130 43 5
982 1220 2 2
982 1233 5 5
982 1383 17 1
982 1655 57 7
982 1821 36 7
983 1765 7 4
983 1806 7 4
984 1631 51 8
984 1671 6 10
984 1709 40 1
985 1484 24 8
985 1824 8 2
986 1068 40 10
986 1416 51 12
986 1726 3 3
987 1359 47 14
987 1396 40 4
987 1637 9 15
987 1752 16 2
988 1092 39 3
988 1337 54 1
988 1756 51 3
989 1131 35 13
989 1198 24 2
990 1054 52 13
990 1172 36 5
990 1798 48 3
991 1721 49 9
992 1053 26 8
992 1154 26 15
992 1365 50 3
992 1440 22 15
992 1441 37 4
993 1350 32 3
993 1513 46 10
993 1744 52 13
993 1782 1 12
994 1304 40 6
994 1500 42 11
994 1508 14 13
994 1582 55 9
995 998 2 4
995 1117 5 14
995 1530 52 3
995 1566 15 14
995 1815 20 14
996 1194 1 3
996 1431 32 12
998 1075 46 11
998 1585 4 5
998 1837 22 14
999 1229 8 15
999 1397 45 5
999 1431 19 1
999 1485 28 7
999 1516 46 14
999 1585 42 14
1000 1456 7 12
1000 1573 25 5
1001 1033 22 2
1001 1118 10 7
1002 1298 31 7
1002 1317 34 13
1002 1330 38 4
1002 1361 39 7
1002 1760 22 13
1004 1234 28 10
1004 1295 19 9
1004 1577 25 6
1006 1056 13 9
1006 1271 42 3
1006 1603 46 12
1006 1628 20 1
1007 1570 16 9
1007 1822 1 9
1009 1524 60 8
1009 1580 41 14
1010 1809 3 14
1011 1023 53 14
1011 1237 49 7
1011 1824 57 13
1012 1105 9 14
1012 1503 40 10
1013 1034 56 9
1013 1533 20 7
1013 1730 42 9
1013 1817 23 8
1013 1822 8 15
1014 1730 5 13
1014 1784 42 13
1015 1528 24 4
1015 1535 31 1
1015 1598 33 8
1017 1093 9 11
1017 1445 11 3
1017 1500 49 2
1018 1104 37 10
1018 1222 59 4
1018 1510 30 2
1018 1667 23 13
1018 1773 32 4
1019 1116 57 15
1019 1268 18 2
1019 1448 42 14
1020 1024 1 15
1020 1445 9 1
1020 1651 13 5
1020 1759 50 10
1020 1814 32 8
1021 1091 45 9
1021 1647 8 8
1022 1347 28 13
1022 1359 53 10
1022 1572 59 4
1022 1599 23 14
1022 1629 28 14
1023 1105 10 15
1023 1190 27 6
1023 1736 23 5
1023 1807 18 11
1024 1446 2 13
1024 1550 58 2
1024 1648 38 12
1024 1706 39 3
1025 1095 57 6
1025 1443 7 15
1025 1501 20 5
1025 1704 6 6
1027 1438 16 15
1027 1730 6 3
1027 1735 7 15
1027 1830 36 15
1028 1178 57 3
1029 1173 23 8
1029 1417 10 7
1029 1514 32 10
1029 1656 11 12
1030 1512 19 10
1030 1695 16 9
1031 1116 34 4
1031 1272 14 3
1031 1459 59 12
1031 1463 21 12
1031 1481 35 6
1032 1311 41 12
1032 1371 38 10
1032 1588 21 10
1032 1678 21 11
1032 1705 52 13
1032 1785 22 5
1032 1796 35 14
1034 1312 46 6
1034 1603 24 8
1034 1633 8 9
1034 1772 44 15
1035 1712 54 1
1035 1714 56 2
1036 1239 10 12
1036 1339 33 4
1036 1744 53 9
1036 1767 56 12
1037 1111 31 2
1037 1484 51 14
1038 1073 11 5
1038 1336 40 14
1039 1048 8 7
1039 1550 55 3
1039 1632 1 9
1039 1681 37 4
1039 1723 52 2
1041 1244 7 9
1041 1473 38 2
1041 1621 32 10
1042 1083 51 15
1042 1594 57 4
1042 1762 46 5
1043 1567 15 11
1044 1070 6 14
1044 1181 33 7
1045 1200 47 5
1045 1514 58 14
1046 1787 39 5
1047 1747 10 7
1048 1170 20 11
1049 1197 47 4
1050 1063 23 15
1050 1240 28 13
1051 1260 48 7
1051 1552 24 15
1052 1317 44 11
1052 1480 50 15
1052 1592 34 5
1052 1643 55 8
1053 1251 58 1
1053 1350 12 6
1053 1419 2 10
1054 1632 5 4
1054 1641 32 2
1054 1728 17 13
1054 1788 50 11
1055 1687 55 3
1056 1288 19 1
1056 1315 27 6
1056 1527 18 4
1056 1753 47 2
1057 1504 35 8
1057 1524 3 8
1057 1746 47 4
1058 1083 30 12
1058 1091 56 2
1058 1118 57 4
1058 1162 25 13
1058 1197 52 13
1059 1096 32 12
1059 1497 18 12
1059 1651 48 11
1059 1761 53 13
1060 1231 28 15
1060 1527 17 11
1060 1715 29 10
1061 1109 9 4
1061 1305 14 13
1061 1360 17 9
1061 1426 28 3
1061 1548 58 12
1062 1588 28 13
1063 1348 37 4
1063 1416 5 7
1066 1316 17 13
1066 1337 56 3
1067 1314 26 14
1067 1433 5 2
1068 1131 3 9
1068 1247 51 1
1068 1725 1 2
1069 1074 36 15
1069 1185 2 15
1069 1485 22 11
1069 1524 1 9
1069 1748 41 15
1069 1797 29 3
1070 1113 17 4
1070 1126 5 5
1070 1616 7 14
1071 1563 39 10
1071 1698 49 15
1072 1766 19 9
1072 1789 57 9
1073 1272 56 8
1074 1467 51 8
1074 1611 48 11
1075 1469 13 13
1075 1575 24 3
1075 1632 51 7
1076 1536 48 2
1077 1451 13 9
1078 1365 38 15
1078 1654 3 11
1078 1751 33 11
1078 1782 45 6
1079 1166 28 3
1079 1637 16 9
1079 1638 9 1
1079 1673 31 6
1080 1379 6 15
1080 1669 59 13
1080 1777 44 2
1081 1500 15 11
1082 1374 1 9
1082 1774 40 10
1083 1086 55 2
1083 1197 29 4
1083 1458 11 4
1083 1526 52 6
1083 1548 38 9
1083 1799 12 2
1084 1107 52 10
1084 1694 28 2
1086 1093 36 11
1086 1193 40 11
1086 1458 7 9
1086 1508 9 9
1086 1533 27 1
1087 1172 40 1
1087 1249 21 5
1087 1370 31 4
1088 1229 45 1
1088 1626 40 5
1089 1306 33 6
1089 1582 23 15
1090 1560 39 7
1090 1596 32 14
1091 1316 14 13
1091 1473 58 6
1091 1600 43 11
1091 1752 8 13
1092 1202 59 5
1092 1330 55 11
1093 1151 25 3
1093 1290 27 9
1093 1435 56 5
1093 1827 24 13
1094 1351 8 1
1094 1374 52 4
1095 1677 40 7
1096 1475 60 1
1097 1327 51 5
1097 1606 36 10
1098 1381 50 5
1098 1416 25 8
1098 1531 52 11
1099 1548 57 9
1099 1587 12 12
1100 1235 20 7
1100 1259 37 5
1101 1261 25 4
1101 1740 30 3
1102 1166 33 11
1102 1179 12 8
1102 1504 14 6
1102 1808 27 11
1103 1208 11 9
1103 1501 13 12
1103 1595 4 13
1104 1232 36 6
1104 1347 5 5
1104 1414 31 8
1104 1450 17 8
1105 1321 33 1
1105 1445 58 14
1105 1557 13 5
1105 1784 4 9
1106 1377 26 10
1106 1687 16 5
1106 1693 37 4
1107 1542 31 13
1107 1783 56 8
1107 1792 38 8
1109 1518 30 3
1109 1738 26 4
1110 1198 46 9
1110 1374 55 8
1110 1702 21 12
1111 1473 18 7
1113 1127 51 15
1113 1410 58 8
1113 1571 52 4
1114 1405 20 5
1114 1483 17 12
1115 1144 12 12
1116 1132 27 12
1116 1241 37 3
1116 1604 60 1
1116 1606 34 2
1117 1265 56 11
1118 1146 24 11
1118 1439 49 7
1118 1810 46 7
1119 1511 56 13
1119 1514 9 3
1119 1526 3 9
1119 1569 35 1
1119 1618 59 13
1120 1184 40 5
1120 1212 32 1
1121 1185 4 5
1121 1404 8 4
1122 1827 13 2
1123 1310 56 10
1123 1336 54 8
1123 1403 34 10
1123 1555 39 5
1124 1297 16 8
1125 1256 17 3
1126 1576 58 12
1126 1593 58 3
1126 1801 24 1
1127 1162 39 2
1127 1562 58 15
1127 1579 42 7
1127 1633 20 7
1128 1148 35 9
1128 1267 59 5
1128 1280 26 15
1128 1291 16 1
1128 1762 59 14
1129 1246 32 11
1129 1359 33 13
1129 1675 30 13
1130 1646 1 10
1130 1696 33 14
1131 1224 12 5
1131 1417 27 14
1132 1332 9 12
1132 1482 51 3
1133 1571 27 1
1133 1749 48 2
1134 1174 2 10
1134 1264 14 15
1134 1388 34 10
1134 1622 54 4
1134 1690 9 7
1135 1494 59 12
1135 1682 57 4
1135 1791 54 8
1136 1423 8 4
1136 1657 46 14
1137 1211 20 11
1137 1467 15 15
1137 1470 1 8
1138 1258 5 12
1138 1544 13 15
1138 1577 58 12
1139 1194 14 10
1139 1346 37 1
1139 1579 23 5
1140 1201 44 1
1140 1800 43 5
1141 1382 48 12
1141 1394 35 14
1142 1250 51 4
1142 1414 52 5
1142 1415 17 4
1142 1576 17 5
1142 1745 3 7
1145 1695 57 10
1146 1285 10 10
1146 1532 3 5
1146 1637 50 9
1146 1834 47 6
1148 1383 32 6
1148 1423 55 11
1148 1722 56 5
1149 1704 50 15
1149 1826 39 13
1150 1161 53 12
1150 1468 14 9
1150 1675 18 9
1150 1713 28 2
1151 1427 46 2
1151 1546 50 14
1152 1581 2 3
1152 1631 50 10
1154 1319 32 15
1155 1201 34 7
1155 1552 28 8
1155 1553 24 2
1155 1680 57 8
1156 1350 3 3
1156 1530 50 2
1156 1752 8 14
1157 1286 27 9
1157 1291 53 9
1157 1408 44 11
1157 1448 53 13
1157 1627 60 5
1158 1659 18 10
1160 1547 32 2
1161 1277 57 9
1161 1455 14 2
1162 1334 42 2
1162 1374 37 9
1164 1459 19 15
1165 1777 12 7
1166 1397 15 3
1167 1397 48 12
1167 1648 26 9
1167 1663 45 1
1168 1425 12 3
1169 1298 60 12
1169 1342 47 12
1169 1547 49 3
1169 1614 8 10
1169 1693 50 1
1169 1723 4 2
1170 1232 12 6
1170 1837 41 7
1172 1348 10 7
1172 1414 37 12
1172 1563 8 2
1172 1721 49 7
1174 1257 10 12
1175 1413 33 14
1175 1453 56 12
1176 1484 36 15
1177 1377 48 4
1177 1554 7 5
1177 1559 47 3
1178 1581 50 1
1179 1303 20 15
1179 1428 47 5
1180 1252 27 12
1180 1409 24 6
1181 1276 28 11
1181 1718 16 2
1181 1733 57 15
1182 1251 9 5
1182 1365 2 10
1182 1691 26 4
1183 1208 5 1
1183 1807 56 4
1184 1195 46 11
1184 1485 8 11
1184 1497 51 4
1184 1521 37 6
1184 1562 26 5
1184 1571 49 1
1185 1260 41 13
1185 1309 7 7
1185 1325 27 4
1185 1458 50 4
1186 1358 11 4
1186 1601 2 10
1186 1699 59 8
1187 1754 11 7
1188 1479 55 11
1188 1490 57 5
1188 1618 14 2
1189 1502 20 14
1189 1748 30 3
1191 1264 4 9
1191 1341 25 7
1191 1403 17 8
1192 1531 10 2
1193 1320 11 7
1193 1370 6 8
1193 1391 28 11
1193 1615 21 2
1194 1208 4 14
1194 1791 43 1
1195 1663 43 11
1195 1821 31 8
1196 1225 9 11
1196 1368 7 7
1197 1398 35 2
1197 1570 8 9
1197 1760 55 4
1198 1285 44 8
1198 1349 52 11
1198 1387 10 10
1198 1755 12 2
1199 1645 52 14
1200 1326 31 9
1200 1377 23 1
1200 1678 38 12
1201 1316 60 4
1201 1363 39 15
1201 1406 11 12
1201 1478 42 4
1202 1212 56 10
1202 1728 43 10
1202 1744 22 1
1202 1821 39 3
1203 1609 13 14
1204 1479 12 9
1204 1746 26 10
1205 1217 26 13
1205 1297 42 8
1205 1523 23 7
1205 1576 19 10
1206 1614 17 2
1206 1783 13 4
1207 1291 52 8
1207 1471 35 14
1207 1718 15 11
1208 1378 35 1
1208 1495 54 1
1208 1630 25 5
1208 1742 31 2
1208 1767 32 5
1209 1324 41 4
1210 1395 4 1
1210 1452 19 7
1210 1524 33 12
1210 1602 11 7
1212 1514 57 13
1213 1649 5 12
1214 1270 48 15
1214 1538 40 3
1215 1359 30 8
1215 1833 1 1
1216 1284 13 13
1216 1398 26 4
1216 1413 51 5
1217 1230 3 9
1217 1349 60 8
1218 1660 7 12
1218 1750 31 7
1218 1781 58 13
1219 1408 18 1
1220 1396 37 8
1220 1505 15 2
1221 1509 57 7
1221 1671 48 2
1221 1759 46 9
1222 1385 10 9
1222 1804 48 8
1223 1763 32 15
1224 1710 57 7
1224 1711 41 2
1224 1824 6 2
1225 1228 25 4
1225 1296 30 4
1225 1332 41 5
1225 1497 6 5
1226 1262 39 15
1226 1627 36 15
1227 1697 37 4
1227 1812 40 5
1228 1381 47 8
1228 1555 32 15
1229 1233 40 10
1229 1434 43 2
1230 1475 60 2
1230 1540 2 10
1230 1595 41 12
1230 1793 32 9
1231 1383 3 6
1231 1411 39 14
1231 1560 3 6
1231 1810 53 1
1232 1664 8 13
1234 1309 48 9
1236 1776 21 3
1237 1295 4 9
1237 1332 47 12
1237 1551 1 10
1237 1737 22 6
1238 1488 55 12
1239 1519 47 4
1240 1264 1 9
1240 1281 50 15
1240 1661 19 1
1241 1255 48 12
1241 1519 5 6
1243 1278 9 10
1243 1394 6 6
1244 1304 8 5
1244 1523 33 14
1244 1570 33 14
1244 1691 1 3
1246 1258 17 5
1246 1344 55 4
1247 1661 54 14
1247 1811 48 6
1248 1356 45 2
1248 1824 25 5
1249 1693 31 8
1250 1394 3 9
1250 1754 13 8
1252 1763 20 9
1254 1440 7 13
1254 1554 15 11
1254 1576 42 2
1256 1414 25 10
1256 1593 42 15
1257 1501 44 11
1257 1562 31 4
1257 1573 24 2
1257 1737 52 13
1258 1366 39 6
1258 1560 50 9
1258 1761 8 8
1259 1724 8 7
1260 1627 28 1
1260 1662 22 3
1261 1742 11 7
1261 1744 50 1
1261 1798 44 7
1262 1677 25 12
1263 1422 34 8
1263 1786 25 9
1264 1720 58 3
1264 1722 1 10
1265 1266 37 4
1265 1398 60 3
1265 1751 32 11
1266 1462 26 15
1266 1640 14 1
1266 1687 11 5
1267 1410 59 9
1268 1346 15 12
1268 1730 28 12
1269 1370 18 8
1269 1696 26 4
1270 1471 28 6
1271 1555 50 7
1272 1722 27 1
1273 1481 27 4
1273 1837 49 7
1274 1303 14 13
1274 1413 40 6
1274 1507 34 4
1274 1613 16 15
1275 1489 23 7
1275 1740 6 13
1276 1797 55 8
1277 1435 48 8
1277 1473 39 10
1279 1481 23 5
1279 1582 50 14
1279 1823 35 11
1280 1659 49 13
1281 1650 14 9
1281 1655 10 13
1282 1298 51 11
1282 1398 43 15
1282 1399 19 5
1282 1781 47 3
1283 1317 8 4
1283 1371 26 6
1283 1391 43 2
1283 1640 57 12
1284 1402 32 15
1284 1462 9 7
1285 1388 37 11
1285 1391 17 13
1285 1435 12 7
1285 1579 35 12
1285 1743 34 13
1286 1336 52 4
1286 1432 52 1
1286 1650 28 7
1286 1731 12 5
1287 1783 52 6
1288 1502 14 4
1288 1524 55 15
1289 1292 50 10
1289 1406 47 12
1289 1600 10 6
1290 1616 22 12
1292 1588 33 5
1292 1759 50 3
1293 1746 46 9
1294 1357 10 10
1294 1398 17 8
1294 1672 11 8
1294 1755 32 6
1295 1705 18 15
1295 1802 12 3
1297 1714 4 13
1299 1415 38 4
1299 1443 42 15
1299 1758 46 7
1300 1393 10 10
1301 1663 55 5
1302 1432 49 8
1302 1626 57 6
1302 1655 31 10
1303 1338 42 7
1303 1404 40 3
1304 1601 17 11
1305 1362 17 14
1305 1432 50 13
1305 1682 55 8
1305 1689 23 7
1305 1827 38 9
1306 1332 40 1
1306 1344 53 8
1306 1455 12 2
1307 1756 39 15
1308 1338 53 3
1308 1632 42 5
1309 1681 14 11
1310 1717 20 12
1310 1785 60 12
1310 1819 29 11
1312 1322 2 2
1312 1389 3 1
1312 1752 5 4
1312 1757 3 7
1313 1569 38 12
1314 1389 53 7
1314 1636 52 15
1314 1818 42 14
1315 1555 56 15
1315 1566 27 4
1315 1730 37 10
1315 1754 48 9
1316 1364 26 8
1316 1612 19 3
1316 1633 25 8
1317 1763 57 9
1317 1782 23 13
1318 1335 16 7
1318 1399 60 6
1319 1378 45 11
1320 1510 12 8
1320 1583 34 8
1322 1367 26 2
1322 1782 50 9
1323 1399 44 9
1323 1461 55 5
1323 1828 32 14
1324 1444 49 13
1328 1573 34 11
1330 1392 41 3
1330 1414 2 13
1330 1830 34 11
1331 1660 53 13
1337 1464 17 1
1338 1521 49 9
1339 1576 50 9
1340 1552 30 3
1340 1795 48 12
1341 1685 37 10
1341 1768 42 2
1342 1397 32 9
1342 1439 27 14
1342 1501 39 9
1342 1622 58 11
1343 1447 21 15
1344 1509 58 6
1345 1590 41 8
1346 1771 14 5
1347 1727 42 1
1348 1500 56 1
1349 1416 30 4
1349 1639 47 14
1351 1353 54 5
1352 1698 17 8
1353 1370 60 3
1354 1384 54 11
1354 1726 20 7
1355 1397 46 8
1355 1465 8 14
1355 1719 25 6
1356 1367 43 14
1356 1393 14 5
1356 1526 39 4
1356 1744 9 12
1358 1434 20 3
1358 1479 30 15
1358 1492 46 1
1358 1688 11 9
1359 1705 55 2
1361 1784 23 9
1362 1404 4 8
1362 1705 59 1
1363 1813 47 12
1364 1378 22 14
1364 1405 1 8
1364 1554 29 15
1365 1515 50 13
1369 1476 26 2
1369 1801 34 1
1373 1650 42 5
1373 1681 50 2
1374 1445 38 5
1374 1724 20 7
1375 1379 22 8
1375 1500 37 14
1375 1551 16 8
1375 1582 28 12
1375 1630 17 8
1376 1811 18 2
1377 1763 35 14
1380 1468 14 9
1380 1657 35 11
1381 1548 8 11
1381 1639 23 11
1381 1764 22 6
1382 1504 46 6
1382 1764 47 4
1383 1506 19 10
1383 1798 6 14
1384 1673 54 7
1384 1697 50 7
1385 1548 49 12
1385 1593 28 13
1385 1724 24 9
1386 1397 57 13
1386 1401 51 3
1386 1402 24 2
1386 1475 23 5
1386 1600 40 6
1387 1394 48 11
1387 1715 60 4
1388 1522 59 7
1388 1680 18 15
1389 1518 23 3
1389 1545 16 6
1389 1657 4 2
1389 1779 53 10
1390 1484 12 12
1390 1530 56 8
1390 1708 1 10
1391 1597 49 1
1392 1494 55 12
1394 1433 6 13
1395 1516 33 5
1395 1712 27 7
1396 1809 57 11
1398 1732 19 4
1399 1543 55 6
1399 1556 3 5
1399 1560 13 3
1399 1616 45 15
1399 1791 32 1
1400 1457 17 7
1400 1687 24 10
1402 1440 1 5
1402 1503 50 5
1402 1736 32 12
1402 1832 49 7
1403 1429 45 2
1403 1509 59 10
1403 1510 25 1
1403 1528 32 5
1403 1634 43 1
1405 1781 26 1
1405 1803 57 5
1406 1574 37 5
1406 1597 45 13
1406 1669 45 6
1407 1444 14 14
1408 1430 27 10
1408 1606 30 4
1408 1621 16 8
1408 1731 60 1
1409 1411 39 6
1409 1651 51 14
1411 1650 53 15
1411 1787 44 10
1411 1834 26 15
1413 1515 29 13
1414 1422 31 8
1414 1757 2 13
1414 1781 43 12
1415 1451 55 14
1415 1747 52 13
1416 1534 10 3
1416 1673 33 2
1416 1830 53 5
1417 1509 14 15
1417 1618 18 12
1417 1798 46 13
1419 1526 46 10
1419 1673 60 1
1420 1620 46 1
1421 1642 11 15
1422 1493 17 12
1423 1808 5 2
1424 1456 20 1
1424 1572 5 2
1424 1649 19 5
1424 1798 7 14
1425 1624 34 9
1425 1742 20 5
1427 1461 11 12
1427 1557 48 13
1428 1476 1 7
1428 1491 52 3
1429 1433 10 4
1429 1687 32 10
1429 1725 49 1
1429 1785 2 2
1430 1818 11 5
1432 1764 24 5
1432 1804 30 10
1434 1618 48 10
1436 1567 4 13
1436 1756 1 8
1437 1475 26 12
1437 1537 29 5
1437 1642 24 13
1438 1620 2 11
1439 1817 5 11
1441 1576 36 8
1442 1765 20 13
1442 1811 8 14
1443 1452 20 6
1446 1531 9 9
1446 1588 41 5
1446 1829 27 4
1448 1581 5 8
1451 1459 19 8
1453 1524 41 14
1453 1543 45 6
1453 1698 3 9
1453 1755 23 3
1454 1554 38 10
1455 1524 2 3
1455 1646 27 15
1456 1631 31 11
1457 1477 19 1
1457 1597 36 11
1458 1533 18 15
1458 1615 50 2
1458 1750 54 8
1458 1809 5 5
1459 1623 11 8
1460 1466 44 5
1460 1477 48 11
1461 1700 59 6
1461 1756 48 6
1462 1568 21 7
1464 1506 33 15
1466 1663 51 5
1467 1720 38 12
1468 1541 38 12
1469 1718 1 13
1470 1534 44 3
1472 1573 28 12
1472 1594 55 2
1472 1615 21 10
1472 1686 4 5
1474 1693 8 5
1474 1722 35 3
1474 1786 22 15
1474 1798 20 2
1477 1771 6 11
1477 1819 41 11
1477 1833 11 1
1479 1554 4 15
1482 1567 52 7
1483 1542 26 8
1484 1835 59 5
1485 1602 46 6
1485 1684 15 5
1487 1533 27 4
1488 1519 35 14
1488 1588 36 6
1489 1759 43 12
1489 1833 3 9
1490 1520 56 14
1490 1575 60 11
1490 1754 34 5
1491 1746 26 12
1491 1763 17 1
1494 1499 54 5
1494 1812 43 12
1495 1530 1 13
1495 1742 34 2
1497 1581 15 8
1497 1638 14 3
1499 1612 51 6
1500 1557 55 2
1500 1639 23 3
1501 1753 39 6
1502 1791 10 7
1503 1700 27 9
1503 1806 59 10
1506 1689 48 1
1507 1531 10 6
1507 1814 26 2
1509 1602 3 12
1509 1669 32 13
1511 1519 28 10
1512 1748 57 12
1512 1823 49 5
1513 1689 36 3
1513 1698 7 4
1514 1710 8 10
1514 1767 45 4
1515 1816 5 15
1518 1719 19 5
1518 1722 30 8
1518 1772 10 11
1519 1837 26 14
1520 1589 8 13
1520 1605 13 10
1521 1674 59 4
1522 1733 25 3
1525 1643 34 3
1525 1667 34 8
1525 1718 45 3
1528 1673 12 15
1528 1676 54 15
1530 1799 25 10
1532 1555 60 6
1532 1769 47 13
1534 1697 52 3
1534 1716 36 14
1538 1577 19 9
1538 1696 34 5
1538 1799 19 15
1539 1794 39 1
1541 1603 1 11
1541 1617 20 2
1541 1739 44 7
1542 1662 46 6
1543 1577 2 8
1544 1609 43 15
1544 1815 48 7
1545 1793 22 9
1547 1622 54 1
1547 1666 2 7
1548 1693 14 7
1549 1582 2 3
1550 1647 6 8
1550 1805 38 4
1551 1654 15 3
1552 1685 49 12
1554 1668 40 10
1554 1686 7 8
1555 1840 22 8
1556 1774 35 1
1558 1824 54 10
1559 1769 3 3
1559 1776 31 11
1559 1834 27 9
1560 1778 5 11
1561 1726 19 6
1561 1771 45 6
1562 1584 21 2
1563 1657 17 13
1563 1677 60 11
1563 1712 26 7
1565 1679 40 8
1566 1640 4 2
1566 1814 8 13
1569 1616 32 15
1569 1683 16 11
1569 1700 21 1
1570 1659 19 7
1571 1795 22 4
1572 1587 5 2
1572 1777 7 13
1573 1779 36 6
1574 1747 57 10
1575 1758 40 12
1575 1799 59 1
1575 1805 9 7
1577 1599 21 2
1579 1645 43 8
1579 1754 50 10
1581 1629 4 7
1581 1698 60 13
1581 1723 53 7
1584 1698 42 9
1585 1727 37 9
1586 1823 11 11
1587 1618 40 4
1587 1812 14 14
1588 1799 32 11
1589 1629 38 6
1589 1710 16 14
1593 1727 45 7
1594 1601 54 3
1595 1630 55 14
1595 1800 18 4
1597 1730 34 15
1598 1739 50 8
1598 1797 9 1
1599 1607 3 1
1599 1671 7 14
1600 1840 14 7
1604 1716 31 3
1604 1762 39 8
1604 1839 27 15
1605 1649 18 14
1608 1779 45 13
1609 1790 52 14
1610 1801 26 1
1611 1658 4 1
1612 1825 41 13
1613 1666 21 12
1613 1735 21 13
1613 1745 8 6
1613 1757 17 14
1616 1833 59 14
1617 1669 48 15
1617 1729 10 11
1618 1793 4 3
1619 1785 32 10
1620 1690 23 8
1620 1744 17 8
1621 1778 2 1
1623 1673 56 11
1625 1686 14 5
1627 1818 32 2
1628 1762 21 14
1629 1747 18 4
1630 1780 32 10
1631 1695 24 9
1633 1764 15 1
1633 1835 31 10
1634 1752 41 4
1634 1754 28 12
1635 1795 5 11
1639 1784 36 4
1640 1789 29 6
1641 1792 17 9
1644 1828 38 13
1652 1705 22 10
1653 1691 48 7
1655 1753 12 2
1659 1786 3 15
1659 1791 13 15
1666 1683 17 4
1667 1745 46 5
1671 1723 8 4
1672 1840 54 15
1677 1770 29 14
1679 1681 60 7
1680 1709 11 1
1680 1775 35 6
1681 1814 4 11
1683 1802 21 13
1685 1794 51 4
1689 1740 31 2
1689 1781 31 15
1690 1723 15 3
1690 1833 1 10
1696 1724 17 13
1698 1834 16 15
1700 1820 58 3
1704 1816 28 2
1705 1789 18 14
1712 1727 47 1
1713 1731 8 5
1716 1819 51 5
1716 1830 59 9
1722 1735 14 1
1722 1818 41 4
1723 1740 49 9
1723 1786 23 4
1725 1822 4 11
1729 1730 7 15
1731 1801 34 11
1731 1823 49 15
1742 1840 59 15
1754 1790 38 1
1760 1770 31 10
1767 1819 14 14
1771 1797 20 5
1771 1837 16 9
1772 1811 2 7
1776 1834 49 15
1799 1813 24 13
1819 1824 44 8

0 14 25
1 15 20
2 49 37
3 67 27
4 115 21
5 118 29
6 139 19
7 142 12
8 145 23
9 149 31
10 188 31
11 193 49
12 221 26
13 226 48
14 236 36
15 239 45
16 270 10
17 284 19
18 310 24
19 311 37
20 319 13
21 322 11
22 324 31
23 334 33
24 344 46
25 349 40
26 354 33
27 356 42
28 359 34
29 361 30
30 379 48
31 391 8
32 392 28
33 402 34
34 406 8
35 407 15
36 409 4
37 417 45
38 423 44
39 442 11
40 443 22
41 449 33
42 464 46
43 469 37
44 471 10
45 492 36
46 494 21
47 500 2
48 502 36
49 504 45
50 506 16
51 514 50
52 519 10
53 538 17
54 542 49
55 548 33
56 550 12
57 581 2
58 589 37
59 597 24
60 618 42
61 620 5
62 657 14
63 666 1
64 668 11
65 673 8
66 680 32
67 688 11
68 693 6
69 696 30
70 704 47
71 709 35
72 711 27
73 724 11
74 737 11
75 742 34
76 747 39
77 762 35
78 775 30
79 781 14
80 783 32
81 791 26
82 800 8
83 802 41
84 808 19
85 817 33
86 831 3
87 837 47
88 849 48
89 867 19
90 870 14
91 876 48
92 905 25
93 912 33
94 913 3
95 915 17
96 921 25
97 923 23
98 933 16
99 945 33
100 952 48
101 957 18
102 970 37
103 980 42
104 1005 39
105 1008 28
106 1064 5
107 1066 48
108 1067 39
109 1076 14
110 1095 40
111 1096 14
112 1106 50
113 1122 43
114 1155 50
115 1157 28
116 1184 3
117 1215 45
118 1241 43
119 1244 21
120 1256 4
121 1261 33
122 1263 7
123 1266 45
124 1269 32
125 1272 13
126 1283 19
127 1284 50
128 1290 5
129 1301 38
130 1307 2
131 1319 2
132 1330 47
133 1333 12
134 1345 35
135 1347 18
136 1351 23
137 1352 5
138 1365 25
139 1370 10
140 1371 36
141 1377 27
142 1386 40
143 1388 28
144 1401 46
145 1411 7
146 1413 36
147 1417 25
148 1419 45
149 1423 39
150 1431 32
151 1464 12
152 1469 5
153 1488 36
154 1514 19
155 1531 27
156 1536 43
157 1551 47
158 1566 4
159 1568 7
160 1595 47
161 1609 23
162 1612 7
163 1626 45
164 1638 1
165 1639 33
166 1643 23
167 1656 26
168 1669 15
169 1680 46
170 1683 26
171 1692 20
172 1694 30
173 1696 30
174 1702 25
175 1708 45
176 1716 8
177 1750 32
178 1790 26
179 1795 4
180 1798 30
181 1808 1
182 1818 26
183 1835 1
