1335 5321 133 15

0 30 3604
1 60 7451
2 90 11552
3 120 15920
4 150 20567
5 180 25508
6 210 30758
7 240 36331
8 270 42243
9 300 48511
10 330 55152
11 360 62183
12 390 69625
13 420 77495
14 450 85815

0 38609
1 18138
2 34940
3 32698
4 39584
5 31923
6 28419
7 36288
8 30402
9 31224
10 26142
11 31412
12 34622
13 38212
14 37304
15 39848
16 43495
17 35020
18 32405
19 43799
20 31056
21 28252
22 23172
23 41038
24 28313
25 29829
26 36463
27 33612
28 27712
29 29144
30 45352
31 46277
32 42721
33 28775
34 29746
35 37044
36 43459
37 34510
38 42145
39 30813
40 36455
41 38011
42 43490
43 41793
44 27812
45 40840
46 41563
47 34006
48 39305
49 27041
50 43302
51 32947
52 33560
53 32855
54 28921
55 45312
56 44061
57 46755
58 38024
59 32481
60 28350
61 39661
62 39444
63 44218
64 33498
65 40692
66 30509
67 37623
68 31195
69 39698
70 39845
71 28447
72 37263
73 52807
74 32125
75 32900
76 42307
77 34786
78 29049
79 34820
80 45839
81 38974
82 26976
83 34092
84 31141
85 35764
86 43335
87 26149
88 29366
89 37540
90 35552
91 34308
92 30551
93 28130
94 28744
95 45543
96 47744
97 25647
98 33306
99 41757
100 36408
101 39207
102 34965
103 40528
104 33417
105 42548
106 46110
107 35083
108 35714
109 36748
110 39741
111 21480
112 33487
113 42906
114 33952
115 31027
116 35261
117 31972
118 33641
119 26226
120 27359
121 42703
122 38393
123 40284
124 34237
125 35168
126 44292
127 43805
128 29822
129 37533
130 41888
131 38769
132 28287
133 36602
134 30729
135 28285
136 38180
137 27196
138 25212
139 36840
140 37144
141 38480
142 30829
143 32749
144 45726
145 37257
146 47704
147 45374
148 28325
149 33387
150 32893
151 46257
152 42396
153 39280
154 53310
155 30176
156 43284
157 43598
158 36957
159 45106
160 41931
161 39005
162 30907
163 41953
164 28830
165 36367
166 39052
167 34094
168 38030
169 37103
170 39429
171 46228
172 40491
173 37297
174 32311
175 33340
176 35141
177 43354
178 33669
179 44339
180 29374
181 41712
182 31567
183 36821
184 38496
185 32153
186 35033
187 31876
188 35989
189 26926
190 39070
191 29970
192 37127
193 25163
194 36686
195 30503
196 38471
197 27998
198 43746
199 45354
200 48580
201 41372
202 49382
203 39771
204 35737
205 36611
206 41185
207 43424
208 29963
209 33232
210 42640
211 41055
212 32676
213 42615
214 37778
215 32102
216 18138
217 33189
218 29091
219 35195
220 36043
221 41272
222 29489
223 38875
224 54540
225 32400
226 38664
227 40900
228 38115
229 43658
230 33057
231 36399
232 38467
233 37829
234 47763
235 40637
236 31618
237 39291
238 43622
239 38966
240 35420
241 35008
242 30692
243 33806
244 47533
245 30846
246 34730
247 40496
248 29031
249 25848
250 40617
251 42726
252 36938
253 45225
254 31044
255 43952
256 32896
257 34195
258 41401
259 40525
260 30788
261 40575
262 45263
263 36599
264 27298
265 34410
266 37010
267 37824
268 39143
269 41134
270 42383
271 38430
272 33162
273 46083
274 41240
275 35400
276 37495
277 26993
278 41614
279 30989
280 38763
281 30133
282 30382
283 40828
284 30503
285 37899
286 36022
287 34863
288 26036
289 36189
290 40601
291 30010
292 47876
293 33326
294 42450
295 39408
296 30383
297 39634
298 34619
299 35858
300 36688
301 34741
302 37116
303 38729
304 48108
305 39946
306 42115
307 40279
308 26924
309 35501
310 42379
311 32374
312 21667
313 28438
314 35982
315 37027
316 41897
317 35351
318 33116
319 29025
320 52908
321 24578
322 29329
323 25071
324 45357
325 42465
326 35118
327 38355
328 20938
329 40339
330 46363
331 40499
332 31468
333 29476
334 36096
335 35325
336 29940
337 37089
338 35059
339 32282
340 41523
341 39127
342 41349
343 35883
344 26642
345 55229
346 39186
347 34695
348 37225
349 37570
350 44462
351 40849
352 47866
353 44524
354 23593
355 26431
356 35179
357 40292
358 41973
359 36435
360 38357
361 33151
362 39400
363 40179
364 38324
365 34577
366 37002
367 29559
368 39684
369 35884
370 43652
371 40182
372 30291
373 48000
374 27403
375 26903
376 31178
377 38657
378 40951
379 34196
380 36811
381 38849
382 36408
383 45888
384 40761
385 26785
386 34678
387 27087
388 35681
389 32741
390 40345
391 46102
392 38886
393 44063
394 32921
395 31334
396 36100
397 30553
398 40413
399 43450
400 28570
401 48937
402 45191
403 39334
404 35328
405 32510
406 49821
407 43166
408 30975
409 35790
410 52043
411 27645
412 43036
413 33043
414 27620
415 28822
416 31131
417 39695
418 31871
419 35448
420 29507
421 30090
422 29657
423 42211
424 42025
425 41596
426 37679
427 37241
428 28971
429 43735
430 39323
431 39442
432 43724
433 46499
434 42183
435 40825
436 33960
437 36383
438 23965
439 34690
440 41049
441 32238
442 31762
443 27843
444 37749
445 42921
446 36449
447 30970
448 32257
449 27880
450 34567
451 35616
452 43208
453 39223
454 37026
455 36052
456 30590
457 34238
458 42521
459 23527
460 42490
461 40972
462 32569
463 39919
464 35263
465 29913
466 43886
467 33612
468 20748
469 24965
470 32215
471 48097
472 33950
473 38090
474 45464
475 38636
476 40207
477 40136
478 27800
479 30858
480 30232
481 27395
482 31308
483 35421
484 38891
485 23383
486 41067
487 32614
488 31247
489 42621
490 39567
491 51760
492 41276
493 31856
494 37475
495 43992
496 30062
497 32808
498 33063
499 38526
500 35698
501 40728
502 37187
503 37194
504 34486
505 32574
506 33750
507 35213
508 42946
509 27598
510 28511
511 26126
512 37538
513 38300
514 41790
515 37728
516 33308
517 23854
518 38393
519 28360
520 36294
521 36373
522 35733
523 36924
524 33248
525 27380
526 32675
527 41246
528 30230
529 22915
530 26057
531 45125
532 30772
533 42345
534 41647
535 37508
536 38101
537 33208
538 45482
539 32246
540 33859
541 27792
542 38094
543 26765
544 45989
545 34192
546 33467
547 40777
548 34063
549 35732
550 47717
551 39165
552 30083
553 27879
554 32367
555 32118
556 25196
557 44418
558 40649
559 40636
560 49527
561 26110
562 28763
563 42088
564 41762
565 45269
566 27402
567 39115
568 36227
569 37795
570 35302
571 41267
572 35181
573 32155
574 44623
575 28412
576 31221
577 25539
578 33980
579 31315
580 38770
581 25458
582 36733
583 35834
584 27978
585 42923
586 48441
587 40342
588 33209
589 33842
590 34180
591 45274
592 25344
593 44161
594 42988
595 36179
596 39815
597 42019
598 45959
599 46305
600 30004
601 43134
602 30664
603 33239
604 39922
605 35733
606 37985
607 39136
608 28089
609 42918
610 25967
611 35962
612 40909
613 39087
614 38840
615 38908
616 43183
617 38594
618 34083
619 36596
620 28219
621 35274
622 38303
623 27934
624 43892
625 42485
626 42091
627 30410
628 32219
629 40189
630 39554
631 31572
632 29258
633 33950
634 39755
635 31995
636 29963
637 38536
638 34711
639 22905
640 26516
641 38410
642 36699
643 34719
644 37426
645 51772
646 42959
647 51060
648 27568
649 32049
650 41307
651 40390
652 37566
653 37548
654 28858
655 38327
656 27544
657 35106
658 32084
659 33369
660 37994
661 31419
662 26520
663 31631
664 37240
665 38113
666 40369
667 40683
668 36389
669 44027
670 45925
671 38851
672 38449
673 33792
674 33879
675 37526
676 52946
677 44965
678 41180
679 27541
680 35546
681 31447
682 24090
683 40135
684 25281
685 37072
686 37401
687 39361
688 44112
689 25448
690 34423
691 44300
692 40024
693 35932
694 44847
695 40384
696 25754
697 39730
698 29324
699 38985
700 30010
701 32691
702 34361
703 30417
704 34026
705 40682
706 32006
707 35967
708 35903
709 32017
710 29664
711 23078
712 33314
713 43628
714 43762
715 38038
716 44631
717 36766
718 29570
719 42615
720 33173
721 48304
722 47799
723 35670
724 45837
725 36827
726 38405
727 48218
728 37479
729 43372
730 46954
731 30780
732 32694
733 30278
734 41136
735 24994
736 40704
737 40432
738 42348
739 42524
740 43199
741 36388
742 29918
743 44159
744 25918
745 32986
746 38027
747 28716
748 35105
749 47218
750 34159
751 39469
752 38756
753 40867
754 41956
755 37290
756 48994
757 43463
758 38810
759 42346
760 39684
761 36075
762 39167
763 30789
764 23519
765 45054
766 36050
767 29733
768 34708
769 35192
770 50231
771 42766
772 41324
773 39448
774 34653
775 42857
776 29932
777 33098
778 31613
779 38972
780 39523
781 28109
782 33213
783 31358
784 36689
785 30267
786 34200
787 31238
788 30881
789 34308
790 33271
791 32908
792 35295
793 40954
794 40976
795 30832
796 34870
797 40072
798 42973
799 37788
800 36103
801 29754
802 49442
803 24242
804 37071
805 33789
806 34794
807 42708
808 31692
809 31425
810 36799
811 48296
812 30244
813 34726
814 46880
815 36288
816 35935
817 39232
818 40961
819 22496
820 46613
821 36526
822 36573
823 32280
824 32392
825 32454
826 31517
827 31469
828 30231
829 43531
830 34679
831 32893
832 37927
833 30170
834 35091
835 29477
836 33995
837 29871
838 41598
839 36257
840 43820
841 41402
842 39063
843 31723
844 23156
845 38309
846 42965
847 37783
848 33394
849 41197
850 28995
851 32512
852 45290
853 33589
854 43124
855 28385
856 30933
857 46171
858 28041
859 35734
860 29762
861 42946
862 26812
863 30980
864 34231
865 38455
866 46087
867 38224
868 37641
869 39900
870 28610
871 32938
872 37372
873 25323
874 37877
875 35259
876 41143
877 48131
878 42845
879 41073
880 29314
881 36935
882 28565
883 21276
884 38197
885 33600
886 23495
887 37037
888 41147
889 30479
890 38752
891 29853
892 44106
893 37465
894 33865
895 35004
896 40471
897 26726
898 35457
899 35419
900 35668
901 33410
902 27905
903 31061
904 35909
905 35993
906 30904
907 33747
908 43930
909 47927
910 25096
911 31059
912 45055
913 36166
914 46310
915 36527
916 29905
917 29853
918 41353
919 37543
920 37087
921 44335
922 30883
923 41594
924 43568
925 37588
926 44605
927 35016
928 19228
929 33328
930 31068
931 33726
932 32368
933 36574
934 33852
935 36561
936 38801
937 37922
938 29173
939 25352
940 47611
941 37428
942 34697
943 29393
944 32530
945 37553
946 37341
947 30696
948 43476
949 45914
950 35269
951 19740
952 28213
953 41452
954 38125
955 51756
956 34690
957 41321
958 32728
959 28777
960 38768
961 43106
962 41789
963 35396
964 33094
965 33275
966 37466
967 38298
968 33571
969 40335
970 42377
971 54471
972 37695
973 40852
974 27739
975 43868
976 18606
977 28894
978 42593
979 21514
980 34782
981 33161
982 31282
983 36904
984 32464
985 33819
986 34964
987 34966
988 35597
989 30906
990 36535
991 38649
992 38149
993 35669
994 33671
995 35576
996 37985
997 30387
998 45263
999 27427
1000 35766
1001 44021
1002 30413
1003 35054
1004 39099
1005 29690
1006 35961
1007 30100
1008 44485
1009 32518
1010 36340
1011 33555
1012 36662
1013 40889
1014 46442
1015 35136
1016 29791
1017 29411
1018 38562
1019 29044
1020 35223
1021 45754
1022 45353
1023 29557
1024 40851
1025 45320
1026 30663
1027 37758
1028 30672
1029 32533
1030 34488
1031 40882
1032 26062
1033 36133
1034 41442
1035 35174
1036 47099
1037 35932
1038 36799
1039 41111
1040 34615
1041 35822
1042 40065
1043 30527
1044 30870
1045 44979
1046 28332
1047 36768
1048 35625
1049 40458
1050 39168
1051 32741
1052 33279
1053 34043
1054 37679
1055 33146
1056 22664
1057 36163
1058 36733
1059 33907
1060 38572
1061 44996
1062 44957
1063 31794
1064 41888
1065 39884
1066 34311
1067 36889
1068 36579
1069 30635
1070 31539
1071 29984
1072 25573
1073 39524
1074 37510
1075 46426
1076 36293
1077 32490
1078 18746
1079 34865
1080 38525
1081 35038
1082 38215
1083 26328
1084 39438
1085 37217
1086 24650
1087 36090
1088 34134
1089 36141
1090 35230
1091 43586
1092 45557
1093 40848
1094 28054
1095 32096
1096 36767
1097 45489
1098 42022
1099 38824
1100 41282
1101 45415
1102 35217
1103 29903
1104 45028
1105 33320
1106 43614
1107 34633
1108 32141
1109 40797
1110 29564
1111 30045
1112 38061
1113 34728
1114 41367
1115 39102
1116 33409
1117 37765
1118 32001
1119 33240
1120 31504
1121 39401
1122 36577
1123 40297
1124 42642
1125 32111
1126 31093
1127 37748
1128 27300
1129 28379
1130 18138
1131 28164
1132 38226
1133 38834
1134 46505
1135 33621
1136 40174
1137 38929
1138 28379
1139 43361
1140 26981
1141 41833
1142 44708
1143 35359
1144 41949
1145 33786
1146 35492
1147 38023
1148 29696
1149 44893
1150 27634
1151 40653
1152 36603
1153 40740
1154 33539
1155 29216
1156 52894
1157 35236
1158 40982
1159 36684
1160 40262
1161 43046
1162 32710
1163 39182
1164 37944
1165 35552
1166 28226
1167 42374
1168 27839
1169 34230
1170 34827
1171 36596
1172 37359
1173 46385
1174 35064
1175 41410
1176 32836
1177 39874
1178 36607
1179 21238
1180 38505
1181 28850
1182 34874
1183 46620
1184 34930
1185 35085
1186 33498
1187 29371
1188 36128
1189 33866
1190 48148
1191 38530
1192 36189
1193 36834
1194 37977
1195 37083
1196 22941
1197 29365
1198 26131
1199 37291
1200 36202
1201 41764
1202 41695
1203 27926
1204 33783
1205 28908
1206 34067
1207 26633
1208 30793
1209 40051
1210 24760
1211 34401
1212 26248
1213 27141
1214 47100
1215 30179
1216 39990
1217 39041
1218 54213
1219 36096
1220 40572
1221 24262
1222 35961
1223 34802
1224 43835
1225 34976
1226 34516
1227 35685
1228 45239
1229 34510
1230 50030
1231 29723
1232 29816
1233 27334
1234 46990
1235 31700
1236 32372
1237 36843
1238 37420
1239 25737
1240 38602
1241 21694
1242 37415
1243 31068
1244 36182
1245 35259
1246 31251
1247 44058
1248 36347
1249 39857
1250 31837
1251 31939
1252 35768
1253 39434
1254 46242
1255 41532
1256 47318
1257 29601
1258 33758
1259 28289
1260 40448
1261 40188
1262 35530
1263 37402
1264 39956
1265 28180
1266 39442
1267 33545
1268 37618
1269 48842
1270 38157
1271 32844
1272 26025
1273 37401
1274 48206
1275 38504
1276 35090
1277 31499
1278 32977
1279 32400
1280 32466
1281 38002
1282 29766
1283 36783
1284 44555
1285 33391
1286 27594
1287 39786
1288 32066
1289 40442
1290 38921
1291 33761
1292 36773
1293 33856
1294 39562
1295 30307
1296 47290
1297 38009
1298 27054
1299 35720
1300 29225
1301 42569
1302 36756
1303 32845
1304 25311
1305 29032
1306 39408
1307 47945
1308 40163
1309 36365
1310 40689
1311 37441
1312 40410
1313 35789
1314 29654
1315 44707
1316 40993
1317 48986
1318 41400
1319 55227
1320 42714
1321 43684
1322 28148
1323 37429
1324 32234
1325 36765
1326 48485
1327 42611
1328 29901
1329 50024
1330 43368
1331 37635
1332 36712
1333 44832
1334 37243

0 25 60 12
0 125 48 2
0 366 38 2
0 592 40 9
0 686 36 2
0 798 33 6
0 869 55 7
0 884 30 1
0 890 59 6
0 953 16 13
0 1118 17 10
1 234 4 7
1 527 38 6
1 597 54 13
1 610 33 1
2 143 33 14
2 205 19 12
2 221 33 9
2 319 43 2
2 356 50 3
2 403 60 1
2 649 12 3
2 756 42 4
2 785 10 8
3 55 38 13
3 86 31 5
3 180 11 6
3 242 49 12
3 451 21 12
3 974 51 9
3 1024 34 8
3 1070 46 15
4 467 52 10
4 548 45 15
4 859 12 15
4 1054 44 4
4 1138 12 4
5 399 49 9
5 423 27 10
5 434 60 4
5 472 53 13
5 525 51 3
5 798 38 6
5 852 54 7
5 1055 44 6
6 147 55 12
6 172 11 11
6 354 60 11
6 515 3 9
6 577 11 5
6 746 25 5
6 853 45 15
6 1136 34 11
6 1224 35 13
7 171 23 14
7 185 27 4
7 297 51 7
7 299 26 13
7 641 41 2
7 762 59 3
7 888 34 4
7 959 44 4
8 650 15 3
8 721 34 8
8 894 8 10
8 976 13 10
8 1011 55 14
8 1072 20 9
8 1299 7 12
8 1333 40 6
9 169 42 15
9 510 26 6
9 666 28 13
9 900 14 2
9 1066 28 3
9 1097 3 3
9 1120 37 5
9 1139 20 1
9 1158 35 3
9 1182 23 6
10 140 15 10
10 376 12 12
10 392 48 2
10 448 7 11
10 490 58 3
10 549 46 4
10 757 21 3
10 1018 48 5
10 1073 49 8
10 1128 47 7
10 1130 37 6
10 1136 4 8
10 1248 11 13
11 319 15 15
11 517 41 10
11 544 37 5
11 762 3 2
11 824 51 4
11 1013 60 1
11 1019 16 4
11 1294 50 14
12 374 54 2
12 405 44 15
12 412 17 15
12 598 17 8
12 645 55 3
12 774 26 12
12 1147 31 2
12 1298 20 11
13 266 8 1
13 316 51 8
13 317 54 14
13 409 47 12
13 425 10 2
13 659 1 11
13 684 37 7
13 703 56 14
13 718 29 3
13 840 23 3
13 1028 50 13
13 1073 21 7
13 1321 37 13
14 147 24 3
14 196 16 14
14 417 22 5
14 525 34 9
14 544 10 11
14 656 43 13
14 699 55 15
14 794 60 12
14 839 20 8
14 967 47 9
14 1022 57 2
14 1173 49 5
14 1177 10 3
15 139 14 10
15 798 47 6
15 925 45 13
15 1100 22 8
15 1143 52 14
15 1171 55 12
15 1218 2 14
15 1254 46 3
15 1306 51 12
16 226 16 10
16 353 9 14
16 444 37 7
16 872 29 11
16 956 38 8
16 963 34 10
16 1137 51 13
17 189 42 10
17 355 55 2
17 921 17 9
17 1045 55 4
17 1226 22 1
18 253 57 7
18 551 56 11
18 634 37 12
18 824 5 11
18 1003 4 4
18 1072 39 8
18 1200 47 13
18 1248 1 3
18 1293 28 4
19 178 49 3
19 184 34 11
19 470 13 9
19 625 59 10
19 678 16 7
19 1059 47 14
19 1145 13 8
19 1155 40 4
19 1249 14 4
19 1291 4 12
20 107 13 12
20 240 18 15
20 244 27 9
20 424 5 4
20 629 9 10
20 867 19 14
20 1096 23 12
20 1198 7 6
20 1200 16 8
20 1302 26 2
21 419 10 10
21 529 21 11
21 539 55 13
21 572 47 12
21 661 59 5
21 662 33 15
21 838 11 9
21 974 2 12
21 1228 22 15
21 1245 57 8
22 1117 37 15
22 1167 51 12
23 101 59 4
23 144 21 9
23 593 3 9
23 700 7 15
23 789 43 13
23 1170 50 13
23 1171 10 10
23 1199 1 3
24 339 12 4
24 612 32 12
24 860 14 12
24 996 45 11
24 1177 19 2
25 49 11 4
25 52 39 8
25 98 32 5
25 135 21 12
25 198 41 15
25 345 1 12
25 384 51 7
25 487 60 2
25 901 20 6
25 1014 21 5
26 595 2 7
26 707 50 1
26 779 53 2
26 898 18 14
26 1096 43 3
27 56 36 10
27 277 5 7
27 376 9 15
27 401 13 2
27 442 49 11
27 662 47 12
27 720 26 11
28 180 57 13
28 282 15 15
28 438 35 12
28 525 57 14
28 765 5 9
28 931 43 8
28 973 40 4
28 1232 5 10
28 1272 51 3
29 31 15 9
29 76 16 10
29 246 42 5
29 931 45 8
30 329 51 9
30 411 41 11
30 528 11 8
30 553 41 12
30 842 30 14
30 843 8 1
30 1110 5 8
30 1111 60 15
31 574 49 9
31 996 52 15
31 1031 37 1
31 1095 23 13
31 1292 32 9
32 145 39 3
32 256 36 5
32 494 41 2
32 543 27 8
32 566 52 11
32 577 50 9
32 591 47 11
32 649 24 3
32 845 35 8
32 920 9 9
32 1085 42 10
33 137 27 13
33 185 9 15
33 303 45 14
33 679 48 4
34 384 15 7
34 1014 31 7
35 132 52 10
35 209 50 1
35 321 24 14
35 565 27 12
35 665 39 14
35 879 53 12
35 982 29 4
35 1321 3 9
36 48 4 7
36 429 11 11
36 675 53 7
36 725 60 9
36 819 52 5
36 821 7 7
37 70 42 13
37 161 56 13
37 392 5 5
37 657 47 12
37 794 60 8
37 836 34 1
37 1096 44 14
37 1159 11 13
38 43 25 4
38 455 25 6
38 799 54 7
38 954 10 2
38 1244 39 2
38 1294 5 7
39 45 25 3
39 85 50 6
39 227 42 10
39 353 38 7
39 463 7 2
39 483 21 10
39 595 56 15
39 614 5 11
39 646 5 10
39 744 19 4
39 1206 36 6
40 61 14 5
40 111 60 7
40 289 29 9
40 295 46 15
40 307 47 8
40 318 4 6
40 574 32 4
40 919 39 2
40 1211 4 15
41 258 11 12
41 502 48 7
41 968 12 10
41 1092 57 3
41 1294 47 2
42 227 29 11
42 327 40 8
42 438 21 3
42 533 48 4
42 797 16 3
42 1005 24 3
42 1199 44 10
43 275 31 13
43 343 16 1
43 392 13 12
43 972 40 5
43 1025 48 2
43 1148 23 13
44 58 38 7
44 453 24 4
44 677 1 7
44 764 28 5
44 829 26 3
44 1275 53 15
45 408 22 13
45 542 20 7
45 584 17 11
45 791 48 12
45 801 56 1
45 1132 12 3
46 83 40 15
46 223 46 10
46 473 17 10
46 478 58 4
46 490 23 10
46 735 38 8
47 147 39 5
47 185 29 5
47 360 28 7
47 500 11 3
47 907 32 14
47 975 47 12
47 1196 24 14
48 96 27 9
48 425 49 4
48 726 58 1
48 890 20 15
48 962 47 13
48 1006 22 11
48 1194 56 6
49 50 26 11
49 218 40 9
49 302 28 12
49 307 52 11
49 674 28 2
49 716 10 13
49 737 44 3
49 779 32 1
49 917 58 14
49 1007 35 5
49 1010 38 2
49 1043 36 10
49 1104 32 7
49 1150 49 2
49 1240 39 15
50 97 59 1
50 298 19 1
50 326 45 13
50 350 4 12
50 796 15 6
50 950 44 14
50 1042 16 10
50 1264 40 2
51 56 11 3
51 286 56 3
51 354 39 10
51 434 52 13
51 623 4 8
51 646 1 4
51 682 25 1
51 864 34 15
51 1209 10 11
51 1279 4 5
52 265 59 8
52 719 26 10
52 890 43 14
52 951 3 12
52 1000 10 7
52 1016 17 13
52 1128 53 15
52 1163 6 8
52 1306 57 4
53 193 20 9
53 213 17 2
53 329 29 14
53 399 39 6
53 452 46 7
53 538 3 2
53 566 43 10
53 573 11 4
53 671 26 10
53 773 47 13
53 879 54 14
53 972 51 8
53 1061 44 4
53 1148 45 8
54 83 5 3
54 124 40 2
54 215 42 7
54 441 10 15
54 606 19 7
54 702 9 4
54 1116 6 7
54 1193 13 3
54 1291 15 6
55 81 43 12
55 231 5 1
55 318 22 9
55 398 29 5
55 459 11 14
55 485 5 12
55 557 44 4
55 605 55 12
55 629 33 3
55 651 33 9
55 833 50 10
55 1090 36 12
55 1152 50 11
56 424 23 14
56 546 11 11
56 856 26 15
56 947 2 1
56 1193 21 11
57 314 33 8
57 392 39 2
57 546 15 6
57 1092 27 10
57 1102 10 8
57 1131 44 7
57 1319 48 15
58 161 10 1
58 366 49 14
58 431 21 13
58 554 19 13
58 1292 39 7
59 464 19 7
59 831 56 4
59 884 55 7
59 985 49 14
59 1109 60 7
59 1122 26 14
59 1170 28 8
59 1242 50 9
59 1273 20 13
60 173 13 15
60 244 14 9
60 371 25 4
60 482 28 6
60 605 53 15
60 610 51 11
60 650 58 14
60 1100 13 9
60 1136 24 12
60 1217 33 3
60 1271 37 10
60 1290 38 10
60 1317 15 15
61 97 52 9
61 215 44 10
61 301 10 12
61 743 54 3
61 903 37 6
61 912 49 5
61 958 2 4
61 960 10 6
61 1068 23 13
61 1311 46 9
62 488 21 4
62 606 42 5
62 750 39 9
62 1185 39 12
63 109 21 1
63 239 20 6
63 311 29 3
63 336 25 1
63 485 28 13
63 739 28 4
63 910 50 12
63 1152 26 7
64 195 16 15
64 197 26 11
64 437 23 8
64 580 27 11
64 658 34 5
64 783 16 8
64 964 33 14
64 1048 33 10
64 1279 21 2
65 276 46 14
65 867 14 13
65 1109 51 14
66 269 31 7
66 277 51 11
66 302 43 4
67 344 1 2
67 469 33 14
67 519 50 8
67 844 41 14
67 920 53 5
67 950 7 6
67 1037 42 3
67 1222 21 15
68 377 1 3
68 399 22 2
68 501 25 1
68 634 35 11
68 693 56 13
68 964 24 13
68 1054 39 15
68 1087 33 14
69 424 12 7
69 974 10 6
69 1081 49 10
69 1154 35 10
69 1156 32 7
70 215 6 14
70 363 10 10
70 536 17 11
70 543 43 15
70 632 40 2
70 1234 34 7
70 1249 39 8
71 211 38 2
71 520 56 6
71 570 21 2
71 693 6 10
71 761 41 12
71 811 56 9
71 823 17 7
71 896 21 9
71 1086 54 8
71 1174 48 8
71 1288 55 7
72 111 3 10
72 611 8 8
72 710 36 1
72 862 27 6
72 1114 54 2
72 1192 1 2
73 89 6 5
73 166 33 4
73 377 37 8
73 519 54 15
73 685 31 14
73 751 41 4
73 868 48 14
73 909 46 5
73 987 21 11
73 1038 54 4
74 118 30 2
74 288 16 13
74 290 39 12
74 443 2 2
74 755 12 14
74 1089 37 15
75 542 7 5
75 563 24 7
75 622 39 12
75 872 14 7
75 1065 58 7
75 1085 4 11
76 278 3 6
76 405 7 11
76 602 4 8
76 608 6 3
76 956 49 5
76 1005 5 11
76 1028 47 9
76 1031 40 6
76 1120 12 13
77 168 23 2
77 542 34 5
77 834 21 11
77 1208 26 2
77 1249 31 9
78 333 8 7
78 460 3 15
78 857 53 12
78 1250 18 12
79 133 42 14
79 334 23 7
79 350 8 5
79 620 36 1
79 640 59 4
79 823 37 5
79 1049 42 13
79 1072 50 12
79 1260 30 5
80 170 6 13
80 181 22 10
80 621 36 15
80 1072 49 13
81 235 49 3
81 377 17 10
81 935 34 7
81 1098 51 3
82 347 53 9
82 390 49 3
82 453 55 10
82 592 23 10
82 692 22 9
82 820 45 2
82 902 51 14
82 904 16 13
82 1021 60 8
82 1087 51 13
82 1106 44 8
82 1108 30 14
83 107 53 1
83 152 51 13
83 212 59 4
83 224 7 14
83 403 59 4
83 461 5 13
83 488 6 4
83 555 49 13
83 812 18 1
83 815 46 13
83 1076 16 13
83 1201 3 12
84 228 20 10
84 243 13 2
84 279 28 9
84 372 12 15
84 394 51 7
84 527 14 11
84 622 52 8
84 632 21 8
84 645 60 3
84 680 11 12
84 1195 9 12
85 124 47 15
85 376 52 13
85 799 18 8
85 834 43 4
85 1004 5 13
85 1056 2 10
85 1109 50 13
85 1121 44 8
86 294 33 3
86 417 16 4
86 690 13 10
86 745 20 2
86 794 19 7
86 870 47 5
86 1266 25 6
87 489 7 6
87 880 39 2
87 884 50 8
87 1082 51 11
87 1254 24 13
88 567 23 14
88 1115 46 12
89 657 13 10
89 684 23 11
89 1092 52 9
89 1150 12 1
90 128 45 2
90 243 47 13
90 322 38 3
90 439 2 5
90 571 48 2
90 761 11 12
90 963 29 14
90 1047 35 1
90 1115 3 4
90 1330 25 3
91 143 24 14
91 460 40 2
91 641 7 12
91 808 14 9
91 821 28 2
91 869 9 6
91 1261 20 7
92 227 4 2
92 296 23 10
92 300 30 15
92 304 32 14
92 888 13 12
93 110 32 10
93 247 30 11
93 264 43 3
93 386 3 11
93 502 6 1
93 880 8 6
93 1110 6 12
93 1157 10 6
94 225 17 12
94 592 38 9
94 939 21 15
94 1078 33 3
94 1260 5 7
94 1323 29 5
95 121 35 4
95 239 6 2
95 518 34 4
95 606 55 9
95 613 14 4
95 644 25 15
95 1179 3 14
95 1199 51 4
95 1258 28 1
96 104 20 3
96 147 1 9
96 253 19 9
96 461 41 11
96 893 40 5
96 951 38 9
96 987 49 4
96 1046 25 3
97 119 7 7
97 137 35 4
97 195 12 10
97 360 47 14
97 468 54 11
97 620 44 7
97 850 13 4
97 954 9 4
97 1252 31 2
98 500 2 7
98 534 24 13
98 672 8 2
98 718 46 12
98 1306 3 2
99 418 6 3
99 559 10 9
99 968 37 8
99 1150 59 15
99 1234 53 15
100 151 60 5
100 219 26 2
100 292 44 11
100 532 35 2
100 588 9 3
100 1028 43 12
100 1297 9 8
101 175 46 4
101 295 26 12
101 314 20 7
101 370 57 3
101 533 50 4
101 664 53 9
101 926 5 3
101 1109 2 13
102 126 2 7
102 362 59 15
102 690 7 6
102 858 12 7
102 910 30 2
102 1222 2 4
102 1241 27 15
103 176 46 13
103 554 37 9
103 1043 19 7
103 1142 25 1
104 159 46 7
104 298 34 6
104 301 21 1
104 385 22 10
104 487 24 1
104 497 8 13
104 558 28 5
104 788 6 1
104 998 56 10
104 1055 20 1
104 1259 49 7
104 1304 3 2
105 304 39 5
105 1160 13 6
105 1161 58 11
105 1238 1 7
105 1306 45 6
106 161 39 1
106 252 44 13
106 414 21 6
106 428 4 10
106 558 3 7
106 957 39 5
106 993 29 14
106 1195 25 1
107 117 21 12
107 146 5 5
107 197 10 12
107 323 14 15
107 696 13 10
107 714 35 4
107 763 51 10
107 828 4 4
107 847 50 14
107 1038 10 6
108 125 60 6
108 143 60 6
108 153 49 15
108 254 55 3
108 261 33 10
108 294 23 5
108 306 21 11
108 339 23 2
108 392 6 3
108 453 47 5
108 472 49 9
108 506 3 15
108 682 56 6
108 684 34 15
108 828 13 8
108 972 54 8
109 810 28 13
109 932 21 6
109 1318 38 6
110 137 29 2
110 255 31 15
110 368 1 10
110 420 49 14
110 501 13 3
110 779 59 9
110 859 46 2
110 882 9 15
111 178 11 8
111 277 4 10
111 359 15 10
111 480 50 12
111 641 36 13
111 720 56 7
111 803 55 4
111 806 1 3
111 849 38 11
111 964 29 13
111 1017 11 5
111 1163 56 3
111 1264 14 5
111 1297 19 2
112 189 37 12
112 223 26 9
112 315 31 8
112 353 58 15
112 439 13 15
112 507 11 5
112 588 52 11
112 792 10 3
112 800 25 2
112 1053 24 1
112 1247 22 3
113 317 30 11
113 606 21 7
113 860 22 1
113 1283 20 9
113 1321 50 7
114 173 5 14
114 681 50 10
114 684 35 3
114 725 33 9
114 806 53 9
114 1006 53 5
114 1179 25 5
114 1333 39 6
115 310 16 6
115 579 37 12
115 585 12 4
115 964 14 5
115 975 34 6
115 1159 57 10
115 1258 24 6
115 1309 55 10
116 605 1 9
116 638 20 13
116 902 18 8
116 933 52 10
116 952 16 1
116 1018 50 1
116 1200 22 14
116 1225 3 13
116 1248 37 15
117 352 41 15
117 617 36 6
117 619 52 2
117 797 26 12
117 1044 40 7
118 342 58 5
118 519 10 8
118 739 59 12
118 919 59 1
119 136 33 14
119 181 20 3
119 333 22 8
119 399 60 7
119 513 25 10
119 863 26 6
119 934 45 12
119 1018 20 12
119 1028 40 12
119 1099 17 15
119 1325 27 2
120 367 54 3
120 492 4 15
120 784 24 5
120 1200 1 3
120 1245 27 4
121 244 46 11
121 500 6 6
121 777 59 5
121 1113 17 12
121 1191 12 6
122 307 50 8
122 541 59 11
122 1014 24 10
122 1016 4 11
122 1129 57 4
123 149 25 11
123 402 53 1
123 747 28 5
123 896 23 10
123 929 50 2
123 1184 44 1
124 208 54 2
124 487 56 8
124 705 5 6
124 708 18 6
124 904 57 9
124 1136 1 10
124 1143 42 7
124 1182 47 5
124 1184 44 4
124 1201 49 12
124 1218 11 6
124 1285 26 9
125 146 18 4
125 171 56 10
125 431 53 13
125 556 23 12
125 832 53 9
125 998 14 14
125 1026 6 4
126 355 45 11
126 938 16 4
126 1002 45 8
127 305 31 13
127 428 56 12
127 456 23 1
127 457 3 5
127 652 52 7
127 837 16 15
127 872 26 15
127 1002 22 9
127 1283 54 10
128 199 28 7
128 278 33 2
128 356 52 15
128 424 58 15
128 493 34 11
128 599 12 10
128 865 39 12
128 988 21 1
128 1177 20 14
128 1249 40 14
128 1267 53 5
129 747 27 2
129 856 6 6
129 925 6 14
129 1032 23 1
129 1051 10 5
129 1141 3 9
130 144 9 4
130 330 28 12
130 567 10 11
130 822 31 10
130 1077 2 7
131 168 37 10
131 226 55 8
131 244 39 9
131 586 19 2
131 595 17 10
131 665 52 5
131 768 60 14
131 986 46 9
131 1011 40 12
131 1019 9 6
132 284 43 4
132 335 25 1
132 509 36 15
132 526 16 12
132 694 23 11
132 752 47 7
132 899 3 1
132 1060 40 9
132 1129 1 12
132 1140 51 15
132 1243 20 2
133 733 12 7
133 740 45 3
133 1073 36 5
133 1158 48 2
133 1255 6 9
134 151 40 14
134 584 49 13
134 613 43 12
134 1025 33 9
134 1234 10 14
134 1297 11 1
135 273 21 2
135 345 50 6
135 378 6 15
135 623 11 10
135 704 36 6
135 725 11 12
135 790 56 2
135 926 34 14
135 970 13 4
135 1043 22 2
136 275 23 14
136 461 55 14
136 634 26 14
136 641 20 15
136 645 4 6
136 685 24 10
136 819 57 6
136 1334 58 1
137 153 56 4
137 310 13 4
137 314 26 5
137 765 26 14
137 966 3 2
137 1167 23 2
137 1185 60 5
138 440 34 13
138 628 16 9
138 651 50 13
138 1059 26 12
138 1138 1 8
138 1197 53 5
139 156 21 12
139 163 17 10
139 390 17 9
139 619 23 10
139 658 57 11
139 754 46 9
139 780 25 10
139 951 35 15
139 1139 11 1
140 289 52 7
140 514 28 8
140 652 2 8
140 676 47 11
140 744 17 12
140 1043 57 10
140 1087 9 3
140 1258 49 11
141 153 37 6
141 337 48 11
141 417 48 11
141 624 7 1
141 644 57 2
141 760 17 14
141 787 6 14
141 966 8 2
141 977 19 3
141 1022 32 12
142 239 47 13
142 685 47 4
142 850 16 8
142 909 42 10
142 924 10 6
142 1057 24 13
143 178 4 8
143 288 57 8
143 390 43 10
143 411 43 5
143 601 6 13
143 874 3 5
143 892 42 11
144 272 22 11
144 487 6 14
144 766 43 9
144 904 31 1
144 1017 9 15
144 1069 25 10
145 163 53 12
145 672 33 12
145 726 12 6
145 751 31 9
145 780 40 1
145 924 6 12
145 1277 54 2
146 157 59 9
146 218 39 15
146 251 20 14
146 294 29 3
146 337 44 10
146 582 5 9
146 603 36 4
146 716 16 9
146 1096 49 5
146 1220 47 15
146 1255 43 8
146 1329 47 6
147 539 19 7
147 758 55 4
147 771 17 15
147 807 5 3
147 890 59 10
147 907 38 10
147 923 39 11
147 942 8 14
147 961 1 5
147 1064 42 10
148 209 32 2
148 519 35 6
148 549 41 12
148 582 42 13
148 648 50 14
148 724 26 11
148 896 23 15
148 1089 43 10
148 1132 2 6
148 1222 9 5
148 1257 45 14
148 1263 40 15
149 162 31 12
149 606 12 11
149 994 12 4
149 1030 48 1
149 1078 1 4
149 1137 10 14
149 1288 19 3
150 288 19 3
150 642 32 11
150 653 52 9
150 899 41 3
150 1089 30 2
150 1140 5 5
150 1334 24 2
151 218 57 6
151 258 46 5
151 337 52 11
151 408 7 5
151 475 46 15
151 536 27 13
151 543 24 15
151 913 45 11
151 1006 32 11
151 1126 34 14
152 501 32 10
152 611 46 2
152 677 14 15
152 832 21 6
152 855 58 4
152 1045 1 4
152 1269 51 3
153 164 36 8
153 165 56 10
153 301 28 3
153 388 4 4
153 466 47 12
153 596 35 8
153 636 8 2
153 714 12 9
153 750 5 6
153 836 4 15
153 932 17 6
153 973 27 5
153 999 45 14
153 1108 57 2
153 1287 15 4
153 1321 35 1
154 192 2 15
154 643 49 11
154 702 23 2
154 768 31 1
154 916 51 1
154 956 54 14
154 1152 26 2
155 331 59 14
155 433 55 7
155 586 38 1
155 701 37 15
155 1029 53 6
155 1066 14 4
155 1138 27 1
156 380 28 7
156 518 15 10
156 599 34 11
156 676 26 8
156 711 53 5
156 756 9 8
156 813 10 6
156 818 50 3
156 857 3 1
156 956 51 11
156 1005 6 15
156 1160 48 10
156 1263 37 2
157 440 9 14
157 498 44 15
157 607 9 12
157 758 7 12
157 769 46 11
157 797 57 1
157 798 41 11
157 1230 49 9
157 1275 14 8
158 173 13 15
158 1221 25 10
158 1298 42 7
159 280 40 9
159 454 39 1
159 479 48 15
159 701 15 15
159 747 48 11
159 1095 38 5
159 1264 3 13
160 165 55 2
160 642 50 5
160 791 36 9
160 900 8 14
160 942 12 10
160 1155 57 7
160 1177 40 10
161 197 29 11
161 231 3 12
161 348 1 9
161 370 34 7
161 398 42 10
161 425 24 6
161 605 40 10
161 757 46 13
161 800 28 7
161 809 46 4
161 1108 6 1
161 1141 21 13
161 1195 56 6
162 393 2 6
162 821 20 1
162 826 50 8
162 869 55 14
162 895 26 4
162 927 32 5
162 962 53 8
162 997 60 11
162 1014 14 5
163 811 25 2
163 834 32 3
163 950 17 7
163 1146 60 13
163 1255 10 7
164 189 3 4
164 341 41 6
164 455 4 12
164 879 24 4
164 1238 49 13
165 225 18 13
165 328 1 6
165 407 45 2
165 463 9 4
165 486 56 1
165 689 47 15
165 748 12 10
165 898 27 13
165 946 37 3
166 278 22 5
166 454 6 4
166 560 45 15
166 636 32 2
166 778 60 6
166 903 27 4
166 1143 19 1
166 1154 1 1
166 1271 9 5
167 366 16 6
167 585 30 7
167 1196 33 14
168 186 43 4
168 377 50 4
168 966 47 7
169 231 28 10
169 314 35 5
169 845 49 5
169 923 30 7
169 953 8 1
169 1321 59 3
169 1327 18 4
170 248 53 3
170 484 49 1
170 803 17 4
170 892 26 13
171 288 31 1
171 319 8 7
171 357 20 14
171 603 18 13
171 639 8 15
171 753 50 14
171 782 6 10
171 991 15 14
171 1307 25 5
172 277 47 8
172 316 12 6
172 378 36 3
172 608 37 5
172 637 15 11
172 662 5 10
172 730 42 8
172 763 55 2
172 773 26 7
172 839 18 15
172 845 41 4
172 998 59 14
172 1131 42 8
172 1137 50 15
173 616 18 3
173 1101 5 14
173 1103 29 3
173 1231 4 11
174 224 39 1
174 703 35 14
174 910 22 8
174 1186 26 6
174 1248 50 8
174 1323 43 6
175 210 46 6
175 317 44 1
175 443 9 1
175 513 21 7
175 693 23 4
175 784 44 15
175 912 60 2
175 1027 34 3
175 1041 36 2
175 1257 16 8
176 304 8 9
176 369 31 13
176 403 59 3
176 568 53 9
176 772 20 14
176 953 41 2
176 1242 49 15
176 1294 34 1
177 186 1 9
177 293 57 6
177 317 57 14
177 469 49 8
177 475 42 9
177 697 37 4
177 1068 57 9
177 1223 49 5
177 1302 57 1
178 215 47 15
178 234 38 11
178 668 52 12
178 1052 40 6
178 1253 16 1
179 194 57 5
179 263 25 12
179 275 14 3
179 293 39 9
179 415 37 8
179 607 32 5
179 679 53 7
179 764 25 6
179 902 57 14
179 1174 29 2
179 1320 6 13
179 1330 25 12
180 291 28 11
180 673 54 11
180 686 59 5
180 875 12 12
180 938 45 11
181 536 5 1
181 607 48 6
181 971 26 9
181 1161 48 5
181 1314 51 11
182 212 48 13
182 246 28 8
182 301 31 13
182 348 1 15
182 466 5 10
182 685 25 11
182 798 58 13
182 1065 23 11
182 1080 26 1
182 1181 28 10
183 242 42 10
183 379 59 1
183 697 58 4
183 985 51 1
184 236 54 5
184 534 8 4
184 734 28 15
184 1048 38 15
184 1217 12 4
184 1263 38 6
184 1288 31 14
184 1302 46 8
185 376 56 5
185 758 57 15
185 884 42 15
185 1264 21 11
185 1328 4 7
186 315 29 5
186 409 53 2
186 436 31 14
186 517 1 3
186 576 49 1
186 727 12 3
186 1204 45 10
187 236 48 5
187 680 5 7
187 1204 19 5
188 487 54 9
188 675 15 4
188 1271 6 3
188 1328 30 1
189 203 1 11
189 507 51 13
189 508 31 9
189 1059 25 7
189 1166 9 14
189 1224 44 11
190 364 31 4
190 587 53 4
190 616 16 8
190 628 25 3
190 877 55 9
190 983 9 7
190 991 23 12
190 1245 23 8
191 316 50 6
191 506 11 4
191 509 16 15
191 515 22 13
191 575 38 14
191 609 41 15
191 813 35 3
191 1181 14 2
191 1262 4 3
192 261 37 2
192 582 32 1
192 891 24 3
192 1084 17 14
193 380 31 15
193 405 59 15
193 562 47 10
193 925 60 15
193 989 39 10
194 234 31 2
194 690 5 4
194 1201 12 13
194 1203 56 6
195 888 29 14
195 951 39 3
195 1214 26 11
196 552 11 14
196 609 60 4
196 849 35 3
196 906 46 11
196 924 10 13
196 944 31 4
196 1016 7 14
196 1206 57 1
197 435 28 5
197 620 29 3
197 773 9 13
197 1281 58 5
198 375 38 4
198 386 48 11
198 438 17 10
198 466 4 6
198 574 27 11
198 592 38 12
198 702 40 13
198 819 10 13
198 1115 3 3
198 1315 39 14
199 442 31 10
199 552 38 11
199 779 14 6
199 1038 49 11
199 1126 39 6
199 1227 40 8
199 1272 39 10
199 1309 42 11
200 294 58 7
200 355 46 9
200 547 22 10
200 816 2 12
200 848 57 12
200 905 11 6
200 1123 13 1
200 1260 39 7
201 246 28 4
201 305 19 6
201 483 53 1
201 757 36 8
201 890 42 3
201 1128 47 3
201 1189 47 1
201 1313 28 13
202 280 37 4
202 286 27 8
202 305 27 9
202 524 55 9
202 660 58 6
202 690 13 10
202 718 47 13
202 1127 5 8
202 1207 37 14
202 1290 21 6
202 1320 44 11
203 300 31 3
203 319 1 3
203 323 1 6
203 362 44 13
203 427 5 9
203 503 3 1
203 666 53 2
203 825 4 13
203 827 40 2
203 1027 3 1
203 1249 7 2
204 225 35 9
204 820 57 3
204 878 24 2
205 1024 56 11
206 437 44 14
206 591 55 10
206 754 11 8
206 1072 50 13
206 1184 28 14
206 1233 41 9
206 1313 18 13
206 1332 50 3
207 645 20 1
207 735 36 15
207 898 1 2
207 1070 20 6
208 228 59 4
208 277 19 6
208 365 59 14
208 806 46 11
208 854 59 1
209 481 20 13
209 525 25 15
209 702 32 9
209 913 1 7
209 966 45 14
209 1273 29 15
210 802 19 2
210 852 12 6
210 905 16 11
210 1110 36 5
210 1236 18 1
210 1242 25 2
211 212 12 14
211 317 26 10
211 612 20 4
211 706 22 4
211 747 18 6
211 855 36 7
211 864 35 15
211 891 39 6
211 1299 17 9
212 451 9 12
212 656 40 8
212 913 11 5
212 1006 20 5
212 1186 48 9
213 449 24 2
213 575 41 5
213 646 7 7
213 876 33 14
213 1118 10 4
214 490 4 12
214 693 25 13
214 773 29 7
214 958 41 9
214 979 21 1
214 1099 21 14
214 1239 44 10
215 299 55 1
215 394 44 10
215 598 42 10
215 945 36 12
215 1049 34 7
215 1083 51 14
216 238 53 2
216 477 51 15
216 522 54 14
216 916 49 6
217 612 3 6
217 684 41 11
217 742 12 7
217 1032 53 13
217 1093 58 15
217 1201 55 2
217 1281 39 15
218 224 32 11
218 336 13 3
218 577 51 3
218 1273 50 13
218 1324 38 1
219 348 1 10
219 351 40 2
219 430 10 14
219 682 13 12
219 994 10 15
219 1130 27 11
220 229 2 14
220 468 45 6
220 670 21 9
220 766 48 8
220 921 4 9
221 254 50 6
221 746 32 5
221 976 20 4
221 1155 20 4
222 379 19 6
222 450 18 3
222 656 41 7
222 852 13 2
222 954 46 13
222 961 14 12
222 968 37 10
222 1178 56 1
223 420 6 13
223 693 25 1
224 406 59 7
224 1028 7 9
224 1059 31 2
224 1229 57 6
225 426 37 7
225 471 57 7
225 867 3 5
225 1260 60 2
226 454 16 3
226 525 14 14
226 608 55 8
226 657 1 1
226 1071 21 4
226 1158 34 10
226 1208 3 14
226 1325 5 9
227 277 51 11
227 379 36 9
227 450 49 6
227 719 48 15
227 825 50 11
228 285 24 15
228 348 39 4
228 405 27 15
228 472 46 13
228 683 44 10
228 874 11 15
228 897 24 3
228 1080 28 13
229 342 23 6
229 354 17 6
229 444 34 2
229 461 27 2
229 535 59 10
229 964 18 15
229 1076 54 15
229 1221 25 8
230 698 56 4
230 917 10 15
230 1007 12 9
230 1116 43 4
230 1141 13 15
231 367 35 15
231 417 10 12
231 955 24 5
231 1132 2 14
232 409 57 13
232 560 17 13
232 643 15 2
232 1158 6 13
232 1189 3 3
233 580 36 2
233 777 15 8
233 877 37 2
233 904 31 8
234 640 11 1
234 933 55 14
234 1090 49 5
234 1219 45 10
235 739 52 10
235 921 7 11
235 1021 29 15
236 259 60 3
236 304 51 9
236 441 14 9
236 459 18 10
236 555 57 14
236 740 22 7
236 834 49 6
236 1084 54 14
237 488 41 12
237 645 49 12
237 650 55 13
237 811 7 8
237 857 19 11
237 981 36 10
237 1202 2 15
238 332 58 8
238 338 54 9
238 397 17 7
238 841 53 8
238 912 59 13
238 988 31 1
238 1095 23 5
238 1255 43 2
238 1305 22 10
239 418 4 3
239 457 6 9
239 462 42 9
239 542 38 1
239 669 4 8
239 737 16 2
239 950 24 9
239 1125 55 15
239 1246 14 13
239 1282 33 11
240 258 6 12
240 630 51 15
240 656 55 2
240 719 5 11
240 911 2 13
240 1094 49 15
240 1186 22 4
241 587 2 7
241 900 51 1
241 915 11 3
241 922 26 14
241 950 30 10
241 1240 53 7
242 289 5 9
242 600 39 14
242 624 24 8
242 701 4 8
242 812 15 5
242 831 26 6
242 988 34 2
242 1084 19 7
243 265 8 2
243 439 5 12
243 493 17 12
243 636 56 10
243 883 9 10
243 985 57 10
243 1321 19 5
244 971 35 2
244 1180 1 11
245 867 48 7
245 988 53 12
245 1040 59 13
245 1298 23 4
246 264 15 1
246 276 22 10
246 312 57 11
246 371 53 4
246 592 44 2
246 671 57 8
246 1197 47 15
246 1211 25 6
246 1294 48 11
247 396 30 2
247 517 57 1
247 1043 30 12
247 1049 39 5
247 1075 31 4
247 1144 28 9
248 409 1 6
248 629 8 6
248 630 19 11
248 895 59 13
248 949 26 9
248 1172 14 7
248 1175 29 9
249 313 37 10
249 497 55 9
249 520 43 5
249 744 59 6
249 776 12 2
249 863 59 13
249 1130 19 4
249 1184 28 11
249 1303 38 1
250 271 48 13
250 363 27 7
250 911 55 12
250 1234 32 11
251 348 24 12
251 356 4 2
251 374 40 12
251 437 56 10
251 610 57 10
251 914 47 12
251 1185 53 4
252 396 38 13
252 441 35 10
252 463 7 13
252 603 22 12
252 699 39 10
252 812 58 6
252 1245 25 14
252 1306 42 1
253 263 11 4
253 535 25 5
253 648 10 15
253 1218 8 9
253 1255 5 3
253 1258 25 4
254 326 17 5
254 572 50 1
254 1007 22 12
254 1077 56 13
254 1112 38 9
254 1271 28 14
255 370 17 2
255 426 55 5
255 1018 44 1
255 1199 47 7
256 886 26 15
256 1147 18 9
256 1186 59 6
256 1300 34 5
257 315 8 1
257 414 42 2
257 691 50 2
257 784 39 7
257 934 10 11
258 387 30 6
258 858 7 11
258 938 15 1
258 1146 34 3
258 1171 7 3
258 1195 25 15
259 297 58 11
259 421 25 5
259 656 60 9
259 836 38 10
259 891 53 12
259 1134 6 15
259 1236 31 12
260 276 18 3
260 313 27 9
260 376 5 3
260 518 13 11
260 845 49 2
260 1204 22 7
261 359 13 10
261 491 58 11
261 525 20 1
261 685 6 1
261 781 39 15
262 379 57 3
262 447 28 5
262 817 45 2
262 832 58 5
263 299 57 1
263 506 11 9
263 688 31 8
263 907 3 10
263 1112 47 5
263 1321 12 10
264 323 13 12
264 328 48 4
264 427 22 3
264 757 38 12
264 916 53 5
264 1114 50 14
265 321 29 8
265 443 24 7
265 478 7 10
265 479 33 7
265 520 37 7
265 593 43 1
265 961 32 15
265 1128 30 15
265 1248 39 7
266 300 33 13
266 402 58 10
266 522 32 14
266 680 40 8
266 715 42 13
266 761 19 10
266 765 12 12
266 970 9 12
266 1325 39 11
267 425 31 12
267 430 34 14
267 473 1 6
267 585 32 12
267 809 54 9
267 894 23 7
267 1051 39 3
267 1054 28 3
267 1085 24 6
268 620 26 9
268 823 12 8
268 866 36 1
268 919 27 14
268 957 48 5
268 1135 59 3
268 1212 8 15
269 273 17 11
269 473 12 12
269 480 4 14
269 631 36 3
269 935 50 5
269 1169 14 3
269 1204 1 14
269 1223 53 8
269 1306 35 12
270 454 40 7
270 476 6 14
270 765 45 3
270 1085 4 8
270 1098 28 8
270 1107 9 5
270 1174 27 11
270 1205 3 8
270 1258 55 1
271 309 24 1
271 317 58 5
271 538 35 12
271 570 39 15
272 560 18 3
272 739 20 13
272 775 56 3
272 794 29 8
272 869 32 5
272 943 46 3
272 1129 54 9
272 1180 37 15
272 1331 22 1
273 1193 3 9
274 615 13 9
274 936 22 8
274 987 52 7
274 1029 1 11
274 1265 40 14
275 389 9 11
275 418 29 4
275 473 13 10
275 480 21 1
275 619 8 4
275 655 60 14
275 992 25 2
276 293 33 15
276 439 29 8
276 972 1 6
276 1283 53 9
277 408 58 10
277 581 6 6
277 755 43 1
277 892 16 13
277 997 55 10
277 1017 51 4
277 1066 44 2
278 338 46 15
278 450 57 11
278 466 54 8
278 758 47 3
278 1254 8 12
279 285 3 11
279 460 13 3
279 853 38 5
280 581 37 6
280 651 34 15
280 854 39 3
281 286 18 13
281 305 46 6
281 447 7 15
281 534 37 5
281 684 3 4
281 776 7 8
281 898 2 5
281 1315 56 9
282 1087 35 8
282 1213 6 6
282 1321 30 5
283 469 43 3
283 571 31 11
283 1302 9 2
284 427 56 10
284 861 35 3
284 882 7 5
284 897 38 10
284 1009 53 7
284 1013 22 11
284 1324 6 11
285 646 33 10
285 715 9 5
285 802 25 1
285 984 44 4
285 1002 45 12
285 1107 31 2
285 1320 55 8
286 339 8 8
286 485 13 15
286 608 51 15
286 632 36 4
286 818 48 11
286 848 50 7
286 1308 60 13
287 504 18 14
287 590 28 13
287 723 41 2
287 1085 12 9
287 1193 41 2
288 421 26 1
288 773 17 15
288 833 60 8
288 951 45 8
288 1064 49 11
288 1249 28 14
288 1259 36 8
289 313 18 11
289 628 5 10
289 751 54 15
289 1110 17 15
289 1228 41 7
290 442 60 12
290 992 47 11
290 1102 6 13
290 1108 14 8
290 1319 45 10
291 295 27 12
291 328 15 13
291 607 10 5
291 852 57 1
291 890 30 3
292 457 25 11
292 482 50 10
292 536 47 5
292 738 13 2
292 785 4 4
292 890 5 14
292 896 28 3
292 1148 55 3
292 1233 32 8
292 1324 16 9
293 347 28 14
293 425 47 3
293 452 51 8
293 563 51 14
293 756 40 13
293 967 45 6
293 979 32 11
293 1185 29 13
294 434 43 13
294 621 45 8
294 647 23 15
294 1026 59 5
294 1080 46 5
295 300 50 6
295 358 1 12
295 464 31 4
295 515 22 5
295 699 28 13
295 736 47 6
295 896 50 8
296 383 24 8
296 396 19 3
296 827 17 2
296 859 28 15
296 934 32 3
296 966 18 15
296 1061 17 7
296 1209 12 2
297 692 25 4
297 823 40 9
297 1070 44 2
297 1090 41 2
297 1129 23 6
298 711 39 13
298 912 43 7
298 1112 44 13
298 1195 13 4
298 1205 49 9
298 1236 8 13
299 683 51 8
299 870 53 5
299 1049 25 4
300 355 18 11
300 484 1 4
300 499 5 14
300 551 50 5
300 726 57 6
300 863 38 9
300 881 30 14
300 1092 46 9
300 1184 38 10
301 699 42 1
301 723 58 7
301 970 19 9
301 1077 14 10
302 357 7 3
302 526 48 8
302 766 39 14
302 919 16 15
302 1044 30 1
302 1246 21 4
303 582 15 7
303 1192 7 10
304 417 6 6
304 491 40 6
304 596 6 6
304 660 42 10
304 831 19 7
304 842 34 7
304 885 30 9
304 1073 52 1
305 729 48 6
305 758 49 12
305 790 13 9
305 895 4 5
305 1132 18 2
306 345 18 1
306 535 30 7
306 551 30 1
306 576 6 5
306 856 44 5
306 1214 60 11
307 356 59 2
307 461 5 15
307 631 59 3
307 794 1 3
307 990 38 5
307 1181 21 4
307 1234 4 11
307 1250 30 12
307 1259 53 5
307 1275 12 12
308 564 44 4
308 971 45 2
308 1122 22 9
308 1225 10 3
308 1228 46 4
309 671 20 6
310 342 6 5
310 584 46 4
310 630 30 14
310 934 42 11
310 1064 25 6
310 1262 1 8
311 344 5 1
311 593 60 4
311 651 42 8
311 690 21 4
311 778 25 11
311 803 40 11
311 1226 4 7
312 436 50 7
312 773 30 7
312 971 45 15
312 1320 18 2
313 439 29 5
313 447 29 3
313 529 53 11
313 972 22 3
313 988 44 7
314 794 6 12
315 346 15 1
315 398 11 8
315 501 53 15
315 538 50 4
315 552 28 6
315 672 2 9
315 679 19 14
315 713 9 9
315 774 15 6
315 1129 9 6
315 1135 36 12
315 1253 30 12
316 430 43 15
316 605 22 6
316 618 1 9
316 695 47 7
316 729 18 11
316 948 41 5
317 766 53 8
317 983 55 12
317 987 41 10
317 989 56 8
317 1020 11 7
317 1126 6 8
317 1186 20 15
317 1264 32 5
317 1301 47 3
318 875 25 6
319 821 49 10
319 868 9 5
319 922 11 5
319 937 22 6
319 1000 10 15
319 1250 47 10
319 1310 11 11
320 347 37 15
320 445 35 1
320 457 9 10
320 566 7 14
320 874 30 13
320 1178 36 7
320 1210 5 10
321 390 32 11
321 461 15 15
321 697 20 11
321 825 2 8
321 894 20 9
321 1026 10 11
321 1075 26 15
321 1330 15 5
322 377 38 9
322 580 20 10
322 838 20 7
322 1266 26 12
322 1271 46 7
322 1281 2 7
322 1304 27 11
323 395 12 8
323 595 45 15
323 601 1 2
323 830 52 14
323 1050 44 9
323 1056 41 4
324 443 17 8
324 1130 53 3
324 1161 12 15
324 1217 36 1
324 1327 60 9
325 372 42 11
325 606 38 14
325 959 35 2
325 1020 12 15
325 1032 27 5
325 1238 42 2
326 586 9 15
326 623 48 4
326 821 44 4
326 923 47 15
327 354 34 4
327 370 34 4
327 452 58 11
327 628 31 5
327 762 25 12
327 800 28 12
327 1037 2 3
327 1038 47 4
327 1085 21 3
328 683 16 12
328 782 41 11
328 1123 17 4
329 413 49 11
329 523 60 11
329 775 59 6
329 852 56 15
329 913 47 10
329 942 43 12
329 1016 4 11
330 420 34 14
330 455 57 2
330 568 19 1
330 576 9 9
330 598 13 7
330 681 59 11
330 754 15 1
330 778 51 5
330 790 51 8
330 892 55 15
330 976 44 11
330 1043 8 5
331 334 27 12
331 890 39 5
331 1041 32 1
331 1107 16 11
331 1207 6 4
332 526 5 4
332 690 48 13
332 1220 24 5
333 338 13 10
333 983 47 9
333 1129 15 4
334 356 16 8
334 530 30 12
334 542 36 7
334 639 25 2
334 783 16 2
334 804 13 11
334 867 13 9
334 872 35 12
334 1043 18 8
334 1259 13 3
335 824 51 15
335 967 45 10
335 977 12 6
335 1002 34 10
335 1019 58 10
335 1321 30 14
336 762 12 14
336 850 14 14
336 986 17 7
337 785 21 4
337 935 8 6
337 939 36 1
337 1017 59 4
337 1078 19 1
337 1292 7 7
338 452 56 9
338 462 46 11
338 584 8 8
338 986 11 8
338 1182 16 6
338 1311 39 3
339 349 19 9
339 484 31 8
339 578 12 8
339 640 48 11
339 682 2 3
339 782 40 5
339 824 42 15
339 851 40 14
339 956 49 13
339 1035 55 7
339 1160 34 3
339 1201 38 8
340 374 9 2
340 425 57 13
340 602 34 10
340 748 38 6
340 994 49 1
340 1295 24 10
341 542 36 12
341 982 11 2
341 1047 31 6
341 1221 50 8
341 1254 10 4
342 391 18 3
342 435 50 15
342 617 57 12
342 671 1 12
342 760 59 2
342 798 35 1
342 1228 8 15
342 1270 52 13
343 369 36 11
343 568 56 13
343 877 6 9
343 1313 31 2
344 557 4 2
344 1120 24 13
344 1290 58 1
345 431 4 3
345 438 18 9
345 452 50 14
345 746 50 14
345 834 21 1
345 986 59 5
346 512 6 8
346 564 41 10
346 566 38 11
346 592 42 3
346 672 40 1
346 806 1 1
346 1133 57 8
347 458 23 15
347 671 29 13
347 708 20 14
347 954 32 5
347 1065 45 8
347 1078 19 11
348 695 12 11
348 959 37 11
348 1190 2 13
348 1236 25 12
349 388 59 12
349 633 29 2
349 822 18 1
349 864 2 9
349 1081 12 8
349 1250 1 13
349 1263 58 11
350 472 47 8
350 522 51 5
350 651 33 4
350 684 34 5
350 706 7 8
350 800 18 10
351 427 14 5
351 450 7 13
351 518 34 10
351 908 14 3
351 962 10 3
351 1165 12 1
352 367 7 8
352 410 46 6
352 418 42 3
352 469 4 15
352 554 15 9
352 563 53 12
352 660 9 11
352 676 43 14
352 705 40 1
352 788 56 7
352 913 60 9
353 364 39 5
353 608 47 1
353 762 40 4
353 923 4 5
353 999 36 12
353 1000 17 2
353 1008 57 4
353 1182 5 3
353 1305 45 7
354 395 28 12
354 547 28 2
354 1303 22 7
355 529 12 13
355 723 42 14
355 752 42 8
355 819 40 5
355 910 24 8
356 383 21 5
356 561 3 9
356 755 7 12
356 823 33 3
356 1095 51 3
356 1149 12 6
356 1294 8 14
356 1300 41 13
357 666 42 9
357 788 45 7
357 844 26 6
357 862 38 14
357 878 12 2
357 899 8 11
357 1016 5 5
357 1188 27 5
358 550 54 1
358 552 5 1
358 576 54 13
358 664 14 2
358 676 23 6
358 692 3 14
358 842 19 9
358 919 47 1
358 932 46 5
358 1060 15 13
358 1169 4 5
359 541 23 7
359 759 7 11
359 859 10 5
359 892 33 14
359 955 49 14
359 1111 39 1
359 1163 4 10
359 1214 14 4
359 1252 26 5
359 1272 22 11
360 897 42 3
360 1014 38 12
361 417 32 5
361 445 47 4
361 1128 34 9
361 1173 37 11
362 741 12 7
362 1120 31 1
362 1138 2 12
362 1194 6 13
362 1215 14 10
362 1297 35 15
363 374 21 5
363 395 55 11
363 618 15 2
363 672 48 2
363 1052 56 9
363 1113 44 14
363 1288 49 7
363 1293 43 4
364 613 29 6
364 688 48 10
364 929 45 7
364 1035 53 14
364 1145 34 10
365 383 30 12
365 508 44 9
365 641 24 12
365 702 4 13
365 1018 27 9
365 1034 46 3
365 1081 56 6
366 430 5 5
366 533 35 10
366 804 59 1
366 1271 6 12
366 1291 31 10
366 1303 29 7
367 412 3 12
367 677 39 6
367 801 60 5
367 1327 52 15
368 827 14 7
368 1031 24 12
368 1145 10 12
368 1239 17 15
368 1257 5 3
369 528 5 14
369 1180 23 8
369 1182 41 11
369 1250 14 8
369 1326 48 1
370 527 49 9
370 633 17 7
370 681 23 14
370 946 12 7
370 989 32 11
370 1151 48 13
370 1167 30 5
370 1189 27 11
371 578 57 13
371 651 25 11
371 810 51 7
371 884 16 7
371 1024 52 5
371 1232 43 5
371 1252 24 14
372 1175 37 7
372 1265 27 1
373 399 46 4
373 540 5 15
373 603 45 5
373 722 47 4
373 942 53 11
373 1125 56 14
374 411 55 9
374 499 36 14
374 542 14 12
374 677 18 5
374 726 17 12
374 932 36 5
374 1001 1 9
374 1113 52 2
374 1124 40 1
374 1160 16 2
374 1273 24 12
375 468 44 3
376 1200 50 4
377 389 9 8
377 549 34 5
377 794 45 7
377 1031 54 9
377 1151 51 13
377 1216 60 1
378 538 56 6
378 572 12 6
378 595 26 3
378 671 46 15
378 1190 30 10
379 392 43 15
379 619 52 3
379 773 32 3
379 883 18 9
379 896 45 1
379 1153 15 15
380 819 59 12
380 857 34 15
380 1063 23 12
380 1086 46 8
380 1237 6 2
381 1036 23 3
382 512 42 6
382 771 58 8
382 779 9 4
382 800 31 3
382 1096 47 9
382 1127 43 8
383 707 35 11
383 710 42 12
383 830 24 8
383 847 42 1
383 907 12 10
383 935 53 9
383 942 27 4
384 479 1 13
384 839 19 11
384 1016 17 7
384 1028 7 11
384 1106 45 9
384 1333 3 3
385 630 39 10
385 724 25 7
385 1104 5 15
385 1230 19 14
385 1234 30 8
385 1284 3 5
386 394 40 8
386 607 27 12
386 957 22 11
386 1015 12 5
386 1063 45 15
386 1088 50 14
386 1100 38 12
386 1122 35 2
386 1221 19 2
386 1280 18 11
387 401 10 10
387 606 31 1
387 709 56 5
387 800 36 5
387 870 38 3
387 893 36 9
387 1249 52 14
387 1306 56 2
388 486 41 7
388 504 54 14
388 708 20 14
388 718 33 1
388 798 27 6
388 914 25 10
388 997 25 1
388 1287 40 7
388 1332 41 8
389 586 40 10
389 651 11 11
389 652 27 9
389 799 18 11
389 1040 3 10
389 1045 53 11
389 1274 8 15
389 1292 27 12
390 571 19 15
390 739 48 11
390 990 11 2
391 625 17 4
391 949 23 4
391 986 10 2
391 997 41 5
391 1019 25 6
391 1273 29 14
392 523 12 15
392 767 1 5
392 830 8 10
392 1004 43 15
392 1156 14 3
392 1244 17 9
393 522 15 9
393 568 40 10
393 594 56 14
393 1193 15 13
393 1279 24 12
393 1291 1 12
394 500 57 15
394 554 30 4
394 884 26 1
394 1146 22 6
394 1176 41 10
395 464 55 4
395 477 10 15
395 484 13 11
395 909 41 15
395 956 28 5
395 992 23 4
395 1183 36 14
395 1199 24 5
396 530 36 10
396 620 20 13
396 628 40 4
396 1080 21 10
396 1118 30 9
396 1160 48 5
396 1275 3 6
397 596 13 9
397 638 36 10
397 936 42 6
397 1056 10 6
397 1196 9 5
397 1226 31 3
397 1331 8 14
398 433 58 2
398 518 2 10
398 568 53 15
398 615 5 3
398 760 26 6
398 948 34 13
398 1095 6 15
399 1122 45 5
400 583 33 1
400 1054 53 15
401 580 2 14
401 644 15 3
401 726 38 10
401 752 44 12
401 786 19 14
401 988 42 14
401 1122 36 9
401 1238 9 7
402 404 2 8
402 582 42 12
402 637 47 15
402 771 19 14
402 796 9 12
402 889 33 1
402 964 12 7
402 1173 36 8
402 1333 23 1
403 454 50 15
403 474 11 10
403 486 12 3
403 608 29 1
403 686 57 15
403 884 28 2
403 942 14 6
403 1308 12 6
404 446 52 3
404 629 17 8
404 1218 2 9
404 1219 31 13
405 589 17 7
406 455 38 7
406 508 46 8
406 705 25 14
406 1017 43 3
407 512 25 11
407 533 34 14
407 801 58 3
407 940 41 2
408 566 21 10
408 685 23 11
408 858 38 1
408 891 26 8
409 543 60 10
409 628 59 9
409 698 14 2
409 891 9 3
409 892 21 2
409 895 5 11
409 938 47 1
409 1029 15 15
409 1042 13 12
409 1289 55 9
410 716 5 15
410 764 37 14
410 1031 54 9
411 441 15 3
411 649 13 13
411 754 12 7
411 755 36 5
412 433 56 9
412 461 23 15
412 545 50 12
413 879 43 13
413 1154 58 7
414 442 45 6
414 518 2 4
415 488 14 4
415 602 24 3
415 1017 54 10
415 1130 3 5
416 498 13 13
416 563 38 7
416 564 42 12
416 643 36 15
416 687 44 3
416 717 11 5
416 790 35 11
416 914 7 1
416 1012 28 6
416 1189 7 12
416 1236 52 13
417 430 47 4
417 465 18 10
417 489 26 12
417 798 18 14
417 1094 6 9
418 453 9 2
418 582 14 8
418 617 56 6
418 659 14 3
418 762 37 11
418 878 39 9
418 886 14 11
419 840 27 2
419 855 51 1
419 955 26 13
419 978 34 15
420 435 54 5
420 486 43 14
420 507 10 1
420 566 29 9
421 855 43 5
421 940 2 1
421 1088 41 9
421 1127 17 15
421 1191 21 13
421 1252 57 11
422 599 25 2
422 616 31 15
422 676 18 14
422 699 20 13
422 706 27 4
422 790 23 5
422 939 50 6
423 628 59 12
423 710 44 1
423 824 30 3
423 1180 60 3
424 749 46 7
424 1079 35 13
424 1108 6 9
425 433 12 9
425 582 26 6
425 1033 49 15
425 1037 35 13
425 1046 26 7
425 1109 42 2
425 1247 23 5
425 1289 12 6
426 440 40 9
426 508 12 4
426 531 45 9
426 1083 53 11
426 1155 22 14
426 1330 44 4
427 437 38 4
427 490 24 8
427 498 41 3
427 894 50 2
427 980 12 11
427 990 43 3
427 994 44 9
427 1250 55 15
428 442 29 7
428 525 38 15
428 594 4 2
428 950 27 8
428 965 38 3
428 1110 12 3
428 1217 7 10
429 1129 24 9
429 1296 60 8
430 704 23 3
430 716 53 7
430 923 60 15
430 1181 49 12
431 469 7 9
431 575 59 3
431 597 8 6
431 808 15 2
432 511 60 2
432 546 4 12
432 582 9 7
432 589 50 8
432 1125 26 7
432 1219 56 1
432 1221 34 3
433 489 13 6
433 595 48 8
433 1003 58 6
434 777 7 6
434 1124 6 3
434 1199 34 15
435 993 26 11
435 1071 25 1
435 1209 10 3
436 753 49 12
436 877 36 8
436 939 42 14
437 450 42 13
437 468 17 5
437 613 9 1
437 888 38 7
437 1023 16 4
437 1143 29 5
437 1220 6 3
438 471 22 4
438 695 35 7
438 734 59 5
438 963 48 10
438 978 5 15
438 1306 23 11
439 504 48 7
439 657 14 6
439 1003 55 2
439 1219 29 15
440 578 25 8
440 851 53 2
440 911 44 14
440 922 3 4
441 562 6 11
441 767 27 7
441 816 39 12
441 1232 58 3
442 600 11 2
442 819 19 3
442 892 7 2
442 902 11 8
442 1123 57 12
442 1168 40 14
442 1290 21 15
443 525 14 1
443 567 39 15
443 678 22 10
443 684 22 10
443 724 53 4
443 1249 51 13
444 491 50 7
444 493 53 15
444 694 38 6
444 782 51 13
444 873 29 2
444 877 22 3
444 904 5 2
444 1298 22 4
445 616 12 12
445 787 26 5
445 1249 34 10
446 554 37 7
446 1203 16 7
446 1244 28 1
447 473 54 6
447 513 41 9
447 707 42 14
447 720 57 4
447 782 50 10
447 864 52 2
447 955 14 5
447 1056 1 15
448 585 7 6
448 764 59 1
448 794 51 14
448 968 39 12
448 1165 4 8
449 481 7 6
449 601 25 10
449 638 54 8
449 984 2 12
449 1151 26 5
449 1309 58 9
449 1332 42 1
450 492 6 10
450 503 37 13
450 527 22 14
450 725 23 10
450 894 24 9
450 1309 32 2
451 701 19 9
451 991 9 6
451 1128 48 7
451 1171 60 13
451 1305 28 3
452 592 11 6
452 675 38 9
452 833 6 9
452 850 35 13
452 858 42 15
452 913 24 6
452 1192 49 13
452 1317 56 4
453 646 26 7
453 672 22 13
454 460 38 5
454 476 39 13
454 577 14 4
454 610 4 4
454 812 48 7
454 1177 33 12
454 1197 53 11
455 564 5 7
455 592 15 4
455 599 53 9
455 751 44 9
455 870 60 5
455 1282 52 14
457 462 45 13
457 772 3 8
457 803 2 4
457 1045 31 12
457 1259 54 8
458 787 35 2
458 856 57 15
458 959 34 13
459 498 37 3
459 580 37 2
459 592 18 9
459 716 32 4
459 752 21 2
459 822 4 9
459 1018 44 7
460 635 21 12
460 658 57 8
460 683 55 2
460 720 49 7
460 725 22 5
460 958 48 2
460 1303 23 5
461 658 7 5
461 775 35 13
461 798 33 3
461 1039 41 2
462 500 33 10
462 553 34 8
462 576 52 2
462 660 24 10
462 811 41 3
462 853 59 8
462 861 60 15
462 1026 54 13
462 1034 5 13
462 1243 48 9
462 1317 45 12
463 766 23 2
463 782 13 2
463 927 38 9
463 998 9 1
463 1058 49 11
463 1257 33 5
463 1301 46 6
464 600 39 9
464 712 53 6
464 719 35 4
464 735 50 6
464 822 33 14
464 866 55 4
464 912 20 4
464 1016 27 2
464 1129 55 12
464 1156 53 5
465 497 48 11
465 603 33 2
465 705 8 1
465 749 6 9
465 889 56 6
465 1247 40 12
465 1324 50 14
466 669 28 3
466 873 17 12
466 1184 42 12
466 1289 39 12
467 754 2 5
467 763 12 3
467 893 29 5
467 895 4 2
467 1091 3 7
467 1111 34 15
468 492 55 15
468 632 47 11
468 635 31 4
468 694 25 13
468 767 20 8
468 776 11 6
468 1262 17 5
468 1334 49 13
469 608 37 4
469 899 22 6
469 911 50 7
469 977 51 12
469 1001 1 4
470 521 11 5
470 715 42 10
471 628 6 13
472 559 1 5
472 623 39 12
472 823 15 2
472 979 44 3
473 667 44 3
473 679 39 11
473 686 50 9
473 694 51 11
473 819 8 10
473 904 52 6
473 1188 48 9
474 637 49 14
474 720 55 6
474 1056 7 5
474 1058 2 8
474 1201 34 3
475 632 17 12
475 755 43 2
475 1103 34 4
475 1137 41 14
475 1279 46 10
475 1333 12 14
476 564 48 10
476 630 16 11
476 826 35 14
476 880 53 2
476 897 60 6
476 1026 39 13
476 1180 57 6
476 1248 44 3
476 1268 6 4
477 727 58 4
477 769 10 10
477 888 28 6
477 971 13 12
477 1066 53 12
477 1191 36 13
478 505 23 12
478 709 44 4
478 864 11 13
478 1067 57 15
478 1169 36 15
478 1301 52 3
479 619 25 3
479 638 33 6
479 1126 27 7
479 1254 2 11
480 568 52 12
480 727 57 15
480 812 60 15
480 924 47 13
480 953 37 5
480 1007 1 4
480 1117 30 11
480 1234 28 13
480 1239 30 10
481 566 50 1
481 921 49 8
481 931 58 13
481 1033 19 2
481 1266 57 14
482 820 55 1
482 1116 51 6
482 1134 25 14
483 516 43 12
483 896 15 13
483 1111 20 15
484 699 45 9
484 862 52 14
484 881 52 9
484 1260 51 7
485 522 33 6
485 902 19 13
485 1164 21 6
485 1321 22 3
486 503 23 9
486 625 35 7
486 1158 21 5
486 1293 27 14
486 1297 23 7
487 703 21 15
487 971 28 14
487 1000 41 7
487 1013 20 13
487 1067 2 13
487 1170 43 12
487 1253 17 3
488 518 58 4
488 621 28 3
488 699 58 11
488 944 42 11
489 647 6 5
489 648 10 13
489 694 24 5
489 912 28 4
490 529 42 8
491 522 23 9
491 582 18 10
491 787 44 2
491 947 60 15
491 958 37 11
491 1131 26 5
492 548 60 4
492 630 46 4
492 814 53 15
492 897 56 8
492 1044 49 8
492 1074 6 8
493 499 11 3
493 552 51 1
493 589 12 10
493 1140 45 5
493 1229 4 12
493 1255 36 10
494 654 3 10
494 1026 37 3
494 1135 44 4
495 692 11 6
495 807 32 10
495 1038 30 2
496 536 38 8
496 703 48 11
496 760 42 14
496 1000 7 1
496 1011 15 14
496 1185 31 9
497 679 38 3
497 780 55 10
497 822 40 11
497 1019 46 12
497 1036 16 15
497 1166 17 2
498 719 49 1
498 1130 45 4
498 1254 9 6
498 1321 22 13
499 733 38 8
499 830 51 2
499 872 16 9
499 1327 11 3
500 647 25 10
500 724 38 10
500 961 28 6
500 1146 5 4
500 1264 57 12
500 1305 20 12
501 522 60 10
501 658 7 6
501 678 33 8
501 717 45 11
501 900 12 10
501 911 8 14
502 577 1 5
502 596 3 4
502 731 48 5
502 909 33 11
502 1176 26 1
502 1218 20 7
503 815 27 6
503 1097 34 13
503 1170 11 2
503 1299 30 14
504 621 37 7
504 645 59 6
504 790 29 7
504 1246 52 15
504 1272 4 6
505 556 35 7
505 822 40 2
505 857 60 7
505 1201 48 7
505 1237 24 11
506 737 30 2
506 760 29 15
506 874 4 10
507 810 1 1
507 1017 13 10
507 1058 39 9
507 1093 3 8
507 1127 25 15
507 1134 11 2
507 1178 60 5
508 608 24 15
508 701 15 9
508 870 47 12
508 939 46 5
508 1085 47 9
508 1181 55 8
509 555 22 4
509 1025 3 12
509 1161 15 10
509 1198 43 11
509 1289 55 10
510 894 4 5
510 1075 50 11
510 1279 26 1
510 1311 15 4
511 804 54 10
511 891 22 6
511 1054 56 2
511 1282 12 10
512 647 44 1
512 1137 50 2
512 1203 2 2
512 1329 52 9
513 520 10 9
513 759 13 13
513 827 45 10
513 1027 26 1
513 1168 59 4
514 595 55 12
514 632 21 9
514 659 20 12
514 927 16 1
514 1257 1 14
515 627 19 9
515 868 51 1
515 1129 59 6
516 873 59 8
516 1077 12 5
516 1310 8 1
517 606 36 1
517 830 23 13
517 934 17 3
517 1046 39 8
518 750 59 4
518 769 9 13
518 823 49 7
518 825 18 12
518 869 27 15
518 1135 32 14
519 635 20 15
519 907 19 13
519 979 10 1
519 1040 9 3
519 1229 55 15
519 1240 34 13
520 647 2 9
520 876 30 11
521 602 50 4
522 728 45 11
522 820 59 13
523 610 40 1
523 689 21 2
523 985 15 15
523 1073 16 6
523 1252 19 5
524 620 16 8
524 867 24 6
524 1117 35 8
524 1135 55 15
524 1148 53 11
524 1164 7 14
525 545 44 4
525 740 45 12
525 766 44 8
525 929 3 7
525 1115 45 13
526 603 58 2
526 750 43 4
526 820 8 4
526 1125 4 2
527 1201 18 7
528 539 6 7
528 1074 31 12
528 1152 29 11
529 763 33 6
529 938 51 3
529 1179 3 6
529 1195 14 4
529 1213 39 3
529 1219 54 6
529 1269 59 10
529 1291 35 9
530 579 57 5
530 582 27 2
530 1250 15 3
530 1330 32 9
531 608 32 7
531 711 25 4
531 813 54 2
531 955 48 5
531 969 33 2
532 541 31 2
532 576 33 11
532 692 52 2
532 1066 59 4
532 1255 16 10
532 1264 55 5
533 605 14 5
533 658 4 15
533 875 42 12
534 1065 13 9
534 1162 36 12
535 669 46 14
535 710 14 2
535 723 51 14
535 803 33 9
535 880 14 3
536 696 1 4
536 939 21 4
536 1181 54 15
536 1209 16 13
537 562 57 13
537 579 9 12
537 616 49 11
537 653 56 6
537 1030 22 3
538 561 2 13
538 574 14 13
538 1278 41 11
539 726 55 1
539 964 2 13
539 1274 44 9
540 836 22 8
540 885 6 13
540 1035 59 13
540 1102 39 11
540 1278 36 13
541 722 42 4
541 810 42 5
541 898 19 6
541 918 1 13
541 924 27 9
541 1095 43 13
542 603 46 9
542 858 17 1
543 685 56 15
543 1021 35 1
543 1063 45 15
543 1195 42 6
543 1287 20 15
544 703 42 13
544 736 1 10
544 764 48 5
544 839 6 6
544 900 13 13
544 1101 43 1
544 1127 54 4
545 660 38 8
545 951 53 1
545 1116 51 13
545 1320 25 8
546 825 60 15
546 1013 28 14
546 1140 59 3
547 658 54 5
547 679 26 2
547 730 37 13
547 909 25 12
547 971 10 3
548 727 25 13
548 827 50 9
548 831 39 4
548 865 37 13
548 893 46 8
548 1160 21 5
549 665 39 11
549 757 17 15
549 1200 12 10
549 1271 59 13
549 1275 57 12
549 1286 37 3
550 1052 31 3
550 1217 42 2
551 750 38 10
551 937 58 14
551 1090 50 7
551 1151 23 5
551 1193 36 4
551 1251 39 7
552 639 57 6
552 672 19 9
552 729 30 7
552 925 59 3
552 1046 12 8
553 654 3 15
553 726 55 3
554 555 16 9
554 1037 38 15
554 1052 7 10
554 1090 33 12
555 974 19 3
555 1025 51 15
555 1107 15 1
555 1135 2 13
555 1151 49 14
556 664 13 15
556 715 35 3
556 731 39 12
556 735 12 4
556 883 10 4
556 994 24 6
556 1040 1 13
556 1127 54 14
556 1175 56 4
557 719 36 10
557 758 26 9
557 910 50 13
557 1134 29 15
558 676 18 7
558 929 12 8
558 1089 24 2
559 718 3 2
559 750 16 10
559 978 34 5
559 1087 27 3
560 685 42 10
560 785 31 8
560 1012 29 12
560 1124 3 11
560 1202 7 1
561 642 45 9
561 683 52 5
561 780 45 1
561 861 39 8
561 938 17 5
561 1142 1 3
561 1164 42 15
561 1170 9 6
561 1291 34 7
561 1309 38 12
562 760 36 8
562 874 38 4
563 741 31 5
563 987 10 1
563 1064 23 4
564 690 24 8
564 1158 34 8
564 1251 39 10
564 1255 52 6
565 661 32 4
565 901 42 10
566 731 42 7
567 700 52 8
567 717 15 1
567 725 25 15
567 732 50 11
567 985 19 11
568 694 41 1
568 748 8 10
568 814 23 11
568 1084 57 6
569 641 7 11
569 1013 3 2
569 1271 27 9
569 1276 5 2
569 1305 17 5
570 766 51 4
570 886 59 8
570 992 60 11
570 1077 55 3
570 1182 57 1
570 1192 30 7
570 1249 16 15
570 1313 5 8
571 581 10 1
571 1139 21 10
571 1156 8 9
571 1324 31 5
572 764 27 12
572 1010 56 9
572 1081 53 1
572 1195 58 9
572 1302 25 8
573 722 3 8
573 742 50 7
573 889 41 9
573 1130 51 1
574 687 24 13
574 740 30 5
574 967 46 5
575 635 36 6
575 903 1 2
575 1318 20 6
576 854 31 8
576 1077 53 11
577 703 12 9
577 776 49 4
577 849 4 15
577 928 16 7
577 990 58 14
577 1019 48 10
577 1024 38 8
577 1112 30 11
577 1332 9 10
578 622 6 6
578 673 48 9
578 845 46 8
578 867 13 11
578 1156 14 8
579 838 28 10
579 919 17 12
579 961 30 13
579 1193 50 9
580 835 7 8
580 900 9 6
580 1103 38 5
581 769 46 10
581 1095 24 15
581 1260 39 14
582 762 8 9
582 990 45 2
583 977 31 11
583 1277 5 10
583 1290 7 13
584 613 45 8
584 1128 26 2
584 1228 7 6
585 826 27 2
585 902 32 10
585 1026 18 9
585 1053 40 9
585 1215 8 10
586 759 24 6
586 959 19 1
587 664 38 7
587 1043 31 8
587 1093 58 15
587 1156 3 5
588 831 37 2
588 1067 58 13
588 1191 13 12
588 1307 24 2
589 627 5 14
590 617 26 9
590 827 58 15
590 1088 43 5
590 1124 15 11
590 1196 38 12
591 885 9 9
591 1003 3 4
591 1145 7 7
592 605 4 5
592 644 53 8
592 688 23 6
592 703 46 6
592 892 15 9
592 909 3 10
592 933 32 1
592 1066 36 11
592 1095 34 9
592 1124 1 14
592 1185 53 4
593 627 40 13
593 717 59 6
594 787 30 7
595 706 17 2
595 736 23 1
595 740 54 14
595 763 28 5
595 784 16 11
595 952 34 4
595 1078 26 14
596 692 60 15
596 1186 36 11
597 927 15 6
597 977 16 15
597 1297 35 12
598 753 7 3
598 903 44 14
598 1136 11 5
599 622 41 3
599 675 35 10
600 975 7 13
600 1063 13 8
600 1079 53 14
600 1127 28 10
600 1175 47 4
601 643 55 15
601 987 9 14
601 1033 5 4
601 1112 38 11
601 1146 6 12
602 725 9 3
602 766 11 12
602 767 35 6
602 917 8 4
602 1000 24 13
602 1006 12 4
602 1161 15 3
602 1255 40 5
602 1329 40 11
603 1043 31 7
603 1166 32 7
603 1281 33 7
604 796 9 3
604 1263 8 10
604 1272 32 6
605 724 14 3
605 832 38 13
605 982 15 2
605 988 19 10
605 1136 7 12
606 636 26 15
606 745 45 13
606 836 5 1
606 926 44 7
606 1189 45 15
607 900 57 14
607 1050 58 1
608 734 36 15
608 910 33 5
608 1008 1 9
608 1063 18 5
608 1076 2 14
608 1164 45 7
608 1308 3 3
609 981 12 1
610 744 1 2
610 782 48 1
610 1023 11 12
610 1215 36 6
610 1248 29 4
611 749 21 13
611 966 5 11
611 1312 38 3
612 863 6 12
612 1112 19 14
613 740 12 6
613 852 40 5
613 1037 39 14
613 1059 8 10
613 1170 12 3
614 864 23 1
614 1188 42 8
614 1288 21 5
615 662 46 5
615 692 35 12
615 823 20 5
616 775 36 9
616 827 18 15
616 1033 26 4
617 1189 17 7
617 1221 32 15
617 1238 59 9
618 651 6 9
618 687 42 9
618 696 46 9
618 790 30 9
618 925 50 11
618 1065 7 1
619 746 52 5
619 800 16 6
619 834 38 11
619 1134 29 4
619 1147 37 7
619 1198 40 9
620 760 40 15
620 870 6 11
620 871 45 6
620 1108 23 3
621 874 60 8
621 1166 57 4
621 1172 52 6
621 1185 17 8
621 1239 10 6
621 1267 58 13
622 721 54 13
622 817 1 6
622 1105 58 1
623 873 48 5
623 965 58 9
623 1252 15 7
624 661 7 2
624 672 37 11
624 696 54 1
624 745 46 6
624 909 13 11
624 976 13 10
624 1168 16 15
624 1293 28 15
625 937 58 14
626 821 59 11
626 874 41 1
626 931 26 12
626 1039 16 9
626 1245 56 14
626 1254 38 14
627 828 21 13
627 885 28 10
627 1019 58 10
627 1217 21 15
627 1278 41 14
627 1328 23 14
628 869 39 7
628 1125 6 14
628 1264 34 7
629 668 45 8
629 974 38 3
629 1125 44 6
629 1169 18 12
629 1289 5 13
630 667 6 13
630 929 54 6
630 1005 46 13
630 1137 19 7
631 1169 23 13
631 1193 9 3
631 1237 3 3
631 1279 23 13
632 1208 34 15
633 1186 53 12
633 1299 50 12
634 828 7 5
634 970 23 11
634 1143 9 4
634 1219 54 8
635 748 46 13
635 791 40 13
635 1028 2 13
636 1079 39 15
636 1175 3 15
636 1176 21 13
637 704 12 10
637 803 30 10
637 867 14 7
637 1146 40 10
637 1269 52 15
638 676 37 15
638 958 2 10
638 1131 4 9
638 1165 29 2
639 799 21 15
640 880 31 14
640 1074 39 13
640 1076 47 4
641 839 21 1
641 954 28 9
641 1072 6 4
641 1132 43 11
641 1178 33 13
642 977 33 3
642 996 51 9
642 1020 36 8
642 1196 1 5
642 1218 46 1
643 778 21 8
643 1042 53 10
643 1081 58 13
643 1322 35 11
644 819 4 15
644 959 56 13
644 1120 35 2
644 1123 15 10
644 1210 15 2
645 727 9 7
645 816 5 7
645 980 45 1
645 1044 51 2
646 746 59 4
646 964 33 6
647 710 33 9
647 774 11 1
647 953 52 1
648 692 31 7
648 747 37 6
648 801 16 3
648 982 25 13
649 932 20 9
650 722 59 5
650 1128 1 7
651 1273 32 8
651 1292 15 8
652 1170 27 3
652 1215 38 5
652 1290 22 2
652 1310 37 9
653 711 49 13
653 789 21 13
653 884 27 11
653 1232 20 9
654 935 39 7
654 1069 54 15
654 1210 43 9
654 1296 59 12
655 677 50 13
655 1025 45 1
655 1098 22 14
655 1185 31 11
655 1203 59 4
656 966 43 6
656 1055 23 2
656 1152 53 8
657 668 9 6
657 770 56 7
657 1007 14 1
657 1074 30 4
657 1193 19 14
658 788 54 6
658 863 36 1
658 901 7 1
658 978 41 10
658 1005 31 15
658 1259 8 15
658 1260 54 7
658 1284 22 4
659 762 34 12
659 967 39 2
659 1029 32 15
659 1239 44 6
661 735 20 14
662 739 15 11
662 861 56 14
662 951 41 12
662 1026 16 11
663 782 60 1
663 817 28 7
663 1093 40 6
664 692 41 12
664 802 13 9
664 832 51 12
664 959 60 4
664 1073 27 7
664 1153 40 11
665 883 44 1
665 905 30 13
665 1109 5 7
665 1221 37 1
666 771 3 5
666 855 22 1
666 1120 13 12
667 703 6 8
667 851 33 1
667 925 39 2
667 1004 29 15
667 1106 44 6
667 1149 38 14
667 1238 1 6
667 1250 32 1
667 1320 23 3
668 793 49 12
668 818 19 8
668 847 20 11
668 912 38 5
668 1178 4 2
668 1191 25 13
669 776 37 3
669 973 55 4
669 1027 59 12
669 1099 13 7
669 1236 54 6
670 723 22 11
670 798 32 15
670 843 6 4
670 990 54 15
670 1002 31 11
670 1141 42 9
670 1316 21 4
671 701 2 13
671 1161 3 5
671 1324 8 4
672 699 5 9
672 881 36 1
672 942 13 14
672 968 28 5
672 1132 38 4
672 1193 22 10
672 1316 12 10
673 788 33 4
673 1303 3 15
674 915 2 13
674 977 33 7
674 1114 42 11
674 1275 17 10
675 691 14 5
675 1169 23 10
676 788 24 14
676 1067 57 2
677 849 20 1
677 942 14 14
677 1102 38 1
678 935 19 2
678 1193 31 9
679 742 30 10
679 1162 1 11
680 713 11 2
680 861 16 2
680 1009 58 4
680 1266 49 6
681 723 46 2
681 798 45 15
681 944 48 10
681 966 7 12
681 1042 1 7
681 1079 2 7
681 1289 10 9
682 818 59 6
682 1022 57 4
682 1037 21 6
682 1183 31 14
682 1197 21 14
683 817 9 14
683 884 51 5
683 1128 59 7
683 1139 8 1
684 793 53 5
684 931 37 13
684 1305 52 13
685 1028 10 3
686 1311 20 8
687 857 32 9
687 891 49 10
687 1095 8 2
687 1208 57 8
687 1239 22 2
688 749 14 7
688 882 30 3
688 967 15 12
689 704 34 14
689 824 32 2
689 934 42 15
689 939 10 13
689 1019 43 4
690 837 6 11
690 881 19 2
690 954 37 10
690 1010 30 12
690 1153 8 1
691 701 20 11
691 743 50 7
691 838 33 8
691 845 19 11
691 953 28 3
691 1173 53 1
691 1321 57 1
692 1302 3 13
693 1328 49 10
694 761 44 9
694 853 5 11
694 1255 24 5
695 773 13 14
695 799 55 2
695 1219 11 1
695 1250 27 3
695 1308 20 11
696 715 46 11
696 770 31 11
696 844 36 15
696 867 45 11
696 920 52 4
696 1138 33 1
696 1176 4 1
696 1250 12 6
697 888 3 10
697 1108 58 1
697 1176 16 1
697 1178 21 7
697 1309 46 6
698 704 33 14
698 941 43 13
698 991 20 13
698 1065 17 1
698 1133 60 4
698 1156 58 15
698 1203 52 9
698 1261 47 8
699 799 40 12
699 995 35 3
699 1169 47 12
699 1188 10 4
700 933 44 6
700 1210 7 13
700 1215 51 12
700 1258 8 7
701 716 55 2
701 1227 10 7
702 984 39 6
702 1018 27 9
702 1219 22 10
702 1305 43 7
703 953 7 11
703 976 59 15
704 1120 2 7
704 1267 45 6
705 729 28 14
705 855 57 4
705 930 27 5
705 987 56 9
705 1082 47 13
705 1224 6 9
706 769 24 6
706 998 7 7
706 1091 34 8
707 813 57 2
707 898 28 13
707 1153 11 1
707 1155 9 15
707 1242 58 13
707 1320 31 8
708 1073 49 4
708 1091 3 7
708 1139 36 1
709 711 3 6
709 909 42 11
709 1261 11 5
710 729 42 5
710 752 31 9
710 906 4 14
710 968 49 9
710 1116 37 3
710 1141 8 3
710 1166 10 6
710 1171 3 9
711 761 22 13
711 893 51 15
711 907 21 14
711 1232 22 7
712 1133 28 11
712 1203 8 3
712 1232 27 3
712 1271 42 3
713 931 31 9
713 938 5 12
713 987 5 8
713 1080 28 1
713 1107 47 11
713 1209 44 7
714 857 29 9
714 1106 4 3
715 747 43 14
715 1035 45 6
715 1129 40 7
715 1164 7 1
715 1263 59 12
716 848 42 12
716 902 58 11
716 971 5 1
716 1131 45 7
716 1152 52 12
716 1224 3 15
717 926 14 4
717 1243 43 11
717 1259 3 13
718 994 24 2
718 1096 25 10
718 1114 53 12
718 1144 24 10
718 1293 17 13
719 1059 15 11
719 1288 8 1
720 745 15 13
720 916 49 4
720 1025 25 2
720 1100 60 12
720 1145 50 9
720 1148 29 8
720 1300 11 12
721 798 33 10
721 824 28 10
721 850 19 11
721 912 37 2
721 1120 3 14
721 1135 43 6
721 1149 7 15
721 1209 37 10
722 746 59 7
722 900 45 2
722 975 12 7
722 1106 57 7
722 1138 15 6
722 1246 4 1
722 1250 11 14
723 849 27 8
723 1017 51 8
723 1067 45 15
724 981 26 7
724 1063 13 14
725 822 43 14
725 863 5 9
725 1046 43 8
725 1323 55 9
726 1029 34 5
726 1134 28 13
726 1191 7 1
726 1312 49 15
728 777 18 13
728 865 26 11
728 946 24 13
728 968 13 9
728 1139 55 14
728 1170 42 14
729 793 24 13
729 1134 16 4
729 1273 42 5
729 1289 14 13
730 782 27 13
730 1032 16 7
730 1160 39 3
730 1209 57 13
730 1298 17 8
731 848 32 8
731 851 52 4
731 1032 28 4
731 1148 44 14
732 1081 24 5
732 1200 6 9
732 1207 54 2
733 854 45 3
733 1111 21 15
733 1116 23 10
733 1210 35 11
733 1323 8 6
734 909 37 6
734 994 21 1
734 1158 52 7
735 763 4 6
735 1136 4 12
735 1183 42 10
735 1212 39 15
736 1156 33 4
736 1318 51 5
737 1066 31 8
737 1250 35 9
737 1304 4 4
738 1201 30 12
739 871 1 6
739 1008 33 5
739 1154 24 7
739 1172 19 6
739 1307 16 11
740 764 56 14
740 913 29 4
740 985 38 3
740 1000 26 14
740 1143 43 13
740 1152 6 7
740 1230 36 3
741 768 7 1
741 1175 53 11
741 1202 43 1
741 1271 58 3
741 1276 39 1
742 758 3 11
742 826 30 12
742 962 33 1
743 823 18 12
743 1053 42 6
743 1334 22 7
744 803 35 15
744 1055 4 5
744 1255 1 11
745 974 53 1
745 1008 28 3
745 1249 54 7
746 911 6 8
746 962 52 7
746 1008 13 13
746 1200 55 15
748 1099 56 12
748 1161 43 11
748 1241 58 3
749 882 29 11
749 930 32 10
749 1267 52 4
750 878 53 1
750 921 37 2
750 1150 48 12
750 1220 50 8
751 952 46 13
751 963 31 12
751 972 5 3
751 999 43 5
751 1100 27 11
752 758 49 2
752 886 57 2
752 1193 47 7
753 837 33 3
753 951 48 12
754 789 22 12
754 811 15 8
754 1003 1 3
754 1233 28 1
755 904 40 2
755 906 9 9
755 1086 46 13
756 859 30 10
756 906 22 3
756 935 27 9
756 971 4 9
756 1080 45 12
756 1229 56 6
756 1250 21 1
757 798 5 11
757 814 41 7
758 853 9 13
758 983 13 12
758 1201 6 11
758 1295 34 11
758 1322 41 5
759 1246 12 10
760 1055 55 10
760 1084 23 11
760 1148 45 8
761 880 60 3
761 920 51 7
761 952 15 15
761 996 28 5
761 1143 35 8
761 1288 25 11
762 768 28 7
762 782 19 2
762 787 52 4
762 1139 7 11
762 1175 2 8
763 896 24 13
763 1259 2 9
763 1276 58 8
763 1295 20 1
764 939 50 7
764 941 25 2
765 883 24 13
765 988 27 13
765 1015 57 14
765 1157 6 11
765 1247 6 14
766 943 11 1
766 1215 31 9
767 779 12 12
767 1102 37 14
767 1247 6 11
768 923 37 15
768 1113 43 11
768 1207 10 13
769 773 57 13
769 989 13 1
770 856 34 14
770 864 33 11
770 1231 21 10
770 1331 57 12
771 850 21 5
771 1007 4 7
771 1038 24 5
771 1318 33 12
772 817 17 15
772 926 25 13
772 1269 17 12
773 803 58 13
773 1140 51 15
773 1236 20 9
773 1282 40 5
773 1309 49 9
774 949 50 5
774 1025 45 2
775 987 24 4
775 1221 25 1
775 1254 58 8
777 924 28 6
777 1294 30 11
778 842 52 13
779 1195 45 3
780 910 3 1
780 991 24 9
780 1090 29 10
780 1146 24 9
781 795 43 6
781 825 51 8
781 916 4 8
781 966 46 13
781 1075 17 3
781 1172 48 8
781 1323 43 14
782 1167 47 12
782 1252 15 11
782 1267 30 5
783 1135 6 5
783 1174 21 3
784 821 28 15
784 875 18 4
784 977 53 7
784 1063 33 7
784 1132 35 7
785 958 17 9
785 1031 59 7
786 905 14 3
786 1021 27 8
786 1118 16 6
786 1290 13 4
786 1322 54 1
787 1294 60 1
788 1004 38 10
788 1041 10 12
788 1211 53 3
788 1213 4 13
788 1308 31 13
789 864 30 15
789 970 15 10
789 1271 28 5
790 1040 2 15
790 1160 22 14
791 1185 9 8
791 1190 52 5
791 1263 9 6
792 976 54 12
792 1183 13 1
793 992 1 11
793 1067 52 3
793 1077 19 12
793 1230 18 1
793 1245 39 9
793 1329 38 15
794 1163 41 5
794 1331 14 14
795 979 17 8
795 1255 56 4
796 826 5 6
796 854 25 8
796 890 54 14
796 1289 21 3
796 1322 6 9
797 1327 5 3
798 1168 43 8
798 1244 46 10
799 907 51 4
799 985 34 4
799 1013 39 11
799 1093 51 10
800 945 33 13
800 961 9 10
800 1136 18 5
800 1137 16 12
800 1289 57 12
802 997 45 15
802 1148 52 9
802 1168 59 9
802 1170 38 2
802 1177 46 4
802 1261 18 13
803 974 49 13
803 1095 53 9
803 1169 22 14
803 1237 59 11
804 960 40 8
805 1053 32 9
806 957 39 3
806 1238 18 10
806 1258 18 7
806 1319 52 4
806 1330 40 11
807 898 47 6
807 1011 30 7
807 1057 8 4
807 1196 35 7
807 1334 59 3
808 996 12 11
808 1135 43 13
809 996 18 3
810 826 49 7
810 851 53 5
810 852 28 1
810 854 40 6
810 935 14 14
810 946 7 5
811 831 43 5
812 906 3 6
812 970 52 12
812 984 38 6
812 1033 11 7
812 1166 32 14
812 1220 38 4
812 1244 15 5
812 1287 38 14
813 1215 41 4
813 1253 12 10
814 868 33 2
815 927 26 11
815 963 50 8
815 1157 5 13
815 1191 5 14
815 1333 43 10
816 823 45 11
816 984 35 10
816 1080 33 8
816 1177 45 11
816 1190 54 11
816 1296 45 3
817 930 1 10
817 1101 6 2
817 1120 33 10
817 1153 50 9
818 823 10 3
818 881 48 14
818 931 20 5
818 1010 7 13
818 1072 22 2
818 1239 5 9
818 1284 5 14
819 873 22 8
819 1087 38 1
819 1191 21 9
819 1234 16 10
820 1054 12 4
820 1125 45 9
820 1250 8 5
821 891 53 14
821 1046 51 5
821 1116 20 1
822 888 54 1
823 1068 24 7
823 1072 28 13
823 1083 18 11
824 1015 24 8
824 1051 60 4
825 908 15 11
825 1025 56 4
825 1043 26 11
825 1076 19 15
826 1095 54 6
827 839 51 9
827 973 35 11
827 1109 45 14
827 1150 42 7
827 1234 35 3
827 1254 57 13
829 854 37 12
829 1071 1 7
829 1133 41 15
829 1281 40 4
830 853 10 4
830 925 35 4
830 1153 45 12
831 1034 58 7
831 1057 1 11
831 1244 25 11
831 1323 2 1
832 887 13 4
832 953 20 12
832 957 41 7
832 1015 43 7
832 1071 41 1
832 1093 3 14
832 1101 12 9
832 1152 9 2
832 1232 1 6
833 946 19 2
833 967 24 12
833 1084 14 9
833 1176 54 11
833 1236 21 10
834 890 14 2
834 946 59 1
834 1055 26 8
834 1213 56 3
835 1014 43 12
835 1066 38 11
835 1215 10 9
836 1122 8 4
836 1141 6 7
836 1275 43 12
836 1285 35 6
837 867 36 9
837 1017 56 2
837 1106 4 13
837 1136 22 7
837 1164 6 1
837 1168 4 13
839 846 33 12
839 905 44 12
839 979 9 10
839 1082 14 7
839 1098 37 3
839 1159 28 3
839 1250 46 5
840 944 16 9
840 1136 6 1
840 1218 37 14
840 1321 41 9
842 978 20 10
843 1005 21 8
843 1285 38 10
844 1032 29 9
844 1134 58 6
844 1257 59 15
845 1031 46 7
845 1065 57 10
845 1127 21 1
846 910 31 1
846 992 38 1
846 1196 41 12
846 1279 45 3
847 878 48 5
847 1020 2 11
847 1061 15 6
848 1059 10 2
848 1202 2 7
849 1033 27 3
850 906 7 14
850 1101 38 10
850 1149 14 6
851 967 53 13
851 1140 43 15
852 1324 30 14
853 874 19 7
853 1202 18 7
854 856 16 1
854 950 57 7
854 1137 43 1
854 1318 37 13
855 889 50 13
855 998 45 2
855 1303 44 9
855 1304 50 1
856 1049 43 14
856 1099 41 12
856 1121 24 8
856 1138 37 4
857 1158 30 13
858 888 34 12
860 878 45 8
860 1001 12 5
861 1075 12 8
861 1199 53 5
862 1014 33 13
862 1176 21 9
862 1283 37 3
863 943 15 11
863 1189 20 9
864 932 32 8
864 981 18 11
864 987 5 14
864 1106 57 5
864 1153 19 2
864 1210 30 11
864 1214 12 5
864 1229 14 12
864 1249 30 1
864 1302 60 10
865 1000 46 1
865 1030 53 11
865 1230 39 2
866 1086 5 13
866 1230 24 11
867 902 22 8
867 944 11 13
867 1020 33 2
867 1132 15 11
867 1165 51 6
867 1298 47 2
868 884 49 2
868 962 27 5
868 1100 49 14
868 1222 48 8
869 1063 50 8
870 1033 33 9
870 1153 16 15
871 973 55 1
871 1020 26 13
871 1033 44 4
872 907 12 9
872 923 32 7
872 1056 31 1
872 1138 48 9
872 1272 46 1
873 979 27 12
873 1255 47 15
874 906 14 2
874 1119 52 6
874 1248 8 11
874 1271 16 5
874 1331 48 13
875 894 15 13
875 1036 8 8
875 1253 32 4
876 907 60 14
876 920 29 15
876 1247 3 14
876 1257 19 1
876 1281 1 13
876 1313 59 13
877 940 36 15
877 970 15 1
877 1053 58 1
877 1123 51 3
878 923 3 2
878 1064 32 12
878 1068 17 8
878 1137 8 15
879 1037 42 5
879 1051 24 3
879 1123 48 8
879 1164 59 4
879 1220 34 11
880 1254 28 1
881 904 38 6
881 909 39 12
881 951 58 2
881 1054 10 10
881 1083 23 15
882 935 11 15
882 941 43 4
882 1073 40 1
882 1219 7 7
882 1282 58 9
883 902 27 6
883 926 3 4
883 1166 59 1
884 927 46 10
884 1054 54 8
885 1125 13 1
885 1294 9 3
886 932 47 11
886 1072 30 14
886 1113 40 11
887 980 38 2
887 1180 1 1
888 958 57 6
888 968 34 9
889 975 46 1
890 907 22 1
890 954 14 13
890 955 48 11
890 1254 23 5
891 892 12 3
891 969 38 2
892 911 31 14
892 1026 38 13
892 1074 52 2
892 1305 8 7
892 1320 3 1
893 941 47 9
893 963 46 14
893 1025 55 8
893 1043 47 9
893 1208 3 3
893 1247 41 9
894 1217 7 15
894 1327 7 12
895 983 8 13
895 1224 47 15
895 1288 51 3
896 939 54 9
896 1021 43 5
896 1112 59 14
896 1242 27 15
896 1316 57 14
897 1131 26 15
898 1011 23 8
898 1067 56 14
898 1137 46 3
898 1215 24 8
898 1228 57 15
898 1242 11 4
899 1017 20 6
899 1026 57 2
899 1039 10 6
899 1329 9 11
900 1079 22 2
901 1030 39 13
901 1251 18 12
902 1131 37 8
903 1105 48 8
903 1176 26 13
905 965 48 3
905 970 34 1
905 999 32 7
905 1086 56 7
905 1295 35 12
906 1018 52 3
906 1220 25 13
906 1256 41 9
907 1106 1 10
908 1010 9 12
908 1032 11 12
908 1249 36 2
909 1191 8 3
910 951 41 11
910 1101 22 9
910 1174 18 2
910 1207 50 13
910 1217 54 14
910 1240 19 11
910 1269 55 15
911 1019 57 8
911 1097 54 14
911 1101 36 9
911 1148 40 12
912 1101 34 14
912 1121 50 14
913 1115 55 14
914 926 46 3
914 959 17 11
914 1037 48 15
914 1080 19 3
914 1098 24 8
915 1326 24 4
916 1024 25 7
916 1026 5 1
916 1096 24 8
917 1158 17 4
917 1177 9 1
917 1194 18 6
918 1128 60 10
918 1160 49 6
919 955 14 8
919 970 49 14
919 1062 45 2
919 1167 15 11
920 995 53 13
921 1140 9 1
922 999 6 12
922 1034 28 7
922 1240 24 14
922 1271 51 15
922 1300 34 6
922 1316 23 13
923 962 40 12
923 966 56 13
923 1017 19 2
923 1268 36 9
923 1290 12 4
924 1172 49 13
925 958 52 2
925 1105 54 6
925 1189 44 6
925 1214 32 6
925 1288 14 7
926 1009 51 6
926 1308 26 5
927 935 48 4
928 1304 37 1
929 1013 50 6
930 1143 12 7
930 1241 9 13
930 1251 51 4
931 1168 42 5
931 1194 4 4
934 1234 4 2
935 994 24 15
935 1103 11 10
936 965 17 15
936 1071 51 3
937 967 2 3
937 987 57 11
937 1025 21 11
937 1189 11 15
937 1325 43 15
938 981 20 6
938 984 60 5
938 1020 21 1
939 984 5 5
939 1015 46 11
939 1097 48 14
939 1320 20 13
940 1162 43 13
941 958 5 5
941 1111 4 4
941 1124 21 10
942 970 27 11
942 1067 47 14
942 1273 43 11
942 1309 2 1
943 1065 55 11
943 1073 22 11
943 1242 49 3
943 1255 32 2
943 1331 49 1
944 1145 9 2
944 1269 8 8
945 1059 5 8
945 1121 36 9
945 1152 7 7
946 1103 48 8
946 1200 38 14
947 1132 24 12
947 1287 30 14
948 1060 26 11
948 1125 21 7
949 983 13 9
951 993 49 6
951 1007 8 4
951 1024 44 15
951 1225 27 13
951 1299 57 15
952 961 52 15
952 968 20 15
952 973 43 2
952 1040 9 15
953 1330 11 10
955 1021 3 9
955 1099 15 14
955 1122 38 10
955 1162 12 1
955 1189 58 12
955 1225 44 10
955 1294 41 9
956 1079 47 15
956 1141 55 10
956 1326 33 2
957 1080 56 11
957 1087 32 5
957 1222 37 9
957 1265 48 8
958 1065 20 7
958 1126 5 4
959 978 30 4
959 1019 56 10
959 1206 56 12
960 1228 54 10
961 1102 53 2
961 1165 25 5
961 1200 50 15
961 1205 44 6
962 965 29 11
962 971 24 14
962 1037 50 12
962 1261 46 7
963 1138 43 10
965 1165 23 13
965 1172 8 1
965 1200 60 12
965 1283 41 13
966 1004 31 14
966 1319 14 6
967 1139 44 7
968 977 20 4
968 1268 11 3
968 1314 27 11
970 972 21 14
970 1053 53 2
970 1333 54 3
971 1048 23 2
971 1312 24 12
972 1091 16 4
972 1125 45 4
972 1249 42 2
973 1152 36 15
973 1240 19 15
973 1248 42 7
973 1311 42 9
974 1328 37 4
975 1005 39 9
975 1238 34 9
976 1258 1 8
976 1299 32 14
977 1034 19 14
977 1314 31 5
978 1151 28 11
978 1305 12 10
979 980 52 15
979 1261 2 6
979 1283 25 9
980 1043 51 1
980 1161 22 14
981 1036 27 5
981 1270 20 2
982 1219 53 8
982 1327 13 14
983 1056 20 12
984 1243 6 15
985 1139 5 5
985 1213 14 15
986 1228 4 3
987 1063 45 14
987 1244 5 3
987 1323 47 6
988 1135 7 1
988 1221 23 14
988 1227 36 2
989 1057 43 5
989 1197 53 15
989 1209 30 2
990 1062 38 11
990 1174 11 14
990 1209 3 7
990 1218 1 3
991 1208 47 13
992 1073 24 14
993 994 21 6
993 1034 45 10
993 1039 5 8
993 1057 3 4
993 1097 52 5
993 1191 26 5
993 1270 33 7
994 1086 32 13
995 1203 58 10
995 1256 51 15
995 1295 14 10
995 1305 47 2
996 1058 22 5
996 1084 38 5
996 1114 27 8
996 1231 59 14
996 1232 18 5
996 1321 26 2
997 1023 38 4
997 1107 42 12
997 1146 39 13
997 1150 60 14
997 1303 28 10
998 1019 40 3
998 1101 35 4
998 1171 8 7
998 1200 27 5
999 1078 41 8
999 1314 31 6
1000 1081 60 14
1001 1009 22 4
1001 1172 11 10
1002 1124 2 11
1002 1251 16 6
1003 1083 54 12
1003 1162 37 6
1003 1205 13 11
1004 1062 32 11
1004 1334 5 7
1005 1102 10 7
1005 1130 21 9
1005 1237 10 14
1006 1074 46 10
1007 1076 50 7
1007 1114 42 10
1007 1284 13 14
1008 1079 33 3
1009 1099 26 15
1009 1153 47 11
1009 1314 35 7
1012 1218 27 3
1014 1040 35 3
1014 1310 42 12
1014 1329 34 13
1015 1160 27 1
1016 1085 20 14
1016 1163 36 8
1016 1200 43 10
1016 1236 29 10
1017 1062 48 7
1017 1232 45 14
1017 1297 18 6
1018 1217 42 3
1019 1035 50 5
1019 1107 18 11
1019 1156 46 5
1019 1296 51 13
1019 1333 23 8
1020 1134 10 7
1021 1026 23 6
1021 1100 18 13
1021 1109 49 8
1021 1122 29 1
1022 1039 43 6
1022 1058 28 4
1022 1121 15 14
1022 1155 49 5
1022 1307 25 4
1023 1108 24 11
1023 1275 43 15
1024 1286 37 8
1024 1321 31 6
1025 1288 8 5
1026 1037 41 3
1026 1242 5 9
1027 1221 42 3
1029 1047 59 7
1029 1059 7 15
1029 1067 60 5
1029 1101 36 8
1030 1045 16 6
1030 1102 43 11
1030 1205 52 14
1030 1233 41 15
1030 1291 6 11
1032 1267 13 12
1033 1201 28 14
1033 1253 1 2
1033 1328 40 10
1034 1079 29 15
1034 1231 21 1
1034 1289 24 1
1035 1065 28 13
1035 1117 2 6
1036 1119 36 6
1036 1285 39 9
1038 1071 17 5
1038 1268 28 8
1038 1272 51 5
1038 1277 32 2
1038 1282 45 2
1038 1291 43 14
1038 1299 57 11
1039 1090 37 2
1039 1172 37 6
1039 1249 47 9
1039 1273 55 12
1040 1151 48 2
1040 1326 21 10
1041 1219 24 3
1042 1044 11 13
1042 1096 33 10
1042 1131 34 7
1042 1154 31 4
1042 1334 57 2
1044 1196 44 2
1044 1228 17 14
1046 1062 30 15
1046 1105 35 9
1047 1259 30 1
1047 1264 36 11
1047 1321 28 12
1049 1050 8 13
1049 1112 28 15
1049 1209 55 13
1049 1244 3 2
1049 1312 59 3
1049 1327 25 15
1050 1208 19 5
1050 1267 37 13
1050 1326 8 14
1051 1174 41 7
1051 1287 28 15
1052 1165 11 1
1053 1114 38 9
1054 1194 14 6
1055 1224 13 7
1055 1325 57 5
1056 1173 1 1
1056 1210 13 1
1056 1299 46 9
1057 1077 10 10
1060 1228 40 3
1060 1329 6 3
1061 1064 18 12
1061 1322 29 15
1062 1272 44 3
1063 1110 15 11
1063 1112 15 8
1063 1250 4 11
1064 1119 52 13
1064 1172 39 9
1064 1182 59 11
1064 1209 60 15
1064 1250 48 6
1064 1324 34 4
1066 1092 54 10
1067 1140 49 4
1068 1173 12 15
1069 1090 28 12
1069 1151 28 15
1069 1152 43 12
1069 1153 23 9
1069 1160 32 1
1069 1306 15 9
1070 1091 5 3
1070 1116 42 1
1070 1120 45 7
1071 1112 50 14
1072 1225 5 14
1074 1279 57 9
1075 1310 37 14
1076 1172 38 14
1076 1258 44 7
1077 1114 8 3
1077 1164 24 2
1078 1217 55 13
1078 1310 49 7
1079 1097 11 10
1079 1238 37 6
1081 1282 53 1
1082 1183 35 6
1084 1086 20 11
1085 1093 18 3
1086 1305 2 12
1087 1168 22 3
1087 1276 37 2
1087 1283 32 14
1089 1209 24 10
1090 1110 15 4
1091 1119 30 4
1091 1167 34 1
1091 1256 37 9
1092 1124 3 2
1092 1303 31 11
1093 1216 53 13
1093 1240 2 10
1095 1241 6 2
1095 1326 43 1
1097 1147 22 3
1097 1296 8 13
1098 1133 23 6
1098 1156 54 5
1098 1246 21 9
1099 1112 21 13
1099 1156 37 4
1099 1224 40 12
1100 1220 6 7
1100 1235 33 9
1102 1105 54 8
1103 1126 30 2
1103 1208 4 11
1105 1166 40 9
1105 1246 14 15
1106 1143 47 10
1106 1165 9 3
1107 1228 41 5
1108 1113 42 9
1108 1269 32 15
1108 1294 36 1
1108 1327 54 1
1109 1226 17 4
1110 1229 6 8
1110 1310 14 9
1111 1212 12 14
1111 1227 4 14
1111 1314 29 15
1112 1157 49 9
1112 1306 4 3
1113 1196 39 1
1113 1217 2 5
1114 1199 59 12
1114 1238 6 13
1115 1182 9 3
1115 1303 2 10
1117 1178 50 2
1117 1326 6 12
1118 1314 41 14
1119 1296 7 1
1119 1310 42 3
1120 1200 9 8
1120 1307 42 8
1121 1199 59 9
1121 1212 1 8
1122 1235 14 11
1124 1158 47 2
1124 1329 14 3
1125 1173 39 4
1125 1258 33 2
1126 1176 47 10
1126 1314 27 1
1127 1270 40 5
1128 1156 42 3
1128 1228 28 4
1129 1132 35 1
1129 1188 11 15
1132 1244 25 6
1136 1265 34 5
1139 1284 58 2
1139 1331 25 1
1142 1245 30 7
1142 1323 8 5
1144 1155 20 6
1144 1206 21 13
1145 1240 55 14
1145 1253 2 14
1147 1192 60 5
1147 1251 34 9
1147 1327 43 13
1148 1163 44 11
1149 1300 56 10
1150 1249 58 3
1151 1267 16 15
1152 1331 8 14
1158 1160 23 8
1160 1221 13 8
1160 1294 26 14
1160 1312 48 11
1161 1221 39 8
1161 1263 25 2
1165 1172 21 4
1165 1183 35 3
1165 1248 13 10
1165 1301 19 7
1168 1176 6 10
1168 1249 40 12
1168 1305 42 3
1168 1322 39 11
1170 1304 3 5
1171 1203 5 3
1174 1224 19 1
1175 1276 47 8
1176 1182 33 13
1176 1209 57 6
1176 1241 53 4
1176 1290 40 8
1176 1291 42 10
1177 1197 18 9
1177 1210 38 6
1178 1298 1 1
1178 1309 43 2
1178 1334 34 5
1180 1288 24 3
1181 1225 3 15
1181 1235 53 5
1184 1267 14 1
1185 1197 52 9
1185 1281 11 9
1186 1288 22 13
1187 1236 13 14
1188 1230 23 7
1190 1191 4 6
1194 1286 42 9
1198 1327 2 7
1199 1209 50 12
1203 1291 52 6
1205 1262 29 14
1209 1265 45 10
1212 1262 30 15
1213 1329 35 3
1214 1278 56 11
1218 1308 43 7
1218 1318 59 6
1223 1266 55 1
1224 1236 48 6
1224 1276 59 10
1225 1265 38 11
1232 1319 47 10
1233 1290 4 5
1238 1247 49 7
1239 1261 23 14
1241 1258 32 1
1242 1302 46 1
1242 1310 24 9
1244 1285 29 13
1253 1277 57 12
1254 1264 37 2
1258 1279 29 13
1262 1321 50 12
1263 1325 49 12
1266 1300 1 5
1275 1315 26 14
1275 1333 36 1
1278 1284 49 13
1279 1314 22 1
1286 1316 20 11
1290 1323 49 4
1292 1302 4 2
1296 1327 40 10
1310 1326 52 7
1313 1330 32 1
1317 1331 47 5

0 2 12
1 21 9
2 26 13
3 43 13
4 47 43
5 56 26
6 63 28
7 67 2
8 74 10
9 98 43
10 101 32
11 108 36
12 115 32
13 130 44
14 132 37
15 133 50
16 140 1
17 163 10
18 164 27
19 166 17
20 172 3
21 173 28
22 185 10
23 198 47
24 201 38
25 223 44
26 238 6
27 242 41
28 248 24
29 299 43
30 301 22
31 317 25
32 318 40
33 338 45
34 339 30
35 345 18
36 349 2
37 361 30
38 366 49
39 371 27
40 375 20
41 388 18
42 398 18
43 399 14
44 402 25
45 408 45
46 409 22
47 433 1
48 451 12
49 461 18
50 466 3
51 472 1
52 474 49
53 492 3
54 502 32
55 513 43
56 517 34
57 523 16
58 526 4
59 531 4
60 534 1
61 547 31
62 553 36
63 577 15
64 594 18
65 605 16
66 615 1
67 618 5
68 629 38
69 654 16
70 659 5
71 663 40
72 681 4
73 685 38
74 695 31
75 707 30
76 720 43
77 724 20
78 730 33
79 731 19
80 743 6
81 749 8
82 774 23
83 800 2
84 803 48
85 842 38
86 856 31
87 878 27
88 886 12
89 887 26
90 915 33
91 928 37
92 952 41
93 957 43
94 971 19
95 972 42
96 975 15
97 979 7
98 981 38
99 999 47
100 1004 48
101 1048 50
102 1051 48
103 1056 16
104 1068 4
105 1075 4
106 1086 34
107 1107 32
108 1122 4
109 1152 39
110 1159 33
111 1162 42
112 1192 29
113 1195 8
114 1198 50
115 1205 48
116 1209 45
117 1220 40
118 1223 50
119 1224 24
120 1235 37
121 1244 42
122 1251 48
123 1252 15
124 1258 40
125 1271 32
126 1272 21
127 1275 43
128 1277 15
129 1295 33
130 1307 49
131 1312 44
132 1318 14
