570 2827 57 7

0 30 6721
1 60 13012
2 90 18893
3 120 24383
4 150 29503
5 180 34269
6 210 38700

0 5984
1 4352
2 3519
3 4239
4 5333
5 5403
6 4297
7 5241
8 5425
9 3616
10 3562
11 5829
12 3214
13 3807
14 2516
15 3799
16 3932
17 4078
18 3856
19 4220
20 4621
21 5607
22 4052
23 5841
24 4845
25 5209
26 4062
27 5267
28 5641
29 5508
30 4783
31 4878
32 5495
33 4585
34 5357
35 4374
36 5386
37 5178
38 4081
39 4534
40 3828
41 5919
42 4277
43 3857
44 3204
45 3010
46 5367
47 4788
48 4750
49 4200
50 3850
51 4947
52 4300
53 3885
54 4656
55 5592
56 4950
57 4918
58 4646
59 3949
60 5199
61 5467
62 6170
63 4967
64 5360
65 4018
66 4332
67 4608
68 4472
69 5851
70 6086
71 4168
72 3333
73 3705
74 4591
75 4423
76 4272
77 4482
78 5223
79 5495
80 5151
81 4079
82 4800
83 4856
84 5499
85 5091
86 4729
87 5417
88 4052
89 4908
90 4873
91 3432
92 5164
93 4386
94 3940
95 5181
96 4948
97 2318
98 4146
99 6294
100 4739
101 4462
102 4390
103 3792
104 3971
105 4492
106 3954
107 5481
108 2765
109 5543
110 4150
111 4462
112 4098
113 5832
114 5590
115 4536
116 3204
117 5072
118 4129
119 3224
120 4807
121 4226
122 4580
123 5274
124 5176
125 6384
126 4371
127 4511
128 5118
129 4285
130 4299
131 5153
132 4793
133 5618
134 5677
135 5266
136 4433
137 4969
138 5265
139 4999
140 5049
141 5004
142 4015
143 5374
144 5287
145 3293
146 4323
147 4423
148 5384
149 4163
150 4337
151 4085
152 3833
153 5170
154 5448
155 6128
156 4052
157 4238
158 5493
159 3814
160 4854
161 5568
162 4599
163 5027
164 4760
165 3708
166 3996
167 3623
168 5427
169 3500
170 4534
171 4597
172 4433
173 5088
174 5812
175 3976
176 4092
177 4636
178 3727
179 4162
180 4947
181 4271
182 4221
183 4089
184 5637
185 4189
186 5470
187 4010
188 3272
189 4954
190 5250
191 5835
192 5781
193 5078
194 4033
195 4608
196 5983
197 6472
198 4003
199 5631
200 5502
201 3651
202 4996
203 4223
204 4629
205 4680
206 5681
207 5452
208 3877
209 4567
210 3869
211 5584
212 5015
213 4411
214 3259
215 3644
216 5207
217 5914
218 4186
219 3862
220 5047
221 4855
222 3750
223 4616
224 2857
225 4972
226 4776
227 5029
228 5031
229 4942
230 5078
231 4970
232 5294
233 3530
234 4762
235 4583
236 5140
237 6313
238 4369
239 3388
240 4357
241 4414
242 5078
243 3953
244 4655
245 3844
246 5313
247 3470
248 4161
249 5162
250 4292
251 3451
252 5256
253 4147
254 5202
255 3172
256 5217
257 3511
258 5919
259 4299
260 4154
261 5767
262 6244
263 4760
264 4848
265 3334
266 4797
267 5962
268 5063
269 4459
270 4267
271 4687
272 4830
273 4651
274 4317
275 3916
276 3559
277 5190
278 5344
279 5221
280 4790
281 3207
282 3918
283 4226
284 4593
285 4808
286 4403
287 3504
288 4153
289 4924
290 4115
291 3919
292 5108
293 4098
294 4625
295 5653
296 5453
297 3007
298 4756
299 3038
300 4898
301 5270
302 4534
303 4509
304 4742
305 3458
306 4389
307 5007
308 5575
309 4298
310 4097
311 4212
312 3358
313 3317
314 5272
315 4333
316 4810
317 4177
318 5398
319 3686
320 6371
321 4673
322 5155
323 4348
324 4877
325 4554
326 4879
327 4450
328 4924
329 5474
330 4674
331 4617
332 4800
333 3304
334 6097
335 5003
336 5025
337 4469
338 5857
339 5087
340 5256
341 3803
342 3875
343 3569
344 4465
345 5548
346 4511
347 3323
348 4289
349 3412
350 4208
351 5487
352 4308
353 4250
354 4325
355 3196
356 4472
357 3216
358 4804
359 3121
360 4051
361 3654
362 3947
363 5421
364 5016
365 5088
366 3661
367 4245
368 4449
369 5244
370 4913
371 4062
372 4494
373 5262
374 4225
375 3580
376 5616
377 4708
378 3261
379 4968
380 3479
381 4867
382 4659
383 3992
384 4744
385 2580
386 5645
387 4886
388 5401
389 4509
390 5167
391 3685
392 5177
393 3531
394 3871
395 4680
396 4537
397 4722
398 4632
399 4119
400 4287
401 5007
402 6419
403 5086
404 5649
405 4776
406 5922
407 5495
408 5029
409 6232
410 5364
411 4798
412 3819
413 4444
414 3574
415 3177
416 3904
417 5271
418 4731
419 5081
420 4214
421 5215
422 5233
423 5863
424 4975
425 3877
426 5650
427 3982
428 3468
429 4638
430 5524
431 4346
432 5155
433 5193
434 4861
435 5238
436 4664
437 4385
438 5125
439 4644
440 4375
441 4788
442 6094
443 4864
444 4351
445 4504
446 4620
447 5377
448 5405
449 4698
450 4947
451 5781
452 4951
453 5275
454 5564
455 6217
456 4509
457 4056
458 5167
459 5134
460 4628
461 3933
462 4542
463 6038
464 4997
465 4385
466 5448
467 5434
468 4686
469 4299
470 4427
471 5502
472 4189
473 4475
474 4336
475 3785
476 4670
477 5328
478 4012
479 4413
480 5066
481 3465
482 4689
483 4619
484 3633
485 3809
486 5311
487 5164
488 4668
489 4457
490 5634
491 4542
492 6380
493 5978
494 3554
495 4800
496 4385
497 4841
498 4789
499 5465
500 4053
501 4497
502 3987
503 4071
504 4795
505 5346
506 4637
507 4665
508 4491
509 3531
510 5059
511 4338
512 5555
513 4450
514 5159
515 3700
516 4996
517 4434
518 6007
519 4691
520 3708
521 3603
522 5598
523 4281
524 4016
525 4813
526 4575
527 4705
528 3500
529 4342
530 4615
531 4325
532 4836
533 4288
534 4230
535 5664
536 4580
537 3431
538 4628
539 3793
540 3811
541 5633
542 3821
543 5377
544 5785
545 3974
546 3392
547 4220
548 4803
549 4875
550 4747
551 4839
552 5614
553 5556
554 4020
555 3808
556 4940
557 3790
558 4256
559 3489
560 4965
561 5149
562 2886
563 6395
564 5491
565 3923
566 5023
567 5759
568 4616
569 4792

0 205 7 9
0 245 19 2
0 286 28 2
0 317 8 13
0 333 56 4
0 384 41 6
0 395 32 12
0 400 15 6
0 465 46 12
0 469 36 3
0 518 23 2
1 17 9 6
1 108 35 11
1 178 12 14
1 206 49 12
1 294 52 5
1 357 59 14
1 403 56 8
1 561 21 5
2 113 53 4
2 167 59 10
2 171 19 2
2 180 14 3
2 208 22 2
2 231 31 7
2 316 54 10
2 317 48 14
2 369 32 6
2 375 44 8
2 390 11 11
2 409 36 2
2 518 57 15
3 106 54 10
3 126 7 2
3 277 48 11
3 287 10 5
3 366 60 15
3 479 21 12
3 489 20 12
3 491 42 13
3 521 53 13
3 523 43 10
4 146 47 9
4 205 59 4
4 206 51 15
4 243 5 3
4 292 11 10
4 327 57 9
4 509 26 1
5 54 39 15
5 96 5 3
5 113 36 11
5 314 2 6
5 320 21 5
5 351 56 9
5 403 41 9
5 532 30 14
5 555 44 12
5 556 26 10
6 47 43 4
6 50 9 6
6 80 45 13
6 219 1 15
6 415 52 6
6 434 31 13
6 445 5 13
6 518 14 7
6 527 20 8
6 550 22 8
7 15 49 3
7 79 42 10
7 149 28 8
7 161 14 12
7 167 52 2
7 176 40 8
7 223 57 1
7 272 17 3
7 325 56 12
7 432 49 2
7 543 33 3
8 86 32 6
8 105 54 7
8 115 10 7
8 135 23 6
8 183 1 9
8 190 46 15
8 213 39 3
8 256 6 1
8 277 20 1
8 308 16 4
8 388 29 6
8 391 41 4
8 429 40 11
8 431 17 11
8 496 6 11
8 553 17 9
9 17 30 11
9 79 56 12
9 80 18 15
9 117 2 15
9 321 30 12
9 391 28 15
9 420 49 10
9 453 48 9
9 488 41 14
9 495 31 14
9 527 28 10
9 556 33 15
10 28 55 12
10 48 32 11
10 86 60 14
10 171 29 3
10 276 21 2
10 285 40 5
10 450 15 4
10 564 34 2
10 567 59 12
11 27 26 7
11 127 18 4
11 206 42 1
11 213 33 10
11 276 59 5
11 283 33 15
11 362 25 11
11 364 48 6
11 391 37 14
11 425 37 7
11 491 25 4
11 518 46 14
11 544 14 15
11 555 4 5
12 79 40 13
12 132 2 1
12 216 14 15
12 235 53 10
12 282 4 9
12 292 37 4
12 455 7 5
12 487 48 3
12 542 55 5
12 543 24 10
13 75 3 12
13 90 8 12
13 132 21 11
13 170 58 11
13 196 34 11
13 220 54 2
13 248 31 14
13 266 28 11
13 301 7 2
13 366 59 2
13 452 27 1
13 507 23 7
13 536 27 2
14 75 27 10
14 137 24 13
14 173 27 6
14 205 49 7
14 277 50 13
14 294 44 8
14 434 45 7
14 484 18 12
14 497 36 2
14 524 56 3
14 562 25 9
15 22 17 10
15 31 2 6
15 112 27 11
15 113 8 7
15 131 60 1
15 166 40 1
15 227 48 9
15 270 20 6
15 298 46 11
15 355 59 1
15 394 17 9
16 77 42 14
16 78 59 6
16 107 59 9
16 279 23 14
16 310 15 3
16 327 52 6
16 416 5 13
16 486 6 11
17 66 26 13
17 127 21 14
17 134 41 9
17 182 58 2
17 183 15 6
17 231 54 7
17 310 42 12
17 448 11 4
18 124 9 14
18 196 34 7
18 204 54 12
18 236 45 2
18 332 39 7
18 352 12 12
18 452 34 15
18 509 12 10
18 542 57 3
19 150 35 3
19 200 60 6
19 221 34 6
19 243 41 4
19 267 22 3
19 466 58 7
19 508 10 1
19 531 44 9
19 566 13 12
19 568 12 14
20 125 27 7
20 130 21 2
20 141 43 10
20 148 53 13
20 152 6 1
20 281 14 15
20 299 48 4
20 318 53 7
20 320 50 8
20 324 24 4
20 504 17 2
21 66 2 9
21 177 19 1
21 258 30 1
21 431 48 13
21 469 1 10
21 539 36 13
21 542 39 14
21 547 59 15
21 568 42 10
22 61 48 12
22 103 26 15
22 136 58 10
22 146 21 11
22 264 30 3
22 279 51 3
22 427 16 9
23 35 43 5
23 84 50 3
23 105 34 6
23 167 37 5
23 228 22 8
23 234 53 14
23 262 3 9
23 307 24 9
23 308 41 1
23 446 7 5
23 463 13 3
23 558 6 5
23 560 10 13
24 30 22 9
24 61 5 12
24 126 19 7
24 159 57 3
24 235 49 13
24 289 21 10
24 294 10 11
24 337 57 14
24 353 7 5
24 402 29 3
24 457 15 10
24 469 32 5
24 485 29 15
25 87 12 4
25 121 14 10
25 174 27 2
25 323 26 10
25 354 43 14
25 387 9 8
25 468 40 14
25 469 55 4
25 509 10 14
25 535 49 2
26 78 6 7
26 125 46 2
26 176 36 3
26 196 23 15
26 336 3 15
26 357 39 8
26 402 19 10
26 413 28 1
26 440 35 9
26 479 56 2
26 516 52 13
26 551 18 13
26 566 40 10
27 125 60 12
27 243 18 15
27 262 55 3
27 300 22 2
27 499 45 5
28 70 38 13
28 173 26 10
28 175 53 7
28 218 46 10
28 246 1 11
28 324 7 8
28 344 58 5
28 365 53 7
28 378 45 1
28 381 6 5
28 392 60 5
28 461 30 11
28 529 43 7
29 34 21 4
29 79 25 12
29 177 51 12
29 254 49 3
29 269 43 1
29 415 46 10
29 419 28 4
29 537 28 4
29 548 33 12
29 553 20 13
30 294 13 6
30 434 24 10
30 511 54 15
30 513 39 14
30 517 31 1
30 556 35 8
31 71 58 8
31 115 24 9
31 128 22 9
31 290 23 8
31 358 17 15
31 396 35 4
31 419 50 3
31 421 33 12
31 458 55 1
31 477 26 13
31 497 27 9
32 72 23 15
32 80 49 14
32 501 36 1
32 553 19 3
33 115 21 1
33 286 17 6
33 319 56 8
33 383 57 4
33 467 37 1
33 516 49 6
33 538 23 6
34 64 45 12
34 85 25 3
34 222 15 9
34 276 24 10
34 325 56 10
34 364 24 1
34 399 12 13
34 455 53 13
34 496 32 4
34 548 21 15
34 563 15 12
35 40 58 11
35 81 17 9
35 260 42 6
35 285 20 6
35 342 30 7
35 424 46 8
35 426 5 3
35 456 40 14
36 64 27 15
36 110 49 5
36 150 28 1
36 165 36 12
36 179 48 1
36 425 23 9
36 504 41 14
37 49 20 3
37 54 11 4
37 66 30 10
37 199 3 10
37 266 58 4
37 307 23 4
37 398 4 9
37 412 56 12
37 421 8 3
37 437 16 6
37 447 28 14
37 468 19 13
37 514 17 7
37 516 51 12
37 528 53 2
37 530 37 7
38 104 59 5
38 202 56 11
38 326 43 13
38 358 46 1
38 392 37 11
38 404 59 9
38 410 38 5
38 456 35 3
38 536 29 13
39 68 2 9
39 234 9 10
39 263 14 4
39 420 33 12
39 449 54 14
39 555 9 11
40 73 25 14
40 101 38 10
40 168 40 8
40 273 53 9
40 301 52 6
40 366 58 1
40 430 32 5
40 474 2 3
40 492 41 5
40 540 34 2
41 44 20 10
41 68 13 15
41 72 47 15
41 170 1 7
41 261 17 11
41 308 12 1
41 323 6 10
41 394 48 4
41 430 27 4
41 443 16 10
41 492 26 8
41 539 40 10
42 59 34 7
42 72 51 2
42 75 19 4
42 76 44 2
42 123 59 5
42 124 47 13
42 143 58 6
42 189 50 3
42 197 8 1
42 205 25 4
42 240 29 14
42 289 15 9
42 345 8 11
42 450 2 7
42 451 38 4
42 482 35 6
42 563 2 13
43 76 17 12
43 119 60 10
43 222 46 3
43 367 4 8
43 372 31 15
43 407 1 1
43 468 6 7
43 561 53 3
44 168 27 2
44 231 15 8
44 250 26 5
44 338 57 1
44 508 44 8
44 547 23 13
44 556 2 8
45 107 34 13
45 154 4 7
45 158 55 8
45 267 52 7
45 302 41 2
45 335 18 9
45 407 32 4
45 529 19 3
45 554 22 10
46 51 2 3
46 70 53 6
46 156 4 6
46 168 19 7
46 176 40 15
46 282 57 14
46 296 11 11
46 410 58 10
46 429 7 5
46 486 52 9
47 121 11 7
47 204 29 9
47 283 45 12
47 293 17 8
47 481 25 13
47 515 5 5
47 543 29 2
48 103 16 3
48 237 32 11
48 332 8 4
48 377 18 1
48 378 49 12
48 440 14 12
48 449 40 11
48 499 14 4
49 52 44 10
49 71 3 11
49 98 18 9
49 99 1 5
49 121 57 8
49 242 46 3
49 315 9 11
49 331 35 3
49 343 58 13
49 352 16 4
49 431 54 10
49 434 51 2
49 493 11 14
49 503 28 13
49 516 12 13
50 71 49 5
50 72 30 3
50 132 29 7
50 136 36 11
50 190 6 12
50 245 56 11
50 257 41 1
50 258 46 10
50 548 12 14
50 557 54 3
51 73 52 10
51 118 4 1
51 295 57 12
51 338 42 3
51 371 15 4
51 409 54 4
51 477 2 13
51 537 48 11
52 149 29 1
52 156 57 9
52 178 19 1
52 208 33 8
52 276 41 9
52 394 56 13
52 489 39 1
52 552 22 12
52 555 21 7
53 95 37 10
53 147 47 14
53 268 29 3
53 337 28 8
53 391 60 8
53 432 1 5
53 454 7 7
53 459 16 15
53 496 37 5
53 535 41 12
53 566 35 13
54 59 1 13
54 141 16 1
54 237 48 7
54 285 50 3
54 307 22 7
54 370 33 5
54 538 14 9
55 64 38 11
55 69 58 2
55 77 29 2
55 340 54 11
55 409 15 15
55 425 60 8
55 498 29 10
55 506 37 13
55 547 39 3
56 64 40 14
56 66 53 15
56 179 59 2
56 212 26 11
56 237 28 6
56 247 39 4
56 257 12 15
56 413 20 4
56 490 19 8
56 547 4 14
57 241 28 11
57 480 44 6
58 115 38 11
58 168 26 15
58 257 21 10
58 332 28 12
58 412 33 14
58 448 14 5
58 464 14 1
59 66 9 3
59 113 15 6
59 122 33 10
59 230 18 12
59 263 23 6
59 339 20 6
59 446 10 15
59 463 27 7
59 465 57 15
59 483 12 12
59 547 14 1
60 76 4 9
60 218 40 9
60 264 59 14
60 284 45 8
60 387 58 14
60 394 5 10
60 467 34 3
60 494 44 10
60 516 50 10
61 130 6 4
61 274 40 11
61 316 49 11
61 361 58 15
61 385 26 12
61 478 45 5
61 496 23 9
61 504 48 8
61 509 39 1
62 163 42 15
62 214 18 6
62 227 11 8
62 248 60 6
62 379 6 10
62 398 16 13
62 409 24 13
62 456 11 15
62 553 3 6
63 228 40 7
63 239 10 15
63 246 8 2
63 290 13 2
63 342 28 15
63 363 20 1
63 376 20 11
63 477 15 13
63 533 26 14
64 68 57 13
64 118 37 8
64 142 15 9
64 234 36 3
64 330 21 10
64 361 32 14
64 362 15 13
64 400 28 11
64 473 3 5
64 478 45 4
64 515 26 4
64 523 8 10
64 561 51 15
65 107 39 4
65 114 60 14
65 275 11 8
65 297 23 4
65 302 16 11
65 309 29 10
65 332 8 2
65 338 15 11
65 516 41 9
66 78 38 4
66 92 26 1
66 100 56 2
66 105 41 15
66 141 19 5
66 314 7 2
66 473 31 11
66 506 22 15
66 527 57 6
67 120 41 14
67 143 39 8
67 254 39 2
67 305 6 13
67 403 39 2
67 507 25 3
68 133 19 5
68 179 50 11
68 376 38 14
68 457 45 3
68 535 21 11
68 536 6 1
68 569 60 2
69 101 44 2
69 184 39 8
69 185 10 9
69 268 31 7
69 273 7 8
69 305 10 6
69 349 21 12
69 366 44 9
70 313 36 11
70 317 52 13
70 341 31 5
70 415 6 4
70 533 49 11
71 199 17 8
71 217 20 15
71 250 39 3
71 260 49 4
71 269 36 4
71 484 56 1
71 545 13 12
72 76 52 9
72 94 38 14
72 153 53 9
72 176 30 4
72 277 24 8
72 343 48 14
72 430 20 10
72 435 8 14
72 469 50 13
72 510 28 2
72 528 60 6
73 131 4 6
73 141 11 2
73 150 39 5
73 161 17 8
73 168 24 12
73 317 20 9
73 444 9 8
74 120 51 8
74 162 37 2
74 179 9 4
74 185 59 12
74 238 11 11
74 242 26 7
74 250 4 9
74 304 7 5
74 380 32 11
74 448 33 10
74 460 25 6
75 136 57 4
75 267 1 8
75 298 42 6
75 316 55 5
75 500 53 12
75 507 18 1
76 92 14 15
76 126 15 11
76 230 36 10
76 338 50 6
76 418 51 13
76 487 36 12
76 496 10 1
76 549 53 7
77 210 2 5
77 217 13 11
77 444 53 4
77 475 34 2
78 152 1 10
78 156 39 7
78 345 31 9
78 386 38 8
79 230 20 2
79 261 48 14
79 315 24 10
79 369 31 13
79 406 29 4
79 473 44 13
80 85 46 3
80 103 14 1
80 141 2 8
80 165 24 4
80 180 16 4
80 464 48 5
80 515 38 7
80 535 30 2
80 549 36 9
81 214 2 7
81 219 23 11
81 250 22 12
81 314 58 6
81 348 1 14
81 356 54 5
81 487 40 1
81 557 16 5
82 145 18 14
82 340 43 7
82 378 8 7
82 407 53 10
82 408 48 4
82 442 37 7
82 470 56 10
83 181 36 15
83 243 11 4
83 275 50 7
83 313 23 10
83 434 52 11
83 520 6 9
83 535 51 9
84 153 49 9
84 222 45 12
84 297 51 11
84 348 28 4
84 555 39 4
85 129 2 15
85 144 32 4
85 147 43 6
85 275 11 8
85 498 6 14
85 558 60 7
86 213 4 4
86 309 17 6
86 311 6 15
86 374 3 2
86 452 47 6
86 469 13 12
86 486 7 5
86 492 5 4
86 516 3 4
87 115 30 1
87 196 42 15
87 271 51 11
87 289 17 5
88 104 46 7
88 225 55 2
88 232 49 8
88 251 19 10
88 252 32 15
88 375 44 13
88 393 5 12
88 536 28 5
88 561 33 15
88 565 14 6
89 94 45 4
89 334 36 15
89 352 42 10
89 489 60 7
89 501 13 3
89 541 30 12
90 104 28 8
90 249 15 4
90 262 43 8
90 274 28 4
90 297 7 7
90 355 45 7
90 450 38 8
90 454 9 14
90 471 38 1
90 476 42 10
90 486 36 8
90 491 5 6
91 98 27 2
91 129 34 8
91 166 31 13
91 183 60 9
91 330 59 12
91 362 38 14
91 369 26 6
91 372 3 7
91 419 5 12
91 513 42 12
91 531 10 13
92 251 51 10
92 280 47 1
92 307 42 8
92 309 32 13
92 358 52 12
92 415 27 9
92 538 30 9
93 166 29 11
93 175 8 12
93 237 7 7
93 429 55 10
93 446 52 10
93 488 7 10
93 506 40 10
93 512 58 10
93 526 45 14
94 115 44 9
94 124 41 5
94 178 26 11
94 196 4 3
94 219 57 9
94 230 18 3
94 266 47 7
94 271 18 5
94 280 59 10
94 375 43 2
94 484 20 8
95 100 35 14
95 112 28 10
95 138 59 12
95 206 36 12
95 289 45 12
95 415 23 9
95 462 40 5
95 472 56 4
96 123 49 6
96 154 39 1
96 163 20 2
96 177 11 7
96 303 17 6
96 330 22 4
96 400 39 11
96 450 8 11
96 470 13 8
96 497 40 13
96 568 21 10
97 214 53 10
97 349 13 6
97 378 27 9
97 416 1 15
97 538 20 9
97 544 19 14
98 110 43 13
98 115 33 1
98 215 41 8
98 270 9 7
98 323 29 13
98 405 1 10
98 445 45 10
98 530 36 6
98 568 33 7
99 187 37 9
99 200 37 13
99 201 10 8
99 214 33 4
99 252 2 4
99 325 34 14
99 352 24 8
99 400 18 5
99 492 11 2
99 514 2 5
99 519 58 10
99 551 48 11
100 280 27 15
100 286 10 9
100 359 27 4
100 453 38 6
100 516 6 7
100 559 59 6
100 564 39 3
101 107 40 12
101 128 16 2
101 175 25 4
101 216 29 12
101 284 10 5
101 304 16 14
101 381 22 1
101 395 14 13
101 459 24 13
102 130 19 13
102 173 11 5
102 174 40 4
102 291 13 8
102 296 32 1
102 317 51 1
102 333 9 8
102 380 9 10
102 401 27 3
102 409 31 13
102 429 42 5
102 459 25 6
102 542 53 5
102 559 34 2
103 112 37 10
103 144 44 11
103 146 7 6
103 306 7 9
103 376 32 10
103 426 32 2
103 446 59 10
103 458 13 4
104 119 53 4
104 154 35 1
104 165 8 10
104 178 55 15
104 184 38 7
104 200 45 14
104 315 57 3
104 429 44 3
104 437 11 14
104 524 3 12
105 126 25 11
105 192 52 2
105 227 55 3
105 438 18 14
105 490 53 5
105 504 43 2
105 524 37 8
105 538 18 5
106 214 56 13
106 263 6 1
106 291 13 15
106 352 50 6
106 353 7 15
106 367 51 2
106 434 20 8
106 546 25 8
107 146 28 1
107 250 17 11
107 287 56 11
107 311 34 14
107 405 54 1
107 417 5 6
107 473 14 9
107 512 26 6
107 529 15 8
108 144 13 5
108 225 26 8
108 230 42 11
108 343 41 6
108 424 55 15
108 457 17 3
108 520 40 10
108 537 14 7
109 179 14 5
109 187 12 2
109 232 1 9
109 259 44 2
109 446 56 8
109 457 57 2
110 113 55 2
110 221 29 13
110 255 36 2
110 274 20 4
110 279 45 9
110 393 11 5
111 141 55 10
111 167 57 13
111 203 20 3
111 262 37 10
111 302 45 10
111 317 43 3
111 340 46 15
111 357 23 3
111 388 4 11
111 458 26 5
111 526 47 3
112 117 11 8
112 162 54 2
112 208 46 3
112 299 59 14
112 312 35 14
112 436 40 10
112 437 33 9
112 560 44 12
113 144 32 5
113 153 8 3
113 281 34 4
113 322 39 2
113 351 7 11
113 491 26 6
113 511 53 6
113 565 13 11
114 215 39 13
114 255 42 15
114 307 30 12
114 471 56 6
114 482 54 3
114 531 25 1
114 543 25 12
114 549 22 8
114 553 21 10
115 220 27 11
115 281 32 7
115 286 40 11
115 307 37 15
115 308 5 8
115 341 21 9
115 405 48 15
115 414 4 5
115 445 5 15
115 486 19 9
115 498 20 10
115 505 56 1
116 118 44 7
116 274 16 11
116 496 45 4
116 554 44 10
117 163 17 12
117 296 21 10
117 352 7 9
117 370 44 9
117 388 6 15
117 393 49 5
118 139 32 7
118 231 20 2
118 248 54 10
118 290 36 8
118 293 28 12
118 430 16 14
118 443 20 5
118 480 23 11
118 554 36 5
118 563 15 8
119 222 60 12
119 271 21 6
119 293 25 3
119 346 19 7
119 448 5 5
119 510 1 5
120 135 20 11
120 200 48 11
120 223 52 12
120 309 10 5
120 338 39 10
120 414 20 7
120 552 1 2
121 139 57 8
121 163 7 7
121 220 5 9
121 246 52 10
121 265 52 4
121 274 11 6
121 275 35 13
121 299 31 5
121 337 10 4
121 508 31 6
121 523 16 11
121 556 53 7
122 161 20 14
122 194 19 13
122 216 57 8
122 432 12 2
122 435 20 7
122 445 32 10
122 541 40 6
122 556 3 11
123 165 20 3
123 232 12 10
123 244 8 13
123 272 50 10
123 299 25 13
123 308 54 6
123 314 48 11
123 416 15 5
123 552 28 13
124 139 59 1
124 259 14 4
124 335 10 1
124 403 50 2
124 408 59 8
124 499 20 2
125 154 35 1
125 183 54 10
125 312 2 3
125 323 39 14
125 332 57 6
125 431 17 5
125 433 36 11
125 543 43 1
126 155 57 15
126 258 10 14
126 387 4 9
126 479 11 8
127 175 38 6
127 223 25 14
127 268 38 9
127 340 34 9
127 357 12 3
127 458 49 6
127 491 57 2
128 196 21 1
128 198 14 4
128 212 32 10
128 354 55 8
128 409 48 11
128 503 43 4
128 513 60 5
128 536 35 14
128 541 21 13
128 553 25 2
128 557 38 11
129 185 16 12
129 230 43 15
129 331 15 6
129 468 46 10
129 476 46 7
129 478 46 3
129 519 21 15
130 139 44 9
130 178 4 6
130 196 52 12
130 257 9 9
130 259 45 15
130 375 9 15
130 394 59 12
130 444 35 8
130 447 10 13
130 464 13 3
131 145 45 10
131 167 37 11
131 221 20 13
131 248 16 12
131 324 3 4
131 392 44 3
131 495 8 8
131 525 51 11
131 554 16 3
132 249 55 1
132 386 35 6
132 392 53 3
132 496 15 4
132 518 5 10
133 203 26 10
133 242 28 10
133 272 38 14
133 328 12 4
133 393 33 9
133 483 41 7
133 496 20 13
134 232 20 11
134 421 3 15
134 534 24 1
134 563 19 2
135 192 59 12
135 248 27 3
135 265 31 14
135 294 25 14
135 304 26 1
135 342 13 9
135 367 52 9
135 398 3 11
135 470 49 15
136 234 11 3
136 313 49 15
136 319 1 2
136 343 15 14
136 519 2 9
136 548 48 11
137 158 22 13
137 170 21 10
137 312 14 3
137 313 27 14
137 339 52 11
137 374 44 13
137 402 10 4
137 406 47 12
137 463 29 10
137 531 53 9
138 169 60 14
138 214 18 6
138 232 5 11
138 315 60 3
138 336 7 15
138 505 20 15
139 162 15 4
139 183 56 11
139 188 34 1
139 230 2 11
139 312 12 8
139 324 42 12
139 365 35 9
139 367 57 9
139 388 27 6
139 405 48 8
139 411 39 5
139 448 3 13
139 461 6 15
139 544 36 1
140 153 16 12
140 180 54 13
140 188 44 13
140 206 45 4
140 257 4 12
140 297 34 4
140 392 26 10
140 398 38 2
140 549 45 10
141 223 28 15
141 244 27 9
141 245 35 6
141 299 59 13
141 435 35 8
141 459 43 15
142 231 4 10
142 234 11 2
142 354 8 13
142 380 54 11
142 420 22 14
142 432 45 6
142 437 44 10
142 471 51 2
142 549 28 12
142 554 26 15
143 301 52 8
143 313 35 6
143 349 53 6
143 356 20 15
143 387 33 11
143 389 21 13
143 470 20 5
143 494 28 2
144 359 56 2
144 379 46 3
144 439 45 10
145 186 57 15
145 349 23 2
145 421 34 7
145 529 30 10
145 538 12 3
145 547 42 15
146 216 35 5
146 287 20 13
146 307 47 13
146 342 42 1
146 507 34 5
146 517 24 3
147 153 5 1
147 243 34 13
147 282 59 7
147 484 14 12
147 569 31 10
148 151 19 8
148 181 38 11
148 435 11 5
148 460 49 6
148 553 41 11
149 422 57 2
149 449 44 10
149 508 18 11
150 168 10 14
150 266 15 3
150 285 30 6
150 288 28 3
150 298 50 9
150 493 14 2
151 237 19 10
151 238 41 15
151 321 53 4
151 438 53 13
151 446 22 14
151 479 54 12
151 486 13 7
151 523 40 6
152 162 4 7
152 185 35 1
152 330 20 4
152 476 36 5
152 484 31 15
152 539 41 4
153 221 11 8
153 336 30 15
153 373 51 3
153 429 14 10
153 485 43 14
154 254 52 11
154 268 19 9
154 317 32 2
154 324 54 12
154 394 22 1
154 426 46 5
154 476 27 4
154 511 13 6
154 558 43 5
155 252 33 13
155 260 20 15
155 279 36 4
155 320 52 9
155 362 26 4
155 414 52 8
156 170 30 9
156 177 44 5
156 286 41 4
156 290 50 1
156 299 27 4
156 323 25 6
156 329 51 6
156 402 48 12
156 427 14 2
156 432 26 9
156 537 1 7
157 195 6 6
157 261 25 1
158 261 7 13
158 372 42 15
158 383 41 8
158 388 7 14
158 403 3 6
158 512 34 7
159 209 39 1
159 317 38 3
159 349 27 12
159 426 1 9
160 284 48 7
160 345 60 2
160 346 29 13
160 452 52 3
160 521 52 14
161 183 30 1
161 214 40 10
161 221 22 14
161 273 1 14
161 322 12 5
161 492 39 11
162 164 58 4
162 216 22 8
162 260 9 6
162 296 24 7
162 328 60 1
162 398 44 13
162 399 37 9
162 459 17 2
162 471 4 4
162 538 8 15
162 541 33 9
163 195 13 14
163 200 8 4
163 220 3 12
163 298 6 7
163 531 56 11
163 558 6 4
164 200 42 4
164 229 42 12
164 298 15 15
164 354 35 5
164 410 34 4
164 420 26 10
164 467 49 7
164 534 42 10
165 272 37 10
165 355 58 11
165 447 41 2
165 554 11 15
166 177 56 5
166 182 16 3
166 273 40 15
166 308 44 3
166 414 22 14
166 429 45 8
166 472 29 11
166 478 21 2
166 505 1 13
166 514 22 5
167 215 19 1
167 286 29 4
167 366 53 1
167 471 6 2
167 530 7 12
168 178 12 11
168 211 58 13
168 213 18 11
168 320 25 3
168 339 29 15
169 217 1 12
169 274 30 6
169 311 52 1
169 389 44 6
169 502 16 9
170 243 38 11
170 301 35 14
170 321 36 3
170 325 29 11
170 342 30 2
170 343 20 14
170 421 5 7
170 433 58 7
170 493 8 11
170 530 28 8
170 568 6 14
171 269 28 4
171 361 24 3
171 461 49 9
171 475 20 2
171 497 13 4
171 511 18 4
171 522 7 6
171 541 27 3
172 245 35 15
172 436 11 3
172 504 47 8
172 518 26 10
173 229 51 5
173 278 33 4
173 304 57 11
173 346 42 4
173 374 5 9
173 425 16 10
173 452 45 11
174 265 59 5
174 302 30 4
174 306 14 15
174 323 41 6
174 409 24 5
174 425 13 1
175 187 55 3
175 241 49 5
175 276 46 1
175 344 20 10
175 358 39 6
175 368 60 14
175 426 37 14
175 468 32 8
175 486 35 9
175 532 49 15
176 201 29 9
176 207 28 10
176 245 24 2
176 272 60 3
176 349 55 13
176 383 1 11
176 389 21 6
176 452 30 5
176 511 9 3
176 520 47 9
176 538 55 13
176 545 27 8
177 291 44 13
177 302 50 14
177 308 7 1
177 542 33 8
177 550 26 15
178 399 24 12
178 488 42 3
178 546 39 3
179 186 50 12
179 428 59 13
179 436 24 15
179 472 2 14
180 304 35 11
180 395 8 12
180 530 35 8
181 201 28 14
181 242 34 9
181 249 28 3
181 256 44 11
181 304 52 5
181 347 19 8
181 351 60 12
181 395 36 5
181 490 52 8
182 337 12 1
182 464 48 13
182 499 33 12
183 199 15 5
183 208 21 11
183 272 47 12
183 452 11 15
183 525 32 9
184 237 21 12
184 304 46 3
184 328 52 3
184 408 25 3
184 433 44 5
184 546 52 8
184 555 47 4
185 259 38 12
185 300 51 3
185 317 2 5
185 356 33 14
185 554 36 14
186 253 37 2
186 258 28 14
186 285 5 12
186 292 50 11
186 400 52 14
186 402 34 6
186 426 15 2
186 489 24 15
186 557 46 7
187 263 55 5
187 377 2 4
187 436 45 1
188 284 30 10
188 325 37 5
188 334 35 1
188 450 29 5
188 516 37 5
189 196 49 12
189 304 1 12
189 377 54 13
189 510 54 9
189 535 49 7
190 207 14 5
190 261 51 14
190 537 11 6
190 561 7 5
191 302 11 8
191 316 52 5
191 384 32 8
191 445 10 11
191 455 25 9
191 486 57 4
191 488 3 15
191 532 6 2
192 242 41 1
192 293 37 9
192 304 16 9
192 354 42 6
192 476 50 2
192 492 45 5
192 512 44 12
192 522 26 7
192 539 43 12
192 542 34 9
192 549 37 2
192 566 17 1
193 289 27 9
193 359 8 1
193 366 10 10
193 476 12 9
193 510 51 12
193 518 11 13
193 567 41 5
195 243 24 14
195 244 27 9
195 249 52 8
195 253 23 10
195 254 33 12
195 419 32 1
195 426 57 12
195 451 18 10
195 465 11 5
195 549 17 7
196 231 28 1
196 271 46 12
196 401 51 2
196 491 7 14
197 268 47 6
197 349 2 10
197 407 6 15
197 463 10 13
197 528 52 11
197 547 16 13
198 257 4 6
198 283 9 4
198 301 36 10
198 340 26 5
198 401 46 2
198 411 41 2
198 532 47 12
199 244 34 3
199 254 41 8
199 262 53 13
199 280 7 11
199 324 22 7
199 329 56 6
199 364 47 15
199 391 36 14
199 433 21 3
199 444 55 11
199 446 56 14
199 468 32 8
199 485 3 9
199 561 44 5
200 272 44 14
200 312 36 6
200 341 52 12
200 370 33 10
200 474 44 11
201 221 40 13
201 234 52 4
201 264 37 2
201 276 1 2
201 281 16 3
201 380 38 11
201 497 35 4
201 563 39 13
201 565 56 12
202 226 41 4
202 264 38 2
202 291 31 8
202 406 12 5
202 415 17 2
202 435 31 14
202 448 44 12
202 482 16 15
202 485 30 13
203 227 2 11
203 302 41 9
203 305 48 8
203 325 53 10
203 385 17 13
203 448 42 9
203 490 1 6
203 541 38 10
204 525 5 2
204 545 20 12
204 546 60 12
204 547 12 11
205 267 10 3
205 414 27 10
205 443 15 14
205 523 3 13
206 224 22 7
206 255 31 10
207 225 42 11
207 230 45 4
207 485 56 9
207 524 8 14
207 529 51 1
207 532 33 2
207 550 16 14
208 297 29 5
208 418 36 6
208 435 7 6
208 455 48 6
209 421 4 11
209 431 29 13
210 347 15 9
210 390 32 9
210 522 13 4
210 544 25 13
211 217 60 15
211 352 59 5
211 353 45 6
211 491 55 11
211 493 52 14
211 500 22 6
212 243 1 12
212 270 16 9
212 357 35 10
212 407 11 14
212 438 59 11
213 259 29 12
213 320 20 7
213 417 24 15
213 455 20 9
213 467 38 13
213 469 37 1
213 485 15 14
213 490 45 9
214 221 29 14
214 246 28 7
214 267 30 12
214 275 21 14
214 292 60 14
214 321 31 3
214 329 18 4
214 356 19 12
214 419 4 5
214 432 29 10
214 461 14 12
214 514 31 15
214 551 52 1
214 568 22 7
215 241 14 4
215 277 60 14
215 298 24 6
215 358 47 2
215 509 3 13
215 531 51 4
216 258 26 12
216 274 52 15
216 410 40 1
216 477 44 9
216 532 57 13
217 256 10 15
217 265 27 6
217 340 19 3
217 358 42 6
217 360 30 5
217 467 29 6
217 477 52 2
217 491 19 1
217 527 15 6
218 225 20 1
218 237 46 1
218 240 6 14
218 242 56 3
218 341 38 13
218 352 25 9
218 370 40 8
218 393 5 12
218 408 4 13
218 438 29 1
218 456 40 2
218 460 30 8
218 490 59 13
218 550 38 9
218 556 25 1
219 318 47 10
219 388 57 10
219 403 39 11
220 250 19 13
220 281 53 2
220 304 30 15
220 312 56 14
220 343 41 15
220 472 56 10
220 488 23 10
221 251 45 5
221 262 11 2
221 400 48 7
221 442 53 15
221 449 27 8
221 466 6 4
222 243 20 8
222 284 2 13
222 523 10 4
222 533 15 13
222 542 42 9
222 543 15 8
222 548 11 5
223 269 27 1
223 288 6 11
223 365 4 8
223 392 54 1
223 524 43 9
223 542 21 7
224 263 55 14
224 377 37 4
224 395 37 11
224 445 57 14
224 463 43 6
225 258 2 14
225 312 14 6
225 387 52 6
225 491 40 6
226 266 25 6
226 286 32 5
226 325 47 10
226 386 51 8
226 444 52 14
226 509 56 3
226 566 51 5
227 281 43 2
227 333 38 8
227 367 45 6
227 402 20 6
227 442 5 12
227 443 17 12
227 500 27 5
227 545 38 15
228 243 20 4
228 252 7 12
228 308 5 5
228 342 41 11
228 426 51 10
228 481 43 6
228 492 25 9
228 518 38 8
228 564 59 2
229 327 42 12
229 381 2 15
229 427 24 1
229 458 30 2
229 564 34 15
230 381 20 1
230 557 55 15
231 280 15 15
231 449 21 8
232 242 29 6
232 364 33 1
232 427 28 8
232 494 33 1
232 513 44 15
232 562 4 10
233 317 30 3
233 390 52 8
233 453 59 15
233 480 55 1
233 518 31 3
234 275 32 15
234 324 48 13
234 438 13 3
234 450 43 14
234 504 24 5
234 556 42 3
235 394 20 14
235 403 31 1
235 444 34 1
236 278 18 7
236 345 11 4
236 373 47 1
236 439 24 15
236 486 33 14
236 545 28 10
237 239 6 8
237 360 49 12
237 395 56 2
237 546 29 2
237 567 54 2
238 241 1 10
238 295 57 13
238 408 38 6
238 451 30 1
238 467 21 4
238 527 56 3
238 558 33 13
239 310 29 3
239 341 47 5
239 396 35 12
239 406 18 2
239 412 10 12
239 482 43 5
239 491 28 12
239 530 6 3
239 540 58 8
240 260 41 8
240 350 39 8
240 436 12 7
240 475 8 9
240 494 45 5
240 524 58 8
240 543 51 8
240 550 9 12
241 407 51 4
241 412 2 9
241 437 17 15
241 485 10 9
242 345 16 3
242 372 18 10
242 447 30 7
242 506 12 3
242 556 50 12
243 250 45 2
243 282 35 2
243 325 46 11
243 417 22 6
243 424 54 15
243 437 11 2
243 454 7 9
244 258 36 1
244 273 3 15
244 290 59 5
244 398 60 15
244 443 57 11
244 464 42 15
244 518 26 14
245 248 35 14
245 371 43 8
245 421 59 3
246 277 9 3
246 323 57 9
246 538 21 14
247 291 48 1
247 303 30 15
247 309 17 12
247 323 35 6
247 416 15 7
247 462 21 8
247 469 23 13
248 346 58 14
248 534 28 1
248 558 17 13
249 339 52 4
249 363 46 1
249 388 58 7
249 409 49 8
249 412 7 10
249 460 18 12
249 552 36 6
250 277 51 9
250 408 25 12
250 499 20 3
250 507 28 9
250 516 49 15
250 527 9 5
251 372 13 15
251 433 1 12
251 495 58 8
251 497 18 14
252 293 52 10
252 300 41 14
252 386 2 6
252 395 11 15
252 459 57 5
252 554 37 11
253 269 35 1
253 287 53 10
253 327 30 11
253 330 13 7
253 344 25 11
253 399 42 10
253 440 56 10
254 369 6 7
254 385 28 14
254 428 60 10
254 457 21 13
254 471 7 13
254 479 19 10
254 511 1 13
254 521 28 1
254 555 25 7
255 268 4 15
255 359 27 7
255 423 4 1
255 432 3 4
255 483 3 8
255 506 4 3
255 536 41 3
256 270 36 10
256 448 10 1
256 498 39 9
256 528 58 6
257 295 54 3
257 367 34 2
257 521 59 3
258 369 36 2
258 413 30 5
258 434 57 8
258 469 52 3
258 494 58 5
258 495 52 5
258 539 36 14
258 557 52 1
258 566 42 1
259 269 1 11
259 359 2 2
259 370 24 10
259 411 18 8
259 521 13 3
259 563 49 11
260 345 30 8
260 479 2 13
260 520 4 12
261 280 26 6
261 324 54 5
261 341 19 15
261 356 44 13
261 402 40 4
261 403 5 5
261 495 21 7
261 504 18 4
262 436 50 15
263 359 41 9
263 484 18 6
263 506 3 15
263 520 46 13
263 533 25 15
263 542 3 10
264 331 50 14
264 350 41 8
264 362 41 5
264 464 26 2
264 559 6 11
265 271 10 9
265 443 27 2
265 492 52 7
265 563 35 12
266 342 57 6
266 379 53 8
267 301 37 5
267 311 37 3
267 336 9 13
267 337 49 1
267 344 45 8
267 350 7 13
267 370 2 4
267 386 54 1
267 416 16 15
267 418 1 4
267 437 39 11
267 510 15 6
267 538 9 4
267 544 7 12
268 318 2 2
268 358 43 13
268 463 10 14
268 539 4 13
268 543 22 7
269 306 34 8
269 420 56 4
269 474 10 5
269 567 53 6
270 373 14 2
270 400 41 13
270 434 3 2
270 459 16 13
270 483 22 3
271 293 43 7
271 385 19 11
271 468 22 2
271 479 52 10
272 377 29 14
272 514 33 2
272 550 25 8
273 284 45 10
273 424 24 9
274 279 49 9
274 350 54 8
274 414 2 13
274 432 5 11
274 487 43 7
274 498 15 13
274 507 7 1
275 335 59 4
275 338 36 6
275 349 58 14
275 443 30 11
275 467 27 8
275 507 13 9
275 509 55 12
275 525 38 10
276 290 47 7
276 331 51 14
276 387 8 5
276 453 10 2
276 460 43 5
276 505 33 1
276 561 38 10
276 565 16 4
277 348 17 3
277 370 25 1
277 473 9 3
277 525 50 13
277 526 54 6
278 291 41 6
278 320 28 11
278 370 4 11
278 456 9 13
278 478 27 14
278 503 45 3
279 332 5 12
280 286 28 12
280 303 2 12
280 425 34 12
280 428 41 3
280 476 44 12
280 478 45 5
281 352 20 15
281 360 57 9
281 445 22 10
281 491 51 1
281 535 31 9
282 418 19 11
282 426 7 14
282 428 5 4
282 505 10 1
283 299 45 3
283 352 14 4
283 357 4 11
283 359 24 15
283 375 34 12
283 442 57 6
283 459 20 6
283 467 36 7
283 540 11 7
283 567 40 1
284 500 11 9
284 560 11 11
285 390 6 8
285 432 33 14
286 308 35 3
286 309 45 8
286 331 49 12
286 351 22 12
286 360 36 8
286 446 60 13
286 466 33 8
287 316 7 5
287 324 39 9
287 364 44 15
287 374 13 11
287 419 4 1
287 546 52 2
287 547 46 6
288 329 58 1
288 350 32 13
288 383 5 9
288 390 12 11
288 519 46 6
288 564 10 14
289 369 7 5
289 478 19 10
289 491 37 2
289 507 26 13
290 416 54 4
290 484 22 1
290 525 13 4
291 322 31 3
291 366 46 14
291 460 18 3
291 463 55 5
291 539 53 2
291 541 8 7
291 550 15 1
292 368 25 14
292 425 35 13
292 455 42 7
292 466 16 6
292 469 19 11
292 500 13 5
292 516 4 1
292 557 13 10
293 311 51 7
293 468 10 1
293 471 54 13
293 482 7 5
294 433 42 7
294 435 14 7
294 496 39 9
295 444 31 8
296 397 13 8
296 440 16 12
296 478 28 1
296 550 42 4
296 551 47 6
297 315 2 2
297 324 41 11
297 354 22 3
297 372 27 9
297 389 8 9
297 451 37 2
297 474 5 6
297 477 24 6
297 480 57 12
298 341 14 13
298 429 29 8
298 475 57 1
298 510 23 2
299 463 15 3
300 307 56 15
300 320 31 7
300 496 3 1
300 523 43 13
300 529 40 10
301 443 24 2
301 550 43 12
301 563 44 10
301 567 32 6
302 569 43 2
303 359 15 3
303 380 11 9
303 490 18 14
303 491 54 1
304 396 49 8
304 486 31 12
305 309 51 15
305 371 17 9
305 432 12 9
305 477 19 4
305 494 25 8
305 550 50 4
306 327 50 14
306 334 52 5
306 453 24 13
307 414 42 8
307 472 18 7
307 553 35 1
308 389 40 3
308 465 12 4
309 376 57 14
309 452 10 4
309 506 11 8
310 323 44 2
310 329 25 11
310 348 52 10
311 350 55 5
311 382 11 8
311 412 34 3
311 430 57 14
311 449 33 15
311 513 54 11
311 563 56 12
311 569 55 1
312 495 9 1
312 500 11 5
312 523 6 3
313 323 6 13
313 493 51 10
313 562 10 10
314 324 10 10
314 372 42 4
314 438 37 14
314 505 20 5
315 331 24 14
315 338 59 10
315 342 30 5
315 385 15 14
315 489 12 15
315 558 58 10
316 396 45 5
316 429 27 5
316 431 39 2
316 529 55 5
317 396 55 2
317 409 30 12
317 465 1 7
317 473 19 6
317 507 34 14
318 353 51 12
318 387 24 9
318 400 11 12
318 413 18 11
318 481 43 8
319 355 58 8
319 408 43 7
319 412 7 5
319 420 53 2
319 438 32 11
319 564 30 8
320 529 33 11
320 558 14 13
321 357 1 3
321 375 34 6
321 404 57 11
321 421 18 7
321 482 43 1
321 488 46 14
321 512 14 13
321 516 19 9
321 545 9 8
321 551 48 8
322 457 22 10
322 542 31 9
322 551 7 6
323 354 51 4
323 393 36 7
323 486 22 11
323 493 17 15
323 553 30 7
324 363 4 7
324 498 32 2
325 362 45 14
325 450 7 3
325 470 4 12
325 534 26 14
325 536 22 9
325 539 56 9
326 417 31 7
326 459 3 1
326 465 49 6
326 492 34 5
326 511 17 14
326 566 60 1
326 567 39 2
327 363 14 2
327 384 16 4
327 393 37 7
327 401 17 8
327 436 19 15
327 474 41 11
327 498 2 11
327 549 54 11
327 567 6 3
328 332 29 10
328 352 51 10
328 435 34 12
328 451 32 15
328 463 45 11
328 476 15 12
328 487 6 14
328 498 14 9
328 543 49 7
329 375 54 2
329 376 29 12
329 401 4 4
329 411 51 12
329 412 29 9
329 451 42 14
329 477 58 11
329 511 15 12
329 523 19 1
330 433 59 9
330 439 23 1
330 454 42 6
330 476 46 15
330 487 47 1
330 501 41 11
330 553 3 2
331 487 58 3
332 500 59 11
332 520 51 1
332 564 50 1
333 433 23 12
333 441 34 5
333 458 3 5
333 469 26 3
333 483 19 2
333 501 52 13
333 506 57 11
333 553 54 15
334 380 53 8
334 422 16 4
334 445 8 3
334 464 22 8
334 509 26 3
334 532 37 9
334 550 42 7
334 563 58 3
335 370 49 1
335 467 11 6
336 441 34 10
336 508 45 11
336 529 45 9
336 558 54 11
336 559 21 9
337 384 28 4
338 424 29 7
338 512 3 14
338 520 42 13
339 369 54 1
339 401 10 8
339 434 25 13
340 344 55 8
340 362 53 4
340 368 59 11
340 515 52 11
340 524 30 13
341 422 55 4
341 537 8 11
341 551 11 1
342 352 37 12
342 374 8 2
342 411 22 12
342 471 39 1
343 368 32 11
343 388 52 15
343 508 36 11
343 527 14 1
344 386 7 14
344 456 47 2
344 462 48 5
344 529 44 7
344 565 51 11
345 348 52 2
345 386 5 4
345 404 11 15
345 413 27 10
345 442 59 4
346 362 13 12
346 443 1 12
346 459 14 7
346 474 13 7
346 483 45 7
346 543 25 7
346 561 32 2
347 358 2 12
347 371 12 7
347 447 18 1
347 457 41 14
347 513 30 5
347 547 24 1
348 400 38 11
348 511 3 12
348 523 42 5
348 529 19 1
349 378 35 1
349 411 43 8
349 525 60 3
349 541 2 8
349 555 35 8
350 562 33 12
351 383 16 15
351 421 29 1
351 461 18 5
351 519 27 9
351 530 35 9
352 377 31 3
352 416 53 6
352 444 17 11
352 513 36 9
352 549 2 14
353 407 51 12
353 411 23 5
353 415 55 15
353 459 43 9
353 511 35 11
354 389 59 12
355 397 35 8
355 558 50 3
356 392 16 12
356 413 5 11
356 456 17 4
356 466 3 3
356 530 9 6
357 375 41 10
357 489 6 1
357 553 29 5
358 428 43 6
358 437 47 1
358 478 12 2
358 538 33 11
359 384 42 6
359 451 29 5
359 470 46 2
359 494 13 8
359 561 44 2
360 384 52 2
360 402 7 11
360 542 60 12
360 556 12 8
360 557 55 5
361 449 51 3
361 452 15 14
361 460 34 5
361 480 23 11
362 496 57 12
363 451 11 13
363 491 12 10
363 541 10 11
364 474 51 15
364 504 60 8
364 512 23 8
364 568 31 8
365 410 60 3
365 422 21 14
365 452 18 6
365 505 22 15
365 539 11 6
367 380 41 7
367 393 49 2
367 443 8 15
367 483 27 9
367 526 41 14
367 528 56 9
368 393 2 3
368 426 11 14
368 478 6 8
368 531 35 2
368 534 32 9
369 383 18 13
369 432 30 13
369 445 35 2
369 451 44 9
369 490 48 7
369 505 11 14
369 546 47 11
369 552 1 7
369 554 7 7
370 442 4 2
371 400 33 4
371 412 56 11
371 435 4 14
371 508 18 1
371 510 11 7
371 513 31 4
372 463 22 13
372 560 22 13
373 453 56 2
373 487 14 10
374 393 20 14
374 419 32 5
374 487 48 10
374 507 55 12
375 396 43 11
375 429 27 1
375 447 22 3
375 511 50 2
375 520 5 4
375 544 16 8
376 479 7 4
376 520 36 2
376 522 57 6
377 453 20 15
378 450 28 15
378 497 32 3
378 501 21 7
378 540 36 3
379 409 36 3
379 416 24 12
379 428 35 12
380 423 7 13
380 465 12 6
380 466 45 13
380 489 7 3
380 500 54 7
380 527 55 15
381 480 19 10
381 526 59 15
383 424 55 4
383 431 26 3
383 434 20 5
383 485 7 6
383 502 52 4
384 402 35 2
384 449 29 15
384 451 57 1
384 474 9 12
384 536 29 14
385 464 8 4
385 552 50 11
385 556 16 8
386 427 30 7
386 443 60 6
386 455 2 2
386 536 1 3
388 484 16 5
388 540 3 8
389 400 29 13
389 512 26 2
389 557 41 13
390 435 55 15
390 534 17 4
391 417 49 1
391 435 8 5
391 438 11 12
391 446 52 4
391 450 3 5
391 474 12 15
391 478 29 13
391 525 4 7
391 541 59 2
392 498 41 7
392 542 34 6
393 503 1 1
393 561 57 5
395 429 47 11
396 449 51 9
397 498 50 7
397 542 41 8
398 400 53 3
398 452 41 3
399 413 14 10
399 529 5 2
400 450 44 10
400 506 20 2
400 546 26 9
401 454 45 8
401 557 51 3
402 407 43 6
402 519 30 5
402 524 44 10
402 549 9 12
403 409 37 8
403 412 21 11
403 418 45 13
403 496 34 9
404 490 59 3
404 505 26 3
405 542 31 8
406 420 9 9
407 479 19 11
407 542 28 13
408 513 36 14
409 464 3 8
409 522 38 13
409 567 2 4
410 451 52 15
410 467 29 9
410 483 3 9
410 496 57 8
411 415 6 11
411 420 41 13
411 532 14 10
411 538 49 4
411 543 8 11
412 419 3 13
412 424 33 14
412 483 39 13
412 550 54 13
413 558 57 15
414 509 32 11
414 518 12 12
415 483 38 9
415 540 24 1
416 477 15 10
416 483 36 6
416 506 29 7
417 426 37 9
417 460 55 1
418 493 52 9
418 512 24 10
420 488 32 6
420 513 48 14
420 554 59 5
421 431 44 12
421 448 13 7
421 452 47 2
421 468 26 4
421 493 51 15
422 535 13 1
423 497 59 14
424 469 51 12
425 550 59 13
426 480 53 7
426 512 56 1
426 549 43 10
427 465 31 14
427 567 47 12
428 541 23 12
428 561 43 5
429 508 32 13
430 432 58 2
430 544 53 8
430 557 39 9
431 456 55 7
431 465 31 6
431 475 35 5
431 522 16 6
432 524 13 2
433 470 14 3
433 478 20 12
433 497 49 4
433 542 60 5
434 435 40 1
435 460 17 13
435 490 57 3
436 443 48 2
436 447 17 5
436 459 36 4
436 483 14 2
436 511 48 11
436 568 6 10
437 454 24 10
437 478 5 4
437 503 55 7
437 512 52 12
438 461 1 3
438 502 35 4
438 551 6 5
439 458 36 13
439 485 40 10
439 498 52 3
440 517 7 15
441 471 1 2
441 492 11 10
441 560 15 4
441 564 49 13
442 466 4 9
442 472 14 8
442 521 1 6
444 530 47 5
445 483 41 2
445 510 54 4
446 454 31 11
446 500 56 14
446 555 40 11
446 561 37 10
447 493 8 15
447 525 43 13
447 530 23 4
447 541 60 8
449 499 3 9
450 451 48 4
450 564 13 5
451 503 5 3
451 514 2 6
452 519 43 8
453 498 10 2
454 457 38 3
454 464 11 12
454 470 50 13
454 566 4 4
455 462 20 11
455 522 12 14
455 524 27 2
455 566 11 2
456 495 42 7
457 465 32 5
457 535 20 10
457 549 10 2
458 467 22 15
458 478 34 6
458 519 40 7
458 535 58 12
458 561 1 2
459 465 15 6
459 472 54 15
459 535 60 15
459 548 44 3
460 560 6 3
460 562 34 5
461 465 33 15
461 475 13 8
461 561 12 9
461 564 47 9
462 519 60 11
462 531 9 7
462 535 55 3
462 547 60 1
463 465 32 8
463 520 21 11
465 473 8 10
465 539 2 14
466 472 56 2
466 497 43 10
466 518 39 2
466 558 33 5
467 506 31 9
467 549 10 5
468 530 10 5
468 548 9 11
469 496 27 13
470 487 14 9
470 489 3 4
470 496 42 6
470 543 36 15
471 509 13 10
471 519 25 1
471 538 47 10
471 553 11 9
472 494 25 5
472 535 17 15
473 535 25 10
473 552 53 11
474 545 44 11
475 498 50 12
475 532 10 4
476 485 18 10
476 538 2 12
476 543 41 15
476 566 51 9
477 503 6 6
478 483 15 8
478 502 46 12
478 558 11 5
480 490 48 12
480 535 60 4
480 564 39 3
481 513 54 7
482 497 2 12
484 493 19 5
485 534 57 4
486 490 34 6
486 491 15 5
486 498 34 8
487 504 5 4
488 540 39 9
489 509 55 7
489 569 7 15
490 514 47 7
492 503 17 5
494 556 43 1
494 562 20 2
495 521 16 15
495 531 40 9
497 503 3 14
498 553 23 5
499 529 19 12
500 508 16 14
500 522 57 15
500 534 18 10
502 539 20 7
503 537 34 14
503 561 37 2
504 525 58 12
504 539 45 11
505 522 34 9
506 510 60 8
507 533 51 4
507 541 14 6
507 543 27 1
511 519 31 10
512 526 36 1
514 531 26 12
514 550 2 5
514 557 43 14
516 534 56 14
516 540 43 1
518 521 58 5
519 559 22 13
521 556 52 7
527 550 42 2
528 531 24 9
529 563 57 4
530 546 29 12
531 540 23 10
532 545 22 1
535 544 49 10
536 565 59 15
536 566 30 3
537 562 5 15
540 541 18 2
540 566 36 7
545 548 27 2
557 561 40 9
559 568 35 9

0 12 8
1 17 37
2 29 47
3 65 4
4 71 41
5 102 29
6 106 22
7 110 19
8 133 21
9 136 16
10 143 7
11 159 37
12 174 8
13 179 18
14 191 1
15 201 24
16 221 20
17 232 30
18 233 37
19 241 24
20 251 1
21 257 8
22 262 38
23 275 29
24 276 29
25 277 33
26 282 15
27 290 9
28 293 35
29 302 39
30 310 12
31 315 18
32 334 13
33 353 45
34 418 36
35 422 8
36 439 12
37 453 6
38 464 38
39 472 10
40 480 8
41 500 7
42 504 21
43 508 13
44 510 47
45 512 20
46 520 10
47 521 20
48 522 13
49 523 21
50 526 30
51 531 48
52 554 50
53 556 45
54 557 1
55 560 42
56 561 40
