874 4346 87 15

0 30 3602
1 60 6785
2 90 9588
3 120 12042
4 150 14179
5 180 16027
6 210 17613
7 240 18961
8 270 20093
9 300 21029
10 330 21790
11 360 22391
12 390 22849
13 420 23178
14 450 23393

0 1079
1 1127
2 1004
3 859
4 1127
5 942
6 793
7 1093
8 1040
9 822
10 912
11 683
12 1076
13 1076
14 1045
15 1086
16 947
17 1229
18 1098
19 824
20 1118
21 1018
22 885
23 1433
24 1232
25 1197
26 1138
27 1119
28 1023
29 1014
30 1267
31 1052
32 968
33 969
34 1021
35 1246
36 1082
37 564
38 812
39 952
40 1122
41 1384
42 859
43 1416
44 896
45 1068
46 1026
47 917
48 741
49 1270
50 1358
51 886
52 1265
53 894
54 775
55 1138
56 852
57 823
58 899
59 1034
60 839
61 1275
62 753
63 1110
64 1074
65 1426
66 1259
67 942
68 1388
69 897
70 996
71 1044
72 922
73 813
74 1230
75 1128
76 903
77 1097
78 1137
79 736
80 1145
81 907
82 990
83 1072
84 888
85 1013
86 879
87 1215
88 876
89 1060
90 501
91 926
92 1079
93 1133
94 700
95 1087
96 925
97 920
98 951
99 1096
100 1105
101 1027
102 927
103 747
104 637
105 949
106 1155
107 1358
108 974
109 897
110 878
111 1318
112 1010
113 1036
114 1251
115 1068
116 987
117 1112
118 1042
119 940
120 1097
121 789
122 1042
123 1041
124 871
125 1262
126 875
127 1056
128 1091
129 1071
130 1168
131 1109
132 1046
133 874
134 872
135 1026
136 798
137 1301
138 875
139 825
140 864
141 802
142 1195
143 1016
144 1295
145 1052
146 1030
147 735
148 831
149 829
150 1047
151 1111
152 1052
153 1072
154 982
155 1152
156 1270
157 1335
158 980
159 1121
160 1256
161 918
162 682
163 907
164 998
165 940
166 892
167 797
168 1146
169 1081
170 1296
171 986
172 850
173 1044
174 693
175 1034
176 1174
177 1103
178 1297
179 933
180 1096
181 1020
182 1195
183 771
184 933
185 1100
186 1018
187 1078
188 903
189 1008
190 1056
191 1233
192 750
193 1030
194 743
195 901
196 826
197 640
198 985
199 866
200 1016
201 893
202 835
203 969
204 1084
205 976
206 1137
207 1078
208 886
209 969
210 974
211 1104
212 1106
213 1086
214 1061
215 1007
216 1091
217 972
218 926
219 1101
220 892
221 756
222 1150
223 1116
224 831
225 1000
226 969
227 1205
228 1155
229 902
230 1231
231 871
232 743
233 872
234 972
235 782
236 1137
237 1488
238 914
239 652
240 1232
241 893
242 952
243 960
244 1230
245 978
246 917
247 998
248 878
249 662
250 758
251 1119
252 959
253 955
254 793
255 1083
256 1066
257 966
258 917
259 821
260 1028
261 1262
262 1069
263 1015
264 789
265 1104
266 999
267 1125
268 953
269 1097
270 795
271 893
272 1012
273 1047
274 1071
275 1162
276 1043
277 1120
278 1161
279 1019
280 1381
281 895
282 803
283 868
284 898
285 915
286 1008
287 988
288 990
289 892
290 1107
291 891
292 1146
293 1166
294 813
295 793
296 501
297 912
298 991
299 1080
300 1031
301 1282
302 1027
303 1020
304 791
305 959
306 1033
307 1010
308 1180
309 820
310 1265
311 910
312 842
313 1135
314 988
315 948
316 943
317 925
318 765
319 1061
320 851
321 1119
322 886
323 1109
324 935
325 501
326 864
327 915
328 968
329 1082
330 1131
331 960
332 771
333 1087
334 1221
335 1047
336 906
337 763
338 848
339 999
340 902
341 1144
342 1141
343 887
344 821
345 1130
346 1151
347 1160
348 1228
349 1226
350 1153
351 1234
352 780
353 1069
354 959
355 759
356 929
357 696
358 630
359 801
360 1073
361 866
362 1075
363 899
364 1083
365 872
366 843
367 1115
368 1109
369 870
370 1158
371 1045
372 847
373 871
374 896
375 833
376 1305
377 904
378 1059
379 949
380 1071
381 1169
382 1291
383 1088
384 911
385 1097
386 1069
387 1066
388 1055
389 1131
390 755
391 1230
392 991
393 1062
394 840
395 1008
396 931
397 1182
398 863
399 1284
400 964
401 947
402 926
403 1075
404 896
405 1122
406 953
407 923
408 916
409 944
410 717
411 1117
412 501
413 837
414 1139
415 945
416 1083
417 920
418 914
419 862
420 816
421 1074
422 954
423 1105
424 980
425 1229
426 1001
427 939
428 1253
429 774
430 943
431 603
432 1019
433 912
434 1172
435 1064
436 1181
437 1155
438 904
439 1053
440 958
441 937
442 827
443 634
444 925
445 1019
446 1072
447 1266
448 1198
449 1083
450 1200
451 1045
452 965
453 721
454 1146
455 1057
456 1189
457 975
458 971
459 1168
460 1050
461 1119
462 794
463 829
464 961
465 915
466 1268
467 1094
468 985
469 1344
470 1366
471 1094
472 891
473 1090
474 914
475 930
476 995
477 952
478 1138
479 1029
480 1047
481 1319
482 913
483 968
484 987
485 1027
486 1106
487 849
488 1075
489 1432
490 606
491 772
492 895
493 782
494 1096
495 957
496 1051
497 961
498 1039
499 1489
500 1396
501 913
502 967
503 917
504 810
505 1093
506 962
507 1098
508 955
509 1123
510 768
511 1128
512 1176
513 1017
514 1233
515 1002
516 1095
517 908
518 861
519 1117
520 761
521 1044
522 909
523 1165
524 1042
525 1032
526 936
527 1294
528 1191
529 876
530 1202
531 1147
532 969
533 908
534 807
535 1070
536 1208
537 990
538 1113
539 1153
540 1173
541 642
542 1002
543 1194
544 926
545 1381
546 966
547 879
548 894
549 1282
550 981
551 1217
552 889
553 1106
554 1074
555 864
556 696
557 958
558 912
559 1268
560 974
561 1048
562 1053
563 1086
564 1189
565 1140
566 1014
567 1189
568 979
569 972
570 927
571 1243
572 883
573 948
574 1019
575 1042
576 1070
577 613
578 875
579 1498
580 948
581 1311
582 1344
583 884
584 831
585 1036
586 926
587 917
588 959
589 879
590 1126
591 1068
592 914
593 942
594 1205
595 1200
596 979
597 1012
598 928
599 913
600 673
601 1085
602 1025
603 1069
604 937
605 1178
606 651
607 937
608 951
609 901
610 904
611 860
612 995
613 863
614 809
615 896
616 868
617 860
618 934
619 1065
620 1243
621 1228
622 1106
623 1048
624 1056
625 951
626 1082
627 818
628 1006
629 900
630 1023
631 1032
632 1204
633 1137
634 1122
635 810
636 982
637 973
638 860
639 1117
640 873
641 1140
642 627
643 1068
644 997
645 907
646 885
647 965
648 842
649 863
650 950
651 976
652 1036
653 1283
654 1018
655 1084
656 1304
657 945
658 1218
659 1094
660 917
661 829
662 1039
663 927
664 687
665 881
666 785
667 933
668 1137
669 983
670 1022
671 967
672 1147
673 501
674 949
675 1179
676 1153
677 1040
678 851
679 942
680 1178
681 1347
682 977
683 1033
684 777
685 878
686 959
687 924
688 998
689 1037
690 1144
691 1192
692 941
693 867
694 1167
695 887
696 938
697 1059
698 1206
699 1247
700 1099
701 917
702 1170
703 875
704 766
705 1043
706 808
707 893
708 1259
709 660
710 802
711 1117
712 1192
713 1277
714 727
715 901
716 1077
717 1041
718 904
719 733
720 1026
721 1033
722 1161
723 1092
724 1078
725 770
726 922
727 1062
728 985
729 567
730 1236
731 1338
732 922
733 761
734 1156
735 776
736 1102
737 1060
738 927
739 1188
740 1056
741 897
742 1001
743 907
744 1171
745 1195
746 857
747 1331
748 732
749 978
750 772
751 1082
752 935
753 1049
754 1165
755 857
756 989
757 700
758 752
759 1106
760 1042
761 1139
762 1230
763 1042
764 886
765 848
766 829
767 840
768 800
769 724
770 982
771 1092
772 880
773 1160
774 826
775 1031
776 1138
777 1070
778 1153
779 960
780 1075
781 1081
782 1035
783 1063
784 1210
785 784
786 845
787 1007
788 1111
789 893
790 1152
791 1210
792 904
793 818
794 1045
795 1109
796 686
797 1340
798 1004
799 1045
800 906
801 1001
802 1119
803 899
804 1108
805 1049
806 1165
807 850
808 947
809 648
810 1238
811 935
812 1067
813 1013
814 1430
815 605
816 914
817 1236
818 1089
819 1075
820 1062
821 826
822 1226
823 1022
824 790
825 1053
826 1153
827 1092
828 789
829 994
830 893
831 1427
832 1178
833 867
834 712
835 918
836 984
837 998
838 930
839 1057
840 1120
841 971
842 923
843 1210
844 842
845 948
846 697
847 874
848 1121
849 885
850 1328
851 1110
852 1183
853 881
854 986
855 1509
856 997
857 781
858 1094
859 822
860 1155
861 1146
862 1039
863 915
864 789
865 1196
866 953
867 1427
868 933
869 1190
870 1037
871 840
872 1098
873 1229

0 94 3 14
0 129 24 9
0 230 52 3
0 278 39 12
0 339 36 6
0 402 51 3
0 460 55 14
0 493 34 1
0 586 20 1
0 739 46 11
0 797 27 10
1 25 38 5
1 167 46 11
1 312 15 10
1 347 29 6
1 399 2 9
1 403 36 1
1 460 35 13
1 476 38 9
1 515 23 2
1 592 44 14
1 605 10 10
1 635 7 15
1 642 11 11
1 650 38 4
1 652 42 11
1 744 23 3
1 814 31 6
2 112 57 14
2 235 54 3
2 348 48 12
2 364 29 15
2 460 28 8
2 494 3 7
2 646 4 3
2 765 20 9
3 61 25 5
3 114 32 14
3 236 36 2
3 302 20 2
3 303 17 5
3 326 57 1
3 391 51 10
3 594 30 3
3 706 41 10
3 797 57 1
3 819 31 10
3 843 35 12
4 17 26 2
4 19 3 13
4 67 18 3
4 108 8 11
4 110 2 7
4 312 26 9
4 356 22 4
4 366 30 12
4 387 4 15
4 442 6 2
4 599 24 13
4 769 4 6
4 798 23 15
5 23 45 14
5 169 22 13
5 185 16 7
5 258 13 9
5 274 42 5
5 674 9 2
5 745 33 3
5 812 9 8
6 95 51 8
6 156 57 8
6 295 44 4
6 534 36 15
6 552 26 15
6 590 14 4
6 594 12 2
6 702 52 11
6 703 12 6
6 824 8 5
7 48 22 10
7 279 46 8
7 313 1 2
7 356 40 4
7 440 42 2
7 540 21 1
7 563 9 3
7 602 50 3
7 684 1 4
7 706 42 10
7 717 16 10
7 805 12 1
7 856 22 15
8 19 25 11
8 99 2 13
8 127 18 5
8 144 15 13
8 179 34 14
8 227 44 1
8 316 57 14
8 363 9 14
8 469 50 11
8 546 21 10
8 555 36 1
8 604 4 13
8 659 42 1
8 678 20 9
8 733 4 11
8 781 32 8
8 793 55 10
8 851 56 2
8 873 32 2
9 21 11 13
9 25 13 14
9 115 13 12
9 201 11 5
9 213 9 6
9 471 10 9
9 564 28 1
9 782 17 15
10 448 3 15
10 473 23 12
10 507 15 9
10 600 19 7
10 787 39 12
10 828 15 15
11 29 29 9
11 100 47 2
11 166 16 7
11 250 8 8
11 356 33 4
11 424 10 13
11 498 4 12
11 504 57 7
11 630 35 11
11 761 45 7
12 73 19 15
12 80 13 2
12 128 20 13
12 156 27 1
12 161 48 3
12 165 6 10
12 182 38 6
12 257 56 2
12 433 55 11
12 457 17 3
12 471 32 13
12 552 4 7
12 614 31 10
13 74 46 15
13 226 22 12
13 243 4 2
13 404 57 9
13 405 42 7
13 442 13 2
13 499 9 6
13 532 56 10
13 764 4 2
13 793 16 6
14 102 17 9
14 400 29 14
14 435 24 8
14 570 15 1
14 636 45 11
14 665 18 15
14 725 25 5
14 778 50 6
14 808 15 10
14 837 14 12
14 839 16 6
14 861 44 13
15 71 59 6
15 89 39 14
15 116 51 10
15 159 60 14
15 201 34 6
15 304 57 11
15 377 21 14
15 386 23 4
15 442 9 14
15 555 51 1
15 746 7 9
15 768 37 6
16 60 56 6
16 62 4 3
16 68 48 8
16 176 29 8
16 463 35 5
16 657 15 12
16 837 22 5
16 869 9 14
17 134 37 14
17 159 21 13
17 160 13 2
17 200 54 6
17 209 53 2
17 385 28 13
17 387 15 2
17 407 5 15
17 598 47 3
17 605 47 6
17 723 55 3
17 776 22 1
17 852 38 15
18 99 14 15
18 149 50 1
18 292 11 4
18 380 25 8
18 415 4 10
18 454 6 5
18 476 18 9
18 530 47 7
18 553 51 1
18 717 20 15
18 780 25 14
19 28 46 13
19 66 59 14
19 121 50 10
19 130 15 14
19 151 53 8
19 159 59 15
19 191 40 9
19 226 52 4
19 479 41 10
19 495 27 2
19 537 28 13
19 549 43 9
19 709 32 7
19 845 52 9
20 201 11 10
20 361 5 2
20 453 38 8
20 605 3 9
20 628 23 9
20 660 25 13
20 716 19 11
20 755 4 8
20 793 51 3
20 800 13 4
20 847 50 8
20 859 36 10
21 321 2 5
21 474 54 13
21 516 29 14
21 541 13 2
21 561 37 10
21 581 50 15
21 644 26 7
21 650 8 14
22 59 19 12
22 62 60 10
22 108 30 15
22 160 51 5
22 172 14 1
22 345 24 12
22 436 44 4
22 441 46 7
22 500 33 14
22 554 20 3
22 586 43 7
22 652 2 15
23 153 44 8
24 60 40 12
24 61 27 8
24 565 23 9
24 706 26 14
24 747 33 12
25 183 58 5
25 224 32 12
25 272 51 8
25 487 45 13
25 503 24 4
25 639 25 5
25 659 2 4
25 842 46 7
26 76 10 3
26 120 7 15
26 124 20 14
26 203 10 3
26 225 43 12
26 344 11 7
26 392 10 14
26 512 54 8
26 635 42 14
26 724 9 7
26 775 19 1
26 861 6 9
27 48 40 9
27 214 31 10
27 258 20 4
27 377 44 2
27 536 19 8
27 601 15 9
27 755 52 15
27 793 25 1
27 846 26 5
27 854 13 5
28 367 10 4
28 427 29 3
28 431 38 2
28 449 39 7
28 478 35 7
28 708 36 2
29 68 29 11
29 141 30 2
29 234 42 11
29 273 49 2
29 395 15 13
29 637 5 13
29 693 22 2
29 839 23 10
30 79 19 1
30 90 24 2
30 165 32 9
30 392 10 1
30 607 4 12
30 828 54 13
31 32 34 1
31 42 46 5
31 267 10 9
31 320 22 14
31 557 20 1
31 572 24 13
31 590 37 2
31 820 15 4
31 868 52 9
32 66 8 1
32 177 26 2
32 364 12 15
32 449 52 3
32 530 18 6
32 563 59 3
32 577 36 10
32 666 27 13
32 799 52 1
33 51 46 2
33 178 33 15
33 189 14 4
33 199 1 3
33 369 17 3
33 393 24 3
33 536 42 9
33 541 1 2
33 600 40 9
33 716 43 14
33 719 26 9
33 736 31 4
33 863 43 14
34 35 7 12
34 231 12 13
34 367 28 2
34 442 15 11
34 591 43 8
34 777 31 3
35 52 19 1
35 138 30 14
35 198 42 13
35 203 42 7
35 323 4 5
35 468 16 3
35 618 11 12
35 669 17 6
35 739 45 13
35 767 41 6
35 866 30 11
36 102 32 7
36 128 7 9
36 210 19 7
36 217 17 3
36 248 37 5
36 259 7 8
36 282 59 3
36 292 49 3
36 294 13 1
36 332 17 4
36 361 8 1
36 381 34 12
36 397 36 6
36 425 5 7
36 478 58 8
36 523 42 3
36 556 10 11
36 694 50 12
37 47 22 15
37 70 25 9
37 249 22 12
37 297 39 5
37 405 11 12
37 490 39 14
37 506 41 1
37 507 57 13
37 556 8 7
37 674 59 10
37 686 21 4
38 40 16 2
38 312 60 15
38 622 45 1
38 627 4 15
38 701 33 1
38 741 12 11
38 762 38 9
38 799 6 4
39 66 9 15
39 225 45 1
39 419 5 12
39 540 39 9
39 632 60 5
39 659 41 1
39 666 19 7
39 681 48 1
39 709 26 13
39 725 16 5
39 804 60 9
40 97 23 10
40 227 54 5
40 383 36 15
40 618 14 13
40 711 54 4
40 749 57 15
40 764 26 2
41 104 41 9
41 174 13 13
41 207 9 10
41 263 29 13
41 357 59 8
41 433 43 4
41 527 53 11
41 563 8 8
41 593 34 5
41 714 48 4
41 755 25 10
41 814 44 7
41 818 40 1
41 839 59 6
42 74 21 4
42 188 16 6
42 298 54 9
42 318 33 13
42 337 44 8
42 409 41 2
42 710 1 13
43 52 4 7
43 108 38 14
43 256 32 3
43 258 42 14
43 267 40 4
43 491 38 2
43 503 40 8
43 680 35 6
43 826 45 5
43 829 33 13
44 127 15 1
44 199 11 2
44 282 26 4
44 418 55 3
44 422 59 15
44 514 25 5
44 580 3 10
44 620 32 6
44 669 33 7
45 768 23 2
45 851 14 14
46 98 44 13
46 266 40 3
46 336 43 14
46 342 3 8
46 442 60 2
46 652 19 6
46 655 30 7
46 679 39 1
46 818 14 13
47 249 37 6
47 268 60 3
47 313 36 4
47 388 53 2
47 399 60 11
47 543 3 4
47 549 24 4
47 689 26 15
47 693 35 6
47 735 13 9
47 758 30 9
48 59 35 13
48 140 56 12
48 165 30 9
48 210 16 10
48 284 43 13
48 396 51 15
48 401 46 11
48 418 3 8
48 472 35 5
48 494 52 12
48 698 8 15
48 860 40 10
49 93 47 9
49 158 59 15
49 173 23 8
49 254 48 1
49 403 9 4
49 441 25 1
49 483 23 2
49 813 25 10
50 111 47 13
50 186 5 13
50 305 33 9
50 479 51 11
50 572 32 10
50 594 5 10
50 728 36 5
50 864 46 6
51 64 55 12
51 229 46 2
51 238 55 10
51 422 38 14
51 423 25 9
51 480 36 3
51 633 54 4
52 140 33 7
52 210 20 7
52 297 10 15
52 312 59 3
52 357 27 11
52 471 59 14
52 479 14 14
52 511 39 2
52 705 44 15
52 840 18 7
53 89 23 13
53 138 42 10
53 171 44 2
53 261 17 8
53 298 50 4
53 329 31 8
53 468 14 14
53 568 7 14
53 579 58 14
53 586 11 14
53 649 48 3
54 170 52 15
54 187 24 3
54 229 58 13
54 241 30 2
54 255 58 7
54 263 7 3
54 299 21 11
54 369 37 5
54 452 14 2
54 478 59 10
54 549 41 14
54 562 60 2
54 790 7 14
54 824 21 7
55 79 59 1
55 82 17 5
55 252 29 14
55 384 50 6
55 421 2 9
55 468 20 13
55 615 17 12
55 731 43 8
56 363 39 2
56 408 52 5
56 515 3 15
56 622 5 14
56 774 7 13
57 93 2 3
57 153 11 8
57 172 49 14
57 191 50 9
57 264 6 11
57 291 34 13
57 305 18 5
57 372 36 4
57 375 43 14
57 401 42 10
57 415 59 4
57 418 44 1
57 747 5 2
57 816 56 9
58 247 47 7
58 365 10 8
58 371 9 4
58 415 15 3
58 793 18 3
59 79 17 2
59 199 58 4
59 262 60 7
59 285 6 6
59 341 12 10
59 519 30 4
59 569 38 9
59 727 24 14
60 136 40 14
60 301 50 1
60 320 44 11
60 338 22 7
60 430 20 4
60 507 11 13
61 107 48 9
61 130 28 15
61 201 48 13
61 300 25 8
61 348 20 7
61 415 58 10
61 473 52 4
61 506 18 6
61 555 54 6
61 568 17 6
61 668 37 7
62 266 36 12
62 328 49 11
62 346 29 2
62 388 40 14
62 434 38 10
62 561 13 4
62 722 13 6
62 723 48 4
62 775 44 5
62 854 53 11
62 872 50 12
63 97 35 15
63 119 46 8
63 270 33 3
63 274 58 9
63 302 15 7
63 345 32 9
63 366 37 11
63 574 57 15
63 603 22 1
63 646 56 7
63 693 58 3
63 781 52 5
63 804 29 4
64 77 42 15
64 89 23 9
64 372 10 2
64 489 43 3
64 561 34 4
64 796 48 10
65 91 60 4
65 180 34 4
65 372 28 10
65 503 60 15
65 534 22 5
65 546 2 12
65 632 52 11
65 660 19 11
65 707 3 5
65 829 42 14
66 204 28 3
66 220 7 10
66 236 50 13
66 399 20 13
66 429 44 4
66 482 30 2
66 532 55 15
66 756 40 14
66 828 54 5
67 178 26 15
67 260 36 11
67 297 4 14
67 364 11 12
67 679 18 1
67 861 8 12
68 221 11 12
68 249 28 1
68 312 17 7
68 351 43 10
68 386 22 12
68 409 33 13
68 457 60 1
68 462 32 6
68 545 58 15
68 770 47 4
68 777 41 6
68 843 47 13
68 857 16 14
68 865 22 9
69 270 42 14
69 291 49 5
69 298 37 7
69 357 37 14
69 433 54 8
69 451 55 14
69 495 51 14
69 507 42 9
69 607 44 11
69 628 60 6
69 794 52 10
70 156 19 6
70 160 13 7
70 215 16 7
70 273 34 14
70 361 22 3
70 655 27 8
70 788 55 7
71 155 3 13
71 275 4 12
71 519 59 8
71 574 22 10
71 588 18 2
71 597 24 2
71 616 24 8
72 97 11 1
72 108 35 9
72 116 55 4
72 189 35 12
72 242 46 8
72 290 46 5
72 507 53 6
72 579 46 3
72 588 20 14
72 654 58 6
72 699 39 5
72 712 39 15
72 736 36 3
72 758 42 11
72 868 24 2
73 75 12 7
73 269 25 10
73 306 58 2
73 314 28 13
73 324 47 5
73 355 1 12
73 490 41 10
73 508 35 6
73 694 3 7
73 705 52 6
74 173 40 2
74 227 23 8
74 264 40 14
74 329 18 5
74 401 34 3
74 404 3 5
74 474 30 3
74 570 28 8
74 606 7 8
74 645 28 14
74 689 25 10
74 699 30 13
74 718 29 13
74 811 41 15
74 812 19 11
74 816 38 9
74 853 8 3
75 109 38 15
75 156 43 6
75 176 60 10
75 180 22 6
75 185 4 6
75 322 42 11
75 544 56 15
75 647 28 5
75 759 26 8
75 772 30 8
75 833 16 11
76 214 39 3
76 298 40 7
76 395 57 8
76 423 28 3
76 502 30 4
76 565 14 6
76 696 18 5
77 133 44 11
77 157 34 2
77 241 9 9
77 293 2 5
77 444 45 3
77 490 18 7
77 530 55 11
77 585 31 15
77 652 58 11
77 779 26 9
77 797 12 15
77 802 14 11
77 817 38 7
78 167 2 4
78 275 52 13
78 488 51 10
78 581 24 1
78 660 16 9
78 708 47 2
78 716 55 9
78 718 37 12
78 757 10 9
79 272 32 7
79 398 11 15
79 407 59 14
79 438 44 13
79 481 55 3
79 574 29 9
79 582 35 14
79 662 3 8
79 706 3 11
80 129 10 15
80 236 52 2
80 353 59 15
80 503 5 13
80 561 51 14
80 676 56 6
80 685 32 1
80 779 29 9
80 798 33 6
80 837 41 4
81 96 25 4
81 136 44 7
81 137 16 14
81 150 40 14
81 169 18 1
81 273 51 10
81 275 26 2
81 455 29 15
81 479 47 3
81 504 60 14
81 610 7 8
81 790 20 11
82 402 5 1
82 428 19 6
82 459 12 6
82 523 5 2
82 588 51 12
82 773 60 13
83 91 41 4
83 244 35 2
83 408 7 10
83 437 37 14
83 501 60 8
83 502 14 2
83 511 24 6
83 552 27 15
83 741 23 8
83 805 14 5
84 127 31 1
84 187 60 15
84 189 31 8
84 239 57 2
84 365 29 10
84 671 19 14
84 785 19 12
84 841 23 6
85 405 22 13
85 536 48 8
85 632 54 4
86 91 55 11
86 305 7 14
86 307 47 13
86 377 17 1
86 472 17 10
86 512 24 9
86 761 55 15
86 814 30 3
86 828 25 8
87 174 36 5
87 204 31 6
87 236 11 8
87 259 41 6
87 367 1 8
87 390 28 1
87 461 6 14
87 492 14 15
87 683 36 3
87 711 50 12
87 787 46 2
87 791 30 12
88 126 37 1
88 128 27 10
88 284 49 11
88 309 14 11
88 335 34 3
88 422 18 2
88 534 38 2
88 568 42 4
88 664 41 4
88 674 7 11
88 749 11 8
88 754 6 9
88 810 48 7
89 209 37 14
89 241 5 6
89 244 33 6
89 311 56 13
89 345 55 8
89 395 34 2
89 453 12 3
89 498 55 9
89 502 48 1
89 637 40 15
89 715 5 5
89 732 30 12
89 836 59 1
90 179 54 1
90 289 29 5
90 333 31 4
90 379 24 9
90 668 44 10
90 680 53 2
90 816 59 7
91 135 8 4
91 297 3 1
91 303 21 6
91 398 2 5
91 614 25 13
91 676 41 6
91 707 37 6
91 710 28 11
91 736 53 8
91 844 46 13
92 342 29 15
92 377 5 7
92 506 26 1
92 530 6 5
92 662 49 5
92 698 16 15
92 726 1 9
93 139 38 3
93 426 55 6
93 565 30 15
93 649 9 5
93 680 57 13
93 748 29 13
93 828 60 14
94 140 21 5
94 189 51 6
94 443 38 10
94 501 47 7
94 537 30 13
95 203 51 9
95 285 9 10
95 292 54 5
95 304 35 10
95 336 20 4
95 410 2 10
95 414 27 1
95 521 48 4
95 526 49 7
95 657 21 6
95 708 30 9
95 843 42 14
95 870 41 7
96 237 60 14
96 391 3 3
96 423 36 5
96 530 45 14
96 721 60 13
96 783 40 14
97 102 60 10
97 276 19 9
97 378 14 9
97 568 57 3
97 670 7 14
97 708 39 2
97 811 6 13
98 165 51 13
98 319 57 9
98 437 56 10
98 466 52 8
98 623 34 14
98 735 54 3
98 817 41 12
98 821 52 4
99 105 1 8
99 183 32 2
99 312 40 7
99 434 46 4
99 495 18 3
99 505 13 3
99 616 51 5
100 157 24 11
100 259 38 12
100 345 1 2
100 347 8 9
100 364 26 10
100 406 18 6
100 456 26 15
100 688 26 8
100 699 2 13
101 141 52 12
101 193 26 2
101 225 26 3
101 284 20 6
101 438 26 14
101 563 55 14
101 615 11 15
101 710 6 3
101 855 32 5
101 868 19 2
102 127 17 6
102 539 16 13
102 547 47 2
102 655 48 4
103 139 1 12
103 140 52 1
103 208 54 4
103 441 37 6
103 469 34 13
103 641 38 13
103 737 28 12
103 759 11 10
103 852 2 7
104 132 4 8
104 345 2 1
104 360 48 13
104 372 5 9
104 451 48 14
104 506 9 1
104 637 14 3
104 700 59 8
104 852 8 5
105 512 52 8
105 577 17 10
105 584 6 5
105 671 23 6
105 765 3 8
105 820 49 13
105 871 20 12
106 125 27 7
106 147 14 4
106 185 25 7
106 290 11 14
106 364 20 3
106 410 13 11
106 549 31 2
106 593 5 8
106 662 9 14
106 721 42 10
106 797 10 9
106 853 32 12
107 302 17 13
107 567 29 4
107 576 24 3
107 580 53 12
108 208 56 8
108 273 43 8
108 323 4 14
108 459 16 14
108 659 46 11
108 673 39 7
108 685 33 4
108 760 32 3
108 841 12 12
109 202 22 10
109 269 43 2
109 354 31 14
109 416 23 2
109 444 48 11
109 496 59 3
109 552 31 10
109 601 6 4
109 856 56 15
110 180 32 13
110 185 54 1
110 228 36 3
110 267 39 13
110 336 24 11
110 369 41 13
110 627 20 15
110 635 55 12
110 766 58 11
110 802 40 7
110 840 5 8
110 856 54 2
111 307 53 6
111 311 21 6
111 465 30 15
111 470 49 9
111 577 15 6
111 675 51 8
111 794 24 6
111 865 23 8
112 119 56 10
112 186 33 4
112 352 33 15
112 424 56 11
112 475 35 12
112 506 15 15
112 545 34 6
112 675 16 4
112 680 47 13
113 123 52 3
113 140 52 9
113 287 4 6
113 412 14 12
113 457 22 11
113 549 54 13
113 584 3 12
113 659 34 9
113 670 10 7
113 788 58 6
113 827 24 10
114 148 51 3
114 233 34 15
114 302 22 1
114 556 1 13
114 614 29 14
115 140 26 6
115 174 37 12
115 279 36 3
115 282 35 1
115 471 12 3
115 553 2 8
115 806 8 8
116 227 17 2
116 266 59 9
116 357 5 10
116 510 10 5
116 552 1 1
116 627 1 8
116 725 18 5
116 760 3 6
116 795 53 2
116 814 13 1
117 343 28 5
117 384 40 15
117 394 24 9
117 865 60 5
118 193 43 13
118 258 22 10
118 342 58 1
118 355 8 8
118 467 60 1
118 709 30 7
118 716 25 1
118 735 49 12
118 834 47 9
119 201 40 3
119 240 47 5
119 358 17 10
119 393 45 3
119 432 44 12
119 538 9 6
119 551 42 2
119 585 53 9
119 587 47 2
119 639 18 12
119 674 57 7
119 818 36 2
119 841 58 9
120 146 49 3
120 169 20 15
120 189 36 6
120 329 37 2
120 330 15 3
120 353 7 5
120 367 28 4
120 422 32 3
120 541 21 8
120 565 13 10
120 681 13 4
120 798 26 7
121 127 1 8
121 176 4 8
121 216 53 1
121 244 45 3
121 336 27 14
121 384 3 12
121 465 1 14
121 498 58 12
121 580 16 14
121 710 56 15
121 746 45 14
121 747 20 2
121 774 12 1
122 146 56 11
122 248 44 15
122 311 31 8
122 326 23 11
122 412 35 10
122 415 29 7
122 500 55 10
122 701 31 7
123 139 57 11
123 230 51 6
123 283 16 8
123 371 38 10
123 432 30 7
123 793 29 9
123 828 9 10
123 867 48 6
124 138 40 12
124 229 38 4
124 266 19 10
124 303 52 3
124 435 29 7
124 463 10 12
124 469 47 12
124 473 1 15
124 499 29 4
124 681 39 2
124 809 35 2
124 865 29 6
125 162 42 4
125 296 57 13
125 327 24 7
125 403 60 5
125 659 3 12
125 682 45 4
125 699 18 7
125 791 8 9
125 831 60 1
126 208 47 6
126 276 22 5
126 320 20 9
126 376 21 13
126 538 10 7
126 541 6 4
126 549 17 8
126 688 30 15
126 733 4 11
127 166 1 5
127 176 49 8
127 209 26 9
127 312 20 12
127 382 16 7
127 404 26 14
127 405 15 12
127 412 55 2
127 475 20 5
127 551 20 1
127 563 33 2
127 603 12 11
127 751 8 7
127 768 15 12
127 823 41 13
128 317 53 5
128 338 57 15
128 392 57 2
128 402 14 4
128 494 27 11
128 514 10 3
128 531 49 2
128 616 18 12
128 678 49 13
128 682 17 8
128 687 7 13
128 753 6 3
128 778 57 14
128 797 19 4
129 226 57 8
129 271 49 10
129 336 1 12
129 386 52 11
129 405 31 14
129 614 40 5
129 654 23 6
129 739 44 9
129 765 40 6
129 833 40 11
130 232 35 2
130 236 60 13
130 291 3 7
130 323 38 11
130 374 59 9
130 395 16 15
130 417 14 5
130 442 17 11
130 550 28 13
130 594 33 11
130 659 3 1
130 674 10 13
131 320 12 1
131 438 17 14
131 476 20 13
131 615 39 13
131 723 18 1
131 752 30 5
132 553 35 13
132 800 26 9
132 806 27 15
133 260 14 1
133 268 47 9
133 306 6 5
133 350 1 15
133 384 20 7
133 405 40 7
133 525 38 1
133 558 24 2
133 658 49 11
133 746 59 13
133 820 59 12
134 157 11 13
134 469 43 2
134 478 11 11
134 619 41 7
134 776 36 12
135 172 7 1
135 234 51 4
135 240 3 6
135 293 16 5
135 349 16 7
135 454 38 5
135 457 22 8
135 467 12 4
135 549 17 11
135 768 46 14
136 231 57 2
136 350 54 3
136 425 18 7
136 590 10 14
136 815 17 15
136 853 37 7
137 190 34 8
137 229 21 13
137 248 24 7
137 257 46 15
137 485 41 15
137 549 43 13
137 594 38 2
137 708 33 5
137 816 1 12
137 825 23 15
137 851 46 11
138 161 6 4
138 545 28 1
138 606 28 7
138 773 12 14
138 832 14 3
139 371 22 11
139 407 39 15
139 414 27 7
139 439 20 1
139 521 33 11
139 599 47 5
139 707 30 9
139 769 41 4
140 235 7 14
140 277 3 9
140 312 46 9
140 438 45 11
140 582 59 14
140 680 43 14
140 693 12 13
140 705 50 1
140 798 12 14
140 844 60 7
140 868 58 11
141 243 8 15
141 259 38 13
141 376 19 2
141 384 30 2
141 441 49 2
141 466 31 11
141 479 3 15
141 523 53 11
141 671 11 11
141 810 1 12
141 840 2 1
141 867 8 11
142 229 19 7
142 296 60 9
142 362 3 8
142 728 27 3
142 741 38 5
142 794 29 6
143 151 57 7
143 254 22 13
143 264 39 12
143 290 9 7
143 419 9 11
143 439 57 6
143 501 30 11
143 503 4 1
143 558 37 7
143 573 59 9
143 581 34 2
143 783 36 7
144 191 34 14
144 257 38 2
144 415 6 15
144 470 5 7
144 507 55 6
144 574 54 15
144 637 5 5
144 654 12 14
144 677 50 5
145 267 13 4
145 360 12 6
145 440 19 9
145 471 46 5
145 477 45 5
145 496 6 12
145 526 23 10
145 605 11 5
145 720 50 3
146 212 29 14
146 243 48 5
146 253 52 3
146 284 46 10
146 439 34 13
146 593 33 14
146 618 27 3
146 778 11 15
146 798 51 14
147 203 12 10
147 234 5 12
147 240 49 2
147 534 18 2
147 693 24 13
147 856 46 10
147 869 38 11
148 253 19 9
148 266 8 3
148 275 7 7
148 313 57 1
148 398 57 13
148 476 9 2
148 524 26 3
148 534 52 15
148 588 45 1
148 652 2 4
148 709 53 5
149 360 23 12
149 542 11 9
149 565 55 7
149 713 38 12
150 164 6 5
150 185 29 5
150 253 22 12
150 345 4 11
150 521 34 6
150 584 33 4
150 729 5 2
150 730 9 15
150 770 28 13
150 846 26 5
151 152 22 12
151 194 37 7
151 198 43 15
151 237 43 12
151 269 13 12
151 358 43 8
151 377 56 7
151 387 22 7
151 429 16 8
151 467 24 11
151 482 25 14
151 513 26 11
151 627 17 13
151 675 2 7
151 680 39 14
151 746 34 3
151 755 41 4
151 785 39 4
152 305 44 4
152 325 15 12
152 385 55 2
152 581 41 1
152 729 23 11
152 766 60 4
153 163 36 4
153 267 55 13
153 316 47 6
153 384 10 2
153 388 54 8
153 485 17 6
153 559 7 4
153 629 3 6
153 633 35 15
153 735 58 11
153 744 39 7
153 789 29 4
154 310 30 10
154 513 42 9
154 661 7 7
154 704 6 2
154 852 16 10
155 285 25 1
155 357 43 4
155 420 4 15
155 434 6 10
155 599 48 12
155 683 11 13
155 701 45 3
155 733 50 4
155 770 50 3
156 164 13 12
156 342 6 3
156 462 19 11
156 510 14 4
156 589 55 6
156 680 19 2
156 719 40 4
157 250 29 7
157 466 35 15
157 486 35 14
157 575 60 8
157 808 2 9
157 823 37 8
158 163 13 11
158 481 20 8
158 540 24 11
158 556 52 8
158 756 25 8
158 810 22 1
159 220 56 6
159 252 25 2
159 318 32 7
159 440 36 5
159 458 40 7
159 472 26 4
159 572 60 14
159 599 27 6
159 698 38 11
159 798 51 1
159 855 59 1
159 866 42 10
160 274 31 3
160 341 57 13
160 413 28 9
160 421 55 12
160 427 27 10
160 458 32 14
160 513 24 14
161 218 7 13
161 233 47 13
161 561 2 13
161 563 34 14
161 632 35 12
161 666 13 7
162 206 51 10
162 243 54 9
162 320 52 10
162 611 14 10
162 634 49 7
163 190 40 6
163 207 29 8
163 327 19 11
163 477 11 7
163 634 18 13
163 720 25 9
164 296 39 6
164 529 41 6
164 668 50 8
164 795 47 7
165 285 26 3
165 560 27 4
165 619 53 12
165 776 40 11
166 401 33 3
166 479 41 9
166 558 55 3
166 634 44 13
167 319 43 9
167 438 50 3
167 552 1 15
167 611 43 3
167 856 51 9
168 169 7 3
168 373 54 1
168 535 13 6
168 674 15 9
168 733 19 12
168 736 59 5
168 738 56 6
168 766 41 9
168 770 35 9
169 177 8 12
169 336 52 10
169 426 46 11
169 565 33 14
169 601 2 1
169 618 1 7
169 744 54 15
169 869 58 5
170 222 54 15
170 229 42 5
170 258 17 8
170 264 7 5
170 313 45 14
170 381 10 5
170 439 4 3
170 463 7 11
170 522 33 6
170 547 17 12
170 578 28 2
170 614 34 6
171 229 53 6
171 449 5 14
171 545 50 2
171 554 58 12
171 767 56 4
172 196 14 8
172 226 48 10
172 278 58 6
172 285 47 13
172 374 31 6
172 375 34 5
172 669 31 3
172 715 19 9
172 836 43 13
173 277 8 6
173 307 56 8
173 354 17 4
173 464 39 3
173 475 23 13
174 260 14 2
174 405 53 4
174 468 5 6
174 637 12 1
174 699 2 2
174 728 26 5
174 740 19 3
174 750 13 15
175 186 3 5
175 208 3 2
175 248 19 11
175 319 24 12
175 348 49 13
175 467 1 1
175 538 55 1
175 550 35 5
175 601 33 5
175 695 17 7
175 712 1 3
176 308 57 5
176 323 42 2
176 327 60 5
176 392 34 12
176 450 8 4
176 505 6 10
176 535 17 12
176 608 8 11
176 618 10 4
176 634 15 1
176 689 59 6
176 837 42 3
176 865 47 12
177 250 60 6
177 513 11 4
178 207 11 9
178 261 24 5
178 274 60 8
178 313 20 15
178 332 40 15
178 444 5 3
178 693 2 13
179 233 34 3
179 323 1 14
179 326 18 13
179 395 7 9
179 608 2 11
179 698 41 14
179 715 30 9
179 804 49 13
180 295 37 8
180 665 42 13
181 370 44 15
181 394 12 8
181 493 55 13
181 516 18 15
181 652 47 3
181 727 48 7
181 739 1 7
181 873 28 1
182 656 29 6
182 742 49 14
182 755 49 7
182 816 3 14
182 873 52 9
183 230 37 8
183 364 14 8
183 410 34 11
183 514 37 14
184 224 43 2
184 309 50 10
184 491 30 4
184 495 15 14
184 576 40 2
184 622 56 6
184 648 44 8
184 686 3 9
184 849 34 11
185 265 11 5
185 285 58 9
185 341 52 14
185 360 12 1
185 428 35 9
185 534 25 13
185 540 25 4
185 579 23 4
185 755 33 13
185 811 23 14
185 815 22 14
186 518 48 2
186 536 35 7
186 547 60 4
186 687 13 8
186 869 18 2
187 371 2 8
187 462 9 8
187 625 41 14
187 771 15 4
187 788 34 9
187 849 15 2
187 871 48 7
188 210 42 6
188 285 35 7
188 332 19 14
188 337 8 3
188 452 17 4
188 544 58 3
188 606 45 14
188 623 41 11
188 742 24 3
189 204 33 14
189 374 19 6
189 390 9 12
189 408 60 12
189 556 40 14
189 615 4 12
189 667 34 1
189 746 6 9
189 832 27 4
190 550 24 14
190 822 32 5
191 193 55 9
191 235 54 10
191 402 28 6
191 694 27 10
191 857 48 3
192 210 52 15
192 301 3 6
192 511 41 7
192 706 38 15
192 718 38 7
192 722 33 4
192 846 50 2
193 428 35 11
193 491 59 7
193 527 28 1
193 571 6 14
193 575 28 3
193 639 48 14
193 711 57 15
193 770 52 1
193 841 55 1
193 866 43 8
194 231 35 6
194 244 57 8
194 378 15 3
194 544 29 4
194 568 54 10
194 598 10 5
194 656 17 11
194 699 40 13
195 281 10 2
195 316 31 9
195 329 13 13
195 351 16 11
195 362 60 13
195 411 1 6
195 437 8 7
195 533 7 5
195 632 7 2
195 710 28 10
195 717 60 2
195 789 1 13
196 425 53 11
196 570 44 11
196 643 9 15
196 660 53 1
196 670 51 10
196 702 5 14
197 488 33 7
197 498 30 11
197 510 41 15
197 577 16 4
197 749 5 9
197 758 29 13
198 287 4 1
198 387 42 5
198 640 60 12
198 678 52 10
199 287 36 5
199 510 15 14
199 573 42 1
199 599 59 11
199 654 60 7
199 658 3 15
199 703 59 11
199 713 51 15
199 748 29 8
199 813 5 6
200 332 26 1
200 349 13 6
200 402 2 4
200 456 60 4
200 484 16 9
200 524 19 12
200 527 10 7
200 759 41 8
201 364 45 5
201 423 13 9
201 446 53 10
201 447 60 13
201 461 38 9
201 509 8 14
201 717 14 1
201 802 22 7
201 803 7 7
202 250 35 14
202 271 59 15
202 274 15 12
202 318 19 9
202 387 21 3
202 398 8 15
202 421 49 8
202 580 39 12
202 647 9 11
202 857 37 14
203 225 45 4
203 442 52 15
203 530 29 7
203 656 20 6
203 753 55 3
203 760 28 7
203 793 48 14
203 796 35 7
203 840 29 2
203 862 53 2
204 243 11 13
204 254 41 13
204 291 59 12
204 322 11 4
204 435 27 9
204 552 26 6
204 634 41 1
204 641 6 10
204 722 16 7
204 743 21 5
204 755 41 8
204 808 9 10
204 820 58 5
204 837 21 6
205 245 4 14
205 381 24 3
205 398 33 15
205 518 36 12
205 573 25 8
205 638 44 1
205 689 50 5
205 696 6 7
205 736 47 7
206 445 31 11
206 482 16 13
206 586 10 7
206 861 29 15
206 867 55 13
207 248 34 4
207 250 23 13
207 339 47 11
207 407 57 14
207 628 26 12
207 755 2 14
207 771 26 10
207 857 13 6
208 244 54 12
208 392 60 4
208 684 53 2
208 793 52 3
209 210 12 3
209 292 31 15
209 362 26 7
210 274 58 3
210 690 30 14
210 825 32 15
210 842 38 11
211 228 55 4
211 461 5 11
211 488 52 2
211 554 50 9
211 714 49 13
212 232 14 9
212 401 25 13
212 563 10 3
212 599 37 6
212 653 36 9
212 668 27 1
212 795 34 12
212 867 48 10
213 386 4 10
213 403 56 9
213 427 27 3
213 496 12 3
213 645 50 9
213 670 15 14
213 752 59 14
213 863 54 9
214 228 8 7
214 357 37 2
214 512 7 6
214 522 30 3
214 690 38 7
214 721 35 2
214 812 2 2
214 864 4 3
215 217 28 9
215 361 53 15
215 409 48 13
215 519 27 13
215 544 21 4
215 582 23 13
215 636 57 8
215 671 59 14
216 245 10 3
216 432 13 1
216 706 50 13
217 326 35 3
217 417 17 15
217 423 48 11
217 496 55 7
217 529 34 4
217 654 56 11
217 718 3 4
217 772 7 14
217 815 27 3
217 850 19 4
217 851 42 3
218 265 54 3
218 313 40 14
218 433 45 13
218 434 46 6
218 549 34 11
218 628 17 8
218 769 15 3
218 798 11 8
218 820 29 13
219 268 5 11
219 302 56 10
219 424 20 13
219 456 6 6
219 458 25 10
219 478 2 2
219 508 13 9
219 534 25 7
219 577 60 13
219 660 30 2
219 697 28 5
220 249 7 4
220 491 6 3
220 633 59 7
220 658 44 14
220 677 39 10
220 873 7 11
221 282 27 12
221 367 47 14
221 413 57 11
221 520 47 1
221 612 27 3
221 840 22 12
222 228 35 15
222 255 13 7
222 340 37 13
222 417 20 6
222 437 35 12
222 624 59 15
222 717 22 5
222 783 8 4
222 839 26 10
223 283 12 15
223 510 19 9
223 539 29 12
223 579 52 10
223 704 55 6
223 837 15 11
224 279 3 13
224 407 10 12
224 472 60 2
224 556 49 6
224 615 54 14
224 636 20 1
224 842 29 1
225 246 11 8
225 251 19 1
225 480 20 14
225 494 9 3
225 522 13 2
225 587 39 15
225 627 23 14
225 725 20 15
225 785 27 7
225 852 58 13
226 570 57 2
226 611 24 14
226 707 56 5
226 746 46 7
226 767 49 6
227 334 20 10
227 410 39 2
227 446 42 1
227 565 30 4
227 600 16 8
227 695 21 13
227 716 1 5
227 779 38 10
227 846 7 14
227 851 55 10
228 307 41 8
228 415 16 6
228 486 53 7
228 540 40 8
228 668 12 3
228 749 17 10
228 764 43 11
228 828 34 11
229 336 11 10
229 349 22 4
229 352 57 8
230 272 37 7
230 381 13 11
230 387 12 6
230 415 49 14
230 757 44 11
230 820 47 5
230 832 55 4
231 297 32 11
231 320 60 2
231 324 58 1
231 376 15 12
231 427 57 13
231 501 39 1
231 537 17 3
231 547 32 3
231 738 44 2
231 754 12 14
231 859 57 9
232 447 50 13
232 452 44 14
232 486 42 14
232 518 32 9
232 558 11 13
232 615 33 3
232 649 6 15
232 673 21 12
232 747 52 10
232 815 44 4
233 260 30 13
233 416 10 5
233 576 43 3
233 578 51 8
233 669 13 10
233 730 41 15
233 808 35 15
234 297 59 11
234 301 23 13
234 454 32 12
234 477 20 3
234 521 14 3
234 533 58 15
234 571 50 12
234 784 18 2
234 785 10 14
234 823 1 3
235 382 59 7
235 402 52 6
235 449 41 5
235 517 34 8
235 561 58 14
235 653 54 7
235 663 28 8
235 862 24 13
236 291 4 2
236 404 45 3
236 442 30 11
236 511 57 6
236 601 39 11
236 624 45 14
236 696 32 12
236 703 12 2
236 746 17 12
236 773 25 11
236 865 18 11
237 315 59 5
237 407 51 13
237 505 35 8
237 629 32 5
237 712 44 15
237 798 46 8
238 677 1 9
239 283 26 13
239 313 56 5
239 381 40 7
239 406 19 7
239 458 34 8
239 463 41 4
239 646 47 9
239 700 49 4
239 772 19 13
239 786 48 1
240 367 2 14
240 384 45 10
240 472 8 9
240 585 51 11
240 657 21 12
240 739 2 11
241 338 14 7
241 428 45 9
241 435 11 11
241 491 23 2
241 540 27 15
241 598 45 15
241 706 12 4
241 713 51 4
241 857 16 5
242 310 31 13
242 318 24 8
242 342 47 1
242 369 8 1
242 457 10 7
242 485 30 7
242 511 30 9
242 592 40 5
242 610 7 4
243 266 9 15
243 626 17 13
243 686 3 14
243 722 54 9
243 763 51 13
243 837 43 2
244 254 37 14
244 293 4 12
244 424 30 3
244 504 59 10
244 507 16 11
244 560 50 1
244 591 44 3
244 612 50 7
244 718 44 1
245 272 6 3
245 432 34 6
245 630 4 11
245 704 54 1
245 726 48 12
245 792 26 12
245 794 24 7
246 259 1 3
246 363 11 2
246 368 34 1
246 502 60 6
246 507 2 14
246 527 49 2
246 558 60 13
246 603 11 13
246 604 52 3
246 685 7 8
246 694 2 14
246 822 20 7
247 255 1 1
247 339 49 4
247 394 16 4
247 692 60 6
247 699 35 11
247 735 9 11
248 374 40 6
248 445 41 15
248 549 3 11
248 573 5 13
248 588 55 3
248 626 38 12
248 732 17 1
248 852 14 7
248 856 6 7
249 504 21 7
249 699 2 7
249 867 42 14
250 284 43 12
250 352 35 7
250 456 3 15
250 512 5 5
250 635 58 2
251 259 48 14
251 506 41 2
251 652 17 9
251 805 16 10
252 308 56 2
252 398 58 9
252 451 15 8
252 495 40 3
252 559 44 12
252 570 55 4
252 816 49 14
253 260 3 13
253 406 21 10
253 521 29 4
253 639 53 6
253 652 37 10
254 278 57 12
254 296 16 14
254 380 46 9
254 498 42 2
254 524 30 5
254 691 12 8
254 746 34 3
254 830 11 5
255 295 23 14
255 333 30 4
255 411 7 8
255 491 52 6
255 562 29 10
255 623 35 13
255 649 38 8
255 768 58 5
256 271 46 8
256 361 29 11
256 391 40 3
256 534 47 4
256 583 19 9
256 600 35 4
256 607 9 5
256 686 36 12
257 348 49 4
257 359 29 10
257 420 51 3
257 571 48 14
257 716 45 1
257 751 9 5
257 805 47 11
257 871 30 8
258 300 40 7
258 359 22 3
258 580 57 3
258 665 42 2
258 858 40 15
258 860 36 3
259 261 14 4
259 266 45 1
259 293 19 3
259 340 36 11
259 514 27 9
259 676 59 1
259 796 42 13
259 871 21 5
260 351 50 8
260 428 14 13
260 429 59 15
260 434 13 10
260 778 18 3
261 282 46 8
261 350 4 11
261 414 21 8
261 476 4 7
261 478 12 15
261 658 19 12
261 665 45 4
261 735 26 6
261 751 55 1
261 778 23 6
262 415 56 7
262 625 3 10
262 654 50 12
263 290 2 6
263 301 20 8
263 385 10 4
263 484 31 8
263 489 52 15
263 649 32 6
263 662 37 9
263 685 39 10
263 689 3 14
263 713 58 2
264 437 42 1
264 559 52 2
264 853 14 12
265 476 3 2
265 506 56 7
265 637 58 13
265 863 50 13
266 296 41 15
266 552 60 13
266 607 1 15
266 771 6 1
267 442 48 7
267 476 13 14
267 577 12 13
267 593 25 12
267 793 21 13
267 803 31 11
268 394 58 11
268 530 48 3
268 550 17 5
268 582 40 10
268 639 42 15
268 678 40 14
268 722 19 14
268 815 7 9
269 300 17 2
269 338 34 6
269 575 5 11
269 593 23 3
269 635 22 1
269 787 54 1
270 507 8 12
270 624 17 4
270 742 59 12
271 351 15 15
271 403 50 15
271 445 32 10
271 461 1 4
271 549 29 14
271 606 26 10
271 617 30 13
272 304 10 8
272 317 6 4
272 406 9 4
272 508 31 15
272 522 23 5
273 311 50 14
273 333 23 2
273 342 32 3
273 473 7 14
273 486 34 10
273 528 6 11
273 615 58 13
273 617 53 4
273 688 32 5
273 716 16 5
273 732 28 7
273 749 37 3
273 784 1 12
274 312 25 12
274 506 7 1
274 540 24 13
274 595 60 3
274 658 32 4
274 743 43 7
274 748 51 1
275 289 2 7
275 303 10 15
275 419 34 14
275 514 22 8
275 553 22 8
275 588 30 6
275 791 38 1
276 277 8 10
276 301 30 2
276 384 47 2
276 548 59 6
276 581 24 4
276 607 51 15
276 731 12 4
277 325 50 9
277 401 25 9
277 427 2 7
277 432 48 14
277 476 53 13
277 501 18 7
277 504 36 5
277 588 18 6
277 828 23 14
278 286 15 9
278 395 17 13
278 450 50 2
278 486 60 7
278 613 47 6
278 733 9 8
278 779 41 5
278 833 36 7
279 365 25 4
279 656 60 11
279 670 47 6
279 673 44 8
279 786 56 10
280 383 19 7
280 580 9 14
280 605 31 14
280 608 2 2
280 720 6 15
281 299 11 6
281 330 11 10
281 355 29 10
281 430 45 3
281 628 43 4
281 712 22 12
281 717 6 8
281 777 49 10
282 306 20 13
282 427 35 6
282 435 47 5
282 464 16 1
282 519 11 13
283 323 35 7
283 411 33 9
283 611 32 1
283 634 26 15
283 689 56 3
283 823 44 6
284 311 33 10
284 330 56 6
284 365 20 10
284 550 50 4
284 630 49 13
284 739 22 15
284 756 25 9
284 798 38 4
285 296 14 14
285 329 43 5
285 465 7 5
285 482 51 12
285 541 47 4
285 586 1 3
285 693 58 6
285 841 29 6
286 298 25 13
286 304 13 10
286 367 42 9
286 497 27 9
286 499 33 10
286 597 46 7
286 601 39 9
286 632 49 14
286 679 14 15
286 727 24 13
287 379 57 4
287 381 10 1
287 450 48 11
287 461 12 8
287 474 11 10
287 613 3 1
287 681 46 13
287 769 58 11
288 324 60 6
288 542 48 3
288 595 27 10
288 605 48 14
288 644 33 9
289 304 27 8
289 361 22 7
289 369 59 9
289 507 18 12
289 561 50 15
289 704 10 4
289 749 17 7
290 331 6 15
290 451 16 1
290 544 21 5
290 699 15 13
290 745 15 11
290 809 58 9
291 323 50 11
291 379 37 2
291 505 1 2
291 758 16 6
291 807 25 13
291 865 9 11
292 328 23 10
292 394 55 15
292 537 21 10
292 542 16 9
292 686 43 7
292 712 5 14
292 747 39 11
292 853 55 8
293 331 32 9
293 405 38 14
293 586 19 8
293 798 19 9
294 336 6 5
294 363 58 5
294 418 4 5
294 491 45 10
294 653 42 2
294 710 34 2
294 775 13 3
294 815 11 6
294 829 34 15
294 841 34 13
295 300 59 2
295 347 50 15
295 353 16 1
295 366 3 7
295 517 26 5
295 821 48 1
296 421 14 8
296 425 37 13
296 673 53 7
296 708 4 8
296 735 22 15
296 766 12 5
296 776 3 15
297 311 16 7
297 443 25 6
297 453 20 9
297 528 55 5
297 778 10 1
297 849 42 9
298 346 50 15
298 347 11 8
298 396 32 10
298 530 53 2
298 546 42 14
298 698 8 4
298 765 29 14
298 803 47 9
298 821 43 5
299 454 16 8
299 457 38 3
299 530 37 5
299 562 47 10
299 684 20 7
299 710 6 7
299 733 41 10
299 744 6 13
299 765 19 12
300 391 5 3
300 576 45 1
300 643 56 13
300 714 24 15
301 401 57 7
301 501 56 12
301 562 28 6
301 716 50 15
301 721 52 10
302 321 49 14
302 522 47 11
302 548 59 11
302 702 36 6
302 773 57 8
302 861 15 4
303 398 36 2
303 451 58 15
303 649 24 11
303 677 11 7
303 703 20 4
303 766 3 1
304 508 46 15
304 800 7 13
304 847 4 7
305 357 35 13
305 464 7 9
305 550 1 15
305 826 38 5
305 860 12 8
306 427 12 5
306 443 25 1
306 741 5 2
306 773 8 1
306 872 9 8
307 503 41 2
307 692 47 3
307 700 43 2
307 736 57 3
308 368 18 8
308 392 14 7
308 400 5 7
308 420 29 4
308 496 10 15
308 508 58 4
308 556 50 5
308 582 41 4
308 612 48 2
308 645 57 6
308 648 35 3
308 737 54 8
308 812 36 3
309 380 42 9
309 391 31 3
309 522 27 7
309 691 14 8
309 816 24 8
309 872 47 12
310 313 58 13
310 327 5 12
310 416 52 12
310 624 13 2
310 838 11 14
310 860 6 11
310 872 20 15
311 437 53 3
311 621 58 15
311 629 46 7
311 680 11 7
311 689 26 10
311 746 3 9
311 871 39 2
312 360 31 2
312 392 58 4
312 434 20 6
312 438 27 3
312 462 23 3
312 495 12 6
312 543 49 2
312 610 3 15
312 632 55 2
312 771 32 9
313 647 3 10
313 670 25 3
313 701 36 2
313 745 10 3
314 356 56 15
314 498 13 10
314 675 24 11
315 408 57 8
315 444 10 15
315 446 9 5
315 486 1 7
315 495 43 4
315 578 33 13
315 825 5 5
315 841 37 10
316 415 57 9
316 790 4 6
316 791 40 13
316 792 51 10
316 822 42 14
317 377 22 7
317 392 49 6
317 539 7 5
317 605 11 5
317 666 7 10
317 709 7 2
318 428 13 13
318 558 39 1
318 600 8 7
318 707 13 11
318 737 45 8
318 747 26 2
318 749 26 6
318 777 10 3
318 864 13 8
319 384 41 3
319 519 42 14
319 647 22 9
319 654 11 10
320 506 2 3
320 522 47 12
320 535 31 6
320 543 19 15
320 568 14 8
320 615 51 2
320 625 55 4
320 818 50 9
321 444 50 5
321 473 26 9
321 678 56 8
321 726 35 8
321 839 12 3
322 485 43 13
322 530 15 13
322 578 56 11
322 628 49 8
322 869 44 3
323 639 4 1
323 722 36 11
324 356 30 13
324 394 24 11
324 465 18 12
324 519 30 4
324 689 41 8
324 725 8 3
324 800 22 2
324 868 60 14
325 364 25 7
325 430 51 15
325 551 56 14
325 672 17 11
325 722 11 2
325 727 31 8
325 740 19 5
326 333 49 15
326 388 35 6
326 433 40 10
326 509 44 3
326 561 28 12
326 802 22 3
326 850 9 13
327 331 27 12
327 400 6 7
327 628 37 9
327 639 56 11
327 728 30 12
327 801 17 4
328 555 19 14
328 603 14 1
328 677 47 13
328 681 8 10
328 729 4 2
329 459 56 9
329 573 36 4
329 674 58 15
329 721 59 13
329 744 12 5
329 761 11 14
329 813 7 5
329 864 20 11
330 397 17 11
330 464 33 2
330 513 24 12
330 577 48 15
331 433 17 13
331 461 19 11
331 495 55 4
331 505 41 1
331 582 14 5
331 755 53 1
331 859 14 3
332 382 36 3
332 430 32 5
332 523 31 6
332 760 17 14
332 786 29 15
332 792 29 5
332 873 57 7
333 367 12 8
333 430 14 15
333 690 45 6
333 784 33 2
333 860 24 14
333 866 56 11
334 420 1 5
334 624 8 12
334 658 55 1
335 407 12 8
335 509 45 13
335 558 49 13
335 721 17 1
336 343 46 11
336 383 1 2
336 408 3 1
336 410 43 13
336 439 54 14
336 758 7 9
336 773 54 14
337 446 18 10
337 619 18 10
337 620 4 13
337 763 29 6
337 786 2 4
337 813 10 2
338 740 49 3
338 760 47 15
339 389 55 2
339 447 21 9
339 687 25 7
339 759 25 1
339 790 1 4
340 355 51 6
340 474 50 1
340 484 2 12
340 533 30 8
341 356 30 2
341 516 27 15
341 630 16 15
341 752 17 6
342 373 29 15
342 380 4 4
342 454 46 7
342 577 8 11
342 589 8 2
342 655 20 7
342 668 7 10
342 714 22 14
342 724 26 14
342 747 18 12
342 802 55 4
342 847 16 10
343 379 8 9
343 609 58 10
343 647 40 10
343 773 13 3
344 349 60 2
344 353 56 15
344 386 2 14
344 412 19 5
344 477 20 9
344 525 5 1
344 621 48 12
344 749 44 7
344 808 37 3
345 458 43 2
345 590 33 1
345 652 29 9
345 841 39 3
346 382 37 3
346 567 1 10
346 600 2 1
346 689 5 3
346 702 5 8
346 784 34 14
346 824 58 7
347 530 13 8
347 607 53 2
347 657 47 8
347 744 2 1
347 771 59 2
347 797 7 3
347 860 15 8
348 361 7 4
348 380 37 13
348 773 34 12
348 793 12 6
349 363 35 11
349 384 11 9
349 642 50 15
349 741 50 10
349 768 36 10
350 377 19 8
350 671 8 5
350 819 54 13
351 454 32 12
351 486 13 7
351 497 43 7
351 548 54 15
351 573 4 4
351 586 32 12
351 628 50 5
351 703 18 11
351 753 31 8
351 822 58 6
352 622 38 4
353 416 20 6
353 435 34 14
353 479 49 6
353 583 10 14
353 713 42 15
353 737 49 7
353 762 39 15
353 810 57 4
353 813 50 9
354 361 29 5
354 390 41 15
354 463 5 6
354 544 34 13
354 654 10 10
354 674 44 10
354 862 17 12
354 871 59 11
355 438 9 6
355 467 11 4
355 545 27 2
355 549 27 1
355 682 8 14
355 740 17 11
355 817 37 9
355 847 49 6
356 444 57 14
356 717 7 1
356 802 36 4
357 392 17 13
357 415 39 13
357 551 2 11
357 652 39 8
357 658 31 14
357 659 38 10
357 710 5 9
357 750 60 9
357 756 46 5
357 761 3 9
357 790 15 5
358 404 28 6
358 432 11 4
358 434 57 13
358 487 59 15
358 489 5 11
358 494 35 9
358 565 20 7
358 623 29 14
358 709 29 3
358 728 39 12
358 781 6 1
359 446 49 4
359 574 22 15
359 785 46 1
359 789 35 15
360 448 24 15
360 465 4 5
360 590 57 7
360 594 16 12
360 654 11 14
360 692 8 15
360 700 12 2
360 859 46 1
361 603 31 5
361 665 13 8
361 683 28 5
361 722 18 14
361 740 23 8
361 748 38 10
362 424 26 1
362 429 8 5
362 446 35 7
362 534 53 13
362 553 3 5
362 613 1 4
362 648 2 9
362 815 43 4
362 834 11 2
363 447 56 4
363 649 35 8
363 665 12 12
364 373 43 2
364 395 39 13
364 691 49 6
364 778 43 9
364 803 54 1
364 824 39 10
364 843 5 7
365 586 14 1
365 670 48 6
365 731 51 5
366 525 34 6
366 610 23 14
366 613 31 11
366 673 34 5
367 651 22 15
367 715 48 6
367 779 26 4
367 780 6 12
367 842 44 2
367 862 53 6
367 867 2 8
368 410 2 2
368 425 23 6
368 467 55 4
368 532 1 1
368 644 26 5
368 857 23 14
369 398 12 15
369 553 17 14
369 595 57 14
369 745 27 12
369 752 26 6
370 446 38 7
370 478 28 2
370 554 3 13
370 719 42 15
371 535 56 13
371 825 7 1
371 826 6 5
371 864 8 11
372 427 37 7
372 603 42 5
372 618 6 15
372 623 60 5
372 857 47 1
373 407 39 1
373 554 43 12
373 589 39 13
373 635 53 14
373 710 56 9
373 802 44 12
374 411 24 13
374 422 22 3
374 528 13 7
374 602 1 5
374 688 38 12
374 798 32 8
374 816 32 10
375 397 22 14
375 569 40 11
375 622 37 13
375 692 16 7
375 717 54 2
375 774 34 14
376 407 37 6
376 424 47 12
376 442 37 13
376 535 7 5
376 779 36 9
376 800 21 8
377 485 30 4
377 523 44 9
377 679 14 2
377 799 25 3
377 803 11 2
378 480 59 1
378 500 49 14
378 520 55 8
378 723 57 13
379 403 37 4
379 461 41 7
379 530 33 11
379 535 1 3
379 540 16 1
379 656 3 4
379 769 11 11
379 781 52 15
380 501 21 1
380 532 4 14
380 594 13 10
380 721 33 3
380 836 42 5
381 412 30 10
381 528 24 1
381 615 47 4
381 624 57 3
381 728 40 3
381 781 27 8
381 807 52 4
382 410 16 6
382 525 39 2
382 756 44 1
382 817 9 8
382 836 46 5
382 839 45 13
383 474 58 13
383 868 27 4
384 461 28 7
384 580 38 7
384 689 46 12
384 770 27 6
384 837 30 4
385 388 37 6
385 396 49 11
385 482 34 4
385 498 24 15
385 589 27 6
385 590 40 14
385 617 43 8
385 743 52 3
385 795 37 5
386 499 31 10
386 535 54 11
386 540 15 5
386 625 22 14
386 781 19 3
387 476 53 8
387 557 19 1
387 578 11 5
387 737 8 15
387 751 48 14
387 779 6 1
387 794 14 14
387 804 55 3
388 402 51 1
388 445 32 10
388 699 40 13
389 435 19 2
389 446 24 6
389 466 2 7
389 520 32 11
389 631 55 7
389 680 41 7
389 693 20 11
389 824 13 11
389 863 48 15
389 867 9 2
390 735 21 2
391 721 28 15
392 441 31 4
392 444 23 14
392 554 38 14
392 852 41 6
392 859 12 2
393 453 25 3
393 484 44 3
393 620 25 8
393 793 51 2
393 844 19 7
393 858 48 11
394 407 12 1
394 424 60 6
394 485 22 7
394 776 60 10
394 789 5 5
395 488 20 12
395 563 18 14
395 574 58 2
395 619 51 15
395 698 7 13
395 723 34 14
396 467 51 4
396 562 22 9
396 683 45 9
396 696 3 13
396 854 21 11
397 434 8 7
397 560 45 5
397 716 26 11
397 772 38 5
397 842 18 11
398 443 20 6
398 477 29 13
398 506 23 11
398 510 28 12
398 556 48 15
398 569 17 2
398 695 4 1
398 737 12 1
398 751 17 10
398 869 17 15
399 442 48 9
399 457 12 15
399 509 9 5
399 519 6 8
399 543 30 4
399 603 30 6
399 605 57 8
399 697 45 2
400 489 32 15
400 548 1 4
400 550 2 1
400 558 29 1
401 425 22 8
401 555 43 7
401 571 41 7
401 746 6 15
401 762 27 10
401 776 34 3
401 872 30 14
402 475 43 10
402 637 10 6
402 793 13 12
402 820 29 9
403 417 25 1
403 459 2 4
403 569 5 1
403 733 6 14
403 816 49 4
404 442 51 9
404 552 41 4
404 557 4 9
404 753 33 11
405 476 23 13
405 489 58 9
405 498 36 12
405 565 39 8
405 609 7 2
405 610 2 11
405 854 40 2
406 603 29 3
406 689 18 13
406 795 10 4
406 829 38 3
406 834 59 12
407 454 42 10
408 519 40 4
408 608 55 2
408 660 5 3
409 492 32 9
409 598 10 12
409 675 16 2
409 784 30 1
410 454 48 2
410 503 4 11
410 506 58 13
410 567 32 4
410 677 20 4
410 842 17 1
410 850 41 4
411 417 21 14
411 676 49 11
411 679 22 8
411 825 43 13
412 436 6 11
412 489 11 7
412 866 36 12
413 756 45 6
413 795 44 12
413 804 4 8
413 818 56 8
414 448 32 12
414 534 12 1
414 601 10 3
414 774 3 8
414 812 45 15
415 554 43 12
415 595 23 3
416 609 20 4
416 690 50 13
416 700 43 4
416 761 35 13
416 856 21 12
417 696 13 14
417 699 33 4
417 832 51 4
418 422 37 14
418 604 2 8
418 606 31 8
418 690 2 6
418 695 16 12
418 735 25 13
418 742 32 4
418 772 18 12
418 802 7 11
419 569 58 3
419 764 25 7
419 804 16 14
420 437 34 9
420 486 14 11
420 517 33 8
420 642 52 8
420 723 55 8
420 728 8 10
420 823 56 5
420 832 12 1
421 483 11 13
421 490 38 9
421 708 29 3
421 709 23 2
421 722 25 11
421 771 32 2
421 774 29 8
422 428 17 1
422 444 56 9
422 492 39 11
422 556 15 3
422 576 40 4
422 591 15 13
422 599 21 1
422 632 42 1
422 720 54 8
422 745 22 11
422 816 59 11
423 428 10 1
423 504 41 4
423 671 22 7
423 731 60 10
424 459 6 11
424 638 20 1
424 864 31 15
425 436 34 1
425 478 11 12
425 539 4 7
425 600 44 15
425 601 43 6
425 635 50 6
425 670 1 15
425 708 44 4
425 714 47 12
425 747 8 8
425 767 7 5
425 834 12 5
425 852 22 11
425 855 36 6
426 437 18 9
426 510 3 11
426 625 9 14
427 516 45 12
427 746 28 13
427 801 24 4
428 449 51 2
428 454 37 6
428 492 32 13
428 495 34 7
428 542 42 5
428 663 26 10
428 689 39 10
429 462 47 12
429 475 27 5
429 498 18 5
429 525 24 14
429 667 21 11
429 681 22 13
429 771 23 10
430 446 44 15
430 499 22 11
430 554 34 5
430 599 19 2
430 639 11 4
430 710 29 10
430 817 45 7
430 834 36 13
430 869 26 14
431 495 38 13
431 533 41 12
431 570 35 9
431 630 15 4
431 810 57 9
432 564 2 2
432 583 40 12
432 657 19 13
433 616 18 14
433 752 22 10
434 454 42 12
434 483 4 9
434 484 38 3
434 661 44 12
434 688 46 14
434 768 48 1
434 826 24 4
434 857 34 4
434 865 12 1
434 873 55 15
435 520 7 2
435 550 3 11
435 601 36 13
435 623 2 12
435 633 17 10
436 459 48 13
436 520 47 13
436 706 40 10
436 751 58 6
437 458 34 1
437 656 13 5
437 783 26 13
437 847 16 3
438 548 55 7
438 786 29 11
439 458 7 4
439 539 17 12
439 581 58 15
439 743 59 3
439 830 5 10
440 516 2 4
440 600 52 14
440 606 21 1
440 653 33 1
440 661 6 12
440 723 26 11
440 737 54 15
441 503 13 8
441 524 53 6
441 598 29 15
441 693 8 7
441 736 4 9
441 863 54 11
442 538 43 12
442 599 37 10
442 622 1 4
442 724 58 12
442 805 42 15
442 859 6 7
443 556 6 5
443 637 31 12
443 676 50 13
443 812 8 4
444 505 58 2
444 590 27 10
444 603 52 3
444 678 25 2
444 749 46 13
444 813 21 13
444 836 41 14
445 462 32 2
445 586 46 3
445 650 25 5
445 703 11 13
445 725 24 1
446 628 36 5
446 660 1 12
446 853 24 3
447 597 54 11
447 625 34 3
447 743 26 13
448 486 53 7
448 540 7 8
448 555 57 12
448 560 50 14
448 577 8 1
449 684 4 4
449 789 54 2
449 790 3 1
449 837 59 3
449 858 31 11
450 492 23 11
450 724 13 13
450 818 9 5
451 680 8 10
452 481 9 6
452 589 1 10
452 653 5 2
452 695 16 3
452 738 56 7
453 718 46 2
453 746 1 6
453 770 59 11
454 496 37 6
454 610 44 11
454 717 23 9
454 746 46 2
454 796 5 15
455 497 14 7
455 757 25 1
455 791 54 12
455 831 57 10
455 850 4 10
455 857 17 3
456 469 19 10
456 579 57 13
457 648 39 10
457 699 45 12
457 785 47 13
458 475 10 10
458 487 58 10
458 564 60 12
458 582 45 4
458 725 3 8
458 729 42 8
458 739 58 7
459 645 12 12
459 795 6 6
461 612 30 2
461 638 30 5
461 640 10 6
461 785 13 1
462 505 33 11
462 516 29 13
462 558 49 5
462 675 53 11
462 814 50 8
463 633 6 4
463 739 21 13
463 812 5 8
464 799 1 5
465 538 57 1
465 647 54 4
465 653 1 6
465 674 17 7
465 675 10 10
465 795 36 3
465 807 5 4
465 829 19 10
466 533 51 2
466 570 14 10
466 602 40 3
466 644 19 10
466 685 22 6
466 700 45 11
466 712 51 2
466 715 55 2
467 554 52 7
467 557 59 14
467 561 33 9
467 840 53 2
468 580 9 15
468 604 15 15
468 639 50 5
468 677 55 10
468 756 24 4
468 852 46 3
469 501 18 14
469 724 32 6
469 833 7 12
470 479 35 12
470 593 36 8
470 603 29 3
470 656 12 5
470 804 50 5
471 527 37 12
471 645 19 3
471 680 49 15
471 699 26 8
471 702 22 15
471 749 32 10
471 761 42 6
471 788 6 1
471 805 12 12
472 495 27 1
472 496 33 11
472 542 39 9
472 570 29 9
472 653 44 6
472 711 16 12
472 733 4 11
473 602 38 4
473 628 26 8
473 653 49 15
473 739 43 4
473 754 40 3
473 848 13 14
474 481 52 15
474 545 23 10
474 589 25 5
474 650 60 7
475 498 41 13
475 499 52 11
475 583 47 11
475 723 33 8
475 772 18 2
475 871 39 10
476 547 48 15
476 549 40 8
476 557 32 3
476 664 13 15
476 669 33 10
476 863 7 8
477 535 24 8
477 583 49 10
477 632 32 4
477 717 59 14
477 746 25 11
477 748 26 12
477 798 58 7
477 851 32 6
478 690 37 10
478 704 16 3
479 497 44 13
479 673 35 10
479 779 38 11
479 807 36 8
480 491 35 12
480 549 29 1
480 559 50 15
480 574 5 7
480 581 37 10
480 590 23 7
480 718 49 1
480 737 38 5
480 747 59 8
480 850 27 11
481 568 45 8
482 773 37 15
483 638 55 10
483 668 6 9
483 714 26 5
483 735 33 14
483 752 46 3
484 564 42 2
484 638 4 14
484 872 45 10
485 492 17 4
485 559 33 1
485 586 33 9
486 524 45 12
486 599 32 4
486 730 28 6
486 777 56 3
486 786 12 11
486 792 52 14
487 492 4 10
487 574 4 14
487 591 55 12
487 716 37 7
487 745 24 6
487 785 38 5
487 812 38 5
488 549 35 12
488 614 8 7
488 696 12 6
488 738 28 9
488 791 28 8
488 833 16 10
488 842 26 9
488 844 32 11
489 533 26 14
489 574 2 11
490 550 58 12
490 632 44 5
490 697 33 14
490 804 56 10
490 837 34 8
491 588 52 12
491 743 24 2
491 812 53 8
491 817 52 8
492 575 47 2
492 775 48 15
492 789 2 9
492 829 9 10
492 837 20 11
493 499 43 14
493 578 42 7
493 627 27 12
493 675 34 4
494 736 60 12
494 773 37 14
494 788 45 3
494 861 6 12
495 603 35 7
495 702 19 8
495 745 52 5
496 587 55 14
496 607 39 10
497 520 13 1
497 556 36 11
497 715 41 6
497 726 27 2
497 747 6 9
497 748 31 7
497 824 20 8
497 834 47 3
498 705 35 12
499 519 22 5
499 620 38 1
499 622 49 11
499 732 16 5
499 754 8 7
499 800 58 2
499 802 20 14
499 831 22 6
500 623 7 7
500 722 58 7
500 734 26 15
500 762 14 3
500 791 28 5
500 844 1 2
501 566 27 14
501 591 33 8
501 636 34 8
501 731 19 7
502 518 31 2
502 541 21 3
502 611 36 1
503 602 49 1
503 603 26 3
503 790 57 11
503 861 15 6
504 580 4 7
504 606 46 6
504 673 11 2
505 627 25 2
505 685 32 5
505 702 49 11
505 746 23 3
505 764 54 8
505 802 52 4
505 858 58 1
506 675 37 12
506 697 58 12
506 705 55 10
506 711 36 12
506 740 9 6
506 743 30 8
506 746 14 8
506 756 11 13
506 767 53 5
507 612 10 8
507 614 24 11
507 730 23 15
507 735 5 14
507 816 6 11
508 674 14 13
508 795 51 5
508 801 30 7
508 830 19 9
508 846 53 8
509 566 33 7
509 613 24 2
510 731 19 9
510 732 48 6
510 736 39 5
510 788 38 8
510 850 40 5
511 549 35 2
511 563 29 1
511 627 12 7
511 653 58 11
511 718 56 6
511 720 6 6
511 792 42 2
511 850 9 12
512 520 40 1
512 525 42 5
512 714 5 14
512 789 51 15
513 553 34 14
513 675 9 14
513 704 44 3
514 551 12 2
514 577 15 3
514 616 51 10
514 636 12 11
514 665 12 5
514 734 4 2
515 572 49 12
515 690 9 2
515 823 41 13
516 669 31 7
516 698 7 8
516 826 45 10
517 581 57 11
517 619 53 5
517 680 12 9
517 684 28 15
518 546 56 7
518 585 51 11
518 665 3 15
518 813 30 11
519 614 32 6
519 634 53 4
519 704 38 6
520 538 23 7
520 608 60 11
520 620 7 6
520 752 14 3
520 773 40 14
520 794 59 6
520 844 31 4
521 560 16 12
521 789 21 8
522 860 25 4
523 617 31 12
523 710 58 2
523 757 56 10
523 778 47 8
523 822 22 9
523 864 22 1
524 541 23 7
524 570 54 6
524 574 20 4
524 584 56 15
524 596 6 9
524 685 20 6
524 790 6 15
524 864 8 15
524 868 15 15
525 645 50 3
525 770 60 15
525 809 6 14
526 554 41 1
526 597 30 11
526 653 10 10
526 735 43 3
527 615 5 2
527 752 11 14
527 776 47 5
527 827 38 3
528 577 17 2
528 584 40 8
528 613 26 4
528 774 17 5
529 537 41 5
529 649 55 14
529 756 53 5
530 532 7 9
530 783 21 2
530 820 46 3
530 857 14 10
531 641 7 12
531 691 13 9
531 835 41 9
532 553 50 14
532 644 17 9
532 667 57 11
533 717 7 5
533 737 57 15
533 830 55 12
534 643 23 11
534 670 47 4
534 836 22 7
535 601 58 6
535 828 47 7
536 683 50 6
536 691 37 10
537 598 33 7
537 705 54 13
537 719 55 7
537 821 36 4
537 844 18 12
538 596 4 10
538 686 46 3
538 739 18 7
538 830 12 14
539 562 24 10
539 611 53 2
539 655 25 3
539 706 45 7
539 843 54 15
539 845 1 10
539 851 41 14
540 545 1 7
540 586 2 10
540 607 32 1
540 638 18 14
540 772 56 13
540 837 3 3
541 761 4 14
541 796 22 12
541 825 53 1
541 842 21 2
541 857 29 5
541 864 51 3
542 551 41 1
542 579 16 11
542 632 33 15
542 640 1 13
542 646 59 7
542 742 10 1
542 786 23 1
543 766 11 12
543 803 40 5
544 827 50 13
544 865 1 14
545 551 46 4
545 558 54 1
545 706 19 4
545 853 38 5
546 837 25 12
547 657 18 8
548 564 22 14
548 627 59 15
548 827 2 8
548 855 49 5
548 860 18 15
549 592 37 3
549 594 54 4
549 776 30 6
549 797 38 4
549 838 53 10
549 873 24 11
550 645 6 12
550 691 20 13
551 594 38 1
551 782 46 2
551 863 39 11
552 720 1 1
552 783 41 10
552 832 19 14
553 606 21 9
553 608 53 15
553 664 39 14
553 681 32 4
553 709 33 2
554 565 34 7
554 637 34 10
554 716 25 13
554 725 36 12
554 809 50 15
554 856 13 2
555 572 20 4
555 758 34 2
556 645 35 9
556 652 40 2
556 737 6 9
556 798 17 2
556 817 14 12
557 804 33 7
558 602 34 11
558 636 18 1
558 668 55 4
558 669 8 5
558 694 27 13
558 758 54 5
558 790 5 2
558 822 7 1
559 595 30 7
559 664 19 14
559 865 18 4
560 592 15 13
560 823 60 14
560 853 17 3
560 859 33 11
561 628 40 9
561 714 9 2
561 744 22 3
562 585 52 3
562 600 54 3
562 750 41 14
562 785 5 14
563 594 12 15
563 619 12 9
563 623 58 10
563 765 45 6
563 832 45 1
564 814 52 2
564 816 54 8
565 609 46 15
565 682 6 14
566 591 26 2
566 593 29 6
566 721 39 6
566 745 20 3
566 860 53 3
567 600 15 15
567 708 55 13
567 760 5 2
567 847 53 7
567 855 13 10
568 686 20 12
568 754 52 4
569 575 40 8
569 643 51 11
569 853 51 4
570 722 50 5
570 734 4 11
570 735 26 12
570 816 28 14
571 780 26 3
571 852 15 15
571 857 21 7
572 688 3 3
572 738 3 7
572 739 23 13
572 774 31 8
572 808 8 14
572 828 46 6
572 860 36 10
573 613 30 6
573 666 33 12
573 690 57 9
573 729 6 4
573 778 19 15
573 793 60 4
573 865 3 8
574 624 49 10
575 582 32 6
575 631 3 1
575 707 11 4
575 834 58 6
576 728 59 13
576 770 13 6
577 867 53 5
578 652 57 7
578 784 39 7
578 788 26 2
579 730 31 8
579 752 32 14
580 671 21 11
580 753 43 2
580 760 26 1
580 779 25 15
581 655 2 1
581 660 31 12
581 776 20 10
581 830 14 3
582 584 14 14
582 702 44 7
582 761 31 13
583 745 36 11
584 722 38 13
585 806 38 5
585 829 29 11
586 670 52 7
586 671 7 5
586 740 16 1
586 755 47 7
586 791 17 2
586 865 13 8
588 733 40 15
588 753 10 13
589 598 33 4
589 622 4 9
589 804 43 8
590 618 7 8
590 653 44 1
590 720 25 8
591 775 55 1
592 621 6 13
592 626 36 14
592 643 38 8
592 668 11 14
592 805 7 7
593 726 3 2
593 734 43 13
593 812 56 3
593 845 26 3
593 854 25 8
594 646 31 1
595 736 25 13
595 799 5 2
596 667 49 6
596 689 47 5
596 788 2 2
596 856 3 11
597 744 4 4
597 777 48 15
597 829 2 9
598 818 53 4
598 851 23 7
599 601 47 8
599 724 29 3
599 785 14 2
599 825 39 10
600 601 33 14
600 710 55 8
600 719 40 4
600 748 3 8
600 817 40 5
601 742 12 13
602 680 5 9
603 680 4 12
603 686 9 13
603 743 26 11
603 752 41 14
603 783 28 7
603 797 39 13
603 816 7 1
604 699 16 3
604 801 39 11
605 793 48 12
605 824 59 14
606 629 48 15
606 748 6 10
606 764 54 2
606 777 28 3
606 848 20 14
607 629 5 4
607 691 42 4
607 729 38 15
607 744 29 9
608 621 11 14
608 644 21 11
608 740 1 8
608 787 5 15
608 818 40 14
609 680 42 3
609 727 43 5
609 844 32 15
609 850 41 15
610 812 9 7
611 632 20 1
611 654 3 12
611 676 3 1
612 637 44 6
612 641 57 15
612 646 29 4
612 777 32 12
612 791 37 11
612 792 3 4
612 826 44 14
612 833 45 14
613 783 17 6
613 796 23 6
613 799 17 11
614 671 22 7
614 716 58 9
614 763 11 6
615 616 28 14
615 705 51 2
615 804 22 14
616 640 7 14
616 695 40 4
616 793 19 2
616 800 34 1
616 808 46 5
617 715 31 3
617 829 37 2
618 635 39 9
618 670 60 12
618 733 29 1
619 627 12 7
619 762 50 8
619 824 13 15
620 640 49 5
621 670 50 13
621 678 53 11
621 768 43 7
622 779 2 5
623 657 60 9
623 788 59 4
623 814 56 7
624 680 12 3
624 781 8 3
624 863 37 14
625 681 6 6
625 753 1 2
625 759 28 11
625 825 17 5
626 703 21 3
626 756 1 11
627 640 40 2
627 675 12 10
627 810 59 12
628 642 11 2
628 792 24 12
628 825 12 5
631 809 34 14
631 838 36 9
631 868 3 13
632 866 47 7
633 708 12 9
633 810 39 15
633 834 56 8
634 689 12 1
634 732 44 7
634 797 24 3
634 835 12 9
634 855 29 1
634 862 60 4
635 861 1 12
636 724 13 3
636 728 48 12
636 760 43 13
636 792 9 1
637 671 55 1
637 703 32 8
637 807 16 3
638 689 27 5
638 719 10 8
638 742 42 2
638 751 1 5
639 714 50 1
639 782 28 14
639 863 1 15
640 711 46 11
640 744 24 6
641 791 37 4
641 864 20 2
642 781 24 6
643 667 10 11
643 804 34 9
644 666 25 2
644 700 35 1
644 804 39 3
645 847 48 4
645 848 22 4
646 705 41 11
646 867 40 14
647 687 35 11
647 783 29 6
647 815 27 15
648 664 30 5
648 705 7 14
648 706 1 9
648 712 57 10
649 718 50 2
649 774 54 7
649 856 25 1
650 670 39 5
650 679 46 10
650 720 53 3
650 735 30 11
651 652 20 8
652 858 31 11
653 722 51 1
653 727 56 11
653 832 56 15
654 703 37 7
654 764 19 3
654 777 46 10
654 796 17 1
656 698 26 8
657 749 35 8
657 779 4 1
658 781 57 12
658 784 6 15
658 787 12 3
658 818 53 5
659 671 6 1
659 749 47 13
659 849 45 9
661 818 16 1
661 873 19 8
662 835 54 10
663 733 14 3
663 767 47 8
663 865 49 7
664 686 12 12
664 752 15 6
664 825 18 15
664 828 27 13
664 859 43 1
665 686 2 2
665 788 40 15
667 697 41 13
667 803 51 7
668 743 52 11
668 835 49 10
669 691 32 2
669 740 56 6
670 734 2 9
671 767 28 12
671 769 14 8
671 802 53 6
671 830 53 8
671 847 46 12
672 812 48 8
673 822 20 15
674 719 21 7
674 743 11 10
676 790 8 11
677 770 32 3
677 787 4 7
677 867 41 14
678 740 1 15
679 783 35 12
680 752 43 7
680 754 51 1
680 788 30 3
682 703 15 1
682 719 60 10
682 814 52 9
685 719 27 8
685 769 58 11
685 811 15 11
686 692 52 13
686 730 5 15
686 762 30 12
687 763 32 2
687 769 30 2
687 801 9 10
687 803 22 15
687 839 59 8
688 698 42 10
688 699 19 2
688 745 7 7
688 811 3 7
690 775 31 5
690 864 30 6
691 752 43 4
692 789 8 12
692 840 22 9
692 863 4 6
693 731 20 5
693 740 18 6
694 718 2 2
694 740 52 3
694 809 23 12
694 813 50 7
694 863 36 12
696 808 44 13
697 786 51 7
698 732 46 7
698 733 13 12
699 725 25 5
699 791 15 1
700 871 60 1
701 705 9 3
702 727 4 14
703 772 50 5
703 820 30 6
704 717 18 5
704 813 50 3
705 731 34 15
705 778 20 13
705 832 4 4
705 850 56 11
706 733 46 10
707 717 2 4
707 802 12 12
707 826 47 6
707 862 19 6
708 800 38 5
708 810 51 5
709 718 17 11
709 775 38 5
709 780 41 12
711 734 33 5
711 785 55 10
711 830 18 8
712 721 22 4
712 784 20 15
713 865 36 8
715 723 49 4
715 779 12 10
715 842 59 7
715 844 40 5
716 759 28 1
717 858 1 14
718 720 16 9
718 824 46 14
719 832 8 14
720 734 8 14
720 802 34 15
721 854 49 14
721 858 51 11
722 744 23 2
722 869 19 14
723 766 59 12
723 839 33 3
723 861 21 11
723 871 49 1
724 802 40 3
724 818 45 12
724 862 57 5
725 767 24 9
725 782 55 7
726 766 44 15
726 857 31 11
727 784 57 15
727 813 17 13
727 839 47 4
728 764 50 13
728 772 1 3
729 781 35 15
730 873 22 6
731 768 3 3
731 773 19 2
732 842 41 4
733 831 23 5
734 811 16 10
734 818 2 4
735 788 31 10
735 837 11 11
736 832 11 5
737 803 11 13
737 811 17 1
737 825 23 14
739 750 52 3
739 821 21 7
740 811 20 10
740 870 15 15
741 839 42 8
743 780 59 7
743 857 1 1
747 784 2 12
747 820 3 5
747 851 11 6
748 780 57 5
748 838 39 8
750 784 2 11
750 839 6 13
751 755 10 11
751 801 31 15
751 843 11 10
754 768 23 10
754 776 15 11
755 795 17 1
755 820 50 4
757 865 14 10
758 773 35 9
759 820 5 8
759 852 16 10
759 871 45 11
760 773 5 8
760 785 18 8
760 786 59 6
762 802 18 6
762 841 20 5
763 812 34 14
764 872 60 8
765 792 56 2
765 806 14 7
767 858 42 2
768 826 52 15
769 812 39 2
769 842 18 9
771 820 30 5
772 774 15 8
772 809 3 2
777 801 58 8
777 823 30 2
781 799 5 3
781 832 18 10
782 839 14 6
783 796 13 10
783 866 14 5
784 811 16 13
784 862 23 7
785 826 8 2
787 858 35 15
788 854 30 2
790 809 30 12
792 795 19 7
793 867 55 1
795 813 26 11
798 802 44 12
798 870 24 4
799 850 35 8
800 829 52 3
802 833 24 7
803 829 15 8
803 867 56 5
804 813 3 5
806 834 11 3
807 811 37 9
807 826 55 4
807 871 42 7
811 820 53 15
820 836 42 3
820 846 9 4
822 827 41 6
822 847 55 13
823 853 42 1
825 830 56 2
827 838 21 4
827 864 36 9
831 840 47 15
831 859 60 8
833 835 32 13
838 856 52 9
840 865 4 6
847 848 45 9
851 868 29 2
854 873 14 14
858 868 8 9
862 872 21 3
866 867 19 14

0 2 31
1 10 41
2 15 24
3 29 13
4 38 12
5 59 25
6 84 22
7 90 45
8 94 35
9 121 36
10 122 29
11 138 7
12 148 26
13 156 6
14 167 41
15 186 10
16 195 42
17 196 41
18 201 40
19 210 23
20 214 28
21 224 6
22 254 21
23 261 2
24 265 25
25 274 50
26 275 24
27 279 8
28 287 10
29 293 32
30 296 9
31 303 11
32 323 36
33 341 18
34 357 46
35 359 39
36 360 46
37 368 22
38 369 42
39 378 9
40 381 29
41 389 36
42 412 12
43 419 14
44 428 10
45 430 18
46 435 28
47 437 16
48 443 38
49 449 38
50 455 12
51 459 38
52 464 34
53 467 26
54 481 46
55 489 14
56 490 28
57 492 1
58 504 14
59 508 40
60 515 16
61 546 49
62 547 7
63 570 46
64 606 2
65 624 39
66 628 5
67 660 4
68 663 47
69 708 12
70 718 32
71 732 29
72 762 46
73 773 17
74 777 26
75 779 22
76 789 14
77 790 34
78 797 38
79 808 34
80 829 14
81 832 43
82 850 14
83 855 1
84 856 16
85 858 26
86 859 50
