1390 5548 139 13

0 30 6046
1 60 11717
2 90 17030
3 120 22003
4 150 26650
5 180 30988
6 210 35031
7 240 38793
8 270 42288
9 300 45529
10 330 48528
11 360 51297
12 390 53847

0 26650
1 20867
2 13224
3 17655
4 19629
5 23135
6 19379
7 13148
8 31413
9 19327
10 24330
11 23193
12 21359
13 19981
14 21760
15 19247
16 22639
17 19488
18 25004
19 21998
20 29770
21 20019
22 23875
23 24466
24 24815
25 26109
26 22054
27 19027
28 26697
29 21360
30 25991
31 21229
32 19061
33 21085
34 17635
35 23332
36 25086
37 25074
38 21473
39 21852
40 26577
41 22698
42 16394
43 25459
44 19298
45 20685
46 21049
47 22869
48 20499
49 24371
50 21208
51 29209
52 24007
53 22939
54 22027
55 29349
56 26749
57 25385
58 24264
59 26933
60 27673
61 18735
62 19911
63 25396
64 16241
65 25018
66 20797
67 24721
68 21297
69 25846
70 29303
71 23868
72 23255
73 28396
74 19627
75 21929
76 21591
77 18350
78 12255
79 25373
80 24980
81 26609
82 24898
83 26982
84 15686
85 23972
86 22187
87 20568
88 26878
89 20232
90 24211
91 26112
92 26737
93 22948
94 22085
95 19924
96 22930
97 21399
98 25092
99 23405
100 15582
101 22218
102 24734
103 19944
104 20519
105 25493
106 19600
107 21487
108 17657
109 29829
110 26018
111 21495
112 28258
113 22058
114 22473
115 20458
116 24377
117 26948
118 22105
119 27173
120 19800
121 20843
122 25609
123 33444
124 22137
125 16861
126 22572
127 15664
128 18348
129 16716
130 25305
131 25831
132 21200
133 21750
134 21366
135 20754
136 26401
137 25129
138 19861
139 23972
140 23502
141 23820
142 19879
143 23592
144 23266
145 19475
146 24604
147 21945
148 22991
149 31812
150 18153
151 20096
152 20039
153 24674
154 22133
155 30120
156 20664
157 22225
158 24695
159 18372
160 21732
161 21481
162 20422
163 22706
164 22641
165 27202
166 20060
167 20008
168 19614
169 24016
170 26546
171 25925
172 18783
173 23432
174 24286
175 16649
176 17889
177 25734
178 17095
179 19200
180 26217
181 22164
182 23184
183 21856
184 22415
185 22480
186 21892
187 22380
188 21466
189 14864
190 22407
191 20651
192 23970
193 23465
194 21063
195 22387
196 26654
197 24927
198 24563
199 21967
200 24276
201 20265
202 16756
203 20373
204 28484
205 18617
206 26078
207 24842
208 20416
209 20527
210 28032
211 22218
212 26634
213 21558
214 24297
215 21090
216 14408
217 19489
218 19848
219 23898
220 15074
221 29965
222 25034
223 28410
224 27843
225 26990
226 30131
227 25098
228 24101
229 25351
230 19018
231 17359
232 20724
233 23165
234 23981
235 20833
236 26638
237 24363
238 24149
239 20043
240 20521
241 19783
242 14300
243 20764
244 19109
245 20674
246 21636
247 21566
248 20170
249 27280
250 25834
251 24990
252 25528
253 24397
254 29494
255 26611
256 23146
257 25456
258 29797
259 18806
260 17328
261 22640
262 21996
263 25737
264 29161
265 25113
266 19815
267 23193
268 14692
269 25502
270 28262
271 19724
272 26679
273 23815
274 23742
275 18755
276 20364
277 24030
278 28695
279 18583
280 19220
281 23631
282 26186
283 26571
284 17422
285 22313
286 29458
287 26332
288 20802
289 19588
290 20473
291 19884
292 22917
293 23112
294 20458
295 25231
296 29883
297 22375
298 25518
299 24796
300 24595
301 28673
302 23618
303 18936
304 24517
305 17611
306 15321
307 25509
308 17243
309 15591
310 24036
311 24241
312 24853
313 27296
314 18089
315 23336
316 34506
317 23713
318 23550
319 19204
320 28380
321 25641
322 25486
323 26252
324 22703
325 29591
326 31016
327 25278
328 19360
329 17536
330 23161
331 23337
332 21013
333 23756
334 22743
335 23927
336 22140
337 22180
338 23493
339 29820
340 16411
341 19326
342 19449
343 26271
344 17029
345 26367
346 20142
347 16641
348 26060
349 30233
350 16726
351 25109
352 23734
353 21706
354 28471
355 16479
356 17644
357 22455
358 24931
359 31360
360 25986
361 28640
362 18261
363 16201
364 16468
365 27056
366 25520
367 21072
368 23922
369 20096
370 27103
371 29739
372 22690
373 24058
374 20154
375 31110
376 27236
377 31755
378 22079
379 22321
380 14181
381 17466
382 21440
383 16595
384 23026
385 20573
386 26142
387 24515
388 24357
389 22234
390 20031
391 23379
392 22155
393 21333
394 20283
395 15606
396 19305
397 21347
398 21690
399 28055
400 19186
401 26875
402 24953
403 17024
404 20759
405 25028
406 20359
407 25462
408 25065
409 21764
410 25919
411 23484
412 22755
413 26245
414 19214
415 19182
416 27817
417 24216
418 13445
419 21919
420 23896
421 29178
422 19260
423 30779
424 24648
425 23290
426 29716
427 21733
428 18832
429 27255
430 23877
431 26381
432 16727
433 18824
434 19702
435 29339
436 16664
437 23628
438 20800
439 28433
440 21491
441 28697
442 17162
443 20870
444 11450
445 23474
446 20344
447 26486
448 24950
449 23675
450 21369
451 26083
452 26928
453 23853
454 19096
455 21279
456 17244
457 24917
458 22525
459 16454
460 22189
461 22759
462 27130
463 22048
464 20761
465 26280
466 22013
467 29760
468 18915
469 21653
470 22462
471 26136
472 24476
473 23376
474 23985
475 18069
476 19324
477 29234
478 21339
479 25452
480 24096
481 20167
482 27178
483 25439
484 27820
485 25094
486 26968
487 23531
488 22988
489 17305
490 22483
491 19564
492 28435
493 26924
494 23558
495 26665
496 20267
497 23548
498 20983
499 20111
500 19444
501 24826
502 22840
503 27133
504 28810
505 18290
506 20702
507 28331
508 26291
509 28468
510 24467
511 19580
512 23392
513 14404
514 25455
515 24430
516 31520
517 35228
518 20425
519 23989
520 23451
521 17845
522 30267
523 28041
524 20260
525 19731
526 19579
527 26263
528 20160
529 22600
530 28493
531 31573
532 22490
533 27562
534 15450
535 20867
536 17504
537 18588
538 17486
539 29421
540 24174
541 29084
542 15016
543 20040
544 21850
545 25605
546 25068
547 12915
548 26411
549 20621
550 26388
551 30605
552 25967
553 23751
554 29291
555 26401
556 24517
557 26790
558 21532
559 16613
560 19700
561 18186
562 19459
563 20728
564 17394
565 23857
566 28952
567 22687
568 20535
569 23284
570 27007
571 18010
572 25494
573 24764
574 19893
575 19203
576 15978
577 29248
578 28031
579 20890
580 26821
581 22642
582 19511
583 23179
584 17330
585 31202
586 26225
587 29074
588 26583
589 24711
590 23470
591 21258
592 33499
593 21633
594 27556
595 17550
596 21668
597 22726
598 20707
599 27789
600 19746
601 22327
602 29257
603 24543
604 18520
605 23845
606 21050
607 22971
608 26215
609 23991
610 21851
611 22298
612 23784
613 22811
614 19052
615 22501
616 24861
617 22862
618 25616
619 20503
620 28604
621 27687
622 20624
623 29362
624 15944
625 22507
626 19884
627 18124
628 20975
629 29145
630 19434
631 28549
632 24599
633 18128
634 17515
635 19985
636 18814
637 19522
638 22967
639 21418
640 23833
641 16947
642 29186
643 19237
644 17254
645 23040
646 24442
647 15894
648 27764
649 22242
650 19398
651 21656
652 26595
653 28487
654 19389
655 25687
656 19601
657 26692
658 25126
659 29850
660 24884
661 28038
662 25780
663 20420
664 17328
665 17963
666 22394
667 15870
668 18832
669 26070
670 14527
671 23986
672 24743
673 19224
674 15522
675 25358
676 23566
677 36088
678 22225
679 23135
680 32254
681 26862
682 26099
683 20592
684 22751
685 25069
686 25169
687 19833
688 26171
689 15556
690 19167
691 14894
692 24637
693 23222
694 23310
695 22049
696 23379
697 25142
698 17258
699 23149
700 21164
701 25539
702 23222
703 16070
704 23839
705 25641
706 22515
707 20907
708 21977
709 18404
710 22315
711 21451
712 29128
713 26933
714 23124
715 27316
716 21931
717 22562
718 19184
719 22826
720 18166
721 16406
722 24402
723 27635
724 24004
725 20644
726 22996
727 20751
728 26266
729 17123
730 17628
731 23226
732 18805
733 24786
734 23076
735 20428
736 26424
737 30501
738 25573
739 23968
740 22930
741 19157
742 20203
743 22954
744 20471
745 22645
746 18425
747 25828
748 26584
749 32648
750 23405
751 27192
752 24901
753 20972
754 21886
755 20371
756 24698
757 26036
758 24670
759 22955
760 28760
761 21924
762 23392
763 20072
764 18648
765 22956
766 18442
767 24724
768 21528
769 23392
770 26672
771 23694
772 31813
773 24228
774 16466
775 24639
776 22683
777 20634
778 25740
779 29181
780 21894
781 20242
782 19773
783 21288
784 24869
785 17918
786 28042
787 24974
788 27262
789 24741
790 20562
791 21229
792 18643
793 18144
794 17977
795 20966
796 19065
797 28177
798 22881
799 19172
800 14662
801 21498
802 23600
803 22981
804 24002
805 26243
806 22358
807 23176
808 15972
809 19636
810 21303
811 21859
812 24034
813 23514
814 26066
815 26138
816 24699
817 22820
818 25217
819 25913
820 23953
821 27856
822 30508
823 20921
824 23937
825 17471
826 23803
827 23878
828 18015
829 19365
830 23983
831 29023
832 22925
833 25459
834 28139
835 19564
836 23583
837 27323
838 23629
839 24946
840 23616
841 21738
842 22746
843 22919
844 19281
845 23330
846 23366
847 19675
848 21266
849 23454
850 22571
851 24918
852 20258
853 24747
854 29753
855 20849
856 22998
857 27559
858 21192
859 24768
860 18707
861 24797
862 17614
863 19667
864 24748
865 28364
866 37396
867 27171
868 22451
869 26893
870 30978
871 24814
872 26996
873 22542
874 23420
875 25028
876 23224
877 24489
878 16132
879 20356
880 21515
881 17401
882 26674
883 19258
884 28267
885 23991
886 24172
887 28215
888 26611
889 22037
890 20455
891 19636
892 16526
893 20277
894 25459
895 25908
896 22921
897 24036
898 19904
899 21676
900 21768
901 17803
902 25700
903 25200
904 18959
905 24822
906 29290
907 19727
908 19657
909 20311
910 24836
911 24015
912 18618
913 25666
914 20033
915 18134
916 25463
917 27246
918 27562
919 23318
920 25885
921 25736
922 27024
923 15299
924 18256
925 27614
926 27058
927 15720
928 18802
929 26105
930 23483
931 26989
932 15986
933 20292
934 22323
935 28449
936 21779
937 18071
938 23307
939 16673
940 18899
941 23378
942 17460
943 26437
944 17886
945 23529
946 26251
947 16918
948 18936
949 26390
950 18478
951 18829
952 28163
953 25171
954 18335
955 23572
956 23775
957 19346
958 29392
959 19313
960 26191
961 14132
962 14645
963 20448
964 20517
965 30868
966 23443
967 18329
968 23588
969 25759
970 29390
971 29956
972 21360
973 23721
974 26769
975 17953
976 21688
977 19437
978 24181
979 15612
980 20365
981 21817
982 17217
983 24959
984 26193
985 20920
986 21628
987 27287
988 28775
989 24063
990 21095
991 24766
992 16428
993 22681
994 26610
995 25423
996 27735
997 20027
998 24265
999 28966
1000 27038
1001 27393
1002 16468
1003 20253
1004 26984
1005 21920
1006 20024
1007 27131
1008 20125
1009 22894
1010 23821
1011 23596
1012 23343
1013 23425
1014 20437
1015 22788
1016 17996
1017 22199
1018 21847
1019 21471
1020 16499
1021 25734
1022 25049
1023 26769
1024 25161
1025 16113
1026 20203
1027 21805
1028 23524
1029 25498
1030 19483
1031 23225
1032 22647
1033 23641
1034 20307
1035 22493
1036 24293
1037 25529
1038 26369
1039 19541
1040 22666
1041 22099
1042 26955
1043 18238
1044 22717
1045 21860
1046 24282
1047 24191
1048 28395
1049 20344
1050 26924
1051 26455
1052 17283
1053 21565
1054 23176
1055 20379
1056 27027
1057 23098
1058 23673
1059 24146
1060 32298
1061 20771
1062 22369
1063 21256
1064 15030
1065 30739
1066 34356
1067 24184
1068 28234
1069 23341
1070 24179
1071 20217
1072 24567
1073 16005
1074 23778
1075 14992
1076 25121
1077 22189
1078 32445
1079 20383
1080 29711
1081 21942
1082 29571
1083 24521
1084 25109
1085 20362
1086 24742
1087 26553
1088 25290
1089 20934
1090 32604
1091 23441
1092 15911
1093 23733
1094 29664
1095 24683
1096 24800
1097 23577
1098 23616
1099 20839
1100 23604
1101 24345
1102 22134
1103 21885
1104 18820
1105 29220
1106 22866
1107 25519
1108 23432
1109 23500
1110 20889
1111 19642
1112 28462
1113 21043
1114 17959
1115 23502
1116 19201
1117 18956
1118 22456
1119 25375
1120 24146
1121 23203
1122 27713
1123 24015
1124 27860
1125 22456
1126 23817
1127 25967
1128 26355
1129 17979
1130 26425
1131 26744
1132 22514
1133 25934
1134 23659
1135 24336
1136 20651
1137 26115
1138 23343
1139 21889
1140 20641
1141 21669
1142 23493
1143 25071
1144 22050
1145 13070
1146 22110
1147 17545
1148 19218
1149 22752
1150 24519
1151 20046
1152 25222
1153 25406
1154 20994
1155 19514
1156 22675
1157 26461
1158 21850
1159 27096
1160 22528
1161 27877
1162 21533
1163 19930
1164 22583
1165 23470
1166 22441
1167 26740
1168 14517
1169 24490
1170 21259
1171 17141
1172 26691
1173 19662
1174 29810
1175 20078
1176 22005
1177 26109
1178 27440
1179 26864
1180 14937
1181 25040
1182 18265
1183 19181
1184 22131
1185 25633
1186 27847
1187 18912
1188 20541
1189 27028
1190 24618
1191 26119
1192 19157
1193 30083
1194 19027
1195 21636
1196 18476
1197 14398
1198 26562
1199 25025
1200 21586
1201 19943
1202 16974
1203 21699
1204 25928
1205 18154
1206 17481
1207 24776
1208 31062
1209 21598
1210 22356
1211 22007
1212 18749
1213 28288
1214 23819
1215 25992
1216 22645
1217 24670
1218 22033
1219 21247
1220 21748
1221 30863
1222 22705
1223 23506
1224 27397
1225 27283
1226 22250
1227 26673
1228 24280
1229 24908
1230 18281
1231 29359
1232 25582
1233 24813
1234 26526
1235 25024
1236 27119
1237 21594
1238 23342
1239 30084
1240 24260
1241 20145
1242 19195
1243 23761
1244 20921
1245 25973
1246 20145
1247 31065
1248 27649
1249 24405
1250 22653
1251 21979
1252 18975
1253 22184
1254 22425
1255 23952
1256 24496
1257 25318
1258 25574
1259 26612
1260 24243
1261 24742
1262 20874
1263 22647
1264 22411
1265 13624
1266 21316
1267 26678
1268 17133
1269 23162
1270 19648
1271 18521
1272 23754
1273 17473
1274 17536
1275 23980
1276 28629
1277 23872
1278 23551
1279 22109
1280 20052
1281 16793
1282 25314
1283 25308
1284 23501
1285 22221
1286 22135
1287 32117
1288 30476
1289 23582
1290 19244
1291 25861
1292 26155
1293 29877
1294 24509
1295 28933
1296 21497
1297 22384
1298 23806
1299 26652
1300 20072
1301 23657
1302 29523
1303 21632
1304 24589
1305 24787
1306 26495
1307 28753
1308 25983
1309 18380
1310 19318
1311 23178
1312 20563
1313 26516
1314 27690
1315 21019
1316 22320
1317 21872
1318 28000
1319 18837
1320 19301
1321 21826
1322 16637
1323 21097
1324 23904
1325 24855
1326 18218
1327 24670
1328 19954
1329 15848
1330 19337
1331 20784
1332 26825
1333 27565
1334 20896
1335 21924
1336 21296
1337 25565
1338 27112
1339 17458
1340 27749
1341 23551
1342 21180
1343 15783
1344 25430
1345 21782
1346 21991
1347 21533
1348 26369
1349 29720
1350 18343
1351 17351
1352 22086
1353 21094
1354 24164
1355 26065
1356 23751
1357 27408
1358 23153
1359 18282
1360 23717
1361 21117
1362 21646
1363 23594
1364 20971
1365 20749
1366 24062
1367 21996
1368 22092
1369 25249
1370 24513
1371 28983
1372 24293
1373 24211
1374 20370
1375 25410
1376 19794
1377 24719
1378 25508
1379 22311
1380 23305
1381 24860
1382 29549
1383 15846
1384 18857
1385 20383
1386 20699
1387 20526
1388 27270
1389 22632

0 154 37 15
0 233 38 7
0 439 29 5
0 515 18 5
0 576 44 14
0 768 30 13
0 827 53 12
0 897 24 4
0 1100 11 9
0 1225 36 1
0 1238 4 13
1 157 42 15
1 650 54 12
1 880 45 9
2 93 8 4
2 181 2 7
2 366 31 6
2 378 45 11
2 681 55 4
2 687 8 9
2 834 53 9
2 953 43 14
2 1132 16 1
2 1144 41 13
3 359 25 12
3 459 56 3
3 482 44 10
3 499 29 4
3 721 51 8
3 899 23 4
3 973 32 2
3 1002 56 2
3 1038 59 6
3 1061 3 6
4 509 30 6
4 876 4 6
4 923 58 1
4 1222 13 12
5 441 13 11
5 574 59 5
5 800 45 13
5 837 25 4
5 890 27 7
5 1194 11 7
6 173 26 2
6 213 37 12
6 221 25 8
6 248 13 11
6 312 40 8
6 408 43 15
6 660 48 5
6 730 35 6
6 966 30 14
6 1187 5 3
7 40 56 1
7 428 55 8
7 517 26 8
7 555 40 5
7 640 47 5
7 915 37 14
8 105 24 8
8 456 56 10
8 1280 26 6
9 145 24 5
9 195 54 7
9 345 28 10
9 589 13 13
9 804 4 5
9 905 8 12
9 1100 50 15
9 1277 48 11
10 139 28 2
10 305 26 15
10 451 2 12
10 498 45 12
10 508 25 14
10 571 57 12
10 799 25 5
10 840 23 13
10 1087 50 3
10 1291 10 14
11 364 10 3
11 448 44 13
11 463 33 11
11 962 20 6
11 1002 45 15
11 1015 34 4
11 1178 42 10
11 1294 57 9
11 1332 28 7
11 1384 25 8
12 97 51 5
12 158 1 5
12 216 21 2
12 335 51 3
12 463 28 15
12 538 25 12
12 610 46 3
12 731 52 9
12 905 35 9
13 427 16 5
13 437 20 8
13 662 60 4
13 758 31 11
13 778 56 15
13 823 53 12
13 1346 27 14
14 128 57 6
14 178 45 11
14 324 22 10
14 901 37 3
14 955 24 5
14 1131 26 11
14 1298 40 6
15 113 13 8
15 187 58 2
15 248 5 1
15 422 30 6
15 530 56 2
15 938 9 5
15 1256 44 10
15 1322 10 15
15 1326 53 8
16 196 20 5
16 359 44 3
16 518 26 10
16 649 16 1
16 945 53 12
16 960 48 10
16 1064 38 8
16 1133 59 12
16 1303 17 13
17 27 33 3
17 61 31 1
17 305 45 9
17 322 55 7
17 619 12 3
17 859 23 11
17 866 14 2
17 898 4 12
17 967 46 10
17 1065 17 8
17 1305 49 13
18 283 44 8
18 326 14 9
18 365 46 15
18 395 31 11
18 994 47 14
18 1305 26 15
19 307 54 5
19 503 54 15
19 719 27 13
19 776 42 9
19 783 35 1
19 784 47 11
19 835 57 10
19 836 58 2
19 891 34 12
19 1092 33 13
20 46 11 14
20 48 18 7
20 67 13 5
20 328 13 9
20 590 54 14
20 921 56 5
20 951 40 9
20 957 45 8
20 1290 41 12
21 217 8 14
21 558 57 10
21 732 8 7
21 1047 21 3
21 1190 35 13
21 1370 42 6
22 598 56 8
22 685 29 7
22 700 1 4
22 901 36 5
22 1101 47 3
22 1105 21 7
22 1198 45 9
23 313 56 4
23 508 3 14
23 575 7 12
23 719 29 4
23 1379 56 13
23 1381 8 7
24 426 53 1
24 592 4 3
24 808 5 13
24 1001 39 11
24 1184 51 7
25 164 35 11
25 362 31 14
25 673 14 6
25 728 10 11
25 1003 42 4
25 1038 49 7
25 1083 3 5
25 1145 56 5
25 1149 20 12
25 1273 44 9
26 321 59 14
26 375 12 1
26 421 39 11
26 433 40 15
26 640 52 9
26 955 22 9
26 1028 42 5
26 1057 48 14
26 1081 5 7
26 1201 37 15
26 1305 46 4
27 56 54 3
27 209 46 15
27 408 59 5
27 1131 16 15
27 1194 44 13
28 192 52 11
28 461 19 4
28 1010 47 11
28 1051 9 9
28 1066 40 3
28 1347 43 6
29 310 50 8
29 831 48 11
29 851 43 9
29 973 51 4
29 1173 3 3
30 142 38 12
30 248 37 11
30 494 12 15
30 660 32 3
30 911 36 14
30 1098 58 10
30 1117 11 1
30 1183 14 9
30 1302 40 13
31 46 18 10
31 106 29 5
31 296 36 8
31 366 3 3
31 754 19 2
31 1123 36 13
31 1217 22 4
31 1244 42 6
31 1246 29 10
31 1318 49 13
32 40 13 9
32 85 46 6
32 287 34 2
32 414 30 12
33 298 7 14
33 389 20 10
33 694 30 3
33 834 37 1
33 956 34 11
33 1360 22 9
33 1362 2 4
34 434 53 6
34 964 5 6
34 1167 41 10
34 1211 10 1
34 1333 7 15
35 290 20 9
35 541 40 8
35 600 36 2
35 840 41 2
35 901 35 4
35 1086 43 12
35 1150 58 5
35 1193 24 9
36 96 45 5
36 128 17 5
36 190 4 4
36 266 58 1
36 370 11 10
36 473 7 5
36 513 39 11
36 550 13 4
36 601 41 8
36 653 33 6
36 734 23 1
36 754 17 12
36 897 24 15
36 1311 58 13
37 109 52 5
37 202 26 10
37 464 56 7
37 1213 53 6
37 1330 2 5
37 1338 45 14
38 524 27 15
38 677 46 1
38 774 45 9
38 1094 34 12
38 1095 17 11
38 1123 38 10
38 1128 24 7
39 697 24 15
39 703 37 1
39 798 17 13
39 882 9 14
39 1036 40 4
39 1092 5 6
39 1115 16 2
39 1297 36 10
39 1341 48 11
40 127 11 3
40 246 37 2
40 373 25 13
40 732 21 12
40 849 16 2
40 859 42 7
40 1350 55 7
41 92 4 6
41 172 53 12
41 429 29 13
41 655 29 14
41 664 10 5
41 997 20 13
42 498 18 10
42 823 58 6
42 832 47 13
42 895 1 8
42 951 6 15
42 1090 54 4
42 1187 60 2
42 1308 59 6
43 895 40 3
43 916 1 13
43 1055 2 9
43 1265 52 12
43 1380 45 5
44 211 5 6
44 306 35 12
44 822 44 6
44 911 59 9
44 1164 45 4
44 1355 34 15
45 61 52 13
45 175 60 12
45 180 32 14
45 285 46 14
45 286 33 13
45 360 49 8
45 498 47 6
45 543 4 15
45 601 33 3
45 1368 1 9
46 158 17 6
46 221 23 3
46 321 13 12
46 359 59 1
46 425 32 5
46 571 16 9
46 795 16 12
46 806 56 2
46 1226 12 10
46 1268 19 15
46 1377 27 4
47 212 40 14
47 273 55 3
47 874 10 6
47 1023 39 1
47 1044 3 4
48 142 41 14
48 252 11 4
48 373 57 5
48 1319 58 3
49 206 19 15
49 525 47 1
49 1058 5 15
49 1070 23 5
49 1175 33 10
49 1249 6 13
50 87 13 6
50 248 58 8
50 449 24 14
50 475 44 10
50 610 39 3
50 696 43 1
50 932 48 12
50 933 51 2
50 1138 18 10
50 1360 46 11
51 352 36 9
51 416 8 12
51 578 51 8
51 586 33 15
51 716 29 1
51 755 20 8
51 1042 59 9
51 1229 19 12
51 1254 33 1
52 282 42 5
52 568 4 14
52 598 20 3
52 615 35 8
52 771 29 5
52 809 37 8
52 1036 35 5
52 1045 16 15
52 1151 60 3
52 1275 33 12
53 62 8 4
53 76 19 5
53 750 8 4
53 755 9 1
53 997 52 15
53 1026 39 7
53 1310 27 5
54 56 27 1
54 163 18 14
54 251 56 8
54 308 22 1
54 372 45 13
54 558 12 14
54 1145 31 14
54 1153 13 3
55 258 57 7
55 310 3 5
55 775 37 14
55 1202 7 14
55 1273 43 13
55 1365 44 7
56 120 23 9
56 235 50 11
56 549 8 12
56 773 19 3
56 797 10 1
56 970 5 1
57 92 7 12
57 244 27 5
57 922 58 9
57 1053 14 5
57 1084 58 7
57 1108 30 3
57 1114 60 6
57 1176 21 15
57 1366 55 15
58 228 58 15
58 551 33 15
58 1123 36 8
58 1228 53 13
59 292 45 8
59 416 6 15
59 431 15 6
59 536 46 7
59 684 24 11
59 979 31 12
59 1031 11 5
59 1113 25 14
59 1140 7 10
59 1146 28 13
59 1307 23 9
59 1343 37 3
59 1367 25 15
60 355 19 4
60 788 16 12
60 856 54 2
60 875 52 7
60 951 22 9
60 956 59 3
60 1222 13 15
60 1249 33 1
60 1265 38 15
61 214 46 10
61 374 28 10
61 626 3 11
61 767 5 2
61 932 1 12
61 1070 48 12
61 1278 33 5
61 1331 40 7
62 233 18 13
62 366 12 8
62 395 3 9
62 648 26 10
62 698 56 15
62 716 60 6
62 835 16 14
63 136 58 6
63 263 20 14
63 319 50 3
63 394 9 11
63 458 10 1
63 579 26 5
63 606 39 5
63 627 30 1
63 969 20 12
63 995 9 10
63 1205 45 5
64 367 28 14
64 424 7 10
64 555 40 9
64 600 23 9
64 654 48 9
64 980 52 3
64 1365 57 13
65 121 18 12
65 272 24 14
65 413 38 8
65 1209 54 12
65 1253 22 1
65 1369 55 2
66 253 48 9
66 533 15 6
66 600 1 5
66 753 18 3
66 766 6 7
66 1004 23 4
66 1091 43 6
66 1129 36 12
66 1258 53 12
66 1304 37 3
66 1349 38 8
67 259 38 3
67 332 35 8
67 613 36 6
67 947 51 4
67 1302 58 8
67 1382 52 11
68 150 49 4
68 234 48 12
68 805 40 7
68 1080 17 3
68 1195 37 14
69 328 1 15
69 592 57 1
69 654 22 9
69 863 29 9
69 1015 21 14
69 1153 25 11
69 1318 20 15
69 1326 18 9
69 1375 2 13
70 448 51 1
70 588 12 13
70 742 8 5
70 748 19 6
70 859 22 5
70 1089 40 15
70 1198 57 5
70 1323 29 11
71 112 28 4
71 135 14 14
71 156 9 1
71 427 48 9
71 789 13 15
71 849 22 5
71 1132 47 2
71 1355 3 8
72 339 7 10
72 746 44 8
72 1232 36 15
72 1315 7 7
73 147 42 1
73 170 46 3
73 465 42 2
73 478 54 13
73 479 4 3
73 1004 34 6
74 102 38 2
74 391 51 12
74 497 47 3
74 927 50 10
74 1048 28 11
74 1314 46 12
74 1386 23 15
75 397 43 10
75 542 38 9
75 860 20 4
75 977 44 2
75 1130 57 14
75 1227 3 9
76 193 24 15
76 208 56 3
76 252 2 13
76 420 21 3
76 465 11 9
76 788 13 15
76 797 17 1
76 839 10 4
76 867 34 7
76 932 25 9
76 1109 42 10
76 1213 17 3
76 1331 50 11
76 1358 24 14
77 423 3 3
77 458 42 2
77 470 37 12
77 618 25 3
77 640 51 4
77 1370 40 6
78 154 6 14
78 369 44 15
78 612 6 6
78 808 45 6
78 995 47 4
78 1141 53 14
78 1259 29 5
78 1326 9 4
79 117 54 12
79 199 40 3
79 210 14 7
79 467 1 2
79 478 18 1
79 904 27 13
79 961 34 4
79 1208 30 15
79 1235 35 10
79 1361 51 2
80 188 35 12
80 281 57 12
80 719 46 12
80 1115 10 2
80 1329 12 6
81 397 51 8
81 400 34 6
81 466 54 8
81 617 33 2
81 817 13 9
81 1035 18 8
82 119 13 5
82 560 8 14
82 572 55 15
82 744 56 10
82 959 22 6
82 1095 56 15
82 1274 49 10
82 1290 51 11
82 1313 43 8
82 1317 23 10
83 392 49 10
84 355 36 9
84 503 8 2
84 610 52 2
84 618 1 9
84 683 7 3
84 835 50 5
84 883 15 1
85 97 50 4
85 111 57 8
85 215 11 3
85 279 17 13
85 425 15 4
85 585 42 2
85 1118 1 14
85 1187 9 14
86 207 11 14
86 262 52 6
86 278 7 2
86 354 46 13
86 359 54 6
86 449 41 2
86 485 23 2
86 745 48 10
86 1025 7 4
86 1175 8 9
86 1375 55 4
87 820 14 1
87 857 19 1
87 1056 56 11
87 1150 37 4
88 543 35 13
88 635 24 2
88 637 33 15
88 1158 39 4
89 294 19 5
89 457 11 6
89 520 6 7
89 549 52 14
89 632 35 2
89 1099 7 9
90 129 45 11
90 460 26 14
90 525 21 9
90 559 19 5
90 679 32 15
90 807 50 3
90 831 18 7
90 891 55 9
90 1079 43 6
90 1141 60 2
90 1160 60 3
90 1242 21 4
90 1285 14 2
91 130 9 3
91 168 34 11
91 371 19 9
91 480 59 6
91 485 22 7
91 717 2 9
91 886 38 8
91 921 24 15
91 1161 45 8
92 120 54 5
92 150 53 1
92 292 56 14
92 741 12 7
92 1040 24 3
92 1086 1 9
92 1244 54 10
93 412 12 13
93 584 12 4
93 622 47 6
93 631 5 15
93 754 57 15
93 1082 2 6
93 1214 20 14
93 1217 55 5
93 1306 7 12
93 1309 30 3
94 168 2 4
94 289 27 13
94 333 12 15
94 362 43 11
94 405 13 6
94 494 28 1
94 631 13 4
94 1120 20 9
94 1236 40 12
94 1264 15 3
95 112 50 3
95 217 37 6
95 357 5 8
95 549 46 11
95 570 5 13
95 584 60 14
95 995 1 13
95 1080 49 14
95 1134 16 5
95 1307 60 6
95 1310 41 3
95 1312 11 10
96 168 42 2
96 299 34 6
96 349 15 14
96 470 58 6
96 621 4 8
96 748 4 3
96 772 24 10
96 920 29 10
97 205 40 2
97 206 25 9
97 474 54 10
97 582 43 9
97 649 56 14
97 747 49 1
97 766 13 11
97 982 37 11
97 1295 3 2
97 1312 41 13
97 1354 51 2
98 364 34 1
98 418 18 8
98 430 40 11
98 526 47 13
98 748 55 13
98 794 43 11
98 983 30 11
98 1169 35 10
99 528 10 6
99 609 4 11
99 637 49 9
99 948 34 15
99 975 12 11
99 1121 52 3
99 1295 28 6
100 127 22 11
100 542 53 15
100 828 27 12
100 1027 59 10
100 1029 17 3
100 1311 54 8
101 237 55 6
101 367 21 15
101 1028 6 1
101 1245 43 14
101 1246 48 5
102 168 44 11
102 180 46 9
102 187 28 14
102 836 19 7
102 1242 53 2
102 1354 1 1
103 303 27 10
103 410 33 14
103 434 8 8
103 476 57 13
103 1364 39 1
104 130 4 13
104 186 13 14
104 225 2 9
104 416 54 3
104 583 12 3
104 614 14 7
104 880 21 13
104 1084 59 6
104 1185 51 8
104 1215 43 8
104 1357 18 13
104 1359 46 13
105 142 20 10
105 351 22 14
105 353 23 5
105 429 18 4
105 567 26 4
105 646 30 7
105 1129 29 2
105 1246 48 15
105 1248 46 1
106 287 55 3
106 302 8 6
106 406 33 8
106 580 11 10
106 655 8 9
106 717 11 3
106 861 28 2
106 942 58 3
106 1026 20 3
106 1164 51 3
106 1258 25 7
106 1298 60 7
106 1368 39 11
106 1370 51 10
107 496 22 13
107 791 25 12
107 1019 51 5
108 504 36 2
108 655 39 10
108 910 45 10
108 1114 4 4
108 1140 53 9
108 1149 14 5
109 411 1 1
109 421 60 2
109 695 53 15
109 754 42 12
109 1146 49 14
109 1248 36 14
110 259 25 4
110 348 41 14
110 410 30 7
110 598 26 8
110 897 37 10
110 994 32 6
110 1203 50 3
110 1253 1 1
111 120 43 5
111 355 35 1
111 640 16 15
111 646 34 2
111 1049 48 7
111 1081 38 13
111 1111 16 1
111 1116 35 5
111 1232 32 8
112 348 34 6
112 444 12 15
112 517 27 10
112 619 44 7
112 637 16 2
112 1164 2 9
113 328 46 12
113 746 25 9
113 903 43 7
114 474 30 5
114 718 44 15
114 743 53 4
114 839 39 3
114 981 49 10
114 1002 45 7
114 1024 38 6
114 1372 7 4
115 473 15 2
115 751 40 5
115 824 4 1
115 941 19 3
115 945 7 4
115 977 21 14
115 1029 13 9
115 1268 19 9
115 1293 22 10
116 230 42 4
116 283 44 1
116 342 50 1
116 377 57 7
116 418 12 2
116 420 44 9
116 537 34 12
116 693 29 4
116 864 53 13
116 975 41 4
116 992 55 13
116 1302 33 9
117 268 34 13
117 309 30 13
117 580 4 12
117 669 24 7
117 752 60 8
117 791 21 6
117 831 40 1
117 1219 4 15
117 1364 32 11
118 140 59 5
118 197 48 3
118 323 5 5
118 499 35 14
118 802 32 1
118 811 45 6
118 857 42 9
119 262 22 12
119 629 51 4
119 703 39 5
119 858 29 1
119 940 42 3
119 1214 57 9
119 1257 42 5
119 1297 14 12
120 132 18 6
120 193 27 5
120 194 3 9
120 285 29 6
120 317 2 5
120 327 42 3
120 585 60 10
120 815 55 11
120 1002 26 6
120 1025 23 13
120 1294 2 13
121 686 14 12
121 689 50 14
121 1023 53 7
121 1188 2 9
121 1334 15 7
121 1387 13 15
122 254 26 9
122 466 28 13
122 559 34 4
122 575 23 10
123 255 33 2
123 676 1 13
123 701 15 2
123 702 55 15
123 837 23 7
123 1126 51 4
123 1166 7 6
123 1258 29 4
124 234 46 5
124 266 49 5
124 368 10 2
124 441 16 10
124 567 17 6
124 598 31 4
124 658 11 4
124 750 10 9
124 828 17 9
124 859 58 7
124 1009 58 12
124 1019 29 8
124 1125 5 14
125 366 30 13
125 404 35 15
125 544 50 4
125 587 38 10
125 787 7 1
125 839 49 9
125 1063 3 5
126 216 38 12
126 221 4 15
126 335 23 5
126 430 32 4
126 665 60 13
126 685 47 2
126 718 14 3
126 1112 21 2
126 1360 49 7
126 1385 41 7
127 745 52 7
127 886 40 1
127 1018 22 7
127 1077 58 9
127 1117 56 4
127 1170 9 12
127 1209 55 10
128 434 52 9
128 604 41 12
128 788 32 1
128 893 47 13
128 940 16 15
128 970 51 11
128 1022 8 5
129 480 32 3
129 941 31 12
129 974 34 4
129 1002 41 3
129 1162 58 4
129 1195 16 4
130 181 38 14
130 234 25 2
130 632 36 6
130 810 11 8
130 869 57 12
130 899 8 3
130 1317 16 10
130 1350 49 5
131 320 24 3
131 855 41 7
131 960 28 14
131 1039 17 13
132 164 51 12
132 684 16 4
132 1287 32 7
132 1374 57 11
133 198 58 1
133 207 38 13
133 213 60 13
133 389 2 11
133 514 35 6
133 743 33 13
133 773 15 5
133 1011 32 11
133 1228 56 4
134 532 55 3
134 540 37 4
134 595 57 1
134 667 39 5
134 702 22 14
134 754 49 9
135 184 27 9
135 241 23 3
135 335 10 2
135 573 28 7
135 592 34 11
135 829 5 4
135 922 59 12
135 965 38 13
135 1098 11 13
135 1156 59 7
135 1184 43 7
135 1356 44 8
136 232 11 11
136 236 24 6
136 286 28 8
136 309 31 12
136 331 42 13
136 364 1 15
136 626 9 12
136 894 15 3
136 1311 44 13
137 301 27 9
137 344 51 15
137 354 14 11
137 462 2 12
137 730 5 13
137 964 44 7
137 1109 6 3
137 1200 47 11
137 1243 12 7
137 1314 57 15
137 1347 45 3
138 586 6 4
138 663 36 12
138 959 1 12
138 1168 56 7
139 368 57 8
139 732 24 4
139 953 2 14
139 1056 42 2
139 1138 17 12
139 1299 2 12
139 1371 22 14
140 189 24 4
140 208 53 8
140 311 6 12
140 317 25 14
140 403 19 14
140 894 58 13
141 190 56 4
141 340 14 3
141 632 45 11
141 987 23 11
141 1119 52 10
141 1261 3 3
142 249 25 7
142 405 10 1
142 433 14 15
142 682 49 15
142 736 43 1
142 762 19 10
142 866 41 6
142 1101 43 6
143 188 36 15
143 314 5 1
143 386 20 5
143 604 43 14
143 863 10 2
143 1161 40 2
143 1285 33 5
144 172 44 5
144 394 5 15
144 1088 7 14
144 1209 21 2
144 1211 26 11
144 1331 44 6
145 270 4 12
145 302 52 10
145 318 6 13
145 354 1 15
145 477 20 7
145 491 48 3
145 566 42 13
145 624 24 8
145 658 39 6
145 696 28 13
145 1089 33 2
145 1155 24 8
146 305 42 8
146 473 32 11
146 732 31 10
146 1220 29 3
147 380 23 3
147 487 26 7
147 1177 23 9
147 1223 25 3
147 1283 58 2
148 159 54 4
148 296 49 8
148 414 51 8
148 426 34 7
148 429 18 15
148 454 60 2
148 828 29 6
148 1035 46 2
148 1129 43 1
148 1278 10 1
149 177 45 9
149 242 44 9
149 416 35 10
149 828 49 9
149 1025 27 7
149 1071 45 6
150 374 16 13
150 398 9 7
150 518 55 10
150 702 28 7
150 731 22 8
150 759 29 5
150 846 44 9
150 861 40 12
150 917 48 2
150 937 60 13
150 953 22 8
150 1014 60 11
150 1033 12 9
150 1293 6 8
150 1340 38 14
151 234 58 7
151 512 25 2
151 575 30 2
151 593 54 4
151 616 55 2
151 676 49 3
151 1324 50 14
151 1342 4 14
152 390 44 12
152 523 60 12
152 585 31 5
152 613 14 1
152 667 5 10
152 679 50 1
152 1075 14 3
152 1243 30 15
153 347 59 10
153 481 48 2
153 506 41 2
153 957 42 7
153 1018 50 8
153 1040 12 13
153 1095 59 2
154 297 38 13
154 578 30 3
154 652 17 12
154 679 36 15
154 934 30 11
154 947 53 6
154 1144 51 8
155 260 10 8
155 359 26 3
155 419 1 15
155 644 7 13
155 883 17 9
155 1049 1 3
155 1366 33 2
156 398 11 1
156 536 25 14
156 570 38 5
156 720 23 13
156 755 6 9
156 981 18 6
156 988 49 13
156 1359 53 14
157 220 31 2
157 284 53 8
157 488 27 11
157 818 31 9
157 822 11 2
157 835 13 4
157 1351 23 3
158 266 41 6
158 1080 45 14
158 1306 6 3
159 274 60 14
159 462 32 15
159 658 41 2
159 672 35 8
159 861 15 7
159 1265 2 11
159 1269 4 11
160 329 25 10
160 337 56 2
160 385 2 9
160 405 54 1
160 688 12 2
160 937 11 5
160 975 59 5
160 1069 60 6
160 1364 30 10
161 350 13 9
161 400 59 8
161 536 52 9
161 704 54 15
161 720 52 7
161 859 36 9
161 877 25 4
161 1151 4 13
161 1174 40 8
161 1255 32 14
162 349 27 3
162 435 55 10
162 491 24 11
162 750 47 2
162 773 44 9
162 945 44 8
162 1075 3 13
162 1179 35 13
163 891 60 8
163 978 59 12
163 1008 26 12
163 1271 38 10
164 473 24 11
164 496 23 11
164 757 30 2
164 881 18 12
164 892 11 8
164 959 33 9
164 1133 9 8
165 244 11 6
165 364 22 1
165 713 60 15
165 911 26 7
165 1008 60 7
165 1153 28 6
165 1255 51 4
165 1268 21 7
166 733 36 11
166 914 31 12
166 1090 53 2
166 1189 43 6
166 1252 60 14
166 1327 17 15
166 1328 50 11
167 830 42 5
167 902 60 15
167 954 1 14
167 1025 6 5
167 1036 24 4
167 1274 28 11
168 214 48 8
168 434 12 5
168 591 29 10
168 618 1 7
168 647 24 8
168 935 20 6
169 182 18 2
169 233 9 6
169 436 10 4
169 1255 42 15
170 211 6 2
170 257 7 13
170 326 54 11
170 742 58 12
170 1042 8 14
171 308 11 10
171 388 35 8
171 485 49 1
172 274 29 5
172 564 10 3
172 831 17 13
172 1060 18 15
172 1270 9 3
172 1293 30 15
173 232 59 12
173 252 28 14
173 311 11 2
173 650 6 5
173 664 55 3
173 996 31 15
173 1012 10 8
174 308 2 8
174 363 22 6
174 428 15 8
174 478 10 10
174 533 30 9
174 684 52 1
174 804 39 12
174 957 52 9
174 1029 43 7
175 450 44 5
175 866 57 4
175 977 14 10
175 1069 40 9
175 1156 28 6
176 326 48 12
176 407 50 2
176 549 23 13
176 579 30 14
176 607 4 15
176 622 48 14
176 1014 8 7
177 214 51 11
177 394 3 5
177 561 2 11
177 626 43 6
177 1223 34 15
177 1231 51 14
178 279 18 5
178 329 27 2
178 490 25 8
178 586 2 5
178 1085 8 8
178 1154 28 13
178 1170 55 5
178 1288 35 6
179 242 51 11
179 277 25 10
179 526 12 1
179 798 25 15
179 845 25 4
179 929 35 10
179 936 34 8
179 1053 40 5
180 261 40 4
180 554 40 6
180 1010 27 7
180 1022 31 4
180 1025 51 11
180 1174 35 9
180 1318 17 13
181 329 38 11
181 394 18 10
181 417 47 12
181 580 29 3
181 913 41 13
182 218 17 13
182 315 14 11
182 522 2 2
182 865 36 3
182 966 36 8
182 1211 13 5
182 1303 40 6
183 259 51 13
183 289 60 15
183 700 33 14
183 795 4 9
183 1093 1 9
184 286 15 14
184 313 40 9
184 334 46 12
184 947 5 10
184 1101 8 15
185 233 27 11
185 341 27 1
185 644 44 12
185 663 47 7
185 782 2 3
185 852 1 15
185 925 43 15
186 203 48 9
186 713 10 3
186 892 46 1
186 1075 20 10
186 1207 27 6
187 396 15 3
187 570 32 14
187 1357 29 2
188 442 12 5
188 571 17 14
188 752 5 8
188 788 22 11
188 1135 4 10
188 1169 36 6
188 1295 54 9
188 1331 14 12
189 614 4 10
189 936 17 2
189 1011 53 1
189 1086 46 14
189 1199 30 3
189 1226 24 13
189 1299 30 2
189 1325 56 3
190 284 11 6
190 368 14 6
190 373 35 13
190 1023 32 12
190 1045 5 1
190 1225 57 9
191 261 29 14
191 929 49 9
191 1114 38 14
191 1239 44 7
191 1275 43 6
192 226 60 15
192 504 5 5
192 597 57 12
192 738 2 15
192 739 43 13
192 1093 53 3
193 199 11 6
193 382 56 10
193 414 38 15
193 500 36 10
193 566 4 4
193 852 48 15
193 890 51 3
193 1134 5 3
193 1196 57 7
193 1226 39 6
194 205 39 14
194 288 15 15
194 353 23 12
194 503 40 7
194 573 7 4
194 654 44 12
194 771 23 11
194 839 45 4
194 996 4 14
194 1005 32 7
194 1065 20 2
195 302 38 10
195 752 36 3
195 1248 12 7
196 861 45 10
196 1053 7 6
196 1323 52 3
197 527 48 8
197 559 17 1
197 926 56 3
198 218 33 9
198 265 33 6
198 304 2 6
198 512 28 1
198 658 11 1
198 816 12 9
198 956 20 9
198 1051 52 2
198 1136 49 14
198 1189 17 8
199 209 56 14
199 298 53 15
199 313 34 6
199 589 8 9
199 610 18 15
199 650 12 12
199 769 50 13
199 868 39 9
199 1104 12 9
200 251 45 11
200 330 46 5
200 591 9 6
200 829 4 4
200 857 20 15
200 985 14 15
200 1033 30 9
201 352 40 10
201 356 54 7
201 502 58 3
201 630 44 5
201 745 29 15
201 817 15 13
201 976 33 7
201 1004 43 3
201 1033 10 11
201 1174 7 12
202 706 34 11
202 761 23 12
202 860 18 14
202 864 48 12
202 890 57 10
202 1268 37 5
202 1285 3 5
203 494 51 10
203 1189 43 1
204 581 30 11
204 900 53 7
204 949 35 9
204 1058 48 5
204 1062 18 10
204 1137 2 13
204 1142 57 1
204 1223 31 3
204 1253 29 6
205 220 20 15
205 228 5 5
205 240 4 3
205 462 58 15
205 478 21 10
205 587 55 6
205 711 48 13
205 921 44 9
205 1052 24 11
205 1145 25 4
205 1275 30 7
205 1384 56 2
206 228 53 7
206 256 14 12
206 394 60 6
206 475 44 6
206 851 44 13
206 994 40 13
206 998 4 1
206 1216 27 4
206 1218 33 3
207 282 38 11
207 615 57 3
207 842 13 12
207 917 13 14
207 957 28 8
207 1046 34 7
207 1276 26 1
207 1380 50 2
208 696 42 11
208 1009 31 1
208 1284 28 5
209 563 29 12
209 870 11 12
209 1255 22 5
209 1368 52 2
210 531 14 7
210 543 40 15
210 625 41 2
211 249 54 2
211 269 26 6
211 423 53 11
211 665 57 8
211 857 40 2
211 956 56 4
211 986 49 1
211 1136 41 4
211 1225 15 3
211 1285 43 14
211 1332 37 3
212 229 1 11
212 235 54 12
212 311 59 15
212 385 14 11
212 459 47 15
212 492 7 4
212 672 41 9
212 880 45 3
212 1027 24 4
212 1123 11 13
213 433 10 4
213 600 35 11
213 930 28 8
213 1109 14 7
213 1156 14 11
213 1342 25 3
214 683 37 12
214 821 44 14
214 832 19 5
214 903 51 13
214 967 17 5
214 1350 37 13
215 307 55 12
215 714 8 4
215 745 43 7
215 905 17 3
215 1150 42 1
216 345 10 11
216 526 36 9
216 869 29 5
216 961 30 9
216 973 57 4
216 1034 19 12
216 1189 45 11
217 470 46 5
217 628 1 7
217 921 40 15
217 1325 35 9
217 1335 46 2
217 1376 2 7
218 349 10 13
218 354 50 4
218 458 3 5
218 516 21 3
218 719 30 8
218 1138 7 12
218 1231 57 10
218 1293 38 15
218 1345 22 10
219 284 40 2
219 592 10 15
219 813 38 8
219 1108 4 9
220 659 56 12
220 879 47 8
220 1045 48 15
220 1281 6 11
221 298 33 4
221 400 49 5
221 511 56 8
221 744 47 8
221 1086 54 7
221 1099 36 4
222 461 5 3
222 476 48 5
222 488 13 12
222 549 15 8
222 643 12 14
222 661 40 10
222 732 32 10
222 883 6 5
222 1139 24 2
222 1326 50 9
223 365 34 5
223 383 39 2
223 580 35 5
223 1054 30 11
223 1073 36 1
223 1162 54 2
223 1264 34 10
224 362 59 6
224 1011 10 3
226 557 15 3
226 664 47 10
226 674 58 15
226 719 22 12
226 872 19 9
226 904 37 3
226 933 29 7
226 991 31 7
226 996 48 12
226 1077 28 14
226 1122 6 9
227 400 22 7
227 583 60 9
227 910 14 11
228 250 35 9
228 637 8 11
228 854 17 2
228 986 7 8
228 1173 25 4
228 1175 38 10
228 1179 39 2
228 1316 27 2
228 1360 30 9
229 586 9 4
229 662 24 10
229 714 50 2
229 724 42 7
229 830 54 13
229 1119 23 9
229 1307 33 10
230 320 41 12
230 574 14 15
230 693 24 6
230 793 20 5
230 832 9 13
230 991 2 15
230 1190 15 12
230 1352 47 7
230 1377 60 5
231 232 33 8
231 521 33 9
231 968 20 12
231 1112 54 10
231 1123 11 5
231 1382 36 15
232 387 4 4
232 564 49 2
232 589 11 2
232 617 13 6
232 658 34 15
232 907 37 1
232 913 34 5
232 1022 50 7
232 1269 9 11
233 254 17 12
233 290 24 3
233 674 33 1
233 869 8 14
233 977 13 10
234 724 4 4
234 808 46 11
234 1215 11 4
234 1389 30 9
235 395 33 15
235 409 22 12
235 449 23 15
235 459 17 8
235 615 19 9
235 840 5 9
235 936 51 2
235 1068 22 13
235 1362 39 13
236 399 35 8
236 524 38 10
236 622 47 2
236 635 47 11
236 678 26 14
236 1287 2 7
236 1312 10 15
237 762 13 1
237 996 13 11
237 1215 20 8
238 349 7 10
238 439 4 12
238 467 56 14
238 523 49 10
238 581 55 3
238 834 53 2
238 900 52 4
238 1004 17 7
238 1028 26 5
238 1098 37 12
239 352 2 11
239 397 48 15
239 635 47 10
239 857 55 9
239 867 42 11
240 477 20 9
240 782 34 15
240 1225 41 3
240 1349 48 3
241 486 43 6
241 499 31 15
241 507 33 7
241 611 55 5
241 720 45 2
241 1016 37 15
241 1251 43 12
241 1379 32 3
242 387 58 8
242 579 32 4
242 644 51 10
242 816 18 2
242 940 44 3
242 979 40 1
242 1167 19 5
242 1324 42 3
243 713 17 10
243 865 52 9
243 1099 51 14
243 1167 20 12
243 1246 48 13
244 490 55 13
244 800 52 4
244 920 43 3
244 1382 44 9
245 1270 28 4
245 1288 10 9
246 274 30 9
246 356 34 8
246 367 50 8
246 455 1 15
246 581 17 12
246 614 58 13
246 927 27 10
246 1061 46 5
246 1240 49 9
247 597 56 12
247 725 31 2
247 809 32 1
247 928 7 11
247 1069 31 2
247 1338 8 13
248 254 1 1
248 650 48 6
248 804 52 1
248 1103 33 14
248 1274 29 11
248 1318 58 3
249 317 3 8
249 375 29 14
249 793 28 11
249 811 42 1
249 855 3 4
249 872 30 9
249 1080 29 9
249 1134 50 2
249 1201 9 13
249 1325 34 14
250 343 6 8
250 380 48 13
250 383 32 1
250 514 8 12
250 755 45 4
250 932 16 6
250 1055 23 1
250 1085 39 5
250 1159 3 13
251 259 42 8
251 320 20 8
251 468 4 10
251 942 43 4
251 1310 18 15
251 1328 37 3
251 1331 42 7
252 314 56 10
252 435 6 9
252 438 9 15
252 599 54 8
252 742 3 5
252 1305 49 5
252 1341 41 1
252 1366 5 15
253 524 6 1
253 525 36 9
253 789 34 9
253 839 51 1
253 933 22 3
253 1043 8 4
253 1067 12 5
253 1380 48 2
254 391 38 1
254 556 12 9
254 562 56 11
254 638 39 9
255 442 10 3
255 513 38 10
255 711 4 9
255 1109 17 4
255 1387 5 12
256 300 49 10
256 542 14 15
256 557 43 7
256 619 23 6
256 664 33 2
256 856 29 9
256 1377 42 7
257 516 51 5
257 685 20 8
257 997 43 11
257 1001 49 14
257 1093 54 9
257 1242 33 4
258 361 55 10
258 371 45 13
258 376 39 9
258 608 55 13
258 758 32 15
258 772 42 7
258 846 36 15
258 860 45 4
258 992 13 11
258 1037 20 4
258 1077 1 11
258 1370 21 10
259 299 45 9
259 646 22 2
259 1148 8 10
259 1303 30 5
259 1386 51 1
260 305 2 8
260 365 16 12
260 447 7 4
260 828 44 12
260 901 37 14
260 1021 28 15
261 472 48 5
261 611 30 13
261 622 19 15
261 1171 51 3
262 588 46 5
262 708 10 2
262 720 39 11
262 1176 33 7
262 1192 38 14
262 1305 24 8
262 1318 52 3
263 266 54 5
263 433 13 10
263 436 31 4
263 863 26 9
263 890 25 7
263 962 40 2
263 1172 56 13
264 377 59 12
264 389 57 7
264 594 60 10
264 718 8 14
264 729 30 12
264 930 34 1
265 1244 55 5
266 343 18 1
266 476 55 3
266 490 14 10
266 595 46 15
266 707 6 13
266 764 6 10
266 1104 28 11
266 1236 14 2
266 1387 12 8
267 334 52 14
267 750 29 4
267 943 57 12
267 1234 27 7
267 1328 47 4
268 711 16 9
268 922 36 3
268 1245 55 3
269 380 25 7
269 529 34 9
269 624 35 7
269 777 13 6
269 945 22 15
269 1022 24 6
269 1087 8 11
269 1218 36 15
270 619 52 4
270 673 47 1
270 790 47 9
270 906 11 4
270 1050 24 12
270 1078 41 9
271 494 40 4
271 1045 33 8
272 458 46 11
272 570 54 14
272 602 20 12
272 797 40 13
272 803 51 2
272 889 55 13
272 1208 22 8
273 382 10 3
273 619 31 15
273 1048 33 12
273 1346 35 11
274 285 19 3
274 506 16 9
274 507 26 15
274 557 42 5
274 724 7 9
274 1028 39 7
274 1143 8 4
275 603 4 15
275 747 38 4
275 993 26 14
275 1317 32 11
276 455 6 11
276 676 35 12
276 1178 23 7
276 1204 48 9
276 1265 40 5
276 1266 5 11
277 390 10 1
277 425 33 3
277 635 50 10
277 884 59 15
277 1046 55 9
277 1113 18 12
277 1350 41 14
278 324 11 14
278 757 22 14
278 1207 23 1
278 1226 18 12
279 541 53 14
279 750 21 1
279 842 24 15
279 1102 57 13
279 1202 34 5
280 779 38 2
280 827 45 13
280 927 34 14
280 1025 17 7
280 1028 1 4
280 1205 31 14
280 1248 12 4
281 313 57 9
281 363 55 11
281 391 5 3
281 620 58 3
281 661 24 11
281 915 11 2
281 1008 3 10
281 1225 45 9
281 1269 34 10
281 1329 32 7
282 535 49 3
282 861 25 5
282 953 55 15
282 1223 20 15
282 1226 30 1
282 1319 1 15
282 1377 31 9
283 541 20 9
283 726 29 8
283 815 29 6
283 934 30 8
283 1220 40 11
284 626 40 1
284 834 57 2
284 1173 60 9
284 1299 38 13
284 1300 48 4
285 304 20 11
285 427 57 9
285 489 47 4
285 744 59 9
285 943 16 2
285 1077 43 9
285 1336 13 5
286 433 3 2
286 505 26 4
286 936 56 2
286 1081 20 1
286 1163 25 9
287 291 12 11
287 585 44 13
287 661 49 7
287 1008 21 3
287 1115 43 1
287 1246 37 14
288 482 20 8
288 563 29 11
288 663 41 8
288 827 36 14
288 912 45 3
288 936 10 10
288 1139 12 5
288 1159 55 12
289 330 19 14
289 384 14 15
289 504 15 12
289 727 35 8
289 828 37 5
289 839 1 11
289 1086 50 5
289 1319 25 12
290 714 42 13
290 841 31 2
290 934 34 2
290 1066 41 15
290 1156 54 5
291 396 50 5
291 482 25 14
291 579 23 8
291 971 26 7
291 1119 8 13
291 1173 51 8
291 1194 26 13
292 323 39 4
292 352 58 15
292 440 44 8
292 710 57 9
292 764 45 13
292 876 58 11
292 882 22 9
292 914 12 14
292 1115 56 10
292 1252 46 2
293 300 37 7
293 740 38 4
293 803 56 11
293 808 32 14
293 851 50 1
293 1038 20 15
294 895 33 7
294 905 13 8
294 1089 60 10
294 1200 31 15
294 1232 38 3
295 436 39 13
295 573 36 14
295 651 21 12
295 680 8 14
295 913 19 1
295 932 8 12
295 1007 43 1
295 1064 38 8
295 1170 40 11
296 375 32 9
296 388 12 9
296 624 50 11
296 703 15 15
296 707 54 9
296 960 45 3
296 1001 12 15
296 1152 16 6
296 1166 13 6
296 1198 48 6
296 1245 4 14
296 1251 49 13
296 1333 47 9
297 396 48 8
297 852 19 10
297 864 17 9
297 1054 24 13
297 1174 35 15
297 1365 16 15
298 363 10 10
298 395 4 10
298 983 16 2
299 935 15 15
299 1168 35 3
299 1266 13 7
299 1363 4 2
300 353 48 10
300 409 57 9
300 596 4 14
300 624 37 3
300 1087 44 13
300 1257 52 3
300 1300 36 12
300 1380 38 5
301 339 47 3
301 736 26 4
301 1023 7 6
301 1137 24 14
302 320 24 9
302 419 35 14
302 555 31 9
302 766 56 14
302 826 42 2
302 989 13 4
302 1189 26 9
303 365 38 8
303 464 59 9
303 704 12 5
303 770 50 6
303 856 6 12
304 369 5 12
304 619 3 6
304 655 10 14
304 935 21 1
304 1194 4 10
304 1295 47 15
305 438 16 11
305 443 47 1
305 522 26 15
305 1050 44 4
305 1249 30 13
306 307 12 12
306 353 19 4
306 710 42 13
306 1051 15 2
307 471 42 12
307 653 27 4
307 823 54 6
307 1035 19 3
307 1116 46 13
307 1294 7 13
307 1365 2 13
307 1372 33 8
308 448 50 15
308 713 20 14
308 740 28 4
308 808 2 3
308 1052 54 7
309 316 39 14
309 562 4 1
309 846 19 8
309 941 2 5
309 1172 30 10
309 1332 7 1
310 540 59 9
310 661 56 7
310 899 25 11
310 1277 22 6
310 1319 3 10
311 314 57 5
311 324 18 6
311 418 59 3
311 515 15 14
311 797 8 3
311 809 46 10
311 1132 55 13
311 1288 28 14
312 354 34 3
312 632 18 12
312 776 10 13
313 385 6 7
313 386 35 11
313 663 27 7
313 813 43 8
313 941 21 13
313 1166 50 3
313 1214 28 12
313 1227 25 8
314 343 48 4
314 718 28 10
314 1223 3 10
314 1284 13 6
315 497 17 2
315 866 31 5
315 1225 53 10
315 1237 19 2
316 381 29 7
316 485 7 10
316 873 20 3
316 1104 1 14
316 1155 37 9
316 1253 55 5
317 851 8 2
317 960 57 4
317 1200 28 6
317 1216 5 3
317 1247 44 3
318 941 16 13
319 447 52 1
319 906 29 13
319 1079 43 14
320 367 26 9
320 389 56 9
320 646 1 13
320 714 24 10
320 914 28 7
320 1069 9 9
320 1146 60 4
321 333 60 6
321 423 38 6
321 476 46 10
321 538 19 4
321 622 45 9
321 799 54 12
321 998 1 8
321 1098 17 6
321 1137 29 9
321 1384 54 3
322 392 51 4
322 437 49 11
322 504 25 2
323 525 12 4
323 1005 43 4
323 1157 57 15
323 1185 45 10
323 1206 35 14
323 1307 32 2
323 1360 8 4
324 329 27 1
324 354 6 10
324 416 47 7
324 713 20 15
324 922 34 2
324 945 6 6
324 968 48 15
324 1094 32 10
324 1370 33 12
325 522 32 9
325 558 46 6
325 665 21 15
325 671 3 6
325 1002 39 5
325 1041 12 5
325 1208 27 10
326 450 8 14
326 689 16 8
326 814 14 11
326 1227 58 1
327 376 44 14
327 619 25 4
327 677 38 10
327 759 38 3
327 803 25 12
327 868 35 5
327 1210 38 4
327 1288 7 15
328 746 15 8
328 780 55 8
328 892 44 12
328 928 24 9
328 1064 51 9
329 724 46 14
329 816 58 13
329 898 33 1
329 927 23 15
329 975 58 14
329 1156 50 2
330 412 9 12
330 438 21 8
330 707 26 12
330 907 48 14
330 1020 48 4
330 1190 5 14
330 1224 30 10
330 1383 26 9
331 636 18 2
331 741 33 9
331 789 9 10
331 1348 34 4
332 740 7 8
332 929 60 14
332 1017 54 4
332 1018 48 4
332 1139 52 2
333 441 9 7
333 472 23 11
333 508 16 12
333 676 1 11
333 818 44 2
333 846 17 15
333 885 31 8
333 1056 45 5
333 1202 39 13
333 1304 40 2
333 1365 17 10
334 523 60 2
334 558 58 1
334 583 5 13
335 378 59 8
335 696 52 7
335 852 49 3
335 970 49 5
335 972 21 6
335 1047 56 5
335 1388 15 12
336 452 43 8
336 729 22 13
336 860 55 10
336 1060 47 6
336 1168 45 1
336 1226 41 15
336 1267 20 11
337 490 40 13
337 578 43 11
337 629 37 9
337 650 26 4
337 693 48 15
337 722 59 7
337 912 44 10
337 937 54 15
337 1060 30 6
337 1303 28 11
338 376 10 9
338 811 13 1
338 923 20 14
338 1245 29 15
339 413 19 10
339 487 44 6
339 688 14 1
339 747 49 1
339 1137 4 6
339 1301 33 3
339 1314 1 3
340 355 2 10
340 377 46 12
340 524 41 15
340 567 60 5
340 729 46 15
340 783 29 8
340 1280 32 2
341 499 18 1
341 629 22 15
341 677 22 5
341 759 39 15
341 791 34 9
341 811 13 12
341 821 44 1
341 950 35 3
341 1115 6 9
341 1179 5 11
341 1284 18 2
341 1304 52 15
341 1350 51 2
342 359 28 14
342 666 47 9
342 784 5 14
342 835 10 7
342 866 5 9
342 930 3 15
342 1126 38 4
343 370 18 1
343 881 45 1
343 995 45 13
343 1042 37 4
343 1132 35 8
344 361 17 3
344 529 5 7
344 567 5 10
344 607 25 10
344 661 53 12
344 722 23 8
344 811 41 3
344 1150 48 15
345 407 8 15
345 714 48 11
345 1240 13 3
345 1381 3 14
346 387 31 12
346 564 7 5
346 581 56 2
346 583 55 1
346 618 10 1
346 717 19 15
346 765 43 1
346 876 30 7
346 996 28 9
346 1015 9 9
346 1125 7 6
346 1304 39 5
347 434 2 10
347 687 16 4
347 835 24 4
347 904 39 9
347 1138 9 5
347 1188 54 8
347 1270 53 10
347 1296 6 15
348 535 10 5
348 987 23 3
348 1056 54 7
348 1127 47 5
348 1225 55 14
349 598 2 15
349 707 59 11
349 805 33 11
349 990 28 8
349 1090 12 14
349 1185 36 12
350 487 2 5
350 711 31 10
350 792 29 9
350 837 14 6
350 1239 12 12
351 360 46 11
351 1292 44 7
351 1314 21 5
352 485 19 1
352 801 44 14
352 1253 49 1
352 1281 21 8
353 361 12 9
353 705 50 2
353 914 36 4
353 926 47 8
353 960 31 13
353 1172 22 1
353 1276 17 1
354 505 35 4
354 718 49 8
354 720 31 14
354 882 13 14
354 1281 41 14
354 1348 27 15
355 425 39 11
355 475 16 15
355 677 2 5
355 1012 40 8
355 1230 12 14
356 428 15 6
356 466 44 15
356 611 25 1
356 1093 6 4
356 1286 12 11
356 1290 39 13
356 1302 35 15
357 438 9 6
357 485 31 12
357 548 14 10
357 604 38 12
357 627 38 14
357 717 8 10
357 818 36 1
357 874 4 8
357 1102 19 2
357 1217 6 10
357 1255 42 12
357 1389 25 5
358 652 27 12
358 717 21 1
358 763 41 13
359 453 36 1
360 458 34 4
360 461 35 12
360 1142 11 6
360 1181 53 11
360 1197 54 14
360 1376 42 15
361 426 16 15
361 617 10 4
361 1030 20 10
361 1109 39 4
361 1181 42 3
362 455 48 7
362 488 55 8
362 505 45 8
362 548 5 7
362 1333 50 1
362 1383 18 15
363 931 47 12
363 1036 28 10
363 1154 1 1
363 1268 39 4
364 904 13 15
364 1013 60 6
364 1091 27 13
364 1098 22 15
364 1384 19 5
365 554 5 4
365 626 9 10
365 746 22 6
365 804 60 7
365 910 22 1
365 1243 46 4
365 1371 33 2
366 740 32 2
366 785 19 7
366 973 3 11
366 978 29 12
367 854 51 9
367 1194 51 14
367 1202 30 6
367 1209 24 5
367 1233 43 15
367 1341 44 9
368 505 56 10
368 510 56 9
368 759 57 12
368 804 19 13
368 830 39 15
368 1005 58 1
368 1332 60 13
368 1340 18 8
369 420 37 2
369 463 50 3
369 511 59 14
369 662 58 8
369 920 58 9
369 965 45 13
369 1002 25 6
369 1064 3 6
369 1071 17 13
369 1086 52 2
369 1129 42 8
369 1142 28 15
369 1193 7 5
369 1373 9 1
370 375 10 14
370 479 6 4
370 921 20 3
370 958 29 3
370 1287 33 14
371 388 30 14
371 403 13 14
371 1031 47 2
371 1348 48 8
371 1369 26 6
371 1378 36 13
372 1056 35 6
372 1232 31 2
373 490 60 15
373 705 20 4
373 900 41 10
373 916 39 15
373 1019 13 3
373 1157 33 11
373 1364 37 9
374 385 10 9
374 646 51 1
374 704 42 7
374 715 9 5
374 837 38 8
374 1165 33 11
375 545 18 8
375 566 11 6
375 606 23 10
375 742 38 2
375 821 51 12
375 1123 45 7
375 1333 5 7
376 658 12 2
376 888 36 12
376 1207 39 6
376 1381 24 9
377 405 43 4
377 434 16 10
377 1060 42 10
377 1325 44 3
378 438 42 9
378 517 24 5
378 723 49 4
378 737 45 3
378 804 22 5
378 812 38 7
378 837 9 13
378 884 58 10
378 1289 40 12
379 518 22 7
379 557 43 3
379 872 22 8
379 928 33 9
379 1037 16 3
380 405 46 14
380 669 10 12
380 674 27 8
380 853 54 13
380 871 55 1
380 934 28 1
380 1018 9 2
380 1369 6 10
381 449 21 14
381 689 38 7
381 822 7 13
381 1104 57 12
382 1028 49 12
383 514 40 14
383 810 14 14
383 946 17 1
383 998 45 15
383 1029 12 13
384 445 3 13
384 581 46 2
384 857 22 11
384 925 15 10
385 504 6 12
385 707 40 12
385 848 3 15
385 1386 20 15
386 455 55 6
386 875 45 4
386 1147 40 6
386 1237 27 6
386 1327 25 3
387 559 18 2
387 760 21 14
387 822 24 13
387 886 53 4
387 1140 45 13
388 537 25 14
388 817 4 7
388 868 59 3
388 1015 33 3
388 1037 25 8
388 1081 7 15
388 1099 44 11
388 1102 30 9
388 1218 13 3
388 1272 2 4
389 398 56 10
389 670 35 13
389 863 22 1
389 1312 54 15
390 489 3 15
390 866 55 10
390 1075 43 12
390 1295 37 4
391 437 23 14
391 636 32 7
391 697 52 1
391 1221 20 11
391 1377 44 2
392 431 21 8
392 807 17 12
392 889 40 14
392 1106 20 13
393 620 30 1
393 649 4 15
393 688 15 14
393 717 8 9
393 769 31 2
393 1178 11 5
394 438 56 10
394 762 60 8
394 1079 58 8
394 1280 10 8
395 654 52 13
395 781 38 3
395 1024 36 12
395 1043 4 2
395 1156 53 13
395 1210 1 13
395 1271 52 2
396 481 50 4
396 604 8 2
396 820 52 8
396 1000 30 13
396 1004 27 7
397 637 41 1
397 699 2 5
397 1043 27 10
397 1124 44 5
397 1224 39 4
397 1266 32 8
397 1340 54 6
398 437 17 14
399 471 59 9
399 472 40 3
399 553 43 14
399 806 14 2
399 905 49 8
399 1043 26 9
399 1319 39 6
400 433 1 15
400 633 5 6
400 689 5 8
400 750 16 13
400 1314 4 8
401 494 29 1
401 545 6 6
401 801 57 10
401 1034 19 15
401 1119 2 3
401 1319 43 12
402 674 33 8
402 688 16 13
402 1042 33 3
402 1115 22 2
402 1159 34 15
402 1285 15 1
403 502 58 7
403 994 60 10
403 1052 53 2
403 1162 56 8
403 1195 46 11
403 1342 42 7
404 1059 42 4
404 1218 46 13
405 436 47 8
405 461 4 7
405 515 1 14
405 908 60 11
405 1337 47 14
406 491 28 9
406 588 14 9
406 758 27 6
406 867 18 2
406 872 56 5
406 983 37 6
406 1002 26 12
406 1053 23 5
406 1088 36 11
406 1207 44 10
407 433 28 5
407 497 45 1
407 652 32 7
407 719 17 15
408 419 25 10
408 554 41 6
408 765 14 15
408 827 7 15
408 864 33 15
408 958 38 3
408 983 46 9
408 1137 25 7
408 1159 16 15
409 804 15 14
409 1099 12 3
409 1147 8 12
410 460 14 5
410 562 50 2
410 736 44 11
410 811 29 12
410 954 37 10
410 1209 19 15
410 1242 46 1
410 1317 1 5
411 430 52 6
411 474 17 1
411 608 9 2
411 825 48 15
411 1310 15 7
412 503 11 15
412 1260 13 9
412 1263 32 1
413 490 57 15
413 868 56 14
413 893 46 9
413 945 15 3
413 1176 11 12
413 1184 48 6
413 1232 48 6
413 1269 44 9
414 645 5 6
414 667 51 1
414 903 29 3
414 1302 37 6
415 529 35 1
415 687 9 4
415 751 29 10
416 573 11 3
416 889 36 2
416 949 28 7
416 1020 57 11
416 1087 16 4
416 1323 51 11
417 443 39 2
417 573 19 12
417 670 31 7
417 825 47 1
417 1100 49 3
417 1372 59 13
418 512 58 7
418 663 9 13
418 1201 22 8
418 1266 28 12
418 1368 5 15
419 458 57 3
419 531 47 8
419 692 10 5
419 1026 31 2
419 1164 25 11
419 1242 18 4
420 552 7 5
420 732 56 13
420 1043 30 11
420 1057 3 9
420 1161 17 14
420 1190 24 11
420 1327 58 3
420 1347 31 10
420 1356 9 6
420 1374 46 14
421 778 44 13
421 1039 58 8
421 1337 32 4
422 986 30 10
422 1037 30 9
423 518 46 10
423 710 46 1
423 714 26 9
423 940 21 3
423 1145 15 7
423 1166 12 15
423 1242 17 11
424 607 14 13
424 836 15 14
424 1051 1 2
424 1055 17 15
424 1265 54 7
424 1359 28 4
425 646 17 7
425 776 22 11
425 969 19 14
425 1371 23 12
426 501 4 6
426 626 36 6
426 674 23 2
426 1259 20 1
426 1261 57 9
426 1337 20 6
427 482 30 8
427 983 23 6
427 1070 56 4
427 1213 52 6
428 518 59 15
428 529 40 15
428 650 19 2
428 1018 21 10
429 714 57 15
429 1008 27 14
429 1080 3 8
429 1239 31 4
430 613 12 10
430 1170 37 11
431 460 8 5
431 955 49 8
431 1145 58 9
431 1179 16 6
432 453 3 4
432 496 31 13
432 1163 43 12
432 1273 7 5
432 1323 22 13
433 548 50 10
433 1028 31 10
433 1188 41 13
433 1196 54 1
433 1211 24 9
433 1227 22 1
433 1260 11 7
434 540 9 2
434 1029 24 3
434 1057 40 12
434 1155 23 2
434 1210 13 5
434 1347 27 1
435 900 32 11
435 939 50 4
435 1276 15 7
435 1295 2 15
436 761 11 10
436 1206 22 8
436 1254 27 14
437 473 15 4
437 1122 18 9
438 481 39 8
438 519 50 15
438 580 60 12
438 659 46 7
438 1088 48 4
439 536 6 13
439 572 6 14
439 605 56 8
439 610 3 4
439 898 15 12
439 968 52 1
439 1022 12 1
439 1319 4 4
439 1360 57 1
440 847 53 9
440 849 36 13
440 963 44 6
440 976 49 1
440 1008 36 12
440 1142 52 8
440 1228 27 9
441 583 31 3
441 623 51 3
441 863 31 7
441 1142 25 14
441 1268 52 7
441 1365 59 6
441 1366 48 10
442 534 54 13
442 745 25 7
442 863 16 15
442 1264 9 14
443 499 1 5
443 703 26 13
443 743 45 2
443 810 7 10
443 1382 41 11
444 572 6 8
444 639 6 5
444 710 11 12
444 870 44 4
444 1178 17 6
445 733 56 10
445 845 9 13
445 1045 34 11
445 1136 44 4
445 1270 19 12
445 1277 5 6
445 1347 3 7
445 1356 49 13
446 528 56 15
446 540 4 11
446 603 57 1
446 840 3 8
446 934 26 2
446 1035 40 14
446 1042 7 2
446 1050 59 12
446 1100 17 13
446 1149 46 13
446 1159 27 7
447 470 24 7
447 481 26 15
447 585 50 3
447 838 51 13
447 1048 50 12
447 1133 30 6
448 460 10 15
448 491 37 15
448 817 55 5
448 848 33 9
448 992 10 5
449 897 24 8
449 958 35 4
449 981 12 10
449 1292 1 12
449 1314 24 9
450 517 4 4
450 592 21 12
450 645 59 9
450 649 41 15
450 695 38 1
450 763 46 2
450 1012 38 9
450 1017 58 4
450 1136 14 8
451 467 42 4
451 556 30 15
451 665 53 10
451 769 1 12
451 1128 25 1
452 543 25 4
452 572 50 11
452 867 34 13
452 914 6 10
452 934 27 13
452 1175 37 10
452 1387 32 1
453 505 53 11
453 761 14 1
453 963 60 2
454 569 32 13
454 583 17 15
454 831 41 3
454 1079 15 5
455 765 40 14
455 867 51 9
455 972 40 8
455 1070 35 3
455 1290 38 15
456 471 19 3
456 547 12 15
456 660 25 10
456 765 20 15
456 1013 35 9
456 1014 58 12
456 1262 2 14
457 579 8 9
457 698 19 4
457 1086 36 9
457 1141 25 5
457 1304 2 1
458 556 14 9
458 601 58 8
458 804 34 4
458 890 56 12
458 1007 36 13
458 1123 1 4
459 513 35 2
459 575 4 9
459 773 6 10
460 738 6 12
460 741 51 4
460 897 4 4
460 1276 20 13
460 1389 39 5
461 925 47 10
461 943 19 11
461 1171 26 14
461 1287 30 9
461 1332 20 6
462 471 4 6
462 844 49 13
462 858 13 9
462 992 59 14
462 1108 4 4
463 509 27 5
463 514 45 6
463 694 3 4
463 723 60 12
463 766 12 2
463 1002 6 9
463 1051 21 8
463 1077 59 14
463 1332 20 7
464 634 29 5
464 741 18 3
464 946 11 8
464 1060 43 6
465 771 17 4
465 1040 19 4
465 1109 18 14
465 1264 7 12
465 1332 33 1
466 764 51 10
466 824 21 4
466 832 27 14
466 919 12 15
466 972 23 13
466 1063 3 11
467 561 44 15
467 622 32 6
467 692 6 2
467 833 15 11
467 993 54 14
467 1064 53 8
467 1132 39 9
467 1207 29 8
467 1227 24 8
467 1350 50 6
467 1376 56 12
468 620 44 15
468 630 17 7
468 1197 53 4
469 664 49 10
469 692 45 5
469 807 12 2
469 913 40 11
469 1224 58 5
470 514 54 15
470 586 36 3
470 672 16 8
470 978 12 7
470 986 21 3
470 1040 60 11
470 1122 26 10
470 1139 10 14
470 1322 5 15
470 1346 5 5
470 1358 22 3
470 1365 49 2
470 1374 2 2
471 535 17 8
471 852 51 4
471 1262 37 12
472 681 26 13
472 721 16 6
472 836 31 1
472 1125 55 6
473 598 55 2
473 721 5 1
473 941 45 1
473 1169 20 15
473 1302 39 12
474 803 37 5
474 958 2 12
474 977 23 4
474 1198 7 10
474 1337 59 13
475 508 50 8
475 567 16 14
475 751 7 10
475 929 47 14
475 1027 50 10
475 1119 1 5
476 605 20 4
476 686 50 7
476 1005 33 11
476 1069 20 4
476 1240 58 1
477 486 19 9
477 671 40 3
477 1143 47 2
478 836 26 8
478 1246 12 13
479 500 22 14
479 814 46 11
479 829 55 1
479 986 34 4
479 1141 15 2
479 1248 4 3
479 1331 23 11
479 1366 1 3
480 591 52 14
480 648 39 9
480 803 24 15
480 907 17 11
480 955 43 10
480 982 19 5
480 1128 43 9
480 1130 19 13
481 717 31 14
481 758 39 6
481 797 32 6
481 845 38 12
481 1077 11 2
482 878 24 3
482 1142 11 6
482 1227 25 15
483 485 51 5
483 540 52 11
483 617 20 6
483 750 36 14
483 783 3 11
483 817 15 14
483 853 51 6
483 1269 6 13
483 1362 8 6
484 584 13 8
484 880 16 4
484 1150 5 8
484 1288 6 6
485 613 5 12
485 910 29 11
485 1063 41 12
485 1263 1 8
486 806 2 10
486 911 28 4
486 960 23 3
486 966 14 12
486 1087 52 11
486 1152 54 11
486 1155 37 9
486 1163 7 7
487 1192 22 5
487 1232 54 12
487 1278 24 1
488 685 30 3
488 854 14 9
488 859 9 11
488 1105 36 15
488 1144 23 2
488 1214 43 7
489 701 8 3
489 790 27 11
489 889 59 13
489 930 44 6
489 971 16 12
489 1172 56 9
489 1179 38 5
489 1276 18 14
490 842 21 12
490 891 43 10
490 895 33 14
490 926 41 15
490 1175 21 15
490 1239 36 13
491 724 51 7
491 846 26 1
491 949 4 3
491 1116 22 4
492 689 25 5
492 1003 39 13
492 1260 49 5
492 1353 8 13
492 1373 24 8
493 621 47 4
493 822 51 7
493 938 48 15
493 954 37 7
493 1338 24 6
494 584 36 4
494 674 40 15
494 745 17 8
494 1296 22 5
494 1350 29 4
494 1364 32 10
495 772 24 3
495 882 50 9
495 1015 20 15
495 1128 45 13
495 1204 43 15
495 1283 7 6
495 1316 14 9
496 591 43 8
496 615 3 6
496 685 6 15
496 797 56 13
496 1287 42 6
496 1367 22 4
497 556 58 7
498 504 7 5
498 740 20 15
498 830 59 12
498 1002 33 8
498 1076 54 12
498 1349 56 4
499 682 39 5
499 1304 19 4
499 1318 55 11
500 604 46 11
500 641 48 7
500 665 29 9
500 728 27 10
500 802 58 12
500 1067 11 9
500 1190 27 13
501 751 56 1
501 857 56 4
501 1119 59 13
501 1224 1 15
501 1318 22 10
502 560 32 4
502 628 26 7
502 834 57 6
502 1061 11 1
502 1183 1 12
502 1352 15 3
503 608 56 10
503 778 28 7
503 947 1 5
503 999 27 7
504 520 26 5
504 1128 26 6
504 1310 50 12
505 1298 33 7
507 566 19 9
507 687 37 6
507 979 12 9
507 1047 23 11
507 1244 58 12
508 652 28 5
508 872 40 6
508 929 23 15
508 978 34 5
509 852 20 5
509 963 20 2
509 1087 24 5
509 1109 41 5
509 1260 16 10
509 1316 45 5
510 571 17 12
510 836 14 2
510 889 46 5
510 990 36 14
510 1197 1 1
511 547 6 6
511 708 18 9
511 859 2 7
511 1032 12 9
511 1142 9 15
511 1165 30 11
511 1375 55 11
512 611 52 2
512 801 3 15
512 1026 42 13
512 1151 32 8
512 1285 49 1
513 563 36 8
513 920 24 4
513 942 27 3
513 1045 6 13
513 1143 13 12
513 1352 60 8
514 527 43 6
514 557 17 14
514 879 5 3
514 1078 4 1
514 1285 60 3
514 1322 16 6
515 987 50 3
516 649 20 10
516 692 58 10
516 773 14 14
516 802 56 2
516 920 32 11
517 561 58 13
517 822 38 9
517 967 49 3
517 1059 23 12
517 1244 19 15
517 1311 11 7
518 602 10 4
518 657 51 9
518 676 35 8
518 1033 17 11
518 1227 59 7
519 716 19 1
519 1153 26 12
519 1268 47 12
519 1269 19 14
520 524 58 10
520 526 12 11
520 640 35 13
520 661 37 11
520 770 55 15
520 776 22 5
520 1065 38 3
520 1186 27 6
520 1187 35 13
520 1245 57 3
520 1258 53 15
521 622 57 12
521 758 55 9
521 1299 54 5
522 606 35 11
522 618 18 9
522 770 17 2
522 931 10 5
522 1048 54 4
522 1124 16 4
522 1167 2 1
523 854 11 4
523 893 9 6
523 1025 41 15
523 1300 1 10
523 1361 3 14
524 557 52 3
524 570 38 11
524 662 40 11
524 897 6 12
524 909 28 6
524 1049 8 4
524 1331 26 4
524 1378 56 5
525 626 50 2
525 731 60 4
525 792 1 8
525 859 30 1
525 913 8 15
525 1201 33 1
525 1241 10 6
525 1332 35 8
526 824 23 9
526 1110 12 7
526 1169 32 8
527 896 50 11
527 1244 52 4
528 605 19 10
528 617 23 8
528 1111 39 12
529 588 32 13
529 713 39 12
529 750 24 13
529 878 48 7
529 1215 5 8
529 1307 43 11
530 1001 20 1
530 1013 21 15
530 1037 41 6
530 1105 42 1
530 1342 33 6
531 727 20 10
531 1101 34 11
532 681 27 6
532 805 57 4
532 1201 6 11
532 1320 33 3
533 845 49 6
533 1153 1 8
533 1257 53 15
533 1285 24 2
534 705 29 15
534 723 55 2
534 1080 20 7
534 1235 21 13
534 1304 22 15
534 1334 51 1
535 558 5 15
535 604 6 4
535 670 7 14
535 675 31 12
535 848 42 10
535 878 1 4
535 893 11 2
535 951 38 12
535 1107 33 11
535 1132 35 6
536 673 44 13
536 831 19 10
536 1005 29 14
536 1302 39 6
536 1349 23 11
537 1016 59 14
537 1210 37 3
537 1253 30 11
538 629 35 13
538 938 57 2
538 1001 16 8
538 1081 19 12
538 1138 5 12
538 1280 18 11
538 1322 26 15
538 1361 31 11
538 1369 50 7
539 834 43 9
539 1046 32 2
539 1059 11 4
540 633 55 12
540 717 44 9
540 886 40 1
540 1034 50 13
540 1160 45 10
540 1233 17 3
541 820 25 12
541 856 32 12
541 1137 16 8
541 1167 5 15
541 1355 27 8
542 651 34 14
542 684 46 6
542 755 19 14
542 1266 37 6
542 1280 36 13
542 1293 8 11
543 677 43 9
543 787 2 7
543 985 9 13
543 1021 59 2
543 1111 14 1
543 1300 35 15
544 739 41 15
544 788 25 1
544 794 42 7
544 910 55 2
544 1132 7 7
544 1185 53 7
544 1301 37 11
545 858 51 5
545 886 3 7
545 1143 46 11
545 1296 7 4
545 1310 38 6
546 574 14 6
546 1273 46 10
547 559 53 6
547 606 3 3
547 675 18 7
547 687 12 4
547 751 52 12
547 782 25 9
547 992 20 4
547 1030 2 6
547 1119 50 4
547 1130 57 13
547 1253 24 5
548 892 34 6
548 1033 30 9
548 1148 25 11
548 1170 56 5
549 994 54 9
549 1015 52 9
550 744 47 15
550 756 59 5
550 825 32 9
550 884 25 1
550 926 53 7
550 1359 34 5
552 567 26 5
552 797 11 1
552 838 20 2
553 640 59 10
553 717 37 6
553 758 6 12
554 602 30 3
554 641 47 1
554 674 29 3
554 900 9 15
554 1107 12 4
554 1130 6 1
554 1136 18 9
555 813 5 10
555 961 43 13
555 1228 23 4
556 679 58 7
556 729 23 5
556 836 55 2
556 1007 18 5
556 1025 6 14
556 1123 21 4
556 1315 38 11
557 1357 23 6
558 577 42 11
558 718 3 9
558 736 39 4
558 844 27 1
558 994 55 9
558 1276 14 14
558 1336 27 9
559 687 13 15
559 767 50 10
560 730 50 11
560 814 3 12
560 838 9 10
560 1001 18 1
560 1348 51 7
560 1355 57 7
561 1169 54 15
561 1196 57 9
562 608 21 13
562 621 37 2
562 694 49 13
562 1101 17 1
562 1190 20 2
562 1254 10 8
563 676 36 9
563 985 58 3
563 1175 36 3
563 1238 52 6
564 784 55 10
564 1054 46 2
565 733 51 4
565 902 54 6
565 968 44 1
566 649 7 1
566 814 18 8
566 1147 30 13
567 670 9 5
567 679 35 14
567 988 7 5
567 1268 39 6
567 1292 40 13
567 1296 25 10
568 709 9 6
568 921 8 13
568 1296 16 14
569 571 33 5
569 999 48 4
569 1050 20 13
569 1090 15 1
569 1193 34 4
569 1275 20 6
570 656 7 5
570 663 17 12
570 1047 38 14
570 1159 9 13
570 1161 3 15
571 616 49 9
571 706 18 11
571 767 4 7
572 623 38 2
572 876 5 3
572 1302 28 11
572 1304 56 13
573 605 47 13
573 866 54 6
573 907 16 1
573 1027 15 2
573 1196 35 1
573 1251 10 15
574 836 32 12
575 838 51 13
575 1014 56 1
576 579 19 5
576 595 52 2
576 625 16 5
576 712 60 10
576 741 52 3
576 761 32 9
576 1050 18 11
576 1068 51 6
577 661 46 12
577 716 46 1
577 772 55 2
577 861 20 15
577 1107 17 7
578 604 11 8
578 831 10 8
578 1110 56 14
578 1374 7 14
579 589 29 4
579 599 48 11
579 630 23 5
579 734 16 1
579 1003 51 7
579 1347 37 4
580 728 33 11
580 912 28 12
580 955 40 15
580 996 26 2
580 1058 27 9
580 1110 24 11
580 1247 6 12
581 637 5 4
581 794 20 8
581 807 48 6
581 999 48 7
581 1113 9 14
581 1129 43 8
581 1312 40 11
582 689 31 6
582 753 26 5
582 970 41 8
582 1099 15 5
582 1147 20 2
583 592 17 6
583 695 22 2
583 796 43 4
583 840 60 11
583 903 49 6
583 1030 47 6
583 1224 20 9
583 1373 14 6
584 760 44 3
584 795 42 9
584 1043 5 7
584 1165 17 12
584 1309 1 1
584 1378 18 10
585 761 58 15
585 808 19 11
585 999 50 7
585 1204 32 13
586 1062 54 11
586 1238 2 12
586 1247 33 4
586 1311 26 11
586 1330 46 15
587 619 30 15
587 638 35 6
587 707 5 4
587 977 1 5
587 1296 30 10
588 600 15 1
588 649 37 13
588 939 49 13
588 948 8 12
588 1040 36 6
588 1062 20 9
588 1095 24 6
588 1196 29 14
588 1211 18 14
588 1358 27 4
589 1146 23 5
589 1368 20 11
590 743 15 13
591 987 21 8
591 1104 22 7
591 1258 47 13
592 764 10 4
592 778 36 6
592 1297 17 5
592 1346 18 9
593 729 31 12
593 1167 43 15
593 1294 22 12
594 666 60 11
594 679 15 14
594 774 37 2
594 844 27 10
594 958 30 14
594 977 55 14
594 1005 26 11
594 1114 14 1
594 1195 22 1
594 1230 33 3
594 1332 16 4
595 846 58 14
595 891 5 11
595 943 11 5
595 1125 24 14
595 1187 35 3
595 1236 24 7
596 634 24 10
596 796 26 6
596 1097 2 8
596 1334 5 13
597 1313 7 6
598 806 44 3
598 1028 10 13
598 1109 45 6
598 1287 25 5
599 712 29 15
599 750 5 9
599 850 20 10
599 880 44 5
599 885 37 14
599 1004 50 14
599 1138 59 10
599 1165 47 14
599 1270 4 9
599 1376 32 15
600 957 23 13
600 1294 33 5
601 771 26 1
601 781 45 3
601 996 47 7
601 1064 31 5
601 1088 12 3
601 1172 59 5
601 1263 28 6
602 826 48 6
602 906 5 2
602 1012 52 14
602 1201 29 10
603 709 57 4
603 804 17 4
603 859 16 3
603 1084 22 13
603 1255 21 4
603 1356 6 6
604 762 51 10
604 775 3 14
604 855 30 12
604 957 28 15
604 1051 13 10
605 667 60 12
605 757 24 10
605 763 39 5
605 998 3 2
605 1266 47 14
605 1376 24 8
606 753 53 9
606 842 57 14
606 1063 3 11
606 1281 43 1
607 721 42 7
607 740 19 8
607 790 31 4
607 838 59 8
607 839 52 11
607 958 7 6
607 1185 48 10
607 1276 12 13
607 1304 52 6
608 759 1 6
608 807 14 5
608 1043 53 6
608 1180 39 9
609 800 55 3
609 974 45 12
609 1072 6 9
609 1345 25 11
610 1123 33 2
611 956 47 8
611 964 23 7
611 1013 19 3
611 1168 44 12
611 1176 22 5
612 961 23 3
612 1121 41 11
612 1277 58 3
612 1325 48 13
613 662 14 15
613 760 37 10
613 1204 9 11
613 1215 20 6
614 738 20 9
614 1178 55 7
614 1341 40 8
615 646 5 8
615 692 17 1
615 849 13 4
615 958 44 14
615 973 12 10
615 1056 44 15
615 1165 3 10
616 651 12 15
616 1012 48 10
616 1157 22 3
617 1058 46 14
617 1090 29 15
617 1133 2 15
618 673 30 10
618 730 41 5
618 767 11 10
618 888 17 13
618 915 4 12
618 1054 24 1
618 1098 19 8
618 1240 5 2
619 665 55 6
619 839 26 12
619 861 44 11
619 947 24 15
619 1339 1 6
620 677 36 6
620 937 38 3
620 1345 18 13
621 638 55 2
621 874 37 3
621 1001 31 3
621 1008 4 9
621 1029 7 9
621 1126 35 15
621 1228 19 11
622 685 32 9
622 777 35 9
622 789 12 1
622 944 40 13
622 1166 12 11
623 655 56 8
623 660 3 15
623 997 44 4
623 1017 31 13
623 1065 16 3
624 683 53 13
624 704 31 8
624 740 55 1
624 901 4 3
624 952 41 4
624 1128 46 8
624 1336 52 7
624 1340 54 14
625 763 25 6
625 1356 22 11
626 769 6 9
626 781 9 13
626 956 25 4
626 1089 32 6
627 650 15 10
627 820 45 3
627 892 59 14
627 1334 43 9
628 788 47 2
628 814 42 3
628 1095 23 14
628 1135 46 11
628 1346 16 13
629 655 49 5
629 1005 30 12
629 1236 40 10
630 898 20 12
630 1143 17 8
630 1193 51 2
630 1210 46 8
630 1318 51 15
630 1338 42 12
631 978 14 3
631 1155 43 13
631 1386 56 13
632 732 26 5
632 884 7 15
632 1055 50 2
632 1077 27 10
632 1198 9 4
633 754 56 4
633 907 14 6
633 1114 51 13
633 1219 46 9
634 675 25 8
634 1004 9 5
634 1146 60 15
634 1220 42 14
635 693 52 10
635 739 10 13
635 812 37 8
635 912 57 11
635 944 17 7
635 948 17 2
635 1131 35 4
635 1322 44 8
635 1336 13 11
635 1344 45 13
636 846 6 13
636 870 18 9
636 1159 46 11
637 749 33 3
637 754 31 5
637 808 38 8
637 1039 9 14
637 1149 37 12
637 1153 6 11
637 1343 48 15
637 1388 46 1
638 771 58 14
638 859 58 7
638 1279 29 12
638 1321 32 3
638 1375 23 5
639 1131 5 9
639 1171 27 9
639 1293 28 13
640 857 49 7
640 885 47 5
640 949 19 3
641 680 45 2
641 729 43 1
641 871 7 4
641 963 31 11
641 985 31 9
641 1145 28 5
642 648 42 3
642 722 48 6
642 756 48 11
642 873 47 2
642 882 41 9
642 944 39 5
642 965 4 3
642 975 20 1
642 1168 16 12
642 1201 5 9
642 1329 49 7
643 647 55 10
643 902 25 12
643 1326 52 2
644 777 39 2
644 815 36 11
644 1072 40 9
645 684 4 8
645 771 43 4
645 858 19 15
645 1106 36 3
646 835 3 4
646 939 40 13
646 1067 33 11
646 1230 29 11
647 677 40 3
647 776 54 4
647 944 23 3
647 1336 54 9
648 710 25 13
648 917 15 3
648 965 13 10
648 1102 26 11
648 1265 54 9
648 1348 17 5
649 757 37 11
649 763 39 15
650 1057 23 13
650 1322 36 5
651 848 16 11
651 973 28 15
651 999 13 7
651 1012 3 15
651 1039 36 3
651 1239 6 1
652 766 55 2
652 797 28 6
652 911 56 14
652 993 10 4
652 1131 20 13
652 1334 6 2
652 1363 24 2
653 700 38 8
653 716 2 7
653 942 40 14
653 962 48 5
653 1038 47 3
653 1094 5 12
654 909 49 1
654 1272 8 11
654 1327 56 11
654 1375 38 1
655 692 12 2
655 844 3 5
656 705 45 5
656 880 60 1
656 1132 20 3
656 1338 16 2
656 1353 26 14
657 758 32 3
657 1081 15 9
658 789 53 14
658 971 5 13
658 1203 24 4
659 746 59 8
659 844 32 5
659 1130 34 2
659 1229 43 4
660 784 22 15
660 838 26 10
660 866 20 3
660 869 36 13
660 1203 21 4
660 1281 20 3
661 821 2 3
661 842 54 1
661 873 58 2
661 885 32 8
662 796 59 3
662 1059 27 7
662 1234 25 7
662 1315 13 8
662 1325 3 4
662 1373 24 5
663 983 4 14
663 1017 6 2
663 1025 32 7
663 1070 16 11
663 1084 24 7
663 1334 16 13
663 1365 39 1
664 858 4 5
664 1002 47 12
664 1065 3 13
664 1369 31 4
665 893 39 2
665 1108 52 15
666 1016 25 1
666 1051 45 9
666 1369 42 7
667 959 21 13
667 967 1 15
667 1088 29 13
667 1154 9 2
667 1172 55 1
667 1192 10 5
667 1202 10 6
668 751 44 6
668 874 45 14
668 917 45 7
668 1085 14 12
668 1226 8 2
668 1274 51 3
669 928 48 8
669 1099 37 7
669 1113 16 12
669 1238 53 4
669 1338 19 14
669 1385 14 11
670 784 17 2
670 1043 34 8
670 1053 5 2
670 1098 40 1
671 1360 15 13
672 718 26 9
672 805 14 14
673 914 8 12
673 939 14 13
673 1187 12 5
674 889 35 12
674 928 18 4
674 984 10 1
674 1221 4 8
674 1279 4 2
674 1373 20 11
675 738 29 11
675 816 1 5
675 824 1 10
675 886 37 8
675 1109 56 5
675 1166 14 12
675 1306 49 7
676 775 6 7
676 936 56 8
676 999 58 12
677 862 28 6
677 1223 34 2
678 720 47 13
678 721 36 5
678 828 52 10
678 965 48 6
678 978 32 15
678 1072 53 9
678 1085 13 15
679 735 36 10
679 802 46 9
679 1093 24 2
679 1259 26 8
679 1347 17 2
680 703 55 5
680 1288 51 3
681 688 31 10
681 827 55 13
682 976 41 5
682 1056 13 5
682 1144 6 8
683 738 27 5
683 802 23 9
683 937 18 15
683 1191 37 9
684 893 24 6
684 1234 40 11
684 1290 48 6
684 1329 5 3
685 928 45 1
685 997 11 7
685 1181 57 2
686 1154 33 6
686 1249 7 6
686 1269 32 8
687 854 46 1
687 874 33 11
687 1095 40 6
687 1207 14 13
688 704 35 13
688 745 2 7
688 769 16 11
688 871 55 11
688 1164 14 4
688 1169 32 8
689 735 46 7
689 758 2 11
689 765 7 14
689 866 58 13
690 839 43 6
690 899 43 14
690 1000 46 6
690 1109 30 13
690 1196 52 8
691 1144 22 3
691 1270 34 6
692 716 26 5
692 853 14 3
692 908 26 15
692 923 26 9
692 1063 1 15
692 1381 48 14
693 750 55 14
693 1089 45 6
693 1216 6 2
693 1223 43 4
693 1229 58 6
694 782 41 5
694 858 11 8
694 961 23 15
694 1323 3 15
694 1387 18 12
695 886 9 15
695 1098 53 9
695 1164 40 14
695 1299 36 9
696 809 8 12
696 1000 56 2
696 1025 5 9
696 1174 16 5
696 1192 33 12
697 823 21 1
697 928 23 7
697 1044 6 11
697 1157 26 1
697 1201 24 2
698 805 5 8
698 907 9 5
698 1003 50 6
698 1178 8 10
699 869 22 14
699 889 1 6
699 896 29 15
699 1118 34 13
699 1172 22 11
699 1180 8 8
699 1292 6 9
699 1343 5 10
700 743 13 14
700 900 37 8
700 923 54 13
700 1144 18 13
700 1306 7 9
700 1358 43 13
702 863 15 1
702 873 51 6
702 1019 28 8
702 1195 5 5
702 1244 45 4
703 748 46 4
703 923 2 6
703 945 1 14
703 1028 57 11
703 1033 60 13
703 1269 60 13
703 1336 42 4
704 716 22 8
704 731 14 5
704 762 15 1
704 792 1 7
704 869 19 7
705 778 4 15
705 846 41 9
705 1277 44 9
705 1319 47 13
706 723 29 13
706 851 32 7
706 943 25 7
706 957 34 2
706 1050 51 2
706 1118 38 9
706 1237 39 6
707 1042 60 4
707 1113 35 2
707 1386 46 11
708 807 41 9
708 927 29 11
708 944 10 13
708 1201 28 11
708 1253 18 10
709 1013 55 14
709 1070 55 12
709 1124 10 14
710 774 41 1
710 846 52 6
710 870 47 1
710 949 19 11
710 1039 31 3
711 733 9 12
711 743 25 7
711 770 52 3
711 1364 23 4
712 817 2 4
712 1123 11 6
712 1154 33 15
713 803 28 4
713 905 42 7
713 1148 26 2
714 750 45 6
714 828 51 8
714 1110 40 1
714 1376 30 12
715 744 43 10
715 950 25 10
715 1334 59 11
715 1389 34 14
716 1009 33 4
716 1131 34 7
716 1147 50 4
716 1291 47 3
716 1300 20 7
717 781 56 1
717 1066 19 4
718 908 18 4
718 1036 28 3
718 1385 31 8
719 805 33 5
719 904 56 3
719 1159 54 9
719 1167 49 7
719 1258 56 12
719 1290 30 1
719 1292 27 6
720 976 35 12
720 1148 34 15
720 1150 40 6
721 836 43 1
721 933 36 13
721 1024 4 9
721 1296 18 15
722 1218 42 5
723 810 12 15
724 819 13 11
724 996 23 5
724 1047 10 12
724 1312 45 14
725 903 5 4
726 950 30 2
726 973 25 5
726 1023 13 1
726 1146 38 8
726 1240 33 5
726 1266 22 3
726 1372 42 15
727 829 60 14
727 1041 26 5
727 1329 5 13
728 915 19 3
728 924 1 13
728 1065 44 6
728 1160 60 3
728 1277 23 10
729 1013 55 2
729 1172 29 6
729 1180 59 13
729 1371 32 6
730 962 50 14
730 1018 47 13
730 1047 41 10
730 1107 23 4
730 1281 9 5
730 1300 9 5
730 1329 25 4
731 763 43 5
731 819 49 7
731 840 14 13
731 885 1 13
731 1050 40 5
731 1127 12 15
731 1164 25 12
731 1167 56 12
731 1255 34 1
732 774 53 9
732 832 13 5
732 874 34 6
732 959 10 1
732 1176 30 3
732 1220 16 1
732 1334 45 9
732 1345 40 3
733 743 39 15
733 771 17 7
733 974 40 12
733 1232 12 1
734 1143 39 15
734 1281 47 15
735 1000 34 11
735 1215 10 10
735 1266 46 10
736 1286 41 8
737 1145 18 15
737 1212 22 2
737 1229 59 9
737 1326 46 4
738 746 6 14
738 793 11 8
738 842 59 11
738 1218 46 10
738 1284 3 11
738 1315 51 5
738 1318 49 10
739 755 45 2
739 908 6 2
739 1062 29 2
739 1131 47 15
739 1143 57 7
739 1147 7 15
740 801 29 9
740 983 44 6
740 1024 39 3
740 1236 41 7
740 1319 24 13
741 1042 51 4
741 1094 56 6
741 1120 22 9
741 1247 26 9
742 788 8 7
742 931 39 10
742 1000 16 1
742 1060 41 15
742 1070 47 12
742 1248 60 15
743 837 49 7
743 895 28 10
744 820 10 10
744 983 41 11
744 1078 42 14
744 1150 22 11
744 1174 25 11
744 1261 32 10
744 1340 7 4
744 1362 33 4
745 874 7 12
745 982 27 5
745 1009 23 15
745 1037 17 14
745 1219 12 15
745 1291 4 1
746 1083 31 1
746 1353 32 8
747 749 31 8
747 1081 4 1
747 1130 56 8
747 1179 19 11
747 1227 13 8
747 1246 38 5
748 861 45 5
748 892 25 10
748 1247 18 9
749 807 46 11
749 968 41 7
749 974 44 8
749 1047 53 6
750 911 48 13
750 1123 16 2
750 1221 42 10
750 1284 36 6
751 950 34 4
751 977 7 10
751 1119 32 8
751 1272 34 11
752 1039 9 7
752 1135 46 10
753 802 19 4
753 1217 21 12
753 1282 29 10
754 1012 58 15
754 1041 36 2
754 1174 26 12
755 811 9 15
755 854 32 6
755 945 51 5
755 998 24 7
755 1002 8 7
755 1324 19 9
756 884 56 6
756 934 39 9
756 985 19 12
756 1069 52 5
756 1076 49 13
756 1104 42 15
756 1274 23 13
757 1061 22 10
757 1082 19 9
757 1384 48 4
758 1205 1 12
758 1376 44 14
759 929 50 4
759 1021 25 15
760 1367 60 5
761 908 2 6
761 1008 28 3
761 1091 41 8
761 1274 46 14
761 1321 23 1
762 828 58 13
762 1074 7 9
762 1329 1 11
763 842 29 10
763 933 15 10
763 1021 3 12
763 1062 38 8
764 1305 50 4
764 1324 24 1
765 877 23 2
765 891 31 8
765 1153 9 15
766 933 40 6
766 1010 49 10
767 1001 5 3
767 1070 4 14
767 1160 21 14
767 1230 42 6
768 798 36 12
768 1329 11 1
768 1360 7 6
769 893 34 11
769 912 24 5
769 930 15 13
769 1007 57 9
769 1219 41 9
770 1018 54 15
770 1116 12 11
770 1201 17 6
770 1283 3 15
771 948 46 15
771 1109 15 2
771 1149 29 12
771 1227 51 9
773 1318 19 13
773 1375 53 2
774 1364 37 11
775 1182 2 6
775 1235 15 14
775 1306 37 12
775 1328 2 12
776 969 24 14
776 1294 25 7
777 1050 13 2
777 1383 35 6
778 1066 15 4
778 1105 5 14
779 798 3 5
779 859 45 15
779 878 51 1
779 969 36 2
779 974 28 6
779 1175 43 2
780 810 30 4
780 1168 41 12
780 1211 32 5
780 1298 52 13
780 1354 48 7
780 1372 36 14
781 1306 5 10
782 878 3 1
782 881 25 1
782 904 22 7
782 928 14 10
782 1163 32 3
783 786 27 7
783 1201 33 1
784 903 3 4
784 1231 12 4
785 805 4 12
785 807 51 12
785 817 45 11
785 872 52 1
785 1165 41 11
785 1169 4 10
786 981 6 5
786 1344 31 4
786 1348 18 8
787 797 19 1
787 803 56 7
787 863 5 15
787 1062 25 11
788 822 22 13
788 1051 14 4
788 1212 6 15
789 1003 58 2
789 1117 57 4
790 930 39 10
790 1186 35 11
790 1267 17 9
790 1348 40 9
791 817 37 9
791 828 48 1
791 1120 15 13
791 1269 18 5
792 841 46 13
792 1010 25 12
792 1211 14 12
792 1232 32 10
793 923 11 11
793 1252 44 1
794 873 23 6
794 1089 32 4
794 1186 3 12
794 1320 55 6
794 1353 34 2
794 1377 37 15
795 1051 17 11
796 840 2 7
797 1082 47 5
797 1175 30 9
797 1305 28 12
797 1352 40 2
798 1157 17 11
798 1334 31 6
798 1362 27 7
799 806 5 14
799 914 24 8
799 915 59 11
799 943 33 8
799 955 38 6
799 1093 31 14
799 1315 27 6
799 1318 56 4
800 1179 11 2
800 1302 46 2
801 888 34 13
801 1220 13 11
801 1225 28 12
802 871 26 3
802 949 20 5
802 1086 23 13
802 1179 29 8
803 964 46 2
803 1300 35 9
804 905 41 14
805 1139 46 5
805 1209 19 10
805 1271 2 14
806 851 6 12
806 1328 60 2
806 1356 44 14
807 959 18 12
807 1116 16 2
807 1146 51 2
808 836 38 1
808 1075 60 9
808 1168 22 10
808 1355 54 3
810 982 42 7
810 1294 42 12
810 1328 54 14
811 996 3 9
811 1077 32 2
811 1101 39 11
812 861 37 12
812 897 54 11
812 920 34 2
813 1174 58 9
815 874 16 5
815 1119 3 3
815 1232 55 11
816 928 1 10
817 928 37 8
818 1064 33 14
818 1130 9 4
818 1139 52 11
819 1032 15 6
819 1345 51 13
820 857 36 14
820 1002 24 14
820 1046 54 8
820 1096 4 10
820 1184 14 14
820 1229 56 14
821 873 16 7
821 1274 34 11
821 1276 60 1
822 914 13 14
822 1125 19 8
822 1361 5 2
823 857 38 14
823 955 56 5
823 1079 2 8
823 1122 2 14
823 1142 45 10
823 1382 7 5
824 842 28 2
824 874 26 5
824 935 14 9
824 1023 8 1
826 939 31 12
826 965 12 5
826 1015 2 14
826 1119 5 12
826 1192 39 8
826 1362 55 2
828 876 17 13
828 1019 24 12
828 1157 12 12
828 1368 45 5
829 1063 28 13
829 1154 8 9
829 1294 22 6
829 1364 60 14
830 1062 45 7
831 845 47 6
831 1054 12 7
831 1276 49 4
832 1099 60 11
832 1105 14 4
833 1083 59 12
833 1201 42 12
833 1368 35 6
834 1011 57 4
834 1019 25 5
834 1124 13 7
835 899 40 10
835 1028 52 12
836 935 47 15
836 936 53 8
836 1014 53 6
836 1276 17 7
837 924 9 14
837 1145 37 12
837 1292 41 1
837 1350 43 14
838 948 16 15
838 1109 29 15
838 1158 60 10
838 1216 25 15
839 1078 21 3
839 1252 58 15
839 1268 59 14
839 1363 13 10
840 949 49 3
840 1018 10 9
840 1020 50 12
840 1128 15 13
840 1216 43 10
841 887 38 7
841 1122 46 2
841 1346 20 6
842 963 18 5
842 1048 54 11
842 1155 13 6
842 1314 46 4
843 911 16 12
843 929 20 10
843 1043 24 15
843 1076 43 14
843 1188 57 5
844 958 51 3
844 965 2 14
844 1103 33 15
844 1160 12 7
845 1070 53 7
845 1160 6 2
846 848 40 4
847 1065 55 1
847 1124 9 8
847 1296 6 13
848 907 24 9
848 1049 37 1
848 1266 23 1
848 1279 32 11
849 862 55 1
849 995 21 9
849 1109 35 15
849 1157 56 7
849 1194 40 5
849 1303 34 6
850 1347 48 15
851 893 29 8
851 1179 46 15
852 937 18 14
852 989 38 14
852 1312 50 11
853 982 29 14
853 1307 29 2
853 1367 31 2
854 870 31 10
854 1102 2 12
854 1373 32 1
855 1134 15 3
855 1176 10 9
855 1248 34 9
856 868 46 8
856 1043 35 2
856 1237 42 10
857 1262 22 9
857 1314 35 9
857 1333 55 12
859 949 1 1
859 1050 32 5
859 1143 22 10
859 1203 1 5
860 931 21 2
860 1180 9 11
861 934 31 7
861 1025 57 6
861 1057 3 2
861 1296 42 11
862 1074 16 12
862 1275 12 11
863 1027 40 3
863 1105 18 2
863 1192 8 12
863 1252 27 4
864 958 21 3
864 975 3 12
864 1016 48 9
864 1238 49 13
866 891 52 12
866 1066 60 11
866 1180 24 2
866 1239 48 4
866 1307 9 5
866 1358 58 6
867 1159 38 5
868 1324 59 4
869 938 41 10
869 1290 16 9
869 1350 54 9
869 1369 49 6
870 884 21 11
870 1141 59 8
870 1247 55 3
870 1371 14 4
871 920 5 7
872 1085 7 9
872 1291 27 3
873 881 58 2
873 1163 45 13
873 1284 12 6
874 924 37 10
874 1055 12 1
874 1095 51 15
874 1160 24 9
875 925 35 9
875 1120 10 12
875 1174 54 8
875 1258 27 7
875 1326 43 10
876 962 29 10
876 1090 4 5
876 1105 19 6
876 1260 7 7
877 922 4 9
877 1031 29 7
877 1094 57 15
877 1152 36 1
877 1385 22 13
878 1022 15 5
878 1056 19 3
878 1062 21 14
879 957 32 15
879 1029 22 4
879 1036 4 4
879 1144 8 9
880 1133 20 13
881 956 48 7
881 985 5 1
881 1206 6 7
881 1311 8 7
881 1315 7 4
882 1331 4 5
882 1348 54 2
883 916 23 4
883 1160 48 13
883 1201 57 1
883 1316 34 5
884 903 3 13
885 1074 39 13
885 1166 54 12
885 1330 36 14
886 890 42 8
886 1012 18 1
886 1041 11 10
886 1323 4 4
887 962 28 11
887 1089 34 2
887 1105 40 10
887 1165 2 2
887 1322 26 5
889 1008 30 12
889 1259 4 13
890 1175 32 4
890 1359 23 2
891 929 43 6
891 960 52 5
891 1260 33 10
891 1327 31 11
892 1033 1 9
892 1240 7 11
892 1346 59 10
892 1365 17 8
894 996 49 11
894 1029 60 9
894 1070 46 8
894 1072 50 3
894 1076 29 11
894 1206 24 6
894 1352 59 3
895 968 50 6
895 1231 41 5
895 1232 11 6
895 1328 35 5
896 1031 45 1
896 1068 6 14
896 1151 48 2
897 938 48 15
897 1003 1 15
897 1172 53 1
897 1255 9 13
897 1284 22 4
898 972 40 12
898 987 2 14
898 1024 47 15
898 1114 22 7
898 1245 47 2
899 1053 3 13
899 1232 59 15
900 1059 13 14
900 1353 38 14
901 1227 27 7
901 1381 2 3
902 1034 33 4
902 1054 18 11
902 1093 41 5
902 1216 19 15
902 1252 1 1
902 1343 16 3
902 1389 1 2
903 1052 19 11
903 1063 32 3
903 1354 32 3
904 954 25 3
904 1231 5 1
904 1257 14 5
905 1107 18 15
906 1041 10 11
906 1358 38 6
907 932 18 3
907 1010 15 12
908 936 45 15
908 1010 53 15
908 1044 23 12
908 1057 41 15
909 916 58 2
909 1159 23 6
910 1008 18 8
910 1043 12 14
910 1106 24 9
911 1034 13 11
911 1065 1 8
912 1358 2 9
912 1374 58 5
913 1036 21 11
913 1116 51 6
913 1140 59 5
914 1118 44 5
914 1221 2 15
915 1056 31 15
916 1076 10 8
916 1187 59 4
916 1230 30 1
916 1338 34 7
917 1007 22 8
917 1116 45 3
917 1174 53 14
918 997 55 12
918 1036 17 3
919 924 28 12
919 996 27 1
919 1169 45 12
920 1219 16 1
921 987 10 14
921 1083 34 7
921 1101 27 11
921 1269 48 3
922 1051 59 7
922 1093 49 3
922 1216 12 7
923 1036 30 13
923 1315 56 3
924 991 39 13
924 1167 56 5
924 1226 24 13
925 1067 32 13
925 1156 43 6
925 1266 42 11
925 1284 7 1
925 1380 44 3
926 934 47 4
926 952 44 9
926 1214 49 1
926 1260 24 11
927 1053 15 5
927 1065 31 13
927 1071 9 4
927 1244 52 4
928 964 57 5
928 1178 46 8
928 1383 8 10
929 957 8 1
929 1011 43 9
929 1139 17 3
929 1344 31 7
930 1156 52 12
930 1334 5 6
931 1061 50 5
931 1224 45 6
931 1379 45 7
932 948 52 13
932 1040 2 13
932 1057 28 7
932 1223 35 9
932 1362 21 3
934 1081 9 14
936 1003 54 6
936 1115 1 12
937 1124 54 2
937 1128 16 8
937 1154 2 12
937 1334 1 10
937 1380 27 9
938 954 3 1
938 1040 36 15
938 1065 43 4
938 1131 18 14
940 976 54 11
940 1038 26 13
940 1257 31 3
941 1071 20 8
941 1309 32 15
942 993 44 5
942 1389 41 7
943 1363 16 15
944 1030 41 15
944 1081 38 6
945 1030 7 14
945 1130 57 10
946 1361 27 2
947 1295 2 4
949 1238 3 3
950 1055 13 4
950 1165 31 11
950 1285 56 15
950 1299 56 4
951 1232 44 12
952 955 13 13
952 1019 51 7
952 1157 59 7
952 1279 51 14
953 1024 34 5
953 1054 30 12
954 984 21 14
955 996 23 7
955 1008 60 2
955 1063 59 8
956 1060 9 7
956 1160 19 12
957 980 52 6
957 1387 21 15
958 1168 16 9
958 1339 7 9
959 1082 57 3
959 1361 10 6
960 982 24 5
960 1093 36 9
960 1347 17 7
960 1361 38 4
961 1245 11 2
962 972 58 2
962 997 43 11
962 1206 8 7
964 1156 3 15
964 1340 5 15
965 984 2 9
965 1173 42 15
965 1194 27 7
965 1225 59 8
966 1110 55 13
966 1320 49 11
967 1043 21 3
967 1186 27 3
967 1215 47 12
967 1248 57 4
968 982 46 2
968 1052 4 4
968 1237 6 13
968 1298 6 6
969 1161 51 7
969 1284 33 7
970 1185 1 3
971 1040 55 9
971 1349 47 13
971 1367 24 9
972 998 40 6
972 1039 46 5
972 1098 13 15
972 1281 60 10
973 1311 58 4
974 1048 15 3
974 1338 5 2
975 1117 37 1
975 1198 48 13
975 1204 10 6
975 1269 58 2
975 1275 19 8
975 1326 18 1
977 1065 57 15
977 1075 45 6
977 1221 56 9
977 1345 41 7
978 986 35 3
978 1169 29 12
978 1198 39 5
978 1286 3 15
979 1042 15 1
979 1123 48 2
979 1261 2 1
979 1283 26 13
979 1329 21 5
981 1225 8 6
982 1169 8 8
983 1349 36 14
983 1366 31 11
984 1009 41 5
984 1044 55 12
984 1226 25 3
985 1012 36 12
985 1043 41 1
986 1008 5 10
986 1030 23 6
986 1113 54 1
986 1277 52 15
986 1302 25 12
986 1344 20 12
986 1381 43 13
987 1018 58 13
987 1084 43 11
988 1194 41 6
988 1322 48 10
988 1328 26 15
989 1108 22 14
990 1231 48 4
991 1209 51 14
991 1242 45 13
992 1006 40 10
992 1015 4 14
992 1054 41 12
992 1137 28 3
992 1257 12 12
992 1287 40 5
993 1042 10 6
993 1318 15 15
994 1008 2 4
994 1032 6 14
994 1042 51 7
994 1317 36 14
995 1027 2 3
995 1191 47 5
995 1263 47 9
996 1021 52 5
996 1084 15 3
997 1364 49 3
998 1017 12 15
1000 1012 29 6
1000 1203 48 12
1000 1351 46 1
1001 1088 14 4
1001 1234 22 6
1001 1350 59 13
1002 1105 58 4
1002 1145 10 8
1002 1282 35 12
1003 1173 35 5
1003 1382 4 11
1005 1081 42 14
1005 1109 57 1
1005 1119 34 7
1005 1141 60 14
1006 1063 55 9
1006 1093 41 8
1006 1116 7 1
1007 1118 44 2
1007 1381 53 9
1008 1079 40 9
1009 1025 22 15
1009 1116 53 11
1009 1149 26 2
1009 1274 45 5
1009 1326 5 6
1010 1126 41 14
1010 1239 54 8
1011 1191 3 11
1012 1082 18 12
1012 1114 37 9
1012 1349 12 6
1014 1238 50 9
1014 1333 6 5
1015 1132 40 7
1016 1365 11 13
1020 1186 53 2
1020 1285 51 15
1021 1045 2 4
1021 1349 55 5
1021 1366 44 10
1022 1224 48 1
1023 1284 26 15
1024 1282 54 14
1025 1196 42 11
1025 1278 51 5
1026 1087 2 10
1026 1146 46 14
1026 1185 16 7
1026 1209 32 6
1027 1270 19 7
1028 1234 21 5
1029 1035 52 15
1030 1208 52 1
1031 1231 38 4
1031 1312 9 1
1032 1150 50 11
1032 1222 58 6
1032 1285 45 12
1032 1355 56 12
1033 1098 1 5
1033 1101 14 13
1034 1287 7 10
1035 1222 39 11
1035 1272 21 10
1036 1170 33 13
1036 1326 59 9
1037 1166 5 15
1039 1106 50 13
1039 1178 30 13
1040 1159 54 4
1040 1194 50 15
1040 1312 26 9
1041 1068 40 2
1041 1089 3 1
1041 1154 41 10
1042 1075 21 11
1042 1127 42 9
1042 1138 37 12
1042 1165 31 10
1043 1138 14 8
1043 1177 54 15
1043 1255 41 7
1045 1217 53 6
1045 1303 28 12
1045 1308 32 8
1045 1368 8 13
1046 1196 56 7
1047 1110 13 12
1048 1187 13 11
1049 1081 51 12
1049 1111 43 9
1049 1335 2 8
1050 1065 45 1
1050 1073 53 4
1050 1114 41 9
1051 1307 20 4
1051 1310 52 9
1052 1136 2 4
1052 1142 20 7
1052 1161 29 1
1052 1386 26 12
1053 1230 25 6
1053 1257 45 2
1054 1096 53 4
1054 1299 48 3
1055 1064 9 4
1055 1129 40 7
1056 1207 11 11
1057 1357 8 11
1058 1183 18 5
1059 1094 45 15
1059 1194 52 1
1059 1217 20 10
1059 1378 36 11
1060 1157 37 5
1061 1073 46 5
1061 1079 31 6
1061 1178 49 9
1061 1227 4 10
1061 1262 52 9
1061 1320 53 13
1061 1368 48 2
1062 1087 3 15
1062 1209 23 6
1062 1305 39 5
1062 1375 24 14
1062 1381 30 7
1063 1169 37 1
1063 1268 26 4
1064 1345 35 6
1065 1319 59 8
1066 1174 57 4
1066 1202 8 10
1066 1253 7 1
1067 1367 6 15
1068 1382 1 7
1069 1114 47 4
1069 1156 18 5
1069 1240 54 7
1070 1148 20 15
1070 1331 16 6
1070 1334 8 12
1071 1119 59 9
1071 1198 40 9
1071 1332 29 4
1072 1140 59 9
1073 1122 57 7
1073 1257 22 8
1073 1322 44 1
1074 1141 45 7
1074 1191 8 13
1074 1380 34 9
1075 1168 14 4
1075 1261 42 13
1075 1339 12 1
1076 1309 43 11
1077 1140 55 12
1077 1232 30 2
1077 1352 55 7
1078 1242 28 1
1078 1331 27 3
1079 1149 32 14
1079 1198 12 11
1079 1217 46 13
1079 1324 3 15
1080 1237 38 9
1081 1362 27 14
1082 1130 55 6
1082 1284 40 10
1083 1187 31 5
1083 1325 28 7
1083 1388 59 8
1084 1169 28 6
1084 1258 19 3
1085 1287 16 3
1085 1357 1 11
1086 1170 51 3
1086 1246 26 13
1087 1128 26 14
1087 1244 32 3
1087 1375 31 3
1088 1156 33 15
1088 1167 20 9
1089 1192 56 13
1089 1193 3 11
1089 1284 51 8
1091 1140 26 5
1091 1165 52 4
1092 1164 15 14
1092 1279 31 12
1093 1098 13 15
1093 1223 45 12
1094 1145 25 14
1097 1315 39 8
1097 1346 17 10
1097 1389 1 11
1098 1183 1 1
1098 1237 49 13
1098 1313 38 7
1099 1187 13 6
1099 1291 11 10
1101 1249 3 13
1102 1138 38 12
1103 1353 6 8
1103 1383 10 15
1104 1123 38 10
1104 1286 36 8
1105 1140 14 4
1105 1240 59 7
1107 1147 56 4
1107 1233 48 2
1108 1141 16 3
1108 1197 19 15
1109 1122 30 9
1110 1116 58 4
1110 1153 2 7
1110 1249 26 1
1110 1343 14 10
1111 1256 52 6
1112 1140 43 4
1112 1363 45 2
1113 1388 53 5
1114 1121 30 4
1114 1195 40 5
1115 1270 55 5
1116 1242 32 15
1117 1201 46 10
1117 1292 9 5
1117 1358 1 13
1119 1140 8 1
1121 1139 46 6
1122 1219 2 4
1122 1354 11 8
1123 1148 50 5
1124 1220 13 8
1124 1243 38 11
1126 1176 22 6
1126 1331 41 2
1126 1387 16 2
1127 1274 52 4
1128 1152 11 13
1128 1283 32 1
1128 1322 19 6
1128 1340 47 10
1128 1355 45 12
1130 1287 2 14
1131 1325 21 1
1132 1378 21 12
1133 1142 32 8
1133 1166 50 7
1134 1150 34 7
1134 1161 26 6
1134 1378 20 8
1135 1174 48 5
1135 1292 13 2
1136 1255 10 10
1136 1342 24 5
1138 1215 54 12
1140 1218 46 1
1140 1337 21 6
1143 1198 2 1
1143 1269 44 8
1144 1251 36 2
1144 1317 39 8
1145 1254 15 12
1146 1170 1 14
1146 1274 33 1
1146 1330 44 5
1148 1242 18 8
1152 1257 55 3
1156 1297 18 3
1157 1179 24 6
1158 1192 19 4
1158 1243 18 3
1159 1276 24 15
1159 1286 13 8
1159 1326 43 15
1159 1382 37 12
1160 1175 49 1
1161 1185 41 14
1161 1295 9 14
1162 1164 15 8
1162 1221 41 3
1163 1319 25 15
1165 1381 48 2
1166 1237 42 2
1166 1250 18 7
1166 1296 26 11
1167 1239 42 6
1170 1344 15 9
1173 1349 59 3
1173 1354 56 7
1174 1282 37 2
1175 1233 17 15
1176 1249 17 4
1177 1181 5 8
1178 1233 45 4
1178 1268 12 11
1179 1306 24 5
1179 1358 29 8
1180 1303 35 8
1180 1338 48 1
1181 1230 42 9
1181 1296 16 10
1182 1337 14 11
1183 1337 16 14
1184 1204 24 15
1185 1307 48 3
1185 1327 2 7
1187 1192 57 4
1187 1194 15 13
1187 1373 9 9
1188 1325 11 5
1189 1312 36 9
1190 1226 2 3
1190 1340 30 6
1192 1240 53 13
1192 1247 38 11
1192 1281 47 5
1192 1284 32 7
1192 1354 42 5
1192 1367 41 15
1192 1387 52 14
1193 1279 55 10
1193 1376 39 7
1194 1209 4 9
1194 1259 1 3
1194 1260 27 7
1195 1380 13 4
1196 1329 11 4
1198 1362 29 10
1201 1223 17 5
1201 1349 50 1
1202 1253 39 11
1203 1366 45 11
1205 1324 30 6
1205 1352 58 11
1205 1381 29 13
1208 1326 58 4
1209 1222 45 1
1209 1325 38 4
1209 1387 59 15
1210 1261 60 1
1213 1265 41 5
1214 1317 58 3
1215 1217 20 7
1215 1237 53 4
1218 1387 9 10
1219 1281 34 2
1220 1287 26 12
1220 1340 25 3
1221 1232 34 6
1222 1239 1 3
1222 1312 14 13
1223 1246 50 10
1224 1274 23 5
1227 1296 39 3
1228 1381 13 10
1229 1349 34 7
1230 1282 44 4
1230 1296 19 8
1231 1372 18 2
1234 1318 52 14
1234 1319 19 3
1240 1369 35 15
1241 1268 1 2
1241 1328 28 9
1241 1343 11 9
1242 1276 12 15
1243 1271 18 8
1243 1322 51 8
1244 1348 22 13
1244 1365 50 12
1245 1357 9 3
1246 1269 7 11
1248 1319 52 11
1249 1374 15 5
1250 1389 3 6
1256 1294 60 5
1256 1306 54 8
1258 1328 58 3
1259 1335 10 15
1262 1275 48 15
1262 1331 29 6
1263 1298 22 12
1263 1338 33 13
1263 1371 54 11
1264 1381 52 13
1266 1329 24 15
1267 1300 4 1
1267 1315 21 3
1269 1318 6 8
1272 1273 26 1
1276 1386 27 4
1279 1380 42 7
1281 1341 39 13
1281 1356 44 1
1283 1317 5 15
1285 1340 15 6
1287 1288 54 6
1287 1351 6 11
1288 1300 17 12
1289 1306 5 6
1297 1336 32 11
1300 1324 59 14
1301 1351 35 4
1305 1373 24 12
1306 1347 3 8
1307 1352 43 2
1308 1372 3 6
1310 1343 42 3
1311 1328 53 10
1311 1346 19 2
1315 1386 55 7
1317 1326 33 5
1318 1335 60 7
1321 1389 46 1
1323 1334 16 10
1328 1332 9 1
1328 1338 12 11
1329 1360 56 7
1329 1370 13 8
1331 1372 36 13
1347 1349 45 5
1349 1373 60 4
1352 1389 5 14
1355 1359 51 5
1355 1361 45 2
1358 1368 22 10
1359 1380 14 2
1360 1363 56 2
1364 1381 3 8
1366 1388 50 3
1367 1384 41 2
1370 1377 2 13
1383 1385 28 14

0 0 14
1 6 17
2 21 36
3 31 7
4 39 6
5 56 2
6 90 12
7 96 33
8 125 11
9 129 12
10 130 30
11 155 45
12 157 49
13 162 32
14 164 35
15 174 37
16 185 44
17 208 22
18 233 34
19 241 25
20 242 40
21 245 6
22 251 17
23 254 32
24 260 33
25 266 6
26 270 19
27 276 48
28 282 48
29 298 49
30 301 47
31 310 7
32 318 24
33 340 19
34 343 34
35 347 30
36 352 37
37 361 41
38 378 44
39 386 5
40 398 31
41 408 31
42 420 22
43 423 45
44 433 18
45 438 15
46 443 23
47 451 21
48 482 50
49 488 20
50 498 18
51 505 20
52 507 36
53 516 12
54 520 29
55 536 48
56 542 46
57 559 35
58 589 20
59 596 23
60 609 26
61 625 16
62 630 14
63 637 15
64 645 9
65 658 35
66 675 17
67 676 42
68 686 32
69 704 28
70 716 47
71 721 39
72 723 11
73 740 12
74 752 32
75 756 31
76 760 46
77 764 31
78 782 26
79 785 39
80 786 33
81 793 32
82 795 14
83 801 49
84 805 29
85 807 8
86 818 50
87 839 49
88 846 23
89 861 6
90 871 21
91 892 10
92 895 41
93 903 4
94 907 24
95 912 34
96 938 45
97 940 43
98 948 4
99 962 32
100 966 15
101 973 14
102 981 35
103 1018 43
104 1042 19
105 1051 11
106 1065 50
107 1103 28
108 1104 4
109 1105 5
110 1106 30
111 1110 29
112 1117 15
113 1124 48
114 1132 19
115 1136 41
116 1139 19
117 1144 32
118 1155 32
119 1166 44
120 1168 48
121 1170 34
122 1172 16
123 1177 8
124 1180 11
125 1182 39
126 1203 17
127 1205 9
128 1215 31
129 1221 16
130 1224 4
131 1238 20
132 1239 2
133 1273 35
134 1279 14
135 1299 41
136 1348 42
137 1365 3
138 1375 49
