1754 5268 175 10

0 30 977
1 60 1837
2 90 2590
3 120 3246
4 150 3814
5 180 4302
6 210 4718
7 240 5068
8 270 5359
9 300 5597

0 14918
1 22041
2 17502
3 14503
4 23890
5 19377
6 17693
7 18235
8 20117
9 18938
10 17868
11 15823
12 18645
13 16911
14 19587
15 22846
16 15549
17 18303
18 19379
19 18463
20 23426
21 20537
22 17961
23 22318
24 28559
25 13709
26 22098
27 22086
28 15671
29 19960
30 22273
31 20083
32 19892
33 19493
34 19973
35 22776
36 11977
37 20761
38 15187
39 22058
40 28351
41 16306
42 23285
43 20095
44 26344
45 20387
46 22436
47 16832
48 16976
49 18895
50 22885
51 15502
52 24186
53 20837
54 14724
55 16520
56 15467
57 21573
58 14516
59 22201
60 22035
61 15982
62 21185
63 22973
64 20260
65 16687
66 20181
67 21930
68 16489
69 20025
70 24757
71 22222
72 23698
73 17996
74 17616
75 17805
76 17024
77 19171
78 20128
79 23590
80 17555
81 16495
82 20794
83 16046
84 17904
85 24615
86 23665
87 15802
88 24989
89 19853
90 23203
91 17774
92 21310
93 21330
94 13541
95 13127
96 19970
97 20549
98 13925
99 20347
100 24524
101 21695
102 22739
103 16185
104 23041
105 30352
106 18899
107 20153
108 19254
109 17647
110 20602
111 23711
112 21602
113 20206
114 23134
115 16841
116 23981
117 28585
118 19042
119 25272
120 20546
121 16811
122 20240
123 19833
124 22835
125 16517
126 28451
127 20600
128 16955
129 23804
130 22202
131 26935
132 20240
133 19368
134 15912
135 17137
136 19166
137 18216
138 22319
139 23896
140 22401
141 19783
142 23207
143 19235
144 16936
145 18430
146 17913
147 27816
148 15859
149 23590
150 20314
151 19716
152 23652
153 21395
154 16896
155 21118
156 20733
157 21439
158 21438
159 22825
160 20319
161 26849
162 26159
163 25904
164 22180
165 24452
166 17754
167 20682
168 14247
169 16983
170 18213
171 18410
172 19583
173 14741
174 19179
175 16593
176 25991
177 23113
178 20704
179 18720
180 20381
181 24823
182 12674
183 19212
184 15660
185 22320
186 17253
187 19368
188 15254
189 18229
190 19259
191 21110
192 19568
193 22710
194 18219
195 22879
196 22028
197 19599
198 24885
199 23585
200 29654
201 17841
202 22432
203 26950
204 14220
205 21858
206 17532
207 19760
208 14910
209 22650
210 22506
211 18196
212 14922
213 19534
214 21591
215 24688
216 20491
217 21331
218 20954
219 16377
220 20493
221 24264
222 19529
223 20526
224 18831
225 19159
226 23927
227 27187
228 22750
229 22667
230 24784
231 18294
232 21756
233 20453
234 14679
235 19923
236 22669
237 20841
238 25427
239 19058
240 15616
241 18269
242 22938
243 22003
244 15364
245 13397
246 19772
247 23590
248 20670
249 14535
250 19896
251 21289
252 16018
253 21774
254 22453
255 21429
256 17534
257 18755
258 19793
259 20024
260 11293
261 24386
262 19741
263 21749
264 12504
265 17970
266 19033
267 24400
268 17411
269 20572
270 19557
271 22430
272 23406
273 17540
274 20235
275 19687
276 15066
277 20923
278 18586
279 21819
280 26913
281 22951
282 17563
283 17723
284 25939
285 18729
286 17390
287 15801
288 20807
289 21821
290 17963
291 16217
292 19074
293 18273
294 23746
295 25696
296 15945
297 21827
298 19762
299 14229
300 19657
301 21304
302 18636
303 21144
304 21598
305 22568
306 11363
307 22875
308 19611
309 19901
310 20707
311 18180
312 19864
313 23049
314 15549
315 21744
316 20822
317 19118
318 20280
319 24010
320 19955
321 15562
322 19507
323 18661
324 16728
325 21399
326 20272
327 15830
328 22137
329 18953
330 28810
331 20822
332 19303
333 18824
334 15862
335 16464
336 22968
337 20925
338 21058
339 22734
340 18990
341 23666
342 20282
343 18177
344 18703
345 19998
346 26202
347 21824
348 17144
349 13455
350 24662
351 21099
352 15833
353 23477
354 17764
355 19203
356 20077
357 22325
358 23662
359 20967
360 19347
361 18705
362 18766
363 17701
364 17414
365 20150
366 21122
367 24896
368 18706
369 14431
370 17920
371 22059
372 20000
373 23575
374 15018
375 21241
376 23421
377 18484
378 22994
379 16448
380 16387
381 23409
382 17528
383 20754
384 19462
385 18875
386 17873
387 21499
388 17104
389 20094
390 25536
391 15674
392 18222
393 21468
394 16923
395 23060
396 17542
397 31051
398 14772
399 15663
400 18455
401 29927
402 20716
403 19286
404 16299
405 16517
406 14860
407 15399
408 18144
409 21980
410 19550
411 16575
412 16999
413 22686
414 21092
415 22052
416 26012
417 23509
418 23298
419 23620
420 16482
421 16707
422 26381
423 20528
424 20967
425 17335
426 28084
427 25616
428 20219
429 17866
430 21748
431 23573
432 24786
433 20280
434 16145
435 26194
436 19373
437 13849
438 23174
439 20754
440 21457
441 25851
442 17783
443 20052
444 18495
445 17827
446 12820
447 22466
448 20019
449 25620
450 14626
451 17232
452 18963
453 19775
454 24303
455 18639
456 23657
457 20124
458 17364
459 18954
460 15457
461 18778
462 22186
463 19963
464 14434
465 24454
466 21827
467 19937
468 21494
469 21998
470 21528
471 26299
472 20145
473 18668
474 18450
475 22615
476 24106
477 24206
478 18216
479 19925
480 20467
481 21946
482 23056
483 23366
484 18787
485 17627
486 27976
487 14674
488 19670
489 13581
490 20257
491 19660
492 18490
493 18742
494 16755
495 23509
496 24322
497 25576
498 19050
499 21340
500 19389
501 20734
502 25459
503 17738
504 17814
505 20429
506 14787
507 15656
508 20287
509 17538
510 17594
511 17807
512 20201
513 18103
514 15684
515 17808
516 21708
517 21934
518 27431
519 14941
520 17777
521 18158
522 20464
523 24718
524 22071
525 21800
526 23536
527 19757
528 22694
529 18406
530 23755
531 15040
532 24263
533 22316
534 18818
535 24691
536 18870
537 15461
538 23371
539 20463
540 24884
541 18364
542 22386
543 18633
544 19637
545 21468
546 19347
547 16360
548 17719
549 20566
550 22769
551 23896
552 24852
553 10087
554 26950
555 24693
556 19790
557 19959
558 24421
559 14365
560 20225
561 20031
562 24143
563 18066
564 23537
565 23018
566 21023
567 17121
568 23355
569 21099
570 19303
571 16434
572 21766
573 21064
574 22458
575 15836
576 19364
577 20040
578 19815
579 21093
580 23586
581 25076
582 20836
583 17497
584 25683
585 22243
586 20631
587 19513
588 19993
589 25026
590 19998
591 23843
592 17990
593 23127
594 18653
595 21740
596 19311
597 23746
598 28433
599 21399
600 20648
601 24126
602 17910
603 23635
604 16330
605 20935
606 21873
607 18154
608 16324
609 19019
610 16108
611 25686
612 19783
613 31080
614 21938
615 19801
616 20662
617 21100
618 18864
619 18015
620 19663
621 23679
622 26942
623 17766
624 19468
625 20536
626 21466
627 24773
628 18922
629 14540
630 19243
631 18056
632 13750
633 22539
634 23863
635 19862
636 16658
637 25272
638 22164
639 17174
640 16152
641 24658
642 21999
643 23727
644 25584
645 15588
646 19136
647 23586
648 24487
649 20119
650 30951
651 22398
652 21929
653 20383
654 19512
655 17684
656 18367
657 25353
658 21006
659 13661
660 21571
661 19590
662 20006
663 24270
664 21415
665 19015
666 14762
667 22145
668 22817
669 22069
670 23328
671 16881
672 19385
673 21961
674 18871
675 25280
676 22394
677 21786
678 19281
679 20238
680 20988
681 22320
682 21884
683 23871
684 30502
685 21107
686 21048
687 22133
688 18707
689 16058
690 22214
691 22512
692 20560
693 17210
694 22036
695 17658
696 16020
697 21212
698 21140
699 18090
700 11470
701 23451
702 21792
703 18578
704 20984
705 16594
706 24282
707 24651
708 22050
709 21964
710 24798
711 16798
712 19598
713 19979
714 16484
715 15642
716 28409
717 24820
718 14607
719 19669
720 16625
721 18455
722 17719
723 21427
724 21586
725 21618
726 19595
727 17172
728 19410
729 17954
730 22499
731 21473
732 22501
733 18801
734 15623
735 19391
736 18836
737 17565
738 24887
739 15885
740 21525
741 13355
742 20597
743 22313
744 21317
745 22352
746 13518
747 16487
748 21423
749 19983
750 21395
751 15938
752 22765
753 19317
754 19721
755 22322
756 16746
757 22814
758 20834
759 22888
760 18865
761 10448
762 18657
763 18777
764 20165
765 19573
766 17519
767 28118
768 15245
769 20387
770 18143
771 23294
772 17044
773 23268
774 23801
775 20903
776 20240
777 20912
778 25385
779 21238
780 18998
781 24825
782 23457
783 18643
784 21012
785 26079
786 21783
787 12516
788 21658
789 22092
790 20358
791 18451
792 20453
793 22554
794 15678
795 17461
796 20359
797 13195
798 15909
799 23111
800 25008
801 21162
802 18282
803 17473
804 20953
805 21263
806 24894
807 18149
808 19419
809 17074
810 23016
811 22406
812 20605
813 15622
814 15771
815 21657
816 20415
817 21562
818 21598
819 20063
820 14245
821 20321
822 21426
823 21231
824 17033
825 22765
826 15512
827 20954
828 16400
829 19146
830 18222
831 18071
832 17002
833 14708
834 18706
835 24387
836 21256
837 21534
838 15232
839 11160
840 11275
841 21938
842 15823
843 21287
844 15171
845 16428
846 18366
847 24795
848 19443
849 21983
850 21924
851 19726
852 23139
853 23621
854 20422
855 19455
856 21070
857 21073
858 23496
859 17821
860 18243
861 18238
862 18098
863 21498
864 14547
865 24268
866 21982
867 13638
868 28802
869 18035
870 14436
871 18558
872 24245
873 20819
874 15619
875 20182
876 17134
877 19015
878 21228
879 23752
880 18919
881 20348
882 25887
883 20255
884 16503
885 21617
886 20031
887 26134
888 22743
889 20944
890 22769
891 13519
892 19362
893 20449
894 21414
895 16546
896 14318
897 23248
898 24306
899 20890
900 22605
901 26468
902 22667
903 20773
904 20430
905 23877
906 26303
907 22509
908 17178
909 24534
910 22458
911 22518
912 22867
913 19272
914 14488
915 12528
916 18750
917 17530
918 19172
919 25167
920 24594
921 20590
922 15038
923 16715
924 14208
925 23278
926 18544
927 19199
928 16369
929 19007
930 19953
931 23395
932 19541
933 23480
934 21608
935 26945
936 20320
937 25436
938 23789
939 19614
940 17519
941 19457
942 21563
943 24752
944 23256
945 25453
946 10790
947 21918
948 17262
949 17925
950 19393
951 17979
952 21065
953 15334
954 21482
955 14878
956 16022
957 15583
958 21288
959 24387
960 28060
961 21229
962 19539
963 22660
964 20640
965 16674
966 16701
967 22047
968 18168
969 16097
970 24745
971 18926
972 26815
973 17164
974 23027
975 19668
976 13155
977 15237
978 16867
979 18239
980 19855
981 20368
982 15779
983 21135
984 23193
985 23111
986 16974
987 22851
988 23393
989 19685
990 24465
991 18736
992 16857
993 16708
994 16036
995 22423
996 24105
997 22665
998 22385
999 17685
1000 20182
1001 26665
1002 18341
1003 24909
1004 20568
1005 16581
1006 23852
1007 21923
1008 15482
1009 17487
1010 19519
1011 19054
1012 20034
1013 19894
1014 21107
1015 23903
1016 17250
1017 16976
1018 26635
1019 18755
1020 18720
1021 25174
1022 21186
1023 27875
1024 16493
1025 22714
1026 24751
1027 19268
1028 27736
1029 15784
1030 16439
1031 21226
1032 27636
1033 15899
1034 19745
1035 15767
1036 16660
1037 26315
1038 17046
1039 14659
1040 14591
1041 22253
1042 17924
1043 19367
1044 22581
1045 15893
1046 23683
1047 14097
1048 25879
1049 23259
1050 22178
1051 20214
1052 22206
1053 22727
1054 22490
1055 26804
1056 17538
1057 16721
1058 21979
1059 17288
1060 21766
1061 17556
1062 19764
1063 23106
1064 18497
1065 20494
1066 21599
1067 19799
1068 19173
1069 22050
1070 17039
1071 23760
1072 22373
1073 16835
1074 18599
1075 22779
1076 16953
1077 22055
1078 24951
1079 23245
1080 20991
1081 23101
1082 27217
1083 22761
1084 22500
1085 16320
1086 21646
1087 24901
1088 20495
1089 26814
1090 19862
1091 22504
1092 22734
1093 25523
1094 15380
1095 19981
1096 21134
1097 18655
1098 23903
1099 19236
1100 18159
1101 25436
1102 13495
1103 20495
1104 19105
1105 23829
1106 23004
1107 28773
1108 23852
1109 17613
1110 14024
1111 15964
1112 20241
1113 16810
1114 20677
1115 23559
1116 16892
1117 18144
1118 19635
1119 19135
1120 26191
1121 21503
1122 13204
1123 23672
1124 16319
1125 17455
1126 16896
1127 17739
1128 24023
1129 19116
1130 20841
1131 19945
1132 26743
1133 12955
1134 20787
1135 22767
1136 20659
1137 22007
1138 25679
1139 21419
1140 18618
1141 20042
1142 22410
1143 21837
1144 21576
1145 23280
1146 22743
1147 27435
1148 19086
1149 23252
1150 25540
1151 16675
1152 22115
1153 24214
1154 17206
1155 21385
1156 16728
1157 17158
1158 22858
1159 21228
1160 26061
1161 17973
1162 18661
1163 21806
1164 23103
1165 19141
1166 19483
1167 19520
1168 20368
1169 23858
1170 19981
1171 17079
1172 16499
1173 17910
1174 24097
1175 22304
1176 17158
1177 27118
1178 21550
1179 25391
1180 21225
1181 19354
1182 20266
1183 14848
1184 21237
1185 22421
1186 14400
1187 24962
1188 22617
1189 15672
1190 22581
1191 20485
1192 19355
1193 19081
1194 18268
1195 22393
1196 18911
1197 16166
1198 20911
1199 24650
1200 22344
1201 21003
1202 23984
1203 19053
1204 23397
1205 22174
1206 17847
1207 19812
1208 21983
1209 22623
1210 15502
1211 23407
1212 15966
1213 24540
1214 20352
1215 20548
1216 25164
1217 20472
1218 24221
1219 21622
1220 21573
1221 18816
1222 21199
1223 23894
1224 15040
1225 16350
1226 13870
1227 18323
1228 19262
1229 20291
1230 21289
1231 14727
1232 21793
1233 18238
1234 16087
1235 21512
1236 20753
1237 16907
1238 26122
1239 17527
1240 19917
1241 16741
1242 18924
1243 16166
1244 15686
1245 16436
1246 22715
1247 17679
1248 22804
1249 19928
1250 23075
1251 24290
1252 15908
1253 17790
1254 17715
1255 15099
1256 21519
1257 20150
1258 18038
1259 20968
1260 18021
1261 24037
1262 19745
1263 16494
1264 20354
1265 21087
1266 22182
1267 19844
1268 20158
1269 20131
1270 17984
1271 20928
1272 19045
1273 21008
1274 14758
1275 17583
1276 21818
1277 17448
1278 21658
1279 24272
1280 20973
1281 18841
1282 15145
1283 17805
1284 21139
1285 25856
1286 16726
1287 16975
1288 22712
1289 16813
1290 16519
1291 19391
1292 20007
1293 25683
1294 18246
1295 20347
1296 22567
1297 28078
1298 26406
1299 15360
1300 16602
1301 18486
1302 21344
1303 18579
1304 20483
1305 21447
1306 23566
1307 20412
1308 18750
1309 22641
1310 23932
1311 20193
1312 19441
1313 21151
1314 19242
1315 18361
1316 15931
1317 25578
1318 24746
1319 18648
1320 16768
1321 23033
1322 18390
1323 17968
1324 29376
1325 20652
1326 17746
1327 20857
1328 13431
1329 16107
1330 22470
1331 22431
1332 16711
1333 18470
1334 18675
1335 22776
1336 23268
1337 16871
1338 24586
1339 24987
1340 15716
1341 17472
1342 23067
1343 19804
1344 23198
1345 16812
1346 22786
1347 23096
1348 25486
1349 13723
1350 16898
1351 22837
1352 19055
1353 19527
1354 11858
1355 19755
1356 22093
1357 22107
1358 16790
1359 20411
1360 19580
1361 10087
1362 20072
1363 16773
1364 17581
1365 18360
1366 20349
1367 21530
1368 16423
1369 19022
1370 22467
1371 22750
1372 18066
1373 20734
1374 19784
1375 21708
1376 22057
1377 19461
1378 21307
1379 20083
1380 19311
1381 21688
1382 18715
1383 20297
1384 18978
1385 23940
1386 21498
1387 18980
1388 15571
1389 21161
1390 26367
1391 18119
1392 19301
1393 19009
1394 16665
1395 18535
1396 22458
1397 26427
1398 17547
1399 22798
1400 22793
1401 20745
1402 23794
1403 18010
1404 19504
1405 21294
1406 23688
1407 20711
1408 15443
1409 22800
1410 14849
1411 16815
1412 17602
1413 10935
1414 14322
1415 22194
1416 17232
1417 21393
1418 13815
1419 10087
1420 23437
1421 20678
1422 16029
1423 20070
1424 21696
1425 22984
1426 22825
1427 23396
1428 20996
1429 22949
1430 18015
1431 23107
1432 16702
1433 21025
1434 24077
1435 22973
1436 16780
1437 18200
1438 23367
1439 20267
1440 19179
1441 22463
1442 14533
1443 19992
1444 22436
1445 26239
1446 15428
1447 23176
1448 16771
1449 16195
1450 20812
1451 20963
1452 19484
1453 19463
1454 22673
1455 25312
1456 26711
1457 23824
1458 18845
1459 23062
1460 22037
1461 23178
1462 25630
1463 22425
1464 21597
1465 15596
1466 17505
1467 19868
1468 19961
1469 16605
1470 20927
1471 17205
1472 24102
1473 24863
1474 18775
1475 18892
1476 18655
1477 22589
1478 17908
1479 23731
1480 18608
1481 20497
1482 15676
1483 20571
1484 19005
1485 16570
1486 13626
1487 19622
1488 22557
1489 13449
1490 19815
1491 20774
1492 18907
1493 24441
1494 21394
1495 21510
1496 21106
1497 17836
1498 20574
1499 18519
1500 28381
1501 17962
1502 16957
1503 19108
1504 18067
1505 18103
1506 15225
1507 24475
1508 21925
1509 18006
1510 23018
1511 21742
1512 21802
1513 17189
1514 22842
1515 22366
1516 15983
1517 12408
1518 22174
1519 22072
1520 21639
1521 14088
1522 18320
1523 23245
1524 27189
1525 20457
1526 20248
1527 20527
1528 21047
1529 14972
1530 16636
1531 19503
1532 15661
1533 20501
1534 26445
1535 22054
1536 19674
1537 15923
1538 17303
1539 18617
1540 20737
1541 22281
1542 24464
1543 23551
1544 23167
1545 21100
1546 21483
1547 21447
1548 18599
1549 21733
1550 19940
1551 21087
1552 20488
1553 18688
1554 16579
1555 24884
1556 26840
1557 24002
1558 19069
1559 15988
1560 22875
1561 21842
1562 28170
1563 26649
1564 24463
1565 20454
1566 24782
1567 16860
1568 20954
1569 19231
1570 20699
1571 17721
1572 20002
1573 22588
1574 20688
1575 21649
1576 21198
1577 13261
1578 19485
1579 21834
1580 23132
1581 23633
1582 12091
1583 15796
1584 18328
1585 17735
1586 20765
1587 20115
1588 19245
1589 17227
1590 18301
1591 23395
1592 20024
1593 16123
1594 19091
1595 17021
1596 21430
1597 20062
1598 16212
1599 18603
1600 19155
1601 15137
1602 10319
1603 21227
1604 22678
1605 17777
1606 18927
1607 21884
1608 19401
1609 23298
1610 15132
1611 22082
1612 12145
1613 15026
1614 15002
1615 20051
1616 16569
1617 23272
1618 19837
1619 21677
1620 22067
1621 19880
1622 22766
1623 21799
1624 18972
1625 19576
1626 17664
1627 16401
1628 19718
1629 20905
1630 21015
1631 18662
1632 21533
1633 21185
1634 23999
1635 17486
1636 17553
1637 20818
1638 22132
1639 20394
1640 25573
1641 25127
1642 16196
1643 22706
1644 19943
1645 22398
1646 19118
1647 19576
1648 19045
1649 21217
1650 22741
1651 24181
1652 18079
1653 25656
1654 21744
1655 23433
1656 23708
1657 19268
1658 21681
1659 23718
1660 23946
1661 20968
1662 15454
1663 17733
1664 21986
1665 18457
1666 14250
1667 26970
1668 24734
1669 18731
1670 13174
1671 22930
1672 18638
1673 20055
1674 13401
1675 21189
1676 21890
1677 15769
1678 23997
1679 18945
1680 21211
1681 18496
1682 18773
1683 20534
1684 17651
1685 20368
1686 16420
1687 24205
1688 21574
1689 28793
1690 18350
1691 17229
1692 22617
1693 18223
1694 18051
1695 22361
1696 18811
1697 15820
1698 18198
1699 19925
1700 20443
1701 23212
1702 17547
1703 20802
1704 25411
1705 17719
1706 21414
1707 23966
1708 20610
1709 19158
1710 23634
1711 19608
1712 19758
1713 22510
1714 17889
1715 20477
1716 26964
1717 17880
1718 20729
1719 20406
1720 19008
1721 14622
1722 22949
1723 15245
1724 20543
1725 15871
1726 24961
1727 22611
1728 22272
1729 15588
1730 22018
1731 18497
1732 21311
1733 22983
1734 25730
1735 20008
1736 21750
1737 20798
1738 22879
1739 21693
1740 23490
1741 20814
1742 25220
1743 18356
1744 15334
1745 19251
1746 10257
1747 20233
1748 21567
1749 18845
1750 19934
1751 18669
1752 23153
1753 14223

0 221 12 8
0 439 26 14
0 463 51 11
0 652 19 10
0 894 32 1
0 1202 54 11
0 1279 53 12
0 1317 40 13
0 1485 51 5
0 1597 43 10
0 1644 55 15
1 370 13 14
1 439 14 3
1 463 5 1
1 539 55 10
1 652 20 6
1 1076 23 4
1 1279 16 5
2 200 1 1
2 439 43 14
2 463 38 10
2 652 37 14
2 758 41 7
2 786 10 8
2 830 57 15
2 1262 59 5
2 1279 37 4
3 93 45 5
3 302 32 3
3 672 7 8
3 798 9 8
3 1496 28 12
4 289 5 13
4 294 24 11
4 814 52 1
4 1245 38 12
4 1323 18 10
4 1355 32 12
4 1370 25 12
4 1455 8 12
4 1555 10 13
5 81 25 10
5 501 48 13
5 617 6 7
5 1530 38 14
6 66 26 6
6 1129 26 9
6 1151 49 11
6 1295 45 7
6 1333 24 7
6 1749 27 13
7 14 39 6
7 247 25 11
7 395 39 12
7 1104 5 7
7 1108 55 3
7 1110 31 3
7 1408 27 4
7 1494 46 6
8 52 47 5
8 217 47 5
8 285 28 9
8 304 56 1
8 549 46 7
8 1498 19 8
8 1611 3 7
9 10 35 4
9 32 3 12
9 599 28 14
9 837 24 15
9 1402 11 1
9 1603 55 12
10 233 27 4
10 361 49 7
10 673 26 3
10 878 24 7
10 1563 45 9
10 1632 35 3
10 1728 50 1
11 61 41 9
11 534 37 9
11 683 55 14
11 763 22 7
11 828 21 10
11 1239 48 13
11 1287 39 13
12 203 52 6
12 674 51 4
12 1060 11 2
12 1283 47 1
12 1287 59 10
12 1569 37 7
13 37 36 4
13 168 18 12
13 266 57 1
13 292 33 11
13 367 9 2
13 984 11 10
13 1324 19 1
13 1460 53 3
13 1718 17 2
14 175 57 5
14 394 47 12
14 1371 35 1
15 246 29 12
15 387 30 1
15 451 46 8
15 748 52 3
15 799 35 10
15 909 49 5
15 925 50 14
15 1627 42 5
15 1673 40 10
16 193 29 6
16 990 15 3
16 1658 59 11
17 185 29 3
17 653 19 10
17 879 54 14
17 978 36 1
17 1042 31 7
17 1378 52 10
17 1430 58 1
17 1595 39 6
18 813 13 6
18 1565 54 8
18 1740 5 4
19 127 29 4
19 368 55 2
19 721 44 12
19 784 21 4
19 960 21 4
19 992 42 12
19 1084 40 8
19 1722 45 8
20 38 53 14
20 39 3 10
20 308 46 1
20 1322 26 10
20 1433 56 9
21 244 18 6
21 791 10 15
21 1005 2 10
21 1006 34 14
21 1138 53 15
21 1472 46 4
21 1484 42 7
21 1656 56 3
21 1703 44 7
22 262 20 9
22 519 6 1
22 882 51 12
22 888 14 10
23 63 8 8
23 349 39 5
23 362 12 8
23 1175 22 11
23 1659 16 5
24 1208 21 6
25 531 38 14
25 546 55 12
25 690 39 7
25 1575 39 9
25 1584 14 3
26 651 4 11
27 314 40 15
27 992 42 3
27 1054 31 14
27 1719 48 9
28 578 46 7
28 651 21 5
28 697 25 13
28 1093 41 11
28 1143 54 8
28 1187 54 7
28 1624 44 3
28 1753 41 14
29 152 54 13
29 1148 52 12
29 1507 44 4
30 412 44 13
30 498 15 13
30 509 5 1
30 653 26 3
30 776 47 15
30 1071 58 8
30 1099 42 6
30 1696 55 14
30 1750 27 3
31 575 17 12
31 580 54 14
31 674 40 11
31 777 43 9
31 1116 11 6
32 149 47 9
32 255 15 10
32 502 39 11
32 575 35 3
32 733 5 10
32 776 38 5
32 1038 32 11
32 1069 50 11
32 1699 20 5
33 434 35 3
33 444 4 1
33 469 52 2
33 619 3 10
33 768 10 7
33 1416 21 12
34 583 7 1
34 897 59 9
34 1672 7 14
35 528 57 5
35 838 28 10
35 1011 5 14
35 1078 50 14
35 1632 22 9
36 75 18 2
36 570 5 12
36 597 53 14
36 957 57 6
36 1041 13 12
36 1399 53 7
36 1532 35 4
37 56 60 14
37 402 11 4
37 632 34 10
37 1604 11 8
37 1656 58 10
37 1721 58 2
38 84 7 9
38 100 40 15
38 525 53 2
38 855 21 3
38 1261 19 8
38 1535 38 12
39 135 48 11
39 317 1 6
39 663 54 9
39 856 42 2
39 1029 13 10
39 1110 56 2
39 1416 25 4
40 417 19 3
40 558 30 10
41 246 41 4
41 426 49 3
41 525 47 8
41 748 37 14
41 1266 28 13
41 1746 18 1
42 196 2 8
42 468 33 14
42 648 42 9
42 1364 59 9
43 195 25 5
43 342 3 13
43 497 41 10
43 1112 16 8
43 1115 13 6
43 1350 32 15
43 1549 56 5
44 70 48 14
44 416 57 9
44 890 26 2
44 1059 51 6
44 1068 8 4
44 1467 9 13
44 1689 22 6
45 393 40 4
45 710 26 11
45 1061 32 13
45 1310 30 8
45 1516 32 12
45 1606 6 3
45 1629 38 14
46 164 23 7
46 181 25 3
46 921 9 13
46 955 45 14
46 1295 7 12
46 1442 16 1
46 1481 24 9
46 1571 29 6
47 565 7 7
47 634 16 5
47 810 36 11
47 1371 42 4
48 251 18 2
48 304 28 6
48 435 1 1
48 699 7 12
48 768 36 6
49 487 7 6
49 737 5 14
49 791 26 9
49 1045 57 4
49 1354 58 7
49 1426 25 10
49 1518 31 4
50 77 14 1
50 774 34 4
50 1197 24 11
50 1687 57 6
51 351 60 8
51 581 28 15
51 819 16 6
51 1168 2 9
51 1481 41 14
52 381 5 15
52 797 55 3
52 867 6 15
52 1339 13 6
52 1542 20 10
52 1568 17 4
53 513 24 10
53 565 12 4
53 745 44 10
53 957 25 12
53 1089 3 5
53 1334 55 11
53 1359 14 8
53 1365 48 6
53 1534 58 2
54 69 56 2
54 207 36 8
54 605 52 8
54 685 60 5
54 734 2 14
54 1133 20 11
54 1729 53 7
55 127 35 5
55 547 3 15
55 619 56 6
55 670 17 10
55 892 50 2
55 908 26 11
55 1322 16 11
55 1671 33 2
55 1708 13 5
56 230 2 14
56 461 12 1
56 807 18 5
56 1472 18 5
56 1641 29 15
57 121 46 3
57 158 1 2
57 163 18 3
57 317 5 5
57 1103 27 10
57 1129 54 10
57 1292 59 4
58 264 20 3
58 432 47 6
58 846 21 2
58 1307 59 11
58 1325 15 3
58 1433 4 7
58 1486 7 13
59 90 2 5
59 144 36 7
59 778 15 11
59 887 48 15
59 1144 26 9
59 1363 2 15
60 625 22 8
60 979 13 2
60 1245 34 8
60 1501 32 12
60 1598 45 9
61 123 25 8
61 213 39 4
61 322 14 10
61 420 39 5
61 946 52 15
62 528 36 12
62 529 11 10
62 889 17 10
62 915 32 15
62 1322 19 10
62 1392 14 3
62 1588 41 12
63 543 42 2
63 901 37 15
63 1386 24 5
63 1631 14 3
64 242 2 10
64 722 55 7
65 377 28 3
65 705 32 15
65 818 43 9
65 1113 52 4
66 281 59 5
66 660 19 12
66 917 55 15
67 807 43 14
67 811 42 15
67 815 17 10
68 170 28 10
68 488 11 4
68 1491 14 1
68 1593 8 14
69 1019 58 8
69 1176 9 6
70 418 29 1
70 1449 55 12
70 1477 58 11
71 396 3 13
71 421 51 15
71 794 25 1
71 868 32 5
71 1682 38 1
72 214 44 10
72 448 37 9
72 533 50 12
72 594 40 13
72 869 7 7
72 1436 41 6
73 612 12 9
73 1411 40 11
73 1437 35 8
73 1533 25 6
74 164 27 12
74 813 53 1
74 1397 32 5
74 1561 52 7
75 99 6 15
75 237 54 5
75 432 45 12
75 639 25 15
75 910 38 9
75 1294 41 15
76 197 36 12
76 388 16 1
77 147 19 4
77 673 30 8
77 1404 18 10
77 1504 20 1
77 1527 2 4
78 275 52 8
78 286 37 2
78 586 10 9
78 613 25 5
78 662 3 5
78 822 55 11
78 1044 15 4
78 1131 51 7
78 1147 15 14
78 1481 36 6
79 230 10 12
79 372 15 8
79 467 44 4
79 860 7 11
79 1434 51 15
79 1689 48 8
80 596 20 7
80 657 30 14
80 1125 3 4
80 1178 48 5
80 1347 55 4
80 1514 47 10
81 201 54 3
81 247 10 9
81 635 20 7
81 807 55 7
81 1277 10 1
82 187 27 13
82 583 60 13
82 615 36 14
82 1024 43 9
82 1473 39 12
83 94 18 10
83 216 16 9
83 253 43 12
83 335 60 15
83 571 42 4
83 917 13 6
83 1165 20 11
83 1246 41 2
83 1559 50 1
84 242 60 1
84 1190 18 4
84 1357 47 11
84 1724 54 14
85 187 19 4
85 315 60 15
85 389 45 9
85 472 26 14
85 553 19 3
85 644 16 11
85 738 55 15
85 767 1 8
85 1360 33 14
85 1455 35 3
85 1554 59 5
85 1615 47 2
86 175 19 5
86 184 34 7
86 973 57 4
86 1074 24 9
86 1373 48 10
86 1699 53 4
86 1721 15 2
87 372 60 12
87 892 10 11
87 912 33 10
87 1246 13 10
87 1491 58 9
87 1569 43 10
87 1589 22 3
88 215 50 12
88 443 6 3
88 740 16 2
88 794 7 4
88 1091 13 7
88 1307 7 4
88 1491 23 1
89 237 24 3
89 723 58 6
89 817 12 14
89 871 29 15
89 878 38 13
89 1488 15 2
90 310 2 11
90 584 39 15
91 395 17 13
91 763 49 12
91 764 34 4
91 773 12 15
91 997 7 9
91 1291 45 10
91 1335 3 2
91 1550 15 5
92 97 39 2
92 299 48 1
92 540 46 6
92 920 7 12
92 1047 8 7
92 1266 38 8
93 117 3 1
93 255 50 12
93 762 36 12
93 802 20 6
93 1486 58 6
93 1602 49 4
93 1729 53 7
94 199 13 10
94 412 15 1
94 456 41 8
94 682 20 13
94 852 15 11
94 998 29 12
94 1305 27 13
94 1532 53 9
94 1666 7 13
95 212 45 6
95 1037 43 15
95 1162 1 7
96 111 2 9
96 291 5 2
96 508 33 4
96 537 43 14
96 1243 58 4
96 1510 13 15
97 324 23 4
97 371 14 1
97 953 25 6
97 1038 2 3
98 249 1 4
98 633 52 8
98 791 33 15
98 884 59 1
98 989 36 13
98 1259 5 13
99 173 28 10
99 213 10 8
99 232 49 13
99 280 29 3
99 514 55 10
99 817 17 1
99 1472 59 14
99 1564 48 2
99 1655 52 7
99 1659 30 1
100 1031 40 6
100 1536 21 14
101 157 35 7
101 341 33 5
101 892 37 6
101 1467 59 5
102 209 7 2
102 304 56 3
102 509 54 8
102 700 43 2
102 832 43 1
102 1103 51 7
102 1145 35 4
102 1176 20 11
102 1208 34 6
102 1656 33 15
103 611 11 2
103 800 13 9
103 1150 32 5
104 125 54 5
104 178 37 8
104 556 1 4
104 560 10 10
104 693 1 8
104 915 40 5
104 980 6 6
104 1201 49 7
104 1607 34 6
105 154 48 14
105 462 11 1
105 942 58 10
106 144 47 1
106 344 45 13
106 753 34 7
106 918 23 10
107 305 5 14
107 375 52 15
107 1042 13 4
107 1493 29 4
108 1663 10 7
109 321 3 4
109 345 45 3
109 467 49 9
109 639 14 6
109 845 2 5
109 1001 57 3
109 1059 43 12
109 1275 17 4
109 1523 11 3
109 1599 39 2
110 409 47 4
110 1070 51 11
110 1288 28 7
110 1321 52 9
111 302 29 1
111 494 19 12
111 520 12 15
111 1359 31 7
111 1415 37 15
111 1466 57 6
112 219 23 15
112 638 55 3
112 719 32 7
112 935 25 9
112 974 5 13
112 1311 48 13
112 1434 25 4
113 533 37 7
113 622 22 9
113 1191 58 2
113 1547 27 8
113 1622 56 6
114 677 8 11
114 713 23 6
114 786 51 8
114 894 28 15
114 1272 22 13
114 1424 35 2
115 188 31 12
115 754 30 9
115 985 56 4
115 1000 58 8
115 1368 32 13
115 1728 6 13
116 202 29 5
116 265 47 7
116 278 30 13
116 375 41 13
116 864 34 10
116 893 43 9
116 1177 15 4
116 1594 53 10
117 567 23 9
117 975 5 9
117 1070 49 8
117 1314 44 2
118 345 23 10
118 517 35 6
118 624 16 12
118 842 52 15
118 1215 33 13
118 1403 13 4
118 1473 20 1
118 1510 2 4
118 1540 15 13
118 1744 41 4
119 192 38 7
119 761 54 6
119 1197 18 1
119 1413 17 11
119 1442 22 14
120 173 45 12
120 314 11 4
120 454 1 6
120 517 39 9
120 622 56 4
120 1076 54 1
120 1101 15 13
120 1430 27 13
121 262 40 14
121 519 25 12
121 1363 4 6
121 1700 49 1
121 1735 21 7
122 233 8 6
122 740 12 4
122 913 55 3
122 966 45 15
122 1233 49 1
122 1626 45 9
122 1677 47 11
123 426 54 10
123 809 20 15
123 864 4 6
123 1128 16 5
123 1396 17 7
123 1516 15 5
123 1669 38 5
124 431 11 2
124 637 31 11
124 944 50 15
124 1411 23 6
124 1561 2 4
125 471 14 4
125 570 32 5
125 614 13 12
125 950 12 8
125 1321 7 14
125 1485 21 4
125 1613 23 12
125 1678 1 3
126 443 26 2
126 697 54 5
126 757 3 5
126 834 11 9
127 788 15 9
127 897 5 4
127 922 1 9
127 1371 5 9
128 600 27 4
128 621 43 3
128 1071 34 8
128 1218 23 6
128 1350 52 8
128 1378 41 9
128 1560 59 12
129 642 22 2
129 774 29 14
129 1168 34 2
129 1206 15 10
129 1352 38 7
129 1378 31 3
130 140 5 11
130 306 32 3
130 456 16 6
130 728 46 15
130 770 23 13
130 1131 30 4
130 1140 27 2
130 1266 59 13
130 1411 16 12
130 1705 26 15
131 187 17 9
131 387 32 7
131 1188 4 9
131 1323 34 10
131 1658 34 9
132 725 33 15
132 777 43 12
132 869 21 1
132 959 38 6
132 1309 3 1
132 1348 19 4
133 168 43 6
133 292 53 4
133 970 49 4
133 1574 56 11
133 1693 1 2
134 1361 42 8
134 1527 54 15
134 1618 58 1
135 578 29 6
135 755 33 8
135 917 35 3
135 925 44 2
135 974 37 12
135 1538 42 3
135 1634 39 13
135 1709 24 11
136 428 8 14
136 559 27 7
136 606 47 3
136 748 11 11
136 749 59 2
136 1069 41 7
136 1471 30 13
137 209 36 1
137 929 2 13
138 275 15 13
138 512 33 6
138 594 52 14
138 762 18 8
138 767 43 14
138 1047 20 4
138 1068 57 6
138 1500 6 10
139 364 49 2
139 709 37 6
139 1479 49 3
139 1577 53 4
139 1610 1 12
140 350 58 9
140 956 9 4
140 1395 50 11
140 1672 53 7
141 179 47 14
141 180 39 1
141 236 43 14
141 604 16 2
141 776 57 7
141 1185 7 13
141 1434 48 1
141 1499 48 12
141 1753 27 6
142 526 11 11
142 961 23 11
142 1247 46 7
142 1287 24 14
143 351 9 6
143 535 39 13
143 614 24 14
143 962 54 15
143 1053 26 8
143 1307 40 6
143 1316 12 15
143 1418 52 12
143 1725 27 7
144 251 39 12
144 330 56 10
144 600 51 5
144 733 14 8
144 831 24 11
144 1087 9 15
144 1124 60 2
144 1264 17 12
144 1538 29 9
145 292 44 13
145 773 15 7
145 910 25 3
145 1562 35 6
146 392 26 13
146 424 28 12
146 871 31 11
146 989 56 9
146 1320 44 13
146 1321 12 1
146 1719 59 11
147 587 48 7
147 657 37 13
147 728 2 3
147 858 34 1
147 1199 49 6
147 1241 17 4
147 1568 59 6
148 215 56 7
148 476 14 15
148 756 23 7
148 1257 8 13
148 1304 35 12
148 1330 30 12
148 1354 6 10
149 335 49 9
150 609 26 6
150 743 44 10
150 799 12 10
150 1282 12 4
150 1345 11 10
151 863 7 8
151 939 12 11
151 992 46 12
151 1741 1 5
152 213 30 9
152 423 57 9
152 1350 3 14
153 306 28 13
153 404 25 10
153 485 35 8
153 698 26 14
153 773 14 7
153 960 46 6
154 253 10 12
154 385 10 12
154 613 42 8
154 936 17 13
154 1359 43 8
154 1403 47 1
154 1690 14 15
155 372 17 6
155 585 39 5
155 821 39 4
155 918 11 6
155 1306 16 12
155 1386 40 12
156 887 18 10
156 1044 1 4
156 1437 17 6
157 223 25 13
157 1300 17 13
157 1414 39 12
158 598 36 12
158 724 57 6
158 921 20 12
158 1045 16 1
158 1166 5 7
158 1728 36 5
159 194 40 5
159 434 12 6
159 1024 7 14
159 1586 2 4
160 625 31 7
160 740 21 15
160 1351 1 3
161 1147 41 3
161 1194 47 3
161 1625 32 4
162 595 37 5
162 707 38 4
162 1317 2 12
163 304 36 7
163 358 37 14
163 646 33 6
163 793 51 8
163 859 48 13
163 1081 52 6
163 1395 19 10
163 1611 49 8
163 1676 26 8
164 424 26 7
164 482 35 1
164 533 49 8
164 822 31 10
164 1097 32 9
164 1204 37 6
164 1240 25 8
164 1358 22 3
165 908 52 9
165 1102 34 9
165 1351 3 11
165 1554 4 3
165 1612 14 6
165 1619 20 7
166 490 7 7
166 570 5 10
166 572 44 7
166 1065 45 9
166 1207 46 10
166 1449 53 1
166 1544 32 3
167 336 45 13
167 398 2 12
167 678 34 2
167 807 2 14
167 943 26 13
167 1075 44 13
167 1323 49 6
168 711 56 6
168 827 43 15
168 1000 15 3
168 1295 17 3
169 257 54 12
169 1015 57 3
169 1048 56 10
169 1299 21 11
169 1323 31 3
169 1488 37 3
170 302 55 13
170 390 13 9
170 664 12 14
170 791 10 7
170 831 49 4
170 896 21 5
171 363 38 3
171 799 53 4
171 1645 28 5
172 1633 25 7
173 313 30 8
173 681 48 7
173 963 56 9
173 1327 2 9
173 1723 59 9
174 676 14 6
174 717 29 8
174 1016 29 3
174 1184 2 10
174 1324 22 13
174 1499 27 8
174 1658 1 14
175 778 19 9
175 856 48 15
175 860 16 6
175 1155 13 4
175 1166 9 10
175 1264 39 2
175 1662 40 6
176 363 8 9
176 579 14 1
176 1027 53 11
176 1144 50 8
176 1250 28 11
176 1338 35 3
177 406 40 10
177 638 33 9
177 1003 10 8
177 1031 39 6
177 1213 34 13
177 1316 40 12
178 929 12 1
178 1481 50 1
178 1543 36 5
179 227 60 6
179 351 51 1
179 397 40 8
179 1537 51 9
180 322 32 15
180 774 32 1
180 1030 33 8
180 1060 18 12
180 1165 38 15
180 1352 18 8
180 1690 2 1
181 230 45 5
181 269 46 9
181 1099 41 5
181 1364 60 10
181 1446 37 9
181 1500 53 7
181 1590 59 3
182 241 36 9
182 254 50 6
182 303 17 9
182 371 37 12
182 916 9 11
182 1398 29 12
183 1109 43 4
183 1138 28 13
183 1314 25 5
183 1615 28 11
184 1520 52 9
184 1552 8 3
184 1742 5 1
185 426 21 4
185 513 2 9
185 893 25 15
185 1014 16 6
185 1217 20 12
185 1291 6 7
185 1484 22 8
185 1578 60 7
185 1670 17 7
186 863 34 14
186 1285 45 15
186 1509 17 15
187 205 28 8
187 231 6 13
187 1336 57 15
187 1428 48 3
188 293 30 5
188 332 19 10
188 500 13 1
188 653 51 12
188 1401 58 6
188 1454 25 9
188 1569 43 6
189 362 37 1
189 501 2 5
189 1464 45 7
189 1642 35 5
190 731 57 2
190 937 10 3
190 1314 54 8
191 248 16 14
191 565 35 2
191 717 10 1
191 1216 56 12
191 1260 58 8
191 1442 27 12
191 1541 33 2
192 355 15 2
192 431 4 8
192 550 22 5
192 885 28 13
192 1750 37 13
193 208 27 3
193 346 59 6
193 437 53 14
193 1436 13 13
194 278 16 2
194 517 14 12
194 566 29 4
194 865 20 15
194 984 42 14
194 1238 24 12
195 299 17 6
195 594 44 7
195 798 52 1
195 975 6 6
195 1020 44 4
195 1206 37 15
195 1341 11 5
195 1358 57 2
196 216 11 2
196 237 28 13
196 607 59 10
196 846 1 8
196 1512 43 15
197 640 34 2
197 1227 49 3
197 1450 49 1
198 621 41 14
198 790 44 6
198 1096 47 5
198 1206 22 3
198 1234 5 2
198 1400 37 15
198 1474 11 5
198 1553 32 13
198 1700 10 7
199 245 15 2
199 619 40 9
199 1624 29 11
199 1732 52 1
200 664 17 7
200 1548 10 11
200 1643 21 11
201 375 18 3
201 692 21 3
201 894 55 8
201 1583 11 14
202 1013 22 3
202 1256 56 15
202 1542 10 4
202 1622 3 9
203 698 9 9
203 806 20 12
203 965 37 14
204 279 54 8
204 651 19 4
204 968 56 8
204 1700 10 4
205 326 49 8
205 522 30 2
205 560 26 10
205 630 42 14
205 799 19 7
205 937 52 6
205 1459 30 3
206 536 43 6
206 548 5 9
206 632 36 10
206 1068 6 15
206 1145 34 5
206 1210 12 4
206 1251 59 4
206 1474 14 7
207 253 50 10
207 511 56 6
208 1209 25 10
208 1346 22 12
208 1391 46 12
208 1401 40 10
208 1557 14 2
209 1350 40 5
209 1396 48 4
209 1506 54 5
209 1664 25 3
210 502 47 8
210 1399 16 12
210 1675 9 11
211 481 44 6
211 1538 18 14
212 323 23 13
212 552 2 15
212 1076 5 3
212 1395 24 4
212 1468 19 14
212 1481 45 8
212 1529 18 13
212 1723 41 12
213 413 36 12
213 916 54 10
213 1366 28 12
213 1669 24 5
214 482 43 9
214 1097 47 1
214 1375 5 4
215 372 8 14
215 455 7 12
215 458 50 6
215 483 30 15
215 604 50 5
215 719 16 2
215 1221 14 13
215 1340 49 8
215 1625 51 1
216 307 33 13
216 324 32 13
216 725 45 6
217 645 40 12
217 801 5 12
217 943 25 12
217 1598 27 15
217 1625 20 1
218 502 4 1
218 677 48 7
219 1328 45 11
220 518 5 8
220 670 13 12
220 873 51 7
220 1097 28 4
220 1224 5 12
220 1423 34 14
220 1541 27 13
221 427 48 10
221 456 25 14
221 973 19 12
221 1147 15 14
221 1199 18 7
221 1442 54 11
222 391 40 7
222 695 22 11
222 901 52 11
222 961 24 9
222 1281 23 6
223 278 31 12
223 533 52 12
223 1115 27 3
223 1736 7 7
224 456 7 12
224 713 49 1
224 777 52 3
224 1211 43 10
224 1395 1 15
224 1589 34 12
225 367 2 10
225 406 39 11
225 710 25 1
225 1185 45 6
225 1243 19 12
225 1245 50 12
225 1284 24 9
225 1383 11 11
225 1603 55 14
226 296 45 7
226 561 9 4
226 918 52 13
226 1188 13 6
227 442 30 11
227 573 48 15
227 668 54 13
227 978 42 13
227 1636 7 10
228 313 16 13
228 1241 53 2
228 1295 45 15
228 1463 8 2
229 1334 31 13
230 234 54 14
230 510 16 12
230 842 37 1
230 911 51 7
230 972 53 6
230 1027 10 8
230 1314 50 6
230 1329 13 13
230 1481 55 9
230 1537 38 15
231 776 9 12
231 810 58 3
231 1155 10 4
231 1188 4 6
231 1196 46 4
231 1294 58 1
231 1714 19 10
232 380 8 2
232 705 25 10
232 865 37 12
232 1415 6 6
233 600 58 13
233 1089 59 7
233 1092 48 13
233 1242 52 8
233 1403 35 12
233 1720 45 14
233 1734 41 5
234 434 43 2
235 454 22 4
235 907 44 11
235 1186 5 6
235 1201 13 5
236 329 8 4
236 1248 60 8
236 1354 19 15
236 1420 56 3
236 1740 39 2
237 440 56 10
237 833 19 8
238 656 30 11
238 776 17 9
238 936 50 9
238 992 22 1
238 1223 37 11
238 1459 1 4
239 740 7 2
239 907 45 7
239 1584 58 15
240 262 34 3
240 400 55 2
240 433 39 2
240 730 35 1
240 734 18 13
240 743 53 13
240 1020 14 6
240 1102 4 9
240 1276 18 10
240 1557 48 4
240 1690 56 13
241 387 35 10
241 808 32 7
241 846 23 8
241 971 15 11
241 1113 8 12
242 343 15 5
242 646 34 9
242 776 13 15
242 873 20 10
242 986 51 6
242 1034 46 9
242 1064 24 4
242 1523 2 1
242 1647 37 13
242 1733 34 10
243 423 26 14
243 527 43 12
243 726 49 11
243 992 35 3
243 1516 19 15
244 419 13 5
244 921 27 10
244 1558 37 9
245 550 35 11
245 552 7 6
245 824 9 4
245 1610 33 13
246 389 54 14
246 592 26 6
246 1251 47 7
246 1562 59 2
246 1683 27 11
247 361 23 2
247 465 51 14
247 1397 45 3
247 1531 56 15
248 497 34 6
248 872 15 2
248 1092 17 14
248 1167 20 6
248 1245 32 2
248 1366 25 8
248 1369 28 4
248 1538 7 8
248 1655 29 10
248 1691 56 15
249 385 39 2
249 698 3 15
250 309 42 12
250 436 57 12
250 814 19 12
250 931 50 3
250 1006 22 5
250 1033 47 10
250 1562 11 5
251 279 15 5
251 544 7 6
251 695 47 1
251 1151 1 8
251 1281 15 14
252 342 17 10
252 417 17 8
252 529 41 7
252 1245 49 15
252 1250 9 2
253 315 18 11
253 668 23 8
253 772 51 6
253 1507 11 10
253 1509 56 9
254 1093 55 5
254 1235 57 11
255 396 16 3
255 831 23 10
255 1110 39 13
255 1327 41 15
255 1604 2 2
256 284 33 12
256 834 25 2
256 979 34 12
256 1261 17 8
256 1438 44 8
257 640 54 1
257 1473 48 9
257 1693 26 13
257 1750 6 11
258 438 14 5
258 555 32 12
258 1099 43 15
258 1413 19 12
259 780 6 13
259 1001 28 11
259 1462 45 12
260 342 19 3
260 1455 58 10
260 1728 11 4
261 352 9 10
261 401 28 7
261 1123 42 7
261 1133 52 13
261 1297 26 5
261 1586 2 14
261 1656 18 13
262 515 47 3
262 1471 8 11
262 1722 20 14
263 401 35 2
263 579 45 5
263 798 26 4
263 816 15 6
263 1597 44 4
263 1668 21 3
263 1724 14 4
264 371 38 3
264 714 26 11
264 775 10 1
264 987 59 2
264 1376 28 15
264 1565 6 10
265 677 32 2
265 850 41 15
265 1086 22 1
265 1151 60 10
265 1224 59 13
265 1466 45 2
265 1575 25 1
265 1585 8 11
265 1640 49 3
266 352 59 10
266 372 3 1
266 580 22 1
266 759 26 13
266 1319 55 10
266 1475 9 11
267 620 19 1
267 746 2 11
267 1752 25 15
268 705 1 11
268 1222 38 5
268 1406 12 5
268 1533 41 10
269 481 51 3
269 567 4 1
269 741 26 3
269 850 21 13
269 896 48 15
269 935 6 5
269 1339 6 7
269 1353 50 1
269 1709 56 4
270 445 34 6
270 551 16 7
270 1271 38 4
270 1472 9 15
270 1548 53 15
270 1565 13 11
270 1665 34 13
271 610 37 5
271 678 35 8
271 946 38 2
271 1188 23 10
271 1264 27 12
271 1364 13 10
272 337 45 5
272 710 21 14
272 1312 8 4
272 1712 50 3
273 330 31 7
273 864 13 15
273 1062 15 12
273 1137 9 4
273 1286 22 13
273 1739 55 1
274 663 13 14
274 744 20 9
274 770 30 6
274 1589 3 11
274 1667 44 1
275 288 33 8
275 681 4 4
275 812 7 6
275 958 14 6
275 1215 5 11
275 1293 3 2
275 1737 19 14
276 1053 5 2
276 1291 29 11
276 1314 9 2
277 635 45 8
277 1643 48 15
278 1003 44 7
278 1561 10 8
279 916 36 1
279 1136 7 9
279 1211 52 3
280 376 59 8
280 1456 31 11
280 1510 14 15
280 1650 23 10
280 1718 52 1
281 298 4 6
281 498 8 1
282 358 59 7
282 706 54 14
282 1061 58 8
282 1236 42 14
282 1523 9 14
283 800 46 13
283 928 2 9
283 1321 35 2
283 1639 10 8
283 1711 56 10
284 395 60 15
284 516 59 11
284 587 58 15
284 839 32 2
284 1213 5 8
284 1218 2 6
284 1243 47 4
284 1452 33 2
284 1743 2 10
285 448 40 6
285 528 14 15
285 1054 32 3
285 1436 31 10
285 1459 24 15
285 1701 35 12
286 568 53 3
286 1017 7 14
286 1496 35 3
286 1627 53 13
287 896 8 15
287 1286 46 15
287 1456 34 9
288 745 41 8
288 857 46 9
288 880 38 1
288 1152 36 2
288 1303 32 15
289 775 15 1
289 870 57 9
289 880 26 12
289 978 10 5
289 1051 57 4
289 1196 4 2
289 1574 27 11
289 1650 33 15
290 450 23 2
290 479 32 15
290 934 7 1
290 1006 20 13
290 1207 55 7
290 1459 47 2
290 1500 25 10
291 301 15 7
291 347 20 10
291 734 14 12
292 1057 10 5
292 1425 28 4
293 1086 33 2
293 1617 34 7
293 1701 46 13
294 822 30 6
294 893 5 12
294 1131 10 2
294 1180 2 15
294 1353 37 12
294 1665 41 13
294 1691 43 9
295 455 8 15
295 586 33 14
295 1131 58 14
295 1352 40 7
295 1387 54 9
295 1452 25 9
295 1606 57 9
295 1631 13 11
295 1684 45 6
296 961 33 2
296 984 15 13
296 1181 6 8
296 1247 4 15
296 1390 58 6
296 1544 2 1
297 558 33 8
297 773 52 3
297 950 32 7
297 1001 33 12
297 1195 47 14
297 1304 10 8
297 1482 12 9
297 1669 42 4
298 721 4 9
298 1169 17 9
298 1473 2 3
298 1558 26 5
299 340 50 15
299 414 36 1
299 480 9 11
299 1269 29 7
299 1315 25 9
299 1508 59 14
299 1510 32 13
300 388 26 7
300 556 25 9
300 872 25 11
300 1739 25 14
301 546 20 12
301 644 7 1
301 692 32 11
301 1043 55 11
301 1217 45 12
301 1287 2 2
301 1293 32 14
301 1401 20 12
302 817 14 10
302 1022 10 12
302 1157 44 12
302 1332 41 9
302 1738 2 7
303 345 41 2
303 1104 53 8
303 1499 51 6
303 1615 15 5
304 486 4 2
304 564 8 8
304 877 32 4
304 879 16 10
304 898 20 5
304 1037 39 3
304 1626 2 12
305 319 7 6
305 492 54 4
305 533 53 14
305 777 40 10
305 1229 26 13
305 1540 2 2
305 1569 46 1
306 549 20 8
306 827 25 1
306 1007 6 7
306 1094 32 13
307 576 24 13
307 577 10 2
307 761 15 4
307 939 38 2
307 1322 40 7
307 1696 28 11
308 354 51 1
308 604 35 3
308 1094 18 10
308 1600 21 12
309 453 24 5
309 816 16 6
309 929 1 7
309 967 33 11
309 972 15 2
309 1280 4 7
310 482 50 15
310 782 24 6
310 1196 19 15
311 1238 36 13
311 1317 19 11
312 639 55 3
312 1485 22 1
313 548 49 14
313 556 10 10
313 883 1 10
313 900 51 13
313 1338 26 11
314 1041 14 13
314 1073 9 4
314 1090 21 8
314 1153 26 5
314 1177 4 6
314 1568 5 9
314 1585 49 8
315 649 29 8
315 787 19 15
315 1028 39 5
315 1384 39 11
315 1492 34 1
316 318 43 9
316 880 21 4
316 941 2 7
316 1218 41 14
316 1251 46 11
316 1412 18 4
316 1445 3 13
317 426 51 7
317 1074 22 4
317 1164 22 5
317 1526 18 15
317 1591 40 15
318 1515 6 1
318 1636 9 6
319 577 49 6
319 613 32 14
319 802 56 12
319 913 26 10
319 962 24 15
319 975 32 6
319 1502 22 1
320 1022 7 1
320 1405 22 13
320 1523 21 15
321 390 54 13
321 484 30 10
321 857 12 12
321 897 14 3
321 1308 48 9
321 1481 47 13
322 427 25 14
322 605 19 4
323 497 51 5
323 855 8 4
323 1014 53 12
323 1106 37 4
323 1354 10 3
323 1568 32 4
323 1706 43 8
324 505 26 8
324 1152 15 7
324 1172 15 13
324 1426 53 4
325 1306 23 3
326 873 7 7
326 908 17 8
326 1624 56 6
327 986 55 15
327 1583 45 10
327 1616 54 2
328 342 46 4
328 408 49 4
328 708 38 12
328 733 6 10
328 1166 51 3
329 384 50 14
329 758 32 1
330 429 30 1
330 542 30 13
330 617 44 1
330 872 8 3
331 525 39 14
331 1120 13 9
331 1290 53 3
331 1744 17 14
332 838 1 6
332 1375 38 4
332 1432 3 5
332 1592 14 4
332 1660 55 9
333 400 19 14
333 454 41 12
333 456 24 13
333 766 17 4
333 897 4 8
333 1081 53 14
334 335 7 5
334 625 56 11
334 1162 59 12
334 1188 46 3
334 1216 15 2
334 1258 15 6
334 1439 23 2
335 405 20 2
335 551 50 2
335 585 40 3
335 746 42 15
335 757 36 9
335 1274 44 11
336 619 30 5
336 752 32 12
336 855 32 7
336 1398 26 13
336 1436 4 2
336 1460 57 10
336 1545 28 3
337 670 19 6
337 1126 57 1
337 1623 19 14
338 653 47 5
338 665 12 1
338 1033 22 14
338 1241 44 9
339 584 1 1
339 673 14 1
340 755 30 8
340 1131 38 5
340 1495 48 2
341 543 31 7
341 1271 44 3
341 1574 17 9
342 469 5 8
342 743 36 15
342 922 40 12
342 978 21 15
343 879 50 15
343 1420 55 6
344 482 37 11
344 675 38 15
344 1378 11 10
344 1402 7 2
344 1560 29 11
344 1582 2 2
344 1700 20 14
344 1751 57 15
345 384 48 5
345 622 15 8
345 1018 49 14
345 1102 29 13
345 1377 20 4
345 1584 53 1
346 658 55 2
346 1240 55 6
346 1342 55 4
346 1607 44 7
347 358 50 14
347 443 21 13
347 1319 43 9
347 1511 56 9
347 1595 59 1
348 1038 17 11
348 1472 32 11
348 1548 5 15
348 1743 6 9
349 457 21 7
349 513 19 15
349 1018 53 13
349 1084 20 5
349 1395 31 15
349 1642 48 2
350 360 1 5
350 381 21 8
350 553 20 10
350 565 12 12
350 1641 50 14
351 373 48 10
351 393 27 7
351 417 9 3
351 1247 41 1
351 1516 49 6
351 1538 4 2
352 1443 33 10
352 1615 45 3
352 1628 41 1
352 1643 55 4
353 694 55 2
353 792 32 10
353 935 59 15
353 1334 58 14
354 790 53 5
354 1119 23 5
354 1252 48 4
354 1633 13 3
355 587 28 15
355 793 21 4
355 972 18 13
355 1239 4 13
355 1261 29 14
355 1333 1 5
355 1443 28 4
355 1543 17 14
355 1568 26 8
355 1636 60 2
356 495 46 9
356 709 18 6
356 784 1 10
356 968 45 3
356 1194 1 3
356 1229 51 15
356 1321 6 9
357 1012 27 9
357 1299 18 9
357 1315 33 10
357 1511 12 11
358 685 31 2
358 828 25 3
358 978 55 12
358 1136 1 10
358 1257 53 11
358 1466 35 9
358 1496 1 6
359 1285 23 4
359 1298 39 4
359 1409 7 14
359 1673 22 2
360 369 3 13
360 935 26 12
360 1270 45 11
360 1532 58 1
361 579 7 4
361 603 2 6
361 727 32 7
361 798 19 12
361 995 2 1
361 1359 23 10
361 1388 4 6
361 1744 20 14
362 413 6 1
362 1190 31 5
362 1411 28 1
362 1467 4 6
363 674 27 2
363 1155 14 9
363 1202 36 9
363 1481 54 2
363 1609 42 5
364 938 20 3
364 1211 8 4
364 1441 60 5
364 1619 9 3
365 915 4 4
365 1396 24 9
365 1472 27 11
366 741 4 5
366 925 7 10
366 1094 20 10
366 1661 47 10
367 551 34 2
367 1108 55 15
367 1209 38 15
367 1460 47 4
368 376 38 3
368 420 25 10
368 1509 44 1
368 1682 52 10
368 1683 24 4
368 1743 8 13
369 587 13 1
369 591 44 6
369 914 1 1
369 1119 29 7
370 381 4 9
370 730 24 4
370 1396 38 8
370 1503 46 7
370 1687 24 5
371 1285 41 13
371 1446 47 9
371 1701 21 3
372 399 56 5
372 865 47 4
373 496 27 14
373 586 12 12
373 663 57 9
373 902 44 8
373 1547 31 5
374 698 19 9
374 1041 42 6
374 1231 44 1
374 1242 58 12
374 1258 34 5
374 1541 24 8
375 408 8 12
375 1304 10 13
375 1355 53 4
375 1438 45 4
375 1715 10 6
376 466 24 5
376 494 44 14
376 648 9 6
376 944 9 14
376 1041 55 10
376 1169 13 2
376 1515 6 7
377 385 5 1
377 504 41 3
377 919 11 11
378 500 36 5
378 673 7 13
378 1215 34 13
378 1339 41 14
378 1400 41 6
378 1708 7 8
379 680 29 2
379 797 1 8
379 874 42 2
379 1016 23 1
379 1142 60 6
379 1145 26 6
379 1402 27 1
380 643 15 6
380 709 37 6
380 1286 5 13
381 811 29 3
381 1093 7 10
382 575 15 9
382 871 29 3
382 1002 14 4
382 1068 6 11
382 1248 40 15
383 913 36 15
383 925 31 8
383 995 43 8
383 1211 5 11
384 473 21 6
384 628 33 11
384 653 57 6
384 716 36 14
384 1154 57 4
384 1654 41 8
384 1656 52 8
385 794 8 15
385 1090 54 1
385 1163 33 15
385 1477 22 13
386 423 10 14
386 796 4 14
386 954 1 11
386 1573 17 3
387 462 7 5
387 608 12 8
387 976 57 12
387 1307 25 15
387 1595 7 5
387 1598 1 4
387 1668 25 6
387 1752 30 12
388 684 48 8
388 892 58 11
388 1143 13 3
388 1169 41 15
388 1397 7 10
388 1415 26 10
389 513 43 2
389 694 29 2
389 731 35 10
389 808 56 7
389 1244 60 6
389 1606 3 7
389 1686 47 3
390 1055 16 14
390 1069 19 11
390 1401 16 6
390 1684 30 6
391 457 30 2
391 469 14 8
391 545 20 4
391 584 19 11
391 734 1 8
391 809 43 12
391 1331 35 6
391 1476 56 8
391 1678 55 8
392 578 23 3
392 777 33 14
392 926 6 15
392 1340 26 11
392 1349 23 9
392 1479 24 5
393 802 54 8
393 1135 6 8
393 1462 41 12
393 1563 1 13
395 462 6 12
395 950 34 15
395 1220 54 5
395 1643 58 13
395 1730 30 3
396 1003 55 4
397 507 55 5
397 912 58 5
398 471 7 5
398 693 5 10
398 1018 2 10
398 1090 53 15
398 1094 52 1
398 1168 16 3
398 1277 46 3
398 1566 20 4
398 1713 32 6
399 907 27 7
399 1025 37 7
399 1073 7 8
399 1185 51 5
399 1239 29 3
399 1631 35 4
400 530 24 15
400 797 43 2
400 870 2 1
400 1080 18 14
400 1112 12 9
401 566 3 7
401 693 46 1
401 1119 11 11
401 1133 40 8
401 1313 53 4
401 1572 33 15
402 486 25 9
402 512 4 14
402 911 41 13
402 1437 9 12
403 487 37 4
403 573 5 10
403 1199 49 6
403 1248 34 3
403 1415 6 6
403 1532 9 12
403 1541 11 9
404 615 43 10
404 929 5 5
404 1229 30 8
404 1673 10 9
405 688 2 2
405 959 2 2
406 727 10 4
406 972 54 10
406 1193 53 1
406 1522 23 12
406 1597 25 7
406 1713 48 14
407 444 2 15
407 678 1 15
407 761 29 12
407 930 57 5
407 1650 47 5
408 859 53 9
408 1247 34 14
408 1740 23 8
409 596 11 13
409 648 60 4
409 1342 51 11
409 1407 21 8
409 1446 38 14
410 523 46 3
410 848 43 8
410 1053 43 9
410 1512 54 15
410 1559 56 11
411 1025 60 1
412 701 60 5
412 1047 52 13
412 1316 5 8
412 1412 25 14
412 1688 57 7
413 580 34 13
413 756 44 15
413 922 31 15
413 1637 13 3
414 688 5 15
414 1180 43 12
414 1220 31 10
415 436 51 10
415 1394 32 14
416 1128 36 3
417 855 35 1
417 968 56 13
417 1071 37 6
417 1142 11 10
417 1198 48 15
417 1595 9 15
418 482 50 12
418 540 39 7
418 577 51 1
418 693 25 5
418 1577 50 14
419 807 57 1
419 1091 7 3
419 1305 36 14
419 1350 9 12
419 1391 15 6
419 1402 56 6
419 1533 5 2
420 482 11 2
420 685 36 2
420 1319 57 14
421 865 17 14
421 905 17 14
421 1096 45 13
421 1380 56 5
421 1480 9 12
422 1134 49 10
422 1180 54 9
423 518 26 3
423 796 36 9
423 970 55 8
423 1165 58 12
423 1672 52 4
423 1738 16 14
424 805 36 15
424 1276 4 13
424 1310 5 10
424 1341 16 15
424 1724 34 1
425 426 50 10
425 484 14 2
425 546 59 2
425 698 53 9
425 908 40 14
425 1616 59 12
426 545 16 13
426 551 42 13
426 753 40 4
426 982 48 8
426 1031 59 10
427 894 5 11
427 957 13 5
427 959 34 2
427 1251 29 10
427 1270 11 13
427 1549 46 2
427 1724 28 6
428 448 21 8
428 470 31 13
428 502 15 12
428 1106 59 1
428 1271 7 11
428 1330 24 13
428 1425 48 6
429 929 16 3
429 1301 59 1
429 1629 24 8
430 432 44 11
430 636 35 12
430 668 18 13
430 1445 6 14
431 661 15 2
431 729 36 9
431 1003 25 2
431 1106 18 10
432 440 53 3
432 776 38 3
432 854 5 9
432 1012 43 2
432 1396 32 11
432 1449 38 15
432 1581 35 8
433 1128 15 1
433 1255 49 8
433 1492 49 3
433 1750 44 14
434 1255 5 9
434 1332 33 15
434 1340 53 15
434 1507 30 10
434 1600 32 12
434 1683 57 9
435 578 12 3
435 982 29 4
435 1079 22 11
435 1107 33 13
435 1136 29 13
435 1375 40 15
435 1400 43 12
436 650 42 1
436 986 18 12
437 1230 45 2
437 1500 8 2
438 1101 20 1
440 1329 13 8
440 1396 46 1
441 539 56 5
441 608 13 2
441 1101 40 5
441 1152 52 8
441 1228 26 14
441 1539 26 9
442 669 31 6
442 1043 10 11
442 1485 46 10
443 572 1 13
443 719 25 7
443 951 4 13
443 1642 10 1
444 883 57 5
444 984 60 13
444 1018 40 9
444 1343 44 3
444 1382 55 3
445 499 35 10
445 616 11 9
445 956 4 5
445 1030 55 14
445 1369 53 11
446 899 42 4
446 930 41 2
446 1096 35 5
446 1293 48 7
446 1411 5 12
446 1693 14 9
447 874 56 14
447 1519 26 6
448 598 4 12
448 1309 15 5
448 1655 16 13
449 716 15 12
449 972 2 15
449 1029 53 12
449 1352 46 8
449 1735 46 15
450 724 36 14
450 987 55 1
450 1359 33 14
450 1444 31 3
451 633 33 6
451 665 53 4
451 806 57 8
451 1178 52 6
451 1320 6 7
451 1498 50 4
452 829 27 14
452 1197 41 4
452 1200 18 1
452 1471 41 6
453 976 25 8
453 1124 57 11
454 609 57 3
454 1018 51 13
454 1059 27 11
454 1336 57 2
454 1345 11 7
454 1599 35 10
454 1745 1 4
455 488 29 10
455 824 14 10
455 1186 6 6
455 1417 15 6
456 749 25 4
456 858 24 5
456 1259 39 13
456 1394 32 1
456 1674 53 7
457 638 49 11
457 877 57 14
457 947 40 5
457 1603 26 2
457 1623 60 13
458 654 5 7
458 1411 55 7
459 722 22 6
459 1059 24 8
459 1186 15 11
459 1460 20 11
459 1558 46 6
459 1564 59 13
459 1598 23 15
459 1732 55 8
460 782 35 5
460 864 9 8
460 1159 24 10
460 1387 30 15
460 1676 42 5
460 1700 22 2
460 1726 33 13
461 582 41 8
461 638 22 1
461 708 51 4
461 871 59 14
461 1265 24 10
461 1665 17 5
461 1699 38 8
461 1721 22 1
462 488 25 13
462 815 39 2
462 1003 27 13
462 1011 27 12
462 1026 60 2
462 1713 10 3
464 748 10 4
464 1038 30 5
464 1411 53 2
464 1451 52 12
464 1471 55 9
464 1692 7 5
464 1731 14 13
465 479 57 6
465 720 31 14
465 930 13 6
465 953 32 12
465 1143 12 9
465 1365 29 13
465 1576 43 2
466 599 37 6
466 653 46 11
466 724 27 9
466 1479 34 8
467 795 55 12
467 998 46 13
467 1040 12 4
467 1450 47 9
467 1749 53 12
468 1159 48 2
468 1528 35 14
468 1594 56 3
469 1110 34 3
470 1584 22 13
471 842 10 1
471 1098 47 3
471 1185 27 12
471 1404 47 12
471 1690 32 8
471 1740 1 7
472 722 33 9
472 888 47 4
472 1112 10 8
472 1261 45 6
472 1263 27 3
473 576 59 5
473 631 2 6
474 1146 47 7
474 1171 28 7
474 1643 22 14
474 1731 50 7
475 636 13 7
475 1006 42 3
475 1254 53 5
475 1341 55 2
476 594 14 9
476 1157 35 10
476 1533 44 10
476 1736 27 2
477 555 15 5
477 1465 46 6
478 493 20 7
478 972 24 7
478 1044 18 13
479 1504 11 5
479 1527 53 14
479 1718 27 12
480 492 1 15
480 717 30 10
480 725 1 13
480 751 45 2
480 1535 41 7
481 527 19 13
481 596 2 7
481 674 55 6
481 783 48 3
481 908 44 8
481 1117 1 12
481 1371 5 13
482 877 45 10
482 965 49 15
482 981 14 8
482 1109 29 3
482 1243 8 7
482 1402 36 5
482 1569 54 6
483 559 23 1
483 562 18 11
483 689 4 2
484 1273 44 7
485 514 52 9
485 635 57 9
485 1042 8 5
485 1115 26 9
485 1446 45 2
486 526 4 5
486 987 54 7
486 1142 9 12
486 1359 51 6
486 1377 10 4
487 543 58 9
487 557 26 3
487 592 39 15
487 774 60 8
487 930 24 13
488 543 17 11
488 780 42 12
488 818 18 14
488 1266 36 14
488 1395 51 6
488 1421 47 9
488 1664 27 6
489 1269 50 2
489 1288 44 10
489 1690 10 12
490 521 52 4
490 876 22 3
490 898 29 4
490 1581 60 10
491 717 19 1
491 790 3 15
491 1089 32 1
491 1365 15 14
492 562 47 11
492 877 17 1
492 1385 21 5
492 1692 51 2
493 733 55 2
493 752 48 6
493 799 35 11
493 1006 30 1
493 1441 14 2
494 633 15 10
494 636 9 14
494 890 38 7
494 1318 58 7
494 1381 28 4
494 1688 52 11
495 588 59 11
495 1090 58 4
495 1314 60 15
495 1508 15 4
496 588 15 5
496 1250 22 12
496 1612 20 1
496 1646 2 1
497 588 10 2
497 604 40 5
497 1419 46 1
498 558 23 13
498 647 7 13
498 674 32 14
498 1006 24 11
498 1105 55 7
498 1264 58 9
498 1269 58 12
498 1681 24 9
499 624 18 13
499 967 58 8
499 1094 45 4
499 1424 59 9
499 1454 48 7
499 1537 37 1
499 1554 33 9
499 1560 39 4
499 1656 7 3
500 866 46 11
500 1055 38 11
500 1708 8 7
501 636 46 1
501 792 59 14
501 979 10 11
501 1000 45 1
501 1009 58 3
501 1264 42 9
501 1741 59 5
502 1101 46 3
502 1156 29 2
502 1625 46 12
503 619 23 8
503 642 34 4
503 732 53 1
503 1037 39 9
503 1519 15 7
503 1539 54 5
503 1718 36 14
504 820 35 9
504 1006 54 2
504 1519 37 9
505 1066 41 6
505 1140 18 6
505 1450 4 2
506 763 52 12
506 902 19 13
506 995 60 14
506 1115 58 9
507 649 30 6
507 681 11 14
507 764 31 1
507 853 9 9
507 1088 11 9
507 1094 28 7
507 1162 49 14
508 996 23 3
509 674 45 5
509 708 23 15
509 727 37 15
509 1432 60 15
509 1733 16 14
510 1256 8 3
511 719 16 6
511 1121 7 14
511 1277 11 11
511 1378 26 15
511 1583 43 1
511 1628 16 14
511 1720 1 13
512 718 50 6
512 1131 42 4
512 1211 35 2
512 1264 30 8
512 1383 60 3
512 1387 56 15
512 1455 7 9
512 1509 12 7
512 1646 60 13
513 711 22 8
513 1175 45 10
514 1186 7 9
515 714 39 2
515 926 25 11
515 1654 24 11
516 561 11 2
516 608 3 6
517 683 58 5
517 810 24 7
517 896 49 8
517 906 30 6
517 1188 44 15
517 1214 60 2
517 1218 6 10
517 1412 53 9
518 564 26 3
518 615 42 11
518 703 47 8
518 832 27 4
519 1192 11 3
519 1225 4 14
519 1320 54 14
519 1468 31 10
519 1563 57 10
519 1620 39 12
520 532 41 13
520 786 39 12
520 1227 21 10
521 753 43 7
521 935 16 3
521 1417 5 13
521 1672 20 7
522 1416 23 5
523 627 32 11
523 859 28 10
523 1087 36 5
523 1204 54 9
523 1288 26 11
523 1523 50 8
523 1623 32 12
523 1750 3 8
524 858 56 1
524 865 60 10
524 1196 15 13
525 730 32 14
525 864 33 9
525 993 19 2
525 1359 55 12
525 1361 50 13
525 1613 50 11
526 552 35 3
526 997 20 7
526 1125 51 1
526 1243 2 15
526 1598 56 13
527 560 60 1
527 801 55 1
527 825 17 3
527 1561 32 13
527 1616 27 5
527 1650 39 10
527 1711 42 10
527 1719 17 11
528 953 25 12
528 1207 26 12
528 1390 39 13
528 1493 33 9
528 1549 47 5
528 1630 38 1
529 816 30 2
529 1380 29 15
529 1425 43 4
529 1455 53 1
530 611 49 10
530 642 9 12
530 828 17 5
530 1029 40 5
530 1190 4 4
530 1273 15 6
531 714 14 3
532 784 9 10
532 1108 31 2
532 1418 44 6
533 736 25 8
533 737 31 14
533 910 27 9
533 917 37 7
533 1464 13 4
533 1553 6 8
534 978 52 3
534 1519 58 2
535 728 44 8
535 949 1 14
535 987 60 2
535 1481 54 15
535 1595 56 1
536 579 7 2
536 807 18 13
536 1488 59 6
537 666 59 3
537 902 40 9
537 1106 41 11
537 1132 41 1
537 1507 41 13
538 544 14 4
538 1201 33 2
539 783 46 3
539 1310 59 5
539 1485 7 11
539 1695 50 1
540 559 42 8
540 567 5 14
540 901 7 8
540 908 32 9
540 1505 8 1
540 1541 34 9
540 1724 19 5
541 643 50 3
541 733 21 12
541 934 49 4
541 1049 40 11
541 1081 47 14
542 1261 14 12
542 1528 19 12
543 761 49 1
543 850 51 1
543 885 26 3
543 1009 37 5
543 1233 7 11
543 1497 22 9
544 612 60 12
544 746 2 2
544 810 19 13
544 1251 23 10
544 1561 31 8
545 767 6 12
545 775 18 5
545 960 3 9
545 996 10 14
546 988 17 6
546 1109 12 2
546 1125 26 15
546 1238 30 12
546 1480 15 14
546 1491 22 6
547 1364 55 11
547 1605 48 12
547 1679 27 10
548 1484 32 9
548 1618 28 1
549 707 1 10
549 714 15 8
549 861 6 10
549 903 33 8
549 948 28 15
549 1382 22 9
549 1443 50 2
549 1454 53 12
550 626 46 5
550 677 53 14
550 1204 40 7
550 1387 1 11
551 571 33 15
551 732 55 8
551 869 7 10
551 904 53 1
551 961 54 3
551 1059 4 11
551 1225 58 3
551 1262 40 7
551 1462 2 6
551 1567 46 12
552 847 39 8
552 1587 7 12
553 1012 7 14
553 1300 36 1
553 1356 58 10
553 1433 53 5
553 1488 11 11
553 1572 20 7
553 1587 53 1
554 752 8 13
554 776 13 2
555 1368 32 13
555 1540 41 5
555 1565 26 7
555 1572 36 6
556 606 60 4
556 916 29 14
556 969 53 3
556 1550 15 3
557 861 48 6
557 903 27 14
557 963 52 12
557 1227 18 6
557 1285 33 6
558 761 29 5
558 807 49 8
558 856 19 10
558 907 58 14
558 1147 23 6
558 1416 51 6
559 609 23 7
559 1109 4 6
559 1160 20 11
559 1192 38 13
559 1373 13 6
559 1473 11 12
560 1071 2 10
560 1083 19 4
560 1162 5 6
561 863 40 15
561 905 51 6
561 977 41 14
561 988 8 15
561 1499 41 6
561 1624 56 15
561 1677 32 9
562 633 36 6
562 931 43 9
562 1332 36 4
562 1468 14 8
562 1520 7 6
562 1565 5 13
563 604 46 10
564 596 36 14
564 709 55 7
564 944 21 8
564 977 37 10
565 842 5 9
565 1492 11 13
566 659 10 15
566 839 14 7
566 1227 19 14
566 1246 56 14
566 1331 25 6
566 1586 18 9
567 1359 11 6
567 1479 8 14
567 1711 9 15
568 917 56 13
568 944 10 12
568 963 28 12
568 1077 28 8
568 1215 10 3
568 1387 8 9
568 1449 39 10
568 1474 44 4
568 1497 41 3
568 1515 4 5
568 1639 30 7
569 1088 16 8
569 1313 18 11
570 1052 24 12
570 1061 53 13
570 1296 2 3
570 1408 10 11
570 1470 41 4
570 1746 47 6
571 745 41 15
571 1158 40 6
572 1133 29 14
572 1320 41 11
572 1371 48 9
573 638 59 4
573 922 35 6
573 988 51 14
574 658 13 9
574 712 49 11
574 817 2 3
574 1071 19 3
574 1431 59 5
574 1731 34 5
575 963 8 11
575 1081 23 11
575 1625 59 13
576 770 16 9
576 1337 49 10
576 1517 7 3
577 732 25 11
577 738 4 6
577 757 13 15
577 935 8 6
577 1387 41 15
577 1511 33 9
577 1561 4 13
578 595 58 15
578 783 29 13
578 925 6 7
578 1173 6 7
578 1248 31 14
579 840 60 11
579 858 36 4
579 1194 13 11
580 675 45 13
580 1480 38 1
580 1660 32 6
581 837 14 9
581 993 6 11
581 1541 21 15
582 845 25 1
582 1289 16 5
582 1622 31 7
583 777 15 8
583 1365 9 3
583 1652 14 4
583 1682 23 11
584 909 60 10
584 1519 46 1
585 942 2 1
585 1190 41 7
585 1228 17 7
586 1058 28 10
586 1301 43 8
586 1589 40 9
587 911 60 15
587 1577 23 9
588 633 36 8
588 1077 4 4
588 1122 3 5
588 1412 47 14
588 1537 8 11
588 1664 46 6
589 657 59 3
589 716 29 14
590 706 42 3
590 776 12 12
590 845 30 15
590 852 12 13
590 1234 36 2
591 748 10 12
591 775 52 2
591 1104 11 7
591 1659 9 15
592 666 50 9
592 825 23 4
592 1736 19 6
593 843 53 13
593 998 38 5
593 1161 52 7
593 1674 3 6
593 1734 53 6
594 826 25 3
594 940 15 11
594 1586 49 12
595 600 18 10
595 664 39 1
595 761 17 5
595 951 4 2
595 1089 1 9
595 1258 17 2
596 685 28 14
596 878 53 4
596 986 49 10
596 1286 51 8
596 1348 40 12
596 1715 34 12
596 1744 5 12
597 941 50 4
597 1025 31 4
597 1034 50 2
597 1039 41 2
597 1443 3 1
598 618 46 10
598 658 46 12
598 853 46 13
598 898 58 10
598 1158 45 6
598 1267 52 13
598 1388 11 5
599 672 27 1
599 1055 14 5
599 1665 24 11
600 911 43 7
600 1010 20 1
600 1407 38 5
600 1498 26 8
600 1726 37 11
601 637 9 7
601 1098 1 10
601 1227 35 8
602 1084 45 10
602 1148 37 3
602 1209 27 13
602 1595 8 14
603 663 14 7
603 744 39 2
603 1224 54 13
604 934 26 8
604 1126 38 5
604 1303 11 9
604 1355 48 8
604 1408 15 2
604 1583 34 4
604 1617 51 9
604 1719 42 1
604 1734 59 4
604 1745 13 6
605 1116 46 12
605 1619 6 14
606 614 5 4
606 940 23 4
606 1139 50 15
606 1407 32 4
606 1472 17 8
606 1480 4 1
606 1495 47 4
606 1510 45 7
606 1710 48 14
606 1751 47 1
607 932 19 14
607 996 52 12
607 1214 7 3
607 1415 26 13
608 768 6 6
608 879 33 15
608 951 17 11
608 1062 39 4
608 1124 45 4
608 1178 8 14
608 1241 60 14
608 1265 46 2
608 1364 21 1
608 1545 3 1
608 1650 49 10
609 1540 27 7
610 818 15 3
610 908 4 2
610 1132 31 14
611 839 20 11
611 919 32 3
611 1333 54 15
611 1693 40 12
612 1380 9 8
612 1479 25 4
612 1539 1 7
612 1545 16 3
612 1686 31 11
612 1705 42 2
613 619 29 12
613 712 2 7
613 1058 20 5
613 1151 55 15
613 1309 34 1
613 1546 28 13
613 1620 32 7
614 706 11 6
614 957 36 2
614 974 37 15
614 1095 28 7
614 1251 57 1
614 1461 10 5
614 1506 25 2
615 760 45 13
615 934 28 14
615 977 8 6
615 1223 2 15
615 1229 13 9
615 1457 16 10
616 710 23 13
616 1127 35 1
616 1135 39 10
616 1208 42 7
616 1298 22 3
616 1362 16 14
616 1416 11 2
616 1456 35 13
616 1500 40 8
616 1695 4 13
617 740 41 1
617 750 6 12
617 821 13 12
617 864 12 7
617 898 35 7
617 1200 47 2
617 1512 21 10
617 1649 9 11
618 879 51 6
618 1223 19 2
618 1482 18 12
619 1278 25 4
620 915 28 13
620 1170 47 7
620 1432 28 4
620 1452 38 3
620 1616 34 4
621 860 47 6
621 1068 16 12
621 1172 6 15
621 1252 36 9
621 1356 31 11
621 1597 23 15
622 653 41 6
622 772 53 10
622 929 15 11
622 1377 21 8
622 1403 22 10
622 1661 20 9
623 880 28 11
623 933 31 5
623 1188 36 4
623 1414 47 3
623 1465 22 8
624 1158 53 9
624 1202 46 5
624 1234 51 15
624 1266 56 3
625 929 10 5
625 1176 57 1
626 782 59 2
626 958 1 1
626 1103 29 8
626 1118 48 2
626 1617 6 11
627 1405 51 7
627 1416 20 1
627 1496 7 14
627 1503 9 9
628 634 40 1
628 840 27 4
629 1245 18 6
629 1586 37 9
629 1702 19 12
630 657 50 4
630 662 21 3
630 1005 44 5
630 1413 24 10
630 1716 19 8
631 669 9 6
631 1103 24 2
631 1222 35 7
631 1336 20 1
631 1577 49 7
632 718 3 8
632 760 32 7
632 1242 39 8
633 896 6 7
633 1062 46 15
633 1487 48 11
633 1540 16 2
634 690 12 2
634 920 39 6
634 1062 43 4
634 1093 60 12
634 1477 44 6
635 1178 36 7
635 1313 32 4
636 712 19 5
636 992 11 14
636 1007 10 14
636 1125 19 13
637 1210 5 14
637 1360 9 15
637 1505 35 8
637 1537 58 12
637 1576 59 3
638 720 58 10
638 741 59 2
638 742 19 14
638 1373 45 15
639 1151 4 14
639 1191 13 4
639 1208 2 5
639 1213 36 11
639 1686 35 6
640 822 27 11
640 1332 45 5
641 1290 45 7
642 992 16 14
642 1169 47 15
642 1224 59 9
643 662 55 2
643 735 37 2
643 769 28 3
643 1303 53 11
643 1448 9 12
644 956 21 8
644 1109 25 14
644 1489 34 12
644 1589 25 9
645 715 50 9
645 771 19 9
645 1166 57 2
645 1491 56 13
646 1080 28 9
646 1537 7 10
646 1584 9 8
647 1221 51 9
647 1414 7 11
647 1667 38 14
648 668 51 14
648 981 8 10
648 1371 36 10
649 798 1 10
649 1196 57 2
649 1207 8 7
650 1264 46 3
650 1556 17 9
651 714 52 15
651 884 33 1
651 922 35 10
651 1036 55 4
651 1168 49 13
651 1193 43 4
651 1223 12 9
651 1446 45 15
651 1653 39 14
653 1147 20 14
653 1449 50 8
654 1378 20 13
655 904 36 7
655 1078 20 1
655 1617 56 9
656 718 43 9
656 851 15 13
656 1397 46 2
657 820 2 15
657 833 13 3
657 1060 3 1
657 1563 1 12
657 1700 36 7
658 994 10 9
659 774 36 14
659 812 46 8
659 979 56 9
659 981 8 6
659 1008 41 13
659 1340 14 13
659 1454 13 6
659 1639 9 4
660 806 45 3
660 1089 28 5
660 1672 29 5
661 758 11 12
661 858 30 2
661 1373 30 6
662 684 21 13
662 857 50 11
662 1206 47 11
662 1427 7 14
662 1739 58 11
663 760 24 14
663 763 7 8
663 1176 53 11
663 1184 46 10
663 1519 29 12
664 1055 11 15
664 1263 45 10
664 1328 13 13
665 1327 2 12
665 1677 42 5
665 1702 45 7
666 1403 2 6
666 1524 37 9
666 1698 56 4
667 738 42 3
668 892 31 5
668 936 52 2
668 964 49 13
668 1067 55 3
668 1107 37 8
668 1171 49 9
669 676 27 9
669 728 37 8
669 757 27 5
669 1038 48 9
670 1096 30 14
670 1192 25 3
670 1239 26 12
670 1300 47 5
670 1469 39 2
671 1011 4 4
671 1034 25 14
671 1365 4 3
672 807 8 6
673 751 22 11
673 1338 1 7
673 1489 4 10
673 1655 27 15
674 1639 32 6
675 837 44 5
675 903 12 5
675 1061 52 3
675 1214 38 8
675 1539 10 13
676 1067 24 12
676 1704 22 15
677 1094 49 8
677 1152 29 14
677 1154 3 15
677 1323 50 5
677 1431 13 11
678 1182 60 1
679 830 39 2
679 1567 7 15
680 1435 60 2
680 1722 5 8
681 1136 46 5
681 1438 34 8
681 1440 43 11
681 1577 3 15
682 735 33 4
682 819 3 2
682 1605 28 15
683 730 5 4
683 1695 52 5
684 962 37 9
684 1508 14 15
685 807 19 10
685 1000 44 10
685 1125 54 3
685 1398 9 4
685 1460 32 3
685 1498 52 11
685 1593 7 6
685 1614 40 6
686 845 27 6
686 1001 31 7
686 1396 19 4
686 1517 41 14
687 1319 20 3
687 1343 36 10
688 906 39 1
688 1340 33 15
688 1546 22 9
689 820 40 14
689 1454 48 10
690 754 24 2
690 958 16 5
690 1353 2 3
690 1529 21 5
690 1736 38 2
691 1019 31 15
691 1546 58 8
691 1640 4 1
692 1162 52 2
693 748 46 15
693 933 43 14
693 951 20 2
693 1032 33 11
694 773 43 8
694 1295 44 12
694 1325 36 3
694 1368 55 4
694 1634 33 9
694 1714 22 6
695 778 27 4
695 1232 48 15
695 1287 39 10
696 805 1 2
696 1213 17 6
696 1257 44 13
696 1444 43 2
696 1499 52 13
696 1519 17 3
697 735 8 4
697 975 41 5
697 1016 46 7
697 1138 54 9
697 1466 13 13
697 1652 40 5
698 862 37 6
698 1287 7 5
698 1297 34 8
698 1355 39 12
698 1664 35 15
698 1705 57 13
699 909 10 6
699 1256 12 8
699 1435 3 4
699 1617 11 9
700 1663 56 2
701 1071 59 14
701 1474 31 12
702 1166 3 7
703 743 8 13
703 1005 8 9
704 709 21 11
704 1278 42 11
704 1326 58 1
704 1389 50 9
705 848 19 9
705 944 29 11
705 1057 40 13
705 1089 60 7
705 1327 44 13
705 1661 11 2
706 853 8 10
706 939 38 3
706 992 44 12
706 1185 32 8
706 1204 48 8
706 1371 11 14
706 1513 38 10
706 1671 11 11
707 762 48 1
707 974 43 2
707 992 25 13
707 1323 4 11
707 1446 17 2
708 1367 13 13
709 855 28 6
709 1062 40 5
709 1252 58 11
709 1351 24 8
709 1500 60 7
709 1607 5 12
710 821 4 14
710 1299 40 14
710 1620 6 15
710 1728 51 9
711 1304 33 12
712 1075 38 9
713 1242 18 1
713 1282 7 6
714 798 42 4
714 1091 4 4
714 1218 20 1
714 1441 43 8
714 1515 5 11
714 1654 12 9
715 800 55 9
715 1038 54 8
715 1159 4 3
715 1245 60 13
715 1300 58 2
715 1449 34 9
716 719 34 2
716 821 1 9
716 1292 52 14
716 1379 19 2
716 1562 28 1
716 1612 30 8
716 1632 44 7
717 931 49 12
717 1091 14 14
718 903 58 12
718 1110 28 3
719 735 52 14
719 1608 56 1
720 1326 53 6
721 985 1 10
722 871 43 7
722 918 34 14
722 961 21 9
722 1167 2 1
722 1352 25 1
722 1592 36 4
723 833 43 10
723 1286 25 1
723 1535 29 8
723 1685 39 13
723 1734 26 6
724 734 35 5
724 906 57 13
724 1099 34 2
725 1055 53 14
725 1218 29 1
725 1282 52 15
725 1549 37 13
726 794 14 6
726 1016 27 6
726 1077 50 15
726 1325 16 8
726 1552 17 14
727 1728 58 10
728 1447 58 10
728 1455 58 14
729 785 25 5
729 1227 9 1
729 1270 21 14
729 1612 11 14
730 1516 5 4
730 1553 7 3
731 770 1 12
731 1078 30 14
731 1157 40 13
732 907 3 8
732 1152 51 10
732 1154 27 3
732 1393 40 11
732 1531 41 10
732 1617 30 6
733 1056 6 13
733 1185 22 4
733 1188 37 3
733 1302 16 10
733 1459 22 11
734 789 8 2
734 1035 18 11
734 1131 20 12
735 890 9 8
735 928 45 5
735 962 41 13
735 1508 36 3
735 1616 7 2
735 1740 3 14
736 802 14 14
736 910 56 5
737 1126 37 13
737 1167 46 14
737 1416 57 2
737 1486 57 10
738 835 49 4
738 912 41 4
738 1425 12 10
739 1130 26 2
739 1318 49 9
739 1390 47 10
740 1670 25 3
741 943 3 8
741 1146 33 12
741 1353 2 8
741 1540 44 8
741 1583 21 12
742 950 9 8
742 1583 55 13
742 1588 18 15
743 901 21 15
743 1030 4 3
744 1068 57 1
744 1130 11 12
744 1427 36 4
745 748 42 5
745 1018 2 14
746 1218 44 13
746 1725 41 5
747 1079 59 10
747 1619 14 10
748 853 20 8
748 1153 38 5
748 1319 54 10
748 1462 42 6
748 1736 39 7
749 1174 40 8
749 1236 38 9
749 1495 21 8
749 1611 47 13
750 975 2 15
750 1724 55 8
751 1103 47 5
751 1111 22 3
751 1510 56 7
751 1544 39 1
751 1749 6 3
752 1169 58 2
752 1538 36 10
752 1573 24 9
752 1648 28 9
753 966 53 6
753 1003 14 5
753 1056 46 2
753 1109 18 3
753 1665 5 5
753 1669 43 3
754 1515 28 4
754 1553 54 9
755 875 9 2
755 1185 38 13
755 1425 40 5
756 1394 24 6
756 1440 14 6
756 1667 19 13
758 1055 49 7
758 1298 9 8
758 1398 29 12
758 1537 21 14
758 1624 59 1
758 1691 8 1
759 1171 53 15
760 1485 8 14
761 999 30 5
761 1359 54 1
761 1388 39 14
761 1433 15 4
761 1600 14 6
762 809 49 1
762 1457 52 6
762 1507 30 10
763 1132 44 12
764 853 16 9
764 869 47 13
764 942 17 11
764 984 53 11
764 1018 57 15
764 1130 24 10
764 1264 9 2
765 772 60 10
765 983 33 10
765 1095 35 13
765 1194 26 7
765 1280 57 11
765 1411 60 9
765 1459 17 10
765 1467 17 5
765 1481 43 14
765 1602 6 13
765 1618 30 3
765 1690 20 13
766 1407 49 5
767 856 48 1
768 813 50 2
768 1292 15 14
768 1600 27 15
768 1611 52 6
769 1056 13 14
769 1199 24 14
769 1348 18 12
769 1543 57 12
769 1644 60 6
770 936 45 7
770 1097 55 12
770 1459 37 14
771 811 3 11
771 1143 17 6
771 1516 33 12
772 1020 25 13
772 1047 48 7
772 1157 36 5
773 1099 41 14
773 1179 41 15
773 1202 6 14
773 1629 60 12
774 993 51 9
774 1461 39 2
774 1569 52 9
775 791 14 1
775 1653 51 12
776 925 53 10
776 1100 16 10
776 1285 38 12
776 1585 42 13
777 856 37 13
777 1000 39 2
778 808 16 14
778 1129 22 8
778 1579 25 8
779 1200 46 3
779 1256 55 8
780 1683 18 13
781 1011 55 13
781 1080 48 6
781 1365 9 4
781 1544 19 8
782 1315 12 6
782 1616 38 9
783 881 48 11
783 1254 29 12
784 841 12 5
784 1050 36 5
784 1146 55 7
784 1254 3 12
784 1637 23 2
785 1693 36 6
786 871 35 15
786 1115 19 15
786 1379 53 5
788 1146 42 13
788 1191 43 15
788 1293 58 1
788 1294 50 14
789 1009 23 5
789 1019 46 2
789 1185 57 10
789 1388 25 14
790 997 13 5
790 1200 14 8
790 1612 22 12
790 1706 31 15
790 1719 32 8
791 993 40 12
791 1337 32 13
791 1472 11 14
792 1032 39 12
792 1132 35 12
792 1712 60 3
793 1192 12 15
794 1009 13 13
794 1012 48 10
794 1057 58 13
794 1701 34 6
795 1044 55 10
795 1453 50 9
795 1622 48 9
796 868 8 4
796 955 60 15
796 1067 11 9
796 1351 10 9
796 1480 35 11
797 823 22 6
797 1533 29 1
798 1017 17 6
799 834 2 14
799 838 33 8
799 1313 5 1
800 868 34 7
801 1027 14 7
801 1438 22 6
802 1549 21 7
803 872 15 15
803 1168 43 12
803 1597 25 7
804 1396 37 10
804 1398 34 1
804 1576 17 13
805 875 10 11
805 1098 8 3
805 1201 40 4
805 1212 45 6
805 1239 24 9
805 1544 41 2
805 1666 17 1
806 1026 31 14
806 1451 48 6
806 1462 60 10
807 816 31 11
807 1447 30 13
808 1065 13 12
808 1282 49 2
808 1358 40 13
808 1571 40 8
808 1652 29 4
808 1657 40 5
809 837 50 15
809 1012 27 11
809 1182 51 10
809 1186 24 1
809 1359 26 7
810 941 36 4
810 1071 51 3
810 1104 59 6
811 1027 19 3
811 1072 60 8
811 1213 53 4
811 1635 33 4
812 1146 58 15
812 1292 60 5
812 1523 52 10
812 1581 13 1
813 1154 41 2
813 1638 34 7
813 1643 55 14
813 1717 31 15
814 1436 16 7
815 1335 49 2
815 1420 43 7
815 1565 15 7
815 1608 18 14
816 951 20 9
816 993 12 14
816 1356 22 5
816 1575 20 4
817 855 6 14
817 875 12 9
817 882 38 11
817 1073 12 3
817 1127 47 9
817 1601 12 15
817 1700 23 15
818 1244 30 10
819 957 43 7
819 1084 32 7
819 1235 2 9
819 1521 24 3
820 1190 23 11
820 1373 11 9
820 1697 35 13
821 1299 6 7
821 1443 20 13
821 1518 23 12
822 1037 38 7
822 1500 43 12
823 849 60 7
823 1243 8 4
823 1522 9 2
824 1161 4 10
824 1303 51 13
824 1355 52 7
824 1513 44 10
824 1571 48 7
824 1744 32 9
825 906 12 15
825 965 25 13
825 981 14 14
825 1046 14 15
825 1190 31 14
825 1662 32 12
826 1073 50 12
826 1297 55 10
827 1178 56 11
827 1385 12 9
828 999 22 6
828 1319 31 5
828 1736 15 4
829 1113 59 6
829 1306 53 11
829 1372 42 10
829 1496 37 7
830 904 17 1
830 1050 36 1
830 1307 34 7
830 1537 13 4
830 1604 21 1
831 866 30 13
831 1626 46 13
832 1129 29 7
832 1337 45 3
833 1084 48 11
833 1355 57 11
833 1581 39 4
834 1013 9 11
834 1145 36 14
834 1209 15 15
834 1430 50 5
834 1647 16 9
834 1709 42 9
835 1077 18 3
835 1165 58 12
835 1210 26 10
835 1545 14 5
835 1593 29 10
836 921 35 8
836 1034 30 11
836 1347 42 8
836 1365 31 15
836 1440 53 12
837 876 49 7
837 938 36 6
837 1135 4 4
837 1441 9 5
838 916 52 7
838 1340 6 7
838 1521 17 14
838 1646 48 13
839 1241 51 11
839 1357 44 5
839 1662 3 9
839 1669 45 10
841 1128 54 10
842 847 23 11
843 1269 6 14
843 1422 33 7
843 1712 36 9
843 1753 43 5
844 1139 54 13
844 1148 14 5
845 931 60 8
845 935 60 3
845 1407 23 2
845 1550 45 6
845 1745 43 6
846 1091 6 15
846 1265 59 13
846 1411 6 11
846 1696 43 2
846 1714 60 8
847 1325 50 3
847 1498 26 6
848 1244 58 5
849 1026 30 1
849 1170 35 14
849 1340 18 5
850 1104 22 6
850 1577 6 1
851 959 45 14
851 1037 47 14
851 1632 29 11
852 1188 48 9
852 1655 53 14
853 902 5 3
853 1669 27 6
854 1031 50 11
854 1038 41 7
854 1548 17 6
855 878 53 14
855 1525 24 11
855 1582 10 13
857 1605 53 6
858 1025 7 12
858 1066 15 15
858 1179 57 15
858 1459 44 14
858 1602 29 10
859 1206 57 6
859 1295 30 8
859 1622 18 10
859 1685 58 13
860 932 50 9
860 1159 57 4
860 1257 51 14
861 1075 10 11
861 1234 60 9
861 1393 33 14
861 1522 11 4
862 1185 27 5
862 1315 59 13
862 1723 27 5
863 1300 58 9
863 1317 39 8
863 1601 11 6
863 1663 46 3
864 904 60 5
864 1724 41 9
865 914 8 14
865 1166 20 9
865 1224 3 8
865 1340 36 11
865 1750 12 2
866 1283 25 9
866 1630 3 4
867 1495 45 7
868 1247 55 15
869 1342 2 7
869 1554 2 10
870 907 7 9
870 1189 57 13
870 1414 42 3
870 1647 52 11
871 892 33 7
871 1134 18 1
872 1365 21 10
873 1048 31 6
873 1124 19 4
873 1329 49 2
873 1389 37 13
873 1699 42 9
874 892 44 15
874 1062 18 1
874 1137 37 15
874 1154 56 7
874 1183 12 12
874 1195 32 11
874 1347 37 6
874 1741 36 6
875 1288 57 13
875 1459 16 15
875 1624 34 14
876 948 48 9
876 963 43 6
876 1029 17 9
876 1370 36 6
876 1444 46 10
876 1465 11 6
877 1077 26 8
877 1391 20 14
877 1477 42 11
877 1486 44 14
878 1056 58 7
878 1245 27 10
878 1264 13 5
878 1388 14 1
879 1052 29 3
879 1072 25 10
879 1343 27 1
879 1548 57 8
879 1739 10 5
880 1364 50 6
880 1618 15 13
880 1708 42 10
881 978 3 8
881 1106 11 1
882 1455 6 10
882 1558 9 4
883 1140 41 13
883 1319 28 8
883 1633 5 14
884 1271 3 1
884 1290 3 3
884 1717 21 10
885 1097 32 8
885 1280 9 15
885 1326 51 14
885 1330 56 13
885 1534 43 6
886 1146 56 2
886 1412 13 1
886 1612 33 13
887 957 31 1
887 1342 29 7
887 1429 20 12
887 1438 10 14
887 1526 23 10
888 918 39 13
888 992 8 4
888 1383 55 5
888 1727 49 6
888 1750 32 13
889 913 56 8
889 1187 15 13
889 1209 31 14
890 958 28 9
890 1099 36 14
891 968 31 1
891 1256 11 15
891 1284 10 12
891 1450 16 12
891 1633 21 6
892 1467 49 12
893 1039 40 9
893 1173 52 4
893 1376 5 7
894 1087 28 14
894 1172 4 8
894 1182 26 7
894 1221 60 7
894 1229 2 6
894 1264 53 1
895 1485 23 4
896 957 8 13
896 1031 17 7
896 1483 33 1
897 1334 60 8
897 1704 53 9
898 1006 21 14
898 1561 60 4
898 1745 20 3
899 986 37 9
899 1169 8 8
899 1183 53 1
899 1199 31 15
900 1002 27 14
900 1298 4 6
900 1753 5 4
901 1219 9 12
901 1669 34 15
902 1157 15 5
903 1088 44 13
903 1166 43 1
903 1252 30 6
903 1574 56 6
903 1581 48 5
904 1350 49 10
904 1630 37 2
905 908 11 6
905 1297 24 4
906 1116 12 9
906 1170 47 12
906 1261 59 5
906 1594 2 8
907 1262 36 5
907 1473 58 9
907 1508 6 3
908 922 59 4
908 964 12 5
908 1067 32 13
908 1397 18 14
909 1003 15 3
909 1599 54 11
910 1078 7 6
910 1198 2 3
910 1488 34 9
910 1560 15 11
910 1597 28 14
910 1628 36 11
910 1663 9 7
911 1123 32 2
911 1297 45 11
911 1395 11 2
912 1009 37 5
912 1099 6 1
912 1167 32 12
912 1647 47 6
912 1721 24 10
913 925 44 7
913 1321 60 6
914 1276 37 5
914 1438 18 12
914 1445 33 13
915 938 25 13
915 1224 16 14
915 1332 28 13
915 1352 54 10
916 1428 7 12
917 1098 10 7
917 1418 13 14
917 1609 25 1
917 1709 19 1
918 1079 51 9
918 1137 26 7
918 1237 54 8
918 1593 56 9
919 1234 32 3
919 1356 22 5
919 1751 3 4
920 1059 33 13
920 1292 55 12
920 1589 16 3
920 1597 28 11
921 1075 8 10
921 1088 15 5
921 1166 21 10
921 1558 59 15
921 1591 36 2
922 1112 47 13
922 1654 1 14
923 964 46 12
923 1246 29 10
923 1397 39 6
924 1250 3 13
924 1440 13 9
925 1227 4 15
925 1292 13 9
925 1690 51 2
926 1511 2 7
926 1694 5 5
927 1037 15 12
927 1561 24 4
927 1651 36 3
927 1740 34 9
928 1180 31 4
929 940 26 3
929 979 7 5
929 1103 10 4
929 1302 4 13
929 1347 6 1
929 1520 38 9
929 1735 58 12
930 1174 52 6
930 1236 32 5
930 1469 49 10
930 1532 49 8
930 1728 27 9
931 1068 10 9
931 1125 47 1
932 949 41 2
933 1257 33 6
934 1091 39 5
934 1342 58 10
934 1387 38 2
934 1527 5 7
934 1656 19 6
935 999 56 3
935 1555 43 7
935 1752 44 12
936 1247 28 8
936 1413 44 15
937 1281 51 12
937 1721 16 12
938 941 42 2
938 979 30 7
938 1362 7 15
938 1601 49 6
938 1686 55 14
938 1711 60 5
939 1374 11 13
939 1688 25 13
940 1303 45 4
940 1402 16 5
940 1598 30 5
941 969 54 3
941 1009 35 7
942 1392 18 7
942 1398 59 15
942 1589 3 15
943 1052 15 3
943 1083 10 10
943 1232 24 6
943 1548 59 6
944 1057 30 9
944 1441 6 6
944 1676 60 6
945 1011 21 11
945 1135 13 15
945 1700 51 1
946 1382 60 8
946 1712 19 8
947 969 8 8
947 1570 58 12
948 1493 60 15
948 1713 11 2
949 1450 54 13
950 1062 25 6
950 1648 4 9
951 1568 54 10
951 1730 53 12
952 969 34 7
952 1012 21 10
952 1326 50 7
952 1399 59 2
952 1400 9 11
952 1451 6 15
953 1045 47 14
953 1657 28 13
954 978 33 13
954 1081 11 5
954 1248 7 3
954 1646 53 13
955 1523 19 8
956 1068 7 15
956 1251 45 7
956 1666 4 1
958 1193 34 8
958 1251 42 2
959 1301 20 14
959 1312 21 5
960 1185 51 14
960 1685 38 5
961 1195 28 12
962 1132 5 3
962 1285 34 2
962 1449 53 5
962 1486 48 10
962 1632 3 6
963 1208 56 5
963 1661 25 15
963 1663 50 2
965 1027 57 1
965 1036 6 3
965 1096 45 14
965 1111 9 14
965 1169 58 12
965 1189 12 3
965 1272 28 1
965 1311 39 6
965 1488 21 7
965 1539 51 14
965 1622 31 15
966 1097 1 6
966 1304 28 8
966 1453 55 10
966 1485 44 2
966 1499 36 6
966 1580 49 13
967 1283 28 14
967 1668 32 12
967 1696 38 15
967 1753 52 11
968 1491 47 4
968 1707 24 7
969 1421 60 15
969 1587 3 15
969 1696 60 11
970 1463 4 6
970 1604 29 6
970 1620 17 10
971 1192 60 2
971 1322 53 5
971 1580 14 9
971 1680 30 4
972 1088 27 6
973 1289 54 8
973 1474 43 13
974 1046 15 8
974 1187 7 3
974 1264 15 14
974 1302 57 14
974 1607 23 5
975 1094 54 6
975 1234 60 13
975 1408 9 3
975 1476 58 5
975 1477 14 12
975 1672 3 1
976 1012 11 8
976 1138 4 11
976 1243 8 13
977 1460 47 13
977 1571 24 9
977 1644 13 5
978 1234 9 15
978 1291 30 12
978 1336 9 4
979 1605 35 15
980 1437 45 15
980 1694 19 8
981 1128 55 4
981 1656 23 1
982 1031 32 5
982 1135 59 1
982 1584 20 14
982 1690 41 7
982 1752 48 11
983 991 8 10
983 1021 43 8
983 1117 1 1
983 1472 11 12
984 1457 4 4
984 1623 33 3
985 1609 20 4
986 1064 3 14
986 1359 27 7
986 1504 32 14
986 1507 7 2
987 1176 2 8
989 1047 57 11
989 1255 52 15
989 1367 48 12
989 1403 16 11
990 1006 23 2
990 1070 30 8
991 1128 26 1
991 1377 48 8
991 1744 20 1
992 1268 29 9
992 1647 11 12
993 1193 26 6
993 1569 35 2
993 1746 2 1
994 1085 19 2
994 1210 36 9
994 1423 27 10
995 1005 7 14
995 1454 44 15
995 1654 23 5
995 1655 26 12
995 1672 10 13
996 1714 9 2
997 1350 35 3
997 1626 30 3
998 1077 4 3
998 1089 48 2
998 1095 46 12
998 1099 8 3
998 1116 44 13
999 1018 34 15
999 1398 7 12
999 1447 4 2
999 1690 41 6
1000 1301 3 10
1000 1470 32 2
1001 1097 14 1
1001 1569 33 7
1002 1045 55 14
1002 1668 22 2
1003 1501 55 14
1004 1025 6 15
1004 1076 42 7
1004 1233 44 2
1004 1365 52 11
1004 1502 49 15
1004 1729 2 15
1005 1058 52 9
1005 1099 31 10
1005 1159 52 8
1006 1148 60 6
1006 1307 56 8
1006 1345 28 5
1007 1036 58 14
1007 1223 29 12
1008 1471 18 12
1008 1481 40 12
1008 1531 24 5
1008 1572 31 12
1009 1724 47 10
1010 1167 2 4
1010 1292 23 11
1010 1571 60 8
1011 1019 9 5
1011 1151 6 8
1011 1197 21 3
1011 1352 40 9
1011 1445 10 13
1012 1025 25 14
1012 1639 35 15
1013 1409 4 1
1013 1550 30 1
1013 1593 52 14
1013 1604 24 2
1014 1081 20 11
1014 1096 34 8
1014 1302 4 13
1015 1255 15 15
1015 1444 60 1
1016 1148 46 5
1016 1553 42 6
1017 1345 39 11
1017 1391 36 7
1018 1040 34 14
1018 1635 31 10
1018 1653 1 13
1018 1712 14 5
1019 1074 26 10
1020 1278 8 9
1021 1086 25 10
1021 1431 23 12
1022 1089 32 6
1022 1369 57 11
1023 1121 29 6
1023 1491 20 10
1023 1597 14 13
1024 1644 57 4
1025 1071 25 10
1025 1104 34 1
1026 1360 2 7
1026 1400 49 13
1026 1677 25 8
1027 1062 11 5
1027 1143 30 3
1027 1504 1 1
1030 1045 3 15
1030 1325 17 14
1030 1492 40 15
1030 1653 8 11
1030 1654 52 13
1030 1688 49 11
1031 1276 29 11
1032 1073 19 14
1032 1441 39 8
1032 1661 29 6
1033 1432 35 2
1033 1596 21 10
1034 1660 60 7
1034 1741 45 15
1034 1750 13 4
1035 1452 43 8
1035 1560 33 2
1035 1734 31 1
1036 1207 14 9
1036 1252 6 15
1036 1546 60 2
1036 1656 56 12
1036 1683 12 2
1037 1443 39 14
1037 1540 15 7
1038 1287 45 7
1039 1408 58 5
1039 1473 3 8
1039 1612 55 12
1040 1131 43 8
1040 1200 42 14
1040 1341 35 1
1041 1626 47 1
1042 1144 33 11
1042 1229 51 14
1042 1267 26 10
1042 1327 54 9
1043 1287 47 4
1043 1313 12 7
1043 1481 12 11
1043 1565 2 3
1043 1580 60 2
1044 1230 4 9
1044 1318 25 11
1044 1586 5 3
1045 1534 36 2
1046 1242 20 4
1046 1405 32 15
1046 1563 53 10
1047 1189 49 15
1048 1509 27 5
1049 1395 25 10
1049 1446 39 13
1049 1453 40 9
1050 1154 11 13
1051 1629 4 4
1051 1717 45 9
1052 1073 55 5
1052 1205 42 5
1052 1316 21 14
1053 1246 32 4
1054 1664 47 12
1055 1103 2 1
1055 1636 44 14
1056 1449 19 6
1056 1548 34 2
1057 1083 3 2
1058 1095 15 5
1058 1434 36 7
1060 1274 3 9
1060 1450 28 14
1061 1073 56 14
1062 1430 60 11
1062 1525 57 10
1063 1714 7 9
1064 1067 45 6
1065 1097 43 9
1065 1343 55 3
1065 1440 31 10
1066 1521 2 9
1067 1387 47 6
1068 1392 26 3
1068 1486 32 12
1068 1496 13 3
1068 1577 14 1
1069 1097 3 1
1069 1108 46 2
1070 1243 16 11
1070 1677 58 15
1071 1102 16 8
1071 1186 26 5
1072 1233 23 14
1072 1259 49 2
1072 1513 48 1
1072 1571 13 3
1072 1721 20 4
1073 1100 21 8
1073 1732 57 10
1074 1082 17 13
1074 1192 1 2
1074 1203 4 10
1074 1312 18 5
1074 1601 22 5
1074 1686 22 11
1075 1159 25 13
1075 1244 46 9
1076 1311 7 15
1076 1377 55 4
1076 1527 18 9
1076 1537 11 11
1077 1168 20 1
1077 1574 15 11
1079 1190 32 6
1080 1262 29 15
1080 1474 15 1
1080 1623 19 4
1081 1136 43 8
1082 1090 44 14
1082 1345 56 12
1082 1636 19 11
1082 1710 49 3
1083 1116 9 3
1083 1251 26 4
1084 1334 20 14
1084 1559 29 3
1085 1306 54 2
1085 1699 10 15
1086 1306 38 4
1086 1342 6 7
1086 1672 10 14
1087 1290 25 2
1087 1348 36 8
1087 1675 9 1
1087 1686 31 4
1088 1113 33 5
1088 1151 22 3
1088 1223 54 4
1089 1400 26 11
1089 1580 8 10
1089 1604 1 8
1089 1725 21 12
1090 1639 56 15
1090 1678 51 1
1091 1233 41 8
1091 1493 27 11
1092 1666 45 15
1093 1518 33 8
1094 1429 1 1
1095 1360 20 6
1095 1493 38 11
1097 1281 5 12
1097 1432 56 15
1097 1458 16 14
1097 1502 48 11
1097 1595 13 11
1099 1276 35 14
1099 1524 27 2
1099 1598 17 3
1099 1695 50 12
1100 1136 17 15
1100 1179 21 13
1101 1260 8 10
1101 1372 50 8
1101 1528 24 6
1101 1632 5 12
1102 1127 47 2
1102 1309 48 2
1102 1738 44 13
1103 1253 53 15
1103 1343 42 5
1104 1526 10 2
1104 1733 2 8
1105 1198 22 11
1105 1378 49 5
1106 1184 58 7
1106 1267 26 9
1106 1421 25 7
1106 1447 20 8
1106 1515 53 7
1106 1689 49 8
1107 1131 29 15
1107 1711 41 1
1108 1747 16 4
1109 1110 55 13
1109 1249 32 5
1109 1331 33 10
1109 1345 9 6
1110 1122 7 13
1112 1219 14 1
1114 1303 50 8
1114 1650 29 12
1114 1726 48 6
1115 1257 32 6
1115 1431 13 15
1115 1716 16 2
1116 1508 45 15
1117 1383 35 15
1117 1666 45 8
1117 1741 8 12
1118 1325 39 12
1118 1618 46 4
1119 1143 47 15
1119 1550 23 15
1120 1571 59 11
1121 1554 28 14
1122 1465 14 5
1122 1655 43 13
1122 1717 43 5
1123 1302 11 1
1123 1688 23 3
1124 1175 31 1
1125 1148 52 11
1125 1382 48 10
1125 1528 16 3
1125 1568 16 2
1126 1161 11 11
1126 1228 36 1
1126 1467 20 15
1127 1247 11 3
1127 1317 56 12
1127 1347 5 1
1127 1661 56 3
1128 1678 28 7
1129 1463 3 15
1129 1654 25 12
1130 1524 53 2
1130 1651 3 6
1131 1193 37 11
1131 1247 29 10
1131 1696 54 1
1132 1139 27 9
1132 1158 32 5
1132 1667 14 4
1133 1611 25 6
1134 1175 1 11
1134 1457 29 12
1135 1655 14 13
1136 1312 11 1
1136 1397 54 14
1136 1598 1 2
1136 1699 32 2
1137 1456 6 5
1137 1511 49 14
1137 1608 60 12
1138 1454 53 2
1138 1614 40 12
1139 1263 48 6
1139 1407 20 5
1140 1175 47 6
1140 1341 56 3
1140 1694 46 4
1141 1498 27 13
1141 1548 28 8
1141 1675 59 8
1142 1344 37 10
1143 1201 32 3
1143 1227 49 9
1143 1390 54 9
1143 1498 26 7
1143 1623 8 3
1144 1169 31 4
1144 1612 40 14
1144 1668 43 9
1145 1422 41 15
1145 1658 30 6
1146 1169 33 7
1148 1160 36 5
1148 1571 58 3
1149 1224 28 14
1149 1408 54 1
1150 1194 29 8
1150 1314 58 10
1151 1556 49 4
1151 1570 50 11
1152 1232 55 6
1152 1404 22 15
1154 1405 28 12
1155 1323 27 12
1156 1467 50 11
1156 1613 48 14
1156 1629 22 8
1157 1417 20 7
1157 1647 3 15
1157 1665 48 10
1158 1230 51 1
1158 1520 12 13
1158 1712 41 11
1159 1174 58 2
1159 1203 30 7
1159 1322 51 13
1159 1593 18 1
1160 1430 28 4
1160 1551 45 3
1160 1652 21 14
1161 1348 57 13
1161 1404 42 2
1161 1483 49 11
1162 1287 14 12
1162 1390 20 3
1162 1426 33 15
1162 1491 57 3
1163 1713 8 8
1164 1352 36 13
1164 1610 50 6
1164 1649 37 5
1165 1460 29 1
1166 1583 5 15
1166 1657 47 15
1169 1416 27 3
1169 1417 50 14
1169 1442 42 10
1169 1546 15 2
1169 1638 7 15
1170 1427 41 1
1170 1607 43 2
1171 1619 39 3
1172 1211 4 5
1172 1249 18 4
1172 1749 6 4
1173 1231 44 14
1173 1577 45 14
1173 1704 17 13
1174 1182 46 13
1175 1478 15 2
1176 1707 28 9
1176 1739 50 11
1177 1527 41 2
1178 1477 47 8
1179 1687 48 7
1180 1477 26 3
1180 1615 41 6
1181 1382 41 6
1181 1413 4 4
1182 1422 10 7
1182 1624 49 12
1183 1460 58 8
1185 1358 10 11
1185 1641 54 4
1186 1200 50 8
1186 1301 37 8
1186 1318 13 3
1187 1226 51 12
1187 1291 11 13
1187 1299 55 8
1187 1305 24 11
1187 1616 4 13
1187 1701 51 10
1188 1253 51 3
1189 1228 35 4
1189 1294 47 11
1190 1740 8 5
1192 1298 20 8
1194 1477 13 15
1194 1535 44 8
1195 1558 1 12
1195 1750 39 2
1196 1406 41 14
1196 1548 54 2
1197 1681 54 2
1198 1310 32 5
1198 1400 3 13
1198 1534 55 11
1198 1659 14 15
1198 1680 57 6
1199 1206 31 3
1200 1231 19 8
1200 1516 51 7
1200 1622 7 5
1201 1609 41 14
1201 1700 15 10
1201 1710 25 3
1204 1231 47 3
1205 1283 30 6
1205 1605 18 3
1206 1473 3 2
1207 1354 50 10
1207 1470 42 9
1207 1562 50 9
1208 1221 52 3
1208 1300 59 14
1208 1391 44 15
1208 1535 46 14
1208 1557 31 9
1208 1662 6 6
1209 1332 44 3
1210 1246 5 14
1210 1314 5 10
1210 1624 17 5
1211 1433 50 9
1211 1455 45 6
1211 1650 50 11
1212 1673 35 10
1213 1701 60 11
1214 1434 51 3
1214 1492 48 13
1214 1545 42 10
1214 1678 60 9
1215 1332 4 8
1215 1621 32 13
1215 1701 35 8
1215 1723 18 8
1217 1683 2 9
1217 1685 60 12
1217 1717 59 15
1218 1465 10 11
1219 1657 21 7
1220 1556 36 3
1221 1391 8 7
1222 1260 37 8
1222 1423 56 14
1222 1499 57 7
1222 1613 51 10
1222 1672 43 13
1222 1720 54 4
1222 1738 17 14
1223 1346 60 3
1223 1670 45 15
1224 1309 43 5
1224 1496 16 4
1224 1566 15 14
1225 1570 57 2
1226 1423 59 11
1227 1276 11 4
1229 1749 27 3
1230 1237 40 7
1230 1461 5 7
1230 1492 56 14
1230 1668 3 11
1231 1322 44 5
1232 1413 26 11
1233 1477 5 15
1235 1591 52 10
1235 1683 37 14
1236 1367 10 9
1237 1339 1 5
1237 1582 10 13
1237 1674 59 2
1237 1700 42 12
1238 1242 36 1
1239 1399 38 14
1239 1567 50 6
1239 1662 41 1
1242 1292 35 8
1242 1365 26 5
1242 1531 14 7
1243 1380 6 4
1243 1523 40 4
1244 1281 16 14
1246 1449 59 12
1246 1521 27 12
1247 1595 41 13
1249 1435 45 12
1249 1569 11 14
1249 1620 1 12
1249 1678 34 3
1249 1681 4 2
1250 1254 7 10
1250 1635 12 4
1251 1268 49 12
1251 1323 44 12
1251 1417 34 1
1251 1512 52 6
1252 1384 50 13
1254 1695 51 15
1255 1630 36 4
1256 1509 2 15
1256 1709 15 12
1258 1414 51 3
1258 1526 56 12
1259 1429 54 3
1259 1736 28 11
1260 1368 38 14
1262 1556 20 15
1262 1568 34 6
1264 1317 6 6
1264 1332 12 4
1264 1529 57 12
1266 1388 50 13
1267 1283 41 7
1267 1287 7 15
1267 1385 15 3
1267 1563 25 9
1267 1659 13 2
1269 1344 4 7
1269 1528 45 13
1270 1300 29 5
1270 1509 31 9
1270 1567 7 1
1271 1554 44 2
1271 1599 24 6
1271 1687 4 10
1271 1690 4 3
1274 1369 33 10
1274 1462 47 7
1274 1567 53 12
1274 1735 25 8
1276 1711 51 10
1277 1402 18 11
1280 1462 56 8
1280 1544 25 4
1281 1624 49 10
1283 1288 50 12
1283 1589 50 10
1283 1693 26 6
1284 1618 5 5
1286 1735 1 3
1287 1423 32 6
1287 1457 2 8
1288 1641 32 11
1288 1653 31 15
1289 1353 28 15
1289 1449 10 2
1291 1439 40 15
1291 1466 58 1
1292 1361 15 8
1293 1574 21 8
1294 1415 37 7
1294 1503 47 13
1295 1326 27 2
1295 1407 34 5
1296 1400 16 13
1296 1571 57 10
1297 1744 25 10
1298 1548 4 10
1298 1600 23 7
1300 1612 15 15
1301 1592 28 2
1301 1737 23 12
1302 1661 37 13
1303 1328 20 1
1303 1467 16 4
1305 1517 4 7
1305 1716 2 10
1306 1357 2 7
1306 1600 11 10
1308 1580 25 9
1309 1329 38 8
1309 1414 60 4
1309 1545 22 12
1309 1626 18 10
1310 1645 39 6
1310 1665 38 15
1312 1406 49 4
1312 1538 23 2
1312 1676 12 3
1313 1671 34 1
1313 1728 19 6
1315 1561 58 12
1315 1632 3 13
1316 1538 15 9
1317 1608 11 2
1318 1392 56 6
1318 1597 48 3
1319 1522 32 10
1323 1400 50 9
1323 1503 15 5
1323 1752 25 5
1324 1386 26 8
1324 1690 49 13
1325 1366 44 15
1325 1529 22 6
1326 1649 45 14
1327 1644 55 8
1328 1377 55 4
1328 1516 41 5
1328 1718 31 3
1329 1544 2 11
1330 1555 5 4
1331 1348 11 2
1332 1462 24 2
1332 1651 8 15
1332 1746 29 9
1333 1346 10 6
1333 1448 16 3
1333 1605 34 7
1333 1632 22 10
1333 1666 34 11
1334 1626 53 9
1334 1665 52 6
1335 1544 2 2
1336 1548 26 7
1337 1343 54 8
1337 1575 33 1
1337 1589 27 13
1338 1356 56 3
1339 1604 51 14
1339 1732 23 1
1340 1459 48 6
1340 1600 2 2
1342 1420 1 10
1342 1697 51 12
1343 1375 1 8
1343 1428 54 7
1343 1492 45 9
1343 1625 48 4
1344 1502 44 6
1344 1585 49 3
1344 1637 29 1
1345 1510 29 8
1345 1517 35 12
1346 1595 60 3
1346 1648 31 4
1347 1605 20 4
1348 1596 50 12
1349 1479 2 13
1349 1482 12 12
1350 1609 24 3
1353 1517 37 15
1354 1414 3 15
1355 1425 42 6
1355 1447 44 8
1356 1434 30 8
1356 1753 50 6
1357 1495 58 14
1357 1681 54 1
1358 1551 15 14
1358 1642 55 15
1359 1461 46 7
1359 1539 52 4
1360 1468 35 13
1361 1464 8 10
1361 1526 39 13
1362 1660 37 12
1364 1440 2 12
1364 1631 16 1
1366 1588 60 14
1367 1378 44 4
1367 1509 32 12
1367 1709 44 3
1368 1642 8 12
1369 1393 22 12
1371 1431 28 10
1372 1481 35 3
1373 1623 42 13
1375 1577 26 12
1376 1728 34 7
1377 1594 56 4
1378 1699 45 7
1382 1400 42 14
1382 1496 51 9
1384 1592 18 11
1384 1722 30 7
1385 1396 39 6
1385 1698 38 8
1386 1707 42 3
1387 1460 51 7
1387 1697 17 6
1388 1724 47 8
1391 1569 28 15
1392 1732 13 5
1393 1460 31 4
1393 1527 50 14
1393 1550 37 15
1393 1565 60 5
1394 1629 24 4
1395 1400 41 12
1395 1749 49 7
1396 1413 13 7
1398 1489 33 12
1399 1469 14 3
1399 1531 31 9
1399 1591 2 8
1401 1587 3 5
1401 1700 57 13
1402 1403 37 3
1402 1510 39 4
1402 1553 10 5
1402 1577 17 14
1402 1607 60 7
1404 1562 39 9
1406 1533 60 3
1407 1433 6 12
1407 1603 24 3
1407 1750 28 6
1408 1550 40 6
1409 1665 52 1
1410 1691 56 3
1411 1581 47 2
1411 1714 15 4
1411 1727 32 10
1411 1752 6 14
1412 1727 29 12
1417 1484 12 1
1417 1685 30 3
1418 1595 59 8
1418 1687 14 10
1419 1618 10 10
1419 1684 32 8
1419 1724 49 3
1420 1554 10 4
1421 1621 30 8
1422 1451 31 14
1422 1566 51 13
1422 1727 40 13
1423 1674 12 12
1424 1451 41 8
1427 1564 49 1
1428 1601 56 15
1428 1701 10 9
1429 1610 52 10
1429 1691 51 12
1430 1693 25 12
1431 1441 6 15
1431 1720 52 7
1433 1534 53 12
1434 1485 45 7
1434 1739 26 4
1435 1530 44 6
1436 1530 53 8
1437 1702 53 7
1440 1472 25 1
1441 1453 3 5
1441 1673 9 6
1443 1550 51 4
1444 1509 14 4
1445 1615 50 14
1445 1663 24 1
1445 1689 16 2
1446 1539 32 2
1446 1545 31 10
1446 1681 59 13
1446 1727 22 2
1447 1611 42 11
1447 1696 36 1
1449 1574 49 13
1450 1605 7 10
1451 1555 8 5
1451 1706 53 1
1454 1492 31 9
1454 1640 46 1
1455 1740 35 9
1455 1753 25 13
1458 1605 54 9
1458 1660 59 8
1459 1603 50 13
1459 1608 60 6
1460 1717 14 14
1461 1613 19 10
1461 1633 5 11
1461 1699 24 8
1462 1616 6 2
1462 1690 10 6
1463 1535 35 10
1463 1713 26 8
1464 1628 3 12
1464 1658 23 3
1465 1527 33 1
1465 1553 54 14
1469 1607 10 12
1469 1675 58 7
1469 1732 40 3
1470 1700 56 1
1471 1748 39 11
1472 1578 59 3
1473 1661 37 9
1476 1527 7 2
1476 1599 30 15
1477 1555 49 3
1478 1528 18 11
1480 1528 59 2
1481 1576 19 10
1483 1630 14 14
1484 1506 9 8
1484 1648 21 2
1488 1630 25 12
1490 1572 5 14
1490 1577 16 1
1491 1710 51 10
1492 1615 33 2
1494 1677 45 3
1494 1746 7 2
1495 1516 8 9
1496 1545 23 7
1496 1738 4 6
1497 1642 25 4
1500 1698 47 12
1502 1541 17 11
1502 1576 11 11
1502 1593 44 15
1504 1505 24 4
1505 1742 48 7
1505 1748 49 6
1506 1696 55 6
1507 1578 8 3
1508 1616 34 7
1509 1624 15 6
1510 1648 54 8
1512 1655 43 14
1513 1572 56 3
1516 1649 41 14
1516 1713 13 11
1516 1744 60 12
1517 1656 53 7
1518 1635 32 11
1519 1560 17 4
1521 1614 5 1
1523 1571 5 5
1524 1741 40 5
1529 1667 5 9
1530 1557 18 6
1532 1598 25 3
1533 1572 51 12
1533 1736 46 12
1534 1613 51 12
1537 1602 53 12
1539 1573 17 5
1539 1694 54 11
1539 1726 20 5
1540 1636 9 13
1541 1554 4 5
1541 1594 5 13
1541 1731 19 1
1544 1621 40 6
1547 1608 53 6
1549 1623 21 5
1549 1664 48 3
1550 1742 54 11
1551 1679 60 9
1552 1628 60 6
1554 1645 33 14
1554 1673 25 11
1554 1722 2 1
1556 1564 27 15
1557 1675 22 12
1557 1743 26 3
1559 1583 35 15
1560 1576 56 14
1560 1734 1 8
1561 1750 27 1
1563 1685 18 8
1565 1630 17 9
1569 1592 44 1
1569 1710 59 3
1572 1673 57 10
1576 1723 17 7
1580 1615 4 6
1588 1736 15 2
1591 1647 12 6
1591 1665 5 13
1597 1722 13 11
1600 1683 46 1
1601 1615 29 9
1604 1647 34 13
1605 1753 29 15
1606 1609 33 5
1607 1733 49 4
1608 1685 34 4
1609 1641 55 5
1610 1679 30 7
1611 1723 44 13
1614 1698 23 11
1618 1706 58 2
1620 1751 56 3
1623 1634 55 7
1625 1631 7 5
1629 1714 28 4
1631 1665 22 14
1637 1694 5 8
1642 1700 60 12
1647 1731 55 15
1650 1656 1 9
1654 1655 56 11
1655 1746 13 5
1658 1744 35 10
1671 1703 5 14
1674 1702 12 12
1682 1749 26 9
1685 1701 4 13
1747 1749 49 9

0 12 27
1 16 30
2 54 30
3 83 18
4 94 28
5 98 35
6 107 48
7 118 37
8 147 21
9 148 30
10 152 8
11 157 3
12 168 49
13 169 33
14 177 2
15 190 24
16 195 30
17 203 12
18 215 17
19 225 17
20 226 7
21 233 10
22 249 47
23 253 42
24 254 20
25 271 12
26 274 36
27 276 2
28 287 32
29 288 45
30 294 27
31 304 15
32 305 12
33 312 25
34 314 36
35 317 42
36 324 41
37 335 2
38 341 9
39 354 47
40 358 8
41 374 12
42 386 19
43 391 21
44 404 9
45 411 29
46 440 1
47 444 8
48 449 17
49 456 8
50 463 49
51 465 7
52 466 33
53 477 1
54 483 29
55 516 8
56 527 31
57 564 26
58 570 42
59 582 37
60 591 5
61 608 13
62 635 30
63 641 15
64 645 37
65 650 20
66 668 25
67 683 21
68 684 5
69 697 42
70 698 27
71 703 25
72 715 13
73 722 9
74 725 22
75 726 25
76 732 9
77 746 20
78 755 36
79 767 10
80 781 45
81 785 12
82 790 2
83 794 13
84 795 47
85 812 23
86 813 38
87 814 5
88 815 43
89 839 3
90 840 46
91 844 27
92 851 25
93 861 16
94 865 26
95 869 36
96 907 7
97 911 41
98 912 22
99 925 31
100 933 17
101 944 2
102 946 27
103 968 23
104 973 40
105 980 5
106 989 7
107 1018 13
108 1028 36
109 1046 35
110 1049 41
111 1063 8
112 1065 33
113 1072 5
114 1076 43
115 1079 43
116 1080 41
117 1081 16
118 1092 19
119 1130 9
120 1134 7
121 1140 16
122 1142 17
123 1163 32
124 1175 40
125 1177 13
126 1192 2
127 1195 39
128 1199 16
129 1218 46
130 1245 41
131 1250 21
132 1262 2
133 1263 29
134 1264 39
135 1280 48
136 1292 22
137 1314 19
138 1328 3
139 1338 40
140 1347 43
141 1355 1
142 1370 1
143 1380 13
144 1405 10
145 1411 21
146 1412 12
147 1413 16
148 1415 13
149 1432 7
150 1436 35
151 1450 47
152 1455 27
153 1459 42
154 1493 43
155 1501 41
156 1504 42
157 1509 22
158 1547 7
159 1556 48
160 1578 19
161 1585 44
162 1601 26
163 1602 18
164 1606 21
165 1608 35
166 1616 46
167 1632 12
168 1679 20
169 1688 44
170 1706 6
171 1722 17
172 1732 27
173 1746 24
174 1747 15
