1185 3554 118 6

0 30 5054
1 60 10025
2 90 14913
3 120 19721
4 150 24449
5 180 29097

0 3847
1 3711
2 4147
3 4071
4 4736
5 3764
6 4155
7 2862
8 3724
9 3798
10 4241
11 2456
12 3195
13 4277
14 3601
15 3424
16 3879
17 5067
18 5292
19 4044
20 5706
21 4138
22 2543
23 3850
24 3494
25 4595
26 4323
27 3687
28 4890
29 4119
30 3022
31 3876
32 4570
33 4164
34 5468
35 3892
36 4955
37 3916
38 3599
39 3512
40 4043
41 2924
42 4569
43 3668
44 4581
45 4400
46 5171
47 3575
48 4331
49 5082
50 3291
51 3838
52 2872
53 3555
54 4537
55 4173
56 3972
57 3680
58 4168
59 3915
60 3177
61 3151
62 4146
63 4265
64 3535
65 5304
66 4474
67 3563
68 3990
69 4814
70 3804
71 2599
72 4076
73 4255
74 3490
75 4580
76 5397
77 3823
78 4732
79 3570
80 3315
81 3807
82 3756
83 5643
84 4566
85 3648
86 3835
87 4579
88 4921
89 3195
90 3958
91 3206
92 4465
93 3325
94 3478
95 2931
96 4248
97 3652
98 4039
99 4750
100 3833
101 3139
102 3900
103 4738
104 4554
105 3809
106 3883
107 4397
108 4500
109 3469
110 3131
111 3443
112 4934
113 4803
114 3706
115 4338
116 3177
117 4404
118 4371
119 4744
120 5821
121 4816
122 3696
123 4874
124 4221
125 4160
126 5341
127 5456
128 3997
129 3996
130 3912
131 3302
132 5239
133 3375
134 5117
135 3817
136 4907
137 3486
138 3480
139 5778
140 4987
141 4577
142 3411
143 4421
144 3960
145 3737
146 3855
147 4526
148 4806
149 4160
150 3584
151 3885
152 4692
153 4515
154 3793
155 3946
156 4567
157 3724
158 3023
159 3575
160 3847
161 4850
162 3958
163 4552
164 4698
165 3365
166 4366
167 3611
168 3935
169 3910
170 4205
171 4375
172 4066
173 4380
174 4271
175 2878
176 4653
177 4440
178 3504
179 3352
180 3166
181 3265
182 3821
183 5146
184 3393
185 4616
186 3852
187 4772
188 3896
189 3451
190 4797
191 3070
192 5356
193 3021
194 3600
195 4320
196 3183
197 3254
198 4507
199 4573
200 3969
201 3540
202 2964
203 3770
204 4314
205 5855
206 3554
207 4558
208 4397
209 4916
210 4421
211 3521
212 4171
213 4080
214 4755
215 5027
216 3630
217 3962
218 4294
219 4001
220 4472
221 3709
222 3654
223 4312
224 3928
225 4380
226 4369
227 3905
228 4152
229 3154
230 3085
231 3418
232 4724
233 5080
234 4542
235 3671
236 3840
237 4504
238 4912
239 3916
240 2989
241 4779
242 4718
243 4360
244 4224
245 3321
246 4161
247 4853
248 4058
249 3927
250 2872
251 4196
252 3382
253 4834
254 4628
255 2657
256 4318
257 4317
258 4521
259 3781
260 3203
261 3409
262 5176
263 3582
264 4365
265 3184
266 4312
267 3350
268 4373
269 5728
270 3834
271 3241
272 4478
273 3575
274 3025
275 3608
276 3570
277 3808
278 3610
279 3919
280 4782
281 4224
282 3674
283 3400
284 4098
285 4879
286 5599
287 4978
288 3503
289 5482
290 4131
291 4071
292 4522
293 4916
294 3668
295 4353
296 4196
297 3305
298 4335
299 4121
300 3793
301 4140
302 4391
303 2835
304 3574
305 2612
306 4644
307 4345
308 3626
309 4067
310 5030
311 4551
312 3032
313 3829
314 3216
315 3176
316 2936
317 3565
318 3274
319 2935
320 3234
321 2525
322 4150
323 4266
324 4462
325 4964
326 5004
327 3499
328 3429
329 3964
330 3217
331 4313
332 4437
333 4459
334 3366
335 4351
336 3615
337 5596
338 3692
339 4106
340 3928
341 2991
342 5052
343 3938
344 3842
345 5228
346 2958
347 3279
348 3779
349 4322
350 5086
351 3921
352 4065
353 4678
354 3850
355 4358
356 4454
357 4407
358 3297
359 4089
360 4046
361 4768
362 3627
363 4795
364 4824
365 5519
366 3995
367 4208
368 3025
369 2871
370 3705
371 3378
372 4665
373 4139
374 3613
375 3927
376 4145
377 4537
378 3868
379 3564
380 4510
381 3854
382 3439
383 4589
384 4463
385 3820
386 3977
387 3636
388 4225
389 5252
390 5006
391 4862
392 3956
393 4163
394 3657
395 5503
396 3968
397 3478
398 4242
399 3975
400 3905
401 3850
402 4957
403 4086
404 3949
405 3836
406 3391
407 3797
408 3046
409 3489
410 2527
411 4063
412 4608
413 3636
414 3941
415 3720
416 3908
417 4824
418 4468
419 4906
420 2734
421 4063
422 4126
423 4482
424 3041
425 5006
426 4266
427 3882
428 3212
429 4465
430 3700
431 3984
432 3923
433 3665
434 3594
435 4401
436 2752
437 3549
438 4532
439 4161
440 4576
441 4773
442 4354
443 3206
444 4751
445 3496
446 3682
447 3629
448 3508
449 2946
450 3143
451 4121
452 3487
453 4454
454 4579
455 4798
456 3667
457 4163
458 3945
459 3509
460 4147
461 3476
462 4127
463 4836
464 4503
465 3296
466 4655
467 4119
468 5136
469 4025
470 2471
471 3476
472 3920
473 2865
474 4303
475 3934
476 4941
477 4695
478 3720
479 3725
480 4735
481 3713
482 3902
483 3596
484 5015
485 3642
486 3764
487 5429
488 4115
489 4157
490 3919
491 2717
492 3495
493 3403
494 3899
495 3926
496 3125
497 5516
498 4700
499 3593
500 3764
501 4333
502 4339
503 4158
504 3713
505 4336
506 4463
507 3575
508 2882
509 4020
510 3937
511 4465
512 4832
513 4027
514 3961
515 4043
516 3890
517 2642
518 4558
519 4410
520 4515
521 3535
522 4268
523 3928
524 4093
525 3807
526 4626
527 4031
528 3926
529 3749
530 3347
531 3475
532 4265
533 3192
534 3318
535 3685
536 5353
537 4447
538 4389
539 4250
540 3531
541 4493
542 3725
543 4356
544 3731
545 2877
546 4204
547 3172
548 3330
549 4624
550 3715
551 5185
552 3977
553 4299
554 4414
555 4937
556 4249
557 4284
558 4205
559 3143
560 5214
561 3575
562 3891
563 3687
564 4379
565 4506
566 3523
567 3953
568 5104
569 4133
570 4992
571 4026
572 3226
573 4924
574 5025
575 4645
576 4810
577 3249
578 4306
579 4701
580 3905
581 3727
582 4742
583 3318
584 3581
585 4520
586 3733
587 4815
588 4130
589 4086
590 3466
591 4437
592 5452
593 3892
594 3314
595 3798
596 4434
597 3861
598 5455
599 5506
600 4198
601 4264
602 2414
603 4151
604 3754
605 3779
606 4217
607 4629
608 3949
609 4132
610 4615
611 4067
612 4186
613 4033
614 5334
615 2922
616 4203
617 5419
618 2834
619 4708
620 4081
621 4532
622 4774
623 3282
624 3850
625 4286
626 3946
627 2893
628 4571
629 4785
630 3061
631 3772
632 2873
633 4905
634 3469
635 4251
636 4342
637 4025
638 4047
639 4476
640 4323
641 3578
642 4760
643 4598
644 4465
645 3092
646 3705
647 3797
648 4846
649 2044
650 3971
651 4187
652 4535
653 3837
654 3271
655 3937
656 4367
657 3367
658 4670
659 4428
660 3439
661 2586
662 4046
663 3975
664 3217
665 2639
666 3397
667 4631
668 4986
669 3928
670 3859
671 4248
672 2788
673 4714
674 4146
675 3115
676 3457
677 4180
678 3314
679 3708
680 4494
681 4051
682 3772
683 3728
684 3682
685 3245
686 4145
687 3958
688 5110
689 4308
690 3572
691 4019
692 4427
693 3623
694 3749
695 5089
696 3429
697 3833
698 2988
699 3311
700 2795
701 4684
702 4406
703 3723
704 4892
705 3434
706 4688
707 4229
708 3449
709 4916
710 4319
711 4622
712 3673
713 3675
714 4740
715 3862
716 4182
717 4226
718 3627
719 3654
720 4323
721 4132
722 5636
723 4621
724 4167
725 4040
726 4496
727 3636
728 3695
729 5111
730 3609
731 3939
732 3567
733 3068
734 2967
735 3711
736 4698
737 4019
738 4080
739 5579
740 3502
741 3842
742 4159
743 4376
744 3951
745 3777
746 2373
747 3213
748 4210
749 3788
750 4622
751 4868
752 3857
753 3212
754 4307
755 4242
756 3705
757 4399
758 3867
759 3235
760 4140
761 4853
762 2891
763 3792
764 4241
765 3882
766 4780
767 3515
768 4595
769 3943
770 4489
771 3065
772 4789
773 3549
774 3149
775 4128
776 3207
777 4014
778 4587
779 4291
780 4357
781 4833
782 2943
783 4958
784 2044
785 3276
786 3654
787 4361
788 4557
789 3871
790 4361
791 5375
792 3485
793 3884
794 3437
795 4552
796 4728
797 3879
798 3662
799 3953
800 4188
801 3596
802 4207
803 4086
804 4146
805 4988
806 3735
807 3723
808 4045
809 4065
810 2700
811 4914
812 3630
813 4363
814 3537
815 3269
816 5002
817 3924
818 3886
819 3261
820 3946
821 4233
822 4499
823 4511
824 3275
825 3261
826 4331
827 3240
828 5062
829 2824
830 3308
831 3670
832 5136
833 4382
834 5340
835 3400
836 3620
837 3972
838 3547
839 4078
840 3213
841 3570
842 3862
843 3485
844 4180
845 3243
846 4422
847 5515
848 3893
849 4018
850 4475
851 3060
852 3864
853 3929
854 4308
855 3815
856 5343
857 3416
858 4573
859 3807
860 3538
861 5065
862 4941
863 4482
864 4391
865 3258
866 4692
867 4660
868 4150
869 4176
870 4395
871 4317
872 4663
873 4467
874 4825
875 3862
876 3944
877 5322
878 4437
879 4305
880 3595
881 4483
882 4112
883 3234
884 3232
885 3631
886 4922
887 5083
888 2858
889 4401
890 4533
891 5189
892 4507
893 4074
894 3897
895 5078
896 3875
897 3854
898 4226
899 3643
900 4210
901 5061
902 4820
903 4026
904 4088
905 3838
906 4130
907 5068
908 4489
909 3119
910 3742
911 4198
912 2542
913 4380
914 4184
915 5123
916 4376
917 4525
918 5200
919 4014
920 5428
921 3502
922 4101
923 5111
924 4480
925 3794
926 3812
927 4329
928 4635
929 3912
930 4540
931 3483
932 3861
933 4957
934 2653
935 5456
936 3936
937 4194
938 4036
939 4864
940 3370
941 5830
942 3815
943 4038
944 4184
945 3456
946 4011
947 4393
948 5127
949 4869
950 3777
951 4477
952 4609
953 3671
954 4707
955 3815
956 4524
957 5097
958 4278
959 3969
960 3405
961 5392
962 3119
963 4142
964 4041
965 4366
966 4356
967 3887
968 3730
969 3110
970 4180
971 2399
972 4257
973 4067
974 3240
975 3823
976 2631
977 4608
978 3722
979 4226
980 3474
981 4804
982 3745
983 4134
984 3602
985 4888
986 3703
987 4153
988 3339
989 4284
990 3359
991 3621
992 3410
993 3179
994 4175
995 4487
996 5150
997 3493
998 4883
999 2658
1000 4429
1001 3713
1002 3544
1003 3705
1004 3114
1005 3072
1006 5076
1007 3789
1008 4751
1009 3222
1010 3338
1011 4409
1012 2788
1013 2403
1014 4414
1015 3697
1016 4963
1017 3531
1018 4482
1019 4165
1020 5025
1021 3425
1022 4414
1023 4403
1024 4158
1025 4220
1026 4375
1027 5473
1028 3933
1029 4723
1030 4449
1031 3828
1032 4499
1033 4586
1034 4342
1035 4044
1036 4472
1037 4798
1038 3528
1039 4522
1040 4133
1041 3345
1042 2767
1043 3765
1044 3009
1045 4889
1046 3743
1047 4576
1048 5028
1049 4065
1050 2957
1051 3842
1052 4861
1053 3650
1054 4335
1055 3983
1056 3747
1057 2404
1058 4916
1059 3285
1060 3520
1061 3833
1062 5586
1063 4959
1064 3256
1065 3470
1066 4431
1067 3204
1068 4157
1069 3985
1070 4086
1071 3838
1072 3555
1073 4222
1074 4299
1075 5119
1076 3393
1077 4530
1078 2974
1079 4924
1080 5360
1081 4259
1082 4226
1083 4184
1084 4382
1085 3746
1086 4450
1087 4815
1088 3078
1089 4042
1090 4005
1091 3791
1092 3910
1093 3477
1094 3816
1095 5147
1096 3548
1097 3684
1098 3305
1099 4437
1100 4051
1101 4896
1102 3127
1103 3977
1104 4274
1105 3300
1106 3384
1107 3041
1108 3280
1109 4376
1110 4124
1111 2484
1112 4955
1113 5322
1114 4586
1115 3502
1116 3994
1117 3069
1118 5165
1119 3313
1120 3674
1121 2904
1122 2901
1123 3817
1124 3695
1125 3700
1126 5317
1127 4090
1128 4685
1129 3678
1130 4070
1131 3752
1132 5972
1133 5099
1134 4446
1135 3162
1136 3614
1137 3308
1138 3712
1139 3701
1140 4815
1141 3815
1142 3029
1143 3060
1144 4019
1145 3551
1146 4174
1147 4800
1148 6246
1149 3533
1150 4339
1151 5182
1152 4400
1153 4314
1154 3895
1155 3486
1156 4320
1157 3646
1158 3936
1159 3597
1160 4510
1161 3689
1162 5083
1163 3056
1164 4877
1165 4924
1166 3395
1167 4739
1168 3834
1169 4098
1170 3930
1171 4933
1172 3413
1173 4113
1174 4944
1175 4098
1176 4935
1177 3344
1178 4078
1179 3527
1180 3585
1181 4096
1182 4707
1183 4320
1184 3250

0 237 31 12
0 284 49 3
0 437 57 1
0 526 21 7
0 577 27 6
0 616 7 11
0 801 7 15
0 856 25 14
0 957 36 10
0 1063 45 14
1 9 28 13
1 137 55 15
1 284 48 1
1 287 11 9
1 435 25 15
1 526 8 14
1 571 48 5
1 577 43 14
1 616 47 2
1 856 3 8
1 885 50 10
1 932 23 15
1 1063 16 4
1 1133 53 15
2 77 26 13
2 104 59 8
2 251 40 8
2 284 3 10
2 526 30 3
2 565 50 13
2 577 45 6
2 616 25 5
2 900 29 1
2 1063 1 11
2 1108 39 8
3 519 48 2
3 605 4 13
3 685 3 8
3 820 5 15
4 125 35 9
4 179 24 3
4 259 57 1
4 266 31 13
4 348 60 9
4 364 26 3
4 608 41 11
4 744 23 3
4 831 56 5
4 948 45 15
4 963 36 6
4 975 18 8
4 1079 17 11
5 357 46 13
5 494 31 1
5 607 1 10
5 694 29 10
5 708 38 7
5 751 32 7
5 856 8 13
6 123 15 6
6 226 28 6
6 275 16 5
6 459 32 14
6 482 14 8
6 629 60 8
6 1058 35 8
7 64 24 6
7 178 30 5
7 338 19 3
7 779 46 13
7 962 45 8
7 1153 29 4
8 213 7 8
8 253 56 5
8 354 41 8
8 399 25 15
8 893 14 13
8 1044 51 10
9 115 41 2
9 409 37 9
9 484 28 8
9 652 57 7
9 770 26 6
9 1011 30 10
9 1097 60 1
10 46 17 13
10 250 44 12
10 567 41 7
10 571 5 11
10 771 51 9
10 1021 28 15
11 46 14 11
11 57 21 9
11 75 50 8
11 262 40 7
11 318 20 14
11 536 42 8
11 629 36 6
11 663 3 9
11 763 33 7
11 931 40 13
11 1020 12 12
12 583 36 13
12 652 40 3
12 883 36 7
12 1064 58 6
13 539 44 11
13 705 8 14
13 778 53 1
13 1026 26 8
13 1166 35 10
14 88 12 1
14 164 15 10
14 281 40 1
14 453 47 5
14 564 51 12
14 737 33 7
14 755 54 2
14 769 34 7
14 955 10 5
15 90 55 2
15 423 12 2
15 682 59 10
15 811 45 15
15 848 41 6
16 819 34 1
16 925 35 11
16 984 2 12
16 1076 52 8
17 196 12 10
17 565 2 3
17 575 42 14
17 695 9 12
17 800 24 14
17 979 44 12
17 995 36 5
18 91 18 7
18 113 3 6
18 231 2 4
18 603 33 4
18 1183 60 3
19 66 26 12
19 434 32 13
19 494 11 14
19 827 52 15
19 1088 41 1
19 1142 19 5
20 180 42 11
20 315 49 4
20 376 19 11
20 413 42 6
20 422 46 12
20 519 37 2
20 582 48 5
20 722 55 1
20 1009 51 11
20 1016 24 9
21 26 34 10
21 33 15 14
21 120 42 1
21 317 38 12
21 327 32 1
21 606 18 4
21 754 41 10
21 1065 1 11
21 1106 37 13
22 256 17 10
22 289 6 9
22 1006 42 7
22 1046 39 1
22 1161 13 6
23 430 56 13
23 846 18 8
23 922 7 6
23 1011 19 4
23 1138 41 13
24 227 15 14
24 677 28 11
24 700 51 8
24 1082 40 15
25 41 37 3
25 125 36 5
25 286 41 2
25 302 23 12
25 343 60 2
25 395 35 13
25 421 53 13
25 587 37 11
25 624 23 2
25 843 29 8
25 859 21 7
25 1029 37 4
26 513 49 6
26 675 60 12
26 853 48 6
26 860 10 5
26 999 17 10
26 1101 2 8
26 1179 39 9
27 443 19 9
27 522 47 13
27 764 60 10
27 915 59 7
27 1152 13 2
28 230 36 3
28 330 26 9
28 395 51 1
28 414 30 7
28 524 3 8
28 839 42 9
28 848 23 10
28 939 37 11
29 66 1 3
29 242 50 13
29 460 40 8
29 673 2 3
29 734 34 2
29 809 31 10
29 955 56 7
29 1005 28 1
29 1033 15 7
29 1138 49 9
30 560 17 7
30 620 10 1
31 379 42 8
31 627 14 14
31 743 33 12
32 58 17 8
32 514 11 12
32 519 7 13
32 685 49 10
32 699 24 5
32 854 15 1
32 859 54 5
32 876 16 2
32 956 21 8
32 966 16 5
32 1002 51 10
32 1035 23 10
32 1166 41 10
33 560 14 6
33 663 42 3
33 1085 39 14
34 298 23 8
34 436 55 14
34 537 6 6
34 668 26 10
34 725 40 1
34 927 18 1
34 969 4 15
35 264 1 14
35 301 2 10
35 900 40 8
35 950 40 6
35 972 50 13
36 94 47 2
36 112 36 2
36 302 24 1
36 949 12 1
37 97 58 4
37 136 48 7
37 385 14 6
37 551 9 7
37 609 57 12
37 898 51 12
37 1095 22 7
38 571 59 5
38 701 48 7
38 1170 34 13
39 120 33 14
39 310 48 9
39 845 41 10
39 1053 41 9
39 1121 19 2
39 1122 2 13
40 408 52 6
40 758 45 7
40 900 3 1
40 975 28 3
41 289 12 8
41 547 29 13
41 759 9 13
41 911 25 12
41 986 37 7
41 1053 17 15
41 1094 15 4
42 182 5 3
42 293 1 11
42 448 6 13
42 513 47 14
42 557 42 10
42 1059 57 14
42 1066 46 2
43 775 5 15
43 911 39 9
43 1034 17 1
43 1140 11 15
44 181 21 15
44 292 60 1
44 430 30 11
44 477 38 1
44 669 49 10
44 1095 55 13
45 162 35 1
45 1005 50 12
46 131 20 4
46 251 24 13
46 265 51 3
46 278 3 4
46 1156 9 5
46 1163 2 1
47 164 48 13
47 183 34 13
47 502 36 6
47 513 55 2
47 617 24 14
47 822 39 12
47 910 4 4
47 989 9 13
47 1027 36 1
47 1139 57 8
47 1147 34 7
48 166 30 8
48 195 42 13
48 485 18 2
48 496 58 7
48 1108 29 3
48 1115 57 5
49 381 14 3
49 395 36 1
49 599 48 13
49 724 19 5
50 83 41 7
50 148 43 12
50 292 8 12
50 397 20 9
50 417 36 3
50 482 7 8
50 680 46 11
50 711 21 8
50 743 21 15
50 1016 9 2
50 1148 20 5
51 153 45 7
51 199 52 8
51 238 42 7
51 976 13 10
51 1036 15 1
51 1129 44 4
52 126 2 3
52 419 1 13
52 887 37 9
52 962 55 8
52 1064 9 14
52 1171 19 11
53 177 55 13
53 587 8 7
53 678 8 2
53 696 46 1
53 955 7 14
53 967 23 4
53 1095 40 14
54 789 58 1
54 931 49 11
54 1092 27 12
55 66 44 14
55 184 10 9
55 355 39 5
55 887 44 12
55 955 50 8
56 191 53 12
56 255 28 2
56 563 22 8
56 566 40 7
56 768 7 14
56 964 5 5
56 1125 51 15
56 1129 35 14
57 277 4 13
57 807 4 3
57 915 20 3
57 969 38 7
57 1060 51 8
57 1168 50 11
58 696 7 12
58 713 11 5
59 100 15 10
59 472 14 1
59 701 58 14
59 825 52 13
60 325 39 6
60 408 47 3
61 127 7 5
61 150 41 11
61 285 2 4
61 328 33 2
61 559 10 11
61 895 34 6
61 971 44 6
61 1103 46 12
62 252 27 5
62 341 44 2
62 359 48 15
62 709 38 13
62 898 36 8
63 121 37 6
63 544 43 13
63 602 35 10
63 865 15 8
63 882 15 9
63 976 35 10
64 73 33 15
64 371 20 4
64 507 24 14
64 622 6 10
64 842 43 6
64 981 34 13
65 135 3 14
65 541 60 1
65 685 34 7
65 741 16 10
66 118 50 8
66 231 12 15
66 408 42 11
66 540 14 12
66 998 46 5
66 1030 47 2
66 1069 33 1
66 1129 14 2
66 1171 35 15
67 359 8 13
67 456 48 4
67 556 43 7
67 623 33 13
67 733 26 9
67 784 35 13
67 814 28 13
67 955 7 6
67 1151 49 1
68 265 23 1
68 352 38 12
68 474 33 12
68 568 28 2
68 661 50 4
68 676 24 11
68 938 43 6
68 939 17 12
68 953 49 1
68 984 29 15
68 1055 19 14
69 467 30 14
69 1018 47 9
69 1174 57 3
70 96 49 12
70 183 1 9
70 1125 23 11
71 187 50 2
71 286 33 10
71 643 4 15
71 810 34 2
71 1154 26 11
71 1156 39 10
72 371 2 14
72 782 1 8
72 831 28 13
73 185 24 7
73 286 50 13
73 381 57 12
73 521 8 15
73 917 26 6
73 948 7 12
74 435 35 12
74 851 39 9
74 877 28 4
74 950 54 12
74 993 16 1
75 317 42 11
75 721 28 3
75 778 38 2
75 875 34 11
75 1043 20 10
76 183 31 3
76 287 49 12
76 933 23 3
76 1079 2 5
76 1137 60 6
77 97 22 8
77 305 41 10
77 576 20 15
77 1160 58 9
78 123 39 8
78 239 24 12
78 491 4 8
78 501 27 15
79 381 59 2
79 457 39 7
79 491 6 9
80 177 21 14
80 399 16 13
80 653 9 8
80 955 31 9
80 1035 43 5
80 1077 48 1
81 314 54 13
81 419 15 12
81 528 49 15
81 567 59 15
81 653 24 13
81 718 41 3
82 101 36 2
82 169 57 5
82 1102 23 3
82 1105 54 10
83 88 48 6
83 101 57 15
83 131 45 2
83 439 11 3
83 454 54 15
83 1009 56 4
83 1014 12 9
84 445 28 12
84 463 24 4
84 929 57 3
84 1076 59 11
85 140 25 13
85 533 57 4
85 576 58 6
85 778 47 5
85 805 28 2
85 1101 16 9
86 176 40 2
86 306 53 4
86 501 48 5
86 556 22 11
86 732 26 15
87 91 37 7
87 190 5 2
87 738 44 12
87 1018 23 10
88 770 44 9
89 122 57 10
89 357 20 13
89 487 35 3
89 516 5 5
89 661 2 9
89 1058 57 6
89 1087 2 1
89 1176 55 13
90 195 11 8
90 499 51 4
90 586 57 9
90 618 3 12
90 741 21 8
90 866 27 11
90 930 26 10
90 937 59 7
91 185 8 10
91 366 25 4
91 426 5 4
91 745 8 11
92 702 21 2
92 948 30 2
92 997 24 7
92 1034 55 6
92 1043 5 8
92 1056 17 15
93 114 35 2
93 301 50 10
93 480 27 7
93 560 18 2
93 813 48 1
93 1023 14 1
93 1091 38 7
93 1172 36 14
94 238 18 3
94 319 4 15
94 464 29 5
94 672 38 11
94 912 39 3
94 1179 52 5
95 300 18 14
95 370 8 3
95 1121 60 7
96 166 42 4
96 321 53 11
96 440 17 7
96 866 20 15
96 916 17 5
96 1159 50 12
97 249 9 8
97 328 19 13
97 609 30 9
97 622 11 15
97 764 39 4
98 504 5 11
98 550 58 7
98 803 5 10
98 1047 29 14
98 1073 51 12
99 331 14 12
99 451 47 5
99 787 15 1
99 909 29 14
99 1112 38 12
99 1173 20 13
100 141 33 12
100 439 42 15
100 631 1 9
100 934 47 14
100 963 6 15
101 106 46 7
101 171 37 3
101 496 38 1
101 654 37 5
101 657 41 7
101 1047 35 1
102 190 19 6
102 608 53 15
102 670 1 4
102 753 47 8
102 829 56 13
102 1035 50 12
103 228 38 9
103 241 47 5
103 501 30 5
103 695 5 5
103 1057 2 11
104 392 44 2
104 470 19 8
104 588 14 10
104 653 18 12
104 740 9 5
105 128 23 3
105 177 14 7
105 611 15 1
105 744 9 1
105 918 19 6
106 173 24 6
106 198 27 14
106 219 11 9
106 538 47 3
106 608 34 13
106 678 26 14
106 920 6 9
106 994 11 15
107 134 18 15
107 390 7 5
107 768 18 11
107 844 9 12
107 906 55 2
108 341 40 3
108 437 15 9
108 535 19 12
108 812 10 4
108 1171 27 2
109 151 24 8
109 201 48 3
109 395 10 4
109 400 49 10
109 581 4 2
109 678 60 5
109 837 27 1
110 276 11 8
110 819 34 6
110 856 13 10
110 929 29 4
110 1088 42 13
110 1111 18 12
111 253 47 12
111 409 49 8
111 528 9 3
111 534 9 14
112 373 10 5
112 392 31 4
112 446 35 9
113 187 34 3
113 427 1 8
113 459 43 2
113 509 3 1
113 732 14 3
113 854 46 14
113 960 53 7
114 302 11 6
114 749 22 13
114 888 4 14
114 1126 23 15
115 204 3 9
115 326 42 14
115 471 28 1
115 873 10 7
115 946 31 10
115 1049 5 13
115 1104 53 13
115 1133 14 9
115 1159 26 11
116 303 56 9
116 515 22 6
116 777 21 2
116 1095 38 2
117 283 60 5
117 352 9 15
117 485 18 7
117 586 53 1
117 902 28 5
117 1133 32 5
118 212 20 15
118 359 30 4
118 538 30 6
118 884 48 6
118 892 41 3
118 1009 3 14
119 381 5 12
119 656 36 11
120 194 47 12
120 218 47 7
120 254 48 15
120 1015 50 9
120 1026 14 11
121 453 15 6
121 490 10 10
121 499 15 6
121 515 20 3
121 742 60 3
121 858 8 2
122 328 60 12
122 545 9 7
122 656 46 8
122 882 36 10
122 1020 31 13
122 1104 21 10
123 140 9 12
123 440 28 6
123 449 51 2
123 880 8 6
123 934 53 6
123 1021 16 4
123 1068 30 8
124 547 16 1
124 606 13 2
124 699 53 14
124 829 31 1
124 883 58 10
125 487 10 14
125 507 4 2
125 563 47 6
125 630 39 4
125 660 25 12
125 783 6 6
125 839 3 15
125 904 40 5
126 358 52 7
126 426 41 10
126 533 60 6
126 576 50 9
126 643 27 4
126 747 27 8
126 957 33 10
126 974 59 9
126 1171 6 9
127 243 34 2
127 367 24 1
127 515 1 2
127 706 21 9
127 999 15 1
127 1070 14 15
127 1124 35 10
127 1155 38 9
128 150 18 10
128 418 5 4
128 641 20 8
128 799 57 2
129 770 50 4
130 177 51 3
130 210 54 6
130 325 26 2
130 348 55 4
130 372 40 9
130 449 19 9
130 679 7 1
130 758 21 6
130 1165 8 5
131 447 10 14
131 533 47 1
131 765 29 7
131 865 11 14
131 1068 16 3
132 287 52 3
132 717 16 12
132 901 56 9
132 1146 26 2
133 236 41 15
133 322 8 2
133 430 55 9
133 646 35 2
133 705 16 2
133 868 37 12
133 1086 30 5
133 1133 14 2
134 179 60 4
134 549 1 6
134 620 38 1
134 886 57 14
134 1144 11 11
135 272 41 11
135 291 56 1
135 879 51 14
135 942 55 10
136 167 60 5
136 319 25 5
136 488 54 15
136 536 56 14
136 549 30 4
136 802 26 9
137 231 40 6
137 244 8 7
137 487 4 6
137 834 29 4
137 935 53 1
137 1067 56 15
138 227 43 11
138 387 13 2
138 530 18 11
138 664 14 15
138 729 47 1
138 1023 28 12
138 1141 33 7
139 347 32 13
140 155 40 9
140 264 52 6
140 312 11 9
140 895 7 15
140 958 37 13
140 1174 18 15
141 523 57 10
141 543 23 3
141 887 32 9
141 933 23 5
141 940 15 14
142 276 33 5
142 293 11 8
142 357 31 11
142 467 34 6
142 551 31 9
142 947 32 12
143 670 50 6
143 847 2 3
143 1053 11 6
144 360 53 9
144 779 51 3
144 781 16 3
144 965 55 4
144 993 25 10
145 203 21 14
145 316 13 14
145 372 45 8
145 451 23 10
145 674 4 1
145 1109 25 11
146 167 45 8
146 314 7 14
146 518 9 2
146 1168 55 12
147 200 57 10
147 327 59 12
147 995 15 9
147 1089 48 12
148 325 6 4
148 494 35 14
148 640 16 11
148 764 23 2
148 1161 48 4
149 184 45 5
149 942 35 13
149 960 6 14
150 212 4 15
150 510 28 7
150 601 24 11
150 612 20 10
150 690 43 15
150 744 17 3
151 623 7 12
151 629 42 15
151 1133 10 14
152 341 30 2
153 350 38 1
153 383 24 2
153 560 23 10
153 607 60 7
153 800 48 8
154 285 24 4
154 410 51 1
154 795 22 4
154 800 11 7
154 853 59 6
154 872 42 14
154 890 25 2
154 968 2 12
154 1173 16 12
155 350 38 5
155 354 17 1
155 498 36 5
155 644 60 10
155 848 42 13
155 1017 20 11
156 336 44 3
156 639 22 5
156 853 52 12
157 764 4 12
157 1000 29 6
157 1072 8 8
157 1175 19 12
158 207 34 11
158 291 17 14
158 345 58 15
158 711 58 13
158 817 60 13
159 218 35 5
159 506 60 15
159 720 6 9
159 738 33 6
159 911 53 15
159 930 1 15
160 450 20 15
160 559 22 13
160 596 16 2
160 612 53 1
160 632 22 11
160 681 53 3
160 831 48 7
161 407 5 10
161 515 7 11
161 788 32 9
161 1024 20 4
161 1050 2 13
161 1069 59 15
161 1152 4 10
161 1184 48 7
162 324 18 2
162 372 26 6
162 429 44 14
162 548 2 14
162 737 56 10
162 738 27 9
162 741 19 7
162 870 53 9
162 887 26 13
163 223 39 5
163 349 47 6
163 533 12 13
163 626 19 11
163 712 51 13
163 743 29 2
163 1126 30 14
164 282 48 3
164 513 27 1
164 692 13 10
164 1152 23 14
165 278 21 7
165 359 11 15
165 523 7 4
165 868 13 4
165 1076 36 8
166 185 34 2
166 283 1 13
166 546 34 1
166 654 50 6
166 702 42 5
166 730 30 12
166 890 39 6
166 916 21 6
166 978 60 6
167 703 43 12
167 928 14 11
167 941 40 4
167 1049 50 13
168 933 4 10
168 952 11 15
168 1043 60 13
169 546 35 9
170 206 49 4
170 626 29 6
170 673 38 1
170 705 18 3
170 857 36 13
170 883 54 2
170 1011 32 14
171 488 51 13
171 629 55 14
171 886 17 7
171 957 31 1
171 1011 20 5
172 468 38 7
172 865 51 14
172 966 55 10
172 1084 29 6
173 563 43 10
173 1143 27 12
173 1150 52 3
174 252 44 2
174 299 35 3
174 359 10 10
174 580 25 9
174 794 1 4
175 454 11 10
175 1133 9 6
176 340 12 13
176 460 43 9
176 994 45 2
177 227 26 11
177 356 59 11
177 458 36 3
177 648 37 5
177 764 5 7
177 800 31 13
177 1037 32 4
178 734 20 13
178 851 1 15
178 882 32 5
178 884 58 8
178 1117 43 10
179 336 37 15
179 1011 48 7
179 1131 48 4
180 467 25 12
180 469 4 12
180 904 32 15
180 991 17 2
180 1135 23 7
181 547 20 6
181 760 30 13
181 801 37 10
181 945 26 10
182 367 13 13
182 387 56 8
182 556 43 11
182 568 13 11
182 734 21 9
182 862 44 7
182 1025 58 9
182 1041 1 10
182 1088 13 15
183 307 3 15
183 511 48 8
183 830 34 11
183 905 36 1
183 1164 53 2
184 572 4 2
184 817 20 1
184 857 54 11
184 1031 33 4
184 1092 33 10
185 208 3 5
185 417 33 8
185 602 32 8
185 989 60 9
186 858 33 2
187 346 1 6
187 617 12 15
187 639 52 9
187 955 2 7
187 1064 6 10
188 341 43 14
188 595 48 1
188 641 8 11
188 724 37 14
188 732 54 3
188 877 32 7
188 905 32 11
188 1107 38 8
189 299 6 10
189 447 16 4
189 576 27 10
189 834 9 11
189 875 39 11
189 984 29 4
189 1114 55 10
190 496 36 12
190 733 1 15
190 897 31 7
190 937 46 5
190 950 15 13
191 457 27 14
191 552 19 2
191 560 7 2
191 782 17 10
192 229 11 12
192 692 17 13
192 842 51 11
192 861 56 10
192 979 27 14
192 1075 6 15
193 276 3 14
193 303 41 2
193 515 26 5
193 875 59 13
193 1027 52 1
194 211 38 12
194 623 42 1
194 790 27 2
194 867 56 9
195 321 53 10
195 497 60 1
195 572 19 8
195 732 13 10
195 893 38 12
195 939 38 10
196 236 20 15
196 625 9 14
196 721 56 3
196 763 7 4
196 964 3 1
196 1007 43 4
197 302 21 1
197 468 19 10
197 512 24 8
197 562 36 7
197 684 11 7
197 1017 48 12
197 1106 46 10
198 482 45 1
198 491 30 14
198 747 44 5
198 894 2 4
198 921 55 15
198 1062 51 3
199 283 35 9
199 305 21 11
199 622 8 10
199 1004 16 15
199 1094 3 5
200 350 19 15
200 504 34 2
200 853 3 8
200 893 12 14
200 979 44 11
200 1000 32 4
201 439 35 11
201 547 57 11
201 1016 58 1
201 1040 13 3
201 1171 45 4
202 343 40 8
202 382 58 3
202 531 17 8
202 998 42 8
202 1068 18 7
203 404 13 12
203 409 22 13
203 452 16 13
203 660 2 11
203 766 19 3
203 1042 39 14
204 372 34 4
204 477 1 15
204 569 59 14
204 656 50 5
204 735 21 15
204 992 14 15
204 1065 25 13
205 241 6 4
205 326 1 2
205 439 45 5
205 557 58 3
205 686 39 6
205 963 33 6
205 1021 58 1
206 795 42 5
206 936 8 11
207 518 29 12
207 687 24 8
207 1039 8 4
207 1067 12 14
207 1075 29 8
207 1092 32 7
208 370 2 7
208 541 34 3
208 650 5 11
208 1121 23 5
209 425 11 11
209 514 22 4
209 620 25 10
209 1107 48 4
210 467 41 3
210 492 4 1
210 655 55 1
210 751 18 9
210 883 50 15
210 912 49 12
210 993 1 7
210 1161 52 6
212 296 29 14
212 402 13 4
212 646 52 2
212 771 57 15
212 800 21 4
212 977 58 4
213 234 2 6
213 404 37 7
213 738 49 9
213 850 39 8
213 1184 58 12
214 388 45 9
214 500 48 8
214 712 44 2
214 775 17 3
214 1162 52 2
215 824 15 6
215 906 47 5
216 709 10 8
216 807 8 6
216 843 45 13
216 1006 48 8
217 642 22 9
217 1079 25 7
218 257 29 6
218 583 3 11
218 682 53 4
218 711 22 9
218 771 11 11
219 543 47 8
219 713 28 7
219 741 44 15
219 1082 38 10
220 418 31 4
220 688 1 4
220 712 3 4
220 798 8 10
220 924 11 12
220 1115 52 1
221 229 21 10
221 422 30 11
221 628 12 6
221 642 50 10
221 681 54 11
221 867 33 13
221 899 42 13
221 1040 53 2
221 1111 44 9
222 305 14 11
222 380 1 9
222 950 2 13
222 1159 57 1
223 333 50 3
224 1165 16 11
225 683 5 4
225 935 10 4
225 1010 33 15
226 459 22 1
226 767 16 11
226 890 30 8
226 985 25 12
227 407 4 3
227 493 40 14
227 580 23 15
227 581 3 12
227 1087 17 9
228 628 47 11
228 1012 50 13
228 1025 10 1
228 1121 13 14
229 322 43 11
229 391 2 9
229 560 27 4
230 365 37 8
230 1011 58 5
230 1032 9 12
230 1097 44 4
231 743 23 13
231 781 47 5
232 789 19 14
232 801 33 8
232 896 27 3
232 904 3 14
233 278 33 1
233 331 51 1
233 521 54 15
233 686 2 4
233 789 43 4
233 911 19 5
234 249 31 8
234 365 58 12
234 524 36 5
234 684 44 11
234 738 5 11
234 1037 45 10
234 1041 21 3
234 1050 48 14
235 358 24 10
235 855 2 12
235 891 44 14
236 349 11 12
236 593 57 15
236 596 18 4
236 656 40 2
236 834 23 5
236 886 7 1
236 956 27 1
236 975 33 7
236 1008 32 1
237 380 54 10
237 884 43 11
238 672 56 7
238 766 58 8
239 297 52 1
239 352 27 11
239 675 3 13
239 681 23 11
239 935 25 6
239 947 39 2
240 1162 23 5
240 1180 21 8
241 400 7 12
241 521 31 13
242 719 51 12
242 1125 22 11
243 453 56 2
243 767 27 15
243 842 31 3
243 971 35 4
243 1021 6 9
244 516 43 13
244 824 57 10
244 905 14 13
244 942 42 4
245 363 52 11
245 428 8 3
245 506 24 3
245 523 52 4
245 693 36 13
245 1146 56 9
246 247 33 14
246 491 32 5
246 517 2 2
246 635 17 5
246 684 21 11
246 921 51 2
246 926 37 6
246 959 24 2
247 426 38 13
247 551 58 8
247 757 45 12
247 911 53 14
247 1110 59 13
248 281 50 11
248 285 36 2
248 317 27 11
248 434 3 8
248 436 46 5
248 448 30 11
248 505 53 5
248 542 47 13
248 684 48 15
248 1076 51 14
248 1170 1 2
249 497 44 9
249 933 46 2
250 586 33 13
250 652 46 9
250 728 60 1
250 1021 38 5
250 1055 49 11
250 1151 40 13
251 688 1 11
251 694 56 12
251 871 47 8
251 943 15 12
251 1054 2 6
251 1060 12 6
251 1128 3 2
252 366 33 15
252 388 8 9
252 426 38 4
252 500 46 13
252 1180 32 15
253 414 8 4
253 573 1 12
253 794 40 4
253 810 20 15
254 375 43 1
254 494 46 6
254 984 26 7
254 1030 44 1
254 1125 48 10
255 1052 51 6
255 1108 2 12
256 329 21 7
256 642 11 13
256 933 47 10
257 331 42 4
257 372 1 13
257 734 13 9
257 770 20 14
257 1173 1 4
258 446 24 5
258 509 54 12
258 753 51 1
258 961 3 5
258 997 51 8
258 1057 8 13
259 454 57 10
259 632 60 10
259 698 33 4
259 816 25 5
259 864 60 5
259 1174 24 8
260 352 36 12
260 399 11 6
260 574 7 14
260 806 39 14
260 985 34 6
260 1181 60 8
261 289 10 7
261 956 31 7
262 891 45 13
262 1016 44 2
262 1180 24 9
263 624 20 14
263 776 12 6
263 942 20 15
264 553 21 1
264 588 12 7
264 766 58 6
264 843 18 6
264 877 27 11
264 1120 10 7
264 1136 5 5
265 788 54 8
266 523 16 3
266 548 37 7
266 588 10 11
266 593 37 14
266 762 22 1
266 1024 13 3
267 404 35 15
267 493 26 11
267 842 30 15
267 883 24 10
268 728 54 4
268 797 32 15
268 826 19 1
268 926 42 5
269 285 11 3
269 287 36 1
269 695 25 11
269 783 26 2
269 801 16 12
269 1027 2 4
270 271 18 4
270 340 8 7
270 448 24 13
270 550 2 14
270 710 4 13
270 1109 55 6
270 1118 13 15
271 329 54 1
271 479 58 4
271 489 2 15
271 931 8 6
271 1107 17 4
271 1133 17 2
272 390 13 2
272 626 7 4
272 668 11 3
273 307 28 1
273 429 40 4
273 698 9 15
273 763 1 2
274 312 8 3
274 491 56 5
274 783 25 12
274 1056 14 10
275 293 60 15
275 399 49 11
275 436 5 15
275 561 5 3
275 916 56 3
275 1044 19 13
275 1124 43 2
276 555 44 15
276 590 46 14
276 682 41 11
276 685 52 9
276 902 51 10
277 399 8 4
277 561 43 6
277 727 15 9
277 1079 44 11
277 1148 16 1
278 538 48 3
278 544 27 12
278 650 48 2
278 869 48 8
278 877 53 5
279 360 32 4
279 494 19 5
279 592 9 11
279 771 43 14
279 924 17 14
279 1176 6 8
280 439 5 3
281 533 35 5
281 567 52 5
281 685 28 9
282 356 54 12
282 576 47 6
282 650 29 1
282 746 58 14
282 778 56 15
283 314 12 13
283 477 20 8
283 626 47 11
283 701 15 13
283 841 33 7
285 307 2 5
285 429 51 14
285 932 50 7
285 1056 36 2
286 340 53 3
286 341 30 5
286 505 12 10
286 607 9 8
286 627 11 13
286 916 39 7
286 952 24 1
286 1131 51 12
287 436 45 15
287 765 46 6
287 909 37 12
287 1084 11 11
288 969 57 10
288 1118 17 3
288 1122 44 13
289 316 34 14
289 422 9 9
289 535 2 14
289 594 23 14
289 813 39 8
290 399 54 12
290 563 25 8
290 579 49 6
290 633 51 3
290 763 27 8
290 785 49 1
290 787 17 2
290 905 36 7
291 463 42 8
291 900 16 11
291 920 41 3
291 1081 5 3
292 396 43 7
292 430 10 14
292 693 40 7
292 881 25 5
293 459 25 1
293 661 56 9
293 818 46 3
293 1045 15 12
293 1135 4 15
294 706 27 7
295 363 49 4
295 704 34 13
295 734 7 11
295 863 34 3
295 951 54 12
295 954 27 12
296 347 15 14
296 606 6 3
296 703 19 8
296 850 60 13
296 1125 30 7
297 363 34 15
297 630 58 11
297 874 16 8
298 447 20 3
298 1161 53 13
299 475 23 13
299 511 15 4
299 604 20 1
299 787 12 15
299 852 23 9
299 1172 49 4
300 453 10 1
300 1072 45 8
300 1127 55 4
301 307 36 7
301 946 6 4
301 1141 6 15
302 1118 43 4
303 311 49 9
303 404 53 4
303 443 40 7
303 494 11 3
303 532 45 12
303 560 32 11
303 688 40 6
303 1008 11 6
303 1082 11 15
303 1177 3 7
304 348 45 2
304 748 9 2
304 980 17 12
305 814 19 12
306 415 49 3
306 640 25 8
306 723 19 6
306 895 8 12
306 907 41 11
307 309 44 2
307 537 24 8
307 554 10 6
307 904 23 12
307 1046 14 13
308 413 5 6
308 800 26 5
308 837 13 14
309 405 9 13
309 662 13 5
309 774 4 10
309 1044 6 4
310 517 10 15
310 567 27 6
310 825 28 12
310 1159 43 10
311 818 15 7
311 866 51 3
311 951 18 12
311 1000 14 8
312 323 11 10
312 438 42 4
312 645 31 15
312 759 46 14
312 1004 28 4
313 436 37 14
313 641 45 8
313 739 47 4
313 824 7 8
314 415 2 1
314 786 9 5
314 830 38 3
314 1121 60 2
316 599 35 7
316 676 59 7
316 908 33 1
316 958 16 11
316 1000 21 10
317 646 43 7
317 834 2 10
317 936 31 4
318 329 18 9
318 356 51 5
318 539 48 14
318 847 36 11
318 987 8 3
318 1119 54 5
318 1183 52 7
319 476 20 9
319 773 38 12
319 881 3 14
319 904 19 7
319 1107 37 13
319 1130 59 9
320 331 47 15
320 427 7 2
320 447 47 5
320 566 59 15
320 1129 24 10
320 1165 8 7
320 1168 44 15
321 630 6 9
321 771 14 9
321 914 21 6
322 576 46 4
322 659 45 11
322 1016 54 13
323 342 25 1
323 578 24 6
323 651 60 14
323 704 40 9
323 755 12 7
323 1142 5 6
324 334 59 2
324 590 36 15
325 365 56 3
325 664 1 11
325 776 52 2
325 1020 28 14
325 1141 9 10
326 402 47 1
326 411 4 3
326 578 45 6
326 908 40 4
326 969 51 1
326 1010 55 1
326 1029 19 7
327 345 59 6
327 566 26 7
327 684 51 12
327 757 60 13
327 871 49 5
327 1170 40 4
328 359 37 11
328 601 26 3
328 614 36 3
328 724 53 2
328 797 12 6
329 1111 28 3
329 1124 31 9
330 440 58 14
330 547 5 4
330 550 51 12
330 676 39 7
330 774 46 4
330 793 59 2
330 818 36 4
330 823 12 11
330 1000 16 9
331 356 36 4
331 937 3 4
331 942 23 10
331 1101 12 12
331 1128 55 9
332 419 32 3
332 574 8 2
332 878 11 6
332 972 53 4
333 390 21 6
333 427 35 9
333 472 56 9
333 649 50 14
333 675 25 1
333 990 35 2
333 1020 8 4
333 1164 21 11
334 341 39 14
334 377 28 15
334 865 48 14
334 926 7 2
334 1047 44 14
334 1066 48 11
335 889 53 5
335 900 46 12
335 926 11 5
335 1093 4 2
336 364 40 4
336 696 21 1
336 836 14 7
336 1093 39 15
336 1157 57 8
337 443 36 15
337 925 22 11
337 1111 41 9
338 479 19 7
338 515 23 9
338 585 18 15
338 1104 26 5
338 1138 20 1
338 1140 18 11
339 667 41 14
339 844 11 9
339 921 22 12
339 962 55 7
340 877 48 7
341 348 28 12
341 668 4 12
341 918 18 12
341 1103 55 10
342 373 19 9
342 748 3 3
342 833 41 13
342 881 47 12
342 1026 41 2
342 1053 40 6
342 1145 10 4
343 529 60 3
343 606 36 15
343 704 27 15
343 730 27 9
343 1008 35 1
343 1011 24 2
343 1086 45 15
343 1152 38 14
344 467 31 15
344 474 35 3
344 1008 4 15
345 554 11 5
345 961 11 3
345 1178 39 14
346 620 48 2
346 827 58 10
346 830 33 14
346 1022 57 4
346 1065 37 3
347 371 3 11
347 452 48 15
347 944 49 4
347 1128 50 14
348 550 35 15
348 725 14 5
348 1081 21 13
349 612 56 5
349 622 47 11
349 882 60 7
349 1003 50 1
349 1120 10 8
350 494 21 8
350 834 45 5
350 1082 48 8
351 478 27 4
351 483 39 10
351 589 26 3
351 1044 57 14
352 540 1 8
352 1060 41 1
353 794 40 4
353 1158 17 3
354 403 44 6
354 432 16 11
354 475 18 12
354 480 34 15
354 625 52 5
354 721 41 11
354 733 21 2
354 1012 56 10
355 447 49 5
355 975 25 8
355 1032 25 12
355 1047 2 5
355 1155 47 5
356 518 3 9
356 747 1 7
356 796 6 10
357 434 5 9
357 494 31 4
357 561 25 13
358 533 19 13
358 771 6 14
359 398 30 13
359 492 43 5
359 535 21 8
359 792 28 12
361 393 23 3
361 423 57 9
361 424 39 2
361 530 24 10
361 720 1 5
361 763 20 1
361 1155 41 4
361 1183 29 3
362 583 33 13
362 825 59 15
362 855 42 9
363 573 37 14
363 1104 34 14
363 1165 40 11
364 377 1 4
364 787 48 14
364 833 45 5
364 997 44 6
364 1138 9 15
365 508 44 10
365 937 55 4
366 523 38 8
366 597 17 1
366 774 30 5
366 897 23 10
366 1029 14 5
366 1081 44 1
367 575 40 5
367 942 55 15
367 973 54 5
367 1069 13 10
368 398 20 13
368 444 38 15
368 902 54 2
368 1077 53 5
368 1079 55 1
369 575 2 8
369 609 4 9
369 633 53 10
369 771 23 6
369 1162 56 6
370 401 33 2
370 1070 22 10
371 524 49 8
372 539 52 7
372 639 16 4
372 1026 43 11
372 1070 22 11
373 525 44 5
373 831 14 7
373 896 36 10
373 1004 17 10
374 626 32 7
374 965 14 15
375 453 33 14
375 835 18 9
375 1018 24 4
376 853 41 2
377 573 50 8
377 631 58 9
377 685 43 2
377 906 30 11
377 1092 37 13
378 594 25 6
379 409 54 11
379 482 52 5
379 523 41 1
379 583 14 2
379 894 43 12
379 1097 37 11
380 386 14 7
381 421 9 15
381 550 43 5
381 599 13 9
381 799 59 12
381 864 50 9
381 986 24 3
382 617 20 9
382 764 20 11
382 1037 9 2
382 1138 19 13
383 1061 60 15
383 1142 18 6
384 682 37 13
384 701 56 7
384 1163 6 12
385 652 35 5
385 667 26 7
385 747 18 4
385 834 20 2
386 689 54 7
386 720 54 12
386 755 20 6
386 825 60 13
386 1081 7 1
386 1113 29 10
387 444 39 2
387 822 18 15
387 1087 40 8
388 491 24 7
388 569 45 7
388 632 6 13
388 729 3 5
388 754 40 2
388 862 58 1
389 399 50 9
389 414 49 13
389 698 12 4
390 559 22 2
390 686 18 1
391 456 52 7
391 469 31 4
391 587 15 6
391 839 58 8
391 1127 35 6
392 417 19 9
392 424 42 1
392 438 13 3
392 503 14 11
392 837 59 2
392 915 41 4
392 1096 4 4
393 610 5 5
393 705 48 12
394 710 17 12
394 834 59 9
394 1114 9 13
395 437 3 7
395 591 38 12
395 732 22 4
395 810 30 2
396 640 11 6
396 774 55 13
396 787 5 15
396 797 40 4
396 1067 26 14
396 1148 25 7
397 546 28 11
397 592 57 11
397 1074 4 1
397 1084 50 8
397 1122 14 2
398 769 17 2
398 1043 40 4
398 1095 58 8
399 489 40 2
399 492 56 7
399 541 8 1
399 567 19 15
399 823 37 12
399 870 29 2
399 879 2 13
399 916 19 14
399 1125 57 3
400 503 26 9
400 896 10 10
400 947 4 15
400 1061 32 1
400 1074 51 11
401 559 56 3
401 963 4 6
401 995 30 9
401 1000 37 14
401 1163 17 14
402 426 20 3
402 467 56 3
403 573 32 4
403 916 52 6
403 969 52 14
404 556 11 14
404 665 9 3
404 974 49 11
405 700 54 14
405 1095 32 11
406 589 10 7
406 642 11 13
406 1006 34 7
406 1012 56 2
407 422 46 12
407 519 51 7
407 628 46 15
407 788 38 5
407 789 45 13
407 1024 8 12
407 1074 51 1
408 417 51 1
408 604 57 7
408 615 9 8
408 830 24 8
408 986 8 4
408 1166 14 12
409 510 44 7
409 1146 41 9
410 482 2 2
410 686 34 12
410 1136 47 8
411 476 26 8
411 895 24 10
411 941 37 5
411 974 27 1
411 1066 22 2
412 916 2 13
413 505 53 7
413 608 5 4
413 815 29 4
413 951 7 15
413 987 43 12
413 1107 55 8
414 415 32 13
414 592 36 12
414 705 33 10
414 723 54 14
414 1077 19 5
415 589 32 4
415 797 3 3
415 962 39 10
415 1084 38 15
416 429 27 7
416 930 8 10
416 1040 27 3
417 793 34 15
417 943 24 5
418 445 34 12
418 471 40 6
418 488 1 11
418 598 29 15
418 603 8 7
418 844 53 9
419 434 12 15
419 943 46 7
419 1087 13 1
419 1090 10 10
419 1182 22 8
420 519 26 2
420 679 52 4
420 940 26 8
420 1008 51 15
420 1168 18 9
421 872 20 10
422 953 27 6
422 1023 47 8
423 583 6 11
423 649 34 10
423 932 18 6
423 1148 44 9
424 492 31 5
424 640 28 15
424 836 16 3
424 893 22 3
424 968 57 11
424 1008 46 14
424 1095 42 2
425 943 34 12
426 433 19 12
426 450 48 4
426 1152 47 4
427 504 58 9
427 833 33 10
427 1111 53 14
428 469 33 6
428 518 5 10
428 738 16 7
428 898 17 2
428 1164 32 12
429 551 40 2
429 587 9 13
429 712 30 4
429 848 26 13
429 951 22 1
429 1020 10 4
429 1173 38 5
430 846 28 12
430 970 17 2
431 453 37 6
431 462 3 12
431 644 26 8
431 655 27 14
431 673 5 10
431 873 23 11
431 1007 17 15
431 1016 5 14
432 781 56 2
432 881 9 12
432 890 5 12
432 1155 39 15
433 790 57 13
433 979 9 4
434 869 55 12
434 922 39 9
434 944 49 7
434 999 1 15
434 1056 33 5
434 1071 32 4
434 1139 32 6
434 1160 58 5
435 503 47 9
435 766 24 7
435 812 43 10
435 967 39 3
435 997 45 5
435 1024 42 5
436 689 52 8
436 1042 12 14
437 745 6 15
437 807 23 6
437 848 26 13
437 933 23 9
437 957 3 10
437 975 2 13
437 1067 32 10
438 449 21 11
438 602 46 15
438 693 49 13
438 715 41 5
438 1008 56 11
438 1100 24 11
439 444 12 1
439 447 38 15
439 644 56 8
439 854 57 4
439 1053 22 7
439 1069 27 7
439 1070 58 2
440 904 3 13
440 937 19 13
440 941 38 6
440 1003 1 12
441 459 50 5
441 797 60 6
442 445 32 13
442 1098 29 10
442 1115 30 10
443 753 27 7
444 504 44 5
444 696 51 9
444 792 3 9
444 952 26 5
445 1016 35 10
446 835 22 5
446 880 2 6
446 1004 30 10
446 1072 18 13
446 1116 46 12
447 585 16 7
447 883 47 3
448 632 48 13
448 1087 6 14
448 1109 52 8
449 598 59 4
449 777 23 9
449 867 52 12
450 916 4 1
450 1150 3 11
451 534 38 11
451 573 54 12
451 694 22 1
452 687 24 1
452 758 15 14
452 895 50 1
452 961 48 11
452 1080 12 1
452 1105 13 2
453 529 6 5
453 1017 20 11
454 457 9 4
454 704 22 13
454 782 59 11
454 880 60 5
454 898 35 13
455 730 4 9
455 978 13 5
455 1125 5 10
456 496 2 15
456 499 24 2
456 530 34 14
456 1103 24 14
456 1105 39 3
457 703 3 6
457 856 6 2
458 620 11 9
458 914 56 3
458 1030 51 1
458 1058 17 8
458 1155 52 6
459 845 55 8
459 1098 45 14
460 476 57 13
460 660 2 2
460 705 4 3
461 653 46 9
461 696 11 5
461 808 36 7
461 837 23 3
461 969 59 15
461 1133 2 6
462 566 4 1
462 629 32 8
462 659 48 2
462 695 19 6
462 925 3 3
462 1009 42 1
462 1024 41 7
463 591 25 14
463 606 41 8
464 502 1 5
464 946 52 4
464 959 4 3
464 1091 51 6
465 491 12 15
465 599 6 11
465 739 46 14
465 821 39 9
465 927 25 4
465 1152 40 6
466 876 32 7
466 1164 59 12
467 926 45 5
467 977 5 2
467 988 48 10
468 477 59 10
468 541 26 6
468 811 60 5
468 984 23 4
468 1170 5 13
469 694 10 7
469 906 39 7
469 915 24 14
470 530 48 1
470 691 9 5
471 599 22 7
471 669 38 7
471 958 10 11
472 595 17 11
472 665 9 6
472 733 44 11
472 1071 19 12
473 512 48 11
473 779 25 6
473 914 31 6
473 986 3 8
474 500 15 5
474 700 46 4
474 833 38 14
474 892 3 6
474 1032 1 1
474 1119 52 9
474 1162 59 3
475 520 56 5
475 541 39 11
475 549 43 11
475 693 37 6
475 1018 7 10
475 1164 39 5
476 657 26 3
476 971 34 9
477 641 17 2
477 664 28 1
478 837 3 15
479 555 49 13
479 984 2 3
479 1083 11 9
480 661 24 4
480 789 40 12
480 825 8 6
480 1002 2 3
480 1041 42 10
481 489 43 7
481 570 23 11
482 530 1 1
482 542 17 15
482 571 52 7
482 780 58 7
483 557 18 10
483 790 14 1
483 1092 45 9
484 636 39 4
484 749 38 13
484 856 31 5
484 924 39 3
485 854 20 2
485 894 5 8
485 1099 18 13
486 753 4 4
486 825 38 3
487 611 60 14
487 676 15 4
487 770 11 5
487 1011 25 2
488 514 16 5
488 638 37 12
488 847 57 4
488 943 15 15
488 1131 50 15
489 761 46 6
489 889 6 15
490 795 17 6
490 1172 39 14
491 604 22 5
491 1138 35 11
492 632 9 4
492 823 13 3
492 1027 15 10
492 1067 39 8
492 1100 54 6
493 1171 28 13
494 585 52 6
494 821 42 5
494 910 39 12
494 928 31 7
494 938 42 3
495 714 47 15
495 738 29 5
495 1169 44 14
496 592 31 1
496 643 60 2
496 960 9 6
497 501 6 5
497 521 25 2
497 621 4 8
497 859 28 12
498 617 8 9
498 650 30 12
498 1027 13 8
499 567 17 7
499 623 7 4
499 658 55 11
499 1022 17 10
499 1104 5 15
500 682 16 3
500 720 15 15
501 575 53 8
501 657 34 12
501 1013 42 7
501 1022 1 12
501 1051 57 11
502 589 33 6
502 654 40 8
502 716 51 5
502 776 25 12
502 1084 35 11
502 1090 54 11
503 534 41 8
504 671 56 15
504 822 7 3
504 835 50 6
504 868 21 5
504 1043 58 11
504 1115 13 7
504 1178 39 5
505 745 42 15
505 803 39 3
505 904 3 15
506 554 59 5
506 743 56 15
506 921 12 14
507 678 56 4
507 711 48 6
507 748 33 4
507 861 32 5
507 1082 35 14
508 639 50 5
508 1039 32 6
508 1165 54 1
509 647 20 13
509 1055 57 1
509 1119 21 3
509 1122 30 6
510 549 11 8
510 583 7 12
510 766 21 1
510 1007 46 10
510 1166 26 10
511 695 52 7
511 773 13 9
511 906 54 9
511 957 56 6
511 1023 59 9
511 1045 59 14
512 539 18 11
512 735 43 6
512 779 39 12
512 1154 44 9
513 537 15 4
513 551 60 9
513 624 26 3
513 1154 54 15
513 1179 8 2
514 590 47 9
514 674 22 13
514 971 35 1
514 1030 3 6
515 942 2 6
515 1161 14 15
516 539 42 14
516 542 35 9
516 852 6 6
516 994 36 6
516 1059 59 2
517 690 59 11
517 799 46 1
517 1016 9 11
517 1110 43 3
518 625 46 11
518 1039 41 8
518 1061 16 2
518 1066 37 15
518 1137 25 10
519 1015 44 12
519 1109 50 12
520 605 16 7
520 753 16 4
520 814 50 8
520 1124 50 7
521 664 37 4
521 858 10 10
522 654 30 3
522 835 44 13
523 730 37 6
523 1101 13 3
524 626 5 6
524 960 17 14
524 1149 36 8
525 562 14 14
525 585 12 4
525 651 55 3
525 677 22 11
525 894 14 2
525 895 8 4
525 963 30 7
525 992 20 13
525 1082 44 8
525 1133 41 11
527 738 24 1
527 924 25 13
527 1027 22 1
528 739 34 11
528 936 47 5
528 987 44 11
528 988 44 9
528 1062 39 7
529 530 7 12
529 651 58 9
529 750 45 4
529 1141 30 8
530 841 51 14
530 1088 40 14
530 1123 5 14
531 719 14 10
531 1011 25 7
531 1056 12 4
531 1082 35 3
532 704 26 7
532 726 2 12
532 744 34 5
532 865 54 12
532 939 37 11
532 1023 60 1
533 659 40 12
533 726 14 6
533 918 16 12
533 1047 6 9
534 787 24 3
534 929 1 12
534 1137 3 8
535 641 39 12
535 650 19 14
535 725 46 9
535 815 57 9
535 962 19 15
536 547 25 8
536 601 21 9
536 753 32 1
536 872 59 12
536 976 54 15
537 666 6 7
537 831 46 15
537 839 24 6
537 919 1 15
537 928 52 10
537 1011 27 5
537 1125 6 7
537 1162 26 4
538 955 26 13
538 998 36 15
538 1061 28 11
539 811 60 7
540 621 25 6
540 873 28 11
540 882 15 8
540 964 12 6
541 719 51 14
541 738 17 10
541 804 19 15
542 632 21 7
542 872 50 4
542 1141 21 2
542 1166 12 5
543 704 52 14
543 986 33 6
543 1157 1 4
544 893 27 6
544 1180 11 9
545 1007 12 2
545 1048 13 11
546 626 44 2
546 717 50 1
546 1158 52 13
547 739 32 9
547 892 6 3
547 978 32 11
547 1077 47 8
548 638 12 10
548 698 7 15
548 887 40 6
548 924 36 6
548 965 5 11
548 1104 44 2
548 1149 9 8
549 615 57 8
549 698 60 4
549 739 6 8
549 741 36 11
549 913 29 13
549 974 31 1
549 1071 24 12
550 593 56 14
550 613 57 1
550 711 59 4
551 950 13 12
551 1007 40 5
551 1108 24 3
552 766 55 7
552 842 9 14
552 996 58 3
552 1033 57 2
553 694 24 3
553 1075 40 4
555 634 40 11
555 942 2 9
555 1030 43 13
555 1072 36 3
557 599 31 3
557 733 55 14
557 953 42 10
558 574 39 5
558 1148 29 4
559 652 24 4
559 695 18 15
559 984 5 15
561 570 20 6
561 576 41 1
561 845 2 6
561 891 7 1
562 896 30 10
562 926 13 15
563 584 41 6
563 880 41 3
563 970 54 13
564 887 4 11
564 921 49 4
564 1081 6 4
565 611 43 11
565 973 58 7
566 678 47 6
566 796 35 15
567 954 22 3
567 1114 42 3
568 669 31 15
568 752 32 4
568 765 29 8
568 796 44 2
568 1116 28 11
569 1030 40 2
570 672 26 5
570 763 14 11
570 813 18 13
570 905 20 13
570 970 33 7
570 1148 9 8
572 1097 1 14
572 1139 52 4
572 1159 29 15
573 647 23 3
573 731 48 5
573 1175 39 12
574 951 24 7
575 822 32 7
575 916 30 10
575 1060 15 4
576 719 15 9
576 836 26 5
578 1158 11 11
579 1049 15 2
580 731 53 12
580 1050 11 2
581 804 48 7
581 1019 2 4
582 711 4 7
582 774 18 2
582 790 57 3
582 1135 26 5
583 882 57 6
584 631 25 3
584 855 12 9
584 1041 24 7
584 1160 52 1
585 986 58 3
585 1084 21 15
586 812 7 10
586 1104 2 8
587 754 26 7
587 767 27 13
587 1064 2 6
588 591 22 7
590 1066 56 10
591 919 4 14
591 926 5 14
591 1037 15 7
592 697 56 15
592 758 4 10
592 768 58 3
592 909 25 9
592 987 58 10
593 640 58 15
593 719 28 11
593 836 39 11
593 895 17 5
593 991 9 12
593 1016 6 15
593 1102 30 11
594 785 48 11
594 1024 37 13
595 859 53 13
595 1033 50 5
595 1113 43 12
595 1179 44 4
596 740 23 12
596 797 20 6
596 877 14 10
597 681 13 5
597 825 14 1
597 1099 36 12
597 1149 23 8
598 890 35 6
598 1060 21 2
599 672 34 10
599 847 57 1
599 983 47 3
599 1115 12 11
600 873 36 4
600 1157 33 12
601 710 5 14
601 722 42 1
601 856 29 7
601 1029 53 7
601 1045 54 1
602 872 14 14
602 1074 52 4
604 712 50 9
604 719 28 5
605 1103 27 11
606 1019 30 1
606 1034 59 7
607 621 39 10
607 697 35 7
608 619 49 3
608 664 32 2
608 735 60 3
608 854 44 5
608 1147 6 12
609 1047 36 4
609 1060 8 11
610 814 26 8
611 637 18 13
611 665 30 1
611 686 11 5
611 706 29 2
611 902 32 9
611 910 13 10
611 960 15 7
612 736 46 9
612 799 9 1
612 924 28 8
612 1169 14 14
613 691 51 3
613 712 21 1
613 876 46 7
613 1065 6 14
613 1121 4 2
613 1140 47 7
614 697 15 12
614 925 56 6
614 998 28 1
614 1035 34 15
614 1117 5 14
615 717 10 15
615 754 17 7
615 1083 57 2
617 763 33 1
617 899 56 8
618 692 36 10
618 932 8 6
618 1019 4 5
618 1050 8 10
619 929 36 12
619 1033 29 14
619 1096 44 8
619 1102 14 13
620 800 47 13
621 1011 39 9
621 1080 3 5
621 1086 11 2
621 1141 37 11
621 1175 33 8
622 1135 33 5
624 639 29 9
624 1179 20 9
625 669 50 3
625 852 26 7
626 845 23 6
626 896 56 14
626 970 9 6
626 1049 48 6
626 1112 20 13
627 862 29 14
627 924 41 11
627 1021 47 3
628 863 27 10
628 1152 20 7
628 1164 1 1
629 713 17 13
629 887 22 13
629 1098 28 11
630 738 32 2
630 958 18 1
631 879 52 6
631 950 43 4
632 891 8 15
633 811 29 4
633 1122 21 11
633 1166 5 15
634 793 38 8
634 1039 39 3
634 1108 23 7
634 1140 13 15
635 787 58 2
635 879 57 1
635 889 37 9
635 1006 50 5
635 1025 57 6
635 1081 21 10
636 736 23 7
636 1012 15 5
637 703 47 6
637 1057 40 5
637 1072 1 5
638 747 2 6
638 857 34 6
638 876 51 7
638 1043 36 11
638 1054 53 3
638 1138 44 9
639 665 49 8
639 810 42 5
640 655 50 13
640 730 35 2
640 807 54 7
640 831 10 4
640 852 34 14
640 1033 6 10
642 681 51 8
642 777 24 15
642 924 18 10
642 925 50 12
643 721 13 15
643 1041 10 7
643 1172 40 9
644 718 23 6
644 1027 43 15
644 1159 3 13
645 952 33 7
646 692 53 6
646 707 59 1
646 835 5 4
647 938 51 6
647 955 24 15
648 678 28 15
648 707 34 9
648 852 39 12
648 1012 41 13
649 942 54 6
649 1043 18 13
649 1149 39 10
650 687 54 11
650 895 5 15
650 917 44 8
652 899 26 3
652 1075 40 12
653 682 15 2
653 769 44 6
653 808 60 4
653 968 6 8
653 1058 41 7
653 1164 5 5
654 715 51 5
654 833 48 10
654 1129 15 3
654 1175 28 8
655 1012 23 14
655 1133 17 14
656 1118 28 1
657 942 43 4
658 958 30 12
659 719 37 7
659 892 56 14
659 894 13 2
659 1090 52 2
660 745 10 9
660 868 47 13
660 899 33 11
660 988 12 14
660 1036 40 8
661 864 37 14
661 1049 25 1
662 807 34 14
662 1085 43 3
662 1184 38 9
664 698 8 10
665 741 16 14
665 764 53 14
665 1015 55 7
666 1110 38 12
666 1113 48 8
667 727 2 6
667 936 9 1
668 816 27 9
668 843 52 12
668 866 53 4
669 747 56 7
669 990 44 5
669 997 22 7
669 1006 23 10
669 1007 30 7
670 974 50 2
670 982 48 12
670 1023 20 7
671 902 48 10
672 991 52 12
672 1072 5 11
674 811 12 15
674 1159 55 4
675 765 21 6
675 1012 9 9
675 1107 25 11
676 868 56 11
676 1048 5 14
677 800 42 10
677 954 37 4
677 1077 49 4
677 1141 11 7
677 1174 29 6
678 742 7 9
678 795 4 1
678 812 46 5
678 926 10 4
678 1049 30 2
679 1181 3 14
680 779 48 15
680 966 10 8
680 1067 14 10
681 1037 46 1
682 810 17 14
682 836 28 7
682 932 29 7
682 1144 55 14
683 710 12 6
683 832 43 12
683 834 8 9
683 855 40 12
684 724 33 11
685 828 11 7
685 849 58 4
686 687 26 7
686 698 41 9
686 1055 36 1
686 1149 15 9
686 1184 6 14
687 803 42 6
687 1032 54 3
688 951 34 11
688 1075 57 9
689 1100 39 6
690 828 5 3
690 955 53 4
691 900 4 1
691 1076 15 4
691 1127 47 11
692 966 51 4
692 1067 27 14
693 753 28 15
693 803 9 13
693 805 39 7
694 747 54 9
695 698 45 10
695 769 9 3
695 833 49 7
695 1156 57 13
696 877 60 5
696 879 20 5
696 934 5 2
696 1091 18 9
696 1163 13 14
698 769 46 3
698 1027 60 7
699 701 4 9
699 765 44 13
699 766 35 6
700 1014 42 11
701 717 46 3
701 1090 32 1
702 1139 45 3
703 713 36 13
703 734 14 6
703 766 14 4
703 774 48 13
703 952 21 11
703 980 44 9
703 1166 50 10
704 1001 36 14
704 1003 41 2
705 711 25 13
705 888 14 5
705 938 48 6
705 979 11 6
706 939 32 3
706 1100 28 15
706 1169 49 4
707 719 34 7
707 766 17 2
707 812 54 1
707 912 47 1
707 1097 12 1
707 1122 19 6
707 1134 46 5
708 777 51 15
708 992 3 1
708 1175 23 2
709 752 40 12
709 966 36 5
709 978 53 14
709 1030 6 8
709 1052 32 6
710 915 3 3
710 1094 31 11
711 784 58 15
711 825 40 15
712 922 9 7
712 938 23 12
713 772 35 1
713 776 2 6
713 886 45 3
713 1053 4 4
714 729 57 7
714 754 14 6
714 818 49 15
714 871 58 6
714 972 54 3
714 1029 36 8
714 1103 14 8
715 749 54 6
715 956 48 14
716 1025 16 2
716 1102 36 9
717 752 16 12
718 974 22 7
718 1041 2 10
718 1090 18 11
718 1165 37 6
719 1168 22 13
720 789 19 4
721 828 2 1
721 965 44 14
721 975 50 2
721 1170 4 5
722 993 9 7
722 1018 35 9
723 868 26 13
723 918 42 4
723 1060 51 12
724 900 5 3
724 1122 30 11
725 787 35 8
725 826 33 7
725 938 57 11
726 880 26 2
726 1022 3 3
726 1116 32 10
727 737 13 2
727 768 45 9
727 1026 2 10
727 1038 54 8
728 965 20 10
728 971 16 12
729 935 7 13
731 771 46 12
731 906 49 15
732 792 23 8
732 831 50 13
732 964 17 14
732 1169 25 13
733 812 60 9
733 965 9 2
733 1175 11 2
734 936 53 5
735 746 48 11
735 1175 14 10
736 801 53 5
737 882 11 2
737 1051 60 1
738 798 3 9
738 833 18 10
738 1053 33 15
739 765 39 12
739 1081 3 5
742 817 35 15
742 880 39 4
742 944 22 11
742 1059 2 12
742 1155 58 14
743 764 24 1
743 866 38 8
743 946 6 1
743 996 13 9
743 1008 53 3
743 1080 6 9
744 1055 40 7
744 1147 26 13
745 1007 58 4
745 1103 13 5
746 773 7 2
746 848 57 10
746 971 8 13
746 1071 32 6
747 990 49 9
748 855 18 8
748 884 1 12
748 1120 49 11
748 1149 28 1
749 825 44 5
749 967 51 3
750 798 40 7
751 937 11 11
751 969 23 2
752 859 1 3
753 903 29 8
753 926 19 4
753 1048 27 4
753 1078 36 5
754 802 6 14
754 826 16 13
754 838 19 8
754 1047 45 2
755 802 55 13
755 834 25 14
755 1013 49 2
756 780 40 4
756 1010 49 7
757 855 51 6
757 1173 34 9
758 890 28 13
758 1089 11 11
759 846 9 14
759 1086 24 7
759 1098 34 15
760 763 17 1
760 860 11 11
760 908 52 2
760 1003 6 12
761 872 19 3
762 852 17 4
763 1006 37 6
763 1154 17 13
764 834 29 14
764 899 36 12
764 1184 26 3
765 1089 13 5
766 898 54 12
766 997 40 5
766 1147 56 3
769 1028 17 2
769 1137 33 4
769 1155 44 2
770 959 14 8
771 796 58 8
771 972 28 7
771 1038 14 11
772 829 52 12
772 1096 25 10
773 963 35 4
774 1060 22 2
774 1089 34 5
775 783 8 5
775 1072 8 3
775 1085 7 14
776 879 11 12
776 935 37 6
776 946 25 2
777 844 29 10
778 959 46 14
778 1155 14 5
779 1068 39 14
780 944 31 15
780 1053 35 6
781 1104 7 13
782 846 35 13
782 940 9 8
782 985 18 15
782 1008 7 12
782 1019 14 8
782 1144 46 6
783 897 49 8
783 1117 59 8
785 937 3 1
785 1078 24 4
787 792 59 9
788 1047 57 5
789 827 43 13
789 1075 29 7
789 1157 10 2
790 976 49 9
790 1023 13 7
791 833 14 5
791 1071 30 12
792 857 30 1
793 995 52 10
793 1062 23 9
793 1075 32 14
793 1097 54 9
793 1120 22 12
794 837 23 4
794 879 18 13
794 918 53 2
794 959 5 8
795 964 50 9
795 1002 30 5
796 1023 44 7
797 870 8 3
797 917 42 5
797 1034 18 6
799 1055 9 8
799 1159 32 13
799 1162 50 3
800 868 27 5
800 1010 47 3
800 1139 31 15
801 822 49 5
801 1080 13 10
802 810 42 14
802 813 36 4
802 818 5 7
803 1140 35 5
804 1022 46 8
805 826 8 14
805 963 32 13
805 1184 33 11
806 1153 24 8
808 1032 5 4
809 830 37 4
809 1150 37 5
810 842 50 3
810 927 60 6
810 989 11 4
811 882 21 6
811 1073 28 14
812 990 2 7
812 1142 7 5
814 1154 12 1
815 989 32 11
816 855 12 4
816 1090 13 12
817 941 20 1
818 846 24 13
819 1067 24 2
819 1134 57 5
820 1037 35 5
821 824 34 9
821 1119 29 10
822 1045 54 8
823 972 35 2
824 873 28 6
824 904 16 3
824 1011 20 15
824 1023 7 4
825 923 57 9
825 972 5 8
826 907 49 12
826 930 35 11
827 973 47 5
829 834 4 9
829 906 2 1
829 948 44 2
829 999 26 1
830 879 58 13
830 1098 50 7
831 883 47 4
832 878 21 9
833 947 52 14
833 1013 15 6
833 1109 4 6
834 1031 48 12
834 1137 38 15
835 924 51 13
835 1159 47 14
836 840 21 4
836 978 31 2
836 1159 35 9
837 876 42 4
837 894 52 2
837 1035 21 14
838 1117 15 8
839 1054 53 8
840 1058 14 1
841 1035 10 5
842 1040 35 7
843 883 32 5
843 971 21 8
843 1156 41 2
844 1010 57 7
845 868 57 2
845 985 27 8
845 1058 39 5
845 1126 50 8
846 1101 5 11
846 1184 43 5
847 976 23 1
848 919 34 13
848 945 7 4
848 1088 4 8
849 1088 20 13
852 1071 47 3
852 1149 5 10
855 1014 16 10
855 1044 20 2
855 1111 40 10
856 974 23 5
856 1122 31 13
857 921 3 2
859 1052 55 14
859 1066 18 11
859 1088 10 11
859 1102 37 3
860 889 28 1
860 914 8 4
860 1100 44 12
862 960 42 9
863 867 46 5
863 1164 40 8
866 952 30 9
866 1161 24 1
868 971 36 9
868 987 60 7
868 1127 51 6
868 1153 51 10
869 1071 60 11
870 948 17 11
870 1119 8 13
871 931 25 1
871 1009 22 15
871 1078 21 15
871 1109 56 5
872 1099 25 1
873 928 22 12
873 954 40 11
873 1059 24 4
874 1056 24 13
874 1142 4 8
876 1002 59 4
876 1077 12 12
876 1136 47 14
877 890 23 8
877 1108 38 1
878 896 21 13
878 970 6 6
879 929 36 3
879 965 2 3
880 1058 46 4
882 1004 2 5
882 1152 9 3
884 1006 3 14
884 1172 51 9
884 1182 39 14
885 1102 31 4
887 1015 9 15
887 1074 26 2
888 957 15 11
889 988 22 13
890 1123 13 10
891 1145 57 12
892 1108 58 15
893 983 31 3
893 994 40 6
894 895 50 11
895 940 27 5
895 1106 28 10
896 1117 14 11
896 1127 10 6
898 899 31 9
898 991 40 14
899 969 37 11
899 973 17 2
899 1177 20 14
900 938 2 9
901 919 47 2
901 1037 51 14
901 1108 47 13
901 1170 33 1
901 1179 31 13
902 1020 38 14
902 1067 42 5
903 1062 5 11
905 941 59 12
905 943 2 3
905 1135 39 5
905 1152 43 11
906 1055 49 10
907 960 28 6
907 1051 23 9
908 1181 47 6
908 1184 55 8
909 954 57 5
910 1154 52 14
910 1180 19 8
912 1068 1 7
913 970 41 7
914 1044 27 9
915 1125 57 13
915 1179 35 1
916 1050 40 10
917 1137 54 15
917 1158 7 15
918 995 48 9
918 1163 37 10
919 923 21 12
919 948 44 11
919 1126 36 2
920 978 43 13
920 1024 21 5
921 1154 40 4
922 927 31 6
923 1010 42 7
923 1041 27 7
927 1159 21 13
928 930 34 10
928 1032 43 12
928 1069 2 3
929 1091 50 1
929 1110 60 15
930 1155 25 1
931 1032 22 4
932 1123 12 6
933 1030 8 3
935 975 29 3
935 1084 14 5
935 1162 41 1
936 1087 32 10
937 999 55 15
937 1112 20 14
937 1142 46 2
937 1167 25 9
939 1126 22 2
940 1022 24 1
940 1121 12 2
940 1176 5 8
942 1041 54 10
945 1162 23 12
946 1001 14 12
946 1103 50 14
947 956 56 2
947 1045 3 3
949 999 3 2
950 1059 8 9
951 1083 5 5
954 1012 14 8
954 1024 3 6
955 992 24 15
955 1026 59 1
956 1037 6 5
957 1141 43 7
960 1024 25 11
960 1129 41 9
961 1019 50 4
961 1162 47 13
961 1176 33 2
962 1048 28 2
965 1004 34 7
965 1055 36 10
966 976 34 8
966 1156 1 8
967 1177 2 12
969 1104 1 12
970 1066 29 8
971 1026 56 7
971 1062 54 8
971 1083 57 5
974 1111 26 12
974 1166 6 10
976 1164 16 13
979 1007 49 3
980 1027 23 7
984 1034 26 14
984 1112 54 3
986 1109 53 1
986 1115 25 2
987 1171 54 8
988 1033 39 1
988 1065 45 1
988 1091 50 12
989 1143 55 11
990 1115 19 8
991 1123 43 1
992 1028 39 12
992 1069 13 10
992 1096 32 3
992 1134 35 6
993 1024 12 12
996 1176 9 6
998 1106 25 12
1000 1101 56 7
1001 1006 21 2
1002 1123 46 3
1002 1170 41 2
1008 1179 4 14
1012 1106 49 5
1014 1034 15 6
1014 1152 3 7
1016 1171 19 7
1017 1064 13 4
1017 1066 20 5
1017 1109 26 8
1017 1159 52 14
1020 1062 31 2
1020 1084 38 10
1022 1111 2 7
1022 1176 20 15
1023 1091 10 11
1023 1145 35 12
1025 1073 4 14
1025 1123 15 13
1025 1180 28 15
1029 1068 20 10
1029 1097 1 12
1030 1150 23 3
1032 1145 11 1
1032 1168 59 14
1033 1184 47 14
1036 1049 35 2
1038 1122 50 9
1042 1181 23 12
1045 1126 29 3
1045 1152 18 8
1046 1160 11 5
1048 1084 55 8
1048 1139 29 8
1050 1067 15 13
1050 1119 19 2
1052 1069 16 1
1053 1165 34 4
1055 1183 14 4
1056 1170 59 8
1057 1155 12 6
1057 1181 53 15
1058 1149 36 10
1060 1105 56 14
1061 1100 37 12
1061 1132 1 4
1061 1144 53 3
1066 1119 11 5
1066 1128 14 5
1068 1093 26 2
1069 1124 53 14
1070 1176 41 11
1071 1090 41 9
1072 1121 47 1
1075 1129 38 12
1075 1162 54 1
1082 1110 13 6
1084 1101 30 14
1085 1166 4 11
1086 1183 16 10
1087 1166 37 8
1088 1158 10 2
1090 1135 44 13
1092 1142 10 10
1095 1149 17 7
1095 1181 56 3
1097 1158 11 8
1099 1113 57 10
1099 1152 4 1
1099 1176 33 6
1100 1138 9 3
1101 1104 21 4
1103 1130 36 14
1103 1175 9 5
1104 1144 3 2
1116 1139 31 15
1119 1149 34 6
1124 1183 2 2
1127 1143 56 9
1133 1182 32 8
1137 1177 32 12
1145 1155 19 8
1148 1176 41 12
1153 1170 22 3
1172 1177 16 14

0 4 17
1 48 9
2 74 38
3 97 29
4 121 44
5 127 25
6 130 36
7 131 12
8 139 30
9 159 19
10 169 15
11 170 3
12 178 33
13 192 43
14 200 40
15 220 33
16 223 37
17 229 20
18 237 11
19 242 18
20 254 11
21 255 24
22 264 2
23 280 37
24 291 36
25 316 41
26 323 32
27 330 3
28 332 44
29 339 1
30 342 22
31 352 49
32 368 19
33 369 46
34 373 44
35 385 50
36 390 43
37 401 5
38 408 41
39 409 14
40 426 1
41 428 11
42 431 45
43 440 8
44 443 42
45 455 33
46 462 21
47 465 34
48 486 3
49 493 45
50 498 23
51 500 17
52 509 44
53 516 16
54 534 34
55 541 7
56 542 43
57 604 18
58 620 50
59 627 39
60 632 28
61 637 13
62 657 49
63 660 22
64 665 21
65 668 24
66 673 40
67 676 25
68 678 7
69 679 5
70 697 7
71 711 33
72 713 50
73 720 19
74 749 10
75 752 11
76 754 17
77 769 42
78 773 17
79 782 24
80 783 14
81 796 5
82 811 25
83 812 24
84 813 11
85 821 5
86 822 28
87 834 20
88 841 27
89 868 9
90 870 29
91 877 26
92 882 46
93 885 5
94 894 22
95 895 36
96 902 14
97 907 12
98 920 1
99 924 47
100 927 36
101 949 39
102 951 36
103 957 27
104 970 2
105 978 45
106 1057 42
107 1068 2
108 1078 41
109 1092 30
110 1109 18
111 1119 37
112 1133 1
113 1137 37
114 1141 25
115 1148 1
116 1159 44
117 1165 11
