1753 5264 175 7

0 30 2181
1 60 4087
2 90 5744
3 120 7176
4 150 8405
5 180 9450
6 210 10330

0 12025
1 15425
2 13894
3 16134
4 10373
5 13957
6 11962
7 12504
8 12369
9 13469
10 10766
11 11258
12 12694
13 11442
14 15749
15 13161
16 11620
17 15052
18 18291
19 12785
20 10480
21 15268
22 16938
23 13391
24 14495
25 14648
26 11876
27 16269
28 11717
29 15775
30 15891
31 10809
32 14875
33 15089
34 16151
35 12639
36 14073
37 13485
38 13060
39 11411
40 15132
41 13094
42 10783
43 13040
44 13151
45 13229
46 12681
47 14454
48 13759
49 14818
50 9469
51 18255
52 12806
53 10590
54 10886
55 13620
56 13134
57 11185
58 16777
59 15936
60 12332
61 14380
62 12004
63 11406
64 12297
65 13446
66 15280
67 13286
68 12551
69 14361
70 14187
71 11328
72 13665
73 16470
74 13291
75 14768
76 10921
77 17234
78 13765
79 12000
80 11708
81 16380
82 10743
83 13413
84 12404
85 16309
86 8112
87 12152
88 9841
89 14984
90 14209
91 13623
92 13120
93 14130
94 12535
95 15225
96 13869
97 12882
98 11552
99 13186
100 11841
101 14032
102 13069
103 13835
104 17102
105 15456
106 13758
107 17569
108 14624
109 8805
110 15019
111 12232
112 14944
113 12011
114 11107
115 15452
116 11505
117 13086
118 10563
119 14486
120 14743
121 9891
122 15351
123 14989
124 11694
125 14115
126 15041
127 13249
128 15508
129 11500
130 15236
131 15972
132 14378
133 17125
134 13045
135 12957
136 15004
137 11077
138 13704
139 12882
140 11838
141 13515
142 16772
143 11652
144 15064
145 12601
146 15791
147 14296
148 11762
149 12666
150 12736
151 16209
152 14535
153 12050
154 14925
155 12254
156 15896
157 14963
158 12772
159 16759
160 14130
161 10891
162 15834
163 8984
164 15511
165 15232
166 12083
167 10032
168 11732
169 14853
170 19850
171 9927
172 14489
173 14883
174 13706
175 9748
176 12872
177 14631
178 13267
179 16067
180 14893
181 14335
182 12577
183 10864
184 15176
185 14302
186 9923
187 13637
188 14768
189 13835
190 12857
191 8661
192 15725
193 12755
194 12284
195 11676
196 15459
197 12613
198 11178
199 15860
200 13288
201 13243
202 11524
203 15398
204 10692
205 12631
206 13391
207 13796
208 14970
209 14566
210 9221
211 11247
212 10901
213 12399
214 16126
215 14934
216 13767
217 11851
218 15346
219 10182
220 12039
221 12377
222 12998
223 17640
224 13106
225 12195
226 14496
227 12892
228 13106
229 15131
230 15708
231 12696
232 13589
233 13015
234 15355
235 17921
236 15522
237 13587
238 11882
239 14592
240 14615
241 13927
242 12049
243 14222
244 14474
245 15896
246 12181
247 12842
248 12193
249 14983
250 15147
251 11035
252 16571
253 14954
254 16830
255 13430
256 14805
257 7567
258 11256
259 13940
260 13806
261 13552
262 12201
263 12975
264 11358
265 15243
266 12164
267 9243
268 15250
269 11913
270 13819
271 14999
272 12712
273 11151
274 14732
275 11007
276 12477
277 12177
278 14504
279 17133
280 13116
281 13186
282 13996
283 12840
284 11545
285 12008
286 11351
287 20802
288 12988
289 13222
290 12963
291 15959
292 15278
293 12539
294 12303
295 9733
296 14233
297 10342
298 12160
299 9831
300 15332
301 14879
302 16672
303 16369
304 12580
305 12309
306 15024
307 17726
308 11926
309 13644
310 17262
311 14158
312 17412
313 15346
314 8948
315 15134
316 13515
317 9078
318 11849
319 10505
320 14077
321 11682
322 9745
323 9836
324 16185
325 13908
326 14551
327 16397
328 13079
329 14172
330 12356
331 11457
332 11226
333 10741
334 15245
335 12177
336 13917
337 12658
338 13691
339 9042
340 13137
341 13084
342 14769
343 11102
344 12901
345 10324
346 12925
347 15770
348 15130
349 12375
350 11248
351 11802
352 11247
353 11247
354 16171
355 12133
356 17480
357 12437
358 13795
359 9385
360 13932
361 11344
362 14925
363 10680
364 14313
365 12987
366 13901
367 13574
368 13468
369 15692
370 10950
371 9692
372 12838
373 17294
374 15597
375 10107
376 9410
377 13083
378 12902
379 11456
380 14374
381 11853
382 12695
383 13005
384 10745
385 12376
386 11106
387 10210
388 20158
389 18159
390 13048
391 16548
392 13785
393 12426
394 12610
395 14386
396 11269
397 15010
398 16272
399 14236
400 12616
401 12784
402 14188
403 11984
404 9267
405 10734
406 15194
407 13364
408 15198
409 11000
410 16885
411 15788
412 11711
413 13288
414 15883
415 14012
416 13289
417 13653
418 8933
419 14157
420 10532
421 12945
422 15050
423 14761
424 11654
425 13826
426 12149
427 15008
428 12587
429 10358
430 15404
431 12416
432 12332
433 9986
434 11939
435 15458
436 14574
437 12819
438 12778
439 11704
440 14781
441 13371
442 14723
443 14218
444 11803
445 14341
446 11291
447 12494
448 10872
449 13767
450 13105
451 13516
452 8027
453 15028
454 10261
455 13680
456 11312
457 11912
458 11004
459 12814
460 15453
461 10945
462 18890
463 13485
464 11600
465 11891
466 14392
467 11716
468 11618
469 14695
470 14914
471 13427
472 12346
473 13101
474 15923
475 16029
476 18062
477 10521
478 13885
479 10959
480 14477
481 15459
482 11748
483 14233
484 12456
485 16975
486 15877
487 19333
488 11830
489 13572
490 12636
491 16363
492 13061
493 11376
494 15268
495 11562
496 13050
497 10866
498 12517
499 14290
500 13257
501 8611
502 18300
503 10602
504 12274
505 12645
506 11766
507 10487
508 10994
509 15314
510 12902
511 9264
512 13801
513 13666
514 11187
515 14014
516 9746
517 15558
518 11060
519 14474
520 17275
521 13639
522 13411
523 11024
524 14563
525 11762
526 13570
527 16123
528 9667
529 14776
530 10707
531 15551
532 9510
533 15785
534 10892
535 8646
536 13126
537 15348
538 19849
539 14330
540 8458
541 13776
542 13549
543 11596
544 11275
545 11657
546 11932
547 11676
548 12696
549 14065
550 13282
551 14156
552 9695
553 11778
554 11098
555 11625
556 13385
557 10421
558 11711
559 13910
560 13446
561 10279
562 12682
563 12647
564 15347
565 11157
566 10646
567 15987
568 11488
569 11740
570 15258
571 14682
572 11928
573 14742
574 14782
575 14313
576 10028
577 13521
578 19006
579 15356
580 14768
581 11912
582 14229
583 12171
584 11562
585 11027
586 10556
587 14205
588 10310
589 11812
590 14154
591 13593
592 13092
593 18386
594 13950
595 16128
596 13286
597 14131
598 11224
599 13354
600 9860
601 14721
602 13864
603 14895
604 11394
605 14321
606 9716
607 12771
608 12059
609 14326
610 9714
611 11493
612 15256
613 11458
614 17336
615 14583
616 13971
617 11060
618 15121
619 13671
620 13117
621 17132
622 14727
623 13802
624 8533
625 12125
626 14376
627 10329
628 16150
629 13012
630 11581
631 17596
632 12510
633 12243
634 12287
635 18077
636 13486
637 16598
638 13470
639 12824
640 16234
641 13519
642 14440
643 15846
644 8878
645 15567
646 9826
647 14703
648 11754
649 15814
650 13815
651 12055
652 14181
653 12661
654 15164
655 12043
656 13300
657 16359
658 15658
659 11113
660 14507
661 13426
662 12631
663 14080
664 11939
665 15707
666 11460
667 13445
668 17546
669 15732
670 15057
671 14149
672 13876
673 12738
674 13207
675 15845
676 13076
677 10978
678 11900
679 8714
680 15083
681 13049
682 9035
683 9806
684 14690
685 13411
686 13696
687 12942
688 13601
689 10892
690 14923
691 12997
692 12758
693 11471
694 15321
695 15429
696 14533
697 18314
698 9945
699 10254
700 8934
701 14538
702 10556
703 9140
704 13237
705 15403
706 10478
707 15476
708 14507
709 16088
710 17492
711 14960
712 10692
713 15430
714 16178
715 13705
716 13966
717 12519
718 14633
719 14733
720 15037
721 17225
722 10509
723 14084
724 14902
725 13759
726 12062
727 11173
728 14722
729 12892
730 15397
731 11111
732 12042
733 12801
734 16365
735 15184
736 12056
737 17922
738 12193
739 12753
740 15441
741 13053
742 9797
743 7073
744 13976
745 14758
746 12031
747 12009
748 13450
749 18710
750 14129
751 12251
752 13937
753 10483
754 10960
755 12717
756 14924
757 14757
758 9304
759 11963
760 10652
761 12786
762 13499
763 11558
764 12618
765 15351
766 11858
767 13595
768 15506
769 15253
770 10283
771 9111
772 16367
773 13169
774 12963
775 17201
776 15109
777 13925
778 9620
779 14899
780 14083
781 14730
782 15338
783 14599
784 11277
785 14707
786 9248
787 12108
788 12668
789 15327
790 11294
791 17395
792 13588
793 10762
794 15963
795 12866
796 12215
797 11009
798 12249
799 13913
800 14241
801 15331
802 16892
803 14218
804 12940
805 14361
806 10463
807 15001
808 10257
809 8688
810 13077
811 14334
812 15923
813 9905
814 14131
815 12386
816 9964
817 12493
818 14734
819 13249
820 13028
821 10018
822 8154
823 11764
824 11403
825 10241
826 14849
827 13144
828 14121
829 14410
830 12562
831 11638
832 12734
833 9508
834 16533
835 13480
836 12737
837 10755
838 14009
839 15167
840 16462
841 11750
842 13881
843 11566
844 11395
845 13484
846 13237
847 12577
848 12563
849 14241
850 13664
851 13388
852 15280
853 12773
854 14994
855 13677
856 10630
857 12175
858 15411
859 9587
860 11778
861 11143
862 12277
863 13734
864 12135
865 17377
866 12295
867 16138
868 12225
869 12951
870 15567
871 13962
872 13470
873 12890
874 10831
875 13259
876 10489
877 13196
878 14379
879 14395
880 20342
881 15431
882 13951
883 12581
884 14491
885 12544
886 13730
887 11657
888 12054
889 10257
890 13119
891 8821
892 16704
893 14351
894 14843
895 16905
896 14980
897 12732
898 14406
899 14000
900 15228
901 14165
902 12241
903 13165
904 12067
905 15278
906 13638
907 13285
908 14130
909 6698
910 11611
911 13471
912 16179
913 12951
914 15320
915 16377
916 12933
917 12494
918 13018
919 15808
920 14397
921 10526
922 11611
923 9910
924 14663
925 9711
926 13341
927 13704
928 16104
929 11166
930 13683
931 19593
932 15906
933 12240
934 12033
935 14042
936 12387
937 11512
938 12830
939 17050
940 14560
941 13808
942 11026
943 12078
944 15340
945 12291
946 15144
947 8951
948 12607
949 16474
950 16331
951 12260
952 13633
953 11324
954 13098
955 15281
956 8638
957 14013
958 16993
959 15340
960 15942
961 12763
962 8851
963 12286
964 14765
965 10050
966 14743
967 13053
968 13080
969 11709
970 19403
971 8061
972 9125
973 17124
974 17300
975 10791
976 13442
977 12511
978 8834
979 12751
980 12764
981 14191
982 13110
983 15891
984 13451
985 12734
986 10316
987 15574
988 12582
989 13968
990 14552
991 12553
992 10985
993 15358
994 16874
995 11551
996 15866
997 13665
998 13293
999 15092
1000 16681
1001 17855
1002 12369
1003 15583
1004 11015
1005 12412
1006 12435
1007 13528
1008 10701
1009 11398
1010 13644
1011 17106
1012 15867
1013 8657
1014 13986
1015 13238
1016 12172
1017 14294
1018 13553
1019 11534
1020 13735
1021 14609
1022 15575
1023 6653
1024 16838
1025 15620
1026 15151
1027 14777
1028 15466
1029 11859
1030 14370
1031 13615
1032 12984
1033 11818
1034 14045
1035 11393
1036 11193
1037 8797
1038 14573
1039 12967
1040 8569
1041 15581
1042 18124
1043 13003
1044 16093
1045 12331
1046 15386
1047 16800
1048 15172
1049 14976
1050 12099
1051 10240
1052 14158
1053 13676
1054 15649
1055 13669
1056 11229
1057 13722
1058 10172
1059 14077
1060 11934
1061 14711
1062 12719
1063 13259
1064 11523
1065 11259
1066 15935
1067 11509
1068 12418
1069 15955
1070 13397
1071 14985
1072 13034
1073 15272
1074 12071
1075 13121
1076 14943
1077 13144
1078 15728
1079 13823
1080 9578
1081 14920
1082 9331
1083 10893
1084 14710
1085 14976
1086 9514
1087 14358
1088 13540
1089 17773
1090 16684
1091 11544
1092 17519
1093 13831
1094 15201
1095 13561
1096 14927
1097 14869
1098 11865
1099 14654
1100 9278
1101 13864
1102 12862
1103 10176
1104 16132
1105 9534
1106 13596
1107 11153
1108 13607
1109 14625
1110 14172
1111 13457
1112 12411
1113 12198
1114 13189
1115 14944
1116 13770
1117 13319
1118 12915
1119 15913
1120 16565
1121 11568
1122 12183
1123 10121
1124 11969
1125 15371
1126 14572
1127 14527
1128 15126
1129 12958
1130 14787
1131 14403
1132 13845
1133 14394
1134 14630
1135 11958
1136 16159
1137 14697
1138 12796
1139 13361
1140 11001
1141 13399
1142 14290
1143 14915
1144 17767
1145 12820
1146 11555
1147 13434
1148 10622
1149 13031
1150 10632
1151 7773
1152 17404
1153 14897
1154 11816
1155 12570
1156 15012
1157 17173
1158 11190
1159 12722
1160 18230
1161 13095
1162 13541
1163 11246
1164 14392
1165 11030
1166 15270
1167 12628
1168 13709
1169 11129
1170 16753
1171 14653
1172 13683
1173 13995
1174 12765
1175 11822
1176 12512
1177 14661
1178 13784
1179 9012
1180 12425
1181 8752
1182 16903
1183 11167
1184 12764
1185 11826
1186 12477
1187 12998
1188 14088
1189 13662
1190 12417
1191 14866
1192 11044
1193 14318
1194 14771
1195 16961
1196 17814
1197 12856
1198 13573
1199 16107
1200 14581
1201 8399
1202 14688
1203 12064
1204 14679
1205 18045
1206 16005
1207 11086
1208 13447
1209 15271
1210 14426
1211 12700
1212 17241
1213 16747
1214 11435
1215 13301
1216 13646
1217 13556
1218 10806
1219 8352
1220 11586
1221 14788
1222 15388
1223 16197
1224 12935
1225 12562
1226 15673
1227 13199
1228 12479
1229 11913
1230 18156
1231 13953
1232 12353
1233 12058
1234 11627
1235 11503
1236 13810
1237 12252
1238 13725
1239 9646
1240 12274
1241 10801
1242 11172
1243 13000
1244 8784
1245 14501
1246 12233
1247 13234
1248 15294
1249 13688
1250 13247
1251 14046
1252 14236
1253 12395
1254 14029
1255 14225
1256 13758
1257 13577
1258 14257
1259 17513
1260 11462
1261 14822
1262 10644
1263 12181
1264 13580
1265 12391
1266 12869
1267 12945
1268 12986
1269 8362
1270 12362
1271 13814
1272 16581
1273 15991
1274 15949
1275 11243
1276 12001
1277 16443
1278 15149
1279 11398
1280 11451
1281 11745
1282 10741
1283 16250
1284 12238
1285 13969
1286 15830
1287 14620
1288 14530
1289 13067
1290 17839
1291 13345
1292 16881
1293 15883
1294 12535
1295 18356
1296 11487
1297 14403
1298 11011
1299 12864
1300 11854
1301 16304
1302 16872
1303 10810
1304 14523
1305 12928
1306 10532
1307 12514
1308 8145
1309 15591
1310 14787
1311 9936
1312 12657
1313 9680
1314 10800
1315 11622
1316 13758
1317 15065
1318 9778
1319 13660
1320 13440
1321 9108
1322 11095
1323 14441
1324 12230
1325 17866
1326 12911
1327 14751
1328 10574
1329 11298
1330 16182
1331 14216
1332 10872
1333 10591
1334 14903
1335 14778
1336 12279
1337 14931
1338 10337
1339 20391
1340 12621
1341 14515
1342 18085
1343 14171
1344 15114
1345 14767
1346 13475
1347 18202
1348 15043
1349 12164
1350 9388
1351 17436
1352 13157
1353 13047
1354 8278
1355 9071
1356 9867
1357 14468
1358 18382
1359 13004
1360 15180
1361 14362
1362 13776
1363 14019
1364 10521
1365 14439
1366 14626
1367 10818
1368 9580
1369 11250
1370 19067
1371 14548
1372 14888
1373 18903
1374 15485
1375 13103
1376 15020
1377 12282
1378 8443
1379 17312
1380 14401
1381 11335
1382 13828
1383 14994
1384 15802
1385 8352
1386 14777
1387 15064
1388 13526
1389 14879
1390 10395
1391 13881
1392 13551
1393 13416
1394 13248
1395 14169
1396 15000
1397 12228
1398 14229
1399 13696
1400 12663
1401 15342
1402 13658
1403 14504
1404 14937
1405 17137
1406 13850
1407 11369
1408 15461
1409 15036
1410 13849
1411 16433
1412 15156
1413 8950
1414 14391
1415 11137
1416 15582
1417 17196
1418 14240
1419 15040
1420 10088
1421 13649
1422 14523
1423 17724
1424 10747
1425 10976
1426 12331
1427 13396
1428 9783
1429 10976
1430 9059
1431 11034
1432 10924
1433 14257
1434 15503
1435 11942
1436 15160
1437 10915
1438 13765
1439 11933
1440 12284
1441 14241
1442 13704
1443 13668
1444 15567
1445 17116
1446 10032
1447 14476
1448 16366
1449 10505
1450 11387
1451 15341
1452 15222
1453 11382
1454 14604
1455 10301
1456 10906
1457 14079
1458 15914
1459 12778
1460 13713
1461 12160
1462 14168
1463 9797
1464 12250
1465 12583
1466 14353
1467 11781
1468 13351
1469 14845
1470 11977
1471 13758
1472 12427
1473 15069
1474 9941
1475 12410
1476 14903
1477 14053
1478 11011
1479 11249
1480 13596
1481 15547
1482 12243
1483 12533
1484 15509
1485 13496
1486 12049
1487 11070
1488 14697
1489 12437
1490 11763
1491 10678
1492 16209
1493 18710
1494 11959
1495 14737
1496 15241
1497 14367
1498 14555
1499 12458
1500 12347
1501 11624
1502 10825
1503 9800
1504 8638
1505 13180
1506 9739
1507 15240
1508 14124
1509 12966
1510 15100
1511 11342
1512 12950
1513 12978
1514 14913
1515 14620
1516 10142
1517 10278
1518 13102
1519 16681
1520 9791
1521 10228
1522 16179
1523 11857
1524 12914
1525 15558
1526 15629
1527 15264
1528 13383
1529 14688
1530 13222
1531 14514
1532 7140
1533 11221
1534 15383
1535 16171
1536 14404
1537 10609
1538 13449
1539 15529
1540 12153
1541 12665
1542 11505
1543 12567
1544 13424
1545 16885
1546 12201
1547 12211
1548 15331
1549 16525
1550 10611
1551 15825
1552 16350
1553 16529
1554 13309
1555 14311
1556 14009
1557 9917
1558 15335
1559 11369
1560 18129
1561 15622
1562 6745
1563 13721
1564 12807
1565 15149
1566 15153
1567 10353
1568 13123
1569 16657
1570 13108
1571 11774
1572 13718
1573 11153
1574 10195
1575 10158
1576 15449
1577 13885
1578 18211
1579 12134
1580 11430
1581 10622
1582 15487
1583 13547
1584 14388
1585 13561
1586 11971
1587 12664
1588 13756
1589 15105
1590 15061
1591 14099
1592 7629
1593 13259
1594 14516
1595 11977
1596 15653
1597 15949
1598 15713
1599 14743
1600 10996
1601 16396
1602 9484
1603 13584
1604 16109
1605 13027
1606 10735
1607 13721
1608 9571
1609 12687
1610 13286
1611 11745
1612 12634
1613 13256
1614 11747
1615 15386
1616 11079
1617 13526
1618 8518
1619 13147
1620 13874
1621 9550
1622 15973
1623 15283
1624 9371
1625 13668
1626 13237
1627 13960
1628 14785
1629 10708
1630 17731
1631 13252
1632 14169
1633 11506
1634 16088
1635 14908
1636 11969
1637 11397
1638 13803
1639 13202
1640 13182
1641 14089
1642 8289
1643 13105
1644 13386
1645 11790
1646 13939
1647 13845
1648 16080
1649 15543
1650 14242
1651 11742
1652 14373
1653 10081
1654 12408
1655 13815
1656 14938
1657 13111
1658 9141
1659 15029
1660 15298
1661 10699
1662 16754
1663 15269
1664 13537
1665 12708
1666 10275
1667 10797
1668 15391
1669 15745
1670 14581
1671 14092
1672 17828
1673 13889
1674 12212
1675 14033
1676 14683
1677 12681
1678 10166
1679 13964
1680 10809
1681 14580
1682 12716
1683 14882
1684 15350
1685 14674
1686 15695
1687 11605
1688 17537
1689 15189
1690 14797
1691 12193
1692 9720
1693 14306
1694 13570
1695 14013
1696 9580
1697 14031
1698 13399
1699 12028
1700 13777
1701 11612
1702 13221
1703 12953
1704 14985
1705 9230
1706 14242
1707 9742
1708 10623
1709 15568
1710 15932
1711 13765
1712 13947
1713 14729
1714 11683
1715 18354
1716 14469
1717 10334
1718 15457
1719 12598
1720 9953
1721 14799
1722 13482
1723 9935
1724 11861
1725 16857
1726 12047
1727 10910
1728 17401
1729 17264
1730 12513
1731 13335
1732 14812
1733 11126
1734 12149
1735 16501
1736 14503
1737 14489
1738 11697
1739 11522
1740 14471
1741 14445
1742 14143
1743 12548
1744 15412
1745 16528
1746 15243
1747 16215
1748 13600
1749 17870
1750 14446
1751 13167
1752 15317

0 18 20 7
0 159 1 3
0 512 26 6
0 709 13 2
0 870 50 9
0 1064 43 7
0 1136 48 1
0 1144 55 6
0 1285 60 6
0 1320 40 7
0 1612 39 10
1 18 23 9
1 363 37 13
1 709 45 13
1 1064 6 1
1 1106 36 15
1 1126 25 10
1 1144 48 5
1 1320 53 2
1 1598 32 11
2 3 58 3
2 18 9 11
2 709 29 5
2 930 33 4
2 1064 57 9
2 1133 33 8
2 1144 25 11
2 1320 28 12
3 20 8 13
3 410 58 4
3 442 51 14
3 596 17 7
3 604 29 6
3 655 49 15
3 851 37 2
3 1522 38 13
4 20 53 15
4 170 19 4
4 674 11 14
4 999 58 6
4 1436 56 2
4 1604 13 13
4 1617 42 15
5 50 15 14
5 69 56 5
5 351 21 3
5 403 30 10
5 820 37 3
5 1195 56 12
5 1558 4 3
5 1681 12 1
6 208 28 2
6 285 14 3
6 569 30 11
6 1564 2 9
6 1700 38 9
7 323 35 14
7 371 24 14
7 408 13 14
7 438 60 3
7 505 9 7
7 1217 3 3
8 331 38 15
8 617 16 3
8 1287 39 1
8 1294 55 13
9 653 7 14
9 726 8 14
9 762 11 2
9 835 14 4
9 1410 38 14
10 368 35 8
10 412 46 4
10 477 18 8
10 583 28 6
10 1188 30 6
10 1435 27 7
10 1497 12 13
11 169 26 15
11 383 18 9
11 630 19 13
11 792 44 13
11 1054 15 9
11 1165 7 13
11 1228 1 10
11 1573 30 8
11 1578 30 10
12 894 56 14
12 1265 20 4
12 1392 29 2
12 1542 50 2
13 53 36 2
13 86 21 9
13 164 32 8
13 382 44 12
13 867 24 10
13 937 27 9
13 1241 53 8
13 1322 7 7
13 1522 3 7
14 50 51 7
14 676 34 11
14 1659 51 11
15 33 23 14
15 54 33 14
15 346 55 1
15 982 39 14
15 1225 55 8
15 1298 59 11
15 1331 49 10
16 102 36 6
16 165 6 11
16 243 43 13
16 373 35 5
16 419 59 10
16 1082 27 1
16 1096 3 9
16 1307 10 14
16 1510 26 2
17 83 60 2
17 208 34 8
17 336 53 1
17 376 1 12
17 542 27 12
17 797 26 11
17 1479 50 1
19 148 28 8
19 551 21 8
19 629 22 6
19 883 29 8
20 64 11 5
20 144 11 6
20 648 28 1
20 739 7 12
20 759 40 7
20 1005 43 7
20 1020 38 11
20 1038 31 5
20 1196 3 8
21 200 57 10
21 367 8 12
21 510 15 12
21 932 5 1
21 1051 47 6
21 1221 28 9
21 1295 33 11
21 1308 9 15
21 1318 43 7
21 1417 34 9
21 1535 42 9
21 1607 47 4
21 1692 25 6
22 412 40 4
22 508 15 12
22 639 36 5
22 997 55 11
22 1028 23 3
22 1045 13 11
22 1475 31 4
22 1524 32 14
23 1066 40 2
23 1090 18 9
23 1165 17 7
23 1485 5 9
24 91 4 13
24 888 11 14
24 1210 58 14
24 1260 54 15
24 1502 42 9
24 1597 47 4
25 697 59 6
25 892 17 2
25 987 11 4
25 1069 48 7
25 1071 49 6
25 1480 2 1
26 186 56 8
26 1126 32 10
26 1396 40 15
27 406 9 3
27 740 32 2
27 820 55 12
27 1617 44 5
28 30 51 7
28 73 45 3
28 203 23 15
28 238 19 15
28 714 4 14
28 794 45 13
28 1213 38 4
28 1370 13 6
29 412 34 8
29 508 39 9
29 548 43 12
30 311 39 5
30 575 53 8
30 586 26 9
30 1136 21 12
30 1165 26 15
30 1244 41 2
30 1470 40 3
30 1660 8 14
31 309 8 2
31 556 34 4
31 613 35 10
31 731 51 11
31 1065 34 5
31 1415 29 1
31 1418 16 15
32 51 59 4
32 897 37 15
33 243 13 3
33 253 17 5
33 502 19 14
33 521 52 11
33 982 39 11
33 1151 49 8
33 1511 52 14
33 1707 23 12
34 159 23 3
34 588 1 15
34 610 28 8
34 872 58 14
34 1348 56 15
35 138 13 8
35 229 24 5
35 705 14 15
35 840 28 6
35 945 39 8
35 1570 55 4
36 413 27 13
36 435 48 4
36 668 13 1
36 1110 18 8
36 1432 21 7
36 1570 56 10
36 1617 53 12
37 417 30 3
38 97 11 3
38 1130 2 9
38 1311 20 3
38 1552 59 9
39 466 18 2
39 889 51 11
40 192 10 7
40 348 30 9
40 509 35 15
40 765 34 9
40 1116 4 4
40 1609 40 6
40 1746 46 5
41 144 32 11
41 379 39 8
41 1110 53 11
41 1503 19 5
42 287 26 9
42 371 58 6
42 697 15 5
42 1342 13 10
42 1711 38 11
43 159 59 14
43 598 35 11
43 773 13 4
43 977 19 3
43 1158 1 3
43 1272 24 9
43 1372 32 13
44 103 24 1
44 127 34 5
44 445 17 8
44 864 12 12
44 900 23 8
44 1254 31 6
45 503 43 3
45 510 22 10
45 548 21 4
45 662 43 14
45 998 12 15
45 1252 30 10
45 1342 22 8
46 79 39 1
46 161 40 11
46 548 5 4
46 1465 18 8
46 1554 17 1
46 1555 38 13
47 474 45 12
47 1719 55 4
48 431 16 10
48 595 5 5
48 686 25 8
48 759 12 13
48 1003 41 14
48 1672 31 13
48 1676 46 10
49 253 29 9
49 384 27 4
49 462 57 3
49 532 3 10
49 602 54 2
49 853 27 13
49 1117 38 15
49 1259 33 11
49 1545 60 9
50 91 49 14
50 483 7 10
50 1129 2 9
50 1175 15 4
50 1285 23 7
50 1293 39 5
51 599 17 14
51 743 27 9
51 1084 30 5
51 1350 11 12
51 1421 42 6
51 1486 45 8
52 479 47 10
52 611 12 10
52 739 31 1
52 740 51 15
52 1578 1 12
52 1737 18 13
53 241 60 2
53 1284 12 1
53 1352 41 6
53 1412 17 7
53 1547 42 10
53 1743 36 14
54 120 56 7
54 264 17 1
54 467 8 12
54 540 25 6
54 1217 52 15
54 1407 20 2
54 1670 45 13
55 166 43 10
55 336 23 14
55 548 20 15
55 1561 4 3
55 1571 47 3
55 1591 11 11
55 1691 21 15
56 527 53 11
56 788 5 1
56 971 35 6
57 139 1 7
57 149 35 13
57 456 2 11
57 760 24 12
57 865 13 13
57 1017 43 9
57 1187 45 14
57 1376 33 6
57 1468 20 4
57 1624 53 2
57 1712 5 1
58 281 5 7
58 391 29 4
58 595 8 1
58 892 13 14
58 1680 33 3
58 1702 34 1
59 144 3 7
59 171 38 6
59 789 21 8
59 793 54 12
59 812 59 12
59 896 24 14
59 971 17 8
59 1230 44 12
60 323 37 2
60 661 2 14
60 1180 52 6
60 1250 31 14
61 234 52 1
61 281 1 2
61 1321 51 15
61 1472 52 15
61 1723 26 2
62 203 57 12
62 394 35 9
62 817 26 4
62 971 4 13
62 1350 28 13
62 1555 51 7
63 592 14 2
63 997 17 5
63 1551 27 5
63 1614 60 14
64 353 47 9
64 777 11 11
64 930 10 11
64 1097 49 6
65 90 17 4
65 105 42 6
65 416 4 10
65 445 6 8
65 1283 19 10
65 1341 16 2
65 1493 43 1
66 71 14 10
66 688 33 15
66 971 5 9
66 1017 45 5
66 1109 27 3
66 1580 45 3
67 83 43 8
67 103 58 5
67 285 16 15
67 1120 45 4
67 1274 17 1
67 1479 28 15
68 894 54 14
68 1085 21 3
68 1284 19 4
68 1653 33 5
69 307 60 14
69 503 37 4
69 523 41 11
69 877 11 7
69 966 57 6
69 1390 58 9
69 1558 21 3
69 1624 59 10
69 1678 30 1
70 506 17 4
70 579 29 9
70 962 25 7
70 1007 34 1
70 1029 31 2
71 481 55 15
71 618 59 12
71 1038 55 8
71 1513 1 3
71 1674 9 10
72 248 52 5
72 488 10 5
72 1174 34 8
72 1436 5 9
72 1461 5 1
72 1625 47 6
72 1717 59 11
73 489 16 9
73 614 8 13
73 651 17 14
73 1431 35 6
74 231 32 7
74 962 44 2
74 1264 35 3
74 1500 34 7
75 516 10 6
75 1179 55 7
75 1692 23 12
76 158 48 2
76 735 1 5
76 862 2 6
76 1086 44 11
76 1554 1 3
76 1724 10 12
77 115 19 1
78 142 25 11
78 511 19 14
78 623 24 8
78 991 60 9
78 1215 30 4
78 1464 16 14
79 384 50 11
79 574 9 4
79 854 35 13
79 862 8 8
79 921 30 12
79 1158 25 6
79 1681 6 7
80 133 26 14
80 843 7 10
80 944 50 14
80 1308 3 15
80 1357 52 5
81 480 33 7
81 778 1 11
81 875 14 5
81 1193 41 11
81 1212 44 5
81 1622 3 15
82 710 2 7
82 810 44 13
82 1152 22 5
82 1279 22 4
82 1727 1 4
83 266 48 6
83 345 18 5
83 422 5 5
83 432 29 12
83 557 5 12
83 1047 5 3
83 1521 17 12
84 228 50 3
84 608 11 1
84 719 37 7
84 994 42 10
84 997 9 1
84 1247 47 1
84 1471 17 3
84 1556 37 7
85 235 34 11
85 358 10 10
85 749 33 8
85 946 27 6
85 1150 3 12
85 1396 17 7
85 1512 16 4
86 309 17 8
86 469 4 8
86 496 30 5
86 1353 21 14
86 1445 37 12
87 375 27 15
87 1525 23 6
87 1551 37 9
88 267 49 10
88 469 58 3
88 530 6 5
88 536 19 11
88 594 25 5
88 752 27 15
88 1195 9 6
88 1538 31 10
89 129 46 1
89 168 55 1
89 810 44 4
89 1077 49 8
89 1103 22 2
90 591 49 5
90 715 59 10
90 804 53 10
90 1214 11 8
91 263 43 8
91 598 6 8
91 842 19 14
91 1160 55 10
91 1388 7 6
91 1713 51 7
92 521 51 8
93 304 29 4
93 436 9 10
93 606 54 15
93 711 50 8
94 527 20 9
94 1249 57 15
94 1520 1 9
94 1700 48 8
95 270 24 12
95 280 19 5
95 379 1 3
95 673 2 5
95 938 3 15
95 1495 56 3
95 1693 3 11
95 1712 59 4
96 248 18 10
96 318 4 1
96 707 20 4
96 911 19 5
96 1050 33 7
96 1484 11 10
96 1688 42 1
97 389 57 12
97 611 21 11
98 799 38 7
98 979 33 7
98 1071 22 2
98 1335 35 10
98 1682 58 15
99 240 46 14
99 827 43 12
99 1105 54 7
99 1278 25 9
100 114 36 4
100 491 5 11
100 1154 4 12
100 1281 12 8
100 1414 15 15
100 1458 15 15
101 120 15 11
101 984 28 13
101 1707 18 13
102 158 57 3
102 360 20 2
102 571 42 6
102 695 4 15
102 1131 47 8
102 1205 49 12
102 1432 31 10
102 1439 3 2
103 183 59 12
103 580 45 5
103 639 16 7
103 902 17 2
103 951 9 12
103 1015 29 2
104 745 1 13
105 254 55 14
105 531 45 4
105 662 57 3
105 985 21 3
105 1029 43 2
105 1333 27 6
105 1573 46 4
105 1592 14 12
105 1668 6 9
105 1706 15 6
106 396 29 1
106 761 60 7
106 1085 22 13
106 1185 15 4
107 332 2 2
107 367 12 7
107 477 45 3
107 1399 5 11
108 191 11 1
108 208 39 1
108 736 59 10
108 778 31 5
108 1440 51 7
108 1556 2 7
108 1595 14 4
108 1694 11 14
109 284 55 11
109 335 32 14
109 814 18 14
109 934 44 5
109 960 29 6
109 1183 1 5
109 1497 10 12
109 1586 39 11
109 1605 34 11
110 174 21 6
110 628 42 11
110 797 12 13
110 1188 33 5
110 1693 18 11
111 195 2 5
111 471 39 13
111 1080 4 9
111 1148 5 8
111 1681 50 11
112 189 29 3
112 372 34 12
112 731 50 14
112 806 60 1
112 923 21 12
112 1040 8 5
112 1215 28 11
112 1366 55 5
112 1682 36 5
113 178 8 13
113 1090 12 11
113 1244 17 13
113 1312 25 6
113 1325 17 14
113 1475 54 14
113 1658 12 7
114 337 3 10
114 736 40 3
114 1154 23 15
114 1280 1 6
114 1456 22 14
114 1662 6 1
114 1696 42 15
114 1705 21 11
115 453 2 9
115 487 29 13
115 1018 43 15
115 1260 54 8
115 1439 28 3
115 1703 12 13
115 1704 3 6
116 207 2 2
116 220 1 4
116 256 15 11
116 511 34 6
116 655 24 11
116 1583 37 2
117 583 22 14
117 705 17 3
117 885 35 3
117 1415 60 14
117 1443 53 3
118 597 28 6
118 890 23 10
118 1048 60 2
118 1164 29 3
118 1318 15 12
118 1377 23 1
118 1449 26 7
118 1649 55 11
119 157 11 14
119 210 19 3
119 464 1 15
119 574 56 8
119 806 29 7
119 823 31 8
119 1114 58 9
119 1384 48 11
119 1535 42 5
119 1640 26 11
120 242 47 5
120 1036 17 6
120 1104 54 13
120 1157 31 2
120 1267 20 14
120 1362 51 1
121 645 26 4
121 772 34 4
121 776 21 2
121 1333 34 8
121 1509 11 11
121 1666 2 2
122 189 46 4
122 206 40 12
122 386 3 13
122 732 10 11
122 999 27 4
122 1021 32 1
122 1154 48 4
122 1381 58 6
122 1626 20 3
122 1667 58 10
122 1728 46 5
123 162 3 13
123 308 55 13
123 1363 60 5
123 1444 4 13
124 921 19 6
124 1657 19 7
125 459 33 11
125 665 3 8
125 895 58 11
125 1018 51 2
125 1186 49 15
125 1649 36 2
126 355 39 11
126 540 4 6
126 1209 36 14
126 1415 16 11
126 1657 6 13
127 365 39 7
127 1134 27 13
127 1246 18 9
128 541 36 9
128 721 18 1
128 1226 60 2
128 1578 47 10
128 1659 58 1
129 214 43 6
129 231 59 4
129 442 43 15
129 671 36 1
129 1225 42 14
129 1310 7 9
129 1434 16 13
129 1547 21 5
129 1610 20 2
130 288 40 3
130 471 21 2
130 1113 23 12
130 1206 26 11
130 1403 35 14
130 1493 53 2
130 1642 60 10
131 255 1 1
131 1060 23 1
131 1082 47 14
131 1315 42 7
132 210 43 5
132 496 55 1
132 730 25 15
132 756 24 4
132 875 42 12
132 1532 30 5
132 1680 48 9
133 397 57 2
133 1049 45 5
133 1274 30 11
133 1531 2 8
133 1535 2 2
133 1623 32 5
133 1651 13 4
133 1698 52 3
134 386 29 15
134 592 50 3
134 663 56 1
134 737 31 11
134 977 15 2
134 1610 46 12
135 357 31 2
135 738 23 4
135 772 48 12
135 890 33 9
135 967 51 10
135 1035 58 15
135 1672 50 12
135 1751 14 1
136 286 14 13
136 404 25 13
136 538 54 13
136 564 36 10
136 590 22 10
136 1534 46 3
136 1734 56 2
137 179 51 12
137 353 6 13
137 787 40 9
137 957 25 1
137 991 16 2
138 207 2 6
138 961 5 7
138 1226 52 13
139 165 9 9
139 460 12 11
139 475 56 13
139 867 19 4
139 871 56 6
139 900 25 1
139 956 13 6
139 1123 3 5
139 1322 18 11
140 167 16 9
140 337 11 11
140 513 57 8
140 624 49 9
140 1025 5 7
140 1255 49 2
140 1410 15 11
140 1429 40 1
141 596 22 9
141 838 36 6
141 1229 57 7
141 1293 4 1
141 1467 50 3
141 1625 28 2
142 652 38 6
142 912 32 8
142 1352 25 1
142 1452 38 11
142 1588 36 9
143 349 8 8
143 715 49 8
143 931 13 4
144 684 24 6
144 831 54 1
145 166 21 8
145 265 56 11
145 521 50 9
145 531 48 4
145 1097 21 14
145 1176 26 5
145 1186 27 9
146 396 4 1
146 1284 35 1
146 1450 58 15
146 1685 56 2
147 315 16 6
147 336 4 3
147 515 55 14
147 796 19 14
147 909 23 5
147 1364 5 5
148 217 48 2
148 667 24 9
149 539 5 14
149 981 30 3
149 992 18 12
149 1260 43 14
149 1673 20 4
150 320 14 14
150 385 40 2
150 692 41 15
150 1052 59 6
150 1727 57 13
151 576 34 9
152 383 21 6
152 470 7 11
152 480 54 1
152 653 42 7
152 711 15 2
152 929 48 6
152 1007 36 9
152 1078 24 15
153 537 51 4
153 848 4 6
153 1118 55 1
153 1463 32 2
153 1515 59 2
154 202 31 11
154 546 34 14
154 764 44 11
154 1058 34 7
154 1264 41 12
154 1548 53 15
154 1710 54 9
155 1609 51 10
156 280 45 15
156 298 12 15
156 434 22 8
156 642 19 12
156 699 12 4
156 863 58 9
156 964 56 7
156 1512 49 11
157 282 47 7
157 559 36 2
157 1444 43 8
158 248 14 9
158 704 12 6
158 706 29 7
158 752 2 4
158 893 6 5
158 1052 50 11
158 1098 57 4
158 1265 29 10
158 1338 26 11
158 1426 13 12
158 1749 16 14
159 711 20 14
159 1045 28 7
159 1410 9 3
159 1594 11 14
159 1711 49 6
160 557 12 10
160 631 24 8
160 1000 56 13
160 1043 53 5
161 300 32 5
161 360 32 10
161 518 35 1
161 519 10 13
161 598 23 10
161 737 43 15
161 1409 50 13
161 1587 3 15
162 315 44 4
162 418 15 9
162 446 52 7
162 460 37 6
162 856 19 15
162 1588 8 5
162 1603 44 4
162 1671 2 4
162 1731 19 15
163 303 3 13
163 426 25 3
163 529 9 13
163 768 3 7
163 1140 52 6
163 1460 3 7
164 224 15 13
164 427 41 12
164 493 27 8
164 1110 24 10
164 1265 2 6
164 1728 32 5
165 316 11 5
165 583 36 6
165 728 11 5
165 1086 6 9
166 406 37 5
166 476 41 12
166 574 9 9
166 633 10 9
166 939 4 5
166 943 49 3
166 1306 32 2
166 1504 3 15
166 1588 42 14
167 439 56 15
167 926 3 11
168 183 27 5
168 305 12 1
168 1045 38 7
168 1110 3 6
168 1272 18 5
168 1528 27 8
169 433 59 8
169 757 35 13
169 1160 5 11
169 1290 11 5
169 1361 10 15
169 1404 30 6
169 1725 39 2
170 909 51 9
170 993 36 14
170 1072 51 12
170 1465 15 11
171 311 18 10
171 648 7 1
171 830 1 1
171 1592 38 6
171 1628 10 10
171 1676 31 3
172 352 42 4
172 471 50 8
172 789 23 9
172 882 42 10
172 1461 41 3
172 1506 11 9
172 1618 9 8
173 629 44 8
173 1014 57 4
173 1210 59 3
175 439 52 5
175 700 10 2
175 1110 37 1
175 1272 39 4
176 316 30 12
176 981 4 5
176 1306 55 4
176 1559 51 10
177 437 16 13
177 481 15 1
177 1012 34 1
177 1319 50 2
178 407 39 9
178 464 26 5
178 779 8 12
179 471 28 4
179 543 6 5
179 762 14 5
179 791 7 8
179 1015 30 10
180 363 16 11
180 433 15 4
180 746 15 2
180 1092 44 11
180 1224 18 12
180 1413 46 13
180 1654 22 2
181 451 42 10
181 480 37 9
181 688 10 6
181 1356 21 4
182 186 15 1
182 196 50 2
182 444 30 6
182 774 31 11
182 1055 50 13
182 1290 12 10
182 1467 54 6
182 1562 25 13
183 288 57 10
183 970 5 14
183 1642 3 4
184 199 45 12
184 384 42 11
184 395 25 9
184 464 27 7
184 481 23 14
184 641 34 3
184 789 24 5
184 1163 41 7
184 1461 28 11
184 1586 31 3
185 220 40 12
185 423 19 8
185 519 13 9
185 591 15 3
185 711 30 5
185 976 11 5
186 340 38 7
186 1119 27 1
186 1121 35 1
186 1166 60 15
187 346 16 8
187 470 15 3
187 870 28 1
187 958 57 1
187 965 48 7
187 1336 18 14
187 1522 49 4
188 257 59 11
188 787 28 5
188 917 19 11
188 1578 53 6
188 1584 47 9
189 1585 52 2
190 286 14 13
190 545 2 9
190 556 58 15
190 1394 38 12
190 1607 48 13
190 1678 52 3
191 317 59 1
191 816 26 14
191 823 41 3
191 912 29 15
191 915 32 9
191 1403 28 13
191 1565 3 4
191 1632 39 2
192 200 25 11
192 273 44 5
192 376 41 11
192 520 20 13
192 874 43 9
192 885 28 2
192 1035 53 14
192 1703 48 4
193 631 15 10
193 1503 28 7
194 205 34 6
194 704 24 12
194 868 22 12
194 1393 32 1
194 1547 7 9
195 881 48 6
195 949 26 14
195 972 37 4
195 1274 15 1
195 1431 20 7
195 1484 48 3
195 1735 3 15
196 288 24 3
196 636 7 14
196 678 2 13
196 1306 48 15
196 1493 10 3
196 1531 33 5
197 539 30 9
197 1014 49 9
197 1181 51 9
197 1630 31 4
198 632 25 14
198 729 48 7
198 1008 6 7
198 1373 52 11
198 1509 9 12
198 1537 3 15
199 284 31 5
199 765 7 12
199 865 38 9
199 968 42 11
200 338 20 7
200 360 41 15
200 950 16 12
200 1175 47 14
200 1230 8 10
200 1334 12 15
200 1475 31 12
200 1719 11 1
201 620 49 1
201 1349 5 1
201 1711 21 1
202 688 23 8
202 993 10 1
202 1025 26 13
202 1374 12 3
203 602 17 3
203 989 9 3
203 1072 9 8
203 1435 41 2
203 1528 50 3
204 300 18 13
204 417 31 10
204 974 14 7
204 1139 26 2
204 1192 24 6
204 1536 59 4
205 361 20 7
205 384 34 3
205 634 22 7
205 689 33 15
205 793 7 4
205 816 29 6
205 1158 18 2
205 1485 38 2
205 1488 9 10
205 1577 36 1
205 1646 49 8
206 269 56 4
206 575 26 4
206 751 21 4
206 778 30 12
206 1125 10 4
206 1211 42 7
206 1316 58 13
206 1739 1 4
207 818 59 2
207 873 28 7
207 881 2 13
207 1236 53 4
208 594 54 10
208 647 10 5
208 662 19 11
208 986 56 3
208 1154 22 10
208 1216 57 14
208 1237 49 11
208 1570 46 9
208 1628 9 10
209 223 13 5
209 1008 16 14
209 1208 9 5
210 263 49 5
210 388 17 5
210 459 60 9
210 476 35 13
210 887 36 12
210 888 36 1
210 1050 57 9
210 1375 44 1
211 1298 39 15
211 1547 13 4
212 459 54 8
212 706 31 7
212 725 28 1
212 1606 21 9
213 305 11 1
213 307 12 7
213 761 26 5
213 1055 46 4
213 1291 6 12
213 1411 5 13
213 1515 24 7
213 1614 44 13
213 1751 21 13
214 317 26 6
214 335 4 12
214 1085 21 7
214 1390 21 15
214 1742 12 10
215 303 13 14
215 369 23 1
215 503 39 12
215 664 35 10
215 1512 5 10
216 404 23 9
216 550 5 13
216 1647 36 2
216 1674 52 1
217 242 34 11
217 531 6 14
217 1298 46 9
218 967 53 1
218 1068 43 13
218 1069 14 6
218 1103 49 8
218 1436 36 3
218 1450 15 13
219 371 16 7
219 833 28 11
219 1104 54 11
219 1164 14 8
219 1394 11 5
219 1733 59 5
220 355 50 10
220 550 33 3
220 800 45 4
220 976 51 11
220 1571 57 2
221 330 56 6
221 345 11 11
221 401 20 15
221 555 45 1
221 575 44 13
221 1566 32 8
221 1737 31 10
222 866 47 2
222 1106 5 6
222 1240 39 14
223 389 29 6
223 658 49 11
223 1067 57 4
223 1277 35 4
223 1552 23 14
223 1721 50 15
224 816 17 11
224 1024 38 5
224 1614 53 13
224 1686 25 4
225 231 59 1
225 321 55 14
225 407 4 3
225 1133 58 1
225 1308 54 12
225 1472 4 4
225 1592 48 2
225 1654 47 1
226 232 38 3
226 539 6 7
226 1740 25 7
227 566 2 7
227 749 19 15
227 767 52 6
227 852 32 10
227 978 5 15
227 1476 10 10
228 590 51 13
228 608 54 9
228 1010 9 2
228 1162 37 7
228 1164 26 3
228 1442 29 10
228 1719 18 4
229 1693 19 11
230 634 9 13
230 739 53 5
230 855 14 11
230 979 56 8
230 1008 52 7
231 702 41 10
231 736 32 5
231 765 29 8
231 1234 56 7
232 567 57 12
232 663 52 13
232 934 20 9
232 1051 24 2
232 1248 52 10
232 1289 35 6
232 1622 24 10
233 463 16 2
233 1027 35 6
233 1113 15 15
233 1145 44 9
234 458 10 14
234 531 6 4
234 1150 27 12
234 1478 29 1
234 1676 26 8
234 1717 2 3
235 688 29 6
235 774 32 7
235 872 17 13
235 879 55 9
235 1016 1 4
235 1687 10 1
236 586 51 7
236 1127 3 1
237 288 49 10
237 1104 12 11
237 1106 3 12
237 1301 27 3
237 1380 25 1
237 1454 29 6
237 1628 16 3
237 1715 35 5
238 335 46 5
238 936 25 9
238 982 33 15
238 1055 25 10
238 1106 53 9
238 1533 42 5
239 1271 46 11
239 1382 22 7
239 1717 28 8
240 356 7 10
240 357 45 6
240 543 32 3
240 774 4 9
240 1102 35 14
241 658 52 10
241 1001 59 9
241 1136 22 1
241 1727 42 13
242 326 45 9
242 894 12 13
242 916 56 1
242 1067 31 3
242 1303 58 3
242 1317 26 12
242 1398 52 15
242 1407 13 9
242 1451 42 10
242 1665 22 9
243 367 19 6
243 687 22 9
243 692 24 14
243 1043 57 6
243 1141 33 2
243 1446 24 2
243 1629 15 4
244 334 30 5
244 420 38 6
244 744 27 15
244 806 53 10
244 1153 24 6
244 1270 56 15
244 1379 58 14
244 1522 25 8
245 282 7 9
245 771 2 6
245 1541 48 7
245 1682 58 2
246 591 19 7
246 905 38 1
246 918 5 10
246 944 3 5
246 984 12 5
246 1151 41 11
246 1416 27 10
247 321 4 6
247 751 26 8
247 1123 16 8
247 1176 38 14
247 1271 2 13
247 1532 54 14
247 1716 13 8
248 778 2 12
248 1578 56 13
248 1628 22 15
249 639 50 13
249 1541 57 15
249 1744 20 11
250 322 59 15
250 374 22 9
250 687 9 12
250 993 3 10
250 1036 49 4
250 1057 19 13
250 1191 21 13
250 1247 53 3
250 1399 34 13
250 1439 56 10
250 1448 13 1
251 422 8 6
251 892 18 14
251 948 11 7
252 303 60 14
252 554 1 8
252 631 17 5
252 1024 15 10
252 1070 59 2
252 1479 26 12
253 472 48 8
253 798 6 6
253 1511 21 12
253 1576 56 14
254 929 31 3
254 1148 28 4
255 344 28 1
255 884 10 10
255 1451 16 6
256 311 24 5
256 939 28 11
256 1341 31 14
256 1697 37 14
257 771 41 8
257 1187 6 15
257 1265 39 9
257 1307 20 7
257 1623 53 8
258 305 12 10
258 369 21 14
258 463 3 12
258 1298 41 10
258 1377 49 13
258 1486 18 3
258 1583 8 8
259 954 18 14
259 1176 47 14
259 1270 54 13
259 1273 36 9
260 451 17 6
260 553 23 5
260 863 52 8
260 1019 5 5
260 1042 44 13
260 1375 59 5
260 1719 31 7
261 691 48 10
261 793 31 2
261 853 42 11
261 1285 50 9
261 1368 54 12
262 287 30 11
262 357 24 8
262 750 60 6
262 759 42 5
262 830 53 12
262 1172 43 1
262 1653 44 7
262 1670 15 4
263 495 4 3
263 578 26 9
264 1009 29 9
264 1110 47 4
264 1135 31 12
264 1639 12 4
264 1737 29 6
265 329 40 12
265 439 54 10
265 493 56 9
265 819 19 1
265 891 34 10
265 1019 16 6
265 1467 53 7
265 1505 23 9
266 286 29 15
266 409 49 15
266 730 51 14
266 1442 25 6
266 1655 25 2
267 458 37 3
267 501 39 12
267 576 58 4
267 697 56 15
267 812 5 8
267 869 7 9
267 916 27 11
267 934 46 14
267 1157 21 14
267 1246 33 13
267 1571 58 9
268 284 45 9
268 474 20 2
268 1168 49 1
268 1318 40 5
268 1728 55 15
269 335 13 15
269 1095 4 9
269 1285 37 3
269 1391 24 13
270 271 38 3
270 633 20 9
270 813 36 1
270 880 27 5
270 1152 59 14
270 1389 8 12
271 797 57 3
271 1453 18 4
271 1473 27 5
272 482 19 4
272 602 4 14
272 734 43 7
272 1026 38 14
272 1222 35 8
272 1482 55 13
273 288 21 13
273 355 60 9
273 478 2 10
273 1259 52 14
273 1335 25 2
273 1479 1 1
274 479 3 7
274 699 48 2
274 723 60 11
274 824 30 13
274 912 60 5
274 1039 30 3
274 1298 2 6
274 1538 11 2
275 485 15 5
275 568 20 12
275 1120 12 13
276 443 60 2
276 611 23 8
276 676 5 9
276 679 43 13
276 1164 38 2
276 1201 56 10
276 1690 34 4
277 591 38 5
277 657 29 5
277 1206 2 11
277 1567 45 12
277 1692 29 12
278 386 8 13
278 631 16 15
278 637 56 4
278 868 31 12
278 930 26 1
278 1058 55 1
278 1115 43 8
278 1401 23 15
279 388 6 15
279 747 27 5
279 1128 25 15
279 1170 50 9
279 1505 58 5
280 679 57 4
280 1232 13 12
280 1539 20 10
280 1565 2 4
280 1660 42 4
280 1750 57 7
281 540 38 12
281 1324 34 4
281 1496 25 4
281 1597 5 10
281 1699 29 7
282 358 28 2
282 386 2 10
282 781 19 5
282 1248 46 8
282 1420 41 13
283 568 14 9
283 597 1 1
283 924 36 2
283 993 45 15
283 1121 19 15
283 1246 47 8
284 326 55 15
284 638 49 11
284 1403 41 1
285 354 5 5
285 1293 30 6
286 434 56 13
286 476 52 7
286 1195 36 9
286 1228 38 8
286 1336 43 1
286 1553 54 11
287 708 14 5
288 387 53 9
288 388 15 12
288 860 9 6
288 910 36 7
288 1048 32 13
288 1164 36 1
288 1169 52 14
289 410 54 6
289 561 30 5
289 1162 39 10
289 1344 42 12
290 581 29 4
290 700 53 7
290 1183 52 11
291 468 43 1
291 1012 45 4
291 1436 7 7
292 872 28 10
292 1025 31 4
292 1205 11 11
292 1297 41 11
293 485 32 10
293 542 26 7
293 808 43 1
293 946 48 5
293 1212 38 3
293 1391 16 1
293 1567 48 14
294 721 52 1
294 728 32 2
294 1010 38 5
294 1040 56 3
294 1056 7 4
294 1091 3 14
295 565 33 2
295 607 27 15
295 974 44 5
296 798 50 10
296 1153 51 5
296 1343 36 5
296 1560 24 5
297 316 49 10
297 1018 25 12
297 1353 20 11
297 1643 49 14
298 361 54 7
298 770 39 3
298 1314 53 4
299 705 43 4
299 879 51 9
299 1674 49 2
300 1184 15 1
300 1509 4 9
300 1605 2 7
301 446 42 4
301 520 25 1
301 1237 28 1
301 1286 29 13
301 1287 31 11
301 1639 16 13
302 525 24 1
302 559 38 14
302 790 28 13
302 1009 54 11
302 1020 14 8
302 1121 36 13
302 1294 58 7
302 1321 5 3
302 1746 21 12
303 502 37 10
303 667 22 15
303 1140 33 12
303 1479 55 5
304 1513 33 15
305 386 6 12
305 577 51 3
305 726 48 7
305 1138 5 1
305 1179 19 10
305 1223 46 11
305 1306 4 6
305 1720 26 8
306 1072 53 4
306 1558 7 12
306 1627 43 4
307 478 48 5
307 502 55 3
307 701 17 2
307 775 50 4
307 1025 30 5
307 1058 11 3
307 1575 18 12
307 1589 46 3
308 506 46 1
309 669 20 6
309 821 24 10
309 843 12 1
309 849 5 13
309 1381 5 12
309 1649 29 1
309 1740 17 11
310 696 22 15
310 1391 41 1
310 1527 56 9
311 924 48 14
311 1646 34 7
311 1652 13 5
311 1683 53 13
311 1694 34 7
312 335 7 12
312 617 22 13
312 674 50 15
312 747 53 13
313 841 27 10
313 1382 34 1
313 1599 23 3
314 653 53 8
314 685 11 14
314 1355 32 13
314 1529 7 3
314 1568 52 13
315 761 35 5
315 1162 8 1
315 1365 45 13
315 1421 16 1
316 427 55 7
316 451 43 7
316 1049 50 10
316 1054 31 9
316 1125 37 1
316 1130 10 8
316 1318 26 6
317 1032 8 7
317 1253 13 12
317 1617 52 2
318 371 60 2
318 858 17 13
318 1358 57 14
318 1446 22 7
319 606 56 12
319 1110 39 2
319 1367 18 8
319 1687 21 10
320 807 23 5
320 1617 1 3
321 823 59 11
321 1124 15 9
321 1208 60 11
321 1719 11 1
322 656 19 15
322 945 41 5
322 1311 20 12
322 1394 45 5
322 1399 26 2
323 539 1 10
323 624 58 10
323 697 6 4
323 1054 4 1
323 1210 29 3
323 1298 50 15
323 1642 53 4
324 502 2 5
324 538 31 5
324 708 26 2
324 792 25 8
324 997 49 14
324 1081 24 5
324 1219 49 5
324 1258 12 1
324 1265 40 4
324 1281 36 9
324 1446 23 7
324 1690 33 15
325 567 54 12
325 743 54 12
325 1357 39 13
325 1535 30 3
326 404 12 7
326 631 18 15
326 873 37 13
326 1170 8 10
326 1283 43 8
326 1309 25 7
326 1653 55 5
326 1706 55 6
326 1734 20 1
327 726 39 2
327 816 57 5
327 1659 22 4
328 537 24 5
328 977 32 12
328 1291 21 13
328 1580 27 13
328 1692 42 2
329 692 38 11
329 956 28 13
329 1224 23 9
329 1362 16 8
329 1566 41 12
330 553 25 12
330 1713 46 7
331 520 16 14
331 968 37 12
331 1078 35 10
331 1428 58 5
331 1571 13 1
332 625 14 4
332 844 2 5
332 922 37 12
332 962 55 7
332 1602 22 7
332 1661 43 1
333 838 51 8
333 878 20 1
333 968 21 14
333 981 45 9
333 1039 22 11
333 1482 10 14
333 1494 46 9
333 1497 43 8
333 1530 35 7
333 1727 46 2
334 671 24 4
334 1041 43 1
334 1299 32 7
334 1581 30 6
334 1595 59 2
335 422 44 11
335 423 59 6
335 889 34 6
335 952 49 8
335 1309 1 3
335 1546 27 2
335 1648 38 5
336 356 57 6
336 869 10 14
336 903 42 10
336 1057 18 2
336 1073 19 12
336 1225 12 6
336 1281 21 6
337 444 6 3
337 517 21 12
337 1279 18 5
337 1280 38 7
338 627 53 13
338 634 29 13
338 671 9 8
339 605 22 13
339 1034 26 5
339 1131 37 10
339 1290 44 2
339 1655 47 8
340 554 35 14
340 914 34 11
340 1039 47 1
340 1293 57 4
340 1384 55 4
340 1561 26 2
341 1030 47 5
341 1107 21 15
341 1184 46 11
341 1336 11 2
341 1723 26 2
342 487 28 9
342 544 53 7
342 756 3 14
342 785 54 12
342 1029 22 11
342 1610 36 1
343 956 48 2
343 1301 39 6
343 1588 31 15
344 427 52 6
344 564 30 14
344 846 19 12
345 376 45 2
345 421 15 5
345 1018 52 12
345 1599 46 15
346 453 12 10
346 603 38 14
346 809 33 8
346 868 7 4
346 884 44 2
346 1034 20 7
346 1334 35 10
346 1477 31 5
347 359 18 11
347 507 15 1
347 519 40 5
347 971 1 3
347 1038 4 8
347 1472 4 1
348 622 25 10
348 640 50 13
348 658 43 3
348 671 54 10
348 887 23 7
348 1489 39 14
349 917 15 13
349 1029 8 13
349 1567 31 8
349 1603 49 13
350 410 15 6
350 922 23 2
350 973 29 7
350 1586 27 1
351 383 4 12
351 393 35 7
351 982 27 4
351 1020 48 1
351 1233 17 1
351 1355 51 13
351 1541 5 12
352 1516 20 10
352 1610 42 5
353 753 38 7
353 979 32 14
353 1118 52 15
353 1719 18 15
354 1335 26 13
354 1526 23 1
355 416 35 11
355 567 28 12
355 1644 21 7
356 470 47 13
356 515 37 7
356 731 51 10
356 1125 29 12
356 1259 55 13
356 1366 25 3
356 1543 37 4
356 1562 10 3
356 1572 52 2
357 461 31 1
357 483 13 11
357 1238 8 6
357 1511 32 8
358 664 10 11
358 765 12 11
358 770 54 7
359 1135 39 14
359 1395 41 13
359 1449 36 9
360 807 9 15
360 873 51 14
360 949 59 13
360 1050 34 3
360 1360 31 5
360 1447 10 6
360 1570 53 7
361 563 26 2
361 1043 55 6
361 1233 14 15
361 1367 8 5
361 1649 55 2
362 392 21 7
362 637 35 7
362 1053 31 6
362 1140 57 2
362 1336 35 6
362 1584 17 4
362 1597 8 11
363 711 43 4
363 922 6 14
363 1252 53 1
363 1658 49 14
363 1709 34 9
364 393 52 7
364 702 38 5
364 1260 42 11
364 1598 36 3
364 1665 6 15
364 1723 35 9
365 775 53 10
365 1541 1 10
365 1650 25 8
366 993 60 14
366 1015 11 6
366 1499 41 2
366 1506 55 5
366 1537 31 13
367 423 22 1
367 427 11 10
367 571 2 15
367 725 36 14
368 386 15 11
368 480 41 3
368 1040 11 5
368 1204 30 1
368 1609 51 4
369 416 21 3
369 779 8 5
369 799 19 7
369 811 24 11
369 953 40 12
369 1106 16 12
369 1443 51 2
370 398 54 14
370 948 4 2
370 1255 2 10
370 1734 10 11
371 485 30 8
371 501 59 9
371 1072 37 13
371 1160 27 6
371 1268 7 3
371 1488 25 9
371 1538 11 1
372 484 2 2
372 829 17 12
372 876 60 10
372 1543 11 9
372 1552 28 15
372 1663 38 5
373 414 11 12
374 820 32 9
374 1454 48 10
374 1678 19 8
375 459 1 4
375 553 20 10
375 736 48 15
375 917 25 15
375 1106 22 4
375 1178 34 9
376 434 47 6
376 1323 58 1
376 1482 32 14
377 975 29 3
378 423 44 3
378 860 52 14
378 1188 54 7
378 1716 51 7
379 442 19 4
379 515 9 12
379 674 18 15
379 1107 27 11
379 1109 27 11
379 1586 8 5
380 418 10 14
380 497 14 15
380 498 32 11
380 848 27 6
380 932 13 6
380 986 57 13
380 1348 2 15
380 1538 52 14
381 507 40 13
381 560 27 13
381 773 19 11
381 1523 49 9
382 584 38 5
382 1024 54 2
382 1160 14 11
382 1553 45 7
383 833 25 10
383 1056 23 14
383 1317 47 1
384 629 23 9
384 650 6 5
384 1249 33 10
384 1731 19 14
385 386 30 14
385 455 59 10
385 604 17 4
385 1258 46 5
385 1377 5 4
385 1478 1 6
385 1488 49 14
385 1580 50 9
386 776 50 1
386 849 6 4
386 1687 26 15
387 415 48 12
387 577 31 11
387 591 25 13
387 788 59 11
387 1595 54 11
388 573 53 3
388 802 12 4
389 574 22 11
389 596 23 10
389 1688 29 9
390 427 22 7
390 703 34 9
390 1026 43 2
390 1130 43 9
390 1689 20 10
391 479 55 14
391 496 50 4
391 791 40 1
391 1259 9 3
391 1463 39 4
392 658 16 9
392 769 11 14
392 810 31 5
392 893 52 1
392 1667 29 14
392 1686 43 11
392 1716 24 4
392 1730 56 8
393 397 43 11
393 468 58 3
393 878 50 14
393 1421 46 9
393 1435 7 15
394 1192 50 9
395 399 37 7
395 754 59 4
395 776 3 10
395 1122 25 10
395 1508 9 10
396 1678 50 11
396 1683 16 3
397 1530 18 8
397 1747 38 3
398 539 10 13
398 1036 24 2
398 1236 23 13
398 1451 59 8
398 1522 6 6
399 1043 2 13
399 1681 20 5
400 549 7 6
400 638 6 12
400 1509 18 5
401 620 11 2
401 742 52 1
401 997 14 3
401 1610 11 3
402 562 3 13
402 681 28 15
402 729 56 3
403 815 42 13
403 972 3 9
403 1208 28 12
403 1490 6 8
403 1726 30 15
403 1740 46 14
404 1230 21 6
404 1283 40 12
404 1450 55 8
404 1509 29 12
404 1570 57 1
404 1652 22 4
405 511 55 1
405 744 3 3
405 1142 23 5
405 1285 16 7
405 1505 45 7
406 508 10 3
406 580 46 11
406 1306 41 15
406 1427 45 5
407 973 40 13
407 1294 23 2
407 1388 10 13
407 1519 10 9
408 1401 49 15
408 1543 51 4
409 829 31 3
409 990 3 13
409 1413 2 15
409 1490 44 15
410 542 5 5
410 608 36 9
410 1239 11 5
410 1352 53 9
410 1708 56 11
411 921 55 7
411 1218 55 3
412 637 29 1
412 1232 47 15
412 1315 42 11
412 1367 57 4
412 1725 17 9
413 888 32 9
413 944 20 3
413 1281 27 4
413 1381 51 1
414 503 24 7
414 1256 8 11
414 1261 7 12
414 1416 34 1
414 1481 47 11
414 1570 58 6
414 1653 43 10
415 925 14 10
415 985 26 15
415 1409 23 6
415 1688 36 11
416 578 28 7
416 589 48 6
416 666 57 11
416 683 33 7
416 818 38 14
416 892 59 6
416 1440 26 12
417 421 32 11
417 621 9 4
417 830 48 7
417 1008 53 3
417 1242 50 2
417 1248 42 13
418 461 6 4
418 1117 7 2
418 1263 43 10
418 1626 20 6
419 790 48 13
419 1268 1 5
419 1668 59 5
420 468 38 4
420 581 42 5
420 598 60 6
420 673 28 5
420 1010 59 8
420 1393 59 7
420 1505 35 9
420 1708 58 11
421 704 43 5
421 815 22 5
421 1306 2 6
421 1414 17 5
421 1498 53 2
422 615 1 10
422 692 6 9
422 724 21 15
422 847 11 6
422 1243 21 8
422 1424 5 14
423 608 60 3
423 616 53 11
423 715 44 10
423 981 45 15
423 1015 7 1
423 1065 56 9
423 1608 30 14
424 928 21 6
424 1180 52 15
424 1369 7 3
424 1476 5 2
424 1653 16 6
424 1659 6 2
425 546 32 11
425 1165 33 9
425 1276 5 7
426 657 10 8
426 853 13 5
426 1073 39 4
426 1120 21 5
426 1322 52 7
426 1451 15 15
427 599 3 10
427 718 22 3
427 734 56 13
427 933 20 14
427 1021 54 8
427 1075 43 3
427 1093 56 3
427 1314 15 9
428 1160 18 13
428 1348 37 3
428 1454 9 10
428 1465 58 13
428 1572 39 12
429 619 57 1
429 730 52 15
429 1111 40 10
429 1156 48 1
429 1601 33 10
429 1660 30 4
430 800 53 15
430 943 37 10
430 987 4 1
430 1074 1 9
430 1394 16 9
430 1598 2 3
430 1639 28 4
431 502 27 5
431 1107 43 15
431 1138 23 13
432 496 14 14
432 660 13 14
432 827 34 11
432 967 11 7
432 1513 60 4
432 1606 50 1
432 1626 40 1
432 1646 54 8
433 1324 1 13
433 1694 9 6
434 1299 23 13
434 1420 16 2
435 675 14 2
435 1303 58 13
436 728 6 8
436 912 56 9
436 990 5 3
436 1072 60 15
436 1113 4 6
436 1246 6 13
436 1346 47 1
436 1501 8 15
436 1620 32 11
437 515 26 13
437 538 9 3
437 615 60 12
437 722 28 3
437 1326 23 4
437 1377 6 5
437 1691 54 3
438 1584 18 6
438 1640 30 1
439 910 43 8
439 1428 16 2
439 1601 54 4
440 997 1 9
440 1372 25 1
440 1696 59 4
441 451 2 5
441 549 50 15
441 639 1 10
442 658 44 6
442 836 22 11
442 1491 49 2
442 1668 33 7
443 879 57 6
443 1092 21 15
443 1117 15 5
444 627 49 3
444 859 4 12
444 1109 50 4
444 1140 41 2
444 1409 30 11
444 1676 27 5
445 544 11 9
445 635 48 9
445 705 4 10
445 1181 44 9
446 719 39 10
446 782 28 1
446 1207 44 12
446 1594 44 7
447 775 60 15
447 1102 47 11
447 1125 8 15
447 1446 34 2
447 1599 50 5
447 1678 42 6
448 484 54 3
448 759 48 9
448 833 17 5
448 1186 22 14
449 475 52 15
449 646 54 6
449 1142 40 2
449 1277 44 2
449 1513 23 9
449 1559 15 6
449 1669 4 7
450 820 42 8
450 1008 15 9
450 1138 33 10
450 1330 40 2
450 1396 38 15
451 615 56 8
451 1026 37 5
451 1249 7 3
451 1360 39 6
452 634 51 1
452 758 12 4
452 767 3 7
452 899 36 8
452 1038 5 13
452 1277 13 1
452 1407 49 12
452 1631 21 6
453 578 31 12
453 604 38 5
453 1056 56 11
453 1136 33 9
453 1363 29 7
453 1730 17 6
454 601 51 2
454 1093 7 6
454 1433 7 8
454 1448 49 7
455 643 55 1
455 974 30 11
455 1120 13 8
455 1356 1 12
456 815 52 5
456 1092 25 13
456 1156 23 4
456 1682 28 14
457 941 19 11
457 1000 41 12
457 1027 39 4
457 1366 7 4
458 635 37 5
458 805 19 12
458 1420 18 15
458 1618 2 15
458 1725 43 13
459 791 4 5
459 842 52 11
459 1407 35 15
459 1495 34 10
459 1584 41 5
459 1593 57 6
460 1228 60 12
461 1354 50 4
461 1479 26 12
461 1483 54 4
461 1589 31 14
462 1017 4 15
462 1625 49 5
463 522 16 13
463 757 6 11
463 806 60 10
463 862 60 4
463 939 22 7
463 1061 20 9
463 1194 58 9
463 1266 49 5
463 1401 27 2
463 1613 41 2
463 1620 32 6
463 1750 30 6
464 719 54 2
464 978 58 3
464 1445 6 6
464 1567 60 8
465 1500 26 13
465 1559 8 2
465 1749 58 1
466 524 53 8
466 1474 15 6
466 1519 49 14
466 1565 53 9
467 569 15 14
467 1539 8 9
467 1595 33 12
467 1600 42 5
468 649 15 10
468 1187 18 1
468 1224 44 15
468 1308 23 4
468 1417 58 12
468 1425 59 5
469 1243 25 7
469 1358 3 15
469 1642 8 3
470 1747 30 11
471 926 43 4
471 1004 31 3
471 1208 32 7
471 1715 33 5
472 486 48 14
472 724 31 15
472 830 48 8
472 1309 55 3
472 1539 26 2
473 810 41 8
473 973 27 10
473 1497 30 15
474 647 5 5
474 1426 15 13
474 1512 34 7
474 1615 57 9
474 1671 22 5
475 794 32 15
475 832 23 14
475 1171 47 7
475 1227 45 9
475 1316 49 5
475 1339 48 15
476 897 37 2
476 1118 20 9
476 1395 37 2
477 483 43 1
477 676 3 12
477 1255 22 8
477 1352 24 3
477 1729 11 11
477 1748 34 1
478 533 55 10
478 923 23 10
478 933 4 7
478 1519 20 7
479 1219 28 6
479 1341 38 8
479 1490 33 5
479 1577 47 14
479 1715 4 15
480 805 19 1
480 901 52 9
480 1167 14 15
480 1388 59 1
480 1563 25 2
480 1590 29 3
480 1648 58 11
481 498 59 6
481 1168 32 4
481 1539 53 14
482 588 59 12
482 980 58 1
482 1021 42 4
482 1058 39 12
482 1283 21 12
482 1500 41 2
483 970 7 3
483 1479 50 12
484 1103 26 15
484 1395 59 4
484 1620 54 14
484 1690 40 1
485 740 25 13
485 1526 15 8
485 1634 50 6
486 1107 21 1
486 1264 8 3
486 1368 3 6
486 1545 30 5
487 617 42 5
487 1253 16 15
488 1016 11 4
488 1025 38 4
488 1368 46 9
488 1412 51 2
488 1438 17 11
488 1529 4 14
489 644 7 4
489 743 21 14
490 1395 37 15
490 1575 4 12
491 680 40 1
491 827 25 6
491 1194 57 11
491 1294 45 5
491 1440 47 3
492 590 27 5
492 658 55 1
492 1188 35 15
492 1515 25 8
492 1577 18 7
493 511 20 2
494 575 46 1
494 1723 28 15
495 601 21 1
495 877 37 14
495 1406 29 13
495 1573 10 10
496 528 13 8
496 567 25 8
496 1049 12 4
497 545 49 15
497 1045 55 3
497 1084 25 7
497 1111 24 6
498 545 9 4
498 1665 14 10
499 548 48 14
499 750 1 7
499 824 44 11
499 976 49 10
499 1065 15 7
499 1123 47 5
499 1227 21 7
500 566 11 13
500 652 28 1
500 868 29 9
500 1005 35 4
500 1325 47 6
500 1409 24 15
501 773 5 10
501 921 22 9
501 994 19 3
502 787 42 11
502 854 17 10
502 860 52 1
502 907 25 9
502 1121 46 3
502 1564 47 6
502 1625 15 12
503 1180 24 8
503 1659 48 15
504 1362 24 6
504 1689 6 14
505 933 25 14
505 1120 27 9
505 1323 58 3
505 1445 14 10
505 1658 6 11
506 831 21 14
507 571 9 10
507 642 27 15
507 645 36 1
507 841 3 8
507 925 19 6
507 1160 25 13
507 1192 34 6
507 1473 54 8
507 1674 28 10
507 1717 10 6
508 571 57 10
508 879 54 8
508 1110 47 3
508 1136 46 9
508 1392 22 7
508 1552 7 15
509 572 55 2
509 668 15 3
509 893 34 15
509 1622 3 1
510 645 28 6
510 1171 43 3
510 1176 53 7
510 1464 34 8
510 1603 60 14
511 667 1 2
511 844 36 7
511 1268 30 14
511 1269 3 1
511 1466 30 8
511 1731 36 6
512 701 53 6
512 723 38 5
512 1096 49 8
512 1430 18 1
513 658 33 12
513 845 24 8
513 1350 11 1
513 1403 58 7
513 1467 14 3
514 613 57 6
514 803 57 13
514 964 10 15
514 1168 11 15
515 658 44 10
515 1341 54 14
515 1404 14 12
515 1440 23 15
515 1524 37 7
515 1529 43 2
516 668 14 14
516 1092 1 14
517 625 6 8
517 1303 33 14
517 1652 55 5
518 658 4 7
518 885 7 4
518 991 55 12
518 1153 13 7
518 1340 5 5
519 577 19 9
519 717 3 11
519 952 20 13
519 1283 37 10
519 1309 56 3
520 634 48 4
520 648 3 14
520 1139 49 8
520 1189 44 9
520 1525 37 5
520 1617 6 2
520 1677 49 11
521 639 57 8
521 1344 30 15
521 1384 25 9
521 1695 5 4
521 1699 29 4
522 591 44 8
522 629 57 4
522 1606 26 1
523 607 51 1
523 652 4 11
523 1241 52 3
523 1447 52 4
523 1747 29 4
524 650 3 5
524 761 44 3
524 817 6 2
524 822 37 5
524 1160 43 1
524 1230 51 10
524 1399 31 2
525 538 29 10
525 699 51 8
525 768 51 13
525 881 50 7
525 1330 54 14
526 555 31 11
526 579 58 8
526 1170 24 3
526 1172 25 8
527 588 46 7
527 970 54 2
527 1208 49 6
527 1249 15 4
527 1407 48 11
527 1741 9 9
528 645 24 15
528 689 52 8
528 923 16 8
528 929 15 3
528 1213 58 14
528 1222 60 15
528 1235 59 7
528 1287 27 5
528 1351 31 12
528 1363 4 11
530 764 43 7
530 1220 12 8
530 1638 51 13
531 632 49 8
531 904 44 7
531 1043 50 1
531 1055 54 2
531 1116 51 1
531 1346 49 9
532 1212 1 6
532 1223 60 5
533 580 53 8
533 944 37 6
533 1154 19 9
534 678 31 14
534 679 29 10
534 1416 12 1
534 1459 38 12
534 1598 51 3
534 1615 47 4
535 880 6 9
535 1103 34 8
535 1190 59 14
535 1197 23 9
536 745 41 12
536 872 16 12
536 1024 21 5
536 1175 36 13
536 1208 50 13
536 1468 56 10
536 1542 54 8
536 1553 20 13
537 752 39 5
537 792 4 2
537 1046 11 13
537 1153 52 12
537 1370 35 6
537 1601 21 11
537 1633 58 3
538 637 14 2
538 935 46 12
538 1573 25 14
539 557 52 10
539 673 19 7
539 944 14 11
539 986 42 10
539 1003 8 11
539 1104 44 1
539 1111 35 12
539 1446 56 12
539 1598 57 7
540 677 46 14
540 1083 10 2
540 1116 57 12
540 1519 18 15
540 1532 4 14
540 1653 38 6
541 865 53 5
541 1089 52 7
541 1121 10 11
541 1481 3 1
541 1582 44 6
542 826 42 14
542 870 1 9
542 1207 51 4
542 1327 27 5
542 1630 20 14
542 1697 25 15
543 767 55 13
543 1019 20 4
543 1138 6 7
543 1538 39 3
544 586 19 12
544 912 34 2
544 1168 34 4
545 609 36 15
545 807 53 11
545 932 13 3
545 1410 41 15
545 1548 29 10
546 1019 26 7
546 1048 25 11
546 1234 11 9
546 1310 19 2
546 1412 17 13
546 1548 31 8
546 1648 31 3
547 806 52 7
547 1624 26 11
548 684 34 13
548 930 41 5
548 975 8 7
548 1631 3 5
549 600 58 5
549 658 55 8
549 1017 5 2
549 1180 39 10
549 1257 2 8
549 1341 22 6
549 1474 13 1
550 586 23 2
550 927 16 3
550 965 28 3
550 1534 60 13
550 1645 6 9
551 556 33 3
551 735 58 11
551 769 11 5
551 1021 16 9
551 1079 34 1
551 1152 9 5
551 1260 30 11
551 1368 11 3
551 1434 39 14
552 691 9 14
552 905 35 5
552 1093 26 4
553 662 14 7
553 859 45 13
553 925 49 8
554 682 9 1
554 707 45 9
554 1043 59 6
554 1106 25 1
554 1150 50 13
554 1297 43 4
554 1637 3 3
555 734 29 3
555 1369 7 2
556 797 38 12
557 650 43 13
557 980 32 14
557 1146 41 11
558 618 45 13
558 638 36 12
558 1319 21 6
559 741 29 13
559 1109 5 12
559 1184 37 3
559 1549 23 10
559 1736 4 9
560 589 58 8
560 792 28 8
560 979 21 5
560 1158 17 6
560 1674 43 13
561 864 52 10
562 803 9 1
562 882 30 13
562 990 38 9
563 895 53 9
563 1231 30 3
563 1441 17 9
563 1624 55 14
564 726 49 12
564 808 15 2
564 863 59 13
564 908 49 4
564 935 38 2
564 1492 2 3
564 1508 11 3
564 1677 15 9
565 1025 44 13
565 1038 10 5
565 1077 35 11
565 1122 54 8
565 1163 32 6
565 1530 53 5
565 1597 55 13
566 581 2 14
566 604 57 11
566 640 24 11
566 1145 17 10
566 1215 53 9
566 1402 13 1
566 1422 53 4
567 697 33 14
567 718 44 8
567 1061 27 13
567 1249 23 7
568 737 7 6
568 1014 16 13
568 1183 21 7
568 1509 56 2
568 1597 44 2
569 855 41 3
569 1145 27 4
569 1355 40 7
569 1720 45 4
570 708 52 11
570 779 55 11
570 1015 52 13
570 1317 31 9
570 1358 11 9
570 1410 34 10
571 1306 44 1
571 1381 3 5
572 815 39 15
572 837 16 5
572 1340 12 2
573 750 16 5
573 796 30 12
573 1029 25 14
573 1215 13 8
574 903 40 1
574 1369 46 7
574 1531 19 3
575 641 6 15
575 756 46 14
575 948 23 8
575 980 30 5
576 1123 26 7
576 1222 21 7
576 1313 21 15
577 684 45 9
577 971 5 13
577 1129 46 9
577 1540 56 6
577 1587 25 7
577 1726 20 7
578 860 23 4
578 1039 44 5
578 1363 53 14
579 920 48 6
580 1096 60 8
580 1748 49 12
581 677 21 12
581 684 45 5
581 771 53 14
581 1141 44 13
581 1256 45 5
582 638 55 14
582 740 10 8
582 959 3 2
582 1229 21 15
583 876 27 6
583 972 33 6
583 1065 60 6
583 1201 51 12
583 1203 54 1
583 1294 27 2
584 726 11 3
584 1253 36 12
584 1671 40 5
585 677 26 1
585 775 47 3
585 836 6 5
585 1191 50 14
586 1198 12 8
586 1249 20 9
586 1250 41 6
587 636 56 3
587 701 48 7
587 823 7 10
587 1048 9 5
587 1293 57 12
587 1697 29 4
588 710 51 10
588 1182 58 8
589 792 9 7
589 923 5 5
590 1035 27 4
590 1092 29 6
590 1393 26 13
590 1511 4 4
590 1516 25 7
590 1738 9 14
591 1720 46 9
592 643 38 10
592 1269 3 9
592 1291 10 14
592 1557 12 5
592 1612 5 15
593 680 39 10
593 698 37 15
593 743 10 5
593 758 35 7
593 782 53 8
593 928 8 12
593 960 56 5
593 1239 13 15
593 1746 30 10
594 675 2 5
595 857 57 2
595 895 27 13
595 1076 59 7
595 1130 60 5
595 1349 14 9
595 1708 42 15
596 1066 6 11
596 1151 43 15
596 1158 31 1
596 1629 2 13
597 1007 60 4
598 842 33 1
598 1221 6 15
598 1317 48 8
598 1649 50 10
598 1650 40 9
598 1708 3 13
599 1498 1 1
599 1685 6 1
600 626 42 11
600 1232 37 14
600 1486 5 4
600 1587 45 2
601 808 8 1
601 1370 1 5
601 1685 50 1
602 729 39 9
602 889 9 10
602 988 44 6
602 1194 48 4
602 1198 18 15
603 726 20 9
603 894 22 12
603 916 32 12
603 1311 56 8
603 1425 56 4
603 1459 56 14
603 1610 50 3
603 1716 52 10
604 1421 18 8
604 1638 27 1
605 735 21 7
605 867 6 3
605 913 55 13
605 937 10 15
605 1260 45 2
605 1632 51 13
606 1005 49 3
606 1173 48 11
606 1242 39 4
606 1254 26 6
606 1257 41 4
606 1485 18 6
606 1503 19 15
606 1558 60 12
607 680 46 12
607 806 8 9
607 874 3 5
607 1204 16 2
607 1435 1 14
607 1491 46 10
607 1604 57 5
607 1661 17 15
607 1710 13 1
607 1729 5 6
608 718 51 1
608 745 16 9
608 1408 51 4
608 1540 3 7
609 954 36 1
609 1119 8 15
609 1151 43 15
609 1175 51 15
609 1287 40 15
609 1309 4 7
609 1373 30 4
609 1648 20 1
609 1676 50 8
610 797 23 11
610 1260 18 4
611 814 44 7
611 978 50 3
611 1374 29 15
611 1470 35 9
611 1484 38 15
611 1567 20 4
611 1654 49 13
612 969 24 9
612 1123 41 2
612 1208 18 11
612 1328 11 9
612 1360 10 14
613 648 55 2
613 698 31 10
613 759 41 3
613 1261 15 11
614 707 15 14
614 961 32 15
614 1037 30 5
614 1066 21 2
614 1105 42 2
614 1355 51 6
614 1568 58 7
615 1092 8 6
615 1748 46 10
616 683 18 7
616 949 1 15
616 1747 9 13
617 995 20 5
617 1244 38 13
617 1417 28 1
618 877 9 14
618 1214 54 15
619 923 1 3
619 1284 8 5
619 1709 34 5
620 1400 26 1
620 1415 12 8
621 985 4 10
621 1104 46 5
621 1516 13 8
623 1106 2 5
623 1646 13 8
624 904 15 10
625 741 49 2
626 737 5 7
626 853 58 9
626 1273 2 4
626 1457 23 11
627 1010 50 5
627 1078 25 8
627 1282 59 15
628 1033 19 9
628 1097 8 15
628 1682 6 9
628 1721 23 2
629 741 18 10
629 822 9 7
629 1276 19 10
629 1403 19 3
629 1626 48 3
630 694 56 7
630 1121 23 14
630 1430 51 5
631 777 41 12
631 959 27 4
631 1211 28 7
631 1340 16 3
631 1641 52 3
631 1744 51 9
632 785 2 13
632 1235 36 9
632 1700 59 11
633 648 42 12
633 650 4 7
633 1097 59 15
633 1386 31 9
633 1392 25 15
633 1396 3 4
634 1093 17 8
634 1511 22 8
634 1622 16 4
634 1709 13 8
635 1177 8 4
635 1191 22 3
635 1532 46 3
635 1622 34 7
636 663 12 8
636 684 15 2
636 895 40 10
636 1071 16 2
637 983 44 13
637 1194 58 10
637 1324 33 10
637 1727 35 12
638 749 42 7
638 1176 50 6
638 1398 49 12
638 1473 31 3
638 1506 2 11
639 794 53 14
639 1003 33 15
639 1221 16 15
639 1265 46 3
639 1481 37 13
639 1686 46 1
640 987 50 5
640 1653 8 12
640 1683 27 3
641 715 59 14
641 1027 45 6
641 1507 33 15
642 1091 23 5
642 1432 5 1
643 1559 30 2
644 866 49 10
644 887 57 15
644 1053 46 14
644 1306 25 15
644 1624 40 12
645 719 2 7
645 1124 37 4
645 1242 34 7
645 1391 8 10
646 877 51 12
646 1618 32 14
646 1741 56 13
647 854 19 15
647 985 29 11
647 1060 32 1
647 1332 17 11
648 820 45 12
648 1242 8 5
649 704 6 8
649 723 59 6
649 1119 28 8
649 1204 58 5
649 1212 36 4
649 1296 40 7
649 1594 38 6
649 1685 44 14
650 654 55 7
650 989 52 11
650 1208 34 3
651 952 1 9
651 1119 19 9
651 1174 10 12
652 757 45 3
652 770 42 11
652 787 23 2
652 886 6 6
652 1027 23 5
652 1098 58 1
653 1028 53 7
653 1308 28 13
654 1032 53 3
654 1049 27 3
655 734 27 2
655 789 45 8
655 1168 18 15
655 1607 57 11
655 1738 41 4
656 1106 13 13
656 1737 48 7
657 1211 36 14
657 1555 58 14
658 1066 41 2
658 1155 1 13
658 1304 21 9
659 1201 36 8
659 1242 6 14
660 729 29 4
660 812 22 11
660 878 15 3
660 929 23 7
660 978 3 6
660 1063 36 12
660 1261 8 15
660 1326 38 1
660 1587 52 15
661 813 57 7
661 1086 59 15
662 1229 45 12
662 1543 16 6
662 1571 54 3
663 1089 40 6
663 1339 33 5
663 1504 28 15
663 1564 46 5
664 1332 26 8
664 1396 36 9
664 1574 39 11
665 947 45 10
665 989 39 13
665 1116 5 11
665 1180 36 1
665 1297 33 12
666 1041 3 2
666 1147 54 9
666 1259 29 12
666 1470 30 4
667 812 44 5
667 855 58 15
668 821 10 4
668 1148 36 7
668 1235 6 12
668 1705 3 4
669 1294 18 7
669 1386 9 14
669 1686 41 9
670 873 50 5
670 1175 51 12
670 1288 46 14
670 1301 55 13
670 1339 12 13
670 1392 21 7
670 1673 10 6
671 1093 59 1
671 1198 22 15
671 1232 55 7
671 1485 56 8
671 1725 57 10
672 832 14 13
672 1245 21 5
672 1328 51 10
672 1582 39 13
672 1587 39 13
673 741 29 12
673 1230 38 9
673 1620 35 5
673 1634 3 2
674 828 60 3
674 857 18 15
674 899 16 2
674 1170 39 13
674 1281 11 9
674 1290 32 14
674 1292 35 15
675 1271 46 2
675 1652 16 3
676 734 3 11
676 1174 48 14
677 741 7 4
677 900 6 11
677 1074 57 4
677 1227 30 6
677 1256 18 5
677 1672 56 5
678 800 34 5
678 976 18 2
678 1037 43 7
678 1154 3 15
679 786 2 1
679 1026 44 6
679 1353 39 14
679 1412 7 12
679 1510 11 10
679 1524 17 8
680 1133 36 12
680 1355 26 8
680 1390 9 13
680 1466 1 8
680 1517 44 10
681 950 14 4
681 1199 54 8
681 1311 36 11
681 1355 40 1
681 1506 6 3
682 826 28 6
682 1483 4 1
682 1663 60 14
683 848 14 2
683 963 13 9
683 1042 6 3
683 1155 18 3
683 1417 36 14
683 1441 52 13
683 1577 41 8
683 1578 34 2
683 1598 58 3
684 1553 44 7
685 769 54 13
685 780 23 8
685 1143 30 10
685 1158 19 14
686 944 55 4
686 1051 7 1
686 1213 53 2
686 1610 53 1
687 712 32 10
687 1199 37 6
687 1285 44 6
687 1514 47 1
688 690 48 9
688 714 47 14
688 1180 39 11
688 1727 15 14
689 695 8 1
689 714 31 7
689 891 47 13
689 1075 22 13
689 1430 54 9
689 1589 53 7
689 1644 16 10
690 1098 30 8
690 1178 60 14
690 1267 20 9
690 1486 43 9
690 1646 42 8
691 1211 18 12
691 1339 52 9
691 1706 35 12
692 1452 19 14
692 1619 41 11
693 937 39 9
693 1217 54 3
693 1561 32 15
694 743 13 13
694 1555 10 10
695 856 10 5
695 920 59 10
695 927 47 8
695 938 56 1
695 1057 13 13
695 1233 53 2
695 1730 52 2
696 892 2 4
696 1282 51 2
697 739 16 15
697 1019 56 14
698 878 30 1
698 1353 17 9
698 1383 26 4
698 1654 7 15
699 1164 51 10
699 1555 46 13
700 1009 48 7
700 1583 36 6
700 1651 31 3
700 1750 35 14
701 877 9 2
701 1447 41 2
701 1643 44 14
702 837 51 15
702 1348 46 9
702 1374 57 14
702 1562 31 6
703 1180 22 7
703 1223 47 9
703 1455 54 15
703 1630 8 3
704 1111 19 7
704 1216 4 13
704 1485 33 2
705 1080 8 13
705 1275 53 13
705 1478 32 7
706 734 44 15
706 853 6 6
706 978 10 14
706 1146 46 4
706 1252 38 1
706 1461 17 4
706 1536 48 1
706 1715 43 14
707 1254 13 14
707 1326 16 3
708 786 29 7
708 850 56 9
708 1166 14 7
708 1281 38 12
708 1374 12 5
708 1599 33 2
710 1431 4 12
710 1602 35 3
711 772 22 4
711 1200 54 6
711 1303 55 11
712 1296 40 6
712 1439 19 13
713 725 36 6
713 828 55 1
713 1327 16 2
713 1345 58 3
713 1411 3 14
713 1668 36 12
714 1378 31 14
714 1646 60 10
715 729 27 4
715 844 33 5
715 1037 53 12
716 1656 22 10
716 1734 5 4
717 1155 5 15
717 1302 6 15
717 1627 59 15
718 1054 7 9
718 1635 12 4
718 1694 30 8
719 740 36 9
719 1203 51 13
719 1480 33 9
719 1656 60 6
720 1401 35 13
720 1604 25 10
720 1745 57 3
721 1103 14 13
721 1469 36 11
721 1634 35 5
722 919 26 12
722 1108 17 7
722 1594 15 13
724 800 42 2
724 806 59 5
724 848 22 5
724 1685 49 15
726 863 54 13
726 1203 55 10
726 1668 33 5
726 1692 60 12
726 1702 4 2
727 1479 28 10
727 1594 54 3
728 1605 13 14
729 805 49 4
729 825 8 6
729 1000 20 15
729 1092 39 1
729 1133 48 5
729 1568 10 9
730 909 23 4
730 1194 3 2
730 1570 44 5
731 969 35 7
731 1150 2 1
731 1311 15 10
731 1457 17 2
731 1655 29 2
731 1679 40 13
732 1561 11 4
733 852 48 6
733 977 15 5
733 1641 5 9
734 933 38 4
734 1131 17 15
734 1609 2 8
734 1667 56 15
735 944 9 6
735 948 33 12
735 989 3 8
736 1344 33 2
736 1512 30 10
736 1610 6 1
736 1646 52 6
737 739 5 10
737 788 21 2
737 884 22 3
737 910 51 2
737 1198 59 1
737 1220 24 5
738 1039 27 1
739 1184 59 6
739 1489 31 7
740 1029 39 4
740 1031 54 1
740 1115 16 9
740 1165 34 2
740 1338 55 6
741 932 33 10
741 1435 31 10
741 1609 27 1
741 1613 29 8
742 1210 17 13
742 1236 13 2
742 1697 10 7
743 977 60 14
743 1007 34 7
743 1193 25 10
743 1221 35 10
743 1268 24 8
743 1353 47 7
743 1450 51 2
745 1226 55 3
746 1574 24 12
747 1214 37 7
747 1264 26 1
748 972 27 14
748 1321 14 11
748 1593 44 1
748 1655 15 9
749 1170 25 7
749 1496 19 13
750 823 23 14
750 1009 49 9
750 1041 29 9
750 1135 19 9
750 1286 54 9
750 1471 22 12
751 1575 5 3
752 885 43 13
752 1527 15 10
752 1582 48 10
752 1590 57 6
752 1674 56 8
752 1729 5 13
753 864 55 11
753 1239 13 15
753 1504 26 10
753 1564 27 4
753 1655 34 5
754 955 34 10
754 1275 20 8
754 1629 45 5
755 949 32 3
755 1606 16 5
756 909 6 4
756 1161 8 9
756 1379 15 13
757 1460 45 4
758 1210 26 1
758 1445 59 14
758 1705 58 2
759 1148 49 10
759 1204 21 11
759 1298 21 1
759 1364 23 11
760 764 23 9
760 1003 53 1
760 1071 44 12
760 1170 29 14
761 792 3 4
761 1155 24 9
761 1571 54 3
761 1582 49 1
761 1639 26 5
762 1015 24 10
762 1017 19 1
762 1579 32 9
763 1025 16 14
763 1167 29 14
763 1217 18 11
763 1528 25 7
763 1602 40 10
764 1166 39 13
765 1235 22 11
766 1191 43 10
766 1197 17 13
767 994 23 12
767 1246 51 2
767 1336 7 14
767 1357 17 14
767 1435 4 14
767 1480 58 1
768 963 56 15
768 1161 40 4
768 1238 59 14
770 845 56 13
770 1544 1 14
770 1576 18 1
770 1654 54 1
771 863 25 6
771 970 2 14
771 1264 21 8
771 1395 53 13
771 1552 8 6
771 1704 26 1
772 1065 30 15
773 1043 3 9
773 1153 42 9
773 1370 37 2
773 1535 41 2
774 844 24 2
774 1104 16 8
774 1225 44 10
774 1234 3 14
774 1366 47 14
775 798 43 6
775 1022 14 9
775 1108 49 4
776 916 59 3
776 946 47 5
776 1270 11 2
776 1448 10 8
776 1564 21 7
777 1290 40 5
777 1360 24 7
777 1437 3 1
777 1445 30 6
777 1586 25 3
778 1110 1 9
778 1400 1 15
779 855 37 11
779 982 43 13
780 924 35 13
780 1076 42 5
780 1569 5 3
781 1000 20 13
781 1249 26 11
782 1251 36 2
782 1442 47 1
782 1606 5 12
782 1668 53 2
783 856 44 1
783 1139 43 9
783 1646 4 10
783 1733 33 15
784 1032 38 12
784 1100 45 7
784 1156 52 7
784 1187 50 5
784 1408 41 1
785 849 16 3
785 1106 44 3
785 1148 31 12
785 1723 26 15
786 866 38 5
786 990 54 10
786 1442 27 11
787 1074 53 12
787 1092 48 15
788 907 18 13
788 1131 44 1
789 1191 19 9
790 1456 19 10
790 1666 50 7
791 1562 28 7
792 1018 51 13
792 1136 21 12
792 1169 56 6
792 1638 48 8
793 1039 27 2
793 1386 58 2
793 1481 52 12
793 1613 11 6
793 1652 38 1
793 1700 49 8
794 923 50 9
794 1055 45 1
794 1229 48 1
794 1655 40 15
794 1682 38 6
795 872 15 10
795 1173 18 6
795 1218 4 11
795 1498 45 8
795 1696 51 12
796 1082 59 9
796 1532 22 9
797 1018 35 6
798 1200 17 1
798 1208 34 6
798 1467 16 13
798 1474 56 6
799 902 40 11
799 1257 16 3
799 1286 3 8
799 1333 14 13
799 1399 8 11
799 1645 23 7
799 1695 39 14
800 867 10 2
800 1102 34 1
800 1220 36 7
800 1326 58 3
800 1603 29 4
801 815 55 15
801 839 24 3
801 887 5 9
801 930 44 8
801 1220 9 1
801 1464 17 2
802 1328 40 14
803 810 38 8
803 1324 56 7
803 1670 21 12
803 1699 10 8
804 939 36 13
804 1001 33 8
804 1557 37 10
804 1746 47 7
806 1236 12 6
806 1458 9 1
807 1071 59 3
807 1141 24 13
807 1494 44 6
807 1516 28 15
807 1638 50 7
808 865 34 11
808 887 2 6
808 997 20 15
808 1039 4 7
808 1222 3 11
808 1303 29 5
808 1730 25 6
809 1288 9 13
810 950 9 6
810 1693 23 14
811 815 17 3
811 870 50 4
811 1174 38 3
811 1219 26 2
813 918 29 6
813 1065 50 10
813 1211 45 8
813 1477 36 6
813 1501 27 9
813 1502 41 10
813 1609 41 2
814 840 39 12
814 1304 35 15
814 1649 28 15
815 847 1 6
815 853 18 2
815 1084 52 6
815 1115 38 8
815 1392 7 11
815 1513 5 13
816 1281 22 14
816 1334 34 10
816 1723 5 12
817 1024 40 7
817 1660 15 10
818 997 30 11
818 1089 11 8
818 1407 59 10
819 956 46 7
820 1382 45 13
821 1207 40 3
821 1427 57 12
821 1471 5 3
822 1025 39 7
822 1310 21 13
822 1498 47 14
823 966 59 10
823 1071 26 2
823 1209 16 8
823 1420 36 9
824 1392 6 2
824 1441 42 12
824 1457 52 9
824 1461 43 6
824 1628 48 12
824 1696 53 12
825 893 5 5
825 912 44 12
825 1600 40 5
825 1652 8 14
825 1701 26 13
826 849 15 15
826 1099 50 7
826 1175 30 11
826 1272 13 4
826 1558 4 6
827 854 58 12
828 994 32 12
828 1120 38 15
828 1184 42 10
828 1681 17 10
829 840 31 15
829 1213 41 2
829 1215 33 8
829 1308 48 15
829 1453 45 11
830 863 34 1
830 890 25 13
830 979 17 13
830 1190 26 9
830 1328 37 15
830 1362 3 5
830 1474 60 7
831 986 32 12
831 1226 41 6
831 1293 30 4
831 1658 18 5
832 1010 13 9
833 915 55 1
833 1001 8 13
833 1090 3 1
833 1459 31 12
833 1482 32 3
833 1608 12 12
834 1273 44 5
834 1419 26 5
835 1530 32 2
835 1546 14 5
835 1601 30 14
835 1747 5 9
836 1210 19 15
837 916 50 4
837 1057 34 10
837 1683 20 7
838 940 57 12
838 1020 25 15
838 1238 42 15
838 1430 37 2
838 1621 27 4
839 1654 4 9
840 855 46 2
841 1539 29 14
842 1236 10 4
842 1393 20 15
843 896 3 13
843 1164 11 3
843 1233 49 15
843 1692 55 6
844 929 37 3
844 1030 51 10
844 1051 55 12
845 1523 12 8
845 1714 38 6
846 962 9 11
846 1603 53 2
846 1747 49 9
848 884 50 15
848 1085 40 14
849 1175 25 7
849 1288 38 9
850 1302 2 14
850 1439 51 5
851 922 33 7
851 1055 45 8
851 1666 57 5
852 1251 28 11
852 1284 13 14
852 1304 31 1
852 1474 53 10
852 1482 24 10
853 953 53 8
853 1151 47 12
854 926 26 13
854 982 56 14
854 1361 24 3
854 1681 15 10
855 1297 60 7
855 1302 15 8
856 893 52 3
856 972 51 10
856 1603 11 8
857 1302 35 11
858 902 19 7
858 905 33 8
858 924 48 8
858 1050 22 12
858 1183 3 10
858 1731 1 4
859 1212 8 14
859 1541 45 3
859 1670 28 7
860 913 22 3
860 1218 47 4
860 1477 60 15
860 1663 30 12
861 874 46 1
861 883 36 4
861 1266 48 8
861 1342 14 7
862 1705 20 15
863 1526 6 12
864 946 43 6
864 1721 3 7
865 1080 32 12
866 901 52 15
866 1444 8 2
866 1514 53 15
866 1710 6 4
867 1072 5 9
867 1080 33 2
867 1150 8 15
867 1259 42 2
867 1665 10 7
868 885 3 13
868 1711 46 15
869 1060 53 3
869 1125 1 15
869 1325 20 10
869 1571 5 13
869 1665 14 14
870 947 4 1
871 1105 26 9
871 1337 58 3
871 1351 20 11
871 1727 54 5
872 966 39 12
872 1047 41 9
873 1004 29 5
873 1094 55 15
873 1192 32 3
873 1404 52 3
873 1528 50 11
873 1545 42 12
874 1267 54 7
874 1433 1 8
875 1241 25 14
875 1546 9 4
876 1426 30 12
876 1443 18 8
877 1386 31 1
878 906 8 5
878 1142 11 12
878 1151 5 1
878 1214 30 6
878 1463 3 10
878 1575 13 9
878 1576 6 13
878 1625 13 12
879 1294 1 12
879 1631 14 6
879 1632 41 10
879 1747 44 11
879 1750 31 4
880 1303 48 2
880 1484 51 10
880 1567 7 14
880 1668 52 4
881 1231 51 7
881 1301 27 6
881 1495 15 13
882 1019 22 1
882 1176 46 1
887 1073 28 3
887 1316 5 9
887 1378 8 4
887 1589 14 15
887 1591 19 11
887 1637 11 9
888 1200 36 3
888 1225 26 2
890 1161 16 6
890 1303 3 15
890 1585 52 5
891 1035 6 8
891 1746 13 14
892 1179 22 8
894 1728 2 10
894 1739 37 8
895 1269 39 4
895 1609 7 12
895 1752 30 5
896 1231 25 2
896 1369 45 2
897 1310 53 11
897 1548 11 11
898 949 30 14
898 1037 28 3
898 1636 30 2
899 971 13 12
899 1216 57 7
899 1279 56 11
899 1344 39 11
900 1138 21 1
900 1143 3 12
900 1403 24 7
900 1487 13 11
900 1739 54 1
901 921 1 13
901 1239 15 15
902 1106 5 3
902 1134 33 1
902 1170 32 9
902 1482 46 11
903 977 9 11
903 1397 3 10
904 1134 22 14
904 1205 6 2
904 1366 35 15
904 1410 2 10
904 1437 33 2
904 1458 18 15
904 1628 8 2
904 1696 52 5
905 1100 40 2
905 1436 31 6
905 1560 20 11
906 1452 46 2
907 1357 8 5
907 1473 25 12
907 1646 1 10
908 1217 56 6
908 1525 42 6
908 1622 16 10
909 1435 5 8
910 1076 15 8
910 1613 49 13
910 1700 42 6
910 1746 49 5
911 968 60 10
914 1019 26 8
914 1118 30 2
916 967 6 10
916 1406 2 12
917 968 59 5
917 1324 21 5
917 1473 1 10
918 944 51 5
918 1291 50 6
918 1293 42 13
919 953 53 7
919 1038 7 12
919 1507 28 7
920 934 51 9
920 1024 56 14
920 1080 40 14
920 1485 1 12
922 1542 10 15
922 1550 25 10
923 998 10 5
923 1011 25 6
923 1602 40 11
923 1666 22 12
924 1443 13 12
924 1641 11 11
927 1395 57 1
927 1471 59 6
927 1687 31 12
928 1200 11 4
928 1708 46 4
929 1302 49 6
929 1353 30 5
929 1498 28 14
931 976 7 9
931 1241 11 9
931 1523 7 4
932 1052 60 2
932 1058 5 6
932 1086 6 11
932 1117 53 10
932 1400 47 5
933 1234 48 15
933 1381 49 3
933 1701 28 8
934 1707 38 12
935 1055 28 10
935 1515 47 3
936 1510 40 7
936 1588 38 4
937 1366 32 2
938 1015 22 5
938 1107 25 7
938 1418 45 8
938 1693 45 4
940 1005 18 9
940 1160 28 14
940 1288 13 3
940 1369 10 13
940 1392 2 7
940 1488 53 3
941 953 6 14
941 1053 2 3
941 1098 53 1
941 1190 32 15
941 1223 34 15
941 1627 47 2
942 960 45 3
942 1028 30 1
942 1517 2 5
943 1068 8 12
943 1646 22 12
944 958 34 6
944 1423 40 14
944 1429 2 3
944 1487 34 8
945 1308 22 3
945 1360 8 3
946 1181 50 9
946 1674 43 9
946 1688 32 14
947 996 24 2
947 1358 23 15
947 1529 15 11
948 1339 7 9
949 988 57 5
949 1098 37 12
949 1379 6 14
949 1417 25 10
949 1483 17 12
949 1739 6 5
950 999 15 3
950 1046 33 6
950 1206 9 10
950 1416 31 7
950 1545 51 6
950 1658 27 13
951 1562 42 11
951 1650 41 9
952 1334 22 3
953 1098 13 6
953 1284 4 9
954 1200 11 4
954 1440 8 4
954 1557 14 14
954 1709 34 8
955 1393 52 3
955 1411 8 14
955 1414 42 7
955 1738 6 9
956 1074 45 12
956 1360 54 9
956 1361 10 3
956 1446 2 11
956 1662 48 12
957 1300 53 11
957 1522 21 5
957 1564 27 10
957 1643 41 11
958 1156 22 13
958 1549 28 2
959 1629 3 7
960 1748 11 6
961 1162 56 3
961 1386 37 10
961 1392 54 6
961 1735 36 9
962 1052 49 2
962 1626 36 1
963 1392 23 1
963 1596 38 2
963 1731 55 11
964 1564 16 15
965 984 31 8
965 987 30 10
965 1121 39 2
965 1481 43 2
965 1541 53 13
966 1013 48 2
966 1170 53 12
966 1264 44 5
966 1310 20 4
966 1379 53 10
966 1479 24 12
966 1568 50 6
967 1047 6 13
967 1349 2 4
967 1609 31 8
967 1617 9 10
968 1368 47 8
968 1430 10 9
968 1476 34 8
968 1631 10 8
969 1327 60 3
969 1413 22 5
969 1419 51 4
969 1447 54 10
969 1498 55 6
969 1681 3 3
969 1689 51 13
970 1118 28 1
970 1188 23 12
970 1384 29 12
970 1439 37 12
970 1699 54 13
970 1718 37 5
971 1461 7 11
971 1730 5 7
972 1252 19 1
974 1007 36 2
974 1081 46 13
975 1411 34 7
976 1707 1 12
977 1558 37 9
978 1302 43 13
978 1668 7 2
978 1686 60 15
979 1000 38 5
979 1177 31 3
979 1535 9 4
979 1727 48 7
979 1733 57 11
980 1078 55 6
981 1097 19 5
981 1467 3 6
982 1076 58 14
982 1145 8 2
982 1402 12 1
982 1421 33 4
983 1352 49 1
983 1398 46 7
983 1533 50 12
984 993 57 1
984 1021 20 9
984 1570 29 13
985 1312 59 4
986 1190 59 15
986 1407 28 7
986 1460 2 6
987 1370 13 2
988 1740 18 3
989 1283 33 7
989 1342 13 3
989 1614 56 5
990 1023 14 13
990 1221 57 4
991 1244 23 3
991 1318 2 12
992 1007 37 3
992 1058 37 11
992 1231 45 13
992 1520 7 10
992 1683 18 13
993 1693 42 7
994 1145 1 11
994 1514 18 8
994 1693 42 1
995 999 28 1
995 1180 9 5
996 1082 53 3
996 1086 42 2
996 1183 44 10
996 1452 49 8
997 1189 10 12
997 1655 26 6
997 1691 30 14
998 1145 25 12
998 1383 31 11
999 1070 55 14
1000 1313 10 3
1000 1562 50 3
1000 1607 26 8
1001 1286 58 6
1001 1495 24 15
1001 1598 19 6
1002 1072 12 4
1002 1116 17 5
1002 1243 20 8
1002 1292 1 11
1002 1336 32 10
1002 1338 30 1
1003 1116 12 9
1003 1392 22 14
1003 1469 41 4
1005 1095 53 9
1005 1642 28 15
1006 1009 28 5
1006 1546 40 7
1006 1563 51 1
1007 1186 36 1
1007 1348 22 10
1007 1506 31 14
1007 1516 15 12
1007 1736 44 10
1008 1056 2 10
1008 1148 10 1
1008 1564 56 14
1008 1634 33 1
1009 1031 17 10
1009 1348 3 2
1009 1425 22 4
1009 1685 31 10
1011 1335 6 8
1011 1465 36 1
1012 1545 46 13
1012 1645 29 4
1013 1388 32 11
1014 1523 31 2
1015 1148 37 15
1015 1448 23 10
1016 1326 26 7
1016 1425 46 13
1016 1639 29 15
1017 1327 7 5
1017 1329 28 15
1017 1345 45 4
1018 1048 56 2
1018 1287 51 8
1018 1524 34 4
1019 1308 21 1
1020 1311 48 2
1020 1315 25 9
1022 1046 32 14
1022 1467 23 2
1022 1658 6 15
1023 1073 3 10
1023 1324 27 6
1023 1664 8 6
1023 1674 3 15
1023 1676 49 2
1023 1733 14 6
1024 1042 56 4
1025 1369 2 12
1025 1694 2 5
1026 1215 42 5
1026 1289 39 8
1027 1031 52 14
1027 1154 52 4
1027 1380 14 8
1027 1422 40 5
1027 1443 29 2
1028 1094 55 8
1028 1159 25 13
1028 1474 60 14
1028 1699 4 10
1030 1115 48 8
1030 1435 6 13
1030 1460 41 3
1030 1682 51 3
1031 1462 41 7
1032 1054 36 3
1032 1082 44 3
1032 1679 9 15
1033 1039 28 15
1033 1185 50 10
1033 1325 40 6
1035 1503 36 15
1035 1613 35 6
1037 1067 51 10
1037 1116 9 3
1037 1156 41 1
1038 1266 3 13
1038 1452 43 11
1038 1564 2 1
1039 1124 6 2
1039 1237 59 12
1040 1472 18 8
1040 1504 2 15
1041 1154 22 13
1041 1251 28 15
1041 1338 40 14
1041 1554 8 9
1042 1166 7 10
1042 1438 48 15
1043 1115 26 9
1043 1261 59 14
1044 1527 22 2
1044 1693 44 11
1044 1713 38 11
1045 1059 7 15
1045 1158 22 9
1045 1732 41 11
1046 1132 52 6
1046 1224 24 2
1047 1159 49 6
1047 1243 14 6
1047 1493 18 4
1048 1529 17 6
1049 1068 2 9
1049 1433 32 6
1049 1601 10 8
1049 1660 20 3
1050 1062 41 8
1051 1568 32 7
1052 1617 31 14
1053 1168 38 6
1053 1196 45 9
1053 1570 39 12
1054 1090 27 3
1054 1318 7 14
1054 1350 11 11
1054 1455 37 9
1054 1614 56 11
1054 1627 14 3
1054 1737 13 10
1055 1246 2 8
1055 1337 50 3
1055 1430 56 13
1055 1538 29 5
1056 1172 40 1
1056 1537 22 9
1056 1568 42 8
1057 1458 27 5
1058 1436 31 7
1058 1694 6 2
1059 1405 56 8
1059 1589 36 15
1060 1172 20 4
1061 1103 12 10
1061 1153 8 9
1061 1647 44 3
1061 1680 8 15
1062 1211 58 11
1062 1404 32 11
1062 1460 4 10
1062 1550 34 4
1063 1240 24 5
1063 1404 42 1
1063 1612 28 12
1063 1678 16 11
1065 1143 10 5
1065 1316 30 13
1065 1597 32 7
1065 1669 23 1
1066 1182 1 13
1066 1362 39 15
1067 1396 6 15
1069 1095 30 2
1069 1151 57 7
1069 1224 45 8
1069 1285 55 8
1070 1088 54 8
1070 1222 54 5
1070 1358 7 14
1070 1444 24 14
1070 1572 20 13
1070 1715 52 2
1071 1246 42 12
1073 1293 46 15
1073 1533 20 8
1073 1565 39 9
1073 1633 24 1
1074 1172 7 5
1074 1211 60 15
1074 1223 29 10
1074 1283 58 4
1074 1503 58 4
1075 1113 55 13
1075 1673 36 5
1076 1273 21 6
1077 1308 24 11
1077 1539 30 3
1078 1257 38 6
1078 1428 29 10
1078 1504 15 14
1079 1265 38 10
1079 1676 27 7
1080 1140 57 14
1080 1155 32 12
1080 1181 21 4
1080 1299 40 6
1081 1108 32 2
1081 1120 29 5
1081 1603 48 1
1081 1619 40 10
1082 1231 8 10
1084 1139 18 13
1084 1168 39 3
1084 1253 30 7
1084 1379 14 7
1084 1406 52 9
1084 1580 17 5
1085 1115 51 15
1085 1119 43 11
1086 1234 9 3
1086 1279 29 5
1086 1282 16 7
1086 1553 12 10
1087 1101 46 7
1087 1235 15 9
1087 1247 11 12
1087 1377 11 2
1087 1551 9 4
1088 1120 10 13
1088 1152 30 2
1089 1153 19 6
1089 1210 34 13
1090 1253 55 6
1090 1454 16 1
1090 1623 18 12
1090 1738 45 2
1091 1137 5 6
1091 1539 50 12
1093 1392 52 2
1094 1130 51 15
1094 1250 11 13
1094 1270 1 1
1094 1362 45 6
1094 1501 34 11
1094 1649 33 8
1095 1162 17 1
1097 1546 50 14
1099 1224 2 9
1100 1121 33 2
1100 1404 51 2
1100 1405 31 6
1101 1240 38 9
1103 1697 18 8
1104 1465 45 14
1104 1539 50 12
1105 1119 52 10
1105 1211 54 7
1105 1505 11 9
1106 1226 14 6
1106 1526 12 2
1107 1556 1 4
1107 1637 16 7
1108 1229 19 12
1108 1686 52 14
1110 1436 33 9
1110 1461 47 12
1110 1473 58 7
1110 1641 44 12
1111 1188 33 8
1111 1196 53 11
1111 1272 52 13
1111 1469 8 9
1111 1547 40 6
1112 1589 1 3
1113 1259 54 4
1113 1601 30 12
1113 1672 34 10
1115 1280 20 7
1115 1609 39 4
1115 1737 24 2
1115 1740 55 15
1116 1229 48 2
1116 1597 30 11
1116 1622 50 6
1117 1676 8 7
1118 1142 29 12
1118 1187 31 15
1118 1237 2 12
1119 1652 14 10
1120 1204 31 14
1120 1598 32 6
1120 1635 48 5
1121 1203 46 10
1121 1480 57 5
1121 1706 18 2
1122 1173 36 7
1122 1485 4 9
1122 1611 32 3
1123 1166 14 8
1123 1379 7 2
1124 1420 8 8
1124 1428 51 9
1124 1444 22 7
1124 1585 16 8
1124 1696 15 9
1125 1362 26 9
1125 1750 9 5
1127 1376 1 3
1128 1297 25 3
1128 1312 54 4
1129 1384 53 13
1130 1513 51 8
1131 1139 4 15
1131 1564 26 9
1131 1710 34 13
1132 1283 39 11
1132 1532 59 1
1133 1182 53 10
1133 1510 20 15
1134 1723 46 2
1135 1491 1 7
1135 1538 43 2
1135 1659 51 15
1136 1185 52 3
1136 1200 22 2
1136 1236 14 3
1137 1161 16 8
1137 1229 31 7
1137 1325 51 15
1137 1427 42 4
1137 1652 5 7
1139 1248 36 15
1139 1704 42 12
1139 1713 24 13
1140 1224 52 11
1140 1238 55 2
1140 1404 57 8
1140 1701 1 14
1141 1611 49 7
1142 1465 26 7
1142 1701 15 7
1143 1620 44 9
1145 1301 3 13
1145 1385 26 13
1145 1401 14 1
1145 1549 32 1
1146 1277 38 7
1147 1319 48 3
1147 1415 14 6
1147 1637 1 5
1147 1707 58 8
1148 1259 22 4
1148 1290 23 11
1148 1470 18 12
1149 1445 13 3
1149 1678 14 13
1149 1740 6 10
1150 1266 1 4
1150 1503 43 7
1151 1233 49 5
1151 1382 38 9
1152 1719 5 6
1152 1721 53 1
1153 1635 24 10
1154 1225 11 11
1154 1632 38 9
1154 1657 4 3
1155 1267 7 9
1155 1287 15 1
1155 1457 3 13
1156 1370 31 4
1156 1490 9 11
1156 1525 51 5
1156 1613 7 11
1156 1684 34 8
1158 1385 56 1
1158 1408 41 14
1158 1645 54 12
1159 1394 38 15
1159 1455 31 3
1159 1625 22 4
1159 1641 53 14
1160 1549 54 9
1160 1723 50 3
1160 1733 47 11
1161 1193 49 14
1162 1586 10 4
1163 1429 13 15
1163 1483 46 11
1163 1519 22 8
1164 1260 37 9
1164 1361 3 15
1164 1373 34 7
1165 1334 34 1
1167 1703 16 4
1169 1444 56 1
1169 1736 24 8
1170 1398 9 9
1170 1403 20 1
1171 1270 7 8
1171 1431 18 6
1171 1612 18 12
1171 1698 27 2
1173 1342 1 15
1173 1635 16 1
1174 1232 56 10
1174 1316 58 3
1175 1248 51 5
1175 1286 14 4
1176 1375 11 3
1176 1665 8 1
1177 1214 29 7
1177 1560 51 10
1177 1724 7 4
1178 1443 27 1
1178 1571 46 4
1179 1184 16 2
1179 1593 11 15
1180 1238 19 10
1180 1412 2 12
1180 1710 49 8
1181 1210 57 12
1181 1499 57 5
1182 1267 41 14
1183 1628 43 1
1183 1700 16 1
1184 1425 38 7
1184 1735 24 1
1187 1279 37 10
1187 1413 51 3
1187 1512 3 12
1187 1653 6 7
1188 1195 33 10
1188 1322 50 1
1189 1318 21 15
1189 1532 17 1
1190 1232 12 9
1190 1397 44 12
1190 1514 50 12
1190 1536 56 8
1190 1558 8 11
1190 1654 4 6
1190 1750 12 5
1191 1554 13 13
1192 1494 38 10
1193 1644 1 15
1193 1682 25 13
1194 1346 14 5
1194 1353 22 4
1194 1367 3 11
1194 1443 26 12
1194 1513 36 5
1194 1712 44 7
1195 1204 18 8
1195 1357 33 2
1195 1512 23 14
1195 1644 13 14
1196 1520 41 9
1196 1682 42 9
1198 1726 51 3
1199 1495 7 9
1199 1652 54 11
1200 1625 59 15
1201 1471 25 5
1201 1752 52 9
1202 1406 43 10
1202 1565 24 13
1204 1248 43 6
1204 1273 31 8
1204 1544 9 11
1206 1260 60 4
1206 1528 13 9
1206 1578 12 3
1207 1409 3 4
1208 1341 52 14
1208 1514 12 9
1208 1658 32 9
1208 1750 56 15
1209 1259 52 8
1210 1671 32 12
1211 1214 7 12
1211 1478 1 7
1211 1579 54 13
1212 1385 55 13
1212 1540 11 6
1213 1303 35 12
1214 1624 19 6
1215 1532 5 1
1216 1630 5 5
1218 1321 26 8
1218 1364 32 14
1218 1399 5 4
1218 1578 4 11
1218 1607 18 9
1219 1257 38 13
1220 1227 3 3
1220 1688 9 11
1220 1729 58 6
1221 1434 58 9
1221 1502 16 1
1223 1287 26 8
1224 1323 50 13
1224 1721 51 12
1224 1740 12 14
1225 1636 56 7
1226 1231 33 4
1226 1508 51 13
1226 1577 3 9
1226 1695 20 11
1227 1332 3 6
1227 1353 2 13
1227 1657 47 3
1228 1680 9 3
1229 1346 30 7
1229 1457 26 9
1230 1352 31 11
1231 1361 24 4
1233 1381 25 7
1233 1622 37 10
1234 1556 15 10
1235 1337 51 7
1235 1496 27 13
1236 1562 44 10
1237 1497 14 15
1237 1643 26 6
1238 1434 3 11
1240 1344 53 4
1240 1607 60 2
1240 1655 36 7
1241 1300 46 6
1241 1408 52 12
1241 1439 18 10
1241 1608 17 10
1241 1618 49 2
1242 1344 31 7
1242 1733 4 15
1243 1270 7 3
1244 1506 18 6
1245 1544 59 10
1247 1388 16 3
1248 1269 51 10
1248 1340 23 2
1248 1421 16 5
1249 1413 17 8
1249 1424 20 8
1249 1718 37 3
1250 1347 43 2
1250 1536 16 10
1251 1676 11 2
1252 1702 20 4
1253 1567 24 6
1254 1494 59 13
1254 1537 35 12
1255 1479 12 11
1255 1626 2 13
1255 1723 56 2
1256 1286 5 1
1256 1363 59 11
1256 1493 57 9
1256 1568 48 3
1256 1698 32 4
1257 1269 14 13
1258 1368 21 13
1258 1534 1 6
1258 1611 30 3
1259 1302 1 14
1259 1338 44 2
1259 1360 42 14
1260 1335 19 4
1260 1465 15 3
1261 1364 41 12
1262 1296 59 10
1262 1420 2 11
1262 1600 15 7
1262 1644 14 11
1262 1673 43 8
1263 1318 40 10
1263 1643 30 14
1263 1720 42 3
1263 1727 59 10
1264 1373 36 10
1265 1277 51 4
1265 1481 58 3
1265 1614 27 5
1266 1302 24 1
1266 1380 8 5
1266 1468 30 5
1266 1512 5 1
1266 1717 37 15
1267 1736 5 11
1268 1357 31 12
1268 1621 4 8
1268 1673 25 5
1269 1455 6 6
1270 1519 49 11
1271 1496 13 8
1271 1633 38 13
1272 1559 29 7
1272 1675 10 7
1273 1334 48 9
1274 1532 1 8
1274 1609 48 15
1275 1427 39 13
1275 1666 50 14
1275 1749 52 4
1276 1301 26 13
1278 1307 49 7
1278 1340 32 4
1278 1415 45 12
1278 1566 24 2
1278 1644 17 6
1279 1345 58 12
1279 1359 17 8
1279 1382 28 9
1279 1400 54 6
1279 1527 14 6
1279 1529 59 8
1280 1583 5 10
1281 1587 43 14
1282 1366 46 7
1282 1674 1 14
1284 1556 26 3
1285 1328 31 12
1285 1703 22 15
1287 1421 54 3
1287 1720 59 2
1288 1445 43 6
1288 1552 17 11
1289 1484 32 11
1289 1506 18 14
1290 1605 1 8
1291 1422 35 15
1291 1425 60 8
1291 1619 9 13
1291 1699 42 2
1292 1339 30 10
1293 1425 25 12
1293 1505 19 1
1293 1534 35 6
1294 1577 40 10
1294 1705 10 11
1295 1607 36 9
1295 1691 35 7
1296 1396 29 4
1296 1715 59 15
1297 1675 13 8
1298 1479 25 15
1299 1473 9 7
1299 1489 5 3
1300 1392 54 15
1301 1510 37 11
1304 1426 21 15
1304 1572 43 15
1304 1722 55 2
1305 1482 13 10
1306 1407 41 11
1307 1478 18 13
1309 1355 24 1
1310 1527 60 3
1311 1313 43 2
1311 1335 41 10
1311 1413 28 9
1311 1414 41 2
1311 1574 54 4
1311 1676 33 11
1312 1444 32 6
1312 1491 49 12
1313 1501 22 11
1316 1502 59 9
1317 1318 41 4
1317 1395 52 15
1317 1454 35 15
1317 1549 3 14
1317 1574 10 15
1318 1380 55 3
1318 1577 58 13
1318 1738 14 2
1321 1368 6 8
1321 1502 12 1
1321 1721 27 13
1322 1657 51 15
1322 1695 56 7
1325 1604 8 2
1325 1689 14 7
1326 1569 30 12
1326 1631 31 3
1328 1398 31 3
1328 1402 52 5
1328 1623 52 13
1329 1454 18 3
1329 1574 2 11
1329 1608 44 11
1331 1447 48 9
1333 1453 6 3
1333 1503 47 14
1333 1709 19 9
1334 1714 36 5
1335 1501 44 9
1336 1553 57 7
1337 1727 19 13
1339 1577 15 4
1339 1645 43 7
1339 1716 44 14
1340 1623 44 8
1340 1637 24 3
1342 1561 12 7
1343 1685 46 2
1344 1673 3 4
1345 1365 4 11
1347 1453 21 13
1347 1472 19 6
1348 1371 23 1
1348 1502 54 10
1348 1749 54 8
1349 1732 46 11
1350 1726 36 11
1351 1593 53 8
1351 1673 18 15
1354 1699 39 12
1355 1647 50 5
1356 1400 32 11
1356 1692 41 14
1356 1696 19 13
1357 1720 50 8
1358 1556 3 5
1359 1609 34 10
1359 1623 31 9
1361 1528 17 10
1361 1667 23 13
1363 1384 39 10
1363 1517 10 6
1363 1560 19 2
1365 1414 18 5
1365 1502 32 8
1365 1585 42 5
1367 1504 45 14
1367 1516 9 6
1370 1420 44 1
1371 1607 37 14
1372 1447 28 6
1372 1508 2 9
1372 1512 14 14
1372 1692 53 9
1374 1467 54 6
1376 1394 28 14
1376 1454 57 11
1379 1746 46 8
1380 1519 45 11
1382 1401 49 14
1382 1456 59 3
1383 1633 38 8
1384 1569 52 3
1384 1739 19 7
1385 1432 60 14
1387 1603 10 12
1387 1620 11 4
1389 1428 19 3
1389 1438 19 2
1390 1511 38 10
1390 1563 36 4
1390 1576 51 7
1392 1594 50 6
1394 1463 38 1
1395 1613 26 7
1396 1467 3 10
1396 1622 50 3
1396 1654 6 1
1396 1674 5 12
1397 1727 34 13
1399 1745 38 10
1400 1718 35 11
1402 1735 3 1
1406 1480 49 14
1406 1566 3 15
1406 1706 60 14
1407 1666 14 11
1408 1665 48 11
1409 1511 31 13
1409 1570 55 9
1409 1716 21 7
1410 1719 41 4
1411 1506 41 14
1411 1560 20 5
1411 1723 56 11
1412 1728 25 15
1413 1492 9 2
1413 1635 54 8
1415 1680 32 1
1417 1456 60 10
1417 1732 55 2
1418 1535 47 12
1418 1590 24 11
1419 1515 21 5
1419 1531 49 7
1420 1691 39 10
1421 1573 5 9
1421 1574 53 1
1422 1597 7 15
1422 1659 1 11
1423 1632 14 5
1426 1438 58 12
1426 1506 53 9
1427 1695 46 4
1428 1510 31 12
1428 1609 28 2
1429 1708 16 14
1430 1586 38 3
1431 1580 3 8
1433 1570 9 4
1436 1451 18 1
1436 1538 9 5
1436 1557 8 12
1439 1644 26 12
1440 1731 41 11
1440 1739 54 13
1441 1538 37 15
1441 1635 21 9
1443 1476 43 14
1444 1697 23 10
1446 1456 2 5
1447 1611 2 3
1448 1723 2 14
1452 1458 46 10
1452 1465 1 5
1452 1694 13 9
1454 1656 31 8
1454 1730 33 15
1456 1561 15 12
1456 1668 23 2
1460 1587 24 13
1461 1716 35 15
1462 1611 59 15
1465 1635 2 8
1468 1701 54 15
1469 1493 46 1
1469 1705 2 10
1470 1628 22 3
1471 1537 21 12
1471 1594 28 6
1472 1687 58 8
1474 1515 29 7
1474 1583 31 2
1474 1602 48 8
1475 1667 9 2
1478 1557 13 12
1478 1646 30 8
1481 1706 40 14
1483 1662 46 11
1483 1734 25 11
1485 1552 60 10
1485 1609 55 8
1485 1729 57 7
1486 1516 50 6
1487 1498 30 9
1488 1673 47 6
1490 1660 57 5
1490 1708 5 3
1493 1687 2 10
1494 1609 59 6
1496 1586 60 7
1498 1560 7 6
1498 1636 10 14
1499 1743 18 3
1501 1598 36 6
1502 1550 21 11
1505 1599 48 5
1506 1581 14 10
1506 1702 53 14
1508 1616 31 6
1508 1682 55 8
1508 1692 26 8
1509 1647 11 15
1510 1530 23 14
1510 1706 56 7
1510 1717 9 1
1512 1596 35 7
1514 1669 9 8
1515 1658 38 5
1515 1697 36 10
1517 1596 13 11
1518 1666 8 12
1519 1636 46 13
1520 1654 39 6
1521 1650 45 9
1522 1564 24 9
1524 1651 3 7
1524 1740 32 9
1526 1668 39 14
1526 1682 52 12
1528 1585 10 6
1531 1675 5 10
1533 1544 53 15
1533 1558 47 10
1540 1548 37 10
1540 1608 57 15
1543 1651 2 15
1545 1560 38 12
1547 1635 47 7
1550 1713 50 1
1551 1711 4 12
1552 1717 52 8
1553 1712 3 15
1554 1675 27 5
1556 1707 22 7
1557 1680 13 15
1562 1599 60 5
1568 1742 25 14
1570 1611 1 2
1570 1735 15 15
1572 1694 21 5
1573 1661 11 3
1577 1676 47 13
1577 1688 22 8
1578 1710 13 6
1581 1603 54 11
1583 1609 55 4
1585 1646 25 2
1586 1645 1 5
1587 1685 43 6
1587 1707 60 2
1589 1716 54 12
1589 1739 60 13
1591 1707 54 2
1592 1691 15 11
1596 1658 46 6
1598 1679 26 6
1599 1620 1 6
1601 1608 34 5
1601 1729 34 8
1602 1695 45 9
1603 1645 20 13
1606 1743 1 2
1609 1624 50 9
1611 1686 3 7
1611 1719 17 4
1611 1747 31 1
1612 1639 12 14
1615 1689 53 1
1616 1637 30 5
1618 1683 23 7
1621 1714 57 5
1622 1683 46 11
1625 1638 36 9
1626 1674 59 12
1629 1708 11 13
1637 1679 12 6
1638 1680 56 8
1638 1721 13 3
1640 1691 37 5
1646 1676 25 1
1647 1650 51 10
1649 1741 35 11
1651 1653 13 13
1652 1694 31 14
1655 1671 39 10
1657 1692 8 6
1663 1734 36 3
1672 1687 34 1
1673 1727 5 5
1674 1694 48 8
1683 1742 11 6
1693 1738 19 13
1707 1740 40 6
1734 1742 14 5
1738 1750 28 10

0 9 12
1 13 47
2 49 40
3 54 10
4 59 14
5 60 24
6 61 24
7 78 23
8 100 10
9 114 39
10 116 8
11 126 28
12 130 28
13 131 3
14 139 22
15 151 30
16 153 37
17 154 19
18 155 23
19 173 16
20 179 16
21 182 9
22 195 4
23 254 12
24 260 15
25 291 19
26 304 17
27 305 19
28 311 12
29 321 5
30 322 32
31 326 18
32 333 32
33 335 14
34 353 17
35 360 42
36 380 31
37 383 25
38 395 3
39 405 21
40 429 9
41 433 30
42 434 3
43 449 26
44 453 13
45 462 2
46 466 9
47 467 16
48 485 14
49 508 19
50 514 8
51 527 36
52 538 30
53 553 3
54 571 39
55 572 27
56 580 39
57 590 30
58 610 25
59 611 22
60 618 34
61 622 2
62 637 35
63 648 17
64 663 46
65 680 37
66 683 33
67 693 17
68 696 17
69 706 17
70 733 8
71 738 10
72 765 34
73 796 49
74 811 39
75 833 13
76 842 38
77 859 20
78 878 8
79 881 16
80 885 24
81 888 34
82 918 18
83 926 32
84 944 33
85 946 17
86 947 15
87 950 38
88 964 16
89 970 21
90 972 15
91 988 13
92 999 46
93 1011 8
94 1022 38
95 1041 26
96 1045 41
97 1071 2
98 1072 9
99 1077 8
100 1081 28
101 1082 45
102 1087 36
103 1093 2
104 1094 2
105 1127 31
106 1169 38
107 1172 26
108 1201 45
109 1203 31
110 1206 21
111 1210 30
112 1219 10
113 1225 44
114 1229 1
115 1236 4
116 1239 20
117 1250 27
118 1251 1
119 1254 8
120 1255 41
121 1276 8
122 1281 20
123 1297 43
124 1307 40
125 1309 1
126 1310 29
127 1324 17
128 1343 23
129 1347 16
130 1348 12
131 1362 17
132 1373 9
133 1382 23
134 1384 21
135 1389 8
136 1396 30
137 1413 44
138 1415 42
139 1416 37
140 1424 39
141 1455 36
142 1458 1
143 1460 12
144 1461 34
145 1468 24
146 1499 29
147 1500 48
148 1501 29
149 1514 18
150 1537 43
151 1553 39
152 1561 33
153 1577 44
154 1586 22
155 1588 43
156 1599 3
157 1603 37
158 1610 24
159 1616 30
160 1629 33
161 1632 3
162 1657 2
163 1662 1
164 1665 39
165 1672 15
166 1674 20
167 1684 23
168 1695 30
169 1703 34
170 1723 21
171 1740 12
172 1750 19
173 1751 30
174 1752 27
