1126 3374 112 8

0 30 1860
1 60 3713
2 90 5559
3 120 7398
4 150 9230
5 180 11055
6 210 12872
7 240 14683

0 2060
1 2307
2 2820
3 2703
4 2071
5 2268
6 3024
7 2583
8 3008
9 3220
10 3159
11 2694
12 3508
13 2784
14 2596
15 1877
16 2974
17 2354
18 3736
19 3131
20 2728
21 2925
22 2691
23 2860
24 3491
25 2919
26 2640
27 2941
28 2190
29 2503
30 2186
31 3555
32 2818
33 2011
34 3216
35 2740
36 2945
37 2529
38 2578
39 2986
40 3403
41 2439
42 3026
43 2941
44 3187
45 1814
46 2526
47 2884
48 2540
49 2637
50 2605
51 1633
52 2777
53 3418
54 2463
55 2463
56 2400
57 2144
58 3142
59 2559
60 2111
61 2475
62 3370
63 3059
64 2868
65 2789
66 2834
67 3714
68 2592
69 1807
70 3037
71 2510
72 2073
73 3488
74 2360
75 3017
76 2680
77 2786
78 3085
79 2497
80 2463
81 2421
82 2297
83 3199
84 1977
85 2799
86 2528
87 2200
88 2301
89 2377
90 2030
91 2527
92 3151
93 2676
94 2266
95 2676
96 3128
97 2749
98 2631
99 2144
100 2343
101 2336
102 2578
103 2532
104 2664
105 2510
106 2859
107 2711
108 3852
109 2949
110 2247
111 3108
112 3332
113 2723
114 2726
115 2237
116 2391
117 2912
118 1842
119 2254
120 2047
121 2896
122 2772
123 2768
124 2676
125 2770
126 2842
127 3174
128 2988
129 2342
130 3155
131 2840
132 2724
133 2240
134 3288
135 2595
136 3253
137 2522
138 2694
139 2737
140 2675
141 2432
142 2346
143 2334
144 2518
145 2618
146 2232
147 2352
148 3618
149 2458
150 3053
151 2939
152 2442
153 2445
154 2793
155 2569
156 2633
157 3519
158 2465
159 3020
160 2446
161 2469
162 2476
163 2950
164 3072
165 2752
166 3105
167 2916
168 2640
169 3015
170 2801
171 3428
172 3051
173 3020
174 2793
175 2351
176 2698
177 2323
178 2675
179 3100
180 2504
181 2810
182 2943
183 2603
184 3186
185 2762
186 3063
187 2277
188 2831
189 3094
190 2643
191 3040
192 3378
193 2408
194 2346
195 2920
196 2883
197 1810
198 3029
199 3835
200 2648
201 2674
202 2408
203 2944
204 2660
205 3146
206 2693
207 3208
208 2702
209 3496
210 2177
211 3263
212 2957
213 2508
214 2958
215 3105
216 1807
217 2101
218 3204
219 2110
220 2605
221 2542
222 2433
223 2598
224 2413
225 2986
226 3023
227 2378
228 3767
229 2325
230 3151
231 2265
232 2249
233 2979
234 2359
235 2811
236 1912
237 2820
238 2275
239 2694
240 2770
241 2246
242 2447
243 2156
244 2447
245 2009
246 2982
247 2850
248 2827
249 2203
250 3293
251 3101
252 2521
253 3193
254 3677
255 2993
256 2081
257 1939
258 3182
259 3360
260 3403
261 2963
262 2966
263 3152
264 3289
265 2865
266 2649
267 3206
268 1904
269 2872
270 2216
271 2309
272 3051
273 3601
274 2203
275 2849
276 2818
277 2672
278 2848
279 2767
280 2533
281 2906
282 4013
283 2328
284 2938
285 2681
286 2741
287 3411
288 2629
289 2099
290 2370
291 2595
292 3033
293 2902
294 3311
295 2125
296 3224
297 2552
298 1700
299 2499
300 1964
301 2897
302 2675
303 2793
304 1694
305 1845
306 3330
307 2622
308 2660
309 2564
310 2044
311 2211
312 2421
313 2974
314 3002
315 2331
316 2421
317 2491
318 3406
319 2469
320 2566
321 2841
322 2431
323 2657
324 2701
325 2553
326 3502
327 2684
328 2892
329 2903
330 2729
331 2516
332 2429
333 2312
334 2789
335 2780
336 1627
337 2662
338 3246
339 2932
340 3026
341 2276
342 2558
343 2639
344 2046
345 2791
346 2426
347 2170
348 2867
349 3062
350 2237
351 2363
352 2524
353 2573
354 3054
355 2531
356 2392
357 3600
358 3298
359 2699
360 2577
361 2274
362 2147
363 2772
364 2333
365 2280
366 1864
367 2951
368 2233
369 3373
370 3589
371 3408
372 3100
373 2481
374 2523
375 2310
376 2435
377 2740
378 2780
379 2567
380 2499
381 1600
382 2555
383 2579
384 3166
385 2795
386 2955
387 2394
388 2654
389 2420
390 2247
391 2674
392 3075
393 2796
394 2645
395 2631
396 2453
397 2410
398 2569
399 2899
400 3476
401 2578
402 2660
403 3190
404 2635
405 2253
406 2818
407 2808
408 2763
409 2785
410 2395
411 3317
412 2435
413 3048
414 2804
415 3159
416 2828
417 2540
418 2605
419 2488
420 2206
421 3255
422 3549
423 3015
424 2386
425 3304
426 2170
427 2643
428 2316
429 2500
430 2591
431 3222
432 3231
433 2412
434 2511
435 2627
436 2763
437 1845
438 2003
439 2218
440 2445
441 2711
442 2098
443 2523
444 2560
445 3573
446 2982
447 3772
448 2872
449 2141
450 3248
451 2519
452 2827
453 2581
454 2154
455 2414
456 3561
457 2617
458 2384
459 2364
460 2529
461 3140
462 2478
463 2802
464 2875
465 3368
466 2149
467 3241
468 2549
469 2797
470 2793
471 2653
472 2956
473 3347
474 2287
475 2281
476 2681
477 2796
478 2865
479 3224
480 2919
481 2082
482 2925
483 3011
484 2899
485 2761
486 2275
487 2409
488 2378
489 2021
490 2761
491 3086
492 2700
493 2826
494 2737
495 2340
496 3155
497 1829
498 2701
499 2714
500 2802
501 3256
502 1784
503 2585
504 2289
505 2804
506 2212
507 3132
508 3112
509 2050
510 3271
511 1796
512 2359
513 1500
514 3042
515 2522
516 2558
517 3286
518 2499
519 2406
520 2157
521 1961
522 2925
523 2709
524 3450
525 3622
526 2339
527 2904
528 3023
529 2657
530 2495
531 2857
532 1877
533 2283
534 2818
535 1936
536 2483
537 2778
538 3032
539 2569
540 2701
541 2526
542 2633
543 2799
544 2238
545 2961
546 2862
547 3036
548 2846
549 2497
550 3283
551 2873
552 2696
553 2822
554 2148
555 2739
556 2545
557 2526
558 3155
559 3172
560 2677
561 2922
562 2633
563 2769
564 1519
565 2014
566 2570
567 3078
568 2693
569 2468
570 3020
571 2136
572 3160
573 3516
574 3310
575 2737
576 2698
577 3040
578 2654
579 2836
580 2923
581 2157
582 2753
583 2160
584 2220
585 3294
586 2641
587 3083
588 2209
589 2978
590 2833
591 2862
592 2580
593 2936
594 2115
595 3027
596 2290
597 2826
598 3141
599 2526
600 2892
601 3383
602 2659
603 3023
604 3783
605 2931
606 3018
607 2729
608 2452
609 2054
610 2701
611 2731
612 1800
613 3302
614 2595
615 2508
616 3033
617 3371
618 2741
619 2670
620 3491
621 3159
622 2850
623 3735
624 2277
625 2592
626 3306
627 2843
628 2119
629 1902
630 2189
631 3056
632 3397
633 2956
634 2587
635 2629
636 2711
637 3289
638 2096
639 2637
640 3301
641 2863
642 2605
643 3530
644 3155
645 2171
646 3161
647 2584
648 2870
649 2652
650 3341
651 1982
652 2561
653 2503
654 2943
655 2822
656 2674
657 2673
658 3441
659 2473
660 2947
661 2917
662 2876
663 2573
664 2912
665 2426
666 3444
667 3315
668 3552
669 3721
670 3034
671 2758
672 2270
673 3167
674 1992
675 2224
676 2620
677 2889
678 3304
679 2409
680 2243
681 2998
682 2861
683 2905
684 2307
685 2867
686 2642
687 2739
688 2536
689 3623
690 2683
691 2990
692 2642
693 2979
694 2088
695 2365
696 2821
697 2613
698 1756
699 2788
700 2858
701 3336
702 3019
703 2118
704 2129
705 2646
706 2518
707 3537
708 2942
709 2422
710 2337
711 1970
712 3439
713 3746
714 3376
715 2233
716 2471
717 3303
718 2789
719 2639
720 3112
721 4107
722 2923
723 2550
724 2963
725 2507
726 2914
727 3154
728 3044
729 3722
730 2377
731 2599
732 2772
733 1904
734 4094
735 2489
736 3019
737 2780
738 2917
739 3371
740 3009
741 2910
742 2977
743 3680
744 2843
745 2883
746 2341
747 2544
748 2898
749 2505
750 2886
751 2633
752 2775
753 3130
754 3311
755 2455
756 2969
757 2938
758 2500
759 2328
760 2678
761 3449
762 3023
763 2399
764 2020
765 2641
766 3274
767 2584
768 3122
769 3079
770 2240
771 1910
772 2854
773 3131
774 2566
775 2444
776 2538
777 3724
778 2964
779 2656
780 2679
781 2899
782 2710
783 2380
784 2224
785 1989
786 3670
787 3263
788 2360
789 2470
790 2894
791 3581
792 2362
793 2912
794 2341
795 2151
796 3675
797 2322
798 2609
799 1978
800 2435
801 2483
802 2636
803 2326
804 3725
805 2990
806 3526
807 1994
808 3009
809 2916
810 2499
811 2730
812 3121
813 2603
814 2390
815 3038
816 1365
817 2769
818 2455
819 2519
820 2176
821 2023
822 3035
823 3421
824 2504
825 2687
826 2760
827 3333
828 2426
829 2711
830 2983
831 3537
832 2245
833 2309
834 2547
835 3128
836 2681
837 2451
838 3983
839 2059
840 1365
841 2644
842 2813
843 2304
844 2794
845 2665
846 3204
847 2881
848 2995
849 2920
850 2719
851 2588
852 1924
853 3003
854 3347
855 2769
856 2879
857 3258
858 3536
859 2629
860 3148
861 2285
862 2430
863 3172
864 3273
865 2909
866 3070
867 2572
868 3462
869 3306
870 2520
871 2512
872 1845
873 3069
874 2404
875 2246
876 2987
877 3663
878 3186
879 2945
880 2587
881 2733
882 2523
883 3469
884 3193
885 2637
886 2052
887 2915
888 2404
889 2478
890 2424
891 3100
892 2300
893 2472
894 2168
895 2888
896 2691
897 3119
898 3056
899 2818
900 3082
901 2710
902 2834
903 1993
904 2204
905 2543
906 2513
907 2851
908 2684
909 2649
910 2396
911 2058
912 3190
913 3556
914 2735
915 3046
916 3062
917 2873
918 2668
919 2828
920 3574
921 1836
922 1789
923 1849
924 2502
925 2594
926 3381
927 2922
928 2870
929 2118
930 2836
931 2767
932 2674
933 3023
934 3241
935 2799
936 2572
937 2770
938 2566
939 2378
940 2866
941 2124
942 2730
943 2730
944 2138
945 2569
946 2804
947 1936
948 2342
949 3774
950 3649
951 2877
952 2319
953 1870
954 2866
955 3399
956 2634
957 3392
958 2758
959 2985
960 3544
961 3622
962 2659
963 2681
964 2816
965 2703
966 2674
967 3361
968 3285
969 2296
970 2022
971 2832
972 2326
973 2505
974 2499
975 2506
976 3042
977 2847
978 3367
979 2433
980 2578
981 2574
982 2837
983 2351
984 2653
985 2363
986 2082
987 2884
988 2984
989 2652
990 2593
991 2825
992 2552
993 2682
994 2397
995 2393
996 2750
997 3194
998 3458
999 2746
1000 3302
1001 2474
1002 2353
1003 3095
1004 2577
1005 2487
1006 1877
1007 3512
1008 2383
1009 2842
1010 3188
1011 2984
1012 3282
1013 2778
1014 2376
1015 3335
1016 2133
1017 2959
1018 2521
1019 2379
1020 2651
1021 2454
1022 2034
1023 2674
1024 2896
1025 3067
1026 2663
1027 2754
1028 3208
1029 2661
1030 3441
1031 2126
1032 2695
1033 2567
1034 2724
1035 2258
1036 2577
1037 2889
1038 3045
1039 1801
1040 2387
1041 2218
1042 3988
1043 2016
1044 2933
1045 2453
1046 2512
1047 3385
1048 2914
1049 3209
1050 2185
1051 2542
1052 2971
1053 3777
1054 2177
1055 2656
1056 2006
1057 2898
1058 2747
1059 2296
1060 3164
1061 2285
1062 2997
1063 1974
1064 2408
1065 2180
1066 3144
1067 3132
1068 2992
1069 3464
1070 2291
1071 2542
1072 2672
1073 2558
1074 2727
1075 2216
1076 2365
1077 3302
1078 2153
1079 2297
1080 2488
1081 2738
1082 3059
1083 2013
1084 2741
1085 3267
1086 2581
1087 2935
1088 2419
1089 2957
1090 2420
1091 2732
1092 2592
1093 2391
1094 2159
1095 2427
1096 3237
1097 2659
1098 2992
1099 2824
1100 3015
1101 2929
1102 3010
1103 3131
1104 2435
1105 3399
1106 2165
1107 3919
1108 2755
1109 3342
1110 2859
1111 2626
1112 2227
1113 2967
1114 2839
1115 2929
1116 3380
1117 2595
1118 2064
1119 3139
1120 2728
1121 2286
1122 2848
1123 2699
1124 2666
1125 3330

0 291 42 7
0 341 1 14
0 457 24 10
0 471 30 10
0 477 44 13
0 652 14 12
0 667 28 14
0 720 10 8
0 892 27 1
0 1020 6 15
1 17 47 15
1 116 41 10
1 171 42 11
1 336 1 10
1 341 28 3
1 392 27 11
1 652 8 12
1 706 43 2
2 341 34 3
2 438 15 14
2 551 38 6
2 556 8 6
2 652 6 10
2 958 7 2
3 143 36 3
3 347 34 3
3 429 22 10
3 542 45 14
3 597 3 15
3 902 33 12
3 917 9 15
3 998 43 10
3 1026 13 6
4 98 56 11
4 180 15 2
4 189 14 11
4 739 38 13
4 875 58 6
4 1083 17 2
5 26 23 1
5 74 28 9
5 103 4 10
5 451 49 5
5 472 56 15
5 830 27 1
5 970 34 10
6 29 44 1
6 200 39 9
6 269 35 10
7 304 25 14
7 346 47 14
7 387 25 7
7 613 13 2
7 631 10 14
8 408 3 3
8 503 40 6
8 690 7 1
8 1005 15 6
8 1090 48 14
9 57 46 8
9 287 12 11
9 319 56 8
9 422 8 12
9 496 6 5
10 623 43 15
10 728 50 15
10 768 11 7
10 810 10 5
10 874 25 4
10 939 16 4
10 1019 31 1
10 1051 4 8
11 36 44 8
11 54 56 3
11 64 21 7
11 135 9 3
11 211 37 7
11 219 23 8
11 412 56 11
11 782 21 12
11 1091 37 11
12 309 51 10
12 435 1 1
12 509 16 13
12 599 35 11
12 614 33 15
13 71 3 2
13 87 46 6
13 91 37 6
13 234 59 5
13 315 49 7
13 352 1 14
13 433 43 2
13 459 25 4
13 471 30 12
13 484 53 15
13 694 28 9
13 922 4 9
13 1009 14 15
14 287 18 13
14 357 29 7
14 517 36 1
14 589 5 8
14 716 11 2
14 772 32 11
15 76 60 4
15 157 52 1
15 195 18 8
15 210 32 1
15 215 15 4
15 444 25 7
15 1003 40 10
15 1056 30 2
16 224 6 2
16 432 20 1
16 462 34 14
16 464 41 15
16 586 43 14
16 589 20 10
17 41 49 9
17 177 18 10
17 182 15 6
17 485 56 13
17 654 45 2
17 687 46 6
17 1002 22 7
17 1052 47 5
18 816 32 9
19 139 45 2
19 386 44 15
19 1086 48 7
20 81 12 5
20 97 20 13
20 266 16 1
20 280 5 12
20 290 3 3
20 415 36 2
20 489 14 1
20 523 41 11
20 679 31 9
20 756 27 4
21 92 37 11
21 236 29 6
21 664 60 7
22 476 60 4
22 519 45 15
22 605 10 6
22 923 32 3
23 105 40 13
23 786 10 4
23 1044 42 12
24 223 7 4
24 244 49 14
24 476 41 14
24 574 41 10
24 827 9 14
24 844 59 9
25 350 20 10
25 398 22 5
25 450 22 13
25 611 27 1
25 631 28 11
25 930 20 3
25 959 5 14
26 186 29 5
26 232 56 2
26 348 13 6
26 405 10 7
26 528 51 2
26 577 23 1
26 650 7 3
26 659 18 8
26 1019 19 12
27 92 41 1
27 684 26 13
27 685 12 2
27 695 15 8
27 849 47 1
28 31 51 3
28 91 17 7
28 478 8 1
28 524 25 13
28 546 2 7
28 678 22 6
28 825 55 13
28 1056 38 6
29 400 35 3
29 411 36 10
30 350 17 2
30 402 40 14
30 611 37 14
30 711 41 9
30 1080 6 8
30 1086 34 8
31 370 19 11
31 612 6 2
31 634 20 3
31 659 33 15
31 838 28 12
32 136 38 11
32 647 18 12
32 814 60 11
32 1018 52 9
32 1029 54 7
33 218 41 2
33 263 33 12
33 495 18 2
33 582 28 7
33 658 58 12
34 249 6 5
34 318 7 15
34 580 46 2
34 785 12 5
34 905 47 15
34 930 17 15
34 974 1 15
34 1092 27 14
35 155 56 8
35 555 24 7
36 512 50 12
36 564 18 8
36 905 19 9
36 1005 39 14
36 1020 8 11
37 138 30 10
37 380 60 13
37 436 23 12
37 452 26 12
37 603 44 12
37 687 1 6
37 1046 8 11
37 1058 21 9
38 159 19 15
38 348 60 11
38 803 54 3
38 832 17 5
38 856 35 1
38 863 3 15
38 980 55 6
39 115 9 4
39 364 30 11
39 408 45 7
39 567 4 2
39 672 59 11
39 724 23 9
39 787 48 12
39 892 55 10
40 70 42 12
40 251 38 10
40 309 22 14
40 377 18 8
40 514 26 2
40 776 33 11
40 1078 60 4
41 62 53 5
41 88 6 7
41 556 19 15
41 877 19 5
41 926 7 10
41 1013 60 4
41 1070 27 13
42 445 26 5
42 533 28 6
42 655 39 2
42 888 4 13
43 436 46 6
43 478 6 4
43 824 9 8
43 1059 52 13
44 1036 58 15
45 99 28 5
45 121 27 10
45 162 46 4
45 858 24 4
46 100 26 11
46 120 48 2
46 182 38 11
46 311 3 12
46 375 52 14
46 471 30 10
46 550 24 6
46 593 50 15
46 823 48 5
46 920 48 10
47 106 58 5
47 343 30 7
47 379 33 2
47 386 28 15
47 498 14 14
47 957 12 1
48 72 34 13
48 139 26 1
48 478 39 6
48 727 25 2
48 831 35 2
48 1054 45 9
49 124 21 14
49 314 23 9
49 356 26 15
49 389 15 15
49 391 33 4
49 893 25 6
49 1071 25 14
50 166 34 4
50 233 42 14
50 404 44 15
50 416 56 9
50 451 23 6
50 525 30 14
50 745 43 1
51 178 25 3
51 351 60 12
51 391 60 13
51 744 49 10
51 838 21 10
51 862 4 9
51 1054 14 15
51 1062 12 11
52 152 33 10
52 205 35 11
52 273 59 11
52 401 40 9
52 485 3 14
52 490 50 6
52 639 21 12
52 724 48 13
52 1113 40 9
53 207 12 8
53 413 40 8
53 422 21 15
53 547 56 5
53 704 38 7
53 1015 21 15
54 72 51 4
54 387 45 15
54 407 1 7
54 525 33 11
54 751 49 4
55 470 38 3
55 808 50 11
55 1032 21 15
56 192 40 7
56 198 27 1
56 799 36 10
56 1119 40 11
57 241 47 6
57 491 1 4
57 537 5 6
57 544 58 1
58 162 42 6
58 227 42 14
58 445 11 15
58 835 16 9
59 214 51 2
59 309 21 10
59 961 50 12
59 979 50 1
59 1078 1 5
60 255 13 7
60 483 4 15
60 573 18 14
60 919 2 9
60 1084 37 2
60 1090 44 15
61 266 17 10
61 629 24 3
61 637 11 3
61 730 28 9
61 1014 43 8
62 296 28 14
62 626 5 7
62 645 43 6
62 669 57 15
62 847 32 15
62 856 29 11
63 425 18 9
63 720 60 2
63 789 14 3
63 855 39 10
63 1066 20 9
63 1100 49 10
64 283 52 12
64 621 49 9
64 852 52 10
64 1043 35 3
65 150 49 11
65 593 18 8
65 609 31 4
65 940 19 13
66 348 16 10
66 726 52 11
66 730 42 15
66 738 18 2
66 1048 21 7
66 1063 28 8
66 1104 55 5
67 326 50 13
67 539 40 9
67 627 24 5
67 673 4 1
67 797 29 1
67 1123 17 5
68 139 48 7
68 759 42 11
68 917 37 9
68 1086 42 7
69 271 41 2
69 623 18 4
69 647 53 7
69 788 35 8
69 911 10 7
69 1059 11 1
70 90 38 13
70 301 35 12
70 432 6 3
70 597 6 9
70 856 44 4
71 416 10 12
71 564 42 14
71 737 56 7
71 814 25 1
71 841 55 7
71 1097 29 15
72 103 9 3
72 249 43 1
72 895 32 6
72 992 21 3
73 326 5 5
73 371 14 7
73 632 39 1
73 675 39 3
73 758 13 12
73 796 19 15
73 880 14 10
73 1014 32 9
73 1020 52 14
73 1072 37 1
74 469 7 12
74 657 4 11
74 705 10 13
75 238 22 11
75 354 40 10
75 482 55 4
75 608 60 15
75 791 17 8
75 1012 3 12
76 861 44 3
76 903 14 7
76 908 45 6
77 413 12 6
77 547 39 3
77 796 8 8
77 931 3 9
77 996 20 9
78 79 47 4
79 476 33 8
79 523 20 10
79 543 14 10
79 550 13 5
79 704 26 8
79 844 54 3
80 192 27 12
80 335 6 1
80 480 34 14
80 525 9 1
80 721 37 10
80 855 16 5
81 141 36 10
81 257 46 9
81 258 53 11
81 282 3 2
81 396 6 10
81 514 34 2
81 667 54 4
81 861 19 13
82 118 51 7
82 294 2 8
82 654 31 11
82 828 36 8
82 931 24 1
82 961 50 5
82 970 31 6
83 535 58 1
83 539 1 12
83 838 30 2
83 865 23 14
83 1019 36 11
84 314 58 8
84 331 12 12
84 636 51 12
85 148 26 13
85 317 4 13
85 589 55 5
85 625 52 3
85 759 39 5
85 861 8 1
85 906 14 2
85 1086 40 13
86 619 38 10
86 973 37 9
86 985 9 2
86 1088 12 8
87 380 38 2
87 394 36 14
87 419 24 15
87 431 12 1
88 135 39 4
88 272 53 14
88 306 38 11
88 459 10 6
88 743 20 12
88 863 23 8
89 127 5 3
89 332 17 8
89 423 2 14
89 736 24 4
89 760 35 2
89 977 45 5
89 1109 49 3
90 253 16 9
90 487 21 5
90 498 43 6
90 664 16 4
90 770 43 7
90 802 54 13
90 973 36 2
90 1058 12 11
91 131 42 1
91 173 54 15
91 288 32 14
91 416 34 2
91 683 11 11
91 725 12 13
91 764 4 13
92 513 3 14
92 676 6 15
92 829 45 13
92 844 42 8
92 1006 27 5
93 189 39 3
93 910 1 3
93 1030 12 14
94 174 35 1
94 354 20 12
94 368 25 7
94 862 30 11
94 905 32 1
95 171 7 12
95 860 27 3
95 898 20 1
96 267 39 13
96 637 34 10
96 766 56 6
96 902 37 15
96 1032 31 13
97 250 30 3
97 351 15 2
97 739 42 9
97 887 4 4
97 1106 6 7
98 197 27 9
98 483 15 14
98 684 3 5
98 687 46 12
98 797 49 10
98 817 9 9
98 1012 25 11
99 124 31 13
99 309 39 14
99 412 43 9
99 537 6 13
100 151 48 9
100 373 8 7
100 587 2 9
100 845 45 10
100 970 9 9
100 1003 33 1
100 1007 16 11
100 1023 43 2
101 426 11 10
101 611 50 8
101 717 31 9
101 827 8 14
101 997 17 4
102 324 5 9
102 403 49 12
102 456 11 11
102 587 59 3
102 650 18 13
102 785 45 8
102 880 3 3
103 109 6 4
103 146 41 3
103 524 5 3
103 565 1 13
103 665 22 5
103 755 56 14
103 855 4 8
103 952 37 4
103 998 57 12
103 1100 15 4
104 193 16 8
104 226 55 9
105 131 52 10
105 530 36 3
105 1006 43 5
106 159 3 2
106 181 48 11
106 307 38 15
106 380 46 8
106 491 19 14
106 493 8 12
106 614 50 14
106 738 49 13
106 740 46 10
106 938 55 9
106 993 40 1
107 512 22 3
107 535 14 1
107 586 27 15
108 119 15 1
108 332 44 8
108 721 11 9
108 740 45 14
108 1088 17 8
109 214 16 8
109 336 39 5
109 487 43 8
109 629 48 12
109 821 46 7
109 932 11 7
109 1057 9 12
109 1060 10 1
109 1077 21 9
110 594 9 15
110 756 20 3
110 1061 45 7
111 199 42 11
111 309 23 7
111 385 20 3
111 475 53 4
111 524 28 4
111 668 37 8
111 1070 18 10
111 1107 57 9
112 127 13 3
112 147 58 5
112 356 55 9
112 1113 11 2
113 259 56 15
113 315 17 6
113 403 50 12
113 566 3 5
113 715 11 10
114 158 4 10
114 440 11 10
114 858 44 14
114 1030 44 1
115 332 5 9
115 438 57 12
115 597 50 6
115 736 35 11
115 878 43 6
115 941 13 8
115 979 33 4
116 288 48 4
116 366 18 13
116 416 45 15
116 698 41 3
116 768 2 6
116 853 34 4
116 955 43 11
117 321 9 7
117 648 58 13
117 766 36 13
118 719 37 9
118 789 57 9
118 793 2 13
118 1020 32 15
119 228 28 12
119 258 36 4
119 307 41 14
119 380 51 4
119 882 33 11
120 362 18 3
120 852 22 3
120 879 34 8
120 1042 10 7
120 1119 7 1
121 280 23 10
121 394 26 2
121 550 41 8
121 648 46 3
121 698 21 5
121 727 53 14
121 834 25 8
121 1110 11 4
122 173 26 1
122 317 57 7
122 964 57 4
122 974 42 4
122 986 33 6
123 280 44 8
123 1109 51 14
124 131 47 13
124 190 2 14
124 406 53 7
124 443 1 7
124 486 49 2
124 493 22 11
124 799 14 13
125 189 43 2
125 501 48 6
125 721 15 10
125 766 7 11
125 986 21 13
126 199 40 13
127 396 33 2
127 624 26 13
127 878 24 11
128 200 39 14
128 474 32 11
128 911 6 12
129 141 20 4
129 255 48 15
129 307 13 9
129 339 58 3
129 583 25 1
129 682 25 6
129 693 60 2
129 776 7 4
129 860 31 13
129 1032 9 14
130 512 15 8
130 514 52 8
130 762 24 6
131 170 26 14
131 438 1 1
131 837 56 6
131 1088 36 3
131 1092 2 13
131 1112 7 3
132 352 43 15
132 385 16 7
132 441 23 9
132 731 52 14
132 811 37 4
132 1058 42 10
133 339 16 1
133 499 29 14
133 784 12 12
133 847 15 9
133 869 11 7
133 1113 22 2
134 332 17 4
134 397 39 1
134 418 59 12
134 671 60 7
134 785 22 11
134 987 59 6
135 913 53 2
135 942 17 1
136 145 3 6
136 146 46 13
136 274 19 10
136 357 46 3
136 386 57 4
136 802 12 2
136 1060 44 10
137 256 45 12
137 518 3 9
137 743 34 15
137 831 58 10
137 842 20 9
138 552 58 10
138 598 49 10
138 621 33 13
139 188 27 15
139 964 49 13
139 1040 53 13
139 1082 29 13
140 191 54 8
140 264 54 12
140 359 49 5
140 792 22 12
141 152 43 15
141 272 43 9
141 399 28 10
141 435 9 7
141 545 55 3
141 579 47 3
141 697 7 2
141 809 46 2
141 1125 59 4
142 197 45 3
142 336 20 15
142 532 33 15
142 543 48 13
142 585 39 7
142 718 37 15
142 719 26 10
142 752 38 4
142 819 58 9
142 1114 49 10
143 199 11 10
143 260 34 13
143 705 22 7
143 795 6 10
144 197 1 7
144 632 12 12
144 851 23 1
144 979 4 9
145 194 42 5
145 432 37 3
145 609 46 12
145 950 48 4
145 1057 54 12
146 267 41 3
146 476 22 7
146 775 56 8
146 790 21 6
146 903 57 6
146 998 49 1
146 1059 18 9
146 1108 54 7
147 152 38 8
148 165 43 4
148 294 21 2
148 508 9 13
148 569 22 1
148 960 49 12
148 1104 12 14
149 186 2 13
149 412 19 5
149 479 44 10
149 626 15 6
150 289 54 6
150 295 41 6
150 556 41 9
150 646 35 4
150 650 16 5
150 768 26 4
150 1008 29 9
150 1037 2 4
150 1059 41 9
151 178 28 2
151 408 35 1
151 416 1 3
151 462 59 5
151 573 4 4
151 848 29 8
151 994 11 1
151 1125 60 2
152 389 1 10
152 400 3 7
152 512 42 3
152 525 36 2
152 542 53 11
152 724 51 9
152 854 15 1
152 1029 28 4
153 660 22 2
153 665 44 1
153 1119 41 13
154 182 50 10
154 356 40 3
154 368 29 1
154 406 24 10
154 427 23 2
154 1051 57 1
155 214 18 15
155 390 55 10
155 654 52 5
155 817 47 10
156 196 59 5
156 212 16 6
156 260 36 8
157 263 18 9
157 562 35 12
158 278 25 3
158 511 41 5
158 512 29 11
158 529 60 4
158 862 31 5
158 873 38 6
158 940 44 1
158 1118 29 13
159 696 26 11
159 966 27 14
160 430 49 12
160 613 56 14
160 820 34 6
161 532 8 6
161 546 14 14
161 596 58 5
161 626 42 13
161 803 53 12
161 844 46 12
161 893 30 15
162 320 8 7
162 578 42 14
162 696 28 7
163 294 33 15
163 358 17 2
163 414 9 6
163 517 24 4
163 528 50 10
163 874 17 4
163 881 24 12
163 889 56 4
164 260 43 7
164 540 56 7
164 685 14 13
164 748 3 7
164 873 16 8
164 882 47 9
165 198 4 9
165 375 31 15
165 570 60 8
165 1116 53 3
165 1125 4 9
166 280 51 12
166 305 50 11
166 824 52 1
166 828 10 2
166 1010 55 2
167 174 12 2
167 179 32 1
167 215 28 15
167 1000 23 4
168 176 19 13
168 340 20 1
168 539 49 5
168 549 44 12
168 690 53 10
168 868 57 6
168 1047 40 13
168 1084 24 11
169 490 25 15
169 520 24 3
169 1076 46 6
169 1101 18 12
170 214 32 8
170 371 59 12
170 489 35 6
170 636 50 3
170 718 53 13
170 874 18 13
171 449 1 10
171 564 24 12
171 612 28 8
171 697 56 1
171 709 52 7
171 739 52 1
171 748 57 8
171 969 49 10
171 1045 32 15
172 196 33 8
172 210 13 6
172 450 5 11
172 461 57 6
172 542 7 15
172 670 29 2
172 942 11 9
172 980 42 12
173 518 18 14
173 575 12 15
173 633 58 11
173 641 6 8
173 757 8 11
173 789 40 2
173 880 39 13
173 1002 49 8
174 402 35 5
174 420 48 12
174 579 8 12
174 742 20 12
174 772 56 12
175 1030 38 11
176 246 34 14
176 272 50 10
176 440 47 5
176 799 19 12
177 249 24 9
177 403 8 9
177 418 11 6
177 529 58 4
177 622 5 3
177 843 54 13
177 918 50 9
178 540 37 12
178 728 40 10
179 549 11 6
179 565 4 13
179 866 53 2
179 1059 37 3
180 300 59 13
180 527 59 3
180 534 6 9
180 632 31 2
180 786 32 1
180 836 17 12
181 283 16 11
181 579 47 9
181 839 44 2
181 863 21 11
181 915 16 9
181 991 55 11
182 389 55 3
182 408 51 12
182 424 12 14
182 502 38 5
182 593 37 15
182 832 52 5
182 873 33 1
182 908 15 13
182 1003 9 3
183 367 47 3
183 509 47 5
183 545 43 10
183 701 47 2
183 1118 40 11
184 192 29 14
184 235 50 10
184 530 20 9
184 670 33 15
184 779 26 6
185 413 50 8
185 496 54 8
185 610 44 2
185 840 16 15
185 885 36 10
185 1064 29 3
185 1071 57 9
185 1105 31 2
186 238 58 9
186 382 34 1
186 449 35 2
186 478 19 6
186 574 44 4
186 935 54 12
186 1032 48 3
186 1092 7 7
187 203 41 1
187 403 43 3
187 1063 39 15
188 522 17 4
188 529 46 9
188 1114 40 8
189 639 45 15
189 649 55 3
189 681 16 6
189 714 57 10
189 1060 39 5
190 324 43 5
190 347 41 2
190 706 25 12
190 712 47 9
191 425 44 5
191 519 37 6
191 534 31 10
191 884 26 6
192 323 32 5
192 369 43 2
192 413 33 12
192 442 17 3
192 625 24 4
192 715 3 5
192 838 50 3
192 905 26 3
192 1009 23 4
193 204 22 2
193 729 47 1
193 778 51 9
193 940 20 13
193 953 16 6
194 239 41 14
194 422 4 3
194 456 43 8
194 561 13 6
194 569 17 10
194 998 7 2
195 647 38 3
195 677 2 4
195 915 37 1
196 462 32 4
196 559 54 6
196 855 2 8
196 1007 2 11
197 464 14 3
197 513 55 1
197 654 21 11
197 708 47 2
197 1104 23 15
198 323 31 10
198 383 50 8
198 598 54 9
198 704 10 6
198 737 42 5
198 879 1 5
198 989 46 10
199 217 11 4
199 266 25 3
199 438 14 3
199 479 2 11
199 630 31 11
199 682 29 3
199 786 40 14
199 963 55 9
200 248 41 11
200 311 15 4
200 352 29 8
200 415 8 1
200 463 34 8
200 510 31 5
200 894 28 11
200 1086 51 2
201 252 10 14
201 381 57 10
201 509 49 13
201 610 59 4
201 719 28 7
201 772 22 15
201 812 46 8
201 839 10 14
201 881 39 3
201 1035 21 15
201 1068 30 4
201 1079 47 4
201 1105 2 15
202 567 48 6
203 402 5 14
203 675 25 10
203 761 35 15
203 911 46 4
203 957 20 6
203 1019 36 13
204 413 45 12
204 429 23 10
204 961 40 12
204 1039 42 10
205 572 56 6
205 786 4 1
205 795 57 10
205 830 57 3
205 1115 31 1
206 636 50 3
206 1077 56 7
207 477 52 6
207 674 31 12
207 1023 38 7
207 1076 50 9
208 545 4 8
208 586 20 7
208 663 34 6
208 675 48 8
208 909 15 10
208 985 18 2
208 1013 60 1
209 327 28 8
209 368 11 14
209 409 4 10
209 427 32 9
209 743 30 10
209 929 24 8
209 957 51 6
209 988 3 2
209 1068 55 8
212 236 34 1
212 242 7 12
212 546 5 2
212 626 9 10
212 655 44 1
212 766 59 1
213 728 53 13
213 737 55 7
213 1053 56 4
213 1108 48 7
213 1110 13 1
214 258 28 6
214 311 47 10
214 374 44 15
214 604 4 9
214 677 29 3
214 705 1 8
214 716 8 15
214 883 43 15
214 983 46 4
214 1089 48 7
214 1111 19 11
215 311 20 7
215 346 33 6
215 384 27 15
215 798 42 2
215 888 26 4
216 487 38 15
216 498 39 2
216 591 8 9
216 653 44 6
216 734 39 15
216 787 10 7
216 947 44 6
216 995 45 7
216 1038 3 1
217 324 22 8
217 420 7 11
217 442 35 7
217 491 58 9
217 696 40 11
218 288 17 4
218 411 57 4
218 422 27 5
218 772 43 11
218 777 52 10
218 794 57 2
218 1089 50 10
219 695 18 13
219 996 17 1
220 431 27 11
220 622 30 15
220 680 25 12
220 855 6 14
220 874 29 10
220 938 18 4
220 1021 38 11
221 456 36 5
221 614 45 10
221 783 50 12
222 674 30 1
222 965 39 7
222 992 21 14
223 899 56 9
223 1012 28 2
223 1083 50 7
224 477 3 15
224 539 25 13
224 560 10 1
224 716 22 14
224 779 29 5
224 977 58 10
225 269 9 9
225 336 43 10
225 401 48 9
225 518 45 7
225 809 34 2
225 965 40 4
226 465 25 14
226 469 8 3
226 605 24 1
226 637 33 15
226 890 57 12
226 924 50 8
227 340 37 14
227 351 26 8
227 493 49 1
227 558 37 3
227 574 24 10
227 1019 38 5
227 1082 33 15
227 1103 39 13
228 709 59 9
228 1089 38 6
228 1114 39 1
229 266 5 7
229 534 48 13
229 610 39 14
229 854 46 6
229 936 33 4
229 1032 41 5
230 407 48 14
230 481 26 3
230 498 47 7
230 723 55 8
230 894 9 14
230 992 35 15
230 1020 16 5
231 239 3 14
231 258 44 9
231 377 57 5
231 671 7 10
231 760 18 1
231 1081 15 4
232 239 50 15
232 250 31 5
232 294 2 12
232 315 25 5
232 337 33 3
232 786 4 11
233 493 50 12
233 571 20 14
233 796 9 7
233 812 10 11
233 1040 34 8
234 725 1 3
234 957 20 11
235 641 22 3
235 916 40 10
235 948 58 9
235 983 59 1
235 1022 58 4
236 605 33 7
236 931 28 7
236 1023 60 5
237 512 28 7
237 895 13 1
237 904 33 13
238 272 19 10
238 706 12 10
238 829 36 14
239 327 30 4
239 355 48 4
239 661 42 10
239 1007 55 5
240 1057 4 15
241 245 57 14
241 617 34 11
241 649 7 10
241 967 32 12
241 1040 60 14
242 523 23 2
242 559 41 1
242 719 4 13
242 748 53 6
242 936 1 14
243 432 44 1
243 896 1 7
244 425 19 6
244 487 8 13
244 689 41 5
244 774 57 5
244 895 47 10
244 936 5 7
244 951 60 1
245 362 43 12
245 770 46 12
245 779 9 6
245 981 12 3
246 486 40 12
246 799 24 15
246 974 12 9
246 990 13 7
246 1003 31 2
247 898 45 7
247 950 16 15
247 999 40 13
247 1096 39 9
248 643 35 11
248 741 50 5
248 828 1 4
248 878 33 14
248 982 49 2
249 620 38 9
249 693 43 9
250 470 25 1
250 599 60 15
250 621 60 13
250 936 41 13
251 348 49 10
251 475 39 1
251 594 25 10
251 833 51 1
251 849 35 4
251 1040 53 1
252 606 13 3
252 658 45 15
252 766 57 15
252 957 56 11
253 542 3 13
253 610 1 8
253 793 5 9
253 857 34 5
253 996 51 8
253 1055 34 11
253 1109 12 10
254 463 48 10
254 929 54 8
254 968 48 3
254 992 25 6
254 1083 16 12
255 353 24 15
255 579 29 10
255 581 20 1
255 718 33 7
255 894 50 14
255 1101 55 5
256 369 54 10
256 571 10 4
256 719 36 3
257 434 40 8
257 454 36 11
257 468 49 5
257 551 50 8
257 952 36 8
257 1046 11 6
257 1076 50 6
258 322 41 8
258 411 29 5
258 491 44 1
258 890 8 7
259 576 34 4
259 677 23 13
259 793 34 4
259 864 27 14
259 875 54 2
260 317 47 3
260 335 58 1
260 421 30 3
260 490 59 12
260 886 21 15
261 343 34 7
261 548 22 10
261 730 6 7
261 894 5 8
261 937 49 14
262 457 14 15
262 664 55 6
262 713 37 5
262 787 53 2
262 838 52 2
262 973 5 6
262 1009 2 8
262 1020 26 5
262 1080 37 11
263 425 38 6
263 788 44 9
263 881 18 2
264 304 48 13
264 491 47 2
264 520 30 12
264 593 48 13
264 728 22 2
264 871 45 15
264 971 35 3
264 974 5 11
265 698 19 3
265 714 1 7
265 870 52 3
265 1048 54 7
266 659 51 2
266 673 42 6
266 702 24 5
266 972 11 8
266 999 45 1
266 1006 35 15
266 1051 14 2
267 830 32 4
268 323 6 4
268 352 32 2
268 358 33 15
268 571 46 3
268 863 8 15
268 1108 38 9
269 338 45 7
269 368 3 10
269 508 60 2
270 291 37 7
270 315 8 1
270 414 38 12
270 972 34 2
270 984 18 10
271 299 60 5
271 596 22 8
271 598 29 11
271 617 55 14
271 783 12 6
271 789 34 7
271 806 19 8
271 974 52 1
272 291 60 13
272 345 27 15
272 387 52 8
272 555 2 3
272 671 60 10
272 790 4 12
272 1016 42 9
272 1094 11 2
273 1087 47 10
274 636 53 12
274 854 8 14
274 974 13 15
274 1083 51 7
275 424 15 5
275 477 5 15
275 525 30 8
275 604 21 10
275 755 1 10
275 869 20 12
275 938 27 7
275 1054 20 13
276 461 26 6
276 549 20 3
276 700 33 14
276 834 41 8
277 355 50 7
277 814 54 5
277 990 29 2
278 372 23 1
278 441 1 8
278 593 46 12
278 702 1 1
278 831 23 11
278 1033 24 15
279 438 53 9
279 482 35 11
279 835 50 13
279 974 41 13
279 1049 1 9
280 303 32 14
280 394 1 1
280 501 36 1
280 522 11 13
280 792 50 14
280 869 19 15
280 876 38 15
280 913 8 14
281 370 10 4
281 437 9 4
281 511 9 10
281 599 9 3
281 816 27 11
281 905 37 1
281 969 1 8
281 1119 56 9
282 422 43 8
282 485 31 5
282 665 9 15
282 881 37 9
282 919 60 4
282 960 56 12
282 1006 3 2
282 1067 28 11
282 1078 35 14
282 1092 57 13
283 518 12 12
283 971 52 8
283 985 43 2
283 1116 49 10
284 307 35 13
284 428 41 12
284 809 57 9
284 991 11 5
285 407 46 6
285 620 53 13
285 650 45 9
285 774 45 12
285 930 19 15
285 1039 46 8
285 1056 39 13
285 1109 51 7
286 305 21 13
286 522 25 14
286 940 6 14
286 1089 57 4
287 428 10 8
287 511 24 10
287 1095 28 4
288 314 33 12
288 583 8 7
289 799 48 12
289 848 15 5
291 356 12 3
291 692 31 11
291 1036 43 15
292 397 14 2
292 726 29 14
292 811 20 10
292 820 35 2
292 956 1 8
292 1116 40 5
293 550 54 8
293 753 9 10
293 789 36 13
293 1056 52 10
294 404 24 5
294 651 2 10
294 724 49 14
294 921 54 6
294 1081 36 15
295 297 49 8
295 568 28 13
295 612 21 8
295 750 59 2
295 1107 29 11
296 301 12 9
296 314 8 9
296 319 4 12
296 477 54 14
296 947 17 12
296 995 32 1
296 1015 24 1
296 1055 4 11
297 553 34 2
297 554 60 9
297 771 17 1
297 865 57 13
298 494 12 6
298 820 42 1
298 862 1 5
298 863 2 14
298 879 10 12
298 886 23 11
298 932 20 1
299 518 10 13
299 717 40 7
299 829 8 5
299 964 50 1
300 901 22 10
300 1048 47 7
300 1083 51 7
300 1116 17 9
301 386 21 2
301 395 35 12
301 429 60 15
301 539 13 12
301 904 20 10
301 989 4 14
302 523 54 12
302 680 26 8
303 345 38 2
303 347 4 1
303 604 44 6
303 971 49 1
303 1005 11 6
304 306 12 12
304 433 30 13
304 570 23 10
304 861 28 4
304 932 1 10
305 737 47 15
305 824 10 13
305 988 41 15
306 528 26 13
306 842 1 12
306 873 33 3
306 887 1 4
306 962 55 3
307 359 43 10
307 364 27 7
307 822 45 4
307 1043 1 15
307 1112 53 14
308 355 22 10
308 369 19 10
308 454 49 7
308 636 25 12
308 790 24 15
309 566 31 6
309 610 42 13
309 893 11 10
309 1061 7 4
310 358 30 14
310 524 23 1
310 796 53 3
310 1050 31 5
311 381 48 7
311 520 19 3
311 541 37 1
311 707 31 13
311 1025 44 15
311 1068 33 11
312 388 15 4
312 491 10 12
312 551 34 8
312 696 13 7
312 779 23 7
312 844 57 11
312 1025 34 13
313 384 29 15
313 535 31 12
313 740 39 15
313 746 12 11
313 905 46 10
313 1016 3 12
314 572 53 14
314 943 40 1
315 422 59 6
315 1072 35 4
316 624 45 11
316 1009 12 13
317 386 38 6
317 567 56 12
317 629 4 13
317 662 27 3
317 822 57 12
318 506 16 3
318 526 5 7
318 649 26 14
318 747 57 12
318 765 39 10
318 775 27 15
319 677 60 13
319 721 47 9
319 1033 11 1
320 426 42 8
320 484 40 8
320 903 51 11
320 959 14 12
320 1013 4 3
320 1121 1 12
321 352 48 6
321 389 21 1
321 445 18 1
321 917 60 15
321 968 15 10
322 331 31 15
322 401 56 11
322 840 23 6
323 712 37 8
323 783 8 7
323 1104 22 8
324 417 43 5
324 682 20 12
324 760 16 15
324 887 48 2
325 557 13 11
325 676 13 8
326 473 23 9
326 775 22 13
327 551 30 15
327 759 17 4
327 887 60 6
328 376 12 11
328 534 10 14
328 571 40 8
328 597 14 8
329 654 7 6
329 823 31 4
329 939 16 7
330 363 18 12
330 651 11 13
330 670 9 6
330 703 55 12
330 852 15 11
330 1016 46 3
331 795 20 4
332 422 15 1
332 894 22 10
332 983 46 5
332 1040 29 11
333 494 47 2
333 715 46 1
333 1073 30 4
334 400 33 7
334 581 31 7
334 622 38 9
334 931 9 7
334 1115 37 13
335 658 21 11
335 684 57 10
335 909 48 15
336 388 54 13
336 540 9 14
336 792 12 6
336 976 8 9
337 475 43 11
337 691 47 9
337 1013 50 15
337 1100 25 12
338 358 2 8
338 476 37 15
338 1024 27 7
339 487 16 10
339 599 45 8
339 823 5 9
340 797 11 3
340 804 13 9
340 812 7 4
340 1074 27 14
342 659 45 12
342 1001 14 3
343 389 39 6
343 457 17 9
343 703 44 10
343 765 52 3
343 768 44 3
343 778 25 6
343 1115 9 3
344 402 29 5
344 896 19 12
345 391 59 2
345 399 34 2
346 349 17 15
346 557 11 8
346 600 52 9
346 829 10 1
346 1004 35 15
347 409 59 10
347 612 23 7
347 653 24 13
347 698 29 3
347 713 14 6
347 800 4 11
347 846 13 8
347 966 36 9
347 1096 27 9
347 1107 2 8
348 396 15 11
348 708 17 4
348 1012 54 10
348 1116 21 15
350 384 44 2
350 610 27 13
350 916 3 15
350 960 49 1
350 1031 31 6
351 449 43 7
351 545 50 9
352 531 5 3
352 716 53 1
354 372 3 11
354 746 5 7
355 363 30 8
355 474 25 8
355 593 24 2
355 675 3 6
355 719 41 3
355 900 24 14
355 1118 38 11
356 1067 51 11
356 1090 18 7
357 655 14 14
358 493 4 11
358 653 32 11
358 1033 28 5
359 363 35 1
360 679 1 4
360 835 43 6
361 418 31 2
361 698 39 11
361 751 10 14
361 829 31 15
361 893 11 3
361 953 47 5
362 389 40 1
362 400 52 13
362 970 20 1
362 993 10 10
362 1040 27 15
362 1059 10 2
363 870 21 14
363 904 56 6
363 927 34 8
364 442 37 8
364 458 28 14
364 487 41 6
364 685 7 5
364 814 43 15
364 893 39 1
365 530 54 13
365 766 26 3
365 884 34 3
365 919 46 1
366 598 38 12
366 764 37 10
366 897 36 8
366 1100 5 15
367 525 56 7
367 558 42 2
367 714 16 14
367 747 25 7
367 783 53 1
367 927 37 3
367 976 5 3
368 840 41 9
368 997 21 13
369 928 24 15
369 986 11 11
369 1062 16 3
369 1083 30 7
370 522 26 4
370 621 20 15
370 709 59 10
370 759 56 2
370 789 53 14
370 888 30 6
370 1014 26 8
370 1016 54 8
370 1035 24 4
370 1083 46 7
371 690 10 14
371 1104 54 6
371 1125 7 2
373 374 55 1
373 436 25 7
373 588 37 5
373 790 39 11
373 808 2 5
373 1043 25 15
374 987 15 5
375 475 38 4
375 675 22 3
375 707 30 15
375 880 34 1
375 917 26 6
376 416 55 10
376 849 25 4
376 998 29 9
376 1029 43 1
376 1098 28 1
377 522 5 14
377 822 8 8
378 901 31 15
378 951 46 14
378 1117 29 3
379 471 19 7
379 650 41 15
379 661 57 6
379 731 25 13
379 770 41 5
379 782 8 2
380 566 46 10
380 661 15 9
380 845 50 6
380 871 46 6
381 455 39 7
381 469 47 11
381 503 17 6
381 567 47 15
381 759 15 15
382 577 47 3
382 745 22 2
383 573 10 1
383 613 16 8
383 673 51 10
383 726 4 11
383 773 12 11
383 907 29 8
384 754 53 15
384 834 25 6
385 816 57 13
385 902 3 7
386 758 13 3
386 759 31 8
387 786 39 4
388 541 53 5
388 646 3 9
389 477 44 3
389 523 14 11
389 624 53 2
389 783 23 11
389 967 23 12
390 588 33 11
390 596 17 13
390 853 58 6
391 514 59 6
391 541 2 12
391 658 46 13
391 824 54 13
392 479 7 10
392 1046 48 8
392 1059 14 2
393 413 50 4
393 458 57 5
393 875 41 14
394 409 39 4
394 659 47 6
394 703 6 6
394 745 44 5
394 1000 58 5
395 1073 45 12
396 464 13 1
396 578 22 5
396 653 48 8
396 943 19 11
396 944 9 8
396 985 59 5
396 1007 9 15
397 399 29 6
397 774 55 13
397 786 27 10
398 588 12 13
398 655 22 14
398 838 16 11
398 985 20 3
398 1066 7 9
399 807 47 8
399 856 48 4
399 869 52 13
399 985 14 11
399 1025 22 15
399 1059 21 13
399 1087 22 15
399 1123 26 6
401 859 4 4
401 895 14 9
401 980 43 2
402 488 10 9
402 516 28 7
402 609 54 11
402 724 23 14
402 939 55 7
403 489 13 12
403 758 44 11
403 809 14 8
404 476 16 8
404 795 11 15
404 930 40 9
404 1035 4 15
405 754 39 2
406 500 9 5
406 522 43 11
406 655 57 2
406 718 12 9
406 742 27 14
406 750 44 11
406 796 37 14
406 1124 39 6
407 459 53 8
407 547 39 8
407 841 59 13
407 916 9 13
407 981 45 5
407 1085 28 8
408 698 49 12
408 729 9 13
408 949 16 3
409 953 50 14
410 605 4 6
411 544 5 12
411 797 47 11
411 845 54 9
411 1124 17 2
412 874 57 8
412 912 3 3
412 943 19 13
412 1125 18 13
413 609 29 6
413 648 25 12
413 732 22 14
413 740 12 2
414 637 34 11
414 960 1 4
414 998 49 5
414 1058 8 9
414 1063 10 9
415 474 8 15
415 562 15 4
415 627 19 6
415 1054 45 6
416 440 50 7
416 605 48 10
416 729 35 11
416 781 38 1
416 864 20 4
416 1019 30 4
416 1023 48 10
416 1122 48 7
417 418 22 15
417 656 59 14
418 429 20 12
418 554 26 7
418 616 34 11
418 987 38 11
419 661 51 6
419 815 11 5
419 823 17 1
419 929 20 3
420 524 11 3
420 659 36 4
420 963 57 1
421 745 7 12
421 1045 45 6
421 1124 36 9
422 875 20 1
422 893 28 3
422 1026 16 10
422 1064 19 5
423 498 11 5
423 587 40 1
423 615 45 13
423 835 13 4
423 901 10 12
424 435 48 8
424 505 33 3
424 684 27 10
424 740 10 4
424 970 30 2
424 1038 12 9
425 615 21 7
425 1107 44 2
425 1110 10 1
426 591 30 1
426 902 43 5
426 920 39 4
426 944 39 5
426 1067 59 11
427 523 1 5
427 572 23 10
427 744 60 7
428 551 33 12
428 564 36 12
428 595 13 8
428 698 29 13
428 740 10 15
428 1038 53 8
429 984 26 3
429 1049 45 2
429 1103 56 13
430 553 17 5
430 609 14 14
430 774 6 9
430 829 4 8
430 925 8 14
430 967 7 6
430 1072 15 8
431 639 14 6
431 803 53 14
431 1103 30 8
433 721 51 10
435 441 13 10
435 1053 32 11
436 492 37 7
436 803 2 7
436 1047 42 8
437 519 55 9
437 698 16 13
437 1041 37 1
437 1064 18 13
437 1119 55 4
438 983 4 5
438 1114 58 4
439 537 25 12
439 563 40 4
439 738 29 7
439 869 6 9
440 1072 37 13
441 920 21 13
442 941 44 4
442 1004 21 8
442 1072 33 3
442 1084 12 14
443 487 43 7
443 675 53 8
443 956 20 14
443 974 13 5
444 534 7 11
444 857 54 2
444 1003 16 14
444 1021 59 5
445 449 43 7
445 576 20 13
445 580 9 2
445 814 13 7
445 933 29 3
446 551 5 12
446 579 3 14
446 676 46 3
446 960 8 11
446 969 59 8
446 991 36 2
446 1076 8 7
447 475 7 15
447 567 39 9
447 825 25 4
447 942 22 1
447 989 50 10
448 606 59 13
448 693 2 11
448 937 37 14
449 634 58 6
450 551 23 2
450 573 21 9
450 578 8 13
450 721 31 12
450 875 52 15
451 477 11 13
451 528 33 12
451 570 4 9
451 798 1 12
451 874 31 9
451 964 15 3
452 550 27 12
452 583 56 3
452 600 31 10
452 927 5 2
453 536 37 4
453 666 60 15
453 742 43 2
453 907 37 11
453 973 56 4
453 976 34 15
454 593 7 12
454 965 47 8
455 526 50 8
456 478 37 10
457 535 48 4
457 717 4 10
457 914 18 5
458 698 26 12
458 794 21 2
458 1033 43 14
458 1034 15 1
458 1037 48 2
458 1063 19 5
459 690 16 5
459 1094 46 10
460 468 49 8
460 930 17 10
460 1014 8 9
461 1036 48 5
462 716 45 9
462 870 37 3
463 555 11 11
463 572 59 9
463 660 16 11
463 730 33 13
463 977 20 9
464 686 21 5
464 691 12 7
464 772 6 10
464 897 19 14
464 964 36 7
464 996 10 13
465 561 7 5
465 696 59 9
465 969 21 8
465 1074 15 15
465 1120 58 7
466 520 37 13
466 583 55 5
466 625 24 4
466 708 28 7
466 858 22 5
466 954 39 14
467 485 37 10
467 506 29 10
467 585 22 7
467 807 32 15
467 940 11 11
468 591 28 14
468 942 17 13
468 1064 42 3
469 508 16 8
469 735 16 8
469 931 33 12
470 642 24 6
470 844 10 11
470 907 35 13
470 947 35 10
470 952 37 2
471 509 8 5
471 561 12 2
471 643 55 6
471 916 18 15
472 939 60 15
472 1077 21 13
473 493 15 6
473 524 7 14
473 716 18 1
473 727 42 12
473 1066 37 8
473 1114 20 3
474 721 46 13
474 931 47 15
475 521 60 7
475 602 11 3
475 817 15 12
475 845 5 14
475 898 34 8
477 506 12 10
477 515 32 8
477 684 4 15
477 814 17 5
478 753 18 14
478 819 55 14
478 866 7 14
478 1011 15 3
478 1018 23 6
478 1033 51 8
479 641 31 7
479 656 31 5
479 812 9 6
479 869 9 1
479 901 39 11
479 948 46 1
479 1077 58 15
480 658 32 13
480 897 53 5
480 994 56 10
481 677 39 7
481 1016 58 11
481 1073 23 4
482 680 59 9
482 771 10 15
483 656 6 10
483 977 43 14
483 1093 60 15
484 557 8 4
484 598 15 1
484 1007 8 1
484 1078 53 6
485 655 5 11
485 713 6 5
485 736 56 13
485 964 59 12
485 1054 59 5
485 1090 49 2
486 678 7 2
486 1007 55 14
486 1110 4 11
487 756 12 7
487 778 59 2
487 941 45 8
487 1067 4 1
487 1093 26 9
487 1106 28 9
488 571 38 14
488 695 18 12
488 796 59 7
489 608 46 12
489 610 56 14
489 661 30 12
489 843 21 9
489 1098 59 7
490 510 47 6
490 555 49 3
490 592 17 10
490 982 32 5
490 998 12 14
491 593 42 15
491 631 31 5
491 804 45 7
491 990 2 6
492 573 38 1
492 745 45 8
492 1022 37 15
493 859 48 15
493 923 44 14
493 1107 8 11
494 669 32 14
494 849 2 4
494 999 4 6
495 610 32 11
495 762 27 6
495 948 3 11
495 1069 27 5
496 510 12 11
496 607 39 10
496 888 34 3
496 923 37 12
497 584 16 9
497 669 4 2
497 750 29 14
498 700 14 3
498 942 14 1
499 530 54 5
499 611 36 5
499 666 49 10
499 901 37 9
499 1040 16 3
500 571 1 12
500 576 24 15
500 638 43 6
500 953 42 9
501 512 54 14
501 569 2 3
501 925 27 10
501 1044 43 9
502 768 37 6
502 802 31 5
502 834 21 3
502 918 13 9
502 920 48 1
502 1079 37 11
503 570 23 14
503 1009 59 14
503 1122 8 9
504 538 41 13
504 563 44 1
504 631 45 14
504 720 60 11
504 774 50 13
505 692 31 8
505 695 55 4
505 823 17 14
506 790 8 11
506 840 50 10
506 1079 43 11
507 629 53 1
507 846 21 1
507 866 13 5
508 697 48 9
508 751 27 5
508 1099 24 13
509 590 41 12
509 674 57 13
509 689 8 11
509 703 50 1
509 739 27 5
509 891 33 14
510 544 55 3
510 798 55 10
510 1006 8 3
511 609 21 11
511 640 16 12
511 850 55 10
511 1060 40 13
511 1106 48 13
512 863 52 11
512 909 37 2
513 673 27 8
513 826 13 15
513 925 19 8
513 1113 52 10
513 1123 8 1
514 649 1 4
514 834 44 9
514 932 28 11
515 570 23 1
515 925 22 5
516 675 43 13
516 866 46 2
516 953 59 11
517 592 55 6
517 623 15 15
517 716 5 9
517 859 36 7
518 882 6 6
518 1044 21 6
518 1057 49 5
518 1108 55 6
518 1113 46 9
519 605 60 5
519 614 5 3
519 874 56 10
519 956 60 1
520 818 9 1
520 877 50 12
520 1052 11 2
521 537 57 11
521 668 42 11
521 752 8 2
521 950 48 3
521 997 25 5
521 1083 32 14
522 585 52 4
522 659 4 12
522 920 46 13
523 565 47 15
523 612 7 7
523 621 49 7
523 916 16 12
523 1018 4 5
524 570 11 11
524 1029 39 4
525 621 1 5
526 838 7 8
526 1028 46 2
527 545 41 12
527 869 34 5
527 1018 9 4
527 1023 6 7
528 601 13 10
528 779 40 14
528 855 35 4
528 946 21 15
529 828 51 2
529 1019 11 9
530 632 39 11
530 696 4 10
530 774 21 15
530 859 15 11
530 868 1 10
530 1056 15 4
530 1107 14 11
530 1119 51 12
531 644 34 10
531 936 20 6
532 799 43 8
532 895 25 13
532 915 19 2
533 558 44 13
533 589 1 6
533 746 4 5
533 882 40 7
533 904 21 13
534 884 53 2
535 709 48 6
535 833 7 13
535 1050 24 4
536 752 5 12
536 787 12 7
537 656 6 6
537 849 5 8
537 880 46 15
538 557 7 4
538 633 57 1
538 839 2 11
538 993 31 7
538 1062 27 4
538 1081 5 7
539 752 30 13
540 683 41 3
540 944 57 13
541 603 29 11
541 968 24 13
541 1021 42 8
542 818 4 1
542 845 25 5
542 875 57 7
542 1068 21 14
543 586 9 15
543 741 1 9
543 791 11 1
544 546 43 1
544 578 24 12
544 664 39 9
545 786 3 15
545 1011 57 10
546 595 38 3
546 784 50 8
546 795 34 5
548 756 55 2
548 1067 10 8
548 1089 27 15
549 838 22 15
549 1030 47 14
549 1117 1 1
550 976 35 7
550 1012 11 8
551 654 17 8
551 770 9 3
551 941 35 10
551 975 45 3
552 704 7 4
552 896 50 4
552 989 44 9
552 1123 20 8
553 1075 28 2
554 966 31 6
555 606 5 7
555 674 26 14
555 894 58 7
555 929 49 2
557 566 5 13
557 594 28 13
557 674 29 3
558 625 18 3
558 669 25 7
558 706 24 5
558 755 34 2
559 562 53 10
559 733 44 6
559 740 57 6
559 958 45 1
560 587 44 7
560 661 57 5
560 692 42 6
560 745 36 14
562 570 51 5
562 681 53 8
562 773 45 6
562 848 16 4
562 953 8 7
563 664 58 9
563 801 8 14
564 593 41 4
564 797 9 15
564 1083 10 12
564 1084 21 8
564 1101 12 7
565 1097 50 2
565 1098 54 10
566 697 23 14
566 770 47 14
566 998 55 13
568 743 57 7
568 750 24 7
568 829 3 13
568 875 33 3
568 951 39 3
568 1009 21 6
569 1075 26 12
570 606 44 4
570 1102 31 7
571 613 56 9
571 1112 13 3
572 729 28 12
572 744 14 1
572 882 7 1
572 1073 27 1
572 1078 13 7
573 606 46 9
573 715 25 5
574 706 58 1
574 1034 18 5
575 596 25 4
575 898 45 6
575 957 17 4
575 1094 40 6
576 715 37 1
576 776 9 7
576 840 12 3
576 862 50 8
576 1110 7 6
577 940 49 9
579 630 8 5
579 756 28 12
579 1004 26 13
579 1029 34 12
580 678 40 9
580 844 32 3
580 865 33 8
580 1018 8 13
581 693 52 14
581 776 18 11
581 1097 60 1
581 1122 37 9
582 647 53 10
582 657 3 8
582 1015 40 14
583 742 49 7
583 919 13 14
584 846 21 5
585 794 58 1
585 870 52 4
585 1017 28 6
585 1097 45 7
586 915 6 13
586 964 13 2
586 1040 34 12
586 1083 48 6
587 668 39 14
587 734 20 1
588 848 29 9
588 856 28 4
588 1072 29 9
588 1105 30 2
589 776 37 10
589 875 35 5
589 1019 38 9
589 1040 51 5
590 623 37 3
590 683 1 2
591 616 42 9
591 806 59 4
591 831 29 14
591 908 20 14
591 1104 12 13
592 744 2 3
592 898 23 3
592 921 21 4
593 733 54 2
593 916 24 6
593 939 20 5
593 1033 58 14
594 819 23 14
594 1038 56 5
595 657 43 4
595 824 57 11
595 869 17 15
595 904 11 8
595 1104 29 7
596 760 51 4
596 904 7 15
596 1046 17 7
596 1115 53 7
597 624 52 10
597 686 29 7
597 812 6 11
597 1086 16 2
598 828 33 4
600 953 48 12
601 716 29 2
601 880 59 7
601 928 56 4
601 1119 34 9
602 661 58 5
602 701 21 11
602 823 21 4
602 1074 7 11
602 1090 12 4
603 686 55 13
603 936 13 9
603 1042 52 11
603 1053 59 5
604 1008 45 14
604 1084 39 3
605 748 29 2
606 747 9 3
606 1016 19 12
608 720 60 15
608 918 56 12
608 1049 56 5
609 623 56 10
609 629 32 4
609 710 55 12
609 732 44 7
609 1000 6 5
609 1045 13 8
611 1097 40 13
612 1021 6 10
613 657 47 13
613 729 51 15
613 1030 54 15
613 1045 36 1
613 1079 2 2
614 663 13 3
614 934 15 9
614 996 2 7
614 1099 52 12
615 710 22 5
615 868 1 13
615 1010 41 2
616 711 27 14
616 736 8 3
616 812 24 2
616 855 19 8
617 844 8 8
617 985 54 13
617 993 8 4
618 958 42 13
619 826 23 7
619 976 24 14
619 1070 28 3
619 1117 19 14
620 941 33 14
621 625 25 14
621 630 18 13
621 907 41 9
621 1029 14 2
622 639 45 10
622 1033 16 14
623 923 6 15
623 938 31 13
624 663 14 14
624 784 19 13
624 813 34 14
624 817 44 7
624 920 43 15
624 1028 52 5
625 743 37 5
625 872 58 13
625 985 36 12
625 987 50 6
625 992 8 11
626 1054 55 9
626 1080 41 2
627 778 25 11
628 634 17 6
628 955 48 12
629 805 58 9
629 929 60 9
629 1066 20 14
630 683 15 14
632 773 2 14
632 931 13 3
632 1013 8 1
633 684 31 12
633 706 51 2
633 818 18 13
634 665 23 3
634 769 26 8
634 837 1 13
634 895 20 13
635 1052 10 5
637 684 57 7
637 791 59 14
637 796 56 14
637 918 23 12
637 949 22 8
638 893 4 13
638 959 43 3
638 1019 47 8
638 1061 18 9
639 649 25 6
639 1000 53 7
639 1049 36 11
640 731 28 10
640 775 31 2
640 895 51 8
640 992 57 6
641 703 28 8
641 721 27 6
642 895 58 11
642 1034 31 11
643 797 60 8
643 1010 56 5
644 668 22 10
644 684 25 3
644 1107 40 6
644 1114 48 11
645 878 51 1
645 1031 37 4
646 694 41 4
647 789 43 6
648 718 10 13
648 798 7 7
648 835 40 10
648 1120 60 11
649 801 58 3
649 810 48 2
650 800 49 2
650 859 32 15
650 866 42 4
651 900 8 14
651 984 20 4
653 972 53 6
653 1003 8 12
653 1069 28 1
653 1089 16 6
654 683 60 8
654 822 27 13
654 977 3 11
655 774 39 2
655 980 28 9
657 678 46 8
657 1041 22 14
657 1066 30 13
658 1018 15 10
659 669 50 5
659 761 45 13
659 871 54 3
659 1079 2 7
660 754 52 2
660 787 59 5
660 871 13 12
660 983 29 7
660 1073 19 7
660 1107 31 1
661 795 15 13
661 805 5 5
661 837 8 3
663 672 43 10
664 815 57 11
664 1065 51 1
666 750 59 7
666 883 1 12
666 894 44 5
666 939 52 8
667 1059 20 8
668 861 19 4
668 1021 31 5
670 867 12 13
671 999 28 11
672 801 24 9
672 914 22 14
673 877 27 1
674 860 12 1
674 939 7 1
675 704 27 4
675 1048 46 6
676 763 32 10
677 986 35 8
677 1065 43 9
678 896 13 1
679 784 35 9
679 851 40 13
679 1067 6 7
680 768 56 10
680 1096 24 3
681 774 26 8
681 783 10 3
682 866 9 9
682 1014 38 3
682 1022 49 11
684 1039 26 5
684 1059 46 2
685 828 5 3
685 918 38 2
686 934 38 6
687 970 34 5
688 689 4 6
689 714 49 5
689 1057 24 8
690 810 8 1
690 1090 13 2
691 764 46 2
691 1050 39 12
692 733 53 11
692 1107 12 5
693 979 49 2
693 1042 48 1
693 1115 38 15
694 954 44 1
694 984 32 11
695 932 49 2
695 1010 19 13
695 1014 28 1
695 1096 35 13
696 899 19 7
696 984 5 2
696 994 60 5
697 804 31 9
697 1027 1 10
698 699 21 15
698 741 8 13
698 823 33 10
698 873 14 3
698 929 57 12
700 786 24 3
700 827 27 1
701 905 42 11
702 789 7 2
702 972 56 4
703 874 30 6
703 969 18 4
704 736 20 8
704 1075 45 13
705 831 4 5
705 837 38 7
705 886 15 15
705 972 13 13
706 809 52 11
706 1105 26 3
707 711 52 8
707 816 10 5
707 1054 35 13
708 1024 25 1
709 898 29 8
709 949 14 1
709 1029 5 3
709 1086 1 11
710 771 20 10
710 803 42 3
710 828 9 9
710 939 25 8
712 1045 23 8
712 1046 44 8
712 1067 45 12
714 887 23 3
715 897 36 7
715 910 17 6
715 948 27 7
716 861 45 4
717 774 19 11
718 844 42 5
718 927 44 13
718 947 12 5
718 950 27 4
718 979 21 15
718 1014 45 9
718 1034 40 11
718 1058 15 2
718 1089 24 5
719 960 55 10
719 1062 43 2
720 836 31 12
721 920 15 3
722 1034 10 11
723 819 26 8
723 886 14 4
725 835 36 15
725 1083 19 15
726 858 30 15
726 891 18 6
727 798 24 15
727 894 46 6
727 968 24 1
727 1062 13 6
728 931 35 10
729 875 38 7
730 822 32 9
731 787 9 7
731 1037 29 6
732 756 22 4
733 1028 58 10
734 811 51 12
734 850 38 14
734 904 52 15
734 1115 24 13
735 1001 3 4
735 1115 43 7
736 1104 33 12
737 781 21 15
738 780 19 4
738 813 60 15
738 870 21 8
740 930 16 10
740 989 23 8
740 1121 4 6
741 743 45 8
741 1074 26 1
743 865 3 8
743 1060 7 6
743 1077 53 12
744 784 35 1
744 985 12 8
745 890 59 3
746 782 33 8
747 785 18 8
747 894 13 12
747 990 5 8
747 1008 33 13
748 761 57 2
748 781 31 2
748 924 11 12
749 892 1 3
749 927 44 13
750 915 27 4
752 956 30 4
752 1003 22 12
752 1055 3 4
753 794 43 5
753 946 58 4
753 1006 60 3
753 1103 43 10
754 782 10 13
754 972 47 3
754 989 41 4
755 1032 50 6
756 904 1 7
758 1087 5 3
759 856 57 12
759 938 32 6
761 768 30 13
761 870 15 5
762 766 26 6
762 845 57 4
762 1012 26 6
762 1023 10 14
762 1111 22 3
763 815 27 6
763 946 56 7
763 972 26 15
764 860 23 15
764 1035 41 1
764 1087 56 10
765 983 17 4
766 778 48 12
766 850 51 6
766 1060 16 4
767 824 33 1
767 1036 52 8
768 887 52 9
769 1017 16 10
771 892 3 6
771 1071 14 5
772 844 56 7
772 884 49 1
773 790 7 13
773 906 30 6
773 924 54 6
773 1011 16 13
773 1114 25 12
773 1120 45 9
774 937 35 5
774 997 41 1
774 1101 48 7
775 839 33 11
775 882 29 15
775 927 1 2
775 1053 17 11
777 850 30 2
777 946 60 4
777 1092 29 11
778 816 45 6
778 837 51 1
778 928 8 12
778 941 54 10
778 991 34 1
778 1022 31 4
779 916 57 14
780 885 34 8
780 966 45 8
781 833 15 2
781 903 29 15
781 932 29 12
781 1042 47 12
782 800 43 9
784 921 54 2
784 1124 12 6
785 789 6 9
786 943 10 7
786 944 58 12
786 1089 11 10
787 976 15 8
787 1117 58 15
788 1028 31 7
789 940 54 11
789 1120 57 1
790 801 49 10
791 919 24 12
792 932 32 11
792 983 17 14
793 960 21 4
793 990 54 9
795 880 40 10
796 879 58 9
797 935 40 8
798 830 43 1
798 948 54 10
799 918 46 10
799 1096 51 15
800 961 7 5
801 836 54 8
801 1080 22 11
802 853 2 9
802 861 23 10
802 1071 53 11
802 1094 55 3
803 849 14 11
803 881 54 15
804 897 31 2
804 1007 8 4
804 1111 28 11
807 808 29 13
807 948 29 3
807 1011 45 11
809 875 28 4
809 941 15 6
809 1001 34 3
809 1050 47 1
809 1121 15 5
810 935 39 7
810 1054 43 11
811 860 5 12
812 842 39 6
812 880 40 6
813 887 39 3
813 925 43 7
814 853 7 12
814 854 12 3
814 1071 22 3
815 849 25 15
815 1035 3 1
817 884 38 6
817 903 36 12
817 909 36 1
817 912 28 5
817 937 18 4
817 1110 47 8
819 822 18 11
819 979 35 6
819 994 53 7
819 1052 14 1
819 1062 28 2
819 1064 6 4
820 1008 44 10
822 894 35 7
823 879 48 14
823 1072 36 11
825 875 53 2
825 876 24 7
825 1070 40 10
828 871 13 12
828 952 56 13
828 1048 45 14
830 842 7 6
830 980 24 3
831 922 13 1
832 964 51 12
833 1038 44 11
834 1075 16 11
835 1082 3 15
835 1098 23 8
836 894 14 6
837 866 43 13
837 941 38 15
837 1040 36 5
837 1054 30 12
837 1086 21 8
838 859 55 4
840 1045 34 10
841 876 42 15
841 894 20 12
841 955 8 4
841 984 49 6
842 954 20 2
842 1001 15 6
842 1003 20 9
842 1066 45 2
842 1075 18 2
843 950 15 15
843 1074 30 3
844 1120 22 10
845 898 27 9
845 935 24 4
845 976 35 12
846 878 29 6
846 926 46 11
846 975 59 4
846 1070 17 13
846 1088 42 6
846 1123 38 9
847 874 24 8
848 1006 51 6
848 1096 25 6
849 987 45 10
850 937 26 11
851 1009 6 11
853 942 14 6
853 988 31 8
853 1102 33 1
853 1106 48 7
853 1118 41 6
855 985 1 12
855 1067 38 12
856 922 47 3
856 1011 32 9
856 1016 59 6
857 979 39 4
858 941 2 10
858 1038 51 8
860 872 15 15
860 882 27 10
860 945 16 1
863 1111 19 3
864 1055 52 13
864 1103 38 15
865 1001 8 2
865 1011 47 8
866 868 42 11
866 969 35 4
867 888 56 10
867 938 20 6
868 1027 30 5
868 1071 60 3
868 1124 15 5
870 1064 48 14
871 960 29 12
871 1103 52 14
872 1020 36 4
874 941 5 15
875 938 45 9
875 1020 32 6
878 950 2 9
878 1047 5 9
878 1074 56 10
879 1078 30 5
881 1084 37 13
882 1107 12 7
884 918 59 3
884 1013 42 6
884 1020 40 8
885 1025 43 12
886 1044 50 4
888 946 8 3
890 1005 59 13
890 1047 41 3
891 987 30 7
891 1115 21 7
892 955 58 1
893 897 1 2
893 975 38 10
893 1003 47 7
893 1063 37 11
893 1069 34 9
894 918 54 15
895 915 31 10
897 1060 38 1
899 950 35 8
899 1000 21 10
899 1120 26 11
900 1060 49 11
902 930 22 14
902 1078 24 8
903 958 29 7
904 923 4 4
904 1015 59 8
905 930 37 5
905 1033 36 8
907 920 11 1
909 917 60 3
909 1001 60 3
909 1048 57 3
911 949 12 13
912 1091 26 2
912 1117 42 1
914 1034 48 14
914 1036 33 11
916 989 51 9
916 1065 11 15
917 1078 47 5
918 941 37 6
920 937 11 14
920 1017 5 6
921 962 23 12
921 1071 39 7
923 1081 10 8
925 1052 47 6
927 939 20 12
927 986 24 15
928 1083 1 11
929 1032 14 14
929 1105 15 9
930 1005 9 1
930 1021 15 14
931 1059 54 14
932 996 59 6
932 1018 32 14
933 1011 22 2
935 1095 8 9
937 1107 24 12
938 1003 28 1
938 1107 34 4
939 1015 1 4
939 1074 43 7
939 1098 34 14
939 1122 43 12
940 949 8 11
940 1081 16 4
941 1023 43 11
943 1118 46 15
944 1044 42 8
946 1044 59 3
946 1047 42 13
948 1111 33 15
949 1091 2 3
950 1017 13 11
951 1041 60 7
953 1114 13 15
953 1125 8 3
955 980 52 5
956 1059 42 14
957 995 8 10
957 1005 41 4
957 1092 5 13
958 998 51 2
960 1046 53 13
961 983 9 4
961 1058 47 2
963 989 35 1
966 1015 48 5
966 1119 53 9
967 991 14 8
970 1109 48 1
971 1011 38 11
972 1024 16 8
972 1047 49 8
973 974 23 1
974 1012 50 9
976 1073 37 10
976 1108 16 13
977 1085 26 13
978 1082 6 10
979 1049 58 6
979 1113 6 8
980 1124 42 3
985 1000 45 7
985 1059 1 13
996 1083 46 11
997 1122 41 2
999 1053 21 7
1000 1096 55 11
1002 1085 1 7
1004 1095 2 15
1008 1109 40 2
1008 1118 53 9
1010 1034 19 4
1014 1076 3 4
1015 1054 25 13
1017 1076 38 14
1018 1020 2 13
1018 1095 40 15
1021 1023 8 1
1024 1049 3 4
1025 1114 53 5
1025 1119 44 14
1028 1104 25 9
1029 1101 11 6
1031 1111 1 15
1035 1051 41 2
1038 1049 13 14
1040 1051 52 12
1040 1088 11 11
1042 1092 58 10
1045 1066 10 8
1047 1077 38 13
1049 1086 57 1
1052 1072 34 11
1053 1069 50 14
1059 1071 44 3
1065 1119 47 3
1066 1088 26 7
1080 1087 31 6
1081 1105 2 12
1081 1117 31 4
1105 1111 51 9
1105 1113 22 9
1106 1112 30 14
1107 1121 5 7
1107 1125 43 1
1110 1124 54 5

0 15 10
1 23 25
2 26 33
3 32 42
4 33 26
5 39 17
6 43 32
7 61 45
8 69 6
9 100 26
10 102 29
11 108 30
12 116 26
13 126 39
14 140 15
15 170 43
16 174 23
17 190 33
18 240 43
19 247 1
20 254 11
21 255 40
22 263 3
23 266 41
24 271 26
25 284 19
26 292 28
27 312 2
28 332 47
29 343 27
30 346 11
31 347 16
32 348 22
33 361 11
34 381 37
35 385 22
36 387 45
37 432 24
38 437 18
39 454 2
40 458 32
41 466 1
42 468 13
43 487 47
44 497 43
45 503 39
46 510 10
47 545 34
48 565 33
49 589 41
50 590 13
51 619 6
52 626 31
53 628 47
54 629 29
55 638 35
56 643 7
57 653 48
58 662 29
59 671 35
60 676 23
61 678 25
62 680 1
63 686 14
64 699 41
65 715 37
66 718 37
67 725 16
68 726 39
69 759 36
70 787 23
71 823 17
72 828 41
73 829 37
74 835 22
75 841 2
76 843 21
77 847 19
78 853 14
79 854 7
80 857 46
81 861 7
82 867 27
83 873 47
84 881 36
85 892 41
86 907 24
87 908 9
88 940 18
89 956 30
90 963 12
91 969 2
92 977 22
93 989 26
94 1005 1
95 1009 47
96 1013 23
97 1015 17
98 1019 28
99 1020 12
100 1028 37
101 1054 36
102 1058 21
103 1063 22
104 1066 39
105 1071 14
106 1075 8
107 1078 35
108 1083 3
109 1091 41
110 1113 35
111 1118 7
