1433 4291 143 5

0 30 5214
1 60 9779
2 90 13756
3 120 17200
4 150 20163

0 4588
1 3450
2 3171
3 5376
4 5817
5 5538
6 4536
7 3434
8 3271
9 4697
10 5418
11 5465
12 6028
13 5368
14 4253
15 5248
16 5173
17 3907
18 3922
19 5072
20 5020
21 2273
22 3996
23 5539
24 4341
25 4387
26 3987
27 5055
28 5767
29 4719
30 3453
31 5056
32 3313
33 3839
34 5117
35 4072
36 3442
37 6029
38 3683
39 5646
40 5099
41 4667
42 5197
43 6014
44 4365
45 4888
46 3913
47 4002
48 4976
49 6146
50 3235
51 3317
52 4866
53 3315
54 4205
55 4998
56 4925
57 3553
58 4120
59 3755
60 3539
61 3681
62 4103
63 5216
64 4860
65 6266
66 3467
67 4333
68 3176
69 5936
70 5367
71 4770
72 4209
73 4179
74 4281
75 5877
76 3502
77 5426
78 4392
79 3606
80 4911
81 3838
82 4867
83 6432
84 3592
85 4036
86 4561
87 3679
88 5706
89 4527
90 4438
91 4631
92 6576
93 4740
94 5001
95 4877
96 4291
97 3591
98 3575
99 5598
100 4579
101 6136
102 5082
103 4036
104 3981
105 3510
106 3764
107 5866
108 2887
109 5317
110 5072
111 3547
112 4795
113 4295
114 4507
115 5106
116 5131
117 4887
118 4086
119 5033
120 6147
121 3329
122 4510
123 3336
124 5903
125 4079
126 4139
127 3303
128 4962
129 4792
130 4059
131 5534
132 5054
133 5022
134 5386
135 4659
136 4043
137 3416
138 4071
139 5149
140 4248
141 4108
142 4368
143 3892
144 5668
145 3853
146 4690
147 4630
148 3907
149 4813
150 5564
151 3731
152 4336
153 4454
154 4189
155 3963
156 3902
157 4896
158 4294
159 4758
160 4107
161 3492
162 4002
163 4698
164 4383
165 2896
166 5293
167 3429
168 3882
169 5181
170 4427
171 3950
172 4438
173 6452
174 5184
175 3645
176 3788
177 3908
178 4623
179 4513
180 6223
181 5033
182 5066
183 5807
184 4843
185 3329
186 4149
187 4728
188 2824
189 3134
190 5019
191 5867
192 4933
193 4069
194 5407
195 4521
196 3675
197 5694
198 3091
199 5111
200 4196
201 5351
202 4390
203 5104
204 3338
205 4423
206 3883
207 4443
208 3660
209 4049
210 4842
211 4931
212 4615
213 4373
214 4586
215 4489
216 3542
217 3271
218 5411
219 3197
220 4597
221 3537
222 3214
223 4265
224 5675
225 4459
226 3027
227 4071
228 5066
229 4210
230 3199
231 4980
232 5195
233 5996
234 4573
235 6021
236 4467
237 4892
238 3596
239 4480
240 4262
241 4235
242 5252
243 5710
244 4396
245 3576
246 4786
247 4199
248 4180
249 4439
250 5299
251 4947
252 4273
253 4584
254 4400
255 4429
256 4735
257 5054
258 3977
259 5497
260 4941
261 6154
262 3644
263 5806
264 4717
265 4125
266 4486
267 3057
268 4589
269 4822
270 4124
271 4468
272 6284
273 3811
274 5491
275 4300
276 3957
277 3968
278 4649
279 3994
280 3645
281 5020
282 5042
283 3293
284 4048
285 4635
286 4192
287 3928
288 5411
289 5343
290 4767
291 6067
292 5313
293 4680
294 4492
295 5129
296 3963
297 4274
298 4232
299 3260
300 4889
301 4403
302 4610
303 5457
304 4163
305 4810
306 5755
307 5686
308 4863
309 3992
310 4599
311 5222
312 5514
313 5679
314 4017
315 5138
316 3348
317 4845
318 4671
319 5574
320 4385
321 3678
322 4254
323 4778
324 4645
325 4215
326 4080
327 5054
328 3908
329 4557
330 3538
331 3827
332 4190
333 4143
334 3977
335 4583
336 4671
337 4668
338 4821
339 4916
340 4490
341 3947
342 4568
343 5431
344 4831
345 4036
346 4406
347 4470
348 4422
349 4265
350 2803
351 4192
352 3408
353 3991
354 3838
355 3623
356 4608
357 3761
358 3782
359 5299
360 5647
361 3171
362 3906
363 4387
364 5185
365 3538
366 5194
367 5213
368 3518
369 3838
370 4558
371 5686
372 4639
373 3511
374 5466
375 5066
376 4327
377 3953
378 4708
379 6478
380 5121
381 4788
382 4937
383 3254
384 4177
385 3835
386 5269
387 3085
388 5160
389 5213
390 3518
391 4646
392 5677
393 3912
394 4236
395 4228
396 4749
397 3966
398 5037
399 4983
400 3532
401 4867
402 4899
403 5974
404 3581
405 5589
406 4655
407 4358
408 5373
409 5498
410 4611
411 2790
412 3571
413 4862
414 4971
415 5509
416 4378
417 4644
418 5507
419 4790
420 5903
421 5480
422 3699
423 3592
424 3618
425 3914
426 6011
427 4529
428 3330
429 4172
430 3401
431 3529
432 5420
433 3511
434 3770
435 3803
436 4156
437 4089
438 4598
439 4836
440 3835
441 4377
442 4924
443 6050
444 5169
445 4768
446 4338
447 5014
448 4903
449 4050
450 4185
451 4014
452 5140
453 4897
454 3386
455 5334
456 5073
457 4339
458 3592
459 3205
460 5462
461 4884
462 4325
463 3348
464 4633
465 4123
466 5464
467 5345
468 5368
469 4674
470 5227
471 5473
472 4812
473 4545
474 5477
475 4315
476 3631
477 4944
478 4193
479 5346
480 4953
481 4745
482 4452
483 3968
484 4186
485 3954
486 4699
487 4482
488 5283
489 3460
490 4504
491 5292
492 4488
493 5088
494 5048
495 4273
496 4921
497 4790
498 4113
499 4862
500 5513
501 3748
502 5499
503 6609
504 3012
505 4400
506 5059
507 5720
508 5173
509 4528
510 4321
511 4138
512 4426
513 4449
514 6023
515 4530
516 4363
517 4893
518 4735
519 4264
520 4907
521 5581
522 5851
523 2273
524 4232
525 3443
526 3495
527 4220
528 4933
529 4254
530 5941
531 5992
532 5842
533 5259
534 5188
535 4825
536 4711
537 5084
538 4127
539 4219
540 4829
541 5047
542 5352
543 5474
544 6498
545 4335
546 4761
547 3999
548 4451
549 4460
550 4482
551 3203
552 3876
553 6186
554 5132
555 5400
556 4571
557 4561
558 2952
559 5297
560 5130
561 5271
562 6041
563 4208
564 5101
565 3682
566 4674
567 5137
568 5959
569 4649
570 2683
571 3604
572 3861
573 5705
574 4952
575 3647
576 5427
577 4868
578 4459
579 4833
580 4787
581 5021
582 4344
583 4406
584 5202
585 3496
586 5549
587 4975
588 4216
589 4335
590 4946
591 4736
592 3942
593 5485
594 3897
595 4747
596 4946
597 4551
598 4387
599 4731
600 4397
601 4718
602 4177
603 4893
604 5119
605 4726
606 2556
607 5542
608 4337
609 4555
610 5447
611 4138
612 4238
613 3036
614 3990
615 4818
616 5262
617 4351
618 5117
619 5338
620 5494
621 4713
622 4560
623 4057
624 3179
625 5513
626 3737
627 5796
628 4652
629 4492
630 4145
631 4528
632 4033
633 4731
634 4752
635 4598
636 4173
637 4300
638 5164
639 4971
640 4329
641 4710
642 4941
643 3203
644 3722
645 4706
646 4477
647 5507
648 3121
649 4148
650 3413
651 5620
652 5210
653 5169
654 6480
655 4883
656 4665
657 5448
658 4434
659 2856
660 4218
661 6403
662 4000
663 4168
664 4800
665 4269
666 4910
667 5529
668 3866
669 2988
670 4761
671 5851
672 4041
673 4253
674 3614
675 5401
676 5020
677 4878
678 5453
679 5719
680 5392
681 5800
682 4169
683 6135
684 5460
685 4384
686 5684
687 4520
688 4780
689 3651
690 4660
691 5616
692 2971
693 4340
694 4116
695 4754
696 3417
697 2687
698 3982
699 4577
700 4120
701 5206
702 4834
703 4328
704 5191
705 4184
706 4724
707 3859
708 4981
709 3392
710 3584
711 5371
712 5960
713 4544
714 4543
715 3345
716 3436
717 4740
718 5795
719 4435
720 4116
721 5598
722 4567
723 4553
724 4684
725 4525
726 5171
727 3434
728 4605
729 4560
730 4486
731 6486
732 4700
733 4760
734 4858
735 5396
736 3710
737 4984
738 5177
739 5436
740 4503
741 3142
742 5835
743 5291
744 5303
745 3733
746 4908
747 3609
748 5654
749 3701
750 4134
751 3750
752 4749
753 4599
754 3858
755 4487
756 5819
757 5520
758 5971
759 5290
760 4050
761 4870
762 4316
763 4628
764 4622
765 3753
766 4603
767 4234
768 4854
769 5420
770 4161
771 6323
772 5255
773 4501
774 5035
775 6025
776 5417
777 4177
778 4612
779 6518
780 4386
781 5435
782 5383
783 4166
784 4030
785 6441
786 3558
787 4062
788 4111
789 4405
790 4364
791 3930
792 4419
793 4667
794 3998
795 4068
796 4864
797 3415
798 5192
799 5341
800 5361
801 4772
802 4139
803 4384
804 5500
805 4985
806 5004
807 5235
808 4722
809 4462
810 5285
811 4429
812 4545
813 5996
814 4053
815 5254
816 4015
817 3848
818 5048
819 4961
820 4661
821 4481
822 4179
823 4689
824 4402
825 4312
826 4723
827 4443
828 4896
829 5418
830 4622
831 3392
832 4964
833 5078
834 4778
835 4990
836 2850
837 4817
838 4645
839 3898
840 4503
841 4358
842 4759
843 6613
844 4458
845 4985
846 3986
847 3876
848 4514
849 4315
850 4716
851 4916
852 3902
853 5584
854 3095
855 3901
856 3835
857 5882
858 4321
859 4553
860 4877
861 3937
862 4931
863 3918
864 5044
865 3770
866 3517
867 3501
868 5160
869 4364
870 4724
871 4325
872 5502
873 3550
874 3839
875 4433
876 4839
877 4281
878 4644
879 4364
880 2637
881 5398
882 5758
883 4406
884 5902
885 5691
886 3571
887 4227
888 4602
889 6050
890 5413
891 5028
892 2754
893 3522
894 5191
895 3818
896 5118
897 3630
898 4913
899 3373
900 4861
901 3587
902 5324
903 4278
904 4651
905 4735
906 3958
907 6257
908 5677
909 4690
910 4308
911 3923
912 4664
913 3275
914 4469
915 4765
916 5221
917 5246
918 5245
919 4674
920 4270
921 4571
922 6115
923 5784
924 5056
925 4173
926 5860
927 4366
928 4156
929 3780
930 5034
931 5159
932 6161
933 4405
934 3430
935 4760
936 4045
937 5085
938 4848
939 3851
940 4539
941 5541
942 3789
943 4875
944 3950
945 5666
946 3929
947 3896
948 5493
949 5499
950 4303
951 4273
952 3469
953 3626
954 5098
955 4786
956 5243
957 3446
958 4958
959 3932
960 4862
961 4039
962 4081
963 4153
964 4848
965 3566
966 4251
967 2273
968 4210
969 5608
970 4232
971 3287
972 4537
973 5356
974 4484
975 3817
976 5194
977 4706
978 3896
979 5448
980 3910
981 4364
982 5460
983 4295
984 4460
985 2858
986 3623
987 4014
988 5133
989 5285
990 3623
991 4659
992 5547
993 4589
994 5356
995 5184
996 5773
997 4382
998 5614
999 5467
1000 4892
1001 4911
1002 3884
1003 3537
1004 4542
1005 4799
1006 3875
1007 5195
1008 4987
1009 2422
1010 4243
1011 5303
1012 5511
1013 4085
1014 3783
1015 5028
1016 5059
1017 4100
1018 4358
1019 4638
1020 5419
1021 5565
1022 5461
1023 6754
1024 4634
1025 5387
1026 4568
1027 4650
1028 4670
1029 4635
1030 4215
1031 3515
1032 3381
1033 3885
1034 3984
1035 4134
1036 4094
1037 3177
1038 5145
1039 4518
1040 3925
1041 3319
1042 4542
1043 3853
1044 3280
1045 4003
1046 4527
1047 3959
1048 5053
1049 3909
1050 3758
1051 4864
1052 5218
1053 5618
1054 5604
1055 5043
1056 3919
1057 5157
1058 5211
1059 4179
1060 3989
1061 5342
1062 5810
1063 5027
1064 3772
1065 4702
1066 4187
1067 4476
1068 4655
1069 5148
1070 5581
1071 5014
1072 5037
1073 4751
1074 4944
1075 5395
1076 4071
1077 4617
1078 4098
1079 5619
1080 4808
1081 4376
1082 4866
1083 4478
1084 4854
1085 4514
1086 4944
1087 3907
1088 3462
1089 4970
1090 3329
1091 5054
1092 5922
1093 4057
1094 3801
1095 4008
1096 5062
1097 5440
1098 4269
1099 4705
1100 6240
1101 3740
1102 3171
1103 3968
1104 3993
1105 5134
1106 5058
1107 4627
1108 4493
1109 3878
1110 5394
1111 4471
1112 4358
1113 5849
1114 5041
1115 4269
1116 3967
1117 4972
1118 4505
1119 4196
1120 2614
1121 4278
1122 4319
1123 4862
1124 3551
1125 3953
1126 4924
1127 4819
1128 5134
1129 4534
1130 3970
1131 5063
1132 4444
1133 5725
1134 5282
1135 5656
1136 4099
1137 3911
1138 3863
1139 4193
1140 3100
1141 5327
1142 3997
1143 5625
1144 4286
1145 3952
1146 4021
1147 3350
1148 4055
1149 5337
1150 4568
1151 5883
1152 3465
1153 4613
1154 4408
1155 5599
1156 3270
1157 4677
1158 3071
1159 5267
1160 3563
1161 4611
1162 5672
1163 4990
1164 4129
1165 5170
1166 4693
1167 5532
1168 5038
1169 4660
1170 3734
1171 3801
1172 5897
1173 4814
1174 5109
1175 5937
1176 3886
1177 4471
1178 4571
1179 5016
1180 4354
1181 4758
1182 5153
1183 4008
1184 5674
1185 2985
1186 4857
1187 5320
1188 4424
1189 5286
1190 3885
1191 5340
1192 4542
1193 4563
1194 3133
1195 3154
1196 4952
1197 3384
1198 4213
1199 2718
1200 4812
1201 4677
1202 5189
1203 4175
1204 5456
1205 3841
1206 3411
1207 4407
1208 5689
1209 5308
1210 4948
1211 4392
1212 3455
1213 3358
1214 4599
1215 4965
1216 5481
1217 5927
1218 3839
1219 3934
1220 4155
1221 5123
1222 3778
1223 3461
1224 4311
1225 5860
1226 5864
1227 4298
1228 3676
1229 4844
1230 3400
1231 5191
1232 4093
1233 4364
1234 4303
1235 5133
1236 4386
1237 4652
1238 3583
1239 6213
1240 4313
1241 3977
1242 5599
1243 4889
1244 5699
1245 4509
1246 5488
1247 3895
1248 3505
1249 5960
1250 3248
1251 6073
1252 4693
1253 3820
1254 5845
1255 3912
1256 6365
1257 5919
1258 3798
1259 5283
1260 5218
1261 5918
1262 5132
1263 4677
1264 4759
1265 4717
1266 4649
1267 4547
1268 5433
1269 5297
1270 3840
1271 3735
1272 3989
1273 4670
1274 3075
1275 5041
1276 4033
1277 5580
1278 5417
1279 3222
1280 5564
1281 3822
1282 4634
1283 5889
1284 4887
1285 4032
1286 4376
1287 5002
1288 4524
1289 4369
1290 4144
1291 3855
1292 5714
1293 3710
1294 5281
1295 4453
1296 4389
1297 4646
1298 4879
1299 3320
1300 5137
1301 4606
1302 5897
1303 3687
1304 6429
1305 4986
1306 3752
1307 4087
1308 5520
1309 5194
1310 3776
1311 4085
1312 5345
1313 5006
1314 5688
1315 4169
1316 5160
1317 4250
1318 4523
1319 4006
1320 4244
1321 5360
1322 4936
1323 4016
1324 5361
1325 5564
1326 4102
1327 3347
1328 4235
1329 4530
1330 5230
1331 4334
1332 4713
1333 4551
1334 4807
1335 4455
1336 4012
1337 4539
1338 3856
1339 5422
1340 5016
1341 5061
1342 3370
1343 2273
1344 5593
1345 5200
1346 5396
1347 3474
1348 6427
1349 5884
1350 3838
1351 6020
1352 4831
1353 3846
1354 3173
1355 5611
1356 3944
1357 5704
1358 5455
1359 5154
1360 3134
1361 5734
1362 4509
1363 5196
1364 3406
1365 4358
1366 4950
1367 3674
1368 4763
1369 3476
1370 3462
1371 5079
1372 2921
1373 4303
1374 5356
1375 5629
1376 5405
1377 3579
1378 4812
1379 4238
1380 3625
1381 4658
1382 4842
1383 4330
1384 3392
1385 3979
1386 4501
1387 6711
1388 4401
1389 4153
1390 4731
1391 5555
1392 3145
1393 4699
1394 4142
1395 5367
1396 4917
1397 4817
1398 2335
1399 4163
1400 4773
1401 5327
1402 4728
1403 3690
1404 5032
1405 4044
1406 3678
1407 4358
1408 4291
1409 4757
1410 3867
1411 4344
1412 5807
1413 3316
1414 4577
1415 4584
1416 4502
1417 2681
1418 4027
1419 3191
1420 4121
1421 3926
1422 3270
1423 5223
1424 5483
1425 3056
1426 4566
1427 3544
1428 4767
1429 3660
1430 3689
1431 4975
1432 5141

0 51 12 2
0 114 41 1
0 163 16 1
0 437 60 14
0 824 10 13
0 948 36 2
0 1167 6 3
0 1309 18 11
1 19 51 11
1 354 22 6
1 723 23 1
1 1117 46 4
1 1147 3 6
1 1167 23 3
2 682 21 2
2 748 57 4
2 993 40 13
2 1167 34 10
2 1430 19 15
3 168 9 9
3 312 43 11
3 350 21 6
4 740 8 15
4 860 59 13
4 1252 20 8
4 1300 57 10
4 1389 24 6
4 1403 11 15
5 79 5 15
5 559 24 10
5 618 25 9
5 1031 51 10
5 1245 42 15
6 297 52 11
6 420 40 2
6 560 60 4
6 587 34 9
6 1031 23 8
6 1094 46 10
6 1162 58 2
6 1222 7 9
6 1267 40 14
7 100 17 15
7 642 50 2
7 660 52 6
7 1002 33 8
7 1160 10 2
8 143 3 9
8 890 25 14
8 989 46 10
8 1107 4 10
8 1262 32 12
8 1316 44 4
8 1344 22 5
8 1408 43 1
9 81 59 8
9 171 59 15
9 312 25 2
9 326 13 15
9 376 56 9
9 559 44 9
9 581 41 7
9 620 50 2
9 805 24 6
9 854 40 2
9 1296 22 7
9 1391 8 5
10 445 56 15
10 663 5 10
10 757 34 14
10 883 48 10
11 55 47 2
11 101 26 3
11 288 48 8
11 648 57 13
11 721 59 3
11 921 40 11
11 1058 13 5
11 1252 34 3
11 1287 31 2
11 1376 6 7
11 1396 53 7
12 14 39 2
12 215 38 14
12 336 43 7
12 340 13 6
12 393 29 7
12 901 14 14
12 906 3 1
12 1091 23 4
12 1281 8 9
13 232 44 11
13 243 7 1
13 399 5 5
13 417 34 7
13 685 33 3
13 1000 57 3
13 1105 58 2
14 17 18 2
14 437 56 12
14 557 44 4
14 636 6 5
14 891 27 8
14 1093 35 14
14 1119 23 15
14 1205 39 2
14 1351 28 2
15 825 47 10
15 865 48 11
15 953 25 11
15 1042 32 1
16 216 25 15
16 401 59 1
16 457 38 6
16 527 50 8
16 609 43 13
16 869 30 6
16 1049 7 12
17 19 3 2
17 264 29 11
17 1024 58 12
18 254 1 12
18 514 29 5
18 1181 33 7
18 1231 19 13
18 1388 40 15
19 185 14 11
19 215 36 3
19 223 42 1
19 304 29 10
19 395 52 5
19 606 54 6
19 804 28 12
20 484 6 3
20 904 46 14
20 927 42 14
20 1017 18 12
21 404 10 14
21 599 45 7
21 912 34 2
21 1047 40 15
21 1366 37 6
22 405 59 2
22 1144 2 11
22 1407 42 5
23 385 13 7
23 809 47 10
23 901 27 8
23 1105 34 15
23 1247 17 6
23 1297 28 6
24 73 14 6
24 159 41 13
24 238 18 13
24 267 41 1
24 354 1 6
24 408 17 11
24 754 26 14
24 825 50 15
24 1275 8 4
24 1339 57 2
25 63 17 2
25 588 46 6
25 1015 30 9
25 1098 43 4
25 1213 48 5
25 1353 49 14
26 144 13 13
26 280 45 9
26 694 26 12
26 781 17 8
26 986 34 15
26 1077 35 5
26 1137 18 5
26 1157 26 5
27 1388 22 12
28 39 58 4
28 147 14 4
28 338 60 2
28 509 30 7
28 1197 52 15
28 1242 60 14
28 1414 50 9
29 438 16 11
29 474 44 2
29 1159 53 7
29 1261 42 13
29 1415 4 10
30 523 37 8
30 867 4 10
31 241 35 13
31 342 37 6
31 976 48 12
31 1040 24 11
32 222 13 2
32 235 27 10
32 1074 36 7
32 1083 26 3
33 133 22 1
33 549 53 9
33 563 43 12
33 668 1 2
33 718 1 3
33 775 54 8
33 865 53 8
34 88 46 10
34 101 12 3
34 207 9 10
34 1029 18 4
34 1084 28 13
34 1133 36 5
34 1186 4 7
34 1419 22 5
35 455 6 11
35 588 25 8
35 888 2 13
35 1078 10 4
35 1281 12 5
36 370 34 1
36 694 41 3
36 1317 58 15
37 384 28 2
37 690 16 5
37 892 7 2
37 1255 58 15
37 1373 20 8
38 649 18 3
38 1078 31 4
38 1363 35 14
39 102 36 3
39 417 6 9
39 828 46 12
39 934 56 4
39 1234 42 1
40 177 60 3
40 298 9 13
40 394 44 9
40 611 57 9
40 904 57 9
40 1071 14 13
40 1109 49 5
41 88 4 6
41 118 1 5
41 949 48 2
41 1087 46 5
41 1345 44 2
41 1379 12 11
42 45 56 12
42 218 35 7
42 591 52 11
42 914 40 1
42 1024 26 13
43 322 30 9
44 190 48 3
44 863 24 4
44 1075 33 11
44 1160 15 2
44 1249 24 3
44 1258 41 1
44 1369 33 13
45 136 11 13
45 279 56 15
45 761 39 8
45 925 25 15
45 1039 8 3
45 1161 24 4
45 1279 56 4
46 166 4 1
46 286 45 9
46 452 11 9
46 584 52 12
46 867 10 14
46 990 57 11
46 1192 17 1
46 1358 4 1
47 150 6 14
47 221 54 8
47 395 43 1
47 644 23 6
47 1129 14 10
47 1315 43 15
48 240 34 14
48 418 40 11
48 442 7 12
48 554 12 8
48 832 1 12
48 915 14 7
48 988 27 1
48 1124 58 8
48 1158 13 1
48 1177 35 10
48 1188 9 15
49 470 23 11
49 471 14 14
49 514 53 7
49 966 37 6
49 1047 26 11
49 1122 26 9
50 122 8 11
50 211 33 11
50 659 2 15
51 205 30 1
51 768 2 1
51 830 23 14
51 1146 14 8
52 217 46 5
52 374 25 4
52 947 5 3
52 1060 48 10
52 1362 10 14
53 68 1 13
53 74 35 5
53 211 19 12
53 833 31 2
53 850 7 4
53 1063 33 1
53 1298 17 11
53 1412 29 13
53 1426 25 14
54 60 34 14
54 519 32 6
54 747 26 8
54 876 43 4
54 1005 33 12
54 1211 3 15
54 1372 23 6
55 71 33 15
55 85 44 13
55 256 32 12
55 394 11 4
55 1080 4 7
55 1215 3 15
56 257 29 1
56 422 10 14
56 606 6 12
56 897 9 8
56 1077 7 3
56 1081 8 8
56 1197 1 10
56 1267 52 13
57 122 2 13
57 621 5 15
57 937 43 1
57 1057 19 7
57 1084 54 6
57 1201 17 3
58 220 40 3
58 269 14 11
58 500 8 15
58 870 21 10
58 892 32 6
58 1261 17 3
59 267 33 13
59 478 24 6
59 1014 41 10
60 434 50 6
60 666 26 10
60 692 22 11
60 703 59 14
60 1375 38 10
61 1056 6 9
61 1384 2 15
62 188 42 5
62 233 42 11
62 1080 54 2
63 207 23 12
63 233 4 14
63 925 36 15
63 1219 7 11
63 1318 1 13
63 1328 8 10
64 469 54 4
64 568 57 15
64 831 18 15
64 1426 39 2
65 105 8 7
65 148 45 1
65 424 28 7
66 129 49 7
66 338 5 2
66 592 49 1
66 630 46 1
66 1027 48 8
66 1283 44 6
67 346 41 9
67 369 20 8
67 864 57 1
67 973 36 11
67 1171 21 6
68 253 5 7
68 333 41 4
68 488 58 3
68 594 36 15
68 718 59 13
68 885 32 13
68 963 34 6
68 1399 55 5
69 167 18 11
69 206 7 9
69 290 13 8
69 306 21 8
69 421 18 9
69 429 16 3
69 499 39 3
69 578 36 10
69 719 20 10
69 944 22 8
70 153 44 6
70 230 54 13
70 570 8 5
70 571 3 9
70 1074 49 6
70 1191 12 2
70 1211 28 4
70 1219 47 13
70 1267 50 8
70 1340 42 10
70 1407 20 1
71 321 15 15
71 453 7 10
71 498 39 9
71 878 22 12
71 1091 9 3
71 1156 30 11
71 1360 31 14
72 424 14 3
72 565 15 7
72 887 60 3
72 990 38 2
72 1024 22 8
72 1156 34 6
72 1268 47 14
73 151 3 12
73 558 20 10
73 664 34 14
73 737 25 2
73 860 17 12
73 1006 15 7
73 1294 6 5
74 734 8 1
74 837 49 8
74 1200 24 13
74 1306 40 11
75 109 33 14
75 1154 52 8
76 892 21 9
76 1164 4 7
76 1320 4 12
76 1421 40 4
77 414 51 7
77 1221 6 10
77 1342 6 4
77 1392 21 1
78 112 11 13
78 214 12 5
78 557 3 8
78 1048 29 15
78 1288 57 12
78 1396 20 9
78 1411 57 6
79 206 22 2
79 452 43 8
79 521 9 13
79 1272 34 6
79 1335 12 3
80 187 3 5
80 473 55 12
80 562 17 7
80 705 25 6
80 1013 29 2
80 1358 1 14
81 296 49 4
81 306 18 3
81 581 12 5
81 893 25 6
81 1089 19 7
81 1273 18 3
81 1381 25 9
81 1427 23 11
82 264 34 9
82 303 52 1
82 623 44 12
82 679 48 4
82 751 49 7
82 762 15 8
82 834 39 8
83 154 15 6
83 234 26 3
83 319 39 8
83 570 14 10
83 734 31 13
83 1037 29 10
83 1339 40 14
84 727 24 3
84 933 10 10
84 1045 49 6
84 1132 56 14
84 1200 47 3
85 187 25 6
85 473 25 12
85 503 5 14
85 549 51 11
85 640 33 2
85 1200 53 11
85 1215 38 5
85 1246 31 14
85 1368 29 3
86 141 30 9
86 496 6 10
86 1292 8 12
87 133 27 7
87 439 56 9
87 484 31 15
87 585 36 15
87 1084 29 15
87 1109 60 11
87 1241 58 12
88 184 44 13
88 308 21 10
88 359 23 8
88 1039 43 5
88 1088 9 7
88 1233 14 9
88 1394 56 10
89 243 26 10
89 627 45 2
89 690 7 11
89 699 54 10
89 1071 5 10
90 1015 4 12
91 134 49 7
91 375 54 12
91 380 12 14
91 381 53 7
91 628 45 1
91 670 19 2
91 815 57 15
91 1241 49 3
91 1418 55 11
92 569 42 11
92 612 15 9
92 1294 3 6
93 504 37 3
93 737 19 3
93 812 33 6
93 1182 52 12
93 1185 24 3
93 1295 39 2
93 1429 12 9
94 154 46 2
94 263 26 11
94 267 8 8
94 502 31 2
94 592 22 9
94 608 45 4
94 1002 48 10
94 1115 52 15
94 1367 51 4
94 1370 29 8
95 227 56 5
95 594 32 1
95 633 18 11
95 950 42 6
95 976 21 6
95 987 11 11
95 1014 55 11
95 1040 53 10
96 829 50 2
96 1144 11 12
96 1207 53 3
96 1232 24 11
96 1244 25 14
96 1384 50 4
97 486 31 3
97 1024 15 14
97 1227 39 6
98 168 25 5
98 524 41 9
98 985 30 13
98 1240 31 3
98 1322 32 7
99 174 46 6
99 699 40 9
99 1230 20 7
99 1377 57 12
100 123 29 15
100 487 31 3
100 627 31 5
100 757 60 2
100 884 59 6
100 1016 15 15
100 1254 55 11
100 1415 52 1
101 536 30 2
101 631 23 7
101 862 57 2
101 1195 43 4
101 1217 31 10
102 769 3 15
102 1276 19 15
102 1317 30 2
102 1382 15 8
103 111 58 4
104 325 9 2
104 687 59 8
105 231 40 4
106 226 51 1
106 578 14 10
106 1105 46 5
106 1345 59 8
107 284 28 14
107 323 46 10
107 809 44 4
107 864 34 5
107 1147 41 5
107 1429 39 3
108 586 10 4
108 695 13 7
108 831 20 1
108 1042 23 6
108 1400 28 13
109 400 33 4
109 566 53 8
109 663 19 4
109 695 33 7
110 249 30 4
110 336 44 14
110 361 52 6
110 773 36 3
110 779 10 11
110 872 48 11
110 927 44 12
110 968 32 2
110 993 57 11
110 1371 13 6
110 1392 50 12
111 455 25 6
111 853 32 4
111 1038 14 8
111 1093 33 4
112 284 56 15
112 429 50 9
112 550 4 15
112 685 10 5
112 704 56 9
112 1186 25 11
112 1332 20 15
112 1413 3 12
113 475 43 5
113 697 31 15
113 793 53 7
113 924 33 14
113 1023 19 7
113 1058 7 1
114 1050 40 13
114 1372 25 9
115 118 1 13
115 322 52 12
115 657 2 15
115 699 8 4
116 401 12 8
116 580 48 3
116 1205 34 8
116 1364 33 3
117 216 39 11
117 681 19 11
117 770 11 15
117 773 25 15
117 939 6 1
117 1158 3 15
118 374 26 7
118 455 26 14
118 509 55 5
118 560 52 10
118 1110 5 3
118 1348 34 6
119 163 46 9
119 396 42 12
119 432 36 12
119 495 2 9
119 633 37 5
119 811 1 2
119 1131 18 10
119 1315 3 1
120 324 60 10
120 538 6 4
120 550 33 3
120 553 29 7
120 896 39 9
120 1025 6 2
121 709 51 2
121 981 9 1
121 1376 49 10
122 343 33 9
122 805 27 2
122 942 26 13
122 1304 40 4
122 1380 30 12
123 241 54 14
123 671 35 13
123 741 54 12
123 907 42 10
123 1040 20 11
123 1048 37 13
123 1432 1 2
124 296 13 8
124 496 8 7
124 608 51 14
124 651 19 1
124 671 8 14
124 867 37 2
124 926 45 2
124 978 14 2
125 158 47 4
125 222 5 14
125 527 57 7
125 695 13 4
125 703 8 1
126 801 47 3
126 836 36 14
126 863 28 1
126 1105 36 12
127 283 60 15
127 537 41 4
127 607 54 6
127 939 35 7
127 1258 7 13
128 334 2 5
128 460 26 6
128 549 60 13
128 1024 6 5
128 1203 1 8
128 1211 49 7
128 1421 56 15
129 441 39 1
129 576 58 12
129 804 22 12
129 1145 58 3
129 1201 54 9
130 154 20 15
130 357 15 14
130 816 25 12
130 976 59 15
130 1098 26 9
130 1185 43 13
131 297 42 1
131 1034 17 7
131 1044 23 11
131 1158 8 5
132 522 51 4
132 808 11 6
132 1054 30 4
133 195 16 5
133 237 50 8
133 259 45 14
133 452 44 2
133 829 13 11
133 1188 25 7
133 1390 18 10
134 370 44 2
134 879 9 4
134 1028 52 6
134 1054 50 4
134 1126 3 13
134 1388 37 14
135 298 43 9
135 625 6 15
135 721 54 12
135 1107 3 8
135 1200 52 7
135 1412 54 14
136 607 14 14
136 826 47 3
136 1134 34 6
136 1193 34 4
137 871 21 12
137 899 22 15
137 1421 49 11
138 362 10 8
138 772 3 13
138 1080 2 5
139 814 48 4
139 940 35 12
139 1297 10 7
140 272 55 15
140 391 17 1
140 623 1 15
140 643 31 10
140 649 16 1
140 1010 5 9
140 1370 39 11
141 266 25 5
141 779 11 13
141 987 60 13
141 1223 60 11
142 252 18 1
142 340 55 4
142 412 19 4
142 583 47 6
142 598 3 15
142 642 46 7
143 248 48 12
143 267 41 1
143 530 59 1
143 661 28 8
143 670 30 8
143 885 29 2
143 1384 14 15
144 268 3 13
144 289 42 7
144 492 45 5
144 604 36 12
144 651 55 1
144 736 47 9
144 822 58 9
144 1143 54 6
144 1210 56 10
144 1384 15 13
145 293 8 12
145 322 42 15
145 714 49 10
145 742 1 1
145 833 59 11
145 970 38 10
145 1291 25 5
145 1310 9 2
145 1360 27 6
145 1374 7 6
145 1375 47 8
146 603 32 9
147 685 18 15
147 1317 41 3
147 1425 49 15
148 257 50 5
148 448 17 10
148 587 14 5
148 966 58 14
148 1025 48 2
149 1046 57 2
150 280 22 9
150 804 9 15
150 980 31 15
150 1025 34 3
151 423 42 11
151 436 60 9
151 818 41 6
151 820 16 3
151 1383 37 15
152 164 34 6
152 190 30 14
152 223 5 15
152 413 1 5
152 603 25 8
152 816 52 6
153 214 50 13
153 315 23 10
153 474 43 12
153 727 57 4
153 804 53 1
154 585 57 11
154 825 17 9
154 1138 34 4
154 1178 59 9
154 1180 27 2
154 1331 13 2
155 881 60 1
155 1066 42 1
155 1085 19 3
155 1397 9 5
156 293 22 7
156 328 25 10
156 339 49 10
156 495 21 5
156 538 5 3
156 1034 42 5
156 1259 22 4
156 1419 18 7
157 233 38 7
157 681 48 13
157 732 12 6
157 734 32 14
157 945 43 8
157 1052 15 4
157 1120 50 12
158 324 50 8
158 677 50 14
158 895 14 10
158 1102 45 12
158 1190 53 4
158 1219 44 5
158 1387 60 2
159 373 52 4
159 420 18 13
159 524 48 2
159 659 2 9
159 761 3 10
159 875 34 8
159 1054 2 12
159 1086 59 9
160 303 40 11
160 481 33 12
160 625 37 15
160 643 9 9
160 837 58 3
160 869 54 14
161 369 19 14
161 394 20 7
161 630 24 15
161 691 39 14
161 724 5 11
161 854 34 2
161 1285 1 14
162 428 21 14
162 461 36 3
162 808 10 8
162 1197 30 12
162 1338 55 4
163 269 34 11
163 351 21 11
163 663 52 12
163 790 26 11
163 991 35 3
164 387 20 2
164 664 36 2
164 683 43 14
164 1000 38 1
164 1215 6 13
165 563 19 6
165 730 7 7
165 747 39 11
165 1147 18 15
166 941 40 4
166 988 31 14
166 1067 1 9
167 251 27 13
167 386 17 14
167 504 30 7
167 902 57 10
167 1229 42 13
167 1304 14 12
167 1418 23 9
168 391 45 7
168 930 6 12
168 949 50 8
168 1331 47 1
168 1381 58 13
168 1395 37 14
169 332 2 2
169 340 7 7
170 297 15 2
170 330 19 15
170 353 2 10
170 778 39 12
170 1017 31 12
170 1202 14 9
171 437 33 3
171 659 15 10
171 746 2 14
171 1066 11 8
171 1266 22 5
171 1294 23 7
171 1307 60 3
172 327 8 14
172 493 38 5
172 512 41 4
172 842 2 13
172 1115 59 14
172 1326 54 14
173 515 6 6
173 620 7 5
173 646 9 8
173 676 38 1
173 795 3 10
173 969 48 15
173 1048 42 6
173 1393 36 15
174 596 41 4
174 1043 18 2
174 1205 6 10
175 370 59 10
175 429 10 11
175 465 56 15
175 712 12 15
175 1172 5 8
175 1236 27 15
175 1289 10 7
175 1377 59 15
175 1419 6 6
176 177 47 15
176 401 9 7
176 450 37 13
176 810 52 9
176 889 22 13
176 949 12 2
176 972 16 3
176 1139 33 3
177 216 15 12
177 292 38 2
177 325 22 10
177 722 44 1
177 733 5 12
177 945 53 12
177 1219 59 15
177 1372 43 7
178 488 30 5
178 492 2 14
178 600 34 4
178 1166 33 15
178 1308 12 15
178 1403 56 12
179 248 19 2
179 378 27 12
180 293 26 15
180 984 21 12
180 1332 57 11
181 481 58 12
181 738 36 2
181 782 26 6
181 1294 44 10
181 1432 59 2
182 565 3 4
182 637 28 7
182 923 47 6
182 945 60 2
183 334 39 14
183 405 47 6
183 458 42 8
183 671 49 3
183 719 23 10
183 840 17 2
183 894 60 10
183 1030 2 5
183 1193 58 9
183 1217 14 15
183 1222 55 3
184 466 27 12
184 1010 7 1
185 311 15 12
185 446 34 3
185 501 13 14
186 305 29 5
186 633 32 14
186 872 29 5
186 1302 39 11
187 192 56 11
187 822 60 13
187 899 12 15
187 981 5 7
187 1103 40 3
187 1127 44 6
187 1137 44 6
188 351 39 1
188 818 11 11
188 852 48 4
189 444 50 2
189 644 22 11
189 949 19 2
190 255 21 8
190 358 17 14
190 517 11 1
190 580 15 1
190 884 17 2
190 1146 1 3
191 915 38 7
191 957 46 7
191 968 41 6
191 1026 54 9
192 293 44 11
192 464 48 10
192 550 23 13
192 618 11 1
192 920 36 1
192 970 35 7
192 1045 9 3
192 1051 27 2
193 339 60 7
193 493 43 1
193 738 43 8
193 1243 11 15
193 1300 25 6
194 217 21 12
194 397 28 10
194 561 29 10
194 568 24 12
194 598 53 5
194 1113 60 1
195 260 56 5
195 431 24 11
195 498 37 9
195 543 13 5
195 643 3 8
195 653 53 12
195 782 31 4
195 827 56 12
195 1123 18 15
195 1226 4 14
196 410 16 12
196 425 42 12
196 795 49 10
196 1235 41 7
197 290 31 7
197 614 35 5
197 698 32 11
197 737 30 7
197 801 48 2
197 1076 16 3
197 1176 26 3
197 1361 48 4
197 1395 16 8
198 463 51 14
198 504 3 9
198 1036 32 12
198 1198 12 10
198 1328 27 1
199 237 14 2
199 496 35 7
199 514 7 1
199 655 55 9
199 1330 38 10
200 317 36 6
200 601 9 12
200 675 6 4
200 769 8 5
200 780 26 9
200 975 19 2
201 512 3 11
201 1198 13 14
202 343 1 6
202 1084 18 5
202 1397 7 13
203 224 10 11
203 591 30 1
203 793 59 7
203 892 47 9
203 979 13 1
203 1246 7 12
203 1302 13 9
204 379 35 11
204 564 39 10
204 728 2 11
204 1301 43 14
204 1313 32 14
204 1395 22 2
205 598 33 1
205 878 41 1
206 247 8 5
206 1120 14 5
206 1151 34 7
206 1199 31 3
207 382 35 15
207 390 38 5
207 453 16 11
207 462 10 2
207 463 30 4
207 835 29 9
207 858 6 4
207 1377 19 3
208 299 36 3
208 408 41 8
208 542 8 2
208 718 11 15
208 1310 19 2
209 281 22 14
209 346 5 3
209 386 52 9
209 949 25 10
209 1350 44 15
210 534 6 12
210 609 34 2
210 1213 56 12
211 302 39 8
211 527 49 15
211 656 37 7
211 740 24 7
211 919 1 3
211 959 35 6
211 1174 14 12
211 1183 56 10
211 1243 47 10
211 1338 25 2
212 308 13 2
212 542 2 6
212 657 40 7
212 837 36 6
212 1116 57 13
212 1291 42 9
212 1311 2 15
212 1319 44 4
212 1410 46 8
213 293 48 6
213 385 30 2
213 563 27 8
213 667 55 2
213 853 14 15
213 979 6 12
213 1050 36 3
213 1243 59 13
213 1308 59 9
213 1376 17 4
213 1399 40 5
214 617 60 12
214 687 2 14
214 720 56 10
214 994 40 11
215 333 46 15
215 433 31 6
216 809 45 6
216 841 39 6
216 1009 6 15
216 1028 40 12
216 1214 21 14
216 1354 13 2
217 331 4 12
217 356 35 6
217 883 21 8
217 938 45 12
217 1017 60 8
217 1094 25 1
217 1333 30 15
218 331 33 6
218 452 28 9
218 776 8 13
218 1127 11 15
218 1232 34 13
218 1233 32 15
218 1313 42 11
218 1354 60 3
218 1420 27 8
219 223 9 12
219 350 35 13
219 524 39 11
219 638 35 8
219 790 35 12
219 969 44 15
219 1005 34 1
219 1137 26 5
220 226 57 2
220 920 39 6
220 1329 38 15
221 271 54 3
221 302 39 12
221 559 57 6
221 661 47 14
221 770 40 5
221 1051 52 15
221 1064 56 7
221 1207 51 1
222 415 12 3
222 568 50 7
222 644 34 1
222 706 57 14
222 1080 46 12
223 556 51 12
223 784 34 8
223 831 9 13
223 876 9 7
223 1323 56 4
223 1338 29 15
224 287 19 6
224 1263 19 8
225 428 15 9
225 569 15 8
225 886 42 10
225 924 35 1
225 991 1 15
225 1185 23 5
225 1317 42 15
226 313 47 10
226 435 29 8
226 1074 44 5
226 1156 21 15
226 1402 4 14
226 1431 3 8
227 887 6 9
227 1240 27 4
227 1390 48 10
228 382 19 3
228 501 34 12
228 783 56 11
228 1054 45 10
228 1223 4 11
229 303 47 12
229 572 8 11
229 847 57 13
229 911 13 9
229 1011 14 9
230 302 6 1
231 271 1 4
231 600 57 5
231 681 23 5
231 900 12 8
231 1047 45 15
231 1097 51 6
231 1177 1 6
231 1235 40 15
231 1276 29 9
233 237 36 1
233 246 23 9
233 509 49 2
233 537 24 6
233 588 8 10
233 968 39 8
234 265 50 14
234 927 45 3
234 960 26 6
234 1214 10 12
234 1294 38 15
234 1365 51 3
235 256 13 13
235 269 36 7
235 721 8 5
235 840 9 4
235 1414 60 6
236 415 49 12
236 839 50 11
236 866 50 1
236 885 56 10
236 940 7 5
236 1056 33 3
236 1071 40 1
237 443 2 5
237 564 13 15
237 651 2 11
237 740 20 11
237 973 28 6
237 992 60 3
238 604 24 7
238 851 16 13
238 950 41 9
238 1006 58 8
238 1011 29 1
238 1210 28 14
239 356 5 11
239 395 32 1
239 678 22 3
239 1228 33 4
239 1330 36 3
240 592 47 9
240 604 46 8
240 830 17 5
240 1147 1 14
240 1331 9 6
241 416 30 13
241 752 49 8
241 969 11 10
241 1230 2 8
241 1428 20 14
242 323 53 7
242 568 16 15
242 616 28 2
242 837 20 4
242 895 42 11
242 976 55 1
242 1313 30 1
242 1362 43 13
243 281 4 8
243 303 60 1
243 392 39 8
243 401 49 10
243 432 44 3
243 543 25 15
243 750 54 6
244 290 60 1
244 305 22 11
244 374 59 7
244 721 7 1
244 746 51 12
244 1086 6 6
244 1280 44 7
245 303 8 10
245 592 15 10
245 639 41 15
245 868 5 3
245 888 43 8
245 1261 3 6
246 308 10 12
246 964 33 8
246 1025 38 13
246 1203 37 12
246 1373 21 1
247 286 32 1
247 302 25 9
247 341 60 5
247 360 40 4
247 384 30 6
247 558 5 4
247 716 55 1
247 721 60 4
247 787 35 15
247 964 3 5
247 1093 44 13
248 494 59 3
248 1138 29 1
249 878 26 2
250 351 10 3
250 407 32 12
250 584 44 11
250 1074 20 2
250 1128 52 1
250 1232 40 8
250 1238 9 10
251 451 54 14
251 740 35 4
251 1200 47 1
251 1210 25 6
252 540 42 9
252 602 6 11
252 689 41 3
252 887 42 13
252 1261 6 6
252 1424 19 11
253 502 50 1
253 543 49 2
253 684 53 5
253 987 27 2
253 1198 41 5
253 1204 28 11
254 922 56 2
254 934 41 4
254 1352 8 8
254 1390 52 13
255 321 4 1
255 610 46 8
255 624 49 4
255 705 29 13
255 798 55 5
255 907 13 4
256 488 41 8
256 554 60 3
256 662 12 7
256 692 19 10
256 701 9 8
256 815 7 10
256 863 43 2
256 1060 44 5
256 1345 15 7
256 1391 25 7
257 645 23 14
257 675 23 14
257 1146 32 5
258 350 30 10
258 525 5 10
259 456 60 5
259 961 4 11
259 1174 45 1
259 1277 7 10
259 1310 19 2
260 402 21 2
260 825 7 12
260 1323 33 8
261 458 31 3
261 1154 3 7
262 511 25 10
262 1383 21 15
263 299 22 7
263 303 53 10
263 455 1 12
263 479 56 15
263 626 29 11
263 731 27 4
263 757 2 8
263 922 52 2
263 942 11 11
263 1117 12 5
264 395 53 4
264 1053 25 8
264 1061 11 2
264 1287 40 11
264 1403 35 6
265 353 39 3
265 658 48 13
265 715 38 14
265 790 4 15
265 895 44 5
265 1191 34 6
265 1203 18 11
265 1381 5 15
266 592 1 10
266 793 52 13
267 498 32 8
267 605 5 2
268 347 44 12
268 420 49 10
268 734 22 4
268 987 57 15
268 1055 42 15
269 439 6 3
269 1141 37 11
270 414 55 2
270 892 56 6
270 916 44 14
270 1069 28 6
270 1303 58 12
271 308 45 13
271 361 17 8
271 426 33 7
271 458 20 8
271 533 43 2
271 817 13 2
271 1371 1 2
271 1401 11 11
272 330 47 13
272 391 60 3
272 638 40 12
272 969 51 9
273 416 35 7
273 439 57 11
273 550 43 13
273 773 10 11
273 1213 11 5
273 1395 13 11
274 858 58 6
274 1084 36 13
274 1113 32 11
274 1273 32 5
274 1358 57 4
275 607 13 14
275 685 58 13
275 1259 20 15
275 1391 50 11
276 558 21 3
276 661 10 4
276 787 42 2
276 951 29 5
277 453 24 14
277 706 29 6
277 790 36 7
277 902 23 6
277 1087 1 14
277 1235 16 1
277 1321 15 1
278 385 17 6
278 454 59 3
278 490 17 8
278 570 31 9
278 811 16 5
278 989 10 12
278 1080 20 1
278 1431 55 14
279 283 59 1
279 292 28 10
279 297 12 11
279 496 45 4
279 615 52 12
279 620 27 10
279 743 28 1
279 783 30 12
279 830 47 9
279 1164 8 11
279 1199 27 5
279 1342 24 7
279 1393 34 1
279 1405 18 4
279 1406 33 10
280 828 53 12
280 899 49 3
280 1146 43 12
281 917 42 6
281 1062 48 9
281 1145 43 12
281 1356 40 15
281 1363 49 5
282 297 24 2
282 556 40 7
282 636 30 11
282 971 28 9
282 1101 39 11
282 1136 31 2
282 1414 60 2
282 1417 33 12
283 301 51 12
283 446 30 3
283 563 17 15
283 1231 40 6
283 1289 13 14
283 1334 60 12
283 1392 50 8
284 624 29 5
284 763 55 12
285 314 22 5
285 430 8 11
285 860 36 1
286 402 26 8
286 747 30 11
286 827 14 3
286 917 24 3
286 1346 60 10
287 414 43 12
287 781 33 7
287 957 44 6
287 1116 4 15
287 1123 32 11
288 589 37 8
288 593 41 15
288 610 38 5
288 888 2 6
289 646 11 3
289 690 23 13
289 1393 27 1
289 1426 6 2
290 298 40 13
290 521 27 3
290 792 26 7
290 804 41 9
290 882 56 1
290 945 44 5
290 1069 28 6
290 1170 44 3
290 1377 12 8
290 1385 46 4
291 341 42 8
291 610 41 13
291 763 50 14
291 1089 7 7
291 1210 10 9
292 739 37 5
292 1017 3 12
293 548 7 5
293 762 15 8
293 1139 21 12
293 1386 9 11
294 669 13 3
294 791 18 15
294 1076 36 8
294 1154 15 12
294 1246 38 13
295 447 26 11
295 645 20 9
295 898 28 11
295 909 14 3
295 936 10 1
295 1162 40 11
296 517 49 1
296 667 45 3
296 1088 29 7
296 1173 19 12
297 519 21 9
297 560 49 6
298 781 16 1
298 1039 56 14
298 1357 35 15
299 409 26 11
299 740 4 12
299 773 28 7
299 1119 28 11
299 1340 56 15
300 816 28 6
300 1101 29 7
300 1193 43 9
301 441 11 2
301 722 4 13
301 865 42 9
301 1106 55 2
301 1378 12 10
302 771 6 4
302 1003 28 2
302 1139 45 11
303 368 34 3
303 442 34 15
303 644 27 7
303 649 54 6
303 1334 22 2
304 305 55 8
304 344 56 15
304 353 54 5
304 801 38 3
304 806 12 6
304 975 20 12
304 1169 37 10
305 340 11 5
305 421 47 2
305 493 8 6
305 503 19 6
305 563 28 1
305 626 21 2
305 696 33 1
305 791 17 10
305 891 37 1
305 1237 21 5
305 1300 14 15
305 1317 46 15
305 1392 50 15
306 1359 24 14
307 414 15 8
307 444 32 14
307 522 41 11
307 653 37 15
307 1270 26 5
308 808 39 1
308 1041 8 5
308 1379 48 2
309 740 5 1
309 851 22 6
309 995 59 13
309 1209 32 5
310 550 57 10
310 619 19 10
310 959 53 1
310 1065 49 3
311 737 58 15
311 1003 23 1
311 1162 7 5
311 1425 3 1
312 333 47 7
312 914 56 4
312 1148 60 13
312 1155 39 14
312 1175 7 5
313 907 2 11
313 985 52 3
313 1004 27 3
313 1021 34 10
314 403 14 10
314 421 52 3
314 522 43 4
314 658 48 15
314 1321 24 5
314 1398 11 2
315 950 30 14
315 1310 33 13
316 317 39 9
316 321 37 4
316 552 50 5
316 812 3 14
316 982 6 5
316 1008 22 1
317 330 33 15
317 401 6 11
317 566 32 9
317 942 19 10
317 1007 26 3
317 1024 9 12
318 586 26 11
318 1041 58 5
318 1166 32 9
318 1189 45 10
318 1325 14 1
318 1373 57 15
319 326 41 12
319 390 27 14
319 517 8 14
319 608 14 14
319 670 27 10
319 1135 20 7
319 1372 14 2
320 663 7 4
320 980 8 11
320 1122 41 3
320 1237 47 10
320 1427 21 8
321 491 26 5
321 557 39 2
322 784 39 15
322 883 16 2
322 1051 13 2
322 1348 2 12
323 455 27 9
323 919 19 11
323 925 13 7
323 1318 1 5
323 1343 51 5
324 389 51 13
324 397 28 5
324 461 48 11
324 488 8 14
324 633 26 4
324 969 49 13
324 1332 19 8
325 549 5 8
325 586 24 14
325 598 59 8
325 995 10 10
325 1200 17 12
326 519 9 7
326 536 40 2
326 1178 14 4
326 1336 32 4
326 1380 1 11
327 509 4 7
327 850 50 7
327 1128 56 3
327 1199 58 2
327 1315 58 13
329 624 8 13
329 667 35 6
329 740 42 4
329 779 35 8
329 837 12 2
329 1101 24 7
329 1238 44 13
330 832 27 5
330 1280 37 5
331 621 27 8
331 963 27 11
331 1127 28 5
331 1150 13 7
331 1276 12 2
332 399 5 6
332 556 29 15
332 632 27 8
333 1212 39 3
334 955 4 6
334 1231 52 8
334 1391 29 8
335 375 16 6
335 846 50 11
335 1195 56 8
335 1216 18 8
335 1256 43 9
335 1357 13 11
335 1366 29 3
335 1396 29 5
336 457 58 13
336 510 50 15
336 757 33 3
336 810 42 7
336 819 18 2
336 968 41 10
336 1064 18 15
336 1085 42 8
337 759 12 11
337 798 59 5
337 1086 41 14
337 1104 26 6
337 1223 53 11
338 765 40 6
338 994 32 5
339 485 29 10
339 1077 19 13
340 930 46 7
340 1320 10 13
341 382 24 7
341 401 25 11
341 477 51 6
341 781 6 6
341 899 8 10
341 1002 6 1
342 512 28 1
342 565 14 14
342 1425 57 13
343 636 39 14
343 674 45 4
343 1106 16 11
343 1174 49 14
344 849 40 11
344 1405 5 3
345 390 37 11
345 728 25 4
345 1120 8 10
345 1159 2 5
346 415 34 4
346 735 42 6
346 772 34 13
346 789 5 2
346 915 24 8
346 1026 4 1
346 1179 56 6
346 1300 33 7
346 1391 36 7
347 504 40 9
347 892 39 15
347 956 54 2
347 1275 1 7
348 676 16 10
349 565 20 8
349 605 30 8
349 840 26 7
349 966 18 2
349 1040 17 11
349 1298 51 6
350 744 8 8
350 1208 22 12
351 502 2 1
351 539 56 7
351 1126 4 9
351 1131 54 4
351 1411 9 3
352 565 41 10
353 600 46 11
353 782 18 11
353 854 37 3
353 921 28 12
353 1042 34 7
354 849 41 15
354 1054 13 7
354 1233 54 2
354 1329 14 9
354 1344 49 2
355 906 40 11
355 1028 41 9
355 1195 38 1
356 469 28 1
356 507 47 10
356 595 43 6
356 957 54 7
357 441 40 9
357 584 49 5
357 992 14 7
357 1013 40 2
357 1014 16 5
357 1313 42 3
358 956 2 11
358 1028 50 15
358 1068 26 12
358 1080 31 13
359 479 35 3
359 899 28 9
359 1001 60 9
359 1129 12 6
360 366 45 7
360 515 58 10
360 576 29 1
360 1341 55 1
360 1416 10 15
360 1430 19 4
361 645 34 6
361 722 10 12
361 1278 56 2
362 400 56 7
362 925 55 6
362 1158 51 12
362 1161 14 14
363 517 37 1
364 487 55 7
364 775 32 12
364 1257 57 7
364 1400 4 14
365 665 53 12
365 776 22 14
366 653 4 15
366 974 57 1
366 985 7 13
367 597 1 12
367 693 56 11
367 1162 30 7
368 390 38 7
368 568 17 8
368 756 45 12
368 818 14 15
368 825 58 15
368 1128 57 8
368 1387 48 6
369 1027 48 12
369 1365 21 9
369 1404 8 1
370 1338 7 11
371 527 30 7
371 571 47 1
371 817 17 12
371 1046 44 5
371 1312 58 10
371 1332 34 8
372 790 47 2
372 929 2 1
372 1208 46 13
372 1228 26 14
372 1279 44 7
373 632 36 4
373 1093 7 1
373 1101 60 9
373 1137 3 2
373 1216 42 7
374 483 29 6
374 765 53 10
374 1080 22 3
375 609 60 8
375 710 9 4
375 1270 60 9
376 791 20 15
376 831 51 1
377 516 4 12
377 1244 8 11
377 1331 3 1
378 802 53 14
378 938 10 9
378 1175 34 1
378 1371 18 9
379 433 23 2
379 988 53 7
379 1411 35 1
380 592 39 7
380 820 33 4
380 911 33 2
381 589 26 9
381 973 42 8
381 1264 8 10
382 420 29 14
382 780 43 7
382 846 31 7
382 1092 42 7
383 711 20 8
384 770 22 10
384 1110 54 7
384 1126 44 10
384 1302 50 6
384 1372 16 14
385 747 51 9
385 1427 51 13
386 411 55 15
386 503 29 5
386 966 25 11
386 1340 48 7
386 1343 49 4
386 1358 14 7
387 466 48 14
387 661 27 10
387 670 17 12
387 1188 28 9
387 1331 14 14
388 762 35 3
388 804 41 1
388 1216 43 12
388 1292 48 13
389 550 23 14
389 563 8 6
389 843 25 1
389 1079 44 11
390 660 13 14
390 858 43 11
390 996 32 12
391 1298 44 1
391 1357 40 3
392 405 53 11
392 525 13 9
392 623 42 4
392 686 58 5
392 959 34 10
392 1003 52 9
392 1238 41 2
392 1300 1 14
393 508 32 14
393 663 21 9
393 794 34 6
393 1116 26 13
393 1199 46 6
394 448 27 8
394 1095 52 6
395 413 2 8
395 443 52 7
395 800 29 9
395 1157 20 1
395 1283 12 11
396 473 24 4
396 490 46 11
396 542 27 12
396 547 31 10
396 576 20 9
396 761 20 6
396 1095 6 1
396 1389 29 3
397 596 15 9
397 698 55 11
397 1117 9 2
397 1422 29 13
398 449 16 6
398 501 5 1
398 950 4 7
398 1424 18 13
399 547 52 12
399 604 19 7
399 674 36 3
399 706 6 8
399 1001 55 15
399 1073 31 5
399 1395 27 1
400 1080 59 6
400 1122 35 1
401 744 27 6
401 785 10 14
401 904 33 7
401 1273 59 1
401 1320 8 7
402 636 58 8
402 716 31 9
402 840 40 9
402 905 41 12
402 1058 42 3
402 1107 52 14
402 1265 36 15
402 1321 3 6
402 1394 47 12
403 1097 37 3
403 1148 39 6
403 1193 41 2
403 1260 58 3
404 406 11 15
404 502 20 1
404 703 17 9
404 755 28 1
404 1276 22 13
404 1420 2 14
405 886 49 10
405 1211 50 4
405 1278 50 11
406 680 10 9
406 688 42 13
406 983 53 9
406 1271 20 12
406 1284 32 3
407 422 27 13
407 671 15 15
407 1330 47 12
407 1336 42 1
408 487 47 11
408 558 16 11
408 715 4 8
408 757 19 12
408 1094 3 3
409 440 37 5
409 582 14 12
409 988 9 5
410 550 38 11
410 833 49 13
410 842 45 14
410 879 8 15
411 782 2 5
411 1242 20 15
411 1338 1 8
412 586 45 2
412 929 42 15
412 973 45 2
412 1143 39 5
412 1329 52 1
412 1383 3 3
413 621 43 9
413 652 6 10
413 1079 57 6
413 1120 27 5
414 1009 5 1
415 485 46 1
415 666 47 8
415 750 19 14
415 773 19 7
415 861 16 10
415 1072 47 11
415 1211 18 13
415 1406 17 6
415 1419 17 14
416 455 3 12
416 536 51 4
416 704 7 14
416 964 25 15
416 1199 8 8
416 1251 53 6
416 1384 22 9
417 914 34 2
417 926 31 11
417 1230 29 11
417 1309 47 9
418 625 4 9
418 795 8 7
418 934 8 5
418 1368 2 6
419 482 4 8
419 858 40 14
419 859 35 5
419 1037 52 13
419 1394 52 5
420 678 34 3
420 760 10 12
420 773 3 4
420 825 10 10
420 926 8 15
421 953 53 1
421 1120 16 12
421 1417 45 15
422 446 41 5
422 613 39 12
422 773 28 15
422 782 37 13
422 811 31 2
422 841 50 5
422 884 35 13
423 560 18 4
423 865 54 9
423 1234 53 11
424 631 21 11
424 1038 36 6
424 1292 3 7
424 1356 7 7
425 522 42 10
425 956 53 3
425 1031 18 12
425 1412 9 10
426 509 46 13
426 686 7 13
426 763 40 1
426 864 45 12
426 870 49 1
426 923 28 6
426 1219 5 10
427 644 45 11
427 735 36 6
427 866 50 4
427 928 25 15
427 998 5 14
427 1112 48 6
428 621 53 11
428 836 48 11
428 851 1 14
428 1180 39 3
429 826 2 5
429 835 39 3
429 947 9 8
429 1016 32 13
429 1088 57 12
429 1247 37 8
429 1335 44 15
430 463 20 9
430 529 59 8
430 647 23 15
430 856 53 8
430 974 35 3
430 1228 29 2
430 1317 18 7
430 1357 54 2
431 472 14 3
431 848 59 5
431 955 12 4
432 751 32 10
432 982 55 1
432 1060 53 7
432 1336 53 10
432 1350 50 1
432 1432 39 3
433 460 55 11
433 579 35 7
433 632 20 7
433 643 51 3
433 657 8 7
434 464 38 2
434 741 5 3
434 765 57 7
434 922 2 8
435 702 49 12
435 710 53 1
435 733 46 14
435 770 26 6
435 951 51 14
435 1158 6 13
436 546 24 5
436 596 20 14
436 1079 2 4
436 1260 43 3
436 1425 36 1
437 668 34 9
437 812 23 6
437 818 47 8
437 824 40 11
437 1198 29 5
437 1227 24 9
438 542 53 15
438 600 27 9
438 681 28 12
438 858 30 6
438 1409 46 6
439 604 18 14
439 727 15 3
439 1274 10 9
440 473 6 9
440 550 2 10
440 958 21 4
440 1011 38 6
441 697 26 9
441 771 13 8
441 889 43 6
441 952 32 1
441 1111 18 10
442 498 38 9
442 900 1 14
442 1025 59 8
442 1144 32 6
442 1329 40 11
443 574 29 12
443 618 8 4
443 769 44 3
443 843 32 4
443 1033 46 15
443 1256 17 9
443 1323 52 15
444 996 22 10
444 1147 11 3
444 1152 6 15
444 1260 38 4
445 534 59 11
445 679 41 14
445 697 34 6
445 954 10 4
445 1304 20 3
445 1341 43 5
446 579 3 15
446 607 17 7
446 662 49 2
446 883 10 3
446 978 41 3
447 741 43 2
447 992 57 7
447 1356 52 1
448 603 17 3
448 830 12 6
448 878 5 12
448 1179 18 11
449 1300 38 5
450 1262 59 3
450 1400 55 9
450 1432 60 13
451 802 44 13
452 588 24 1
452 868 16 9
452 1284 42 9
453 928 11 12
453 929 18 8
453 1330 43 11
453 1384 44 8
453 1398 26 9
453 1405 22 11
454 584 45 12
454 598 42 6
454 705 51 9
454 770 9 5
454 791 52 8
454 824 48 4
454 940 53 7
454 992 20 15
454 995 54 11
455 496 11 8
455 727 18 7
456 464 27 12
456 703 22 13
456 775 59 1
456 832 17 3
456 862 16 3
456 999 10 1
456 1073 24 9
457 649 1 7
457 779 3 6
457 913 6 3
457 989 31 1
457 998 21 13
457 1210 18 10
457 1391 59 12
458 645 43 4
458 1050 29 8
459 753 12 3
459 796 35 2
459 895 60 7
459 905 28 3
459 1039 14 1
459 1062 12 4
459 1122 4 1
459 1222 34 14
459 1333 28 1
460 739 47 14
460 1390 43 14
461 675 48 1
461 711 4 12
461 782 1 15
461 1059 13 7
461 1192 10 3
461 1283 46 10
461 1357 40 12
462 861 38 7
462 1021 31 13
462 1109 8 8
462 1218 30 10
463 626 29 12
463 778 6 14
463 990 24 8
463 1054 27 8
463 1147 50 5
464 565 21 14
464 937 22 5
464 1132 30 1
465 776 31 6
465 790 39 11
465 977 7 9
465 994 5 7
465 1009 50 15
465 1386 20 7
466 629 28 3
466 1241 50 9
467 606 49 14
467 805 50 13
467 982 19 2
468 1268 49 11
469 632 53 14
469 844 27 13
469 883 40 1
469 1268 49 2
469 1279 22 10
469 1414 40 11
470 493 12 8
470 698 17 13
470 1122 47 9
470 1128 9 8
470 1130 24 3
470 1352 3 2
470 1407 26 3
471 594 30 5
471 602 55 6
471 674 58 15
471 1277 45 5
472 625 6 5
472 707 18 12
472 715 4 5
472 1179 59 5
473 613 18 9
473 877 10 5
473 1344 18 1
474 829 23 12
474 1022 42 9
475 518 17 6
475 959 5 3
476 554 7 11
476 880 18 5
477 560 32 10
477 1138 59 8
477 1203 21 5
478 860 38 1
478 1333 23 3
478 1426 3 13
479 498 54 2
479 554 57 6
479 591 45 6
479 911 16 13
480 604 28 6
480 671 60 11
480 794 19 2
480 806 26 13
480 1004 25 3
480 1077 15 8
480 1203 50 12
480 1215 51 12
480 1421 52 15
481 785 44 8
481 1074 6 13
481 1152 11 13
481 1250 14 10
481 1406 29 3
482 582 33 3
482 1103 22 11
483 545 4 6
483 1121 40 13
483 1275 36 13
484 1099 36 6
484 1182 8 13
484 1200 39 6
484 1349 36 11
485 630 11 7
485 731 24 15
485 852 29 9
485 876 8 5
485 962 59 7
485 1021 27 2
485 1221 12 4
485 1405 13 12
486 567 29 7
487 564 42 2
487 1078 39 14
487 1321 7 4
488 559 52 7
488 1013 2 14
489 564 45 13
489 1138 12 6
490 543 16 8
490 592 29 11
490 721 10 12
490 809 11 9
490 843 30 9
490 870 27 15
490 996 34 7
491 569 35 12
491 651 26 8
491 901 9 8
491 1066 53 11
492 783 48 10
493 693 14 6
493 1194 2 10
493 1425 17 12
494 511 26 2
494 545 13 1
494 1100 17 11
494 1153 8 6
495 502 7 14
495 543 11 8
495 945 56 10
495 1295 11 5
495 1307 40 8
496 674 52 15
496 918 4 6
496 933 15 10
496 1038 33 11
497 901 17 1
497 913 30 12
497 1076 60 1
498 746 60 4
498 1007 13 15
499 561 12 12
499 806 30 2
499 1100 18 14
499 1109 8 10
499 1223 57 11
499 1228 22 8
499 1308 23 7
499 1332 8 13
500 549 51 13
500 885 36 15
500 1279 57 8
501 548 20 5
501 1100 45 14
502 551 57 9
502 1088 18 1
502 1281 57 11
503 1301 49 12
504 523 12 1
504 889 41 5
504 1029 34 4
504 1105 28 9
504 1138 17 6
504 1224 46 5
504 1244 16 4
505 529 15 13
505 649 29 3
505 968 57 13
505 1158 54 2
505 1380 22 1
506 724 40 11
506 973 45 8
506 1170 54 6
506 1322 1 13
507 548 22 12
507 979 4 15
507 1047 56 3
508 889 17 15
508 1178 29 7
508 1426 48 1
509 627 35 4
509 659 20 14
510 613 18 3
510 749 41 8
510 1243 3 5
511 870 36 6
511 891 11 2
511 1303 13 11
512 525 18 11
512 691 53 15
512 759 43 13
513 828 3 8
514 656 31 10
514 788 2 6
514 910 47 2
514 1079 5 15
514 1355 18 1
515 918 49 9
515 1077 41 14
515 1206 19 6
516 768 4 5
516 976 31 7
516 1066 1 13
516 1354 53 5
516 1402 8 5
517 723 20 8
517 956 5 7
517 1031 33 8
517 1041 47 13
517 1298 19 11
518 555 42 2
518 672 22 7
518 752 40 9
518 784 15 11
518 851 46 2
518 1395 20 1
519 743 42 15
519 746 20 12
519 1287 48 6
520 708 58 8
520 1337 3 14
521 618 31 3
521 693 57 5
521 1199 14 11
522 821 36 9
522 1010 56 12
522 1229 3 6
522 1287 17 8
522 1305 29 2
523 806 50 10
523 1050 55 2
523 1162 4 6
523 1348 54 5
523 1368 4 15
523 1427 38 12
524 797 38 9
524 923 53 9
525 565 6 12
525 1130 33 4
526 544 31 14
526 549 16 14
526 618 9 4
526 690 29 6
526 837 30 8
526 1253 19 11
527 565 6 7
527 1023 8 12
527 1097 1 2
528 556 9 8
528 677 53 4
529 787 15 4
529 1083 26 5
529 1198 36 12
529 1290 19 2
530 1088 11 11
531 733 55 9
531 789 59 5
531 831 58 11
531 1011 60 11
531 1097 35 3
531 1189 19 9
532 779 37 6
532 859 35 10
532 904 46 5
533 569 10 10
533 895 45 3
533 1107 40 1
533 1355 47 2
534 783 59 10
534 953 27 6
534 1269 57 2
534 1284 25 15
535 610 26 10
536 556 36 9
536 653 30 9
536 699 46 15
536 784 16 10
536 1211 32 5
536 1319 23 5
537 761 54 2
537 1276 10 8
538 597 11 5
538 609 46 10
538 869 4 2
538 1066 30 9
538 1079 59 7
539 774 18 7
539 869 49 5
539 875 49 3
539 905 15 4
539 1117 10 2
539 1423 15 5
540 548 38 10
541 796 33 13
541 1081 25 1
542 700 16 1
542 1051 49 3
543 570 2 15
543 684 24 12
543 739 59 15
543 975 30 9
543 1116 12 15
544 632 29 9
544 686 53 10
544 925 5 9
544 1139 2 3
544 1195 13 10
545 595 13 10
545 613 29 10
545 660 48 5
545 1008 51 11
545 1017 43 11
546 1289 5 15
546 1320 41 15
547 605 12 3
547 800 11 9
548 725 57 1
548 752 7 13
548 837 17 14
548 1145 21 6
549 829 52 11
549 997 33 6
549 1382 28 2
549 1431 51 9
550 645 57 6
550 671 17 13
550 673 48 6
550 991 23 6
550 1227 1 12
551 598 35 14
551 658 53 2
551 765 14 4
551 843 4 3
551 1244 5 10
551 1340 54 3
552 817 21 6
552 865 53 2
552 1266 12 5
553 714 57 14
553 800 15 7
553 1077 44 3
553 1330 34 5
553 1389 37 8
554 630 32 9
554 894 43 7
554 1170 4 11
554 1333 38 3
555 793 55 13
555 1149 1 5
556 946 57 4
556 1357 30 10
557 760 60 2
557 771 45 15
557 933 39 8
557 1131 51 11
557 1337 60 10
557 1355 40 1
557 1357 5 10
557 1422 54 3
558 581 12 7
558 892 16 13
558 1019 57 2
558 1057 10 1
558 1278 56 5
558 1366 41 7
559 619 48 8
559 746 57 4
559 857 52 2
559 1313 45 4
560 913 59 15
560 965 39 11
561 577 43 13
561 637 34 9
561 740 18 15
561 758 1 15
561 879 51 15
561 1344 29 8
562 640 44 2
563 573 32 3
563 653 28 11
563 1285 30 12
563 1368 8 5
564 981 47 2
564 986 19 8
565 598 55 15
565 971 54 9
565 1147 26 14
566 1264 18 10
567 570 1 14
567 676 60 15
567 1000 36 6
567 1221 38 1
567 1394 3 9
567 1432 48 4
568 605 27 7
568 1144 48 4
568 1295 11 6
568 1313 37 11
569 608 49 4
569 1045 47 11
570 1003 47 4
570 1061 7 7
571 871 14 13
571 887 16 6
572 626 6 14
572 914 5 1
573 1078 41 3
574 684 32 4
574 835 52 10
574 1282 60 8
575 623 40 7
575 632 40 12
575 780 37 15
575 1164 36 15
575 1337 51 5
576 974 26 15
576 1310 45 10
576 1429 44 5
577 674 22 6
577 890 16 9
577 1138 36 4
577 1207 8 15
577 1302 33 13
578 1075 30 11
578 1134 27 6
578 1283 46 13
578 1335 54 10
578 1384 58 8
579 1082 39 12
579 1242 26 7
580 587 29 15
580 690 27 14
580 1406 32 4
581 633 18 9
581 966 34 10
581 1237 26 4
581 1342 4 5
582 706 5 4
582 724 11 7
582 869 1 15
582 1045 59 2
582 1307 29 2
582 1342 41 4
582 1409 44 8
583 684 19 4
583 807 34 12
583 994 14 13
583 1120 32 13
584 724 20 2
584 1248 16 4
584 1257 24 3
585 1301 11 7
586 787 53 14
586 1037 54 6
586 1364 31 13
587 815 60 3
587 821 8 4
587 1090 2 13
587 1190 57 10
588 854 59 7
588 896 3 15
588 1101 48 10
589 789 35 12
590 1150 34 13
590 1272 19 8
590 1314 2 15
590 1334 48 9
591 711 57 12
592 639 17 9
592 691 22 7
592 725 36 15
592 1000 33 8
592 1221 39 6
592 1251 11 2
592 1290 17 14
593 1041 58 9
593 1136 15 15
593 1246 43 15
594 691 30 2
594 696 49 10
594 1385 8 10
595 741 6 11
595 751 11 2
595 1012 23 9
595 1395 20 3
596 883 39 11
596 1307 57 11
597 1139 11 1
597 1184 12 6
597 1253 48 8
597 1277 40 10
597 1293 47 3
597 1371 17 13
598 834 60 14
599 902 2 14
599 1160 60 5
599 1202 19 4
599 1271 28 2
599 1363 5 13
600 843 42 7
600 1149 43 13
600 1212 16 10
601 645 21 11
601 708 17 6
601 798 17 14
601 897 8 13
602 1093 23 6
602 1269 57 6
603 644 16 3
603 754 3 10
603 844 19 3
603 1039 30 4
603 1247 25 14
604 641 46 2
604 1102 39 8
605 689 53 1
605 1015 51 5
605 1102 12 3
606 657 30 5
606 955 45 11
606 1414 45 10
607 880 25 4
608 653 6 11
608 1194 24 7
608 1383 35 10
608 1404 26 8
609 719 45 12
609 745 4 10
609 847 53 10
609 882 28 9
609 985 38 3
609 1055 22 15
610 920 39 5
610 1238 46 5
610 1306 41 12
610 1371 54 10
611 614 51 15
611 654 24 13
611 1050 36 2
613 679 37 12
613 702 14 2
613 775 29 1
613 992 5 4
614 1021 54 15
614 1073 31 3
614 1106 44 7
614 1310 36 11
615 650 58 6
615 653 11 3
615 798 37 3
615 1162 45 8
615 1215 14 1
616 668 59 1
616 728 4 11
616 745 13 9
616 982 45 3
617 945 24 6
617 1156 32 15
617 1190 60 4
617 1219 18 13
618 802 42 11
618 815 24 2
618 1061 34 7
618 1298 4 15
618 1377 8 15
618 1416 23 4
619 1060 33 12
619 1360 16 6
620 670 56 8
620 798 40 11
620 832 45 13
620 1209 44 13
620 1339 11 11
620 1351 45 6
621 1040 47 5
622 660 9 8
622 688 45 5
622 783 15 8
622 1004 49 1
622 1247 47 2
622 1300 15 10
623 1088 6 12
623 1407 37 14
624 682 39 10
624 686 56 11
624 1186 44 11
624 1234 54 11
624 1362 26 10
624 1382 48 1
625 678 11 8
625 961 42 4
625 1145 30 13
625 1202 18 8
625 1317 49 14
626 830 8 13
626 1013 38 13
626 1190 44 2
626 1359 49 2
627 746 23 10
627 1009 37 11
627 1342 6 2
628 865 42 15
628 937 21 2
629 1029 58 10
630 916 60 8
630 1344 38 10
631 752 4 12
631 1068 42 12
631 1127 7 4
632 1278 44 14
633 1090 47 15
634 649 23 9
634 788 56 4
634 928 31 12
634 1009 13 3
634 1171 39 10
634 1338 35 2
635 1144 7 11
636 889 2 8
636 1202 26 1
636 1374 44 4
637 915 9 6
637 923 32 2
637 1150 44 3
637 1177 33 1
637 1363 26 5
637 1370 40 6
638 910 31 5
638 968 44 9
639 684 42 4
639 740 17 11
639 1222 35 5
639 1235 17 12
640 732 41 4
640 764 48 7
640 828 41 12
640 1089 54 14
640 1280 33 13
641 719 4 4
641 1161 4 10
641 1193 21 10
641 1362 1 7
641 1424 46 4
642 799 4 10
642 922 33 2
642 1076 58 5
642 1119 31 7
642 1174 58 15
642 1206 43 9
642 1216 30 10
643 1161 12 9
644 1176 18 9
645 920 54 12
646 799 46 13
646 822 3 8
646 1156 16 15
646 1162 49 8
649 681 12 3
649 1148 37 3
649 1391 52 1
651 970 19 11
651 1030 59 9
651 1137 57 5
651 1271 53 9
651 1276 45 2
651 1288 22 3
651 1307 17 5
652 1243 25 8
653 727 15 10
653 756 59 4
653 828 13 14
653 1030 3 8
653 1346 39 15
654 930 34 14
654 1379 25 6
655 766 57 6
655 1118 5 3
655 1316 9 7
655 1394 17 8
656 1035 22 1
657 693 59 13
657 745 58 4
657 777 37 10
657 783 45 11
657 900 1 9
657 1040 55 4
657 1059 44 11
657 1130 14 11
657 1372 10 4
658 811 50 4
658 968 33 11
658 1207 18 9
658 1272 3 1
658 1385 37 9
659 906 59 5
659 1331 14 13
659 1430 50 8
660 754 18 11
660 756 22 11
661 835 19 6
661 1130 46 7
662 896 17 7
662 968 44 3
662 1105 27 12
662 1180 9 5
662 1203 9 11
663 731 38 10
663 894 57 14
663 1336 55 12
664 937 17 13
664 1115 59 11
664 1116 36 1
664 1238 1 4
664 1394 36 8
664 1424 13 9
665 1324 31 1
665 1421 44 10
666 876 43 14
666 946 22 1
666 1053 25 12
667 881 7 1
667 992 60 12
667 1024 46 13
668 877 10 6
668 1271 27 6
668 1329 17 10
669 1210 37 8
669 1216 40 9
670 690 11 8
670 988 40 11
670 1334 26 5
670 1355 38 12
671 690 27 6
671 708 25 13
671 790 23 9
671 961 51 4
671 962 36 12
672 801 37 3
672 871 1 7
672 1218 60 6
672 1310 29 7
673 857 18 3
673 1409 19 12
674 1003 8 4
674 1094 59 15
674 1344 5 12
675 792 44 12
676 728 58 12
676 939 30 4
677 898 53 11
677 937 4 1
677 1023 49 1
677 1168 10 14
677 1359 20 7
678 736 9 11
678 849 51 14
678 894 48 5
678 933 44 11
678 988 8 8
678 1341 10 14
679 741 50 1
679 785 29 10
679 1084 35 12
679 1089 34 4
679 1244 7 3
679 1405 41 3
679 1430 1 15
680 698 44 13
680 1020 58 11
680 1071 8 6
681 711 29 9
681 1133 59 5
681 1171 34 10
681 1263 44 14
682 838 42 1
682 1359 8 3
682 1426 27 11
684 988 49 8
684 1296 59 12
685 823 11 11
685 1138 50 9
685 1291 59 5
685 1318 2 1
686 720 42 5
686 1173 7 7
686 1311 59 1
687 900 7 7
688 741 59 1
688 824 1 10
688 859 43 2
688 1260 54 14
688 1399 16 12
689 777 27 13
689 1202 41 11
690 757 44 8
690 819 22 14
690 1297 9 15
691 912 3 1
691 1156 3 4
691 1248 17 5
692 1001 48 4
692 1025 40 8
693 1005 2 14
693 1245 38 2
693 1249 29 5
693 1315 47 5
694 895 12 9
694 1074 47 7
694 1093 40 13
694 1193 40 4
695 901 28 1
695 1392 41 13
696 808 56 5
697 876 40 13
697 962 48 3
697 1143 13 11
697 1294 34 12
697 1338 16 7
698 1023 31 11
698 1036 3 12
699 766 17 9
699 1431 58 6
700 749 28 6
700 1057 18 10
700 1135 20 7
701 805 29 3
701 996 30 3
701 1026 15 6
701 1195 38 2
701 1229 13 1
701 1295 49 7
701 1337 50 7
702 987 57 11
702 1148 13 8
702 1268 6 12
702 1297 45 6
703 814 36 7
704 1321 28 8
705 719 42 14
705 949 8 13
705 1125 28 3
705 1177 36 9
706 846 53 12
706 979 5 15
707 833 22 6
707 1364 26 10
708 735 50 15
708 983 18 7
708 1227 49 1
708 1403 7 12
709 1131 60 6
709 1426 46 3
709 1431 20 1
710 777 55 9
711 776 10 9
711 842 17 10
711 948 38 7
711 1251 23 5
712 1080 30 10
712 1191 57 4
713 921 60 2
713 922 41 13
713 927 16 2
713 1055 15 4
713 1066 45 3
713 1100 39 15
713 1334 16 7
713 1386 49 2
714 888 25 14
715 1113 48 11
715 1204 12 7
715 1211 31 3
716 723 18 5
716 938 56 5
717 860 34 1
717 961 20 14
717 1011 27 15
717 1371 54 8
718 778 54 15
719 990 30 4
719 1073 41 14
719 1199 57 8
719 1392 28 10
720 1052 33 15
720 1133 18 9
720 1210 15 15
721 974 32 13
721 1182 6 14
722 1047 8 11
722 1241 53 7
722 1300 51 6
723 863 56 4
723 960 49 10
723 1156 24 3
723 1172 29 10
723 1218 19 6
724 761 11 10
724 1083 3 14
725 1196 3 9
725 1426 12 6
726 883 46 4
726 1272 35 15
727 738 43 8
727 1385 2 7
727 1432 23 11
728 1314 23 9
728 1365 50 15
729 1252 2 3
729 1289 23 1
729 1302 27 15
730 880 30 4
730 1123 1 15
731 768 29 4
731 1365 6 13
732 943 46 4
733 1045 29 9
734 795 52 8
735 744 18 15
735 1023 38 3
736 808 39 14
737 1019 36 4
737 1022 31 11
737 1031 59 5
737 1151 53 8
737 1324 18 8
738 1033 43 2
738 1044 40 11
738 1304 14 6
739 926 20 2
739 1018 4 4
739 1227 1 10
739 1300 59 8
739 1302 56 8
739 1422 49 5
740 949 51 12
741 1050 14 4
741 1366 46 6
741 1371 4 8
743 953 15 4
743 970 48 15
743 1201 14 9
744 956 51 14
744 1050 9 8
744 1080 13 8
744 1105 55 6
744 1399 37 3
744 1415 26 4
745 841 1 11
745 945 8 13
746 1055 23 11
746 1382 31 5
747 973 8 5
747 975 19 10
747 1005 10 10
748 789 54 15
749 873 35 8
749 909 58 13
749 1025 21 8
749 1370 28 8
749 1419 34 6
750 762 56 9
750 794 59 8
750 1181 50 12
750 1306 48 6
750 1358 43 4
751 850 19 7
751 851 24 7
751 1217 27 5
751 1327 49 12
752 928 44 12
752 1223 27 9
752 1305 3 11
752 1425 36 7
753 889 35 11
753 1140 39 2
753 1224 32 11
754 1056 39 15
754 1417 47 7
755 1201 57 9
755 1205 40 11
756 865 37 6
756 980 6 5
756 1034 37 6
756 1072 54 6
756 1400 10 2
757 1247 41 7
757 1389 11 14
758 1237 40 5
758 1259 14 14
758 1363 53 10
759 1351 42 15
759 1378 51 14
760 830 15 1
761 870 60 2
761 1132 13 15
761 1285 31 8
762 771 43 13
762 814 5 3
762 915 3 2
762 1002 53 8
762 1248 8 11
763 798 15 12
763 1178 39 4
763 1224 3 9
764 771 38 3
764 1043 31 4
764 1061 16 3
764 1064 25 1
764 1219 17 14
764 1354 20 13
764 1432 33 3
765 821 50 5
765 1412 51 15
766 834 1 8
766 941 44 2
766 1270 30 8
766 1288 47 2
767 771 3 10
767 841 50 9
767 1000 52 2
767 1361 13 14
768 816 17 14
768 1068 49 15
769 806 12 8
770 784 53 3
770 884 35 14
771 1037 47 15
771 1281 60 5
772 860 22 4
773 924 26 6
773 1031 47 10
773 1118 39 8
774 1100 51 14
775 1102 43 7
775 1373 52 12
776 824 7 10
776 1307 31 11
777 1039 15 1
777 1226 1 15
777 1354 38 8
778 904 34 6
778 1014 45 11
779 798 42 3
779 821 36 15
779 981 57 15
779 1126 47 1
779 1252 17 14
779 1313 50 6
779 1417 39 7
780 938 6 1
780 978 23 3
780 1375 3 4
780 1423 5 13
781 822 8 14
781 958 20 10
781 1081 18 2
781 1209 26 9
781 1245 37 10
781 1427 5 6
782 855 22 9
782 1132 38 4
782 1135 38 13
783 1051 46 4
783 1118 19 9
784 1170 2 11
785 886 2 4
785 1140 3 6
785 1421 43 2
786 1249 20 12
786 1319 41 9
787 943 34 3
787 1196 53 1
789 1028 23 8
789 1164 14 1
789 1409 26 1
790 1019 25 6
790 1051 18 12
790 1125 26 2
790 1126 55 11
790 1149 36 15
791 809 42 7
792 927 38 15
793 915 48 4
793 991 49 1
793 1237 17 12
794 1095 21 6
794 1232 4 1
795 898 11 5
796 959 19 5
796 1119 2 2
796 1126 25 14
796 1244 36 3
796 1271 29 14
796 1294 31 9
797 1051 32 14
797 1130 27 11
797 1149 47 13
798 899 5 13
798 987 34 9
798 1001 33 13
798 1070 60 5
798 1107 30 11
798 1150 4 8
798 1401 21 1
799 804 2 12
800 1200 23 10
801 926 35 2
801 976 45 4
801 1097 6 6
801 1326 6 11
802 982 21 3
802 988 40 9
802 1163 17 8
802 1263 20 3
802 1278 60 14
802 1375 29 5
803 1216 59 9
803 1246 14 7
803 1366 30 5
804 912 19 14
804 1376 1 15
805 811 1 15
805 883 3 13
805 1175 31 8
805 1290 56 3
806 886 50 15
806 1252 27 7
806 1292 6 1
807 1063 2 6
807 1078 17 4
807 1378 10 15
808 860 54 12
808 1325 49 7
809 859 58 3
809 918 21 12
809 1019 55 12
809 1375 6 2
810 847 48 7
811 823 9 6
811 1128 26 13
811 1329 15 11
813 983 9 9
813 1045 44 5
813 1270 34 6
813 1288 30 15
813 1329 13 10
814 1031 26 14
814 1248 36 8
814 1363 60 1
815 1074 29 13
815 1084 29 11
815 1207 31 14
815 1306 12 1
816 830 1 5
816 1331 46 3
817 1035 54 13
817 1318 31 2
817 1355 23 13
818 826 40 10
818 966 39 10
819 1134 15 12
819 1290 16 11
819 1343 35 7
820 1027 48 3
820 1349 44 15
820 1393 37 2
824 885 5 7
824 1136 30 7
825 924 50 3
825 1189 42 6
826 1269 1 10
827 1031 28 1
827 1101 18 5
828 1017 33 4
829 953 34 5
830 1021 56 4
831 1031 3 11
831 1374 2 9
832 1231 30 2
833 1345 55 13
834 870 40 7
834 991 37 10
834 1176 27 4
835 1155 51 2
835 1189 23 1
835 1380 19 7
836 953 25 14
836 1085 44 15
837 1090 1 4
837 1388 36 3
838 1135 3 11
838 1251 51 4
838 1306 29 2
839 943 39 15
839 1023 37 6
839 1263 4 14
840 947 16 4
840 1158 10 8
840 1202 41 1
841 883 14 10
841 1266 48 7
841 1295 31 11
842 915 42 1
843 847 19 14
843 983 25 15
843 1431 34 1
845 1192 34 7
845 1318 50 12
847 1097 20 10
847 1302 2 9
847 1304 2 7
848 1281 27 7
848 1285 16 12
849 1058 34 13
849 1110 59 15
849 1255 24 9
850 876 25 3
850 992 57 4
850 1003 55 9
850 1394 5 10
851 1056 56 6
851 1173 37 3
852 1141 35 14
853 1109 18 11
853 1148 26 6
854 973 3 9
854 1027 30 12
855 866 5 13
855 1108 20 1
855 1179 18 12
855 1304 42 11
856 941 12 8
856 958 14 10
857 922 39 8
857 1378 2 10
857 1391 45 14
857 1420 23 12
858 921 33 5
858 1224 57 9
858 1287 26 7
859 876 54 10
859 1078 51 13
859 1083 56 11
859 1159 59 14
859 1418 35 3
860 1146 39 14
861 1082 3 3
861 1262 39 5
862 887 33 10
862 1409 38 8
862 1426 24 15
864 930 9 3
864 940 10 12
865 965 2 14
865 1165 5 1
865 1204 21 6
865 1379 20 11
866 917 38 10
866 1288 31 7
866 1432 18 6
867 1356 40 1
868 1075 29 5
868 1161 8 8
869 872 13 1
869 917 3 6
869 1203 38 5
869 1208 23 1
869 1223 48 15
870 886 49 1
870 1051 33 12
870 1073 60 9
870 1101 29 5
870 1116 50 3
870 1301 54 6
871 902 24 5
871 1001 30 14
871 1021 15 7
871 1144 30 5
872 1117 53 8
872 1132 21 8
872 1344 25 1
872 1359 25 8
873 1029 11 9
873 1236 38 5
874 1089 8 15
875 967 46 5
875 1198 57 4
875 1379 26 2
875 1396 40 8
877 924 23 11
877 1179 10 14
877 1319 24 15
878 1125 9 3
878 1252 47 9
879 1251 25 4
880 915 58 6
880 930 55 15
880 956 59 8
880 1349 44 4
880 1385 34 8
881 965 10 7
881 1267 26 2
882 883 36 14
882 1024 10 11
882 1070 37 1
882 1136 43 14
882 1253 40 5
882 1293 30 11
882 1417 10 15
883 982 32 15
883 1303 38 12
883 1307 23 5
883 1347 12 2
884 936 21 1
884 1144 33 15
884 1288 16 5
885 897 42 6
885 1016 6 11
886 909 11 8
886 1043 59 15
886 1243 60 8
886 1246 1 1
886 1425 13 11
887 895 26 3
887 918 50 9
887 990 18 8
887 1313 12 15
887 1336 15 11
888 1122 13 13
888 1183 3 14
888 1205 57 11
889 940 27 3
889 1103 32 7
889 1111 34 13
889 1148 59 2
889 1319 56 9
890 1247 15 7
890 1384 20 7
891 1285 22 3
891 1294 3 3
891 1358 31 2
892 1161 7 13
892 1308 40 6
894 940 29 3
894 1063 54 10
895 904 25 4
895 967 56 8
895 1083 20 13
895 1321 12 8
896 964 52 10
899 1097 1 8
900 917 46 2
900 1089 10 6
900 1213 15 6
901 908 13 1
901 1007 33 2
901 1011 57 13
901 1024 26 3
901 1203 2 9
901 1213 34 12
902 913 13 5
902 941 45 14
902 1370 49 15
903 908 53 3
903 1121 33 15
903 1273 28 9
904 1109 34 5
904 1288 29 5
905 1231 2 4
905 1250 12 1
905 1349 47 10
905 1406 46 9
906 946 19 14
906 1228 39 11
908 911 54 11
908 1047 23 4
908 1081 52 3
908 1371 53 8
909 962 44 7
909 1270 15 12
910 1031 7 14
910 1133 54 8
910 1380 48 4
911 1088 5 3
911 1093 4 11
912 1024 40 8
912 1274 5 6
913 998 21 4
913 1080 28 3
913 1134 50 10
913 1251 39 9
913 1347 35 5
914 1086 2 4
914 1201 48 6
914 1288 35 3
915 958 45 12
915 997 17 14
915 1310 54 4
916 930 13 11
916 1135 21 5
916 1271 45 14
917 929 39 15
917 1202 31 9
918 1004 4 3
918 1014 2 5
919 1224 23 11
920 991 44 12
920 997 10 3
920 1012 43 9
920 1133 45 10
921 968 42 4
921 1036 7 5
921 1114 60 4
921 1347 12 12
921 1352 28 13
922 1227 32 9
923 1181 15 12
923 1355 10 9
924 1251 38 13
924 1372 3 8
925 995 48 8
925 1105 6 2
925 1135 58 6
925 1345 21 2
925 1360 18 13
925 1392 31 7
926 1138 30 7
926 1265 26 14
926 1308 12 11
927 1110 16 10
927 1168 51 3
927 1284 8 2
927 1423 48 9
928 969 41 15
928 1333 2 9
929 1389 12 7
930 1314 16 11
930 1336 9 2
931 988 34 12
931 1088 47 4
931 1431 2 9
932 1244 20 5
932 1302 24 12
932 1375 1 3
933 967 7 8
933 1062 18 9
933 1177 24 13
934 1028 55 12
935 1200 24 4
935 1325 25 2
936 1139 26 15
936 1323 26 6
937 1221 47 9
938 1170 50 10
938 1346 17 5
938 1384 13 10
939 1216 21 8
940 1007 5 5
940 1111 42 8
940 1164 15 14
940 1204 25 10
940 1341 1 4
940 1404 58 11
941 1021 3 13
942 1257 43 1
943 978 22 8
943 1328 7 6
944 1158 50 4
945 1237 11 10
945 1391 47 7
946 1049 37 4
948 1403 7 15
949 1361 46 12
949 1394 53 5
950 1073 58 8
950 1197 45 7
950 1300 16 5
951 968 40 11
951 1175 42 3
951 1184 35 1
951 1244 10 4
952 1234 1 3
952 1320 58 13
953 1071 2 9
953 1082 6 7
953 1178 45 5
954 1197 54 8
954 1349 43 15
955 1283 60 15
956 1328 55 15
957 1041 54 2
957 1227 48 15
957 1293 2 2
958 1043 40 9
958 1120 31 14
959 1111 15 6
959 1332 12 13
960 1083 5 8
960 1424 31 9
961 1260 51 3
962 1053 12 11
962 1130 48 8
962 1256 21 8
963 1100 25 4
964 1050 3 15
966 1097 7 3
966 1190 20 15
966 1208 1 7
967 1269 44 4
968 1029 50 4
968 1033 25 15
970 1113 57 11
970 1143 33 2
970 1184 31 3
971 1364 47 1
972 978 37 6
972 1157 58 14
973 1018 8 5
973 1330 23 11
973 1341 3 12
974 1077 39 12
975 1257 43 14
976 1049 4 4
976 1159 45 14
978 1051 48 5
978 1127 30 2
979 1163 3 5
980 1111 25 1
980 1247 46 11
980 1257 6 9
980 1260 31 4
980 1297 44 7
980 1377 54 8
981 1098 9 1
981 1278 59 2
981 1371 27 15
982 1020 12 7
982 1213 28 5
983 1089 40 15
983 1092 17 2
983 1120 11 7
984 1057 9 13
984 1366 55 3
985 987 12 9
986 1087 16 2
986 1088 55 1
986 1185 51 5
986 1332 27 7
987 1003 25 14
988 992 9 10
988 1329 3 4
988 1374 6 6
988 1381 21 10
988 1387 2 13
989 1361 55 6
989 1416 41 14
990 1095 27 11
991 1020 32 9
991 1041 25 9
991 1196 58 5
991 1211 18 2
991 1257 50 5
991 1367 27 4
992 1176 19 2
992 1295 3 5
992 1420 8 8
993 1126 8 6
993 1150 5 15
993 1291 27 8
994 1267 42 3
995 1318 57 6
996 1408 12 10
997 1036 58 5
997 1041 23 14
998 1131 54 8
998 1342 59 12
998 1397 3 5
1000 1039 18 10
1000 1047 44 12
1001 1142 31 13
1001 1330 1 6
1002 1018 29 4
1002 1048 32 10
1003 1108 52 15
1004 1131 6 13
1004 1203 45 1
1005 1017 15 5
1005 1381 50 7
1006 1151 44 6
1006 1405 51 14
1007 1056 44 5
1008 1139 51 14
1008 1172 53 13
1008 1247 43 1
1008 1347 8 8
1009 1098 39 1
1010 1248 37 11
1010 1378 59 11
1010 1379 17 2
1013 1237 16 4
1013 1353 2 4
1014 1033 18 8
1015 1302 20 8
1015 1375 51 15
1017 1338 6 2
1018 1152 37 7
1019 1086 12 2
1019 1358 1 4
1019 1383 25 13
1021 1043 24 13
1022 1070 52 13
1022 1155 14 3
1022 1346 34 5
1023 1340 33 5
1024 1097 41 7
1024 1132 14 5
1024 1175 53 9
1024 1327 52 8
1025 1345 20 4
1025 1412 40 12
1027 1056 40 15
1028 1178 32 13
1029 1088 44 15
1029 1402 4 9
1030 1066 7 12
1030 1231 5 13
1030 1238 11 5
1030 1306 11 6
1031 1178 13 7
1031 1259 46 15
1031 1394 47 13
1032 1158 46 9
1033 1164 59 7
1033 1359 20 15
1034 1093 4 6
1034 1281 36 15
1035 1120 16 8
1036 1324 50 12
1036 1390 25 6
1037 1046 23 13
1038 1110 28 5
1038 1255 25 11
1039 1122 27 7
1039 1177 33 3
1040 1330 58 5
1041 1068 6 8
1043 1156 40 8
1043 1263 56 14
1043 1278 8 3
1044 1335 10 3
1044 1391 25 8
1045 1319 54 9
1046 1249 13 13
1046 1307 36 6
1047 1259 38 11
1047 1373 4 10
1048 1217 5 1
1048 1287 2 3
1049 1409 24 12
1050 1333 59 14
1051 1059 38 9
1052 1344 51 14
1053 1377 49 15
1054 1178 46 2
1054 1262 46 13
1054 1300 49 6
1054 1349 4 15
1055 1261 28 3
1055 1277 58 4
1055 1336 33 13
1056 1316 51 12
1056 1414 27 15
1057 1414 9 3
1060 1126 34 3
1060 1277 3 6
1061 1250 16 11
1063 1168 14 1
1063 1239 1 7
1063 1429 25 13
1064 1246 34 4
1064 1315 40 8
1065 1268 40 8
1066 1126 15 1
1066 1245 31 15
1067 1117 14 2
1067 1154 50 7
1067 1244 60 8
1067 1249 40 1
1068 1102 42 5
1068 1260 55 14
1069 1273 43 3
1069 1431 10 2
1070 1227 56 1
1071 1169 20 8
1071 1219 52 14
1073 1096 45 12
1077 1191 46 5
1078 1419 50 13
1080 1372 59 6
1080 1396 40 13
1081 1234 15 2
1081 1236 26 5
1082 1388 26 5
1084 1203 16 5
1084 1249 60 8
1085 1182 47 6
1086 1259 42 9
1087 1192 18 5
1087 1257 13 8
1087 1261 47 7
1087 1275 44 15
1088 1095 38 1
1088 1297 1 3
1088 1425 18 5
1088 1428 41 11
1089 1116 45 5
1090 1299 30 5
1090 1429 35 2
1091 1112 13 4
1093 1191 23 10
1094 1317 13 4
1096 1113 54 12
1098 1378 10 12
1098 1407 22 6
1100 1294 23 7
1100 1350 19 3
1102 1173 5 11
1102 1298 9 11
1103 1159 6 7
1103 1305 14 13
1103 1373 17 8
1103 1382 25 9
1105 1119 41 1
1105 1396 19 7
1106 1153 27 10
1106 1208 20 12
1106 1328 3 7
1106 1344 23 9
1107 1139 4 6
1107 1356 43 13
1110 1160 12 10
1110 1181 34 12
1110 1326 32 10
1110 1406 4 10
1111 1165 33 12
1113 1117 59 3
1113 1408 2 1
1113 1410 7 10
1114 1252 16 8
1114 1345 17 1
1115 1183 33 2
1116 1212 5 12
1116 1295 43 14
1117 1209 34 5
1117 1301 14 5
1118 1147 38 11
1118 1155 56 7
1118 1406 33 5
1119 1234 6 7
1119 1393 37 9
1120 1150 44 8
1123 1372 3 7
1124 1383 51 11
1125 1281 49 13
1127 1309 21 12
1127 1364 47 4
1128 1338 10 12
1129 1415 44 3
1130 1277 41 2
1133 1214 4 14
1133 1254 45 6
1135 1176 54 10
1135 1221 40 13
1136 1298 23 11
1137 1181 29 2
1137 1370 21 10
1140 1251 11 6
1140 1423 8 12
1141 1305 11 5
1142 1424 1 2
1145 1330 24 1
1146 1311 16 2
1146 1352 20 12
1146 1405 7 1
1147 1265 25 4
1147 1366 21 11
1147 1428 55 2
1149 1217 33 2
1149 1357 27 8
1150 1317 45 14
1151 1193 9 11
1151 1243 26 15
1152 1387 34 3
1154 1211 24 10
1154 1223 18 12
1156 1199 36 5
1156 1263 38 8
1156 1432 19 3
1157 1430 54 1
1158 1367 10 11
1158 1386 51 1
1162 1327 23 5
1162 1398 34 2
1164 1324 49 13
1166 1329 56 5
1169 1292 16 2
1171 1339 57 3
1172 1216 24 7
1172 1265 44 4
1173 1372 43 10
1175 1243 46 12
1175 1308 37 14
1178 1200 22 4
1180 1392 56 1
1183 1398 55 14
1184 1218 50 10
1185 1338 32 14
1187 1340 57 4
1189 1210 18 3
1191 1297 60 5
1192 1337 17 3
1192 1339 34 8
1194 1288 30 4
1196 1342 27 11
1196 1362 21 4
1197 1334 11 5
1198 1225 22 11
1198 1283 32 7
1201 1322 15 4
1201 1350 49 6
1201 1407 42 8
1203 1326 25 12
1207 1361 13 11
1207 1406 14 15
1207 1411 29 14
1208 1259 19 8
1208 1388 5 14
1209 1327 31 14
1209 1374 14 13
1209 1380 35 14
1210 1225 22 2
1210 1246 60 11
1213 1274 42 3
1214 1322 2 7
1216 1229 8 10
1218 1310 45 7
1218 1390 54 14
1220 1268 12 9
1222 1351 7 11
1223 1292 1 6
1223 1426 25 15
1224 1246 30 15
1225 1286 22 7
1225 1363 26 4
1227 1333 13 15
1228 1348 25 1
1229 1329 50 9
1232 1290 50 2
1232 1344 6 1
1235 1255 37 9
1235 1406 6 4
1236 1256 40 8
1237 1368 42 8
1238 1383 37 2
1239 1378 1 10
1246 1432 3 5
1248 1409 18 7
1250 1269 27 4
1252 1334 10 3
1253 1333 43 2
1253 1362 35 14
1253 1377 22 2
1254 1380 36 9
1255 1377 38 13
1262 1275 50 5
1263 1281 55 8
1265 1304 52 12
1265 1416 42 12
1265 1426 43 14
1266 1326 15 1
1267 1372 49 15
1268 1328 48 12
1271 1386 4 6
1272 1430 32 3
1273 1323 24 15
1273 1424 46 10
1274 1362 50 14
1276 1282 2 6
1283 1357 56 13
1283 1422 47 14
1284 1359 8 15
1285 1354 27 5
1287 1386 46 11
1295 1298 55 7
1298 1334 42 7
1301 1387 57 13
1303 1305 50 11
1304 1339 41 13
1305 1416 49 5
1307 1349 31 5
1308 1405 34 7
1309 1432 13 2
1312 1388 20 9
1312 1395 24 7
1312 1415 24 2
1315 1405 18 13
1316 1357 51 6
1316 1426 13 2
1317 1407 27 7
1318 1386 45 7
1318 1424 55 2
1319 1374 56 12
1320 1424 49 10
1322 1414 21 1
1326 1328 12 2
1327 1339 6 11
1328 1402 43 3
1328 1422 42 4
1331 1370 47 5
1335 1349 59 11
1335 1359 1 1
1337 1411 36 10
1338 1409 3 1
1339 1414 44 3
1342 1358 4 11
1344 1351 42 3
1352 1426 48 15
1356 1383 10 3
1357 1359 59 14
1357 1428 1 3
1362 1403 43 10
1367 1369 47 14
1370 1381 43 3
1386 1427 57 11
1395 1410 53 1

0 23 34
1 27 34
2 32 36
3 37 35
4 43 36
5 45 10
6 60 12
7 68 23
8 69 20
9 82 37
10 84 2
11 85 30
12 92 44
13 126 34
14 129 45
15 132 45
16 133 43
17 139 45
18 160 14
19 167 6
20 171 8
21 172 47
22 176 26
23 189 48
24 190 48
25 193 8
26 196 38
27 200 30
28 209 40
29 211 1
30 227 46
31 229 10
32 258 7
33 266 33
34 274 25
35 280 21
36 294 22
37 317 17
38 322 24
39 336 30
40 359 3
41 363 44
42 388 35
43 393 14
44 398 16
45 434 43
46 449 16
47 461 47
48 489 43
49 495 19
50 497 37
51 501 33
52 508 40
53 509 20
54 512 49
55 542 43
56 550 14
57 552 6
58 556 44
59 561 29
60 564 42
61 568 14
62 574 15
63 600 9
64 617 17
65 620 10
66 621 31
67 622 16
68 624 9
69 630 47
70 636 12
71 641 33
72 644 20
73 656 12
74 669 37
75 738 36
76 742 39
77 757 3
78 770 47
79 774 37
80 776 45
81 780 50
82 782 40
83 789 22
84 798 27
85 804 38
86 805 34
87 833 42
88 844 5
89 845 10
90 848 38
91 871 7
92 896 34
93 916 37
94 940 48
95 968 5
96 972 9
97 974 2
98 980 45
99 994 38
100 1012 30
101 1015 3
102 1035 43
103 1039 45
104 1073 49
105 1077 47
106 1078 3
107 1088 41
108 1090 22
109 1093 12
110 1095 21
111 1103 49
112 1108 23
113 1129 28
114 1133 37
115 1141 30
116 1143 38
117 1149 8
118 1152 17
119 1187 50
120 1188 10
121 1204 29
122 1211 23
123 1222 5
124 1236 10
125 1251 14
126 1253 24
127 1258 41
128 1265 19
129 1288 22
130 1291 48
131 1299 16
132 1304 49
133 1313 31
134 1318 35
135 1327 6
136 1343 6
137 1349 42
138 1375 43
139 1399 24
140 1422 28
141 1424 36
142 1432 36
