1321 3966 132 10

0 30 5429
1 60 10166
2 90 14276
3 120 17820
4 150 20854
5 180 23427
6 210 25588
7 240 27377
8 270 28833
9 300 29993

0 2050
1 2299
2 2180
3 2326
4 1369
5 2336
6 3028
7 1840
8 1924
9 1410
10 2447
11 2047
12 2551
13 2429
14 1253
15 1423
16 1669
17 2458
18 1720
19 1379
20 2311
21 2275
22 2231
23 1400
24 2161
25 2446
26 2495
27 2076
28 1964
29 1914
30 1638
31 2057
32 2178
33 1962
34 1521
35 2262
36 2268
37 1835
38 1836
39 2293
40 2297
41 1941
42 2586
43 1704
44 1885
45 1870
46 1964
47 1885
48 2098
49 1467
50 1670
51 1816
52 2236
53 2316
54 1582
55 2167
56 1868
57 1621
58 2004
59 1846
60 2524
61 1380
62 1807
63 1799
64 2017
65 2165
66 2175
67 2362
68 2024
69 1696
70 1837
71 1457
72 1602
73 1618
74 1813
75 1786
76 1886
77 2041
78 1287
79 1923
80 1947
81 2133
82 1574
83 1772
84 1749
85 1805
86 1798
87 1758
88 1831
89 1705
90 2050
91 1774
92 1524
93 1421
94 2527
95 2165
96 1946
97 2056
98 1536
99 2193
100 1660
101 1756
102 1929
103 2223
104 2197
105 2143
106 1768
107 2027
108 2797
109 2116
110 2021
111 1351
112 1994
113 1816
114 2470
115 2036
116 2170
117 1219
118 2085
119 2237
120 2580
121 2006
122 1976
123 2285
124 1797
125 1642
126 1800
127 2461
128 2260
129 2288
130 1783
131 1867
132 2629
133 1834
134 2307
135 2253
136 1616
137 1314
138 1949
139 2439
140 1707
141 1887
142 2085
143 2196
144 1578
145 1751
146 2270
147 1797
148 1837
149 2036
150 2055
151 2488
152 1779
153 1589
154 1954
155 2148
156 2395
157 1778
158 1583
159 2391
160 1869
161 2134
162 2523
163 1922
164 2238
165 2590
166 1119
167 2096
168 2243
169 2295
170 1189
171 1430
172 2081
173 2005
174 2367
175 2121
176 2240
177 1765
178 2181
179 1933
180 2246
181 2505
182 2347
183 2145
184 2555
185 2346
186 1621
187 1326
188 1743
189 2512
190 1913
191 1998
192 2125
193 1828
194 3095
195 1627
196 1860
197 2353
198 2063
199 2641
200 1827
201 2502
202 1979
203 2630
204 1655
205 1716
206 1716
207 2383
208 2336
209 1912
210 2312
211 1792
212 1549
213 1728
214 1384
215 1749
216 2056
217 2243
218 2175
219 1753
220 2465
221 1992
222 1841
223 2334
224 2057
225 2348
226 1429
227 2029
228 2455
229 2001
230 2189
231 1928
232 1966
233 1845
234 1760
235 1971
236 2075
237 1642
238 1473
239 2143
240 2138
241 1853
242 1491
243 1883
244 2484
245 2554
246 1639
247 2507
248 2534
249 2542
250 1603
251 2112
252 1705
253 2412
254 1548
255 1745
256 2606
257 2600
258 2161
259 1868
260 1988
261 2542
262 2064
263 2535
264 1763
265 1917
266 1859
267 2238
268 1209
269 1905
270 2015
271 1969
272 2280
273 2339
274 1559
275 1244
276 1564
277 2698
278 1542
279 1807
280 1700
281 2093
282 2017
283 2226
284 1562
285 1454
286 1982
287 2082
288 2204
289 2187
290 2359
291 1981
292 1540
293 1901
294 2432
295 2202
296 2256
297 1779
298 2573
299 2690
300 2362
301 1809
302 1547
303 1536
304 1826
305 2126
306 1720
307 2122
308 1849
309 1959
310 1605
311 2032
312 2957
313 2015
314 1787
315 2043
316 2169
317 2070
318 2168
319 2171
320 2029
321 1684
322 1457
323 1657
324 1599
325 2184
326 2339
327 1916
328 2131
329 1911
330 2160
331 2033
332 1984
333 2443
334 1732
335 1821
336 2057
337 2141
338 1733
339 1835
340 1617
341 2408
342 1712
343 1710
344 2348
345 1698
346 1658
347 2104
348 2068
349 2279
350 1987
351 1799
352 1879
353 2297
354 1665
355 1135
356 1398
357 2327
358 1263
359 2043
360 1811
361 1940
362 1785
363 1534
364 2096
365 2064
366 2470
367 2047
368 2022
369 2464
370 2020
371 1964
372 2135
373 2463
374 2209
375 1877
376 1832
377 2367
378 2504
379 2485
380 2211
381 1857
382 1706
383 1613
384 2055
385 2211
386 2273
387 1640
388 2637
389 2248
390 1930
391 2071
392 1953
393 1806
394 1893
395 1388
396 1763
397 1700
398 1904
399 1633
400 2004
401 1872
402 1990
403 1745
404 2313
405 2372
406 1778
407 2082
408 1631
409 1344
410 1662
411 2038
412 1727
413 2275
414 1466
415 2710
416 1706
417 2646
418 2222
419 1626
420 1837
421 2021
422 2322
423 2254
424 1496
425 1964
426 1956
427 2042
428 2108
429 1911
430 2033
431 2041
432 1937
433 2206
434 2093
435 1816
436 1524
437 1869
438 1884
439 1282
440 2181
441 2324
442 2315
443 2078
444 2256
445 2090
446 2400
447 1600
448 2360
449 2097
450 1926
451 2893
452 1950
453 1650
454 2275
455 1283
456 2117
457 1869
458 2308
459 2290
460 2206
461 2069
462 2476
463 2410
464 2398
465 2213
466 1274
467 2011
468 2045
469 1926
470 2350
471 2036
472 2127
473 2294
474 1896
475 1682
476 2632
477 2128
478 2257
479 1905
480 1428
481 2323
482 2547
483 2128
484 2470
485 2211
486 2118
487 2186
488 2258
489 2026
490 1895
491 1859
492 1994
493 1698
494 2302
495 2053
496 2795
497 1870
498 1866
499 2186
500 1637
501 2308
502 1894
503 2027
504 1970
505 2064
506 1244
507 2504
508 2010
509 2179
510 2201
511 1600
512 1437
513 1877
514 1855
515 2024
516 2302
517 2626
518 2324
519 2433
520 1681
521 1702
522 1753
523 1712
524 1912
525 2123
526 1833
527 2212
528 2539
529 2187
530 2009
531 2185
532 2329
533 2399
534 2479
535 2492
536 2134
537 2176
538 2382
539 2135
540 2177
541 1449
542 1879
543 2254
544 1511
545 2391
546 2787
547 1651
548 1783
549 2120
550 1850
551 1993
552 1781
553 1759
554 1873
555 2254
556 1650
557 2674
558 1992
559 2403
560 1754
561 1405
562 2080
563 1776
564 1618
565 1847
566 2215
567 2508
568 1891
569 2148
570 1683
571 1667
572 1835
573 1957
574 2303
575 2394
576 2047
577 1822
578 1875
579 2790
580 2033
581 1923
582 2033
583 2575
584 1853
585 2122
586 2256
587 2140
588 1596
589 1748
590 1470
591 1582
592 2007
593 1477
594 2082
595 2147
596 1770
597 2636
598 2046
599 1856
600 1549
601 1707
602 2479
603 2296
604 1527
605 2527
606 2016
607 1882
608 2720
609 2064
610 1529
611 1827
612 2513
613 2351
614 1871
615 2145
616 2521
617 1213
618 1789
619 2223
620 2627
621 2076
622 2010
623 1659
624 1410
625 1917
626 2257
627 2015
628 1986
629 2227
630 2201
631 1546
632 1778
633 2098
634 2130
635 1806
636 1798
637 1814
638 2395
639 1691
640 2315
641 1957
642 1602
643 2423
644 1775
645 2561
646 1880
647 2591
648 1849
649 1994
650 2265
651 2088
652 1955
653 2333
654 2239
655 1882
656 2370
657 2130
658 2081
659 2354
660 1900
661 1875
662 1964
663 2211
664 2566
665 2113
666 1488
667 1941
668 2503
669 1982
670 2379
671 1998
672 2024
673 2816
674 1373
675 1854
676 1755
677 2151
678 2146
679 1590
680 1844
681 1851
682 2219
683 2661
684 1815
685 2440
686 2335
687 2089
688 2110
689 1643
690 2086
691 1950
692 1979
693 2245
694 1808
695 2653
696 1639
697 2242
698 2138
699 2201
700 2261
701 2167
702 1768
703 2327
704 1800
705 1834
706 2207
707 2410
708 2426
709 1673
710 1404
711 2179
712 2057
713 1538
714 1752
715 1602
716 2015
717 2709
718 1899
719 1879
720 2145
721 2201
722 1587
723 1914
724 1620
725 2765
726 2335
727 1735
728 2057
729 2177
730 1769
731 2176
732 2379
733 1675
734 2084
735 1840
736 2456
737 1286
738 2673
739 2471
740 2037
741 2135
742 1439
743 2218
744 1393
745 2557
746 1640
747 1671
748 1858
749 2046
750 1904
751 2270
752 1760
753 2173
754 2291
755 1764
756 2378
757 1809
758 1607
759 1572
760 2333
761 2382
762 2174
763 2313
764 1833
765 1872
766 2231
767 2324
768 2017
769 2040
770 1859
771 1107
772 2017
773 2348
774 1596
775 1796
776 2030
777 1739
778 1465
779 1877
780 1873
781 1936
782 2777
783 2797
784 1934
785 2468
786 2594
787 1275
788 1777
789 2058
790 1551
791 2104
792 1988
793 1420
794 1867
795 2225
796 2128
797 2274
798 2056
799 1980
800 1864
801 1802
802 1949
803 1867
804 1722
805 1910
806 2077
807 1551
808 1789
809 1496
810 1994
811 1930
812 2320
813 2508
814 1560
815 1989
816 2076
817 1282
818 1509
819 1977
820 1539
821 1998
822 1100
823 1860
824 2682
825 2242
826 1624
827 1460
828 2056
829 2101
830 1803
831 2052
832 2034
833 2407
834 2002
835 1498
836 2044
837 1735
838 1321
839 1992
840 2144
841 2090
842 1738
843 2512
844 2023
845 1555
846 1838
847 2559
848 1889
849 2256
850 2473
851 2212
852 1863
853 2276
854 2399
855 2338
856 2020
857 1632
858 2174
859 2037
860 2094
861 1929
862 1763
863 2266
864 2489
865 2631
866 2215
867 1798
868 1747
869 2347
870 2331
871 1749
872 2279
873 2327
874 1805
875 1807
876 2220
877 1758
878 2214
879 1957
880 2761
881 1555
882 1547
883 1749
884 1837
885 1936
886 1987
887 1659
888 2391
889 2195
890 1910
891 2141
892 1674
893 2498
894 1492
895 2091
896 2022
897 2321
898 2015
899 2122
900 1389
901 2532
902 1335
903 2028
904 2142
905 1913
906 2492
907 2586
908 2151
909 2404
910 2318
911 2353
912 2171
913 1888
914 2049
915 1973
916 1796
917 1853
918 2735
919 1796
920 2015
921 1428
922 2101
923 1845
924 2397
925 2246
926 2119
927 1787
928 1745
929 1817
930 1700
931 2171
932 1066
933 2118
934 2130
935 1966
936 1488
937 1861
938 2022
939 2394
940 2445
941 1966
942 2676
943 1751
944 1712
945 1788
946 2605
947 2513
948 2124
949 1495
950 2062
951 1849
952 1904
953 2610
954 1612
955 1794
956 1630
957 2461
958 2220
959 1952
960 2167
961 2217
962 2004
963 1300
964 2364
965 2073
966 2103
967 1940
968 1421
969 2093
970 2166
971 2070
972 2106
973 2121
974 1945
975 1873
976 2304
977 2179
978 2255
979 1581
980 2045
981 1804
982 2046
983 2366
984 2626
985 2205
986 1480
987 2383
988 2409
989 2754
990 2147
991 1844
992 2293
993 1632
994 1709
995 1704
996 2085
997 1703
998 1679
999 2032
1000 1971
1001 2078
1002 2546
1003 2522
1004 2377
1005 2774
1006 1861
1007 2170
1008 2507
1009 2336
1010 2860
1011 1595
1012 1753
1013 2355
1014 2028
1015 2572
1016 1610
1017 2168
1018 1407
1019 1824
1020 1937
1021 1650
1022 1713
1023 1941
1024 2134
1025 2411
1026 2058
1027 2102
1028 2127
1029 2015
1030 2472
1031 1627
1032 1172
1033 1744
1034 1689
1035 2168
1036 1907
1037 1766
1038 2026
1039 2049
1040 1971
1041 2205
1042 2299
1043 1769
1044 1660
1045 1965
1046 2259
1047 1782
1048 1644
1049 1822
1050 1670
1051 2324
1052 2260
1053 1715
1054 1909
1055 2124
1056 2712
1057 1771
1058 2482
1059 1916
1060 1821
1061 2631
1062 1835
1063 2667
1064 1643
1065 2289
1066 1777
1067 2130
1068 1386
1069 2380
1070 1906
1071 2770
1072 1594
1073 1933
1074 1585
1075 2099
1076 2290
1077 2166
1078 1891
1079 1907
1080 2760
1081 1872
1082 2394
1083 1566
1084 2444
1085 2385
1086 1927
1087 1506
1088 1976
1089 1879
1090 2639
1091 1630
1092 2745
1093 1884
1094 1968
1095 2400
1096 1797
1097 1954
1098 1577
1099 2357
1100 2469
1101 2489
1102 1737
1103 2057
1104 1763
1105 2395
1106 2174
1107 2112
1108 1918
1109 2323
1110 2017
1111 2004
1112 2690
1113 2189
1114 2110
1115 2242
1116 2501
1117 2476
1118 2834
1119 1745
1120 1958
1121 2507
1122 1651
1123 1593
1124 2434
1125 2144
1126 1809
1127 2304
1128 1731
1129 1642
1130 2501
1131 1610
1132 1536
1133 2042
1134 2068
1135 1794
1136 2315
1137 1724
1138 2244
1139 1945
1140 1453
1141 2094
1142 2104
1143 2333
1144 1732
1145 2845
1146 2397
1147 1729
1148 2344
1149 1628
1150 2210
1151 1810
1152 1884
1153 2131
1154 2014
1155 1879
1156 1948
1157 2065
1158 1935
1159 1826
1160 1693
1161 2063
1162 2380
1163 1812
1164 2734
1165 1750
1166 2067
1167 1770
1168 1640
1169 2165
1170 2505
1171 1409
1172 1947
1173 2620
1174 1598
1175 1990
1176 1981
1177 2251
1178 1992
1179 2160
1180 2086
1181 2038
1182 2410
1183 2314
1184 2384
1185 2064
1186 1833
1187 1652
1188 2140
1189 1986
1190 2411
1191 2505
1192 1859
1193 1982
1194 1796
1195 1448
1196 1883
1197 1512
1198 1801
1199 1746
1200 1853
1201 2438
1202 1702
1203 1963
1204 1717
1205 1813
1206 1579
1207 1572
1208 1692
1209 2581
1210 1921
1211 2150
1212 1344
1213 1680
1214 1458
1215 1947
1216 2001
1217 2024
1218 2025
1219 2037
1220 2622
1221 2125
1222 1815
1223 2041
1224 2172
1225 2110
1226 1896
1227 2545
1228 1385
1229 1677
1230 1951
1231 1859
1232 1479
1233 2059
1234 1853
1235 2137
1236 2070
1237 2059
1238 1916
1239 1679
1240 1978
1241 1980
1242 1301
1243 2285
1244 1837
1245 2426
1246 2354
1247 2148
1248 2855
1249 2306
1250 2693
1251 2151
1252 2219
1253 2443
1254 2347
1255 1773
1256 1871
1257 2266
1258 2222
1259 1977
1260 2313
1261 1766
1262 2423
1263 2216
1264 1868
1265 1838
1266 2330
1267 1425
1268 2014
1269 1613
1270 2068
1271 2654
1272 1535
1273 1195
1274 2127
1275 1789
1276 1674
1277 2089
1278 2083
1279 2226
1280 1714
1281 1938
1282 2013
1283 2065
1284 2245
1285 1290
1286 1559
1287 1929
1288 2114
1289 2158
1290 1962
1291 1622
1292 2289
1293 2328
1294 2198
1295 1903
1296 2171
1297 1797
1298 2575
1299 2335
1300 1876
1301 1654
1302 2250
1303 2544
1304 2323
1305 1643
1306 2089
1307 1614
1308 2671
1309 2125
1310 2312
1311 1830
1312 2024
1313 2093
1314 1971
1315 2013
1316 1984
1317 2552
1318 2235
1319 1649
1320 1814

0 37 24 1
0 202 59 8
0 285 10 9
0 647 21 6
0 830 37 2
0 1022 51 8
0 1257 7 9
1 202 46 3
1 285 27 9
1 624 10 10
1 647 27 4
1 848 35 4
1 1022 32 8
2 202 37 8
2 231 58 3
2 259 26 15
2 285 37 3
2 647 8 2
2 1022 54 4
3 502 54 7
3 724 20 7
3 1147 30 11
4 126 23 2
4 1101 43 2
4 1124 35 7
4 1253 41 13
4 1288 40 5
5 124 46 12
5 585 17 4
5 723 29 5
5 1087 48 10
6 1287 39 1
7 844 47 5
7 965 58 10
7 1193 13 5
8 60 51 14
8 153 50 9
8 155 25 4
8 214 14 9
9 172 45 7
9 191 23 2
9 344 10 9
9 428 58 4
9 722 9 12
9 786 40 5
9 813 12 2
9 976 53 11
10 84 59 5
10 90 29 13
10 591 18 15
10 1222 26 4
11 13 2 7
11 480 55 5
11 552 49 3
11 794 8 9
11 1157 56 2
12 367 45 4
12 639 49 5
12 654 29 7
12 1118 58 5
13 96 38 12
13 394 56 10
13 422 57 13
13 494 18 1
13 651 17 14
13 683 36 2
13 891 16 3
13 1136 7 12
13 1164 16 10
13 1307 55 13
14 411 55 6
14 517 46 11
14 847 57 14
14 886 31 8
15 23 47 15
15 118 48 3
15 175 57 9
15 222 33 1
15 342 5 12
15 438 16 15
15 456 8 1
15 727 7 4
15 860 26 12
15 1164 37 5
15 1181 57 11
15 1313 17 1
16 287 9 4
16 813 21 7
16 962 18 1
16 1034 32 6
17 43 14 6
17 598 32 13
17 699 7 3
17 1027 28 2
17 1107 32 11
17 1126 10 14
18 160 30 10
18 201 7 6
18 709 59 9
18 792 32 9
18 1004 1 4
18 1122 26 1
18 1129 2 3
19 100 22 7
19 161 36 13
19 230 12 11
19 265 30 3
19 413 24 1
19 655 5 10
19 1090 26 10
20 58 49 1
20 65 35 7
20 199 51 6
20 320 5 15
20 377 34 3
21 468 32 1
21 623 3 12
21 667 50 3
21 782 24 5
21 845 16 1
21 886 29 2
21 940 45 13
21 1062 7 6
21 1064 19 5
21 1291 12 3
22 132 30 2
22 252 6 8
22 756 46 1
22 795 45 13
22 1293 28 11
23 419 5 6
23 510 33 3
23 584 30 5
23 667 14 15
23 693 23 10
23 1144 56 13
24 347 26 3
24 622 24 2
24 671 43 8
24 1034 54 8
24 1042 28 14
24 1050 31 1
24 1098 16 2
24 1263 33 9
25 413 12 8
25 625 20 14
25 843 12 4
25 975 41 12
26 77 34 15
26 81 16 15
26 117 28 12
26 338 30 10
26 411 23 4
26 996 37 15
27 411 28 6
27 885 49 15
27 953 17 10
27 1199 59 14
28 33 21 10
28 113 9 14
28 556 14 11
28 723 48 15
28 729 35 7
28 1030 13 14
28 1167 59 14
29 49 59 6
29 129 33 14
29 846 8 5
29 902 12 12
30 79 19 3
30 284 22 5
30 878 46 10
30 889 41 9
30 986 1 4
30 1148 56 2
30 1216 25 1
30 1234 23 12
31 418 7 12
31 419 45 2
31 463 7 7
31 1188 24 2
31 1213 46 11
31 1293 58 5
32 278 25 7
32 368 37 3
32 475 23 5
32 640 19 1
32 1089 23 3
33 330 33 14
33 716 2 14
33 933 47 5
34 42 6 13
34 248 45 2
34 287 5 12
34 299 48 5
34 761 38 15
34 873 23 13
35 95 35 15
35 249 36 10
35 572 14 3
35 718 48 12
35 939 58 9
35 1105 50 13
35 1139 33 12
36 50 55 4
36 68 47 7
36 211 41 2
36 478 55 3
36 628 28 7
36 672 35 11
36 917 12 4
36 1104 19 8
37 96 4 6
37 116 43 11
37 330 55 13
37 451 60 4
37 454 1 6
37 668 36 7
37 743 33 8
37 910 44 11
37 1151 32 1
38 241 56 13
38 487 27 2
38 671 9 1
38 913 18 1
38 965 34 11
38 1080 51 13
38 1309 38 4
39 58 59 10
39 269 23 2
39 814 9 5
39 1026 52 8
39 1029 49 5
40 582 37 5
40 602 11 4
40 774 42 4
40 1106 12 12
40 1143 44 5
40 1169 26 3
41 795 54 5
41 903 50 3
41 1171 13 6
41 1208 41 4
41 1240 10 3
41 1312 16 9
42 440 4 15
42 652 41 13
42 1081 23 6
43 78 42 7
43 87 47 8
43 167 38 14
43 174 48 10
43 264 48 13
43 298 11 13
43 428 57 11
43 579 8 13
43 922 31 10
43 945 50 6
43 1146 8 7
44 69 9 11
44 177 13 13
44 376 15 3
44 524 43 5
44 1104 4 1
44 1150 27 9
44 1278 45 4
45 191 53 10
45 665 14 9
45 716 58 13
45 740 26 2
45 1051 9 8
45 1053 42 6
46 365 7 14
46 507 22 11
46 605 43 6
46 606 43 9
46 681 31 13
46 1155 26 15
47 267 55 7
47 1166 59 14
48 101 6 11
48 116 51 2
48 223 11 11
48 422 52 6
48 478 3 11
48 577 54 13
48 617 35 13
48 1020 18 7
48 1185 46 2
48 1255 55 6
49 437 55 3
49 670 13 7
49 925 19 13
49 1063 43 2
50 194 16 15
50 226 56 6
50 234 50 3
50 254 54 12
50 528 45 12
50 536 37 3
50 1308 36 12
51 124 34 4
51 229 39 11
51 916 5 9
51 1071 4 12
52 374 50 2
52 433 5 10
52 447 17 15
52 483 37 8
52 1034 56 12
53 126 29 12
53 193 27 3
53 392 38 4
53 426 3 2
53 452 50 15
53 521 14 14
53 550 5 2
53 1004 52 14
53 1041 36 6
53 1064 58 15
53 1167 52 8
54 76 21 12
54 139 57 7
54 377 42 7
54 409 15 10
54 895 25 8
54 906 8 13
54 1262 34 13
55 266 44 9
55 459 15 5
55 758 46 5
55 973 46 9
56 78 32 1
56 651 37 1
56 999 46 8
57 270 14 4
57 423 51 8
57 466 29 8
57 646 41 2
57 773 9 6
57 901 37 1
57 917 33 13
57 1005 41 3
57 1130 59 3
57 1268 44 4
58 560 14 1
58 772 27 3
58 949 24 2
58 1277 55 6
58 1308 25 6
59 716 3 9
59 1167 41 11
59 1245 16 13
60 160 6 1
60 231 22 3
60 567 43 7
60 615 26 10
60 913 10 10
60 1031 39 7
61 99 5 6
61 676 40 1
62 287 36 3
62 288 50 14
62 387 56 13
62 1244 12 12
63 373 22 9
63 529 23 8
63 925 35 10
63 930 34 11
63 1220 22 2
64 279 15 13
64 326 32 9
64 329 59 4
64 375 4 5
64 772 24 15
64 1055 1 6
64 1277 40 5
65 440 1 15
65 509 57 7
65 675 12 8
65 981 40 8
65 985 42 14
65 1011 1 15
65 1216 30 1
66 203 38 15
66 210 47 8
66 309 10 13
66 616 35 12
66 752 7 3
66 853 59 4
66 986 34 6
66 1304 3 7
67 797 42 7
67 846 52 13
67 879 48 7
68 379 4 12
68 912 37 7
68 1020 29 10
68 1034 9 6
68 1201 7 2
68 1260 17 7
69 483 15 1
69 708 33 10
69 954 44 14
69 959 52 13
69 986 51 13
69 1098 29 13
70 203 1 13
70 303 46 11
70 1291 32 7
71 944 59 14
71 1077 25 5
72 391 51 5
72 541 28 13
72 931 45 7
72 1295 54 15
73 159 25 4
73 185 12 13
73 495 59 6
73 633 45 2
73 1301 60 3
74 186 22 15
74 241 5 9
74 321 28 14
74 425 55 15
75 133 57 2
75 270 36 7
75 390 43 3
75 631 30 1
75 792 53 15
75 908 15 7
75 946 6 3
76 126 19 6
76 253 53 8
76 407 34 15
76 413 13 15
76 475 12 12
76 583 39 11
76 752 44 13
76 1106 23 3
76 1154 18 9
76 1233 35 1
76 1258 47 3
77 480 45 8
77 651 7 10
77 1000 58 5
78 186 5 10
78 199 31 7
78 252 35 3
78 309 30 7
78 450 10 4
78 772 24 5
78 841 7 1
78 881 49 11
78 1293 52 5
79 337 34 13
79 362 28 13
79 440 33 6
79 701 27 8
79 1289 50 14
80 144 59 4
80 330 54 8
80 478 49 5
80 725 31 4
80 911 20 6
80 1164 29 1
81 217 1 10
81 349 9 1
81 849 39 12
81 972 31 7
81 998 16 5
81 1060 1 9
81 1141 16 9
81 1145 5 13
82 205 37 8
82 394 25 15
82 421 6 9
82 544 39 14
82 871 59 12
82 938 27 6
82 982 18 14
82 1201 1 5
83 250 18 11
83 521 36 9
83 1187 14 15
83 1195 6 6
84 131 6 9
84 166 28 11
84 280 7 7
84 332 28 5
84 695 27 9
84 1195 26 7
85 408 33 10
85 424 60 8
85 493 10 4
86 125 60 5
86 170 18 10
86 681 39 3
86 908 31 9
87 194 9 11
87 598 24 9
87 831 9 8
87 914 57 13
87 1127 13 3
88 110 17 5
88 263 58 1
88 305 46 12
88 361 35 8
88 455 21 11
88 733 33 5
88 1001 22 1
88 1013 6 4
88 1156 5 9
88 1227 20 15
89 362 53 6
89 450 32 4
89 1146 23 13
90 125 53 6
90 136 46 13
90 267 3 10
90 473 2 2
90 737 48 15
90 884 1 6
90 1045 3 7
90 1082 55 9
91 122 39 6
91 299 27 4
91 510 36 7
91 599 14 13
91 968 58 15
91 1239 53 14
91 1257 16 4
92 239 44 10
92 246 2 6
92 265 37 6
92 404 33 11
92 856 22 2
92 1268 6 10
93 487 43 8
93 641 50 10
93 723 21 1
93 1099 6 15
93 1282 15 5
94 270 1 15
94 368 38 8
94 566 45 2
94 639 60 10
94 742 17 3
94 876 59 10
94 1128 6 12
94 1288 38 8
95 362 1 12
95 585 58 1
95 606 11 14
96 185 33 14
96 528 9 9
96 533 16 3
96 563 42 9
96 660 25 9
96 829 1 12
96 908 36 12
96 953 4 4
96 1031 12 9
96 1070 53 11
96 1095 41 9
96 1115 36 11
96 1125 22 5
96 1244 33 4
97 160 25 15
97 357 21 10
97 379 2 4
97 547 13 14
97 934 58 7
97 1090 52 15
98 375 18 13
98 998 26 2
98 1187 9 2
99 467 52 14
99 860 12 12
100 215 18 14
100 313 10 4
100 454 44 11
100 469 9 7
100 636 6 14
100 889 37 3
100 995 11 11
101 245 1 6
101 246 18 1
101 289 57 13
101 297 24 7
101 433 37 9
101 495 21 8
101 658 34 1
101 833 49 5
101 960 51 5
102 188 39 7
102 708 25 7
102 737 57 4
102 963 32 1
102 1194 23 15
103 362 19 12
103 382 23 15
103 402 17 2
103 813 6 6
103 880 21 1
103 1049 52 14
103 1166 35 10
103 1278 14 11
103 1318 50 10
104 133 41 1
104 240 44 7
104 360 16 3
104 383 45 6
104 671 46 8
105 782 23 14
105 961 36 12
105 1058 53 13
106 175 31 9
106 270 50 2
106 961 40 5
107 231 13 2
107 794 48 7
107 830 16 14
107 852 50 15
108 291 18 12
108 399 45 15
108 825 8 5
108 886 35 5
108 915 12 7
108 1131 51 8
108 1199 31 5
109 564 30 7
109 758 1 15
109 882 37 3
109 948 39 9
109 1038 29 5
109 1096 9 4
110 203 28 8
110 825 37 11
110 1034 38 13
110 1095 32 11
110 1167 31 9
110 1170 38 13
110 1172 36 5
111 227 55 5
111 255 58 3
111 428 26 3
111 566 32 4
111 1026 58 3
112 830 10 6
112 862 2 12
112 920 27 12
112 1221 49 6
113 1018 28 11
114 293 42 9
114 772 46 6
114 837 60 9
114 1055 39 8
114 1137 35 14
115 1053 26 10
115 1102 28 7
116 298 36 11
116 656 11 14
116 774 59 14
116 806 54 14
116 1016 41 6
117 700 14 2
117 873 39 9
117 914 53 1
117 972 38 13
118 230 24 9
118 260 15 9
118 343 44 2
118 524 13 6
118 842 18 5
118 940 60 10
118 996 12 9
118 1276 39 10
119 141 30 4
119 458 12 4
119 840 41 12
120 563 23 14
120 682 11 6
120 971 20 7
121 146 1 6
121 243 4 7
121 715 37 7
121 890 16 12
121 1124 22 12
122 454 58 6
122 596 33 10
122 635 23 10
122 903 8 1
123 294 56 14
123 564 24 9
123 984 18 14
124 208 51 4
124 367 45 8
124 832 29 10
125 305 39 14
125 780 60 15
125 1177 26 7
125 1179 56 10
126 259 55 9
126 323 1 9
126 350 5 10
126 495 42 7
126 907 3 15
127 137 17 1
127 156 8 7
127 311 18 3
127 486 1 12
127 589 39 12
127 595 13 12
127 793 53 8
127 839 36 8
127 996 1 11
127 1295 19 11
127 1317 49 11
128 239 15 4
128 977 46 15
128 989 13 8
129 785 57 5
129 1048 9 13
129 1292 22 8
130 463 59 2
130 638 23 5
130 655 27 7
130 1193 25 9
130 1282 40 13
131 515 57 1
131 605 7 1
131 954 45 11
131 1079 59 15
132 837 24 8
132 863 21 7
132 1147 23 8
132 1185 24 14
133 213 41 6
133 586 24 1
133 619 48 11
133 886 42 6
133 925 56 3
133 1075 15 11
133 1191 17 8
133 1210 46 9
133 1304 59 2
134 161 52 11
134 383 36 1
134 562 58 14
134 719 30 1
134 820 50 3
135 350 47 9
135 464 26 3
135 504 32 6
135 928 19 3
135 985 3 2
135 1044 26 1
135 1116 40 4
136 233 13 2
136 280 10 7
136 329 57 4
136 961 47 5
136 1280 44 10
137 208 43 1
137 274 37 2
137 316 32 15
137 947 38 13
137 1119 29 7
137 1156 29 14
137 1242 52 11
137 1297 6 5
138 301 43 11
138 398 21 13
138 497 49 11
138 794 27 5
138 932 12 7
138 1143 16 2
138 1257 40 13
139 193 11 2
139 433 40 8
139 1284 57 6
140 156 55 1
140 237 43 2
140 779 14 12
141 192 50 7
141 1063 60 10
141 1172 9 8
142 245 41 9
142 331 59 5
142 494 39 9
142 534 41 1
142 728 46 2
142 1102 15 6
142 1222 59 15
143 386 2 9
143 604 16 4
143 663 20 13
143 804 48 1
143 829 3 12
143 938 16 5
144 436 9 1
144 685 29 7
144 816 10 2
144 1058 57 1
144 1186 42 10
144 1283 20 12
145 373 5 8
145 461 55 7
145 596 9 2
145 619 57 11
145 663 52 13
145 793 32 8
145 890 26 7
145 952 34 9
145 985 34 2
146 599 22 10
146 809 52 2
146 1071 21 10
146 1089 17 14
146 1134 31 8
147 332 51 10
147 490 1 7
147 823 9 11
147 902 6 11
147 962 39 5
148 452 21 14
148 842 52 8
148 862 30 13
148 941 26 2
148 1128 32 8
149 321 10 9
149 671 24 10
149 709 59 7
149 844 41 15
149 853 12 8
149 1080 11 13
149 1100 8 15
149 1300 35 8
149 1308 54 1
150 359 38 1
150 460 25 11
150 552 7 8
150 817 15 13
150 831 48 1
150 844 35 13
150 1319 30 2
151 344 46 8
151 424 23 3
151 1026 15 1
151 1059 2 14
151 1182 48 5
151 1201 43 15
151 1270 21 6
152 618 15 12
152 652 56 9
152 661 44 9
152 732 28 8
152 1020 5 7
152 1067 52 12
153 424 15 13
153 1051 5 3
153 1071 16 3
153 1170 2 11
153 1238 24 1
154 206 58 5
154 302 53 2
154 445 26 15
154 514 28 10
154 638 50 6
154 690 54 3
154 721 14 13
154 982 21 6
154 1314 9 13
154 1315 4 13
155 732 21 5
155 1137 50 6
156 1099 44 3
156 1101 60 7
157 563 58 15
157 711 41 7
157 831 44 14
157 1062 31 5
157 1264 2 3
158 260 36 2
159 1206 37 8
159 1282 7 12
159 1305 35 15
160 1010 15 13
160 1245 25 3
161 255 17 9
161 721 12 8
161 893 46 13
161 1054 18 13
162 382 13 14
162 909 41 10
162 1069 18 5
163 481 35 14
163 608 4 3
163 1253 15 2
164 219 46 9
164 392 4 10
164 463 6 2
164 530 17 11
164 598 38 10
165 249 20 12
165 333 44 6
165 451 34 4
165 467 24 8
165 940 26 4
165 1227 57 12
166 465 55 5
166 689 12 11
166 1239 41 15
167 406 36 2
168 293 59 11
168 510 30 4
168 791 12 4
168 1132 2 12
169 500 60 11
169 571 25 6
169 632 29 7
169 688 22 4
169 707 28 7
169 894 40 1
169 956 24 3
169 1051 15 14
169 1089 3 7
170 292 14 10
170 600 12 15
170 667 42 5
170 817 48 9
170 851 1 3
170 955 19 14
170 1115 23 13
170 1150 5 5
170 1175 1 8
170 1199 29 3
171 543 25 4
171 554 1 6
171 603 45 15
171 1038 19 12
171 1249 34 2
172 393 12 13
172 721 34 12
172 814 27 1
172 981 45 13
172 1135 17 3
172 1202 37 1
173 614 6 2
173 1009 23 4
174 311 24 5
174 463 52 8
174 709 21 13
174 931 11 8
174 1147 6 2
174 1156 37 2
175 322 3 14
175 946 37 10
176 657 55 6
176 742 50 8
176 858 10 5
176 880 1 9
176 928 58 13
176 1241 43 12
177 302 17 10
177 465 14 9
177 613 37 15
177 904 56 6
177 1006 47 11
178 282 11 7
178 322 50 4
178 477 13 7
178 570 19 2
178 621 23 2
178 833 34 9
178 1072 7 10
178 1257 9 3
178 1307 28 10
179 228 33 15
179 536 30 13
179 818 8 8
179 1097 34 4
179 1187 47 4
180 479 52 13
180 592 18 7
180 712 21 11
180 1148 49 8
180 1180 30 11
181 828 38 13
181 1159 43 7
182 860 16 11
182 1063 52 8
182 1083 50 2
183 279 7 1
183 293 31 7
183 304 1 14
183 527 4 4
183 793 19 8
183 812 57 14
183 851 32 9
183 1262 40 2
184 816 45 14
184 854 37 13
184 878 15 1
184 925 56 6
184 940 56 3
184 1179 5 12
184 1305 38 12
185 848 16 9
185 890 57 15
185 986 36 1
185 1307 32 14
186 549 32 5
186 550 23 12
186 614 44 6
186 687 47 3
186 997 59 13
186 1038 46 3
187 307 18 15
187 757 28 11
187 816 43 10
187 819 2 8
187 966 36 5
188 246 28 14
188 362 7 12
188 374 16 6
188 385 1 11
188 512 17 5
188 739 4 10
188 769 12 6
189 303 32 13
189 529 48 14
189 599 9 10
189 848 33 6
189 913 21 13
189 914 35 15
189 938 8 7
189 1049 35 6
189 1121 40 12
189 1232 33 12
190 283 1 6
190 873 44 2
190 1177 20 3
190 1219 45 12
190 1234 1 10
190 1297 26 5
191 472 17 3
191 811 46 5
191 1107 50 11
191 1153 39 12
192 561 35 1
192 756 39 10
192 926 25 13
192 1082 37 14
192 1133 27 14
192 1142 52 11
192 1151 24 11
193 701 16 4
193 750 7 3
193 1052 19 9
193 1265 31 12
194 392 37 14
194 545 31 5
194 808 32 9
194 876 33 6
194 970 32 14
194 1128 19 14
194 1131 12 11
194 1227 45 5
195 216 50 3
195 779 15 2
195 962 9 7
195 1141 32 7
195 1242 53 5
196 251 54 10
196 557 57 12
196 762 45 3
196 845 18 4
196 985 31 15
196 1107 23 5
197 224 49 7
197 266 38 8
197 335 42 15
197 416 52 14
197 604 43 2
197 1096 37 14
197 1202 33 7
198 448 17 4
198 512 17 10
198 732 60 15
198 955 26 8
198 1147 7 6
199 225 12 3
199 299 55 12
199 534 35 5
199 734 47 3
199 1029 22 6
199 1043 14 2
200 511 51 13
200 517 26 8
200 557 18 12
200 779 54 12
200 784 52 4
200 943 38 4
201 364 33 12
201 393 23 7
201 508 37 14
201 544 3 4
201 611 26 10
201 697 53 15
201 1092 13 7
201 1155 30 4
203 534 18 10
204 589 42 9
204 835 40 9
204 916 38 5
204 987 38 4
204 1021 20 3
204 1057 21 1
204 1085 24 4
205 522 1 9
205 570 13 4
205 605 19 12
205 715 41 11
205 776 43 2
205 932 38 14
205 1057 30 14
205 1269 34 7
206 249 3 14
206 329 24 13
206 332 4 10
206 366 44 10
206 478 40 4
206 721 10 11
206 1316 9 5
207 888 51 12
207 1037 28 14
208 297 32 1
208 345 18 10
208 483 4 6
208 556 59 10
208 578 38 2
208 840 35 6
208 1010 59 15
209 239 13 9
209 248 4 15
209 445 19 6
209 749 55 13
209 765 23 1
209 778 4 7
209 811 36 8
209 819 16 3
209 878 12 7
209 1067 59 1
209 1089 13 12
209 1300 32 7
210 307 33 14
210 565 46 1
210 624 41 14
210 878 23 1
210 908 31 12
210 1037 35 3
211 242 38 3
211 265 7 9
211 341 39 13
211 505 2 14
211 545 18 15
211 824 37 2
211 1119 33 12
211 1139 60 13
211 1145 21 15
211 1184 15 13
212 797 30 1
212 986 27 14
212 1174 51 13
213 282 54 11
213 319 28 4
213 365 30 3
213 674 5 10
213 841 53 14
213 1248 27 4
214 838 30 2
214 1008 38 14
214 1057 58 12
215 494 13 12
215 669 28 4
215 1037 12 13
215 1070 58 7
215 1158 30 12
215 1161 7 4
216 264 19 7
216 289 10 15
216 546 49 8
216 603 33 13
216 1016 37 1
217 566 25 14
217 1296 15 4
218 357 5 10
218 723 48 11
218 750 16 9
218 790 2 4
218 987 45 12
219 916 57 9
220 519 21 4
220 697 6 13
221 261 4 5
221 625 5 4
221 651 3 5
221 867 37 9
222 365 46 11
222 428 18 12
222 1025 53 15
223 299 7 1
223 343 7 3
223 422 51 12
223 576 1 10
223 679 46 5
223 703 31 6
223 764 33 11
223 767 41 6
223 892 60 5
223 986 47 7
223 1221 11 1
224 288 44 10
224 400 29 12
224 666 58 15
224 937 42 8
224 1049 20 7
224 1192 38 1
225 364 27 13
225 878 14 15
225 925 57 11
225 1086 4 6
225 1225 57 4
226 765 51 10
226 969 54 14
227 821 55 15
227 1009 5 7
227 1247 42 13
228 724 4 13
228 772 40 6
228 898 8 1
228 1261 45 5
229 679 15 7
229 711 33 2
229 772 43 6
229 823 59 2
230 318 25 1
230 355 44 4
230 549 44 4
230 870 7 3
230 1305 56 2
231 287 15 11
231 365 24 7
231 530 48 13
231 817 33 1
231 995 36 3
231 1283 4 8
232 401 23 12
232 641 37 10
232 709 12 11
232 933 27 4
232 1141 12 1
232 1222 19 7
233 984 30 3
233 1077 53 7
233 1311 10 1
234 546 18 14
234 884 50 4
234 966 30 7
234 1067 22 6
234 1073 44 8
234 1258 59 5
235 450 29 13
235 1037 57 13
235 1156 42 2
235 1229 51 12
235 1294 23 14
236 245 28 5
236 480 18 2
236 706 51 7
236 818 31 5
236 1042 23 13
236 1063 18 12
237 279 22 14
237 336 34 14
237 466 42 8
237 646 28 4
237 688 38 3
237 751 12 10
237 1064 52 10
237 1087 11 14
238 321 47 3
238 467 30 1
238 547 41 11
238 549 40 13
238 571 30 15
238 680 43 1
238 1079 46 9
238 1100 25 2
238 1272 39 4
239 315 1 10
239 424 51 15
239 523 33 14
239 574 15 6
239 833 26 5
239 967 47 11
239 993 21 15
239 1036 9 12
239 1085 28 11
239 1138 9 1
239 1171 3 6
240 295 47 4
240 392 4 6
241 353 33 7
241 409 18 13
241 414 13 11
241 729 4 8
241 850 17 9
241 895 35 1
241 1003 22 11
241 1066 5 6
241 1156 27 12
241 1199 37 14
242 321 19 11
242 908 2 13
242 928 35 11
243 245 23 9
243 594 22 6
243 622 19 3
243 684 34 3
243 693 46 5
243 768 35 6
243 911 47 6
243 1316 28 11
244 823 20 1
244 1186 29 7
244 1223 59 9
245 247 44 13
245 398 10 10
245 532 19 8
245 640 44 10
245 852 20 4
245 1132 55 12
245 1176 17 9
245 1192 52 12
246 256 3 11
246 312 45 12
246 995 27 5
247 699 4 8
247 981 22 11
247 1182 3 3
247 1280 49 3
248 254 50 7
248 1121 52 8
249 382 25 2
249 435 57 6
249 550 36 7
249 906 18 4
249 1076 28 2
250 280 43 2
250 718 27 1
250 943 25 5
250 958 5 13
250 1021 1 15
250 1108 29 1
251 1173 4 9
252 517 17 1
252 523 2 3
252 554 20 4
252 582 5 11
252 587 1 14
252 726 53 14
252 912 11 3
252 1127 19 11
253 361 14 10
254 476 18 1
254 799 57 6
254 805 24 4
254 882 11 11
254 1095 39 5
254 1150 2 9
255 537 54 6
255 558 33 11
255 750 3 9
256 322 47 15
256 380 45 13
256 716 26 13
256 1120 60 8
257 542 8 1
257 596 48 12
257 861 19 2
257 935 21 15
257 1120 26 10
258 324 2 9
258 648 34 9
258 1226 21 4
259 952 60 5
259 1288 16 13
260 416 43 7
260 562 4 5
260 599 40 3
260 633 37 11
261 438 7 7
261 574 16 11
261 660 44 10
262 452 24 6
262 458 29 1
262 561 15 6
262 648 10 2
262 890 31 5
262 969 9 11
262 1018 57 8
263 431 11 1
263 567 20 12
263 854 4 10
264 369 60 12
264 485 60 12
264 529 51 9
265 329 52 5
265 341 48 3
265 546 56 14
265 636 50 1
266 298 1 15
266 769 12 1
266 859 40 13
266 917 3 13
266 963 6 10
266 1011 23 5
267 593 25 3
267 821 51 8
267 850 16 13
267 930 11 12
267 1283 20 8
268 446 2 8
268 454 60 1
268 884 27 4
268 920 16 2
269 632 31 2
269 982 2 5
269 1099 28 15
270 451 46 5
270 751 59 4
270 1009 4 15
270 1191 3 4
271 800 33 5
271 852 51 15
271 1204 58 14
272 385 54 13
272 419 31 1
272 611 54 13
272 1065 41 6
273 704 15 9
273 843 51 2
273 1038 33 11
273 1145 36 3
274 337 4 15
274 344 2 3
274 438 47 12
274 592 13 10
274 789 55 8
274 887 43 5
274 985 46 12
275 778 50 10
275 849 41 7
275 851 46 1
275 862 33 12
275 881 32 8
275 892 48 2
275 1136 42 7
276 548 51 8
276 603 59 8
276 650 7 12
276 726 8 11
276 1049 50 7
277 426 46 8
277 457 11 1
277 559 52 11
277 782 11 13
277 1007 32 13
278 555 57 4
278 574 53 13
278 596 13 12
278 841 47 13
278 959 60 11
278 1176 18 15
278 1256 18 2
279 402 7 10
279 423 23 11
279 1073 49 10
279 1177 46 7
280 377 50 15
280 549 20 3
280 1011 2 3
280 1024 43 6
281 581 25 5
281 667 40 10
282 289 1 6
282 433 37 5
282 491 37 11
282 559 51 13
282 640 36 7
282 643 15 11
282 688 3 8
282 1221 10 7
283 401 59 7
283 525 36 10
283 593 11 12
283 663 50 2
283 789 28 13
283 956 56 5
283 1096 7 12
283 1125 28 1
284 404 37 11
284 497 16 15
284 509 30 15
284 788 59 6
284 899 38 13
284 1118 12 8
286 300 1 13
286 788 40 11
286 1056 15 9
286 1141 57 9
286 1213 23 4
287 454 57 11
287 502 47 1
287 665 23 11
287 1024 19 3
287 1112 38 1
287 1125 49 13
287 1314 39 10
288 760 33 13
288 1013 50 9
289 310 59 5
289 436 51 8
289 770 44 7
289 847 45 9
289 958 2 15
289 1228 4 3
289 1262 35 8
290 320 9 1
290 1123 23 3
290 1155 43 7
290 1224 56 12
291 303 1 7
291 359 32 14
291 1014 39 11
292 828 36 14
292 1032 41 6
292 1034 16 7
292 1267 48 4
292 1310 56 14
293 414 31 10
293 485 25 9
293 663 49 3
294 796 15 7
294 818 22 13
295 304 42 13
295 318 18 4
295 526 42 2
295 1273 52 5
296 588 16 7
296 784 15 2
296 798 7 13
296 890 47 15
296 959 47 14
296 1124 17 5
297 398 49 12
297 697 1 11
297 1109 10 2
297 1254 15 7
298 314 3 1
298 570 18 12
298 682 28 6
298 741 3 13
298 864 57 7
298 889 58 10
298 1291 20 13
299 472 23 15
299 1087 60 12
299 1309 31 5
300 398 15 6
300 664 29 11
300 742 57 5
300 803 16 4
300 834 55 1
300 851 3 2
300 922 45 1
301 503 35 2
301 569 15 9
301 694 29 1
301 714 25 12
302 312 7 8
302 692 9 13
302 812 19 7
302 960 24 5
302 1282 28 15
303 428 27 1
303 486 39 4
303 957 25 1
303 1108 55 14
304 403 50 13
304 591 1 2
304 630 53 11
304 1099 18 2
304 1244 45 15
305 967 57 14
305 1050 42 11
305 1243 7 4
306 432 52 12
306 587 8 11
306 923 35 3
307 396 42 11
307 408 49 12
307 589 26 13
307 618 59 5
307 790 1 12
307 924 21 7
307 929 32 10
307 1312 30 13
308 457 40 2
308 545 23 4
308 611 26 3
308 1066 5 9
309 346 47 8
309 536 4 10
309 563 42 8
310 346 21 4
310 389 32 11
310 672 9 15
310 754 23 5
310 897 3 12
310 1165 5 10
311 850 31 2
311 1159 10 5
311 1270 41 6
312 344 12 2
312 718 26 3
312 949 35 4
312 969 40 5
313 755 19 8
313 848 24 14
313 897 4 2
313 1006 4 15
313 1073 49 12
313 1240 8 1
314 390 25 4
314 494 14 12
314 637 10 14
314 764 38 15
314 833 11 15
315 422 19 2
315 550 40 7
315 621 24 11
315 776 49 7
315 784 40 2
315 1192 38 11
315 1215 35 5
316 608 8 11
316 774 53 3
316 858 6 7
316 1107 31 2
316 1124 39 8
316 1184 8 8
316 1207 28 11
317 498 44 14
317 546 17 8
317 743 45 10
317 1089 22 9
317 1133 50 5
318 402 33 9
318 626 8 8
318 641 6 2
318 818 55 4
318 982 45 7
318 1069 55 9
318 1230 58 7
318 1318 22 15
319 787 27 15
319 920 25 1
320 527 37 12
320 618 48 10
320 842 16 1
320 1222 55 1
320 1251 16 3
321 560 31 1
321 623 27 3
321 866 37 14
322 473 59 11
322 1127 34 10
323 519 56 12
324 346 22 12
324 700 47 2
324 1089 17 15
325 387 12 14
325 517 49 12
325 574 4 14
325 713 11 1
325 1178 54 8
326 445 4 13
326 497 19 7
326 1275 36 15
327 430 30 1
327 524 41 4
327 884 48 5
327 1104 22 2
328 370 29 1
328 543 46 9
328 652 18 1
328 990 9 12
328 1006 22 13
328 1151 33 13
329 373 3 9
329 502 56 2
329 507 30 5
329 967 10 12
329 1132 59 6
329 1158 37 11
330 787 53 10
330 1175 1 4
330 1318 19 5
331 615 54 12
331 694 47 5
331 995 31 1
331 1007 4 13
331 1078 17 12
332 450 19 7
332 855 29 8
332 1188 39 13
332 1317 56 9
333 454 50 13
333 685 42 11
333 723 2 11
333 808 59 15
333 1131 9 10
333 1196 20 4
333 1294 41 10
334 343 41 14
334 897 13 10
334 917 50 3
335 1127 24 2
336 577 6 7
336 648 32 7
336 996 46 4
337 489 30 4
337 867 3 1
337 1061 46 11
337 1137 3 12
337 1318 49 7
338 352 36 15
338 475 60 8
338 636 31 6
338 789 44 1
338 931 41 15
338 955 17 2
338 1265 45 5
339 367 8 7
339 715 22 7
339 916 36 15
340 550 49 2
340 650 52 15
340 794 40 2
340 1103 4 14
340 1206 55 12
340 1272 47 8
341 459 42 12
341 481 34 2
341 805 5 10
341 924 24 13
341 1198 24 11
342 1144 57 2
343 365 2 14
343 1124 45 4
343 1204 35 9
344 382 14 15
344 416 12 3
344 869 28 9
344 1008 19 8
345 434 35 13
345 1024 41 4
345 1048 14 9
345 1062 53 2
345 1079 8 7
346 669 39 6
346 1220 6 11
347 568 22 4
347 637 10 13
347 929 49 1
348 404 60 13
348 666 60 15
348 836 16 9
348 888 31 3
348 908 1 13
348 1149 57 2
348 1162 9 11
349 834 45 2
349 855 18 15
349 1135 39 15
350 444 27 6
350 456 44 15
350 572 56 3
350 597 50 12
350 681 3 14
350 1011 3 3
350 1167 59 12
351 538 36 9
351 576 58 9
351 730 19 6
352 355 45 9
352 398 21 9
352 527 44 14
352 579 36 15
352 668 9 15
352 729 19 13
352 771 18 15
352 1032 36 8
352 1157 9 11
352 1181 46 10
353 427 20 9
353 486 16 6
353 488 21 15
353 819 8 13
354 435 46 8
355 371 58 9
355 561 5 3
355 921 18 1
355 1028 13 9
356 602 22 14
356 832 25 15
356 1112 8 1
357 735 40 6
357 1074 59 11
358 665 3 12
358 707 59 4
358 765 25 13
358 1120 13 15
358 1310 40 3
359 366 24 14
359 513 1 3
359 544 29 6
359 590 53 15
359 1190 14 2
359 1224 40 1
359 1236 52 8
360 688 15 11
360 1114 57 15
361 385 51 3
362 724 2 4
362 834 29 10
362 840 39 4
362 877 37 9
362 894 26 6
362 1003 44 14
362 1131 29 8
363 415 23 4
363 428 57 10
363 506 23 10
363 608 10 8
363 684 14 14
364 388 28 12
364 568 29 10
364 688 10 9
364 891 38 15
364 1027 14 13
364 1104 41 4
364 1207 46 4
364 1217 37 15
365 371 23 7
365 397 9 15
365 486 32 13
365 883 42 14
365 958 20 2
365 1111 28 9
366 369 44 7
366 448 8 4
366 457 51 1
366 495 1 1
366 535 44 6
366 745 13 4
366 1072 25 15
366 1136 36 12
366 1221 2 6
367 525 25 1
367 543 55 10
367 674 37 8
367 1118 53 8
367 1144 24 2
368 1274 20 4
369 401 11 7
369 558 56 8
369 630 51 6
369 831 12 2
370 848 20 11
370 960 17 5
370 1142 6 10
371 643 37 14
371 779 48 11
371 1002 48 2
372 530 14 13
372 561 39 5
372 703 20 13
372 851 14 10
372 890 4 4
372 938 42 3
372 999 24 8
372 1068 10 12
372 1074 4 5
373 528 20 2
373 613 19 2
373 752 52 15
373 944 23 12
373 1180 43 9
373 1212 29 3
374 405 20 8
374 502 30 8
374 508 37 10
374 602 38 1
374 1093 23 6
375 402 11 3
375 625 12 11
375 962 3 7
375 1129 47 7
375 1194 22 13
376 758 20 6
376 1028 40 6
377 529 6 13
377 730 36 8
377 871 53 4
377 1048 42 12
378 636 51 9
378 792 53 7
378 946 45 5
378 1039 58 13
379 669 39 4
379 867 12 3
379 1049 14 2
379 1146 4 13
380 748 13 14
380 1071 45 5
380 1172 41 15
381 557 55 3
381 683 4 13
381 789 34 11
381 1183 19 4
382 391 24 15
382 651 20 11
382 989 4 1
383 498 57 11
383 549 19 11
383 635 24 3
384 482 7 7
384 487 19 12
384 856 55 2
384 1098 14 5
384 1132 58 10
384 1154 6 10
384 1161 54 2
384 1223 55 14
385 434 45 9
385 438 16 8
385 1021 18 13
385 1239 42 1
385 1254 4 10
386 473 9 9
386 567 40 5
386 853 40 13
386 1120 11 9
386 1267 31 2
387 448 60 12
387 527 18 7
387 575 19 3
387 770 8 3
387 778 17 5
387 860 16 9
387 1052 15 3
387 1189 31 15
388 409 32 8
388 495 5 1
388 564 23 13
388 765 18 14
388 782 12 14
388 1252 9 3
388 1304 4 14
389 751 40 6
389 956 42 2
389 1007 5 5
389 1301 11 3
390 1247 25 5
391 442 11 9
391 514 44 15
391 708 29 5
391 712 44 13
391 1119 30 13
391 1137 27 7
392 982 48 13
392 1041 47 9
392 1262 30 8
393 577 22 13
393 617 14 3
393 847 29 5
393 1079 48 1
394 534 18 7
394 892 14 10
395 859 5 4
395 1015 7 11
395 1280 54 1
396 511 44 11
396 542 37 3
397 455 15 10
397 1107 56 13
398 432 10 1
398 576 6 4
398 916 17 6
398 1078 12 6
399 859 33 15
400 538 48 7
400 932 48 11
401 489 20 3
401 628 19 2
402 936 33 1
402 1179 27 10
402 1270 26 1
403 496 12 5
403 731 54 5
403 865 48 12
403 874 7 8
403 1019 23 12
403 1025 10 7
404 793 14 6
404 1121 38 2
404 1236 55 1
405 516 1 4
405 540 23 8
405 543 47 2
405 617 59 12
405 804 24 5
405 1028 20 14
406 511 15 4
406 543 46 9
406 1303 52 7
407 624 35 6
407 892 25 13
407 957 10 13
407 1192 56 12
408 672 26 7
408 814 42 5
408 841 47 14
408 1118 23 2
408 1218 19 9
409 756 11 3
409 1183 44 1
409 1248 52 4
410 436 50 4
410 580 17 4
410 797 60 12
410 1108 50 14
410 1227 42 9
410 1315 45 1
411 695 55 5
411 709 26 6
411 732 20 4
411 869 25 1
411 1179 31 7
411 1285 51 15
412 508 1 3
412 688 15 11
412 802 40 14
412 1049 19 6
412 1091 47 8
413 928 45 14
413 1025 22 1
413 1177 47 11
414 942 45 15
414 1306 2 9
415 476 42 3
415 635 47 7
415 762 32 9
415 1059 41 9
416 595 28 11
416 634 50 4
416 682 23 14
416 1000 21 11
416 1026 29 14
416 1135 46 11
416 1155 31 13
416 1269 26 7
416 1300 37 7
417 569 39 7
417 649 55 13
417 937 28 10
417 1082 11 3
417 1125 15 2
417 1217 58 11
417 1296 15 10
418 549 58 10
418 571 55 9
418 1189 3 6
418 1244 38 1
419 541 47 8
419 566 26 4
419 980 36 11
419 1123 25 11
419 1269 36 10
420 717 33 10
420 815 38 1
420 1072 37 5
421 628 2 8
421 774 15 11
421 1112 12 8
422 692 18 1
422 967 25 6
422 1242 13 3
423 493 60 11
423 525 39 8
423 700 39 1
423 758 10 12
423 934 38 2
423 1045 40 12
423 1181 6 7
423 1185 24 9
424 645 18 5
424 886 56 14
424 928 4 3
424 1040 32 6
424 1073 14 4
424 1087 35 14
424 1164 51 12
424 1307 51 1
425 451 33 5
425 664 35 2
425 710 27 1
425 734 32 4
425 771 15 7
425 811 35 15
425 944 17 7
425 968 42 1
425 1087 38 6
425 1122 56 14
425 1234 57 7
426 466 36 6
426 472 12 5
426 1020 26 15
426 1211 45 7
426 1293 7 3
427 674 28 9
427 683 23 5
427 730 54 12
427 734 34 4
427 1150 33 15
428 886 33 13
428 951 13 12
428 1229 43 8
428 1263 21 13
429 712 13 1
429 836 48 8
429 1289 24 4
430 570 26 3
430 686 23 11
431 528 36 11
431 1221 13 2
432 673 27 11
433 476 17 8
433 571 32 15
433 649 47 7
433 669 54 7
433 833 14 4
433 882 8 15
433 908 47 10
433 910 6 13
433 995 54 5
433 1070 34 1
433 1255 25 6
434 1293 8 1
435 650 7 10
435 704 7 13
435 1093 42 3
435 1260 29 14
436 713 44 11
436 755 55 12
436 998 48 13
436 1247 25 2
437 1048 59 8
437 1091 32 3
437 1171 9 6
438 513 55 12
438 699 10 1
438 724 41 1
438 822 1 10
438 846 31 10
438 853 20 13
438 866 42 13
438 888 52 13
438 1264 19 6
439 568 30 7
439 936 18 12
439 1067 16 15
439 1204 9 2
440 458 8 14
440 851 41 10
440 1110 12 8
440 1166 3 8
441 490 40 3
441 543 25 15
441 619 7 3
441 1106 24 2
441 1114 25 13
442 470 12 3
442 767 2 15
442 898 30 4
442 1060 23 11
442 1145 8 4
442 1220 15 14
443 533 16 13
443 555 52 5
443 854 5 6
443 886 51 11
443 949 56 6
443 1017 50 6
444 587 2 3
444 1271 56 2
445 510 35 6
445 1056 26 4
445 1169 34 9
445 1270 22 2
446 631 32 4
446 711 45 5
446 791 21 6
446 1191 39 7
447 546 59 3
447 980 24 14
447 1084 50 14
447 1264 9 14
447 1291 14 12
448 587 20 14
448 1215 37 15
449 455 52 13
449 701 5 15
449 965 45 1
449 1027 20 11
449 1211 47 2
449 1263 28 9
449 1274 57 8
450 1002 55 11
450 1192 34 12
450 1193 22 10
451 463 29 3
451 1165 37 15
451 1174 26 9
452 792 17 9
452 834 52 5
452 864 4 7
452 1248 27 6
453 540 57 15
453 1180 14 3
454 1031 13 10
456 502 29 15
456 510 6 15
456 685 44 14
456 756 30 12
456 978 41 3
456 1035 34 9
456 1199 48 12
456 1282 37 11
457 527 35 4
457 1183 17 8
457 1238 18 8
458 687 33 5
458 733 13 7
458 994 38 13
458 1055 47 1
458 1262 48 2
459 609 16 2
459 888 55 6
459 915 44 12
459 1051 38 15
459 1052 7 11
459 1213 50 7
460 485 29 13
460 635 43 4
460 923 59 15
460 945 36 5
461 754 26 6
461 779 2 15
461 1162 12 11
462 521 17 11
462 528 31 7
462 717 40 5
462 1155 31 3
462 1256 28 10
463 490 14 1
463 1199 35 14
464 551 59 4
464 673 2 7
464 855 40 5
464 894 38 9
464 922 25 14
464 966 50 11
464 1078 26 6
465 470 2 9
465 626 32 3
465 1099 56 2
465 1314 21 6
466 555 22 13
466 942 54 7
466 1181 50 10
467 1312 20 14
468 502 32 9
468 605 4 10
468 1176 26 6
468 1193 59 7
468 1220 22 11
468 1267 17 5
469 670 16 11
469 1029 8 2
469 1043 6 5
469 1226 35 6
470 496 29 1
470 506 59 1
470 553 13 3
470 648 48 9
470 1038 37 1
470 1114 29 1
471 672 27 1
471 703 59 8
471 866 12 12
471 956 7 7
471 1235 51 5
472 943 5 8
473 847 32 9
473 929 14 9
474 1258 35 11
474 1294 9 2
475 1213 51 3
476 611 57 13
476 762 10 9
476 775 9 10
476 881 17 5
476 888 48 15
476 899 25 8
476 902 50 4
476 1271 11 1
477 487 32 8
477 903 6 7
478 497 51 7
478 524 47 12
478 598 11 13
479 590 57 8
479 663 20 2
479 912 57 14
479 1057 16 7
479 1098 59 3
479 1189 14 4
480 575 47 10
480 854 56 6
480 1101 54 12
481 574 10 5
481 668 12 3
481 858 45 2
481 1065 41 15
481 1267 26 12
482 823 4 6
482 883 48 14
482 1039 36 8
482 1073 52 2
482 1091 28 14
482 1166 12 9
483 728 60 8
483 784 30 8
483 973 38 7
484 509 21 13
484 537 31 2
484 637 2 10
484 782 2 2
484 855 13 9
484 988 54 1
485 539 23 5
485 1203 41 3
486 653 27 7
486 677 57 15
486 761 33 4
486 884 59 6
486 963 17 8
486 1048 35 14
486 1294 12 10
487 550 53 11
487 556 39 13
487 777 1 10
488 506 3 1
488 891 2 14
488 962 41 13
488 1230 27 13
488 1240 26 8
488 1301 54 13
489 491 9 13
489 503 53 9
489 653 59 7
489 871 27 10
489 1240 22 1
490 541 36 5
490 873 34 7
491 734 1 8
492 679 46 15
492 721 25 15
492 878 37 12
493 1044 6 3
493 1136 16 7
493 1309 17 8
494 549 18 12
494 833 38 8
494 1165 42 8
495 519 43 12
495 568 48 14
495 974 53 14
495 1185 12 4
495 1284 37 11
496 998 59 7
496 1272 49 14
496 1296 5 13
497 987 50 2
497 1117 52 10
497 1287 40 4
498 979 47 4
498 1040 21 4
499 527 29 9
499 613 20 1
499 740 29 12
499 909 50 6
499 920 34 9
499 1061 50 14
499 1121 40 8
499 1179 20 11
499 1194 31 15
500 1163 52 11
501 773 3 7
501 1142 10 12
501 1209 31 15
501 1302 60 7
502 509 17 13
502 688 15 6
502 778 13 14
502 973 59 10
502 1162 41 11
503 566 31 8
503 593 23 2
504 729 35 13
504 814 54 7
504 1187 10 11
504 1188 56 15
505 801 12 6
505 872 18 10
505 899 50 7
505 1164 1 3
506 582 42 2
506 807 17 15
506 808 31 8
506 863 46 10
506 1031 36 9
506 1280 31 2
507 772 18 15
507 1029 28 4
508 689 60 5
508 856 21 15
508 1188 29 13
509 741 51 8
509 908 2 10
509 1208 55 6
510 595 24 15
510 759 57 6
510 922 43 15
511 545 14 1
511 771 33 3
511 995 53 13
512 1180 55 7
512 1185 58 6
513 525 35 8
513 529 17 15
513 1011 51 6
514 863 18 7
514 995 20 14
514 1304 50 9
515 1025 8 14
515 1032 12 11
515 1071 45 6
515 1088 17 12
515 1107 6 14
516 625 10 2
516 662 53 14
516 686 7 8
516 949 28 5
516 953 52 15
516 1170 8 7
517 859 14 15
517 986 9 9
517 1097 33 15
518 674 13 13
518 820 27 10
518 839 26 11
518 855 26 1
518 876 6 10
518 893 52 14
518 1137 39 6
519 695 21 11
519 811 58 7
519 1301 11 3
520 701 9 2
520 1055 51 5
520 1320 32 15
521 540 33 8
521 565 30 7
521 681 57 3
521 860 3 9
521 1228 57 5
522 637 14 2
522 677 39 2
522 724 20 9
522 728 22 13
522 776 48 3
522 903 39 13
522 914 24 11
522 1265 7 11
523 836 50 8
523 1092 42 13
524 634 28 8
524 837 29 1
524 1169 55 12
525 600 17 8
525 831 14 8
525 946 12 12
525 1041 11 9
526 532 39 9
526 819 13 4
526 1199 45 3
529 539 53 13
529 823 41 9
529 1042 52 13
529 1137 43 5
530 676 58 5
530 717 53 15
530 761 11 9
530 786 38 14
530 1137 42 12
530 1263 59 12
530 1264 21 8
530 1300 28 14
531 1034 55 1
531 1139 7 1
532 643 4 7
532 665 51 1
532 725 50 14
532 770 3 8
532 828 52 1
532 840 52 5
533 1060 32 15
533 1255 38 3
534 624 25 8
534 833 56 15
534 877 38 2
534 906 42 12
534 913 51 5
534 948 29 11
534 1172 49 10
535 599 49 11
536 891 49 11
536 927 48 8
537 643 34 9
537 860 51 5
537 1169 33 1
538 541 33 14
538 602 10 5
538 604 3 9
538 748 42 12
538 914 37 9
538 1155 47 4
538 1166 5 13
539 646 52 1
540 572 60 9
540 615 29 12
540 699 32 4
540 830 47 8
540 909 26 11
540 925 6 5
540 975 47 14
540 1200 38 5
540 1261 54 8
540 1310 24 3
541 1215 35 10
541 1274 47 10
542 671 14 14
542 1135 59 6
543 646 44 5
543 1228 47 14
544 701 26 7
544 912 32 6
544 971 44 12
544 1317 28 10
545 601 53 4
545 722 1 14
545 736 18 13
545 765 34 8
545 1144 17 4
545 1165 9 14
546 709 46 9
546 914 14 8
546 996 58 4
546 1008 30 8
546 1070 19 15
547 1106 48 13
547 1271 6 9
547 1291 56 6
548 682 6 14
548 741 40 14
549 1239 14 8
551 781 43 8
551 841 14 9
551 899 56 11
551 1154 26 2
552 639 38 15
552 681 32 2
552 757 42 4
552 1047 51 5
553 692 21 3
553 907 50 15
553 1020 46 6
553 1196 9 13
554 817 41 13
554 868 21 9
554 901 60 4
555 654 43 9
555 758 5 1
555 818 28 1
555 846 31 14
555 876 31 10
555 892 43 7
556 607 33 13
556 780 20 13
556 1206 21 12
557 858 19 3
557 1271 4 8
558 946 28 6
558 1006 51 6
558 1086 5 1
558 1121 37 3
559 700 26 2
559 892 44 12
560 596 8 1
560 922 11 13
560 938 6 6
561 694 41 11
561 825 30 8
562 815 31 6
562 1240 23 8
563 695 52 6
563 1039 47 9
564 728 13 8
565 960 60 1
565 1282 59 2
566 570 15 1
566 720 51 2
566 828 5 11
566 908 3 8
566 974 16 7
566 1066 13 2
567 941 60 14
568 1001 23 3
568 1126 7 9
568 1298 47 11
569 864 31 6
570 631 56 11
570 962 22 14
570 990 50 5
570 1200 21 12
570 1235 15 13
570 1276 25 14
571 1163 44 7
571 1256 40 6
572 1004 17 7
573 1085 27 9
573 1095 15 15
574 1046 10 4
574 1297 6 7
575 610 45 6
575 634 4 3
575 990 36 4
575 1238 13 15
576 740 35 6
576 901 38 8
577 853 41 14
577 894 45 4
577 937 44 6
578 861 47 8
578 952 32 9
579 719 2 12
579 914 26 11
579 1138 33 2
580 606 9 2
580 697 31 10
580 707 11 7
580 813 14 7
580 1089 4 4
580 1318 41 6
581 1046 43 4
582 1073 34 9
583 777 42 1
583 1172 13 1
584 691 58 13
584 1006 10 11
584 1229 60 8
585 941 43 7
585 1248 37 3
586 723 15 12
586 743 1 12
586 1108 27 13
586 1207 21 8
586 1270 12 8
587 836 46 8
588 1036 31 12
588 1201 10 14
589 920 59 10
590 669 34 8
590 702 58 2
590 725 28 6
590 775 24 11
590 1232 37 14
590 1242 10 12
591 725 29 11
591 884 31 7
591 885 15 11
591 910 38 12
591 1009 35 6
592 649 15 6
592 767 24 1
592 854 35 11
592 875 43 5
592 879 38 8
592 891 5 14
592 935 42 9
592 965 3 9
592 983 17 7
592 1054 52 10
592 1261 8 5
593 638 1 9
593 640 53 8
593 981 17 15
593 999 21 9
593 1290 54 3
594 709 3 11
594 741 24 11
594 1037 30 6
594 1078 28 14
595 1133 11 6
596 817 14 6
596 930 4 10
596 1050 1 3
596 1290 54 5
597 795 16 14
597 1105 1 12
597 1123 49 6
597 1313 57 13
598 708 57 9
598 731 7 13
598 745 13 9
598 762 44 6
599 628 34 1
600 809 22 9
600 1014 46 14
601 709 8 14
601 819 52 5
601 1079 6 4
601 1136 47 6
601 1291 22 7
602 724 9 2
602 1279 12 12
603 664 40 12
604 739 37 5
605 1116 13 1
605 1276 29 15
606 617 40 10
606 696 47 14
606 1058 60 5
607 962 40 6
607 1065 34 4
608 667 34 15
608 829 52 5
608 1187 6 13
609 703 44 13
609 966 7 7
609 1065 6 15
610 864 31 8
612 1148 24 13
612 1190 22 3
613 1095 42 5
614 670 42 10
614 1269 53 10
614 1274 31 15
615 1255 39 4
616 1139 39 3
617 896 22 5
617 1078 8 13
617 1255 46 7
617 1268 41 4
618 943 32 9
618 1114 46 5
619 882 3 5
619 1108 14 3
620 633 35 9
620 665 32 7
620 944 32 9
620 1177 60 4
621 693 7 1
622 862 2 8
622 942 40 5
622 1080 23 2
622 1267 33 5
623 644 31 15
623 774 53 3
623 794 40 7
623 1036 48 10
623 1216 42 5
624 772 24 3
624 846 33 15
624 1151 31 15
624 1275 54 11
625 653 23 3
626 672 7 6
627 698 10 1
627 747 46 13
627 825 21 4
627 935 59 7
627 1200 11 12
627 1246 28 15
628 873 6 4
628 939 19 2
629 737 32 8
629 951 12 15
629 1254 48 4
630 886 2 7
630 1011 4 11
630 1139 15 14
630 1258 52 15
631 1012 27 3
631 1152 8 1
631 1223 25 3
631 1259 42 13
631 1313 2 15
632 1188 26 8
632 1293 35 9
633 966 14 11
633 1021 2 14
633 1240 36 3
634 750 52 11
634 790 23 6
634 1066 57 12
634 1105 51 15
635 777 11 7
635 1003 26 10
636 674 52 2
636 1120 28 2
637 929 13 10
637 1270 44 7
638 698 46 11
638 1009 30 12
638 1167 25 3
639 733 21 2
639 1053 20 15
639 1151 11 8
640 757 58 13
640 854 18 7
640 870 43 14
640 921 35 4
640 1089 17 8
641 839 1 5
641 864 21 9
641 865 39 13
641 870 10 15
641 908 46 13
642 662 51 5
642 709 59 6
642 775 52 9
643 765 9 12
643 947 6 9
643 989 48 13
643 1123 26 9
643 1260 6 1
643 1287 33 9
644 678 40 7
644 710 31 9
644 788 4 10
644 911 27 8
644 1031 55 12
644 1107 31 9
644 1114 44 2
645 890 2 8
645 909 52 8
645 949 10 4
645 1048 50 14
646 1320 34 2
648 668 34 6
648 785 18 5
648 885 3 2
649 758 39 15
649 816 31 3
649 1190 56 2
650 762 50 10
650 919 34 1
650 1033 30 9
651 984 49 6
652 697 14 11
652 812 27 9
652 913 27 9
652 990 15 13
652 1051 13 15
652 1125 22 9
652 1161 18 13
653 713 45 9
653 772 25 5
653 1081 48 4
653 1210 39 15
653 1220 34 5
653 1269 42 4
654 743 32 6
654 973 23 9
654 1141 57 15
655 1228 42 13
656 859 48 4
656 922 32 5
656 923 41 12
656 1138 13 12
656 1291 4 9
657 741 45 12
657 911 10 10
657 1318 47 9
658 851 34 7
658 1024 36 10
658 1047 17 10
658 1157 36 15
658 1263 41 5
659 1177 31 13
659 1289 14 7
660 740 19 8
660 810 23 6
661 819 22 15
661 977 54 4
662 761 24 13
662 1094 12 13
662 1112 19 9
663 778 15 4
663 810 51 7
663 812 18 5
663 915 28 13
663 962 50 14
663 1212 6 9
664 733 19 10
664 1015 57 11
664 1153 25 7
665 673 16 2
665 1220 2 1
666 706 33 1
666 733 28 10
667 908 22 12
667 978 60 7
667 1026 56 8
667 1098 14 10
668 894 44 8
668 912 1 8
668 941 16 5
668 1005 9 15
669 730 26 9
669 1266 5 4
670 724 19 14
670 904 48 3
670 1129 58 12
671 707 36 6
671 1000 54 5
671 1131 57 9
672 887 23 14
672 949 20 1
672 1262 50 13
673 729 37 8
673 1037 17 1
673 1065 15 1
673 1220 54 7
674 832 26 3
674 1301 12 5
675 732 14 3
675 781 14 1
675 1075 17 1
675 1170 29 1
675 1212 30 4
676 695 34 4
676 966 50 2
676 1041 42 1
676 1096 33 5
676 1263 5 2
677 1309 50 10
678 942 60 12
678 1063 57 11
678 1093 46 2
678 1190 40 9
679 784 60 9
679 851 47 3
679 1104 25 10
679 1270 6 5
680 695 55 12
680 714 52 3
680 1039 44 12
680 1113 8 13
680 1183 47 5
681 914 23 14
681 1110 42 6
682 739 5 7
682 1306 3 15
683 994 11 7
683 1208 38 3
684 690 24 11
684 898 38 13
684 1000 23 8
684 1132 17 2
685 751 2 15
685 788 33 10
685 795 25 15
685 969 51 13
685 1143 4 8
686 1273 27 15
686 1283 11 12
687 715 19 12
687 735 50 11
687 834 2 1
687 1128 42 11
688 999 12 5
688 1123 48 3
689 1052 15 14
689 1286 50 15
690 845 1 12
690 934 47 2
690 1118 26 13
690 1162 29 15
691 928 21 13
691 1081 57 5
691 1307 15 15
693 1117 59 8
695 738 46 12
695 764 19 10
695 930 20 13
695 988 34 10
695 1090 38 12
696 832 58 13
696 932 52 12
697 847 21 4
697 1097 53 13
697 1303 8 6
698 778 35 7
698 881 51 3
698 1150 13 4
698 1242 22 1
699 720 2 14
699 759 9 8
699 887 46 12
699 1068 55 15
700 729 42 8
700 1026 58 12
701 1037 58 8
701 1117 49 6
702 703 17 3
702 726 13 8
702 1265 46 2
702 1268 25 6
703 793 35 14
703 1174 20 11
705 930 9 11
706 746 50 9
706 892 51 11
706 1083 15 15
706 1133 50 5
706 1201 4 9
707 877 27 15
707 1011 54 12
707 1012 60 11
707 1204 8 12
707 1245 25 3
707 1293 12 12
707 1295 30 5
708 713 56 1
708 744 19 1
708 1038 34 4
708 1252 38 11
709 831 44 3
709 847 27 15
709 867 36 15
709 960 47 10
709 1229 33 7
710 757 40 15
710 964 44 6
710 1123 22 12
711 911 18 12
711 1279 34 14
712 1162 6 3
713 857 5 10
713 1107 41 9
713 1111 53 8
714 722 9 14
714 856 45 1
714 867 26 12
715 869 51 2
715 1071 56 5
715 1105 59 9
716 822 40 12
716 858 60 2
716 923 25 14
716 937 18 11
716 1008 7 11
716 1154 24 6
717 1211 45 1
717 1285 56 13
717 1297 41 5
719 828 54 15
719 1300 33 9
720 767 37 1
720 779 16 3
720 971 32 10
721 762 1 12
721 837 25 10
721 1071 60 14
721 1113 42 8
722 1004 51 6
722 1107 60 5
722 1231 53 5
723 940 14 11
723 996 48 4
723 1033 28 4
723 1177 3 1
723 1302 28 8
726 772 15 14
726 778 23 5
726 1220 8 5
726 1276 19 7
727 896 34 9
727 1038 53 13
727 1069 41 7
727 1271 9 10
729 909 18 6
729 1141 34 2
730 841 33 7
730 869 31 6
731 994 24 12
731 1049 9 2
732 1259 7 6
733 1287 10 4
733 1304 38 3
734 740 3 9
734 803 49 14
734 835 25 15
734 841 33 8
734 1113 31 6
735 738 45 11
735 782 40 12
735 814 6 3
735 895 55 3
735 968 59 5
735 998 34 11
736 917 46 10
736 955 56 13
736 1024 29 14
736 1072 27 9
737 817 22 1
737 905 58 14
737 954 22 6
737 1130 1 15
737 1150 21 13
738 759 24 11
738 792 54 1
738 865 7 11
738 1014 8 9
739 1207 60 3
740 994 47 10
740 1062 15 9
740 1107 19 6
740 1246 10 6
741 821 40 10
741 907 47 13
741 1141 6 4
742 977 3 14
742 1161 10 12
743 1190 36 9
744 949 44 5
744 1065 50 8
744 1092 56 1
744 1129 2 3
744 1217 16 8
744 1249 29 1
745 875 48 1
745 931 1 12
745 1154 10 3
747 983 19 2
747 1209 26 7
748 1170 3 15
748 1263 23 7
749 909 28 13
749 987 4 12
749 1005 24 12
749 1074 12 1
750 786 41 5
750 1126 50 14
751 1072 38 11
751 1217 12 11
751 1277 30 8
752 778 46 9
752 961 20 10
752 1010 20 10
752 1204 7 8
752 1261 47 10
753 800 35 12
754 759 12 7
756 822 27 8
756 1115 5 11
757 853 3 4
757 988 2 4
758 794 8 1
758 1004 32 4
759 1010 27 12
759 1128 11 2
759 1235 28 11
760 1254 6 10
761 1098 7 7
761 1198 5 1
761 1228 48 2
761 1294 45 2
762 1138 22 4
762 1172 25 15
763 843 54 9
764 869 20 15
764 991 19 5
764 1042 2 3
764 1079 12 4
764 1141 4 1
764 1291 44 8
765 984 46 12
765 1039 22 6
766 834 38 1
766 859 56 15
766 1182 49 7
766 1200 12 3
767 1174 3 6
767 1210 5 6
768 811 32 8
768 1189 26 15
769 956 10 9
769 1046 12 1
769 1127 15 6
769 1179 38 9
770 819 59 3
770 1024 29 3
770 1056 28 9
770 1146 10 3
770 1258 29 15
771 937 39 9
772 803 51 3
772 1034 1 6
772 1165 11 9
772 1282 33 10
773 1309 4 10
774 1014 14 2
775 870 4 12
775 1265 55 15
776 1265 2 6
777 1243 27 13
778 833 17 10
778 939 55 11
779 893 34 15
779 1012 55 10
779 1064 7 6
780 884 36 13
780 1157 34 8
781 993 7 14
781 1013 19 13
781 1142 48 11
782 1020 46 2
782 1129 59 8
782 1247 40 13
783 789 24 10
783 854 28 2
783 1117 7 11
783 1282 55 15
784 1051 45 6
784 1106 6 4
785 1078 2 2
786 1086 35 14
787 892 4 15
787 1083 25 6
789 911 7 13
789 1084 34 4
789 1092 31 7
790 1049 49 4
790 1230 47 7
790 1259 57 8
790 1277 23 4
791 877 22 9
791 1285 37 13
792 1208 20 11
792 1216 25 14
793 1034 13 8
793 1194 31 3
794 812 15 5
794 991 47 4
794 1226 15 1
795 965 50 15
796 862 41 3
796 893 31 1
796 908 54 13
796 1071 23 15
797 1140 4 5
797 1234 2 2
798 839 41 12
798 1044 40 5
798 1064 30 6
798 1142 60 3
798 1198 45 5
800 822 5 8
800 1166 7 11
800 1291 59 11
801 808 43 10
801 1058 42 11
801 1308 53 3
803 921 7 13
803 964 23 12
803 1128 52 5
803 1284 54 14
804 1069 11 2
804 1189 38 13
804 1224 56 12
805 942 55 15
806 880 50 4
806 1075 22 12
806 1168 27 3
807 1019 8 10
807 1036 40 4
807 1093 51 5
807 1150 52 3
807 1206 45 12
808 895 40 14
808 989 8 14
809 874 56 10
809 929 7 10
809 949 8 10
809 1113 44 3
809 1254 46 4
810 1249 19 10
811 875 28 1
811 936 47 2
811 1100 59 2
812 909 54 4
812 1242 36 11
813 924 40 3
814 888 5 13
814 1181 6 6
817 848 34 4
817 851 32 13
818 903 46 6
818 929 59 10
818 981 51 2
818 1108 50 6
818 1138 31 4
818 1157 44 2
818 1211 33 1
819 933 34 14
819 959 14 14
819 966 7 13
819 1010 57 8
819 1180 43 1
820 895 52 8
820 1032 27 15
820 1184 45 5
820 1270 22 3
821 949 55 6
821 1104 19 11
821 1120 23 8
822 847 3 9
822 1116 1 15
822 1171 24 14
822 1204 59 7
823 939 4 4
823 980 32 14
823 1109 46 12
824 883 11 2
825 1218 36 7
825 1311 5 5
826 921 27 15
826 988 45 7
826 1079 26 4
827 1241 51 15
828 839 54 14
828 1297 16 1
830 915 43 9
830 1096 7 5
830 1114 42 15
831 936 10 4
831 1177 59 13
832 1079 18 5
832 1147 21 10
832 1229 26 15
833 957 25 4
833 1031 31 14
834 892 18 5
834 1010 5 8
834 1195 6 6
834 1211 27 3
835 973 55 2
835 1150 39 2
836 948 10 11
837 949 1 3
837 1098 21 5
837 1138 8 3
837 1287 51 6
838 1253 50 9
838 1282 28 2
838 1298 22 6
839 1176 55 3
840 883 9 1
840 1250 10 4
841 1223 13 3
842 1182 1 9
843 883 55 1
843 890 20 6
843 1004 57 4
844 931 32 8
844 1272 48 15
845 879 3 10
845 881 19 2
845 1201 24 1
846 1253 31 5
846 1263 34 6
847 960 25 9
847 1033 17 4
847 1073 8 15
847 1196 12 2
848 875 59 9
848 1154 58 1
848 1239 49 14
848 1279 13 7
849 957 9 1
849 1024 16 3
849 1210 28 7
850 964 25 5
850 996 3 13
851 1062 28 1
851 1225 58 14
852 1153 42 10
852 1185 36 14
853 1060 47 6
854 885 31 11
854 1268 55 4
854 1292 29 6
856 1067 20 13
857 944 31 8
857 1063 34 3
857 1213 34 14
857 1221 14 8
858 1074 2 1
858 1109 3 10
858 1233 2 11
859 1067 33 6
860 883 53 8
861 984 26 7
861 1035 18 3
861 1211 27 9
862 879 4 6
862 1014 46 1
863 937 10 4
863 1109 18 14
864 1130 3 5
864 1298 59 8
865 990 19 7
865 1020 60 6
865 1150 35 6
866 1132 57 12
868 919 48 2
868 970 27 14
868 1030 47 10
868 1157 32 2
869 902 25 14
869 1156 56 2
870 951 57 12
870 1047 30 9
871 879 55 9
871 1009 24 5
871 1256 8 3
873 1049 31 11
874 990 2 9
874 1212 51 1
874 1222 25 13
874 1286 37 10
875 1107 60 4
875 1247 5 9
876 1175 46 9
876 1230 17 10
877 1168 28 8
879 993 11 5
880 928 58 7
880 1215 40 12
881 907 17 4
881 937 25 3
881 1026 55 8
882 1039 34 7
882 1097 33 6
882 1119 1 10
883 989 39 9
884 992 13 3
886 1137 26 10
886 1243 40 1
887 1029 14 11
887 1100 49 12
888 949 30 11
888 1215 38 14
889 1207 58 9
890 997 7 9
890 1128 46 5
890 1151 12 13
890 1245 45 1
891 1197 28 10
891 1275 14 11
894 1103 32 10
894 1104 41 5
894 1279 5 14
895 1267 25 11
896 1011 14 1
896 1117 49 10
897 983 22 6
897 1050 11 6
897 1259 38 6
898 931 51 13
898 951 7 2
898 1213 44 4
898 1215 12 11
898 1308 32 9
899 922 60 15
900 1138 2 1
901 907 34 4
901 916 21 14
901 1064 29 2
901 1278 60 4
902 949 29 4
902 1148 43 7
902 1224 52 3
902 1291 30 2
903 1015 54 7
903 1302 6 4
904 1143 28 4
904 1189 54 5
905 988 60 8
906 1062 55 2
906 1068 3 7
908 958 39 2
908 1151 52 5
908 1165 30 5
908 1320 26 6
909 1003 7 7
909 1185 31 8
910 964 3 9
910 1192 13 12
911 962 30 9
912 1066 22 11
912 1236 49 9
912 1261 54 12
913 1079 12 14
915 1090 51 12
917 1199 37 10
918 945 12 9
918 1221 6 7
918 1295 34 15
919 1013 54 1
919 1223 32 6
920 1207 40 2
922 1116 22 1
923 966 45 4
923 1147 8 11
923 1255 37 10
924 1193 5 15
925 1232 5 11
925 1277 10 3
925 1294 2 1
925 1305 55 10
926 1281 14 4
927 986 8 13
927 1023 2 1
928 949 25 7
928 1320 1 5
929 1115 35 2
929 1176 36 3
929 1277 57 1
931 968 41 4
931 970 32 11
931 1139 34 11
932 1000 37 8
932 1257 39 8
932 1269 56 3
933 1008 55 4
933 1235 25 14
934 1054 13 7
934 1225 23 14
935 951 6 6
935 963 46 12
935 1124 29 5
936 966 41 2
936 1232 7 9
937 1142 46 2
938 1042 35 3
939 1100 11 7
940 1217 39 15
941 1115 40 14
941 1146 34 9
941 1155 22 3
942 984 53 6
943 964 27 15
943 1251 2 11
945 1079 57 11
945 1241 29 5
946 1014 3 4
946 1065 19 1
947 1201 5 11
947 1227 49 2
947 1290 16 5
949 1162 42 1
949 1250 60 7
949 1289 4 8
950 1005 18 15
950 1010 51 15
950 1307 36 12
952 990 56 2
953 961 60 14
953 1006 23 6
954 1208 43 4
955 956 29 10
955 1084 57 6
955 1257 8 11
955 1273 23 14
956 958 32 8
956 1063 5 1
958 1290 24 7
960 1047 24 11
960 1165 36 9
961 1139 3 4
962 968 25 13
962 994 19 13
962 1286 4 12
963 996 3 10
963 999 22 7
963 1138 57 3
964 1176 36 4
964 1204 29 12
964 1230 54 9
965 1188 15 10
965 1278 36 4
965 1286 7 7
966 1131 36 13
966 1267 25 13
967 1077 46 5
967 1160 22 12
967 1264 27 11
968 1290 6 10
969 1178 58 9
971 1071 13 7
971 1243 32 9
972 1018 2 14
972 1245 51 15
972 1298 3 10
973 1223 13 9
974 1099 31 3
974 1164 30 12
975 1087 24 1
975 1195 8 14
975 1235 11 7
975 1307 46 9
976 997 38 14
976 1029 5 2
976 1053 28 14
976 1259 24 2
977 1158 47 14
977 1188 9 2
977 1301 45 7
978 1233 4 9
981 1036 39 5
983 1051 53 12
983 1194 35 8
984 986 1 12
984 1075 38 10
984 1193 6 3
985 1029 53 14
985 1160 46 2
986 1309 6 12
987 1028 35 5
987 1092 55 7
990 992 43 13
991 1178 52 15
992 1156 43 8
993 1055 47 9
993 1220 48 13
993 1307 44 15
994 1150 9 7
995 997 50 3
995 1177 55 6
995 1197 8 9
995 1247 39 6
997 1144 29 7
997 1228 3 1
997 1301 41 5
998 1138 2 12
998 1190 2 1
998 1254 47 7
1001 1083 58 8
1001 1116 28 9
1002 1060 24 3
1002 1139 4 4
1003 1006 14 5
1003 1055 12 4
1003 1165 17 10
1005 1165 9 7
1006 1212 28 5
1007 1046 31 10
1007 1213 56 6
1008 1083 24 8
1008 1308 40 11
1008 1313 47 10
1011 1208 50 8
1012 1051 12 7
1012 1175 7 4
1013 1147 33 6
1014 1227 35 2
1015 1095 37 10
1015 1155 49 5
1015 1162 20 5
1015 1260 11 2
1015 1261 26 1
1016 1039 11 7
1017 1299 34 6
1018 1048 51 9
1019 1212 9 1
1019 1262 15 11
1020 1240 59 14
1023 1095 54 14
1025 1265 11 7
1026 1169 2 11
1026 1194 39 3
1027 1108 12 1
1031 1086 25 14
1031 1192 58 8
1031 1271 27 13
1032 1119 30 9
1035 1107 53 12
1035 1152 26 1
1036 1216 52 6
1037 1136 20 13
1037 1273 47 1
1038 1108 29 13
1038 1123 48 3
1038 1263 16 2
1038 1309 48 11
1039 1137 43 1
1040 1130 23 8
1040 1213 58 10
1041 1137 46 1
1041 1284 55 9
1044 1191 10 7
1045 1300 52 4
1047 1197 43 6
1047 1250 22 11
1048 1301 60 11
1049 1085 23 1
1049 1205 56 12
1049 1280 11 14
1050 1091 6 11
1050 1210 25 5
1051 1246 53 10
1052 1272 38 6
1053 1093 30 11
1053 1100 60 9
1053 1271 19 14
1054 1153 27 12
1054 1307 31 12
1055 1057 44 10
1055 1206 34 10
1055 1310 3 11
1056 1276 19 1
1057 1188 47 4
1057 1209 49 4
1058 1208 49 15
1058 1316 38 7
1059 1111 54 11
1059 1182 22 7
1060 1174 15 12
1061 1187 50 11
1061 1272 41 15
1062 1319 36 1
1066 1274 37 8
1067 1153 3 5
1068 1170 17 9
1068 1188 17 14
1069 1239 45 15
1071 1164 23 8
1071 1229 58 11
1071 1238 37 2
1071 1311 14 9
1072 1157 41 2
1072 1272 9 7
1074 1077 22 9
1074 1109 11 6
1075 1143 20 2
1076 1275 35 2
1078 1145 5 2
1078 1225 9 8
1079 1112 36 6
1079 1183 3 13
1080 1111 17 6
1081 1137 9 7
1081 1174 35 11
1081 1200 14 15
1081 1223 52 9
1081 1298 58 10
1081 1304 9 14
1084 1159 1 15
1085 1155 26 4
1085 1162 51 15
1086 1168 60 12
1087 1129 18 7
1087 1298 51 5
1088 1181 12 13
1089 1124 28 8
1089 1169 19 4
1090 1128 59 1
1092 1171 18 11
1092 1310 26 14
1093 1223 24 10
1093 1227 21 9
1093 1228 18 13
1094 1130 38 10
1094 1161 5 10
1095 1300 37 6
1096 1150 36 11
1096 1155 40 13
1096 1300 37 15
1097 1114 31 1
1097 1120 38 11
1097 1156 14 10
1097 1261 48 2
1098 1166 52 1
1099 1225 27 11
1099 1269 39 9
1101 1297 12 6
1102 1159 41 6
1103 1117 33 11
1103 1170 39 15
1104 1289 30 11
1104 1316 38 11
1106 1163 28 6
1107 1211 37 2
1108 1203 60 3
1110 1137 22 5
1111 1198 51 3
1116 1300 5 6
1117 1134 48 4
1119 1122 24 1
1119 1267 13 10
1120 1172 34 2
1121 1182 38 14
1122 1178 3 1
1122 1221 16 14
1123 1237 34 3
1123 1280 55 7
1123 1288 56 7
1125 1170 26 1
1125 1208 59 4
1126 1268 51 3
1127 1152 5 4
1128 1283 22 5
1129 1137 11 12
1131 1160 59 1
1131 1186 19 15
1132 1225 41 13
1136 1289 10 5
1139 1198 55 12
1142 1226 47 5
1142 1261 16 9
1142 1311 14 1
1143 1255 28 12
1146 1228 52 5
1149 1256 4 13
1151 1165 16 2
1152 1264 1 9
1154 1221 55 9
1154 1280 38 2
1155 1220 33 3
1157 1197 34 1
1160 1285 52 8
1161 1197 35 13
1161 1297 8 6
1164 1249 58 10
1164 1255 57 7
1165 1305 57 2
1166 1250 44 6
1167 1302 17 10
1169 1238 27 3
1169 1243 38 14
1170 1241 13 14
1170 1280 25 14
1174 1189 52 1
1175 1310 7 3
1175 1313 25 3
1176 1235 5 14
1177 1302 32 1
1178 1230 47 11
1179 1224 13 14
1179 1263 42 12
1180 1248 57 1
1184 1187 26 7
1185 1276 23 11
1186 1207 53 5
1186 1300 12 7
1187 1317 5 11
1188 1300 38 12
1189 1250 49 11
1189 1265 43 4
1192 1224 23 7
1193 1209 47 4
1194 1247 39 3
1197 1205 23 14
1197 1293 3 13
1202 1219 28 6
1202 1315 59 2
1203 1281 5 4
1205 1242 15 5
1205 1308 12 9
1206 1246 44 3
1206 1297 13 7
1209 1304 34 4
1212 1313 59 12
1213 1304 23 15
1214 1263 4 1
1217 1268 19 3
1219 1290 56 13
1221 1278 47 12
1221 1287 3 15
1222 1235 47 9
1223 1227 35 6
1226 1255 6 6
1230 1253 36 12
1231 1250 41 13
1232 1275 11 11
1232 1277 9 7
1237 1254 11 3
1237 1313 38 7
1240 1243 44 7
1240 1247 16 2
1243 1262 4 13
1244 1302 60 14
1245 1272 20 5
1245 1278 35 4
1251 1270 36 3
1256 1309 22 3
1257 1279 51 8
1257 1319 45 11
1266 1318 14 6
1268 1310 42 9
1270 1287 1 6
1271 1288 3 14
1274 1292 15 15
1289 1320 52 9
1318 1319 12 2

0 16 28
1 22 22
2 39 49
3 41 12
4 56 17
5 57 31
6 67 47
7 69 35
8 76 4
9 100 49
10 123 2
11 153 18
12 159 41
13 168 21
14 184 42
15 186 12
16 192 31
17 201 49
18 224 32
19 236 15
20 276 23
21 303 10
22 312 33
23 330 2
24 342 44
25 343 19
26 344 48
27 353 30
28 357 6
29 360 4
30 379 3
31 385 14
32 388 30
33 401 40
34 413 19
35 440 49
36 450 44
37 452 20
38 460 15
39 468 46
40 479 34
41 483 35
42 515 14
43 528 43
44 532 50
45 534 19
46 556 19
47 558 13
48 563 21
49 581 49
50 607 4
51 608 48
52 613 39
53 616 33
54 620 25
55 622 40
56 640 26
57 644 43
58 646 7
59 669 8
60 670 28
61 673 17
62 679 36
63 685 38
64 693 48
65 701 29
66 706 3
67 711 39
68 717 3
69 720 26
70 727 36
71 731 33
72 734 20
73 743 27
74 774 23
75 785 10
76 791 9
77 817 48
78 825 5
79 827 41
80 845 41
81 855 48
82 861 9
83 869 50
84 893 25
85 900 30
86 907 42
87 918 25
88 920 12
89 927 46
90 941 35
91 954 40
92 963 46
93 974 33
94 992 48
95 1000 5
96 1006 39
97 1008 2
98 1019 14
99 1029 2
100 1031 50
101 1033 29
102 1048 34
103 1057 48
104 1060 5
105 1064 26
106 1071 35
107 1087 10
108 1105 19
109 1110 17
110 1114 35
111 1138 44
112 1142 24
113 1159 16
114 1182 9
115 1192 38
116 1194 49
117 1203 47
118 1207 47
119 1212 31
120 1224 44
121 1229 46
122 1231 21
123 1241 45
124 1248 3
125 1251 20
126 1257 34
127 1265 13
128 1276 32
129 1277 25
130 1284 27
131 1307 34
