743 2224 74 7

0 30 549
1 60 1034
2 90 1461
3 120 1833
4 150 2157
5 180 2437
6 210 2676

0 4954
1 5458
2 4885
3 4141
4 4290
5 4005
6 4602
7 2754
8 4312
9 4655
10 4113
11 4429
12 5625
13 6415
14 4369
15 4856
16 4297
17 4357
18 4322
19 4434
20 4905
21 5393
22 4778
23 6247
24 2780
25 4828
26 5840
27 5783
28 4307
29 3288
30 4711
31 4063
32 3963
33 4843
34 5203
35 5935
36 5323
37 4352
38 5691
39 4785
40 2344
41 3711
42 4389
43 4669
44 4656
45 3856
46 3808
47 4597
48 5729
49 4154
50 4515
51 5116
52 4923
53 3767
54 5542
55 4635
56 4013
57 4960
58 5121
59 4939
60 6195
61 3880
62 4183
63 3794
64 4547
65 3978
66 5225
67 3944
68 5663
69 3989
70 5756
71 4112
72 4097
73 4526
74 4419
75 5298
76 4350
77 4871
78 5308
79 2859
80 4415
81 4777
82 4834
83 4955
84 3695
85 4198
86 3001
87 3541
88 3704
89 5925
90 4442
91 4804
92 3894
93 4560
94 3996
95 3362
96 5480
97 5017
98 4552
99 5451
100 4365
101 5313
102 4540
103 5030
104 5370
105 4014
106 2944
107 4364
108 4741
109 3419
110 4976
111 3612
112 3690
113 3694
114 6100
115 5926
116 4376
117 3672
118 4044
119 4158
120 3384
121 4881
122 5153
123 5398
124 3563
125 4270
126 5226
127 3137
128 4512
129 3351
130 4942
131 3669
132 3469
133 4878
134 5380
135 5412
136 4167
137 5290
138 4319
139 4074
140 5113
141 5388
142 4194
143 5530
144 4356
145 4027
146 4051
147 5180
148 4682
149 4113
150 4811
151 7268
152 4462
153 5792
154 3845
155 5245
156 4766
157 4989
158 3036
159 4074
160 5473
161 4995
162 5818
163 3099
164 5044
165 3593
166 3999
167 4967
168 2671
169 3860
170 4090
171 3993
172 4472
173 6397
174 4262
175 4329
176 4881
177 6272
178 5287
179 4413
180 3775
181 4666
182 3689
183 4389
184 4473
185 5578
186 6086
187 4931
188 5644
189 5050
190 3846
191 4626
192 2647
193 3900
194 4907
195 4006
196 4595
197 5111
198 3774
199 3189
200 5162
201 3165
202 5657
203 4443
204 4664
205 3352
206 3557
207 5061
208 4769
209 3927
210 5755
211 5139
212 4058
213 4122
214 4208
215 6779
216 3441
217 4671
218 5056
219 3372
220 3446
221 4755
222 4928
223 5465
224 4657
225 6462
226 3658
227 3970
228 5066
229 5182
230 3780
231 4573
232 4904
233 5038
234 5342
235 5614
236 4711
237 3695
238 4788
239 3324
240 3051
241 3151
242 4102
243 5842
244 5159
245 3693
246 4559
247 4900
248 4247
249 4862
250 5564
251 4458
252 4544
253 4053
254 3547
255 4974
256 4551
257 5362
258 4880
259 4634
260 5916
261 2710
262 5188
263 3617
264 5618
265 4435
266 5134
267 5501
268 4733
269 5221
270 2344
271 4848
272 5925
273 4086
274 3848
275 5844
276 4927
277 4911
278 5660
279 3355
280 4145
281 4223
282 5528
283 4632
284 4701
285 4288
286 5582
287 5203
288 5428
289 4567
290 5461
291 5252
292 4553
293 4657
294 4259
295 3358
296 4540
297 4646
298 4300
299 3170
300 4972
301 5282
302 3537
303 6765
304 4714
305 3752
306 4694
307 6907
308 4848
309 3885
310 4401
311 5374
312 3974
313 5240
314 4402
315 3852
316 4554
317 4669
318 5792
319 3696
320 4331
321 4829
322 5172
323 6609
324 3659
325 4175
326 3970
327 3773
328 4591
329 4478
330 4855
331 4025
332 6273
333 4586
334 5042
335 4689
336 3737
337 5048
338 4701
339 4287
340 4406
341 4686
342 3338
343 4680
344 3600
345 3160
346 5036
347 3102
348 3431
349 4792
350 4497
351 4640
352 3034
353 5276
354 4774
355 3151
356 4990
357 4506
358 5648
359 3931
360 4439
361 5355
362 2803
363 4959
364 4162
365 4309
366 4386
367 4580
368 4814
369 4651
370 6054
371 5576
372 5232
373 6582
374 4197
375 5227
376 5129
377 5098
378 5229
379 5154
380 4332
381 4030
382 4453
383 5026
384 4145
385 3952
386 3782
387 5097
388 4658
389 4374
390 4655
391 3887
392 4494
393 3683
394 5630
395 5081
396 4653
397 5774
398 5454
399 3424
400 4868
401 3457
402 5774
403 5593
404 4210
405 5375
406 3409
407 4136
408 4533
409 4270
410 4388
411 4365
412 6363
413 4355
414 4363
415 3870
416 5988
417 4649
418 4250
419 5456
420 3947
421 5304
422 4878
423 3896
424 4343
425 4880
426 4465
427 4837
428 4654
429 5162
430 5208
431 5275
432 4746
433 2719
434 4569
435 5463
436 5536
437 3085
438 4397
439 5580
440 6400
441 5054
442 5012
443 5909
444 4867
445 4836
446 5210
447 3179
448 4254
449 4491
450 4315
451 4472
452 4216
453 4450
454 4786
455 3409
456 2950
457 5212
458 4797
459 5355
460 3181
461 4337
462 4304
463 4409
464 5557
465 5528
466 4792
467 6042
468 3577
469 4062
470 3556
471 5551
472 5646
473 4984
474 5456
475 4534
476 5389
477 4233
478 4834
479 5072
480 5439
481 5187
482 4132
483 5229
484 4811
485 4985
486 4258
487 3445
488 3954
489 4985
490 5397
491 4943
492 3511
493 4244
494 5214
495 4630
496 5248
497 4122
498 4740
499 6057
500 5746
501 3966
502 4769
503 4533
504 5051
505 3029
506 3124
507 5372
508 3078
509 4815
510 6328
511 4617
512 5384
513 5267
514 5423
515 6108
516 5404
517 4749
518 4790
519 3070
520 3235
521 5353
522 4478
523 4054
524 5563
525 5246
526 3727
527 4424
528 5573
529 4957
530 3107
531 5530
532 4062
533 4917
534 4082
535 5539
536 5280
537 4257
538 4766
539 4309
540 2624
541 2344
542 4858
543 4660
544 6129
545 3987
546 2669
547 3927
548 5496
549 3866
550 5582
551 5667
552 3528
553 3368
554 3707
555 4071
556 3249
557 5272
558 4693
559 3464
560 5298
561 5543
562 3866
563 4842
564 3526
565 4137
566 5808
567 4345
568 4084
569 4122
570 3945
571 3938
572 5536
573 6851
574 5802
575 4491
576 4784
577 4348
578 6581
579 5360
580 4103
581 3497
582 3744
583 5408
584 3456
585 5185
586 4317
587 3705
588 6321
589 4431
590 5251
591 6335
592 4194
593 5417
594 3404
595 4776
596 4346
597 5875
598 5194
599 6200
600 4881
601 4506
602 3600
603 5559
604 4097
605 5772
606 4113
607 5812
608 3526
609 6402
610 4816
611 4521
612 4292
613 4696
614 4640
615 4179
616 3962
617 4982
618 5532
619 3950
620 4668
621 4460
622 5735
623 5010
624 5936
625 4373
626 5951
627 4496
628 4312
629 4953
630 3762
631 5913
632 6011
633 4865
634 5310
635 6664
636 5533
637 4225
638 5163
639 4997
640 5095
641 6250
642 3096
643 4376
644 5673
645 4576
646 5574
647 4045
648 4775
649 5333
650 6184
651 4965
652 6201
653 5844
654 4847
655 6065
656 3664
657 3516
658 3448
659 4422
660 5465
661 4159
662 5650
663 3550
664 5359
665 3961
666 5775
667 5867
668 4041
669 4165
670 4166
671 4239
672 6775
673 4810
674 4064
675 4945
676 5849
677 5482
678 3694
679 4401
680 5513
681 5257
682 4658
683 5296
684 5226
685 5602
686 3401
687 4878
688 3861
689 4488
690 5550
691 4161
692 4025
693 4279
694 4920
695 3991
696 5782
697 6067
698 4038
699 5743
700 4693
701 3194
702 4524
703 4735
704 4178
705 4917
706 4910
707 4179
708 4617
709 3994
710 5329
711 4577
712 5087
713 5157
714 4658
715 5254
716 4957
717 5139
718 4144
719 5295
720 5782
721 4855
722 4747
723 5168
724 4354
725 5135
726 4592
727 3050
728 5148
729 3520
730 3966
731 3910
732 4705
733 3714
734 3801
735 3736
736 4662
737 4376
738 3357
739 3388
740 4423
741 5263
742 5554

0 63 13 4
0 264 56 13
0 333 6 1
0 401 22 2
1 9 21 7
1 88 34 6
1 330 15 5
1 338 50 6
1 605 1 3
1 669 49 13
1 725 33 4
2 441 15 7
2 486 35 2
2 501 25 6
2 506 42 5
2 541 2 9
2 666 41 3
3 6 19 4
3 186 25 12
3 338 53 3
3 364 35 4
3 503 47 14
3 524 38 5
4 113 1 12
4 207 54 11
4 252 11 14
4 492 14 6
4 632 37 7
4 704 19 8
4 710 55 3
5 68 54 11
5 108 16 5
5 241 23 4
5 567 5 6
5 600 60 14
5 652 3 13
6 44 16 13
6 172 1 10
6 231 38 3
6 552 32 3
6 634 52 8
6 680 12 15
6 686 39 9
6 735 2 6
7 117 45 1
7 280 23 3
7 400 52 13
7 515 17 13
7 539 16 2
7 545 23 3
7 599 41 8
7 633 4 14
7 719 49 1
8 49 50 10
8 133 3 14
8 165 34 13
8 185 46 5
8 262 21 3
8 361 12 5
8 376 8 10
8 413 27 8
8 492 38 12
8 535 35 15
8 672 21 3
8 688 20 2
9 27 51 12
9 212 32 13
9 280 43 5
9 306 38 11
9 370 10 11
9 401 16 1
9 406 27 15
9 489 36 4
9 607 42 9
9 713 1 11
10 33 14 5
10 230 15 2
10 275 6 1
10 313 50 6
10 376 7 1
10 394 27 13
10 477 8 13
10 491 3 2
10 705 5 5
11 36 47 1
11 220 13 6
11 432 47 7
11 586 34 2
11 610 17 3
12 262 53 12
12 310 9 4
12 464 47 10
12 667 8 9
13 642 34 2
14 16 11 1
14 170 57 2
14 372 24 14
14 661 11 3
15 38 5 13
15 139 16 13
15 675 59 7
16 27 9 4
16 96 8 5
16 258 5 5
16 267 52 10
16 276 14 12
16 517 35 14
16 594 7 12
16 628 1 11
16 736 18 9
17 600 7 14
17 611 14 8
17 675 39 11
17 691 1 5
18 311 39 11
18 328 57 14
18 522 31 3
18 551 39 13
18 616 25 7
18 664 43 12
18 701 22 15
19 106 32 12
19 204 13 6
19 402 2 3
19 448 60 9
19 564 4 13
19 615 20 12
19 705 47 7
20 62 49 1
20 323 13 4
20 335 54 4
20 399 37 14
20 580 29 5
20 601 11 12
21 54 48 2
21 152 39 13
21 321 55 14
21 475 46 15
21 501 14 13
21 532 3 10
22 312 32 15
22 556 35 4
22 626 32 11
22 731 59 3
23 158 5 5
23 166 38 11
23 231 52 14
23 561 20 1
24 72 39 15
24 227 13 5
24 255 12 8
24 297 34 3
24 300 51 11
24 543 42 13
24 693 6 3
25 55 14 14
25 105 18 1
25 169 43 4
25 351 18 2
25 469 5 5
25 623 15 15
26 93 38 10
26 270 41 3
26 292 21 3
26 367 20 14
26 376 49 14
26 386 21 9
26 513 12 7
26 569 56 12
26 673 6 8
26 711 42 15
26 721 54 1
26 742 23 15
27 45 1 11
27 107 40 4
27 315 55 13
27 437 27 5
27 704 12 13
27 732 45 12
27 742 36 5
28 74 57 8
28 133 39 13
28 293 24 7
28 295 54 8
28 419 55 11
28 456 27 2
29 32 49 12
29 108 13 3
29 395 58 8
29 489 4 6
29 611 48 12
30 66 51 9
30 122 33 7
30 186 39 1
30 190 34 3
30 356 5 1
30 417 33 9
30 467 28 1
30 488 41 8
30 682 49 5
31 181 12 7
31 419 60 6
31 517 24 4
31 526 3 5
31 733 60 2
32 205 27 9
32 213 1 12
32 214 40 7
32 223 7 6
32 301 8 4
32 345 55 4
32 628 59 4
33 109 9 12
33 353 48 2
33 446 15 8
33 485 30 1
33 710 44 8
34 78 12 1
34 85 47 14
34 204 40 4
34 265 48 15
34 522 20 13
34 529 10 9
34 657 15 11
34 696 6 5
35 42 60 5
35 53 13 10
35 79 39 15
35 160 11 15
35 189 52 8
35 313 2 12
35 412 1 15
35 504 37 2
35 520 30 4
35 581 3 6
35 628 8 13
36 156 55 11
36 286 15 6
36 660 30 3
37 120 43 4
37 136 35 2
37 374 42 6
37 512 26 15
37 514 54 10
37 583 53 9
37 706 10 9
38 287 53 1
38 483 18 5
38 552 8 14
39 49 34 15
39 184 31 1
39 221 18 12
39 336 6 10
39 458 32 15
39 629 18 10
39 685 17 13
39 703 51 13
39 732 47 1
40 64 28 5
40 191 21 14
40 196 56 10
40 199 33 8
40 692 8 1
41 62 13 8
41 136 24 15
41 325 39 14
41 473 60 5
41 502 36 8
42 46 52 9
42 75 21 12
42 143 27 13
42 216 37 9
42 599 37 4
42 628 30 5
42 689 30 5
42 741 3 11
43 124 38 10
43 224 24 3
43 280 23 10
43 440 60 12
43 624 4 1
44 155 33 6
44 320 19 1
44 658 38 10
45 449 50 15
45 601 56 11
46 197 35 13
46 214 59 14
46 238 36 3
46 473 3 9
46 559 23 12
46 677 44 15
46 723 55 6
47 98 51 6
47 101 29 13
47 310 26 15
48 92 26 8
48 144 4 1
48 305 16 4
48 336 37 9
48 566 19 2
49 119 15 4
49 233 28 15
49 323 57 2
49 460 10 1
49 644 30 12
49 695 39 14
50 142 50 9
50 143 8 14
50 153 36 10
50 159 16 15
50 245 55 14
50 509 45 5
50 630 57 10
50 644 3 11
51 234 13 8
51 290 55 6
51 318 46 7
51 327 7 7
51 404 2 4
51 482 29 11
52 293 48 7
52 298 24 6
52 459 35 6
52 492 19 6
52 551 56 11
53 82 25 12
53 154 40 10
53 323 8 14
53 685 22 13
54 426 40 5
54 431 28 9
54 615 29 10
55 150 3 4
55 298 59 6
55 349 25 2
55 724 44 3
56 57 7 6
56 208 38 6
56 210 35 12
56 640 53 8
57 110 58 9
57 142 24 13
57 370 40 14
57 385 45 8
57 520 12 14
57 523 38 14
57 664 24 6
57 703 3 2
57 728 24 4
58 238 43 5
58 316 33 15
58 469 42 9
58 646 13 11
58 717 23 2
58 742 33 4
59 92 39 4
59 467 47 12
59 565 36 15
59 642 6 1
60 119 51 14
60 498 20 9
60 525 19 2
61 149 14 11
61 231 42 6
61 296 17 11
61 380 52 3
61 430 35 13
62 98 35 5
62 135 33 5
62 332 50 14
62 379 55 6
63 457 35 11
63 526 17 8
64 95 15 10
64 240 15 4
64 487 59 12
64 643 36 11
65 94 28 7
65 111 15 13
65 195 52 15
65 282 50 4
65 419 34 9
65 482 38 5
66 138 54 2
66 606 60 7
66 625 12 2
66 645 39 13
66 672 58 13
67 240 55 7
67 283 1 4
67 339 2 1
68 82 9 9
68 130 48 13
68 277 29 11
68 425 27 8
69 130 15 3
69 220 18 11
69 333 37 15
69 350 47 5
69 612 27 12
69 681 28 9
70 82 58 5
70 190 56 12
70 272 46 8
70 465 17 2
70 514 5 10
70 567 31 3
70 709 11 3
71 102 43 13
71 387 38 12
71 442 46 2
71 520 51 15
71 616 29 1
72 289 56 12
72 447 55 1
72 505 15 1
72 621 20 10
73 184 49 8
73 239 21 12
73 252 34 8
73 261 28 10
73 266 44 3
73 270 4 2
73 458 2 1
73 711 4 7
73 715 54 1
74 359 22 15
74 600 57 10
75 346 15 9
75 398 30 2
75 445 33 9
75 479 7 10
75 584 38 14
75 675 12 15
76 351 39 12
76 604 28 9
76 697 55 6
76 720 17 2
77 94 15 7
77 402 17 7
77 519 14 15
77 582 42 3
78 120 18 1
78 125 21 11
78 173 60 13
78 303 18 11
78 334 33 9
78 399 24 15
78 484 27 1
78 578 39 6
78 626 1 5
78 710 51 6
80 135 36 11
80 171 58 4
80 242 59 8
80 690 25 14
81 126 16 11
81 164 58 14
81 368 56 3
81 387 17 2
81 412 56 13
81 414 44 2
81 646 51 14
82 178 17 14
82 188 37 2
82 497 56 9
82 627 1 5
82 652 34 3
83 151 54 3
83 168 54 11
83 312 33 14
83 565 23 2
84 127 59 5
84 160 1 15
84 380 9 13
84 485 46 15
84 731 34 14
85 265 26 10
85 328 30 4
85 518 38 13
85 705 2 6
85 737 18 12
86 96 36 3
86 116 54 1
86 157 21 1
86 444 14 2
86 576 36 8
86 651 48 9
87 213 23 8
87 237 12 14
87 291 11 10
87 523 11 12
87 549 13 5
87 626 20 15
87 662 49 14
88 102 22 1
88 187 37 2
88 530 2 7
89 232 43 13
89 301 40 13
89 363 15 13
89 371 31 5
89 445 42 6
89 527 51 11
89 672 18 3
89 740 33 8
90 217 7 11
90 264 24 7
90 399 28 2
90 434 33 12
90 580 29 1
90 718 11 8
91 141 20 15
91 435 54 6
91 576 40 8
91 661 58 4
91 685 8 8
92 123 3 10
92 246 18 3
92 585 10 7
92 739 46 15
93 118 47 12
93 154 19 5
93 328 15 3
93 354 31 5
93 380 27 2
93 533 56 12
93 631 42 14
93 645 51 8
94 104 47 2
94 318 43 15
94 531 14 10
95 189 55 8
95 362 27 8
95 554 14 3
95 586 57 13
95 722 48 4
96 114 5 13
96 567 60 1
97 119 43 2
97 135 60 2
97 210 31 15
97 312 19 7
97 379 14 14
97 540 32 9
97 688 23 6
98 152 54 9
98 297 47 11
98 306 41 12
98 357 5 2
98 490 15 1
98 583 53 5
98 641 4 2
99 342 30 2
99 519 16 11
99 551 21 3
99 737 9 3
100 101 59 3
100 207 55 15
100 406 28 11
100 417 19 13
100 449 60 4
101 106 6 11
101 191 20 15
101 304 2 4
101 463 41 9
101 519 57 13
101 715 4 3
102 312 48 8
102 332 13 3
102 471 24 15
102 510 39 15
102 588 2 7
102 618 24 2
102 634 29 15
103 137 43 10
103 151 28 8
103 188 42 8
103 311 12 14
103 326 28 3
103 335 7 14
103 355 33 1
103 442 4 14
103 621 30 15
104 270 7 15
104 286 29 7
104 571 50 7
105 106 47 5
105 239 41 3
105 244 2 4
105 417 6 5
105 426 38 4
105 449 48 6
105 555 26 11
105 566 42 1
106 200 31 2
106 293 5 4
106 304 4 1
106 564 24 3
106 726 57 9
106 727 54 12
107 301 7 6
108 239 24 14
108 306 33 1
108 359 36 12
108 376 57 8
108 396 11 1
108 661 9 14
109 249 41 1
109 292 53 5
109 327 28 4
109 575 55 9
109 644 42 9
109 677 59 3
110 211 41 3
110 542 53 10
110 632 51 12
110 689 60 3
111 182 16 10
111 281 7 12
111 595 51 2
111 626 35 9
112 223 25 8
112 415 25 7
112 563 8 5
112 656 12 1
113 568 4 9
113 591 34 15
113 625 17 8
113 673 51 15
113 726 25 7
114 180 4 1
114 288 13 11
114 325 25 13
115 125 3 15
115 224 12 4
115 290 8 7
115 456 26 15
115 642 51 6
116 295 56 13
116 343 36 13
116 356 50 9
116 385 52 13
116 550 50 10
116 591 6 1
116 604 29 6
116 715 22 14
117 269 36 3
117 474 39 2
117 503 33 15
117 599 34 9
117 625 12 5
118 217 23 12
118 660 28 13
118 711 47 2
119 206 41 5
119 628 43 3
119 638 25 13
120 214 52 4
120 506 28 1
120 569 45 7
120 604 10 9
120 614 38 13
120 617 14 12
120 685 22 3
120 711 11 7
121 268 52 13
121 390 24 4
121 410 10 5
121 483 43 3
121 493 39 11
122 302 25 8
122 354 3 9
122 669 28 12
122 738 31 8
123 185 60 2
123 335 54 7
123 498 32 13
123 605 48 15
124 406 43 9
124 526 13 3
124 602 60 9
124 647 12 10
125 142 19 14
125 177 35 7
125 220 11 6
125 291 5 14
125 407 44 13
125 581 49 10
125 707 42 13
126 212 16 1
126 305 58 3
127 494 45 15
127 661 32 5
128 156 55 10
128 205 28 8
128 289 32 8
128 310 57 4
128 340 35 9
128 412 39 15
128 450 15 7
128 658 42 9
129 280 9 8
129 428 6 5
129 628 46 3
130 213 48 2
130 467 9 6
130 678 15 1
130 691 47 9
130 702 59 12
131 155 21 10
131 355 41 3
131 503 60 9
132 217 52 7
132 388 30 1
132 389 47 14
132 453 5 10
132 619 32 3
132 630 35 13
132 715 49 4
133 169 20 3
133 254 51 10
133 398 21 13
134 160 49 10
134 622 31 15
134 672 9 14
134 739 22 4
135 366 33 8
135 530 42 13
135 571 9 13
135 603 22 12
135 649 56 6
136 209 56 8
136 217 52 2
136 414 46 9
136 474 30 8
136 634 46 12
136 724 10 7
137 252 48 8
137 320 57 7
137 375 10 8
137 494 55 13
137 531 11 7
138 207 60 5
138 254 29 15
138 338 3 5
138 349 21 12
138 363 3 5
138 391 5 5
138 409 25 5
138 570 33 14
139 161 56 6
139 219 50 11
139 290 27 10
139 307 45 10
139 347 58 1
139 351 6 15
139 493 50 2
140 159 38 11
140 220 10 3
140 278 5 14
140 317 9 6
140 367 39 10
140 499 21 13
140 592 14 12
141 321 12 12
141 512 58 11
141 531 42 4
141 537 4 1
141 621 59 14
141 630 19 14
141 637 4 12
142 399 44 2
142 444 21 11
142 447 28 11
143 247 50 12
143 462 58 10
143 475 5 10
143 516 26 8
143 522 41 1
144 354 37 3
144 369 13 10
144 418 35 6
144 574 8 7
144 692 15 5
145 292 31 11
146 163 25 7
146 407 6 2
146 450 42 9
146 493 59 10
146 525 56 15
146 596 27 8
147 296 1 7
147 379 6 9
147 736 49 10
148 150 2 2
148 304 50 13
148 400 55 11
148 593 1 6
149 216 20 11
149 377 52 3
149 483 5 5
149 598 44 15
149 647 30 2
149 718 6 9
150 207 4 9
150 256 53 10
150 533 21 4
150 569 24 10
150 657 42 3
150 706 25 5
150 719 21 11
151 179 46 2
151 450 12 10
152 210 54 7
152 431 44 6
152 698 36 10
153 156 48 4
153 357 36 5
153 410 21 8
153 493 23 5
153 626 6 15
154 238 30 10
154 527 53 13
155 385 24 3
155 676 51 2
155 724 46 10
156 163 24 14
156 280 28 13
156 298 48 5
156 525 49 15
156 617 29 4
157 171 28 11
157 322 44 2
157 387 9 7
157 410 46 15
157 456 38 3
157 546 1 9
157 586 59 12
158 287 24 5
158 345 12 8
158 529 28 5
158 717 4 13
159 243 52 13
159 298 6 7
159 371 8 2
160 395 36 14
160 413 7 14
160 496 20 9
160 520 4 8
160 614 12 3
160 698 25 10
160 719 40 8
161 365 19 12
161 634 60 12
162 320 7 15
162 378 40 15
162 403 3 14
162 410 21 12
163 212 41 8
163 223 35 4
163 299 36 9
163 384 48 6
163 439 56 3
163 481 19 6
164 635 59 14
165 436 1 13
165 600 13 6
165 695 9 9
165 725 55 5
165 733 18 10
166 460 53 6
166 512 23 4
166 534 33 8
166 556 28 1
166 631 53 1
166 652 19 4
166 668 11 11
167 353 8 4
167 518 5 15
167 699 31 9
167 717 30 13
168 212 30 10
168 258 51 2
168 316 11 6
168 384 22 7
168 435 40 14
168 561 43 15
168 717 37 3
169 185 52 5
170 172 7 14
170 178 3 8
170 663 36 9
171 215 10 10
171 284 32 1
171 462 26 10
171 684 39 1
172 305 12 1
172 532 39 13
172 608 58 15
172 674 33 12
172 676 33 7
173 176 3 11
173 486 60 2
173 665 31 13
173 691 16 2
173 702 20 8
174 439 29 5
174 449 40 4
174 594 2 14
174 602 18 4
174 631 9 3
174 640 6 15
174 679 19 8
174 702 43 15
175 217 11 11
175 617 4 11
175 720 5 12
175 735 8 15
176 317 58 9
176 358 60 3
176 412 39 10
176 453 9 1
176 503 25 2
177 366 35 8
177 412 48 9
177 730 19 10
177 742 3 3
178 348 50 2
178 487 50 6
178 564 31 12
179 209 56 3
179 273 45 2
179 650 58 1
179 652 27 10
179 717 40 13
180 186 20 4
180 424 17 15
180 465 2 5
180 490 30 4
180 492 17 11
181 290 55 8
181 323 4 12
181 584 25 14
181 616 56 12
181 631 34 4
181 669 55 9
181 726 18 11
181 732 28 15
182 281 32 4
182 290 43 1
182 380 34 9
182 401 54 10
183 500 20 1
183 541 21 13
183 617 1 13
184 256 58 15
184 404 7 8
184 428 11 1
184 634 48 9
185 484 31 4
185 503 25 12
185 549 24 3
185 680 25 3
185 737 5 15
186 363 30 9
186 409 5 5
186 497 46 2
186 558 2 3
186 645 32 3
186 693 16 7
186 739 35 14
187 200 26 8
187 231 33 13
187 342 28 12
187 441 31 3
187 674 36 10
187 724 40 13
188 220 6 5
188 284 39 11
188 470 11 8
188 608 44 15
189 414 11 8
189 666 45 1
190 646 52 7
190 729 22 2
191 423 11 8
191 550 26 15
191 590 56 1
191 634 4 12
191 697 51 1
191 729 5 7
192 321 2 14
192 467 4 3
192 598 51 1
192 730 18 4
193 295 21 14
193 409 31 2
193 460 55 4
193 533 24 8
193 644 55 9
194 332 15 11
194 395 47 2
194 430 16 7
194 489 14 9
194 667 8 4
194 675 24 5
195 281 21 6
195 290 54 12
195 382 10 11
195 390 58 10
195 527 24 12
195 583 7 13
195 732 46 8
196 242 32 13
196 354 14 1
196 383 3 11
196 488 54 11
196 630 43 9
197 412 45 7
197 425 23 13
197 450 49 3
197 507 48 10
197 536 54 14
198 309 31 2
198 644 49 3
198 737 44 1
199 227 48 11
199 385 10 12
199 428 14 12
199 445 30 11
199 636 36 11
200 253 56 1
200 466 57 12
200 518 28 11
200 555 3 13
200 571 34 14
200 601 37 8
201 284 33 11
201 371 51 2
201 406 18 14
202 302 45 3
202 511 5 15
202 535 4 14
202 546 24 4
203 220 53 5
203 419 34 13
203 567 46 14
203 682 42 13
204 245 21 2
204 433 57 9
204 495 17 14
204 501 53 1
205 301 55 15
205 307 16 1
205 450 4 13
205 621 14 15
205 686 22 9
205 718 25 2
206 307 25 1
206 313 22 8
206 404 39 9
206 415 8 14
206 438 34 10
206 497 11 7
206 567 39 4
207 273 14 13
207 380 5 4
207 413 59 5
207 583 56 11
208 339 19 11
209 231 55 3
209 255 57 8
209 315 58 11
209 458 58 1
210 447 47 8
210 575 55 5
210 606 5 7
210 665 13 7
211 351 29 9
211 396 49 13
211 535 2 11
211 555 13 2
211 561 26 10
212 732 37 12
212 735 45 2
213 263 11 13
213 302 58 12
214 353 42 15
214 544 24 8
214 660 52 1
214 676 11 4
214 709 31 3
215 381 9 6
216 246 50 9
216 435 49 9
216 643 58 14
216 665 21 5
216 689 57 14
216 705 41 1
217 219 36 1
217 332 34 14
217 377 37 3
217 383 35 4
217 443 24 9
217 482 8 8
217 548 60 1
218 243 41 8
218 264 8 6
218 411 40 5
218 737 49 1
219 425 16 8
219 558 41 10
220 400 12 4
220 483 22 14
220 514 41 15
220 694 35 5
221 265 53 4
221 304 41 12
221 529 47 3
222 268 36 7
222 389 37 3
222 502 15 6
222 567 37 15
222 602 41 2
222 705 36 6
223 320 56 9
223 463 27 5
223 493 52 3
223 640 37 6
223 676 59 13
224 231 19 15
224 621 5 3
225 344 2 12
225 393 47 10
225 538 12 12
226 309 52 12
226 418 15 1
226 508 10 12
226 591 6 11
227 278 50 4
227 360 44 9
227 450 53 2
227 506 19 6
227 738 29 7
228 256 21 6
228 395 13 8
228 418 3 11
228 465 27 9
228 492 37 11
228 689 9 3
229 265 45 10
229 297 31 14
229 437 49 4
229 456 18 11
229 580 53 8
229 645 2 7
230 277 50 15
230 347 18 10
230 673 50 13
230 715 15 4
231 299 49 12
231 303 19 13
231 347 37 11
231 414 17 8
231 588 25 3
231 640 59 2
231 713 40 3
231 735 13 1
232 546 52 14
232 618 24 10
233 295 24 11
233 360 1 7
233 493 45 15
234 239 7 12
234 320 35 9
234 429 47 2
234 557 13 13
234 627 55 7
234 629 19 5
235 255 57 9
235 292 52 15
235 316 12 14
235 319 18 5
235 383 15 5
236 334 42 6
236 448 56 9
236 651 11 9
236 657 40 14
237 277 19 5
237 423 11 7
237 473 43 11
237 489 28 9
238 433 35 4
239 534 22 6
239 691 13 9
240 632 7 1
240 665 23 14
240 731 27 3
241 358 14 2
241 657 28 3
242 324 2 12
242 365 17 1
242 378 22 5
242 426 40 2
242 516 46 1
242 552 47 11
243 692 1 1
244 553 57 8
244 561 49 8
244 573 50 8
244 655 57 4
245 293 42 14
245 364 38 2
245 535 2 1
245 549 35 11
245 688 52 9
245 724 3 4
246 361 12 2
246 383 55 6
246 507 39 3
246 647 7 6
246 697 13 14
246 702 15 8
247 409 16 2
247 443 18 12
247 553 48 8
248 342 36 9
248 388 1 12
248 536 19 14
248 561 30 2
248 675 12 4
248 683 4 2
249 329 32 3
249 414 17 2
249 496 55 7
249 513 6 7
250 360 60 12
250 424 44 11
250 428 52 2
250 526 24 5
250 540 39 15
250 622 46 6
251 390 25 6
251 453 6 11
251 463 8 14
251 470 33 6
251 528 18 6
251 657 59 13
251 738 1 2
252 281 25 12
252 328 19 11
252 341 28 13
252 501 26 13
252 541 7 12
252 633 43 14
253 299 9 4
253 591 17 10
254 322 1 3
254 338 40 15
254 436 14 5
254 546 48 3
254 552 56 10
254 567 18 3
254 582 25 8
254 717 35 7
255 318 40 7
255 366 25 13
255 630 35 14
255 679 53 5
255 701 50 10
256 343 21 11
256 433 12 13
256 587 24 5
256 616 58 5
257 488 30 8
257 530 51 11
257 606 11 10
258 294 33 6
258 317 2 1
258 541 19 3
258 693 14 2
259 283 6 6
259 460 52 8
259 556 36 4
259 669 24 12
260 415 31 15
260 496 13 10
260 542 4 8
260 675 31 5
260 729 24 11
261 615 58 9
261 676 32 9
261 696 16 15
262 682 27 15
263 271 42 6
263 578 19 9
263 590 26 4
263 593 6 8
264 323 1 10
264 508 32 10
264 513 38 15
264 611 34 14
265 287 12 14
266 495 55 4
267 368 29 6
267 483 34 5
267 556 43 8
268 310 23 1
268 354 57 14
268 361 17 4
268 736 59 15
269 353 10 4
269 445 12 8
269 482 18 4
269 501 50 8
269 560 39 14
269 592 50 3
270 295 36 12
270 448 4 12
271 280 26 3
271 611 36 5
271 673 6 1
273 374 58 4
273 600 52 3
273 639 33 2
273 692 13 9
274 288 50 12
274 396 52 9
274 446 40 2
274 517 13 2
274 590 20 7
274 610 4 11
275 329 37 14
275 379 22 3
275 579 35 6
275 649 30 2
276 567 25 14
276 578 60 12
277 371 25 13
277 449 26 13
277 628 20 5
277 695 58 13
278 355 58 12
278 409 3 15
278 544 33 1
278 668 36 8
278 716 21 1
278 717 38 2
279 470 7 1
279 594 13 12
279 657 47 12
279 677 40 14
280 637 51 15
280 704 39 3
280 710 52 12
281 450 37 8
281 526 48 6
281 710 15 14
282 359 10 5
282 402 55 4
282 427 15 3
282 434 55 9
282 501 50 7
282 666 3 6
284 407 6 2
284 586 59 11
284 603 48 13
284 680 41 8
284 707 18 8
285 297 55 2
285 573 51 14
285 591 55 4
285 697 2 15
285 703 43 2
286 333 9 13
286 513 7 8
286 517 58 10
286 545 33 10
286 560 60 12
286 647 30 8
287 356 11 14
288 297 23 8
288 499 55 11
288 562 4 12
288 693 49 6
289 527 10 6
289 693 38 5
290 310 34 9
290 742 8 14
291 428 55 15
291 573 50 8
291 666 32 7
291 713 6 2
292 293 19 9
292 328 54 14
292 626 51 6
293 309 50 12
293 385 33 3
293 403 1 3
293 416 46 3
293 513 35 4
293 525 37 14
294 322 16 2
294 510 33 14
294 544 6 3
294 615 4 11
295 481 56 3
295 674 50 11
296 362 39 7
296 414 47 5
296 469 33 13
296 648 27 10
297 474 60 15
297 520 22 1
298 501 19 3
298 540 40 13
298 690 30 4
299 429 48 4
299 573 26 14
299 621 7 5
299 719 44 5
299 738 3 2
300 305 35 8
300 422 24 13
300 658 44 7
301 312 26 6
301 670 21 9
301 734 33 15
302 374 47 3
302 571 20 7
302 733 60 9
303 616 21 11
303 664 44 8
304 382 60 9
304 576 42 2
305 364 27 9
305 604 4 10
306 358 3 13
306 471 17 8
306 611 19 9
307 546 8 11
307 548 6 12
307 629 7 4
307 677 60 10
307 714 35 9
308 464 34 2
308 707 47 13
309 536 34 10
309 592 17 9
310 396 17 7
310 502 40 10
310 639 3 9
311 414 59 4
311 552 16 4
311 566 53 7
312 328 5 11
312 334 52 3
312 578 18 14
312 675 53 12
312 698 31 2
313 327 7 10
313 443 42 11
313 536 20 12
313 573 37 14
313 609 58 4
313 664 15 6
313 699 38 1
314 348 39 14
314 438 41 15
314 552 2 3
314 569 37 11
314 620 46 15
314 623 19 13
314 633 9 11
314 690 33 1
314 714 25 2
315 316 37 15
315 403 21 13
315 475 48 15
315 608 35 2
315 642 55 4
315 674 48 6
316 372 38 12
316 468 15 10
316 561 24 3
316 566 56 1
316 621 48 6
316 661 49 7
317 370 7 3
317 394 14 9
317 507 16 8
317 609 24 3
317 717 39 3
318 531 1 4
318 647 25 9
318 718 58 10
319 373 34 14
319 401 19 4
319 438 10 6
319 481 55 12
319 560 6 5
319 613 4 11
320 421 41 11
320 499 39 7
320 562 49 15
320 704 43 2
321 382 2 10
322 504 48 9
322 543 33 6
323 434 17 13
323 504 17 13
323 592 15 1
323 735 41 9
324 534 24 8
324 589 3 6
324 635 49 5
324 674 4 4
324 691 25 4
324 717 35 15
325 398 32 7
325 536 19 15
326 538 10 4
326 551 15 11
326 603 50 7
326 612 53 11
327 485 27 9
327 697 3 4
328 329 59 8
328 467 29 5
328 489 56 3
328 604 57 12
329 443 8 13
329 484 44 1
329 643 1 7
330 491 23 7
330 510 54 10
330 660 35 13
330 734 46 5
331 506 3 11
331 606 4 7
331 662 45 3
332 449 35 11
333 335 51 15
333 383 22 2
333 396 33 15
333 460 30 12
333 506 36 1
334 419 26 14
334 570 36 5
334 599 32 5
334 617 50 12
334 627 60 9
334 726 9 13
335 356 52 4
335 569 1 11
335 682 29 1
336 389 60 7
336 603 52 5
336 677 11 13
337 369 13 9
337 403 16 12
337 532 16 8
337 571 30 9
338 534 38 14
338 603 10 3
338 616 16 15
339 366 47 9
339 431 36 7
339 635 52 8
339 647 13 10
339 685 31 12
340 473 33 13
340 632 36 7
340 641 20 13
340 708 26 7
341 387 32 7
341 434 38 13
341 498 27 11
341 592 37 8
342 344 57 7
342 500 2 10
342 531 44 12
342 652 23 10
344 353 36 5
344 469 14 10
345 461 44 9
345 523 18 14
345 526 42 11
346 371 22 1
346 500 36 7
346 530 55 11
346 674 28 12
347 506 52 10
347 651 48 9
348 587 14 3
349 448 34 2
349 559 13 10
349 706 56 15
350 358 40 10
350 388 57 10
350 500 59 8
351 397 57 13
351 414 53 15
351 488 51 2
352 361 27 12
352 367 47 15
352 431 2 14
352 616 37 6
352 618 40 9
352 693 50 14
353 503 19 12
353 688 8 3
353 707 49 10
353 720 27 5
354 360 27 1
354 380 42 14
354 390 5 3
355 360 11 1
355 376 12 13
355 535 51 6
355 572 7 2
356 367 54 2
357 466 12 8
357 724 31 4
358 385 4 9
358 552 57 2
358 686 15 5
359 378 8 9
359 421 41 7
359 496 17 13
359 597 34 9
359 719 7 5
359 729 1 5
359 734 7 14
359 738 44 12
360 642 19 6
363 650 1 1
363 676 36 11
363 677 17 14
364 669 10 9
364 707 48 10
365 532 9 1
365 672 56 14
366 481 10 4
367 407 55 13
367 500 32 11
367 525 20 9
367 532 43 2
367 542 6 4
367 572 1 11
367 612 1 3
367 648 16 2
368 578 59 13
370 552 15 14
370 603 29 3
371 426 29 15
371 437 11 4
371 505 24 13
371 525 50 14
371 587 14 1
371 623 44 14
371 703 36 9
371 740 27 4
372 423 18 8
372 563 52 6
372 678 48 13
372 707 55 7
373 519 52 14
373 686 41 12
374 428 9 1
374 675 60 11
375 386 43 1
375 475 7 14
375 551 44 5
375 571 2 13
375 590 46 8
375 602 20 10
375 603 46 4
375 674 39 3
375 729 11 12
375 734 1 4
376 650 36 8
376 695 18 2
377 404 39 2
377 573 8 3
378 404 45 6
378 441 8 12
378 461 43 1
378 656 60 12
378 734 38 7
379 559 54 10
380 424 5 15
380 463 35 12
380 607 11 13
380 613 52 15
380 652 16 7
381 560 45 1
381 575 35 13
381 576 41 7
381 620 24 13
381 627 22 10
381 667 55 7
381 701 13 11
383 446 41 9
383 457 52 8
383 622 37 5
383 635 1 11
383 685 15 13
384 480 32 1
384 493 59 9
385 607 25 8
386 445 36 4
386 478 15 10
386 594 1 11
386 626 21 2
386 725 42 3
387 430 34 14
387 511 25 2
387 576 57 5
388 443 53 3
388 697 31 12
389 555 4 3
389 653 43 3
390 425 59 8
390 716 33 9
391 696 19 6
392 544 8 6
392 657 55 3
393 513 48 11
393 595 33 15
393 650 42 15
393 696 50 1
394 456 11 13
394 618 13 15
394 697 39 2
395 523 16 12
396 414 48 10
396 577 7 11
396 611 13 8
396 693 32 15
397 687 30 4
398 400 45 8
398 496 55 7
398 639 49 12
398 658 4 5
398 704 22 15
399 724 43 13
400 651 18 8
400 675 21 2
401 638 50 6
401 698 21 11
402 578 17 6
402 679 38 12
402 704 41 4
402 717 31 5
402 720 14 12
402 727 19 9
403 447 57 5
403 527 7 10
403 665 1 3
403 684 5 2
404 550 21 7
404 577 44 13
404 616 14 2
404 646 30 14
404 694 35 13
405 421 8 13
405 432 25 4
405 442 56 9
405 564 55 13
405 656 37 5
406 413 44 1
407 723 56 12
408 471 37 14
409 434 48 4
409 548 35 14
409 582 43 4
409 614 11 7
410 590 5 15
410 591 26 8
410 649 12 7
410 690 19 15
410 724 44 6
411 536 28 12
411 578 40 8
412 430 35 9
412 535 46 13
412 572 32 15
412 573 3 3
412 661 55 1
413 428 1 9
413 432 38 6
413 735 39 14
414 493 12 6
414 625 40 8
414 646 42 1
415 602 53 1
415 618 51 2
416 676 21 12
417 715 22 12
418 516 47 14
418 596 30 4
418 609 8 6
419 714 26 13
420 584 35 8
421 733 60 8
421 737 28 9
422 490 22 7
422 525 9 5
422 567 58 7
422 643 47 8
423 530 2 4
423 594 31 11
423 659 51 8
423 671 54 8
424 631 31 7
424 655 6 10
425 446 53 1
425 598 27 9
425 691 39 2
426 525 3 11
426 630 46 6
426 686 54 1
426 706 23 8
427 540 50 2
427 561 15 6
427 706 45 4
427 714 3 10
428 470 16 6
429 434 34 13
429 462 29 9
429 522 58 3
429 549 24 7
429 576 57 3
429 583 38 2
429 667 36 3
430 498 10 15
430 667 36 14
430 672 56 13
431 726 12 11
432 578 37 5
433 592 16 3
433 623 45 7
433 726 14 6
434 436 14 10
434 488 12 3
434 678 11 12
435 735 27 12
436 506 38 9
436 600 49 3
437 573 41 12
438 443 20 4
439 444 43 9
439 452 51 13
439 485 54 13
439 543 42 7
439 604 28 7
440 543 17 3
440 549 24 14
443 512 14 5
443 725 7 9
445 467 16 1
445 524 31 7
445 563 55 7
445 604 22 10
445 629 53 2
447 512 7 13
447 582 23 7
447 593 11 12
447 624 57 2
447 708 38 7
448 584 50 13
448 632 47 14
448 662 10 12
449 500 34 2
451 515 43 3
452 456 40 12
452 728 26 14
453 724 18 6
454 562 43 7
454 595 35 14
454 611 57 10
455 461 12 10
455 487 58 13
455 601 7 15
455 617 53 10
455 695 17 9
456 523 21 5
456 727 57 15
457 461 30 10
457 571 4 8
457 666 19 10
457 737 18 3
459 577 46 4
459 635 20 4
460 489 18 1
460 543 44 13
461 505 15 2
461 553 52 8
461 679 23 5
461 681 17 15
461 698 41 1
461 728 56 12
462 581 24 15
462 704 23 5
463 611 53 9
464 628 46 9
465 525 35 13
465 537 59 8
465 647 37 5
465 709 9 6
466 528 47 15
466 552 36 1
466 721 21 15
466 724 35 2
467 477 35 14
467 555 14 5
468 582 15 2
468 602 37 4
468 645 30 4
468 727 32 15
468 738 46 13
469 650 24 11
469 663 38 5
470 641 55 7
470 672 4 15
471 491 45 15
471 601 57 13
471 615 45 3
471 658 48 13
472 492 51 4
472 714 28 6
474 555 55 11
474 624 39 3
475 690 45 10
476 517 2 9
476 613 59 14
476 615 28 9
477 640 26 6
477 670 35 11
477 686 5 12
477 697 55 13
477 715 6 14
478 562 6 12
478 622 40 3
479 496 1 4
479 554 40 1
479 619 14 7
479 662 43 8
479 742 37 11
481 495 4 8
481 583 51 11
481 668 29 6
481 717 54 12
482 495 34 9
482 720 24 1
483 636 24 3
483 641 31 13
483 710 17 13
484 729 43 14
485 488 52 13
485 544 60 8
485 579 3 11
488 545 42 9
488 649 35 1
488 733 7 13
489 700 13 5
490 537 28 9
490 557 11 10
490 566 16 12
490 619 7 6
490 629 4 6
492 500 38 15
493 539 9 5
493 550 18 13
494 595 51 14
494 675 13 3
494 739 30 15
495 621 54 3
495 740 23 11
496 509 40 10
496 727 9 2
497 613 12 6
497 628 21 14
497 633 28 6
498 560 30 5
498 663 15 8
498 664 15 14
498 688 9 11
498 699 58 12
499 694 60 8
500 563 2 11
501 670 5 6
501 693 40 2
502 646 53 2
502 707 1 9
503 538 18 15
504 606 9 14
504 716 60 9
505 628 60 11
505 655 23 14
506 510 56 4
506 646 39 12
507 545 39 10
509 531 7 1
509 572 16 9
509 601 49 3
510 576 30 5
510 609 33 7
510 658 53 10
510 662 47 3
510 683 50 5
510 731 25 4
510 735 11 9
511 593 5 15
511 619 60 13
511 634 48 11
511 738 35 5
513 737 16 3
515 560 48 15
515 656 27 7
515 738 26 6
516 713 50 14
518 610 40 8
519 561 4 12
519 735 21 2
520 680 29 15
520 710 11 6
520 721 2 11
521 525 4 4
521 591 47 10
522 608 12 4
523 701 40 4
523 726 48 2
523 728 3 4
524 551 30 5
524 591 3 12
524 714 7 7
525 561 14 5
525 567 3 15
525 684 26 13
527 685 55 3
527 696 9 8
528 609 42 5
529 536 26 14
529 639 6 12
529 671 12 1
529 740 58 8
530 593 22 10
531 626 37 5
532 541 6 15
532 564 35 9
533 571 17 7
533 699 58 4
534 640 1 15
534 679 31 13
535 545 9 15
538 572 7 14
539 584 20 10
539 668 31 6
540 659 7 8
540 695 36 10
542 591 20 4
542 633 26 14
542 664 3 12
543 552 13 5
544 628 26 8
545 673 24 7
547 580 13 10
547 597 54 15
547 738 34 5
548 595 11 1
549 652 24 10
550 651 24 15
554 555 37 2
554 571 43 5
555 558 41 7
555 656 16 2
556 591 53 2
558 677 60 4
558 717 27 13
559 605 5 1
559 629 25 5
560 621 25 8
560 698 2 1
560 717 29 8
561 617 23 12
562 735 36 1
563 651 51 2
564 589 45 8
564 656 47 2
564 742 9 15
565 575 31 15
565 599 58 14
565 634 32 6
565 677 24 10
568 668 23 15
568 676 41 2
568 730 11 10
569 597 21 4
569 677 52 7
569 707 29 9
569 733 27 8
570 622 3 15
570 708 47 11
573 648 23 3
574 634 18 2
576 591 13 12
576 721 7 14
577 594 55 1
578 707 36 11
579 738 33 11
580 623 1 2
580 659 50 6
580 679 56 3
580 688 33 3
580 697 27 2
582 659 48 2
582 699 36 7
583 653 31 2
583 659 29 11
583 705 9 13
583 741 20 9
585 619 9 14
585 651 4 11
585 687 27 14
585 708 54 1
587 680 37 7
588 662 57 12
589 673 21 9
590 622 43 12
591 631 48 9
591 639 15 10
592 604 52 2
593 687 12 5
594 729 19 8
595 668 37 2
597 696 34 5
599 694 21 9
599 718 46 13
600 611 1 9
600 629 48 12
600 668 56 15
600 733 9 11
601 640 16 11
602 690 29 2
603 613 18 7
603 634 7 4
603 692 18 1
605 718 39 14
606 618 54 12
606 621 15 4
606 654 2 3
606 656 18 6
606 657 2 1
607 608 44 10
607 709 20 13
608 722 49 14
610 667 44 6
611 631 38 14
614 623 6 3
614 694 34 14
615 652 28 13
616 702 17 12
618 719 4 6
619 683 29 13
621 677 18 14
622 663 56 11
622 742 45 12
623 720 42 8
624 655 39 8
625 653 40 3
625 679 58 2
627 719 19 5
628 652 14 3
629 697 49 12
631 701 25 12
631 727 36 6
632 665 41 2
633 728 2 7
635 725 47 5
637 641 3 13
639 712 14 13
639 730 47 4
640 658 51 14
640 710 34 3
642 665 59 3
643 651 29 3
643 693 57 11
643 708 40 1
644 689 9 13
645 725 23 3
647 675 39 3
647 728 60 8
649 685 42 12
650 708 56 11
650 717 21 7
651 689 43 10
651 699 23 4
656 731 18 2
665 718 5 15
667 707 2 10
670 701 7 1
674 677 11 8
675 697 25 8
676 697 10 5
677 723 11 2
680 722 44 1
683 725 54 8
686 692 21 8
687 691 13 15
688 739 24 12
691 710 20 6
700 725 45 2
701 721 35 15
702 709 54 4
709 721 53 3
710 735 12 8
719 729 41 2
720 731 33 6
728 729 49 7
736 741 19 3

0 9 9
1 11 7
2 12 40
3 19 30
4 26 36
5 34 26
6 36 39
7 37 5
8 39 1
9 47 47
10 52 34
11 57 14
12 60 18
13 81 15
14 91 10
15 103 35
16 137 46
17 139 12
18 165 6
19 169 29
20 174 20
21 178 48
22 183 9
23 207 27
24 208 36
25 246 37
26 251 1
27 253 25
28 255 48
29 265 18
30 280 9
31 284 27
32 285 50
33 299 35
34 300 34
35 302 34
36 305 35
37 307 26
38 340 27
39 362 39
40 389 6
41 392 24
42 403 31
43 411 37
44 424 13
45 430 38
46 451 43
47 471 12
48 485 46
49 490 49
50 536 17
51 537 2
52 544 13
53 546 23
54 577 15
55 597 39
56 602 46
57 607 37
58 613 33
59 629 6
60 650 6
61 657 3
62 669 13
63 674 28
64 698 40
65 699 47
66 702 17
67 708 35
68 714 19
69 716 8
70 729 48
71 732 45
72 737 16
73 742 28
