1290 5156 129 8

0 30 6491
1 60 13560
2 90 21243
3 120 29582
4 150 38620
5 180 48402
6 210 58976
7 240 70394

0 19113
1 19294
2 19846
3 23053
4 14701
5 26125
6 19453
7 14077
8 16505
9 16164
10 15880
11 16421
12 25337
13 21431
14 15494
15 20559
16 17922
17 21998
18 24089
19 21242
20 22388
21 22510
22 16791
23 20539
24 17712
25 19525
26 23137
27 19190
28 16955
29 16456
30 18787
31 17292
32 17432
33 12392
34 18318
35 21146
36 19938
37 13048
38 24098
39 21100
40 17936
41 18907
42 19940
43 16872
44 20446
45 20592
46 20385
47 16799
48 16806
49 13904
50 14507
51 18680
52 17683
53 17838
54 15706
55 22342
56 21267
57 25226
58 17565
59 22628
60 18442
61 17872
62 16530
63 16308
64 20981
65 15777
66 24364
67 20291
68 16417
69 23896
70 20025
71 19002
72 22983
73 15185
74 19416
75 20924
76 19874
77 24183
78 18351
79 14946
80 14253
81 12639
82 18940
83 17992
84 21957
85 18084
86 21968
87 16437
88 22845
89 22553
90 19981
91 20418
92 18763
93 21488
94 17352
95 18807
96 21453
97 21759
98 16559
99 18932
100 13883
101 19476
102 23382
103 18255
104 23311
105 18560
106 22323
107 17018
108 13985
109 17770
110 18302
111 20931
112 21320
113 19334
114 20512
115 16672
116 22895
117 20861
118 18721
119 20389
120 20652
121 17858
122 25381
123 14231
124 21130
125 18950
126 20895
127 18072
128 20036
129 25103
130 19432
131 20126
132 22360
133 16918
134 21942
135 14616
136 19703
137 25273
138 19614
139 17723
140 18183
141 27533
142 17488
143 19094
144 26123
145 14249
146 20471
147 14233
148 28023
149 20098
150 22212
151 17743
152 16756
153 20583
154 12454
155 18813
156 19470
157 18241
158 25462
159 16670
160 18315
161 18580
162 20214
163 15400
164 17098
165 19582
166 19477
167 13909
168 18405
169 18176
170 19033
171 19535
172 20119
173 17756
174 14737
175 18619
176 15499
177 18822
178 15015
179 20689
180 22056
181 16798
182 17405
183 21616
184 15376
185 13996
186 14941
187 22494
188 19122
189 19056
190 17301
191 21861
192 18869
193 16798
194 16832
195 20424
196 16594
197 17371
198 19081
199 19933
200 20904
201 22121
202 21826
203 17416
204 23410
205 17271
206 17670
207 16016
208 14559
209 21652
210 18869
211 24980
212 24633
213 16479
214 18651
215 21071
216 23319
217 11064
218 19680
219 21852
220 18561
221 18266
222 20151
223 18309
224 20454
225 19940
226 20655
227 22485
228 20767
229 20530
230 21168
231 20172
232 17287
233 21838
234 22135
235 20323
236 17690
237 21707
238 18840
239 18911
240 19210
241 16207
242 16978
243 14139
244 19309
245 20913
246 17587
247 14444
248 20294
249 20380
250 21138
251 17640
252 17782
253 9533
254 18366
255 18484
256 21754
257 13796
258 18090
259 17660
260 13897
261 21008
262 20977
263 16990
264 18033
265 15706
266 17151
267 18684
268 17642
269 18741
270 24116
271 17245
272 17352
273 23911
274 21407
275 22775
276 19335
277 16623
278 25241
279 16405
280 21481
281 18479
282 15376
283 17164
284 17927
285 23377
286 22449
287 16171
288 21240
289 21215
290 13019
291 13968
292 14921
293 14219
294 23282
295 21752
296 21920
297 23061
298 20698
299 21872
300 19955
301 16978
302 17965
303 22230
304 23491
305 16056
306 24130
307 16061
308 18024
309 15046
310 19950
311 19887
312 19623
313 16447
314 23906
315 16922
316 19010
317 19342
318 19535
319 19616
320 18322
321 21279
322 24090
323 17514
324 20392
325 20593
326 27936
327 20766
328 10600
329 15858
330 19540
331 18254
332 16314
333 20923
334 19427
335 22063
336 11548
337 24011
338 18606
339 17118
340 20437
341 16240
342 17161
343 17783
344 19926
345 14297
346 20159
347 14781
348 15408
349 21850
350 21943
351 17604
352 18868
353 17991
354 15910
355 14967
356 19823
357 24890
358 20922
359 18704
360 16667
361 20553
362 17860
363 25533
364 17976
365 20630
366 18456
367 20273
368 21112
369 17073
370 16021
371 19589
372 23745
373 16837
374 19317
375 16046
376 20683
377 22796
378 16517
379 21022
380 17847
381 13721
382 22811
383 24227
384 16314
385 20944
386 9901
387 19942
388 20482
389 22871
390 19129
391 21191
392 20386
393 17817
394 19585
395 19529
396 16211
397 18119
398 21665
399 16760
400 20016
401 14534
402 21591
403 21715
404 18124
405 14820
406 21758
407 18345
408 17010
409 17484
410 16855
411 16080
412 18522
413 23863
414 16261
415 13209
416 18987
417 20029
418 23840
419 14966
420 13990
421 20998
422 20724
423 20799
424 17327
425 21408
426 21961
427 16307
428 18980
429 14888
430 20262
431 23991
432 19318
433 21341
434 18618
435 15499
436 18770
437 20326
438 19347
439 23305
440 22253
441 21613
442 18957
443 23772
444 16485
445 11508
446 15678
447 19127
448 21921
449 23747
450 18044
451 23160
452 19356
453 18629
454 21391
455 18499
456 14977
457 15001
458 14765
459 15401
460 26838
461 19995
462 22580
463 19624
464 18251
465 17550
466 18027
467 20408
468 18372
469 20109
470 18396
471 20413
472 21080
473 19537
474 18757
475 21696
476 21067
477 17298
478 16844
479 22161
480 19405
481 18965
482 15724
483 20473
484 15793
485 17892
486 20106
487 27996
488 19562
489 16193
490 16556
491 16680
492 18601
493 19145
494 20556
495 18493
496 16281
497 17984
498 16506
499 12474
500 21438
501 17215
502 17538
503 15648
504 15214
505 18417
506 23671
507 17837
508 17988
509 15681
510 19488
511 16821
512 18195
513 22924
514 25232
515 19527
516 21344
517 19824
518 20000
519 19672
520 13702
521 19048
522 21081
523 21545
524 23160
525 12765
526 22814
527 15294
528 15480
529 20261
530 23930
531 21335
532 17375
533 26219
534 16634
535 21603
536 15388
537 16601
538 21607
539 20400
540 17768
541 19696
542 17151
543 23115
544 20735
545 22975
546 20069
547 16322
548 19302
549 18628
550 18827
551 16949
552 18254
553 23337
554 17202
555 21547
556 18498
557 16765
558 20442
559 23085
560 16016
561 17103
562 20182
563 19486
564 22018
565 18752
566 19372
567 15616
568 16500
569 21993
570 23991
571 18357
572 18834
573 15639
574 24174
575 22129
576 17078
577 20982
578 16550
579 16121
580 16562
581 21484
582 21079
583 21583
584 23877
585 19190
586 14493
587 22868
588 14369
589 19947
590 15306
591 14775
592 18197
593 20616
594 15031
595 14171
596 18107
597 20969
598 23556
599 13486
600 15448
601 22444
602 19772
603 21753
604 19641
605 17882
606 18739
607 22662
608 23677
609 11129
610 20746
611 15890
612 18585
613 20254
614 21163
615 24055
616 19770
617 14193
618 23388
619 21462
620 15570
621 19450
622 14591
623 18186
624 17502
625 14514
626 26357
627 17475
628 20540
629 20268
630 16444
631 25671
632 22660
633 21755
634 20520
635 15069
636 20074
637 16328
638 20276
639 20203
640 17262
641 16182
642 23320
643 21325
644 19267
645 20250
646 21081
647 15594
648 26112
649 15803
650 14595
651 21213
652 20105
653 22504
654 22011
655 19435
656 15393
657 20903
658 17065
659 24451
660 15235
661 21256
662 16034
663 18791
664 19498
665 15334
666 23670
667 17364
668 14744
669 24951
670 20574
671 24052
672 16239
673 15789
674 18631
675 23522
676 17764
677 21553
678 16731
679 16883
680 17374
681 20855
682 18263
683 23002
684 19057
685 15819
686 25773
687 19084
688 17562
689 17917
690 19592
691 14389
692 18159
693 18613
694 22253
695 18072
696 20328
697 26318
698 20260
699 20446
700 19610
701 20356
702 16688
703 23863
704 14212
705 17589
706 23742
707 18009
708 20605
709 17511
710 18213
711 18685
712 18731
713 20698
714 20937
715 16003
716 22902
717 17494
718 15520
719 16450
720 20729
721 19721
722 17173
723 18409
724 24805
725 20755
726 16124
727 20654
728 19950
729 16024
730 15783
731 18005
732 18671
733 17504
734 20013
735 15633
736 22493
737 20413
738 18470
739 17564
740 23677
741 19126
742 18717
743 25552
744 21730
745 14806
746 15607
747 15669
748 17151
749 13046
750 21159
751 19752
752 19344
753 27660
754 15231
755 18478
756 17070
757 23690
758 16734
759 19070
760 17260
761 18937
762 14134
763 17442
764 21207
765 22541
766 21526
767 20048
768 16520
769 16353
770 11104
771 15618
772 20186
773 17665
774 13863
775 21498
776 18222
777 19288
778 17401
779 19417
780 15654
781 24837
782 18195
783 18486
784 22598
785 19555
786 14273
787 18629
788 17729
789 17007
790 21649
791 20511
792 14176
793 20171
794 17867
795 21166
796 18002
797 21707
798 17432
799 16632
800 18588
801 18310
802 19718
803 15169
804 20712
805 21256
806 24207
807 23863
808 18622
809 18093
810 21652
811 15381
812 20337
813 14219
814 26209
815 16258
816 13621
817 15099
818 20353
819 16336
820 19236
821 23501
822 21483
823 16809
824 22986
825 17588
826 27180
827 16544
828 18478
829 16078
830 19731
831 22370
832 21067
833 27813
834 24347
835 21723
836 22470
837 23653
838 22259
839 24811
840 22464
841 16385
842 23179
843 11356
844 15977
845 16313
846 15834
847 17744
848 16357
849 20366
850 21178
851 21309
852 14773
853 16321
854 16042
855 22030
856 15354
857 15811
858 24711
859 23365
860 20182
861 20997
862 17888
863 15061
864 13062
865 16067
866 19564
867 22778
868 14901
869 15626
870 15525
871 22603
872 17915
873 23233
874 19637
875 21318
876 18114
877 20030
878 15809
879 17619
880 19393
881 20323
882 9628
883 12015
884 14876
885 18264
886 17410
887 21646
888 15501
889 21206
890 16501
891 21445
892 13156
893 20352
894 14756
895 18090
896 17247
897 16654
898 16116
899 21722
900 20857
901 18092
902 19284
903 22077
904 19167
905 18613
906 21531
907 21211
908 18858
909 16006
910 18027
911 15539
912 20665
913 15384
914 17392
915 20693
916 22463
917 13655
918 16996
919 12805
920 19975
921 15496
922 16837
923 18600
924 19713
925 18748
926 16550
927 21899
928 21362
929 18255
930 19313
931 16572
932 14474
933 17913
934 23023
935 20671
936 19669
937 23797
938 18974
939 20237
940 17659
941 23730
942 19426
943 21853
944 16516
945 20079
946 20290
947 20047
948 20388
949 20963
950 21714
951 20583
952 18154
953 20020
954 17757
955 23303
956 22366
957 22592
958 25593
959 19728
960 20890
961 20538
962 17240
963 20734
964 23804
965 20817
966 20522
967 21549
968 19779
969 16300
970 16016
971 18148
972 15828
973 15951
974 25454
975 17064
976 26049
977 16278
978 15176
979 18452
980 22233
981 20300
982 26082
983 19243
984 21215
985 19659
986 20231
987 18932
988 17799
989 18533
990 22873
991 24584
992 12000
993 25060
994 14289
995 23530
996 19928
997 23479
998 18859
999 24454
1000 22183
1001 17337
1002 11368
1003 15026
1004 17021
1005 21133
1006 23017
1007 19810
1008 17089
1009 20440
1010 17953
1011 22550
1012 17778
1013 21413
1014 20531
1015 14807
1016 20323
1017 23330
1018 17904
1019 17468
1020 16895
1021 20807
1022 18963
1023 23369
1024 22099
1025 15256
1026 18602
1027 17017
1028 16384
1029 19455
1030 20225
1031 21729
1032 18443
1033 19068
1034 18167
1035 17356
1036 20723
1037 17952
1038 15973
1039 23063
1040 23792
1041 15331
1042 24240
1043 12652
1044 19035
1045 20740
1046 15967
1047 20966
1048 16430
1049 21182
1050 17720
1051 22589
1052 18420
1053 19296
1054 18902
1055 21662
1056 20210
1057 20489
1058 22555
1059 18973
1060 13299
1061 17776
1062 22128
1063 16135
1064 19501
1065 20161
1066 23763
1067 14137
1068 20320
1069 18474
1070 18232
1071 12339
1072 20176
1073 14000
1074 23441
1075 18110
1076 14423
1077 14357
1078 21729
1079 18928
1080 22042
1081 14550
1082 20437
1083 21108
1084 15695
1085 16192
1086 14829
1087 19135
1088 18192
1089 17542
1090 16844
1091 19446
1092 21013
1093 20817
1094 24914
1095 16385
1096 19466
1097 15537
1098 25351
1099 14246
1100 21070
1101 19329
1102 20764
1103 17603
1104 19025
1105 18462
1106 26744
1107 15328
1108 17395
1109 20616
1110 20518
1111 23728
1112 16322
1113 26851
1114 20156
1115 16276
1116 22754
1117 17419
1118 13913
1119 17214
1120 21525
1121 16907
1122 19989
1123 22624
1124 15621
1125 26123
1126 18322
1127 19837
1128 22164
1129 23788
1130 19164
1131 12407
1132 12009
1133 16903
1134 19818
1135 15699
1136 22245
1137 16980
1138 18136
1139 19183
1140 16420
1141 16026
1142 20803
1143 22024
1144 19685
1145 14851
1146 18372
1147 17071
1148 18658
1149 14462
1150 17563
1151 22677
1152 18133
1153 19701
1154 16464
1155 16412
1156 19978
1157 14155
1158 20863
1159 16337
1160 16016
1161 21711
1162 16481
1163 16469
1164 18869
1165 19031
1166 18748
1167 19320
1168 26619
1169 21255
1170 20506
1171 16527
1172 23209
1173 16604
1174 17769
1175 20066
1176 16625
1177 21724
1178 22978
1179 20632
1180 16995
1181 22765
1182 23864
1183 22002
1184 16088
1185 23941
1186 20250
1187 19621
1188 16117
1189 17479
1190 24568
1191 17075
1192 22398
1193 18638
1194 19102
1195 17304
1196 14603
1197 21996
1198 13958
1199 21547
1200 18031
1201 24137
1202 23047
1203 16396
1204 23784
1205 21446
1206 21132
1207 17905
1208 17685
1209 22201
1210 17325
1211 22009
1212 19498
1213 19113
1214 19979
1215 21716
1216 18792
1217 18645
1218 20787
1219 14904
1220 23617
1221 16802
1222 19095
1223 19129
1224 19573
1225 17421
1226 20598
1227 28817
1228 18380
1229 15922
1230 17190
1231 15003
1232 13053
1233 15176
1234 19972
1235 27953
1236 19904
1237 20985
1238 23351
1239 19272
1240 23253
1241 14334
1242 15388
1243 22829
1244 20959
1245 22137
1246 20349
1247 22307
1248 20320
1249 20575
1250 24718
1251 17529
1252 22133
1253 22987
1254 17958
1255 21005
1256 18121
1257 24042
1258 17183
1259 17680
1260 17521
1261 14343
1262 15439
1263 20007
1264 17779
1265 24980
1266 23305
1267 20047
1268 15367
1269 22646
1270 19865
1271 18516
1272 18391
1273 22827
1274 24137
1275 15433
1276 18064
1277 20077
1278 19412
1279 15687
1280 15488
1281 16649
1282 19054
1283 17406
1284 22931
1285 20041
1286 23698
1287 21867
1288 21685
1289 17910

0 203 17 4
0 305 10 6
0 322 41 7
0 560 11 11
0 787 5 4
0 1013 1 1
0 1062 55 6
0 1131 49 3
0 1132 56 11
0 1280 50 8
1 150 28 3
1 305 41 3
1 653 31 2
1 657 27 11
1 751 5 7
1 943 19 10
1 1131 2 13
2 305 29 5
2 381 53 3
2 621 14 14
2 624 30 4
2 795 45 3
2 843 29 4
2 873 60 15
2 918 9 14
2 1038 19 4
2 1049 18 11
2 1053 48 15
2 1069 32 1
2 1106 5 6
2 1131 13 10
3 326 39 13
3 784 4 4
3 915 49 8
3 990 7 3
3 1021 15 14
4 464 17 10
4 577 23 8
4 675 30 5
4 738 51 12
4 770 5 5
4 931 57 12
4 1100 30 13
4 1214 15 15
4 1226 32 7
5 20 4 7
5 209 39 2
5 235 19 10
5 446 53 10
5 592 57 8
5 617 50 11
5 820 53 6
5 1250 32 8
6 50 29 12
6 283 2 7
6 321 9 7
6 488 7 13
6 578 17 4
6 850 33 15
6 915 34 5
6 944 8 9
6 989 44 5
6 1213 35 11
7 186 9 3
7 546 17 13
7 919 17 11
7 956 43 7
7 993 16 8
7 1008 3 1
7 1017 23 7
7 1039 1 15
7 1244 17 5
8 406 56 12
8 448 43 12
8 468 14 11
8 773 43 13
8 974 60 7
8 976 58 9
8 1257 37 14
8 1283 32 8
9 412 3 8
9 555 19 14
9 593 51 9
9 811 11 3
9 962 39 10
9 1218 39 15
9 1230 24 7
10 26 6 11
10 135 54 5
10 225 2 1
10 297 8 12
10 425 15 10
10 555 4 4
10 678 33 14
10 867 10 10
10 992 32 13
10 1278 33 15
10 1289 28 5
11 47 49 4
11 150 44 3
11 175 3 4
11 205 8 8
11 216 39 15
11 254 42 4
11 270 41 8
11 361 4 8
11 504 43 1
11 613 12 10
11 865 53 13
11 907 38 10
11 1166 20 7
11 1266 8 13
12 303 49 12
12 412 50 10
12 608 23 12
12 650 48 8
12 843 22 10
12 845 22 4
12 977 20 9
13 205 4 5
13 431 52 3
13 1112 35 14
13 1274 37 11
14 89 6 11
14 128 52 11
14 224 53 1
14 257 46 9
14 459 2 11
14 463 41 11
14 818 37 7
14 938 10 11
14 1028 5 9
14 1155 49 14
14 1175 57 10
14 1204 35 11
14 1210 58 3
14 1235 4 1
14 1283 16 13
15 347 11 9
15 507 26 1
15 835 53 12
15 889 4 9
15 1179 41 5
15 1198 33 15
16 71 54 11
16 321 27 11
16 564 9 9
16 574 43 15
16 750 23 9
16 878 8 2
16 1160 20 7
17 102 11 12
17 169 30 5
17 302 29 12
17 331 30 15
17 427 10 4
17 609 50 14
17 770 25 10
17 956 52 7
17 1241 56 14
18 97 19 2
18 142 20 3
18 314 43 6
18 410 11 9
18 595 33 7
18 802 45 1
18 1113 2 15
19 112 50 6
19 250 46 3
19 340 49 7
19 388 57 9
19 413 48 13
19 533 2 8
19 654 25 4
19 893 45 2
20 108 57 12
20 174 23 1
20 235 46 12
20 333 41 11
20 355 58 5
20 591 36 3
20 601 18 5
20 739 59 5
20 1004 39 2
20 1046 25 9
20 1059 56 11
20 1128 41 5
20 1254 8 2
21 198 6 15
21 264 34 9
21 564 10 15
21 595 37 7
21 1018 10 15
21 1045 19 13
21 1096 1 12
22 37 22 1
22 135 18 1
22 220 60 10
22 252 32 9
22 623 7 3
22 1272 60 12
23 394 49 14
23 615 13 6
23 922 22 3
23 960 9 7
23 1034 42 8
24 97 46 14
24 574 20 15
24 663 59 10
24 755 47 7
24 1028 23 10
24 1135 7 15
25 268 32 2
25 304 55 3
25 340 20 14
25 701 24 11
25 872 55 3
25 873 41 11
26 110 21 14
26 144 44 2
26 884 53 10
26 927 18 14
26 964 60 4
26 1112 57 11
26 1194 53 7
27 206 25 11
27 303 57 8
27 851 38 12
28 120 24 2
28 122 14 8
28 364 59 11
28 616 23 11
28 716 32 8
29 39 59 11
29 58 3 1
29 327 59 14
29 763 42 3
29 1023 27 7
29 1213 5 3
29 1217 7 8
30 80 48 2
30 99 11 13
30 476 4 15
30 815 8 11
30 830 32 12
30 925 17 14
31 58 40 1
31 433 32 4
31 593 12 1
31 864 34 9
31 1001 49 12
31 1055 25 13
31 1182 1 12
32 234 17 12
32 275 35 14
32 381 25 12
32 520 52 10
32 1156 54 5
33 238 19 14
33 838 32 9
33 1039 2 15
33 1283 36 14
34 326 35 15
34 478 58 2
34 620 41 15
34 687 33 6
34 1032 24 9
34 1047 36 1
34 1167 17 10
34 1211 44 10
35 190 49 10
35 557 53 14
35 605 16 2
35 1113 53 2
35 1238 30 10
36 97 30 12
36 389 60 1
36 1033 5 7
36 1072 46 6
36 1099 39 9
36 1211 27 15
37 453 21 10
37 1158 12 13
37 1170 35 5
37 1192 15 6
37 1202 29 14
37 1226 50 6
38 482 8 6
38 518 48 14
38 695 17 7
38 829 14 7
38 957 37 12
38 1001 35 13
38 1128 4 13
39 115 11 1
39 155 52 9
39 202 50 9
39 419 19 12
39 800 36 9
40 53 29 7
40 86 29 13
40 174 2 4
40 414 49 8
40 772 40 5
40 824 45 3
41 490 22 13
41 493 25 2
41 519 20 4
41 630 10 7
41 664 40 7
41 744 20 4
41 940 46 6
41 1039 24 15
42 50 59 11
42 67 19 13
42 74 23 4
42 152 2 15
42 943 35 8
42 1025 54 1
42 1254 18 5
42 1284 13 8
43 118 44 12
43 200 39 14
43 827 50 15
43 846 23 6
43 1079 1 10
44 327 12 7
44 602 35 11
44 839 57 9
44 1004 58 13
44 1114 52 15
45 234 42 14
45 270 8 7
45 493 58 11
45 506 26 11
45 559 38 7
45 640 32 5
45 942 7 6
45 1001 47 13
45 1119 40 6
45 1144 37 10
46 263 11 6
46 405 50 10
46 428 54 12
46 557 32 4
46 566 39 15
46 609 35 15
46 658 20 12
46 664 27 4
46 692 46 4
46 704 57 6
46 910 11 7
46 1127 59 13
46 1172 13 13
46 1196 5 15
47 189 59 2
47 217 40 14
47 441 13 3
47 578 13 14
47 631 48 13
47 721 52 4
47 855 59 4
47 1073 44 12
48 172 60 4
48 649 6 8
48 731 20 6
48 786 39 14
48 908 45 12
48 924 35 6
48 936 57 8
48 937 6 5
48 1042 9 10
48 1062 44 2
48 1075 14 6
48 1169 17 15
48 1221 60 9
49 516 50 3
49 608 11 2
49 970 50 15
50 440 18 11
50 446 11 10
50 721 2 15
50 907 42 14
50 917 51 7
50 1134 1 13
50 1203 5 12
50 1266 18 1
51 54 36 15
51 609 14 5
51 658 49 5
51 670 37 15
51 672 4 14
51 759 30 2
51 777 18 2
51 931 33 3
51 1009 24 3
52 84 1 11
52 114 40 15
52 149 60 2
52 459 47 14
52 566 52 15
52 675 49 11
52 743 14 3
52 764 6 13
52 880 16 1
52 984 59 4
53 318 14 13
53 371 11 11
53 746 16 12
53 1289 42 9
54 132 21 1
54 156 19 14
54 255 60 12
54 534 21 1
54 634 60 10
54 663 35 12
54 721 24 5
54 774 18 10
54 832 43 3
54 1173 52 5
55 186 9 2
55 283 30 14
55 338 7 3
55 356 60 8
55 551 47 6
55 567 18 3
56 275 3 2
56 332 25 4
56 453 10 8
56 503 19 14
56 564 10 7
56 691 2 6
56 785 2 14
57 128 50 3
57 273 22 13
57 353 22 6
57 494 35 9
57 495 11 11
57 799 23 8
57 1006 51 8
57 1030 37 3
58 119 7 11
58 292 16 11
58 323 22 15
58 370 37 10
58 477 29 4
58 741 43 13
58 925 39 5
59 216 35 2
59 338 11 3
59 736 17 8
59 743 14 4
59 1186 19 4
60 124 49 3
60 437 16 13
60 734 42 4
60 921 16 8
60 1232 50 5
61 112 19 1
61 179 7 1
61 528 20 10
61 550 12 5
61 891 27 14
61 969 10 4
61 1259 19 1
61 1265 53 3
61 1273 6 4
62 108 19 12
62 488 30 5
62 535 43 13
62 643 45 5
62 716 30 13
62 880 1 12
62 942 21 3
62 967 37 2
63 90 24 8
63 171 1 9
63 206 7 13
63 443 35 1
63 573 9 6
63 788 8 13
63 804 14 12
63 809 51 9
63 886 33 12
63 926 24 9
63 1259 7 1
64 120 33 9
64 203 13 7
64 215 35 13
64 372 22 4
64 404 24 14
64 514 23 8
64 574 36 14
64 618 23 1
64 624 46 2
64 697 1 5
64 739 19 8
64 1160 23 13
64 1194 15 5
65 184 51 8
65 1014 16 12
65 1182 25 8
65 1267 16 8
66 561 36 9
66 575 43 12
66 715 4 3
66 795 8 15
66 940 56 5
66 962 45 8
66 1036 14 12
66 1134 46 3
66 1154 20 3
67 209 15 13
67 258 53 7
67 397 12 5
67 467 31 8
67 515 55 8
67 527 12 14
67 583 17 9
67 614 2 10
67 649 10 5
67 853 58 1
67 1047 3 5
67 1269 31 15
68 102 13 15
68 126 29 5
68 289 43 5
68 455 16 7
68 848 42 6
68 1025 16 4
69 97 15 10
69 137 10 1
69 149 17 12
69 246 54 1
69 807 21 7
69 832 40 6
69 867 15 8
69 1169 39 5
70 76 20 9
70 144 28 10
70 166 9 12
70 219 28 8
70 222 42 3
70 246 34 2
70 291 39 11
70 480 17 11
70 641 35 3
70 1030 18 7
70 1187 24 13
71 79 53 7
71 189 52 12
71 253 47 6
71 316 34 1
71 410 18 12
71 519 25 3
71 609 23 13
71 813 12 9
71 1192 5 7
71 1279 60 1
72 712 23 1
72 772 18 15
72 858 43 11
72 1023 19 9
73 165 33 10
73 229 34 15
73 439 7 4
73 800 60 8
73 917 6 14
73 1083 48 7
73 1114 44 11
73 1214 33 15
74 147 31 3
74 162 38 9
74 411 43 15
74 665 18 11
74 675 12 15
74 725 48 15
74 795 27 9
74 1058 52 7
74 1099 21 5
74 1147 27 9
74 1249 59 12
75 824 56 7
75 946 36 7
75 1108 60 2
75 1133 41 3
75 1193 47 5
76 212 38 15
76 318 58 3
76 629 39 10
76 776 8 2
76 809 39 6
76 1114 47 10
76 1128 55 11
77 88 25 3
77 181 38 14
77 534 28 15
77 650 14 9
77 686 53 4
77 822 42 12
77 862 7 12
77 1052 53 4
77 1231 31 9
77 1240 30 13
77 1273 47 7
78 262 21 8
78 475 52 8
78 520 24 14
78 640 46 9
78 765 28 5
78 855 52 9
78 928 60 1
78 1288 12 15
79 177 37 9
79 236 25 2
79 342 20 15
79 360 58 9
79 388 5 8
79 402 3 11
79 438 10 4
79 455 45 4
79 493 60 3
79 571 26 13
79 584 23 13
79 633 44 5
79 747 43 11
79 968 41 3
79 1216 18 7
80 345 45 10
80 629 46 5
80 649 27 11
80 710 4 14
80 1029 39 14
80 1049 58 11
81 468 29 10
81 840 13 10
81 1005 5 2
82 136 20 12
82 538 29 1
82 908 19 4
82 965 8 4
82 1014 12 15
82 1136 51 8
82 1183 23 4
82 1196 7 11
82 1222 60 5
83 89 53 2
83 225 3 7
83 227 38 9
83 314 41 8
83 618 24 6
83 634 23 2
83 678 50 13
83 848 3 6
83 985 38 9
84 89 10 9
84 121 10 2
84 301 27 6
84 400 49 10
84 450 36 2
84 508 54 15
84 544 55 15
84 575 2 13
84 579 33 10
84 839 1 5
84 1241 28 13
85 172 29 15
85 261 1 5
85 367 3 10
85 565 57 8
85 635 36 4
85 669 7 9
85 826 12 7
85 1145 13 2
85 1169 43 3
86 281 40 10
86 380 58 2
86 516 8 9
86 775 27 9
86 1286 28 11
87 114 5 3
87 265 60 11
87 396 60 7
87 409 20 9
87 499 12 1
87 596 58 11
87 598 12 7
87 687 46 4
87 928 42 1
87 969 46 8
87 1150 6 11
87 1172 16 8
87 1233 28 1
88 297 27 4
88 374 45 9
88 478 10 12
88 571 58 7
88 810 32 1
88 894 30 15
88 904 52 13
89 168 56 7
89 500 60 15
89 657 53 2
89 780 38 7
89 807 31 4
89 1197 46 15
90 200 37 9
90 306 5 11
90 389 16 12
90 488 29 13
90 1206 42 5
90 1216 54 13
91 207 16 7
91 471 17 1
91 529 30 10
91 550 31 12
91 559 52 15
91 659 8 11
92 245 37 8
92 287 53 13
92 327 7 13
92 494 20 7
92 588 48 9
92 806 6 7
92 819 59 5
92 837 56 14
92 935 36 9
92 1075 41 4
92 1095 26 15
92 1207 21 8
93 150 58 11
93 157 37 14
93 312 53 6
93 431 59 2
93 478 59 11
93 492 8 12
93 807 51 8
93 884 56 14
93 890 21 6
93 1155 19 5
93 1235 48 15
94 231 40 2
94 265 53 5
94 657 13 6
94 837 33 6
95 280 58 8
95 299 3 4
95 445 11 8
95 506 4 8
95 791 34 7
95 794 50 3
95 919 2 7
95 1199 37 5
96 212 42 13
96 237 59 1
96 287 38 3
96 517 12 3
96 537 53 1
96 790 18 2
96 866 10 9
96 888 33 4
96 1268 14 6
97 185 31 3
97 197 36 12
97 244 19 4
97 265 2 2
97 310 13 2
97 482 54 6
97 617 41 10
97 638 13 7
97 702 41 2
97 802 60 14
97 877 35 11
97 881 26 9
97 907 42 7
97 948 34 10
97 980 34 12
97 1281 47 11
98 274 52 2
98 330 41 3
98 594 35 4
98 671 58 1
98 763 2 11
98 911 10 12
98 954 43 12
99 136 23 14
99 380 37 5
99 526 32 12
100 694 54 5
100 1182 38 2
100 1254 56 8
101 182 54 4
101 642 6 14
101 834 46 13
101 1255 38 12
102 319 54 13
102 624 21 14
102 653 44 7
102 782 56 2
102 845 42 11
102 1193 3 7
103 272 29 12
103 341 12 1
103 485 9 7
103 622 25 15
103 910 14 2
103 1044 14 10
103 1069 1 15
103 1210 48 12
104 113 29 10
104 165 32 5
104 430 45 7
104 609 48 13
104 767 38 6
104 791 17 1
104 1127 25 7
104 1178 21 1
104 1214 60 15
104 1277 16 11
105 424 17 10
105 628 22 1
105 774 30 1
105 891 6 13
105 997 55 1
105 1217 42 11
105 1283 57 3
106 181 54 8
106 672 38 3
106 1001 9 1
106 1022 20 5
106 1277 22 1
107 127 34 11
107 331 51 14
107 492 12 8
107 711 28 9
107 789 11 2
107 1143 56 2
107 1253 36 1
108 166 34 4
108 447 58 13
108 539 38 14
108 579 27 6
108 751 51 4
108 835 45 7
109 117 56 3
109 233 13 2
109 308 56 11
109 472 27 2
109 486 17 15
109 573 44 13
109 756 37 7
109 1052 33 9
110 126 57 6
110 221 53 13
110 349 23 4
110 437 59 11
110 511 60 15
110 643 48 7
110 691 22 8
110 788 40 14
110 898 58 10
110 947 51 7
110 981 22 6
111 126 25 13
111 127 31 7
111 191 33 8
111 331 30 1
111 570 36 2
111 618 47 11
111 625 11 7
111 777 20 12
111 1206 27 2
111 1255 46 15
112 309 48 15
112 649 57 5
112 731 33 5
112 935 14 3
112 954 49 4
112 1168 42 7
112 1244 25 6
112 1255 21 9
113 753 42 15
113 855 34 2
113 899 47 6
113 954 59 10
113 993 2 10
113 1122 25 4
113 1153 6 13
113 1154 39 8
114 385 29 2
114 626 49 7
114 648 12 11
114 719 22 15
114 729 8 11
114 757 48 8
114 1025 49 8
114 1135 3 15
115 286 58 12
115 581 52 11
115 732 41 9
115 845 30 13
115 913 24 11
116 154 5 1
116 246 14 8
116 276 21 2
116 320 15 8
116 378 30 3
116 444 42 5
116 464 54 2
116 669 21 10
116 974 16 13
116 1156 36 7
116 1202 28 14
117 123 29 5
117 475 2 11
117 483 58 10
117 923 11 11
117 935 42 11
117 944 4 5
117 1255 47 10
118 353 21 10
118 376 18 12
118 800 18 11
118 803 12 7
118 860 11 5
118 1193 8 14
118 1208 13 7
119 290 53 12
119 590 19 1
119 621 40 5
119 968 21 11
119 1008 28 10
120 243 22 4
120 781 46 11
120 804 18 2
120 847 22 2
121 209 19 9
121 533 24 9
121 696 38 11
121 888 33 10
121 950 52 7
121 1019 4 9
122 146 26 8
122 161 50 12
122 213 25 5
122 260 42 14
122 347 9 5
122 387 42 7
122 392 58 7
122 468 12 2
122 610 49 10
122 669 41 10
122 737 45 5
122 1187 17 8
122 1219 10 5
122 1265 19 5
123 416 16 12
123 562 8 13
123 902 32 3
123 990 47 11
124 279 13 7
124 401 29 11
124 691 18 6
124 983 49 1
125 248 31 13
125 452 59 8
125 650 38 12
125 767 11 2
125 868 45 5
125 1004 56 10
125 1096 13 9
125 1138 51 2
126 195 22 11
126 347 20 13
126 638 38 7
126 684 23 9
126 931 35 11
126 1227 9 1
127 676 2 5
127 796 19 13
127 1235 4 2
128 516 17 15
128 526 16 14
128 708 42 1
128 751 11 3
128 802 26 13
128 899 34 9
128 1108 11 15
129 132 23 2
129 396 46 6
129 456 27 4
129 596 10 8
129 695 29 13
129 743 2 9
129 1051 1 8
130 213 8 13
130 824 14 13
130 961 9 4
130 1033 20 5
131 358 48 11
131 493 22 14
131 638 30 6
131 949 14 3
131 1015 58 4
131 1078 59 14
131 1263 14 3
132 144 8 12
132 182 46 11
132 186 16 13
132 215 16 8
132 1000 52 14
132 1252 52 9
133 223 60 7
133 232 35 11
133 428 39 10
133 494 52 14
133 810 7 1
134 161 6 14
134 356 12 13
134 376 56 9
134 448 47 10
134 609 42 11
134 866 42 6
134 1100 27 1
134 1223 44 15
135 278 57 9
135 607 13 3
135 748 12 8
135 1274 9 12
136 205 33 4
136 211 60 6
136 411 7 11
136 620 11 11
136 763 37 15
136 835 36 5
136 1222 29 12
137 146 37 4
137 460 42 2
137 663 51 2
137 833 4 1
137 981 28 12
137 982 20 3
137 1051 36 5
137 1127 44 14
137 1138 41 15
137 1237 43 7
138 174 50 14
138 375 24 8
138 472 14 2
138 618 27 12
138 749 27 9
138 828 50 3
138 1000 35 8
138 1056 3 6
138 1080 10 7
138 1252 53 5
139 354 43 11
139 573 20 2
139 659 30 9
139 1173 34 2
140 165 38 14
140 171 23 14
140 282 29 8
140 600 3 1
140 650 22 10
140 718 38 12
140 926 1 10
140 1115 18 2
140 1204 35 3
140 1266 32 9
140 1285 45 7
141 320 53 14
141 334 44 3
141 687 56 6
141 781 43 2
141 806 57 7
141 817 24 13
141 863 11 3
141 1067 60 8
141 1101 51 4
141 1209 49 4
141 1241 56 9
142 231 7 7
142 481 11 6
142 697 28 13
142 1098 36 6
142 1141 17 5
142 1278 25 8
143 223 2 15
143 761 49 4
143 1112 45 13
144 154 10 5
144 358 39 1
144 404 23 1
144 590 32 13
144 801 8 3
144 978 41 6
144 1217 19 12
145 397 47 9
145 454 57 15
145 697 54 7
145 1108 1 11
146 149 17 6
146 303 26 15
146 517 31 1
146 592 58 2
146 628 18 13
146 664 59 5
146 674 47 3
146 797 9 1
146 851 33 14
146 1020 47 7
146 1084 48 4
147 199 40 11
147 270 41 4
147 309 27 3
147 311 6 4
147 528 3 12
147 1090 56 13
147 1261 59 1
147 1278 59 3
148 225 33 2
148 1024 40 3
148 1088 45 14
148 1208 37 12
148 1270 57 6
149 531 19 6
149 630 9 2
149 726 46 15
149 824 17 5
149 1134 52 7
149 1208 22 11
150 756 29 13
150 791 21 8
150 852 37 10
150 1110 13 5
150 1282 35 9
151 503 53 3
151 644 59 12
151 675 5 12
151 791 25 12
151 909 9 10
151 949 50 12
151 1005 30 8
151 1038 45 11
152 428 42 4
152 851 39 2
152 987 49 4
152 1239 18 4
153 244 50 2
153 822 58 8
153 1087 35 10
153 1149 46 11
154 188 59 4
154 416 12 1
154 568 56 5
154 612 30 1
155 225 11 5
155 232 9 5
155 361 35 11
155 637 17 8
155 771 36 3
156 516 60 6
156 624 51 1
156 780 28 1
156 1187 33 4
157 244 39 11
157 919 17 15
157 1017 48 7
157 1260 2 10
158 256 26 6
158 397 23 14
158 406 51 10
158 755 20 4
158 1179 14 4
158 1227 1 9
159 207 37 1
159 404 46 7
159 577 30 7
159 795 58 4
159 844 37 13
159 974 7 4
159 1019 52 14
159 1105 56 1
159 1254 50 8
160 331 44 3
160 554 39 2
160 608 8 14
160 916 24 13
160 1111 31 3
160 1186 30 1
161 199 29 15
161 446 11 9
161 517 27 2
161 644 16 15
161 709 39 7
161 785 47 9
161 908 51 2
161 1111 10 5
162 521 55 9
162 579 45 13
162 993 28 12
162 1170 43 7
163 330 58 11
163 384 40 10
163 486 49 8
163 790 14 5
163 1263 38 13
164 584 17 8
164 616 51 12
164 763 9 4
164 790 54 7
164 857 46 6
164 939 58 5
164 1012 53 6
164 1057 30 14
165 203 35 6
165 225 6 14
165 284 1 6
165 293 14 3
165 701 19 7
165 812 47 11
165 891 2 14
165 902 51 4
165 913 60 10
165 963 42 11
165 1086 23 8
165 1126 20 2
165 1264 7 9
166 284 7 13
166 308 46 12
166 388 37 8
166 868 16 1
166 969 51 3
166 1100 47 13
166 1101 36 3
166 1108 5 4
166 1185 40 6
167 516 10 1
167 545 46 1
167 1079 38 2
167 1147 44 9
167 1283 57 11
168 180 59 13
168 322 20 5
168 386 29 15
168 445 1 13
168 538 27 6
168 650 42 9
168 847 30 9
168 868 30 1
168 1209 43 11
169 283 34 10
169 330 16 10
169 468 39 1
169 518 24 3
169 543 45 15
169 545 7 15
169 685 41 7
169 689 23 12
169 925 19 2
169 987 56 6
169 1270 44 14
170 184 25 5
170 251 8 15
170 750 25 13
170 852 28 13
170 1123 27 15
170 1289 56 11
171 342 46 7
171 592 9 4
171 669 6 6
171 996 39 15
171 1068 6 8
171 1070 8 7
171 1228 60 14
172 370 47 2
172 428 39 6
172 620 31 3
172 779 16 11
172 857 42 14
172 894 56 2
173 252 24 14
173 261 6 6
173 423 58 6
173 750 21 7
173 874 58 15
173 936 48 3
173 1278 6 15
174 192 28 13
174 531 32 12
174 563 10 1
174 687 33 13
174 790 45 12
174 944 22 7
174 1238 52 13
175 198 19 6
175 231 45 1
175 251 16 15
175 372 28 6
175 442 51 5
175 871 49 7
175 1279 57 10
176 185 53 11
176 717 14 12
176 798 18 14
176 930 9 8
176 1098 50 14
176 1195 49 3
176 1267 34 7
177 396 5 12
177 466 54 14
177 650 42 12
177 794 56 7
177 840 28 11
177 905 30 6
177 980 48 11
178 303 40 8
178 459 33 11
178 480 32 6
178 578 47 10
178 698 9 1
178 779 39 8
178 901 23 6
178 997 47 9
178 1108 57 3
178 1275 34 6
179 336 6 13
179 369 17 2
179 371 9 14
179 435 40 4
179 665 20 9
179 761 15 5
179 967 30 6
179 1148 20 14
179 1158 43 6
180 272 59 15
180 319 53 14
180 375 29 13
180 468 10 1
180 500 2 6
180 549 20 5
180 1125 52 11
180 1209 16 11
181 425 14 9
181 620 48 7
181 791 6 3
181 977 52 7
181 993 51 15
181 1269 2 6
181 1276 54 8
182 297 33 14
182 825 17 6
182 1064 3 7
182 1258 5 8
183 336 15 4
183 765 60 13
183 1069 35 15
183 1221 8 8
183 1232 58 15
184 263 43 15
184 306 39 9
184 341 27 1
184 617 28 9
184 856 34 2
184 901 9 13
184 1066 48 8
184 1282 13 3
185 363 23 10
185 841 39 7
185 1180 12 11
186 676 5 13
186 909 5 12
186 927 28 3
186 1057 53 11
187 386 57 5
187 430 4 6
187 454 34 15
187 573 21 1
187 817 18 11
187 1227 52 13
188 368 26 8
188 680 20 9
188 689 7 2
188 702 46 5
188 865 37 12
188 1240 43 1
188 1273 26 15
189 290 43 12
189 454 47 13
189 738 28 6
189 778 43 1
189 823 58 4
189 990 39 5
189 1031 9 14
189 1267 13 1
190 241 10 6
190 248 59 7
190 261 53 10
190 658 58 1
190 668 10 15
190 809 3 9
190 882 36 15
190 1073 28 2
191 331 55 9
191 481 23 3
191 517 16 12
191 539 4 11
191 802 47 3
191 854 29 13
191 930 46 4
192 281 60 4
192 356 33 2
192 1060 24 9
192 1135 5 9
192 1147 1 14
193 340 24 3
193 359 56 13
193 464 54 9
193 571 24 1
193 611 40 15
193 666 50 10
193 960 25 13
193 1070 14 11
193 1076 29 10
193 1110 16 3
193 1179 36 3
193 1215 28 3
194 266 35 15
194 527 19 1
194 1000 14 1
195 199 51 15
195 340 9 10
195 355 2 5
195 1017 12 12
195 1061 38 10
196 238 25 2
196 291 35 9
196 363 11 4
196 791 36 12
196 870 7 9
196 1068 1 2
196 1072 10 15
196 1146 44 7
196 1231 34 12
197 449 11 3
197 495 3 5
197 767 2 14
197 1155 9 11
198 387 50 6
198 562 35 6
198 619 22 3
198 703 60 8
198 749 29 13
199 259 16 9
199 310 4 3
199 379 55 6
199 494 50 9
199 503 49 6
199 623 14 2
199 709 59 15
199 775 15 14
199 860 36 5
199 1266 36 8
200 214 31 9
200 243 8 8
200 634 18 10
200 742 28 14
200 796 50 7
200 962 4 10
200 1117 14 1
200 1199 22 14
201 252 2 8
201 433 13 14
201 464 47 6
201 527 53 11
201 866 6 1
202 243 26 12
202 457 12 12
202 747 39 5
202 991 1 10
203 314 10 15
203 419 43 8
203 515 36 12
203 681 41 14
203 987 55 14
204 330 59 7
204 402 4 10
204 742 10 14
204 826 51 4
204 1139 42 4
204 1199 28 11
205 217 42 1
205 355 20 5
205 385 40 10
205 503 18 8
205 532 37 8
205 628 17 1
205 732 53 12
205 909 27 8
205 913 57 1
205 1156 14 2
206 263 16 6
206 641 8 5
206 728 36 9
206 991 7 8
206 1065 14 5
206 1231 5 9
206 1272 19 2
207 239 32 4
207 350 24 4
207 368 46 3
207 386 34 5
207 472 57 7
207 516 40 12
207 708 37 1
207 811 11 3
207 851 21 11
207 961 39 14
207 1124 10 7
208 214 49 5
208 665 54 8
208 766 4 15
208 843 41 12
208 868 34 1
208 928 60 11
208 1031 16 10
208 1057 10 6
208 1132 22 6
208 1182 45 9
209 285 19 3
209 401 38 10
209 726 27 11
209 792 59 5
209 905 2 7
209 907 37 7
209 1004 26 13
210 398 6 9
210 622 39 7
210 824 29 12
210 956 54 13
210 1062 43 5
210 1213 2 3
211 239 20 6
211 415 53 11
211 512 4 7
211 667 9 6
211 686 32 9
211 813 12 4
211 877 43 2
211 1120 40 1
212 376 53 12
212 554 42 4
212 616 51 10
212 832 57 1
212 989 47 5
212 1115 25 6
213 270 3 13
213 553 50 12
213 799 13 10
213 812 14 9
213 849 18 1
213 853 52 4
213 1218 45 14
213 1239 28 11
214 423 11 1
214 479 25 6
214 1030 28 13
214 1074 50 13
214 1100 10 15
214 1230 27 14
215 226 18 10
215 551 29 8
215 580 9 7
215 698 17 11
215 965 30 3
215 1022 11 6
215 1041 4 15
215 1075 29 4
215 1185 39 4
215 1226 27 9
216 318 39 4
216 531 35 13
216 548 21 15
216 669 51 14
216 745 56 10
216 816 11 8
216 825 60 10
216 881 43 10
216 912 22 14
216 978 10 11
216 1016 46 13
217 420 47 15
217 538 7 12
217 736 21 5
217 780 44 11
217 828 13 3
217 1226 3 8
218 534 38 13
218 644 34 10
218 849 28 13
218 955 56 2
218 1161 3 7
218 1189 57 15
218 1219 53 14
219 531 59 3
219 540 60 6
219 565 14 8
219 727 9 8
220 390 54 3
220 926 38 6
220 976 25 10
220 1051 58 12
220 1123 21 12
220 1275 43 14
221 275 28 6
221 491 43 4
221 970 9 4
221 985 58 12
221 998 45 7
221 1136 58 4
221 1151 27 9
222 236 32 5
222 389 12 8
222 527 6 7
222 532 43 3
222 710 18 12
222 865 25 1
222 1046 7 1
223 323 12 7
223 408 20 13
223 459 23 5
223 700 9 9
223 775 55 1
223 899 58 4
223 1264 30 10
224 306 14 3
224 521 45 2
224 1068 47 14
224 1158 33 13
225 583 27 6
225 736 24 5
225 826 51 1
225 983 31 2
225 1156 57 14
225 1285 18 9
226 324 48 13
226 428 4 7
226 545 51 5
226 924 15 14
226 980 57 8
227 255 1 4
227 547 1 3
227 561 5 10
227 704 20 15
227 916 47 6
227 1266 25 15
228 463 53 15
228 495 19 12
228 543 1 7
228 671 19 4
228 704 17 6
228 1103 25 12
229 285 46 7
229 534 49 15
229 669 49 1
229 1024 5 15
229 1185 42 7
229 1201 33 13
229 1277 40 9
230 231 31 13
230 538 45 4
230 636 40 15
230 902 23 5
231 250 50 7
231 261 25 10
231 325 16 10
231 516 27 14
231 624 51 2
231 967 14 8
231 1023 57 10
231 1126 11 7
231 1172 47 1
231 1206 37 2
231 1217 1 7
232 438 55 15
232 618 21 11
232 703 19 7
232 1218 3 2
233 237 6 7
233 359 21 13
233 415 44 10
233 621 26 4
233 770 27 15
233 857 1 4
233 943 13 13
233 995 8 4
233 997 50 8
233 1145 40 3
233 1222 13 14
234 545 51 4
234 627 58 9
234 672 49 8
234 912 56 15
234 1124 56 5
234 1142 13 3
234 1162 4 1
234 1231 56 3
234 1278 15 8
235 845 39 1
236 389 1 15
236 481 56 4
236 495 38 8
236 530 58 5
236 708 10 1
236 762 10 7
237 284 13 9
237 1069 19 15
237 1073 51 8
237 1191 9 8
238 242 28 5
238 376 56 13
238 417 55 7
238 581 59 10
238 630 3 15
238 786 27 11
238 787 43 2
238 968 27 10
238 1057 37 6
238 1177 26 5
238 1183 27 10
239 273 39 5
239 654 60 13
239 1085 55 7
239 1170 40 12
240 242 46 4
240 397 60 10
240 503 12 9
240 531 45 1
240 763 28 6
241 446 58 6
241 507 39 15
241 668 40 13
242 302 26 8
242 748 11 15
242 796 41 11
242 986 41 2
242 1147 30 6
243 635 43 15
243 866 21 14
243 1139 59 14
244 624 58 10
244 699 48 9
244 766 22 7
244 962 9 7
244 1142 42 13
245 389 44 6
245 453 24 8
245 536 50 15
245 554 20 6
245 623 40 15
245 813 12 6
245 815 25 4
245 866 37 14
245 1218 52 2
246 265 54 15
246 567 50 13
246 585 1 14
246 628 53 14
246 734 35 4
246 836 1 8
246 916 42 5
246 1090 45 14
247 302 17 3
247 483 59 2
247 753 38 15
247 794 60 12
247 879 33 5
248 298 49 5
248 518 26 8
248 584 2 7
248 713 56 12
248 714 39 3
248 742 60 12
248 814 17 10
248 1148 50 9
248 1165 21 3
248 1235 25 9
249 285 10 3
249 392 39 5
249 443 35 5
249 518 53 13
249 737 42 12
249 807 17 1
249 821 12 10
249 890 16 11
249 1276 34 14
250 500 9 5
250 598 27 4
250 961 22 7
250 1044 27 2
250 1157 26 4
250 1160 57 10
251 271 18 9
251 283 60 2
251 436 23 1
251 451 44 2
251 544 54 13
251 579 13 15
251 649 33 11
251 710 26 5
251 1072 44 8
251 1082 54 7
251 1189 32 8
252 457 27 15
252 525 46 1
252 541 1 11
252 963 27 9
252 984 10 1
252 1126 51 8
252 1227 6 5
253 536 34 5
253 547 41 4
254 386 48 11
254 541 24 3
254 657 27 8
254 670 8 5
254 813 42 3
254 868 43 15
254 1026 5 14
255 373 60 10
255 454 28 9
255 500 17 9
255 675 19 14
255 686 36 6
255 1065 6 9
255 1110 48 15
255 1143 44 3
256 309 39 5
256 445 25 7
256 650 52 1
256 700 2 4
256 774 29 11
257 525 32 7
257 558 27 6
257 582 42 6
257 659 3 11
257 793 17 4
257 840 50 7
257 1021 6 8
257 1102 43 6
258 810 60 4
258 833 18 11
258 865 55 11
258 990 26 15
258 998 51 12
258 1128 20 4
258 1256 16 12
259 272 47 5
259 422 45 7
259 627 11 8
259 833 12 5
259 1201 20 15
260 348 33 3
260 367 58 7
260 379 31 7
260 448 11 6
260 607 43 15
260 723 37 12
260 898 22 15
261 406 16 13
261 411 19 13
261 538 56 12
261 563 11 3
261 616 48 7
261 630 55 5
261 706 21 2
261 758 34 3
261 797 13 13
261 945 10 14
261 984 40 1
262 371 54 15
262 399 13 11
262 529 27 4
262 1032 36 3
262 1167 54 12
262 1240 19 13
263 747 1 13
263 1040 31 11
263 1042 55 12
263 1132 11 3
264 304 32 5
264 903 16 13
265 306 15 12
265 558 48 1
265 858 42 1
265 876 28 15
265 941 32 3
265 1031 37 2
265 1172 49 3
265 1284 13 7
266 640 14 10
266 776 35 1
266 929 4 12
266 945 42 11
266 999 31 11
266 1002 13 9
266 1063 21 2
266 1074 32 6
266 1109 53 6
266 1155 1 14
267 422 22 10
267 545 53 11
267 570 18 9
267 965 17 8
268 370 4 1
268 400 59 15
268 842 26 10
268 1002 43 1
268 1232 50 15
269 508 34 9
269 735 16 2
269 783 59 7
269 812 14 3
269 849 2 7
269 1019 41 6
269 1284 11 7
270 386 31 9
270 487 13 15
270 607 27 3
270 1087 7 9
270 1147 32 8
271 442 41 15
271 470 15 8
271 852 57 10
271 1137 59 9
272 488 45 12
272 546 8 12
272 725 50 6
272 743 3 14
272 948 45 5
273 393 15 6
273 453 46 10
273 506 16 15
273 527 33 7
273 619 43 15
273 682 28 11
273 684 41 6
273 826 29 13
273 933 42 9
273 963 5 8
273 1067 43 7
274 308 12 3
274 562 25 12
274 921 9 14
274 960 38 11
274 998 9 10
274 1230 13 3
274 1235 59 11
275 449 30 9
275 462 31 12
275 474 38 15
275 1002 11 5
275 1165 38 13
275 1168 43 5
275 1173 51 12
275 1263 33 3
276 460 7 4
276 538 53 13
276 695 25 10
276 850 10 2
276 853 46 7
276 1141 15 2
276 1147 57 6
276 1234 50 1
276 1236 19 14
277 354 38 8
277 386 57 14
277 390 58 3
277 431 54 8
277 453 28 10
277 574 53 3
277 656 58 14
277 671 7 5
277 706 38 11
277 868 14 11
277 993 35 15
277 1289 46 7
278 352 40 13
278 637 26 8
278 1008 56 7
278 1276 12 12
279 642 26 6
279 963 55 1
280 426 25 4
280 470 40 13
280 745 13 15
280 875 22 10
280 933 35 2
280 1017 51 12
280 1218 18 10
281 312 40 1
281 511 43 14
281 625 27 2
281 1111 21 4
281 1224 50 7
282 355 59 13
282 994 21 6
282 1155 24 15
283 397 54 15
283 607 56 4
283 617 50 6
283 841 30 7
283 1226 4 4
284 399 46 13
284 443 37 2
284 502 34 1
284 686 29 7
284 711 14 2
284 826 7 5
284 836 45 12
284 1002 30 11
284 1193 48 11
284 1270 44 14
284 1282 33 1
285 753 21 8
285 872 43 10
285 930 4 10
285 1003 15 1
285 1273 21 10
286 347 45 8
286 364 22 4
286 483 52 5
286 750 41 4
286 904 4 1
286 912 30 3
286 947 19 13
286 1093 32 7
287 660 9 12
287 672 24 7
287 720 53 7
287 908 17 10
287 1175 28 8
287 1195 1 4
287 1256 17 13
288 456 4 10
288 459 42 9
288 586 49 9
288 613 7 10
288 887 27 6
288 1008 20 6
288 1156 32 9
288 1174 43 7
289 492 23 12
289 565 32 13
289 645 10 1
289 688 18 4
289 743 35 11
289 834 46 7
289 947 11 14
289 999 10 6
289 1215 43 9
290 617 23 8
290 837 43 1
290 914 13 9
290 1092 33 9
290 1118 6 2
290 1150 18 5
290 1186 4 11
290 1197 53 8
290 1245 5 13
291 607 29 2
292 313 36 4
292 482 36 11
292 496 33 6
292 748 4 5
292 820 52 5
292 859 15 4
292 860 8 14
292 874 8 5
292 910 49 11
292 1004 36 15
292 1113 9 9
293 387 8 4
293 530 8 1
293 703 57 6
293 793 56 7
293 888 3 7
293 1223 26 4
293 1238 21 5
294 648 24 11
294 722 38 12
294 779 23 14
294 986 19 5
294 1092 29 10
294 1124 57 1
295 489 35 11
295 811 12 2
295 815 34 11
295 855 59 7
295 868 9 15
295 893 31 10
295 1090 46 10
295 1127 56 1
295 1277 52 5
296 473 28 8
296 623 2 1
296 846 25 10
296 994 10 9
296 996 35 10
296 1027 53 13
297 480 29 5
297 1109 18 10
297 1159 3 2
297 1229 13 6
298 310 45 14
298 329 11 2
298 355 9 12
298 577 52 8
298 718 37 6
298 782 42 10
298 1287 1 15
299 321 21 15
299 342 3 9
299 448 47 5
299 561 45 4
299 595 57 5
299 718 36 1
299 908 2 14
299 1176 58 4
299 1272 33 8
300 708 35 1
300 946 53 10
300 1117 29 7
300 1261 20 3
301 386 58 10
301 406 18 14
301 456 32 15
301 487 28 9
301 662 35 1
301 737 38 6
301 921 40 6
301 1039 9 7
301 1232 46 8
302 341 38 15
302 787 7 5
302 995 19 8
302 1020 45 13
303 395 49 4
303 409 8 6
303 528 46 11
303 567 53 1
303 644 15 8
303 1077 13 3
304 355 58 3
304 426 37 1
304 770 56 12
304 914 18 15
304 947 20 5
306 457 45 14
306 507 34 8
306 724 17 11
306 768 37 3
306 787 31 1
306 918 60 14
306 1180 8 3
307 362 27 8
307 625 19 2
307 647 47 13
307 656 17 11
307 711 27 3
307 1180 22 14
308 431 16 7
308 437 53 15
308 510 4 10
308 517 49 14
308 545 5 1
308 685 5 7
308 1007 7 15
308 1023 52 4
308 1040 56 13
308 1058 7 7
308 1066 33 14
309 459 31 8
309 512 21 10
309 551 53 10
309 783 3 11
309 875 42 4
309 894 46 7
309 897 28 8
309 909 36 9
309 1017 9 15
309 1173 47 10
309 1255 34 8
310 361 35 8
310 582 10 7
310 595 27 14
310 1006 4 9
310 1103 54 7
311 349 12 8
311 437 25 10
311 577 53 14
311 623 15 9
311 651 28 9
311 713 47 6
311 1141 51 6
311 1264 36 7
312 622 53 15
312 751 55 11
312 877 11 7
312 984 42 1
312 992 9 3
312 1041 19 1
313 479 54 11
313 531 49 13
313 585 43 2
313 648 28 9
313 693 3 11
313 797 8 6
313 910 12 4
313 959 28 13
313 1089 2 4
313 1146 12 10
313 1203 56 9
314 516 29 5
314 543 10 4
314 581 18 7
314 739 39 2
314 740 56 11
314 1127 55 9
315 367 7 2
315 452 59 1
315 671 11 6
315 792 8 6
315 916 19 1
315 1020 25 15
315 1219 19 1
315 1229 59 7
316 636 10 9
316 723 59 3
316 862 13 12
316 987 20 4
316 1191 27 4
317 352 60 13
317 385 18 5
317 835 23 12
317 1235 51 14
318 353 53 6
318 627 42 2
318 671 45 6
318 690 22 12
318 880 4 4
318 891 41 6
319 383 21 13
319 398 27 5
319 449 20 15
319 791 3 12
319 799 44 14
319 899 1 12
319 951 31 9
320 386 48 7
320 455 45 6
320 768 19 10
320 793 19 8
320 934 60 10
320 977 60 2
320 1181 15 11
321 377 9 1
321 899 10 11
321 1085 57 9
322 475 37 1
322 639 58 6
322 641 55 14
322 726 55 10
322 988 57 9
322 1256 8 5
323 574 52 9
323 605 17 1
323 897 15 11
323 1114 18 4
323 1269 39 7
324 357 20 4
324 385 10 15
324 539 42 12
324 617 21 9
324 972 51 1
325 754 12 5
325 982 39 3
325 1267 28 14
326 377 17 12
326 453 2 1
326 542 16 8
326 548 47 7
326 649 13 10
326 696 32 11
326 876 25 11
327 412 54 12
327 696 9 4
327 746 26 14
327 1011 12 10
327 1013 10 11
327 1090 20 7
328 332 58 15
328 350 48 3
328 885 52 2
328 963 7 7
328 1026 38 10
328 1030 42 8
328 1160 43 10
328 1239 47 1
329 475 48 4
329 932 53 2
329 1035 53 10
329 1269 44 12
330 378 30 13
330 453 27 4
330 508 45 13
330 607 10 11
330 647 13 15
330 757 33 7
330 818 57 2
330 823 41 13
330 1205 37 3
330 1285 44 1
331 391 11 15
331 455 11 9
331 888 1 14
331 950 35 1
331 951 2 10
331 989 10 12
331 1177 33 13
331 1288 45 2
332 466 21 11
332 467 37 13
332 558 13 4
332 911 13 1
332 920 45 1
332 1225 36 14
333 594 29 2
333 945 51 12
333 972 22 1
333 1138 24 7
333 1166 49 5
334 580 28 3
334 772 16 13
334 801 22 14
334 870 19 14
335 380 4 6
335 518 35 2
336 437 5 2
336 724 23 8
336 1154 7 13
336 1162 57 4
336 1226 44 3
337 359 26 2
337 554 16 11
337 648 6 12
337 827 50 7
337 853 58 14
337 918 7 4
337 920 51 13
337 1265 35 5
338 419 9 8
338 1001 43 6
338 1042 31 10
339 707 12 2
339 851 57 11
339 995 47 2
339 1015 25 15
339 1166 13 12
339 1250 39 5
340 342 33 9
340 573 22 8
340 869 30 15
341 387 48 6
341 545 60 14
341 596 25 8
341 691 53 6
341 863 27 15
341 1231 36 1
341 1253 20 3
342 668 30 6
342 690 14 6
342 937 33 4
342 1017 48 15
342 1208 27 3
343 363 53 5
343 371 46 11
343 527 31 9
343 768 36 13
343 1125 14 12
344 391 47 13
344 795 11 4
344 1099 11 8
345 799 19 13
345 846 22 1
345 1143 20 8
345 1287 8 3
346 452 10 9
346 605 58 1
346 658 54 4
346 991 18 2
346 1123 44 15
346 1134 17 12
347 360 8 10
347 418 18 15
347 460 28 8
347 598 50 1
347 698 50 9
347 860 56 15
347 899 3 3
347 911 30 10
347 1045 16 1
347 1259 10 12
348 474 4 7
348 639 10 10
348 777 10 11
348 961 11 1
348 975 50 1
349 681 49 6
349 693 25 11
349 717 26 4
349 803 35 10
350 381 57 1
350 444 26 12
350 942 56 2
350 948 13 10
350 1167 47 5
350 1172 42 5
350 1181 15 4
350 1284 43 6
351 453 13 7
351 455 46 4
351 624 6 2
351 801 42 5
351 804 56 4
351 892 49 5
351 909 13 3
351 1025 2 2
351 1087 19 8
352 474 28 3
352 566 10 6
352 603 49 5
352 609 60 13
352 652 32 6
352 798 16 15
352 829 59 12
352 878 53 12
352 949 30 8
352 1022 32 10
352 1178 36 2
352 1247 27 8
353 547 2 6
353 607 53 14
353 638 39 10
353 701 11 13
353 712 15 6
353 973 1 8
353 982 58 10
353 996 57 10
353 1071 1 1
353 1187 3 11
353 1270 47 6
354 455 31 4
354 473 43 9
354 1047 57 3
355 395 44 2
355 547 50 8
355 821 37 15
355 833 19 14
355 1075 9 13
355 1086 42 13
355 1163 50 3
355 1164 5 7
355 1218 15 15
356 404 4 10
356 452 55 2
356 679 45 9
356 743 16 7
356 775 4 3
356 787 55 8
356 944 37 1
357 367 22 6
357 432 16 1
357 560 15 7
357 614 16 8
357 714 37 9
357 1153 39 5
357 1288 19 8
358 400 41 9
358 453 55 2
358 549 29 10
358 554 55 7
358 723 31 6
358 773 54 11
358 1013 22 5
358 1021 57 1
358 1202 49 15
359 414 41 6
359 897 25 8
359 903 7 12
359 942 29 11
359 1093 11 12
359 1258 12 3
359 1276 33 12
360 667 47 5
360 1144 53 9
361 637 3 12
361 763 46 7
361 893 49 3
361 1033 13 9
361 1085 52 7
361 1142 48 5
361 1186 49 4
361 1213 2 2
362 378 49 7
362 491 35 9
362 916 15 15
362 1045 39 9
362 1077 44 11
362 1198 29 12
362 1210 28 5
362 1215 35 11
362 1270 21 6
363 395 5 1
363 403 50 14
363 431 51 15
363 805 10 8
363 891 23 5
363 964 30 5
363 1015 29 14
364 419 16 13
364 550 52 12
364 608 37 2
364 614 53 14
364 912 10 2
364 975 30 14
365 433 53 15
365 498 40 5
365 563 50 7
365 613 33 1
365 674 26 5
365 691 33 1
365 759 33 1
365 775 3 14
365 790 43 11
365 809 11 8
365 892 23 15
365 1034 5 12
365 1187 6 12
366 375 20 6
366 615 25 6
366 882 51 3
366 984 51 11
366 1040 16 3
366 1132 13 6
367 438 3 1
367 451 4 15
367 791 60 8
367 1071 19 10
367 1098 56 2
367 1283 52 1
368 451 16 12
368 594 45 8
368 760 20 8
368 863 39 8
368 933 2 2
368 995 34 1
368 1064 52 2
368 1083 37 11
368 1169 3 8
368 1227 26 13
369 457 8 14
369 795 8 8
369 880 12 3
370 892 32 6
370 904 29 14
370 914 11 2
370 950 50 5
370 1004 3 15
370 1143 48 8
371 611 4 6
371 762 34 13
371 776 46 4
371 968 1 7
372 420 14 4
372 605 60 11
372 691 27 1
372 988 31 2
372 1197 4 1
372 1236 46 6
373 402 21 13
373 754 8 10
373 919 9 14
373 1079 10 12
373 1165 39 3
374 417 47 6
374 502 48 14
374 512 49 9
374 594 16 4
374 694 54 2
374 795 31 5
374 841 43 4
374 1047 29 13
374 1177 22 13
374 1258 39 14
375 978 9 3
375 1179 48 2
375 1229 35 9
376 548 24 8
376 586 1 3
376 664 34 11
376 726 38 9
376 736 22 13
376 995 49 9
376 1201 3 11
377 503 43 11
377 663 36 15
377 782 36 3
377 801 32 1
377 967 41 13
377 1217 59 13
378 510 44 3
378 608 34 14
378 627 18 10
378 818 7 9
378 1092 5 12
379 938 10 9
379 974 31 5
379 1017 20 2
379 1267 47 2
380 697 32 4
380 764 23 2
380 1023 23 11
380 1079 29 3
381 448 31 3
381 571 6 4
381 659 59 8
381 669 10 15
381 692 45 4
381 951 21 11
381 1041 25 1
382 394 43 5
382 499 8 14
382 1020 8 5
382 1079 12 1
383 393 33 6
383 723 26 6
383 835 55 1
383 845 31 6
383 868 14 5
383 947 27 8
383 1264 13 4
384 423 26 6
384 438 11 3
384 459 2 14
384 924 23 10
384 1263 41 7
385 763 58 15
385 814 49 13
385 1156 53 14
386 459 60 1
386 662 4 9
386 785 53 14
386 1025 48 2
386 1073 17 5
386 1112 42 1
386 1173 11 14
386 1188 3 9
386 1217 29 4
387 432 60 2
387 520 53 14
387 734 32 3
387 920 22 14
387 1101 41 15
387 1103 2 8
387 1173 47 4
387 1209 21 4
387 1214 57 13
387 1284 47 1
388 1010 25 10
388 1174 35 11
389 590 10 12
389 912 4 6
389 1004 36 5
389 1022 30 14
389 1120 37 2
389 1126 4 10
389 1171 27 12
389 1236 30 12
389 1275 20 9
390 444 35 13
390 781 38 11
390 912 4 2
390 1042 7 15
390 1160 60 2
390 1193 47 13
390 1228 54 1
391 896 5 14
391 1059 39 10
391 1077 7 7
391 1113 43 10
391 1200 42 2
392 540 28 2
392 606 9 13
392 698 32 6
392 782 12 9
392 1055 54 3
392 1078 38 10
392 1255 4 14
393 1041 33 5
393 1086 31 15
394 438 39 10
394 439 59 11
394 495 7 10
394 688 21 8
394 851 50 11
394 934 30 11
395 582 7 5
395 629 20 11
395 654 51 13
395 961 16 15
395 1029 56 11
395 1114 43 1
396 448 4 9
396 470 33 7
396 516 27 4
396 530 16 14
396 881 31 2
396 992 36 15
396 1116 41 8
396 1165 19 9
397 803 34 7
397 962 44 12
397 1014 60 13
397 1238 21 1
398 651 31 10
398 794 4 3
398 852 27 9
398 867 44 4
398 996 17 14
398 1021 59 1
398 1030 14 14
398 1045 12 11
398 1269 13 4
399 442 19 11
399 593 33 8
399 602 38 7
399 662 53 5
399 887 4 15
399 1006 49 10
399 1089 25 6
400 511 44 6
400 1002 34 1
400 1182 2 13
401 450 22 4
401 683 18 12
401 768 28 6
401 1042 1 7
402 650 15 5
402 958 46 4
402 1002 35 13
402 1083 22 12
403 1083 57 3
403 1219 39 4
404 455 7 7
404 460 48 4
404 628 42 6
404 1040 26 6
405 444 22 11
405 456 54 6
405 466 1 10
405 601 58 6
405 632 18 10
405 837 37 13
405 1014 9 13
405 1121 24 7
406 481 4 10
406 960 20 13
407 657 39 14
407 684 30 4
407 1162 27 12
407 1181 57 2
407 1232 9 2
407 1246 25 14
408 532 18 5
408 655 15 5
408 1005 25 1
408 1026 58 12
408 1036 48 4
409 472 7 2
409 561 27 10
409 613 4 7
409 727 30 6
409 730 59 11
409 811 52 5
409 899 60 14
409 960 30 4
409 1016 33 7
409 1063 53 13
409 1198 59 12
410 434 41 9
410 468 20 13
410 712 22 15
410 723 46 15
410 976 30 8
410 1045 14 9
410 1168 15 8
411 669 36 13
411 768 30 15
411 908 1 14
411 954 5 13
412 794 50 10
412 1062 5 11
413 452 18 13
413 888 6 6
413 978 34 10
413 1122 2 2
414 423 28 2
414 668 27 5
414 760 27 9
414 810 13 2
414 811 16 3
415 764 36 15
415 800 1 3
415 838 2 8
415 939 1 14
415 1071 57 9
415 1094 38 9
415 1118 47 14
416 518 19 11
416 568 4 13
416 1061 33 13
417 444 54 7
417 466 31 6
417 632 38 11
417 708 6 2
417 965 54 7
417 1205 60 4
417 1228 28 7
418 539 38 13
418 1169 59 7
419 488 40 4
419 787 26 12
419 851 37 15
419 1106 9 1
419 1109 49 1
420 473 1 2
420 490 13 4
420 491 9 10
420 522 22 8
420 645 2 4
420 1140 35 10
420 1147 22 4
420 1260 7 7
421 424 23 9
421 529 52 5
421 877 38 14
421 1076 24 4
421 1222 47 9
422 478 2 4
422 537 40 13
422 762 22 3
422 1263 20 5
423 555 14 8
423 588 42 7
423 1061 47 11
424 852 52 11
424 1136 21 5
425 636 20 4
425 676 47 6
425 962 53 14
425 1022 57 14
425 1033 42 14
425 1116 3 14
425 1162 49 11
425 1216 6 7
426 498 15 15
426 704 1 1
426 961 55 5
427 892 36 8
427 960 43 5
427 1084 6 3
427 1118 15 9
428 504 17 5
428 733 14 14
428 865 20 6
428 1040 45 1
428 1228 49 11
428 1256 58 14
429 722 11 4
429 1021 15 10
429 1161 47 1
429 1202 44 11
430 465 37 3
430 717 39 5
430 1080 19 11
431 489 19 2
431 563 13 10
431 901 40 1
431 924 15 1
431 1101 4 10
431 1289 51 5
432 456 60 6
432 479 57 4
432 735 15 3
432 1137 52 11
432 1152 31 4
433 435 2 1
433 494 2 7
433 666 25 11
433 792 5 9
433 995 32 13
433 1052 44 12
434 526 43 6
434 542 15 10
434 635 58 6
434 709 32 11
434 760 1 1
434 1130 30 1
434 1215 26 13
435 448 29 11
435 627 28 13
435 771 4 5
435 794 50 5
435 915 14 8
435 996 20 15
435 1031 27 8
435 1168 59 3
436 871 17 11
436 967 57 9
436 968 7 15
436 1009 8 6
436 1192 58 13
437 438 15 12
437 812 44 10
437 1013 4 15
437 1029 2 5
437 1035 55 9
438 552 15 1
438 1285 1 6
439 860 24 6
439 1213 56 9
439 1267 49 4
440 773 13 12
440 950 25 2
441 481 29 6
441 605 15 6
441 674 60 4
441 767 56 3
441 796 59 13
441 1126 55 5
441 1165 57 3
441 1213 21 12
442 601 33 14
443 848 51 4
443 857 1 7
444 724 8 3
444 1176 34 5
445 622 22 13
445 924 11 14
445 953 43 13
445 987 43 4
445 1032 33 2
445 1231 48 8
446 457 7 13
446 647 22 4
446 648 13 9
446 679 35 7
446 693 6 8
446 863 51 7
446 983 54 10
446 1178 30 4
446 1191 28 13
447 553 6 10
447 659 43 15
447 717 44 1
447 842 52 4
447 940 17 1
447 995 26 7
448 842 52 3
448 985 15 1
448 1059 39 4
448 1073 19 9
448 1261 44 5
449 740 36 2
449 764 53 8
449 981 29 10
449 993 7 3
449 1051 16 8
449 1058 59 9
449 1208 34 14
449 1216 41 12
450 478 20 5
450 567 55 2
450 750 53 6
450 835 36 1
450 837 6 5
451 541 22 9
451 607 2 12
451 665 10 3
451 854 54 12
451 1008 23 7
451 1090 11 3
451 1111 45 15
451 1156 60 2
451 1183 11 12
451 1266 55 8
452 559 6 4
452 659 57 12
452 895 27 2
453 601 11 6
453 1207 7 14
454 665 58 13
454 730 7 4
454 820 20 8
455 493 8 4
455 539 7 1
455 1006 26 7
456 721 38 2
456 790 10 13
456 852 47 15
456 1067 2 9
457 469 36 14
457 745 57 2
457 888 44 10
458 529 39 9
458 691 23 2
458 865 46 5
458 959 1 3
458 1135 8 13
458 1139 56 8
459 707 21 15
459 999 23 15
459 1135 42 6
460 713 12 15
460 798 8 1
460 1158 3 15
460 1204 22 9
461 521 55 13
461 707 47 6
461 958 11 13
462 821 12 3
462 1180 48 9
463 469 39 15
463 738 39 4
463 1112 2 4
464 710 28 3
464 764 10 12
464 870 8 8
464 929 9 9
465 579 52 11
465 1022 1 7
465 1116 15 7
465 1121 32 1
466 633 16 13
466 646 28 14
466 652 10 10
466 679 47 12
466 821 54 13
466 1094 10 8
466 1126 42 5
466 1236 60 12
467 564 41 6
467 1043 4 11
467 1047 10 1
467 1082 27 15
467 1232 10 4
468 710 53 4
468 928 31 3
468 1214 49 14
468 1263 29 15
469 1243 4 15
470 700 48 7
470 789 58 10
470 911 20 6
470 1057 53 3
470 1191 53 3
470 1238 50 8
471 727 49 7
471 740 16 8
471 837 17 9
471 941 39 13
471 961 13 12
471 970 6 9
471 1016 5 11
471 1126 35 10
471 1166 6 8
472 669 8 5
472 718 6 11
472 822 60 7
472 945 31 1
473 498 13 13
473 554 36 6
473 673 28 15
473 694 11 3
473 752 45 1
474 478 31 13
474 920 30 4
474 956 4 13
474 992 4 9
475 486 60 4
475 528 1 11
475 707 7 11
475 873 9 7
475 923 1 10
475 936 8 3
475 953 27 7
475 1205 22 13
475 1256 60 9
476 695 48 15
476 812 4 7
476 1079 34 2
476 1194 38 8
477 484 21 7
477 539 19 7
477 668 17 8
477 677 6 13
477 890 6 5
477 987 60 1
477 1120 56 9
477 1168 4 5
478 503 49 15
478 520 22 7
478 578 16 8
478 668 5 2
478 672 20 14
478 697 28 11
478 828 16 10
479 647 57 5
479 703 12 6
479 824 5 14
479 1181 2 11
480 650 27 5
480 982 7 5
480 1138 54 11
480 1273 9 10
480 1281 8 12
481 596 46 13
481 717 44 4
481 983 60 10
481 1230 29 11
482 530 23 9
482 544 23 8
482 708 8 6
482 723 59 14
482 1146 44 9
483 677 60 11
483 1016 21 1
483 1156 10 7
484 687 16 10
484 1028 24 7
485 645 53 12
485 693 29 6
485 746 42 6
485 1072 15 2
486 567 14 9
486 733 8 7
486 772 44 13
486 926 40 4
487 645 46 4
487 1009 15 3
487 1023 22 6
487 1108 47 9
488 512 60 4
488 1002 51 3
489 608 19 9
489 690 9 1
489 986 53 15
489 994 34 12
490 543 31 14
491 864 1 14
491 1187 7 2
493 886 14 3
493 1062 2 2
493 1101 27 9
494 499 27 9
494 595 26 7
494 768 7 5
494 852 11 9
494 861 44 14
494 1025 39 6
494 1141 13 5
494 1142 1 6
494 1247 60 4
494 1250 34 2
495 830 33 5
495 1259 28 3
496 545 1 5
496 751 16 11
496 911 25 5
496 999 15 10
496 1033 48 15
497 589 49 3
497 654 8 14
497 953 13 12
497 1071 57 5
497 1168 31 11
497 1237 47 15
498 725 49 8
498 952 26 15
498 1133 59 13
499 511 46 1
499 735 39 15
499 767 20 12
499 913 16 12
500 630 51 11
500 909 45 3
501 514 51 3
501 614 1 4
501 701 9 6
501 814 47 11
501 888 19 1
501 1120 18 6
501 1146 6 4
501 1164 9 10
501 1170 17 6
502 558 60 4
502 1095 55 13
503 1039 19 13
503 1042 6 8
503 1121 49 13
503 1152 30 11
504 590 18 1
504 936 12 7
504 986 28 15
504 1021 13 6
504 1217 25 2
505 635 29 12
505 921 57 9
505 1021 60 15
505 1051 21 12
506 725 37 14
506 731 42 2
506 783 15 12
506 1036 34 9
507 894 39 6
507 1046 28 14
508 567 13 14
508 685 25 3
508 714 30 6
508 1222 35 7
508 1240 44 9
508 1276 3 11
509 1033 21 7
509 1037 39 11
509 1061 51 6
510 614 35 14
510 706 29 13
510 901 51 2
510 1045 54 11
510 1247 19 12
511 543 11 2
511 710 2 8
512 637 60 8
512 949 40 11
512 1115 23 6
513 626 4 14
513 974 50 8
513 1032 20 13
513 1239 51 7
514 536 28 2
514 684 24 1
514 1003 47 4
514 1053 32 13
514 1122 23 13
514 1231 36 10
515 558 59 10
515 1019 1 10
515 1267 59 12
516 740 25 9
516 1014 31 4
516 1022 23 13
516 1245 34 4
517 577 20 2
517 578 22 6
517 686 6 5
517 813 23 11
517 864 9 13
517 1056 22 7
517 1173 36 1
518 573 50 9
518 627 15 13
518 871 6 13
518 1095 41 2
518 1099 30 9
519 592 34 8
519 645 15 2
519 1109 43 8
519 1154 27 15
519 1163 5 3
519 1180 9 5
520 548 28 9
520 584 51 10
520 598 41 12
520 716 42 6
520 765 16 4
520 984 44 1
520 1025 57 5
520 1030 57 2
520 1282 26 6
521 632 16 8
521 835 8 9
521 902 60 2
521 1008 49 11
521 1195 9 5
521 1231 21 15
522 544 16 5
522 583 42 12
522 801 11 10
522 886 26 6
522 1183 32 11
522 1247 50 1
523 681 7 13
523 968 54 2
523 1034 48 4
523 1096 3 15
523 1151 58 5
523 1187 11 13
523 1229 19 9
523 1252 58 6
524 555 3 12
524 595 13 10
524 648 48 14
524 930 34 8
524 961 40 12
524 1012 36 13
524 1049 54 8
525 611 45 11
525 797 58 5
525 817 11 2
525 889 21 11
525 1010 42 15
525 1034 28 14
525 1069 23 13
525 1097 44 10
526 535 22 11
526 1056 18 15
526 1067 36 13
527 607 19 1
527 773 17 8
527 804 49 2
527 813 29 14
527 820 31 12
527 1157 58 6
527 1178 20 13
528 717 4 12
528 916 43 8
528 944 35 7
528 1078 22 9
528 1199 9 2
529 907 7 5
529 946 15 11
529 1287 21 2
530 778 16 5
530 800 44 3
530 944 58 11
530 1042 49 2
530 1223 28 5
531 645 21 10
531 714 6 7
531 872 7 2
531 1102 44 3
531 1229 7 13
532 536 60 2
532 684 24 8
532 792 38 13
533 727 26 10
533 961 33 3
533 1035 9 15
534 561 4 13
534 562 44 4
534 566 49 5
534 603 27 13
534 789 16 8
534 879 41 11
534 1048 54 13
534 1065 13 14
534 1132 29 1
534 1240 33 12
535 613 49 3
535 1159 9 7
536 604 33 6
536 658 26 2
536 659 7 4
536 674 23 12
536 820 15 6
536 827 41 4
536 849 36 13
536 990 25 8
536 1110 40 3
536 1151 45 1
537 541 10 11
537 582 16 2
537 939 46 13
537 1032 26 12
537 1062 42 11
537 1186 31 9
538 752 59 15
538 873 51 7
538 979 3 2
538 1270 51 8
539 540 28 1
539 653 10 6
539 701 2 3
539 1099 10 13
540 554 21 15
540 592 29 14
540 734 56 15
540 758 29 13
540 1167 45 8
541 562 28 11
541 677 22 2
541 777 26 15
541 803 57 12
541 959 60 12
541 1267 22 1
542 682 49 13
542 1184 41 13
543 549 13 3
543 601 59 13
543 781 18 1
543 966 15 3
544 1094 44 6
544 1159 44 10
544 1210 35 11
544 1263 20 10
545 587 25 2
545 1148 33 5
545 1238 31 1
546 749 59 5
546 836 24 9
546 888 29 13
546 994 15 2
546 1012 58 3
546 1094 30 14
546 1177 4 11
547 557 48 14
547 568 23 8
547 878 35 14
547 912 21 7
547 967 51 4
547 1121 16 5
547 1145 1 7
548 574 21 13
549 820 20 10
549 974 22 8
549 1035 32 4
549 1054 16 10
549 1127 13 3
549 1281 51 11
550 822 42 13
550 1047 28 14
550 1069 11 3
550 1195 16 14
551 571 32 14
551 903 24 3
551 1065 41 7
551 1234 27 13
551 1278 31 1
552 667 46 9
552 733 9 3
552 735 26 4
552 965 48 5
552 988 22 14
552 1081 29 13
553 808 38 8
553 1202 32 11
554 1006 37 15
554 1088 9 11
554 1170 31 4
554 1183 10 2
555 564 59 7
555 624 17 6
555 765 42 10
555 851 1 1
555 948 23 6
555 1033 12 9
555 1161 47 3
555 1185 37 7
556 694 49 6
556 788 1 1
556 1041 56 14
556 1044 4 10
556 1149 48 1
556 1173 4 3
557 938 18 9
557 1181 59 12
557 1208 47 12
558 688 7 2
558 799 60 5
558 1045 14 7
558 1057 55 13
558 1210 28 8
559 569 6 14
559 907 60 1
559 989 45 9
559 1158 43 5
560 574 34 9
560 789 41 11
560 826 27 5
560 1043 33 11
561 631 49 10
561 1081 34 13
561 1171 53 14
561 1288 9 7
562 642 3 12
562 720 14 2
562 862 25 13
562 969 21 2
562 1097 8 12
562 1134 31 2
563 627 18 13
563 1261 40 5
564 999 3 3
564 1082 46 6
564 1197 19 14
565 618 39 14
565 862 16 9
565 927 57 2
565 1002 27 12
565 1166 44 3
566 663 18 4
566 721 6 13
566 783 34 12
566 912 49 7
566 1118 29 6
566 1170 27 6
566 1236 4 8
567 886 48 11
567 911 1 4
567 978 45 14
567 985 34 3
567 1001 34 12
568 966 35 6
569 624 9 10
569 692 26 13
569 704 58 15
569 710 7 8
569 850 5 3
569 970 25 15
569 971 11 2
569 992 10 3
569 1061 53 14
569 1090 5 9
569 1171 53 10
569 1258 39 4
570 596 56 4
570 700 24 2
570 703 49 10
570 844 55 2
570 893 28 4
571 610 30 4
571 701 17 12
571 1066 9 6
571 1245 19 10
572 674 18 9
572 1140 11 4
572 1168 50 2
572 1260 43 12
573 600 27 11
573 752 6 11
573 828 20 3
573 834 15 1
573 875 23 5
574 632 6 8
574 683 33 6
574 893 52 8
574 1234 56 12
575 599 51 13
575 734 5 4
575 897 44 6
575 940 52 10
575 1193 24 6
575 1216 51 11
576 591 18 14
576 899 9 3
576 907 57 12
576 1014 24 8
577 698 60 15
577 774 13 4
577 808 53 15
577 1000 32 13
577 1202 18 15
577 1253 46 3
578 1142 20 5
578 1169 27 9
578 1200 42 1
578 1271 8 11
579 677 30 13
579 753 19 9
579 1116 31 15
579 1175 19 1
579 1235 18 8
580 634 60 15
580 1019 12 11
581 768 21 8
581 832 23 5
581 856 23 15
581 1007 42 7
582 857 45 2
582 1185 52 8
582 1225 55 11
583 646 44 9
583 805 15 4
583 839 49 7
583 1266 37 15
584 599 7 3
584 631 33 6
584 693 4 13
584 853 12 15
584 879 60 15
584 936 44 14
584 967 14 10
584 970 27 6
585 818 34 15
585 905 34 3
585 932 49 12
585 1079 60 13
585 1140 50 15
586 626 13 11
586 927 47 9
586 1068 50 6
586 1199 43 9
587 608 26 8
587 908 23 13
587 1121 2 2
587 1161 42 10
587 1237 25 7
588 942 32 3
589 807 50 4
590 615 22 3
590 842 6 12
590 924 46 15
590 967 16 13
590 1137 36 10
590 1165 18 12
591 707 32 6
591 988 52 9
591 1263 20 10
592 714 17 1
592 1032 9 6
592 1069 2 13
593 827 20 12
593 1235 41 3
594 957 19 14
594 1197 59 12
594 1216 31 5
595 702 33 13
595 862 46 14
595 880 46 4
595 909 36 6
595 1053 8 1
595 1202 33 6
596 629 49 7
596 662 28 6
596 772 12 10
596 973 19 6
596 1211 7 14
597 787 31 11
598 628 29 9
598 716 30 10
598 771 55 4
598 1220 53 4
599 618 58 1
599 769 41 13
599 1068 54 1
599 1129 54 7
599 1154 31 12
599 1163 15 9
599 1255 53 9
599 1288 43 5
600 623 6 9
600 645 6 4
600 680 54 12
600 708 21 15
600 751 59 14
600 763 45 7
600 776 6 14
600 1085 41 9
600 1097 60 15
600 1222 24 6
601 664 11 6
601 856 10 7
601 895 7 13
601 1073 35 9
601 1077 5 6
602 688 8 12
602 790 46 4
602 951 53 9
602 1067 21 3
603 888 43 12
603 1132 11 9
604 782 18 8
604 811 21 6
604 930 29 15
604 1114 33 1
605 914 52 7
605 1011 2 6
606 651 31 1
606 1022 57 10
606 1047 42 1
606 1121 56 11
606 1232 4 12
607 727 16 10
607 796 41 13
607 844 48 13
607 1057 46 5
608 678 28 9
608 843 33 7
608 1065 41 4
608 1284 53 13
609 1099 4 2
609 1245 54 3
609 1263 45 14
610 745 20 6
610 991 7 4
610 1230 31 15
611 627 9 10
611 909 1 9
611 932 24 8
611 946 60 1
611 995 49 13
611 1207 38 3
611 1225 42 12
611 1249 47 8
612 696 58 10
612 1243 40 6
613 870 13 14
613 964 31 9
613 1036 5 11
613 1273 11 10
614 655 23 11
614 695 17 13
614 760 28 8
614 921 7 6
614 1010 17 4
614 1161 18 15
614 1172 33 9
615 676 55 5
615 1244 26 10
616 702 41 15
616 806 13 10
616 852 49 12
616 1019 56 1
616 1184 6 15
617 783 17 2
617 893 54 4
617 985 32 7
617 1089 37 14
618 776 44 3
618 826 22 3
618 900 10 8
619 658 23 8
619 834 41 3
619 946 25 4
620 1106 9 6
620 1125 20 1
621 970 21 8
621 1004 50 4
621 1165 28 1
622 687 57 12
622 1015 30 2
622 1107 54 8
622 1200 20 7
623 714 25 10
623 873 55 5
623 998 26 14
623 1086 18 13
623 1116 4 10
623 1230 22 7
624 652 30 9
624 945 40 11
624 962 43 13
624 1241 17 12
625 654 15 13
625 673 18 12
625 756 29 10
625 1186 31 7
626 876 37 1
626 1091 60 3
626 1120 32 11
627 672 49 2
627 673 11 13
627 1259 13 14
628 803 3 4
628 1112 39 12
628 1283 49 2
629 1055 60 5
629 1224 38 6
630 700 25 7
630 787 47 2
630 1219 58 6
631 854 11 8
631 978 39 13
631 1074 24 11
632 719 51 7
632 851 34 3
634 644 22 11
634 908 33 1
634 975 6 14
634 1136 7 14
635 930 23 7
636 857 36 4
636 928 1 9
636 984 40 5
636 1147 38 7
637 690 54 15
637 706 40 8
637 731 38 2
637 794 31 10
637 900 11 2
637 1023 6 13
637 1147 24 9
637 1189 25 3
637 1212 46 15
638 654 11 15
638 689 37 14
638 1201 56 14
638 1215 50 10
638 1216 47 9
639 714 4 3
639 958 2 11
639 1282 51 6
640 723 25 5
640 799 15 5
640 1019 6 13
640 1172 9 9
641 711 24 2
641 983 13 6
641 1043 8 5
641 1201 35 11
642 917 3 7
642 1032 33 6
643 693 30 7
643 914 36 4
643 1137 7 2
643 1190 10 15
643 1242 49 2
644 718 45 6
644 931 23 3
644 1123 17 3
645 715 54 6
645 739 22 9
645 778 15 6
645 816 26 14
645 844 51 6
645 886 8 3
645 1038 3 8
645 1055 20 2
645 1270 31 11
646 754 42 1
646 808 14 13
646 857 37 15
646 942 19 1
647 756 9 8
647 1008 27 3
647 1097 27 6
647 1173 10 10
647 1193 8 12
648 649 48 14
648 757 52 2
648 866 11 6
648 922 31 1
649 863 59 12
649 1239 60 8
649 1248 14 11
650 859 21 1
650 863 60 5
650 945 16 4
651 768 40 11
651 928 53 11
651 1137 55 8
651 1186 1 10
652 815 50 14
653 759 37 3
653 814 4 6
653 1175 42 11
653 1225 36 10
654 723 8 15
654 1049 42 6
655 713 55 12
655 796 35 5
655 968 51 15
655 1014 35 2
655 1224 23 9
656 722 7 4
656 873 32 2
656 1097 49 7
656 1113 47 15
657 934 60 11
657 1080 10 1
658 685 1 6
658 823 20 13
658 918 47 10
658 1176 8 10
658 1232 53 1
659 695 33 7
659 904 4 6
659 981 16 4
659 1031 18 7
659 1114 6 2
660 791 56 14
660 964 46 10
660 1002 11 4
661 905 22 12
661 937 20 11
661 1147 34 14
662 752 15 14
662 1040 20 2
662 1091 5 10
663 695 42 7
663 980 43 7
663 1008 23 4
663 1071 27 5
664 759 55 12
664 835 27 2
664 948 32 10
664 1050 21 4
664 1070 47 2
664 1261 2 6
664 1286 12 2
665 726 53 11
665 739 60 13
665 779 28 2
665 1036 43 1
665 1080 4 12
665 1118 11 4
665 1259 28 3
666 696 54 7
666 724 17 8
666 892 30 11
666 1059 42 11
666 1176 42 5
667 780 55 14
667 865 39 7
667 961 33 15
667 1132 32 11
667 1151 55 4
667 1181 38 7
667 1256 25 12
668 839 3 11
668 1010 1 11
668 1128 9 2
669 726 21 12
669 793 28 4
670 690 14 10
670 998 37 10
670 1138 16 8
671 988 8 9
671 999 60 14
671 1024 55 11
671 1203 17 15
671 1209 29 5
672 858 38 3
672 932 38 5
673 1040 32 8
673 1118 19 6
674 955 11 10
674 1172 54 4
674 1246 47 2
674 1286 57 11
675 698 55 5
675 892 21 1
675 1136 16 3
675 1275 28 11
676 713 60 2
676 864 53 14
676 928 16 4
676 1267 32 1
677 766 6 11
678 991 37 12
678 1107 4 5
679 780 39 6
679 899 42 11
679 945 15 12
679 948 35 14
679 1188 44 15
680 831 35 8
680 864 37 5
680 1029 30 6
681 782 27 8
681 792 4 6
681 890 9 13
681 891 8 1
681 923 2 6
681 1115 27 7
681 1186 40 8
682 786 52 8
682 904 12 1
682 1044 59 15
682 1285 21 2
683 704 10 1
683 788 29 6
683 971 33 5
683 1041 1 15
684 799 32 2
684 985 50 14
684 1003 58 8
684 1026 55 8
684 1098 51 1
684 1146 50 11
685 688 6 8
685 721 39 10
685 848 18 15
685 891 54 9
686 723 57 5
686 780 50 11
686 786 60 11
686 936 54 4
686 1013 3 9
687 789 21 12
687 821 44 1
687 955 38 15
687 1080 29 6
687 1086 38 4
688 919 24 6
688 1267 33 14
688 1271 55 4
689 725 29 13
689 806 48 8
689 931 36 4
689 1150 12 11
690 779 9 7
690 956 20 10
690 1096 6 3
690 1192 52 9
690 1198 19 8
690 1235 47 6
691 722 44 10
691 764 13 5
692 708 18 11
692 811 48 3
692 955 57 9
692 960 2 15
692 1173 8 6
693 763 36 1
693 827 58 5
693 916 51 2
693 929 54 14
693 941 31 6
694 740 51 4
694 833 28 10
694 1162 13 12
694 1283 31 6
695 715 52 14
695 1033 2 1
695 1229 28 4
695 1270 4 11
696 807 52 15
697 702 15 12
697 921 36 7
697 1092 2 10
697 1177 50 13
697 1230 53 13
698 859 29 5
698 976 13 2
699 772 9 4
699 779 22 14
699 828 27 2
699 926 10 6
699 1181 15 6
699 1235 26 4
700 847 7 10
700 899 10 3
700 1068 28 3
700 1228 6 9
700 1231 57 10
701 712 52 8
701 764 14 3
701 1090 13 14
701 1149 26 13
701 1286 47 10
702 810 28 15
702 846 41 12
702 982 2 1
702 1039 35 14
703 760 31 10
703 834 1 2
703 881 18 2
703 1176 24 12
703 1241 46 10
704 717 7 2
704 791 31 4
704 802 42 13
704 1029 60 2
705 1206 43 15
705 1256 51 15
706 774 54 13
706 861 31 7
706 972 8 12
706 1219 26 14
706 1221 12 2
707 805 37 1
707 813 60 5
707 817 53 14
707 906 16 14
707 944 14 4
707 1147 42 1
708 818 60 14
708 904 57 1
708 947 50 5
708 964 26 2
708 1248 15 11
708 1271 54 14
709 772 39 9
709 1064 54 9
709 1118 11 4
710 776 5 15
710 788 19 14
710 1034 7 4
710 1162 30 14
711 766 45 12
711 803 46 4
711 860 59 10
711 910 57 12
711 918 34 8
711 1211 14 2
712 726 55 7
712 804 39 13
712 823 31 11
712 894 45 12
712 955 60 13
712 973 51 9
712 980 44 12
712 1026 55 4
713 716 3 13
713 905 32 7
715 718 10 7
715 1114 52 11
716 995 2 3
716 1148 56 14
717 868 17 2
717 877 54 6
717 946 48 10
717 1080 36 4
717 1123 2 6
717 1176 5 15
718 821 2 3
719 760 9 7
719 858 54 14
719 870 54 10
719 1199 52 9
720 731 6 9
720 806 6 14
720 828 2 12
720 1067 28 3
721 903 50 2
721 910 52 7
721 1213 36 14
721 1219 19 7
722 909 3 10
722 919 6 7
723 798 38 10
723 814 53 4
723 824 44 14
723 1026 8 7
723 1119 5 6
723 1185 15 6
724 783 60 12
724 841 40 7
724 1026 21 5
724 1119 53 2
724 1270 13 6
724 1286 57 14
725 884 23 12
725 987 30 12
725 1238 20 6
726 771 32 1
726 938 32 15
726 1289 55 2
727 854 6 8
727 1152 28 14
727 1241 29 4
728 735 57 2
728 746 44 7
728 1082 58 2
729 903 49 2
729 932 42 9
729 968 58 5
729 999 58 5
729 1149 50 1
729 1225 45 10
729 1254 35 14
730 1180 2 12
732 815 56 14
732 999 33 15
732 1009 37 6
733 795 9 10
733 957 27 14
733 1200 6 10
734 846 46 15
734 888 25 9
734 894 19 4
734 1112 42 1
735 812 40 5
735 815 58 7
735 1111 3 10
735 1151 51 6
735 1241 46 11
736 1222 21 2
736 1226 8 4
737 899 44 1
738 928 42 12
738 1149 21 10
738 1184 3 3
738 1267 54 5
739 880 3 15
739 898 50 11
739 925 47 2
740 864 4 5
740 890 51 4
740 898 31 5
740 1114 59 15
740 1165 26 8
741 886 6 4
741 988 47 11
742 747 12 10
742 924 6 15
742 1003 7 12
742 1037 20 8
743 937 35 12
743 1056 35 14
743 1165 57 6
743 1209 26 11
744 883 45 8
744 941 43 9
744 1121 57 3
744 1197 43 11
745 1147 9 15
745 1155 23 3
746 844 39 12
746 913 17 8
746 937 55 15
746 990 13 13
746 1033 36 4
746 1053 54 1
746 1076 32 7
746 1174 1 10
746 1262 39 9
749 904 32 7
749 990 14 2
749 998 41 11
749 1067 25 8
750 772 43 7
750 1159 9 9
750 1260 28 5
751 1060 13 11
751 1141 41 5
751 1216 5 7
752 845 10 7
752 903 4 14
752 929 10 3
752 1226 23 4
752 1237 55 6
753 1028 59 14
753 1226 10 4
753 1236 44 15
753 1244 9 14
753 1252 2 3
754 789 60 11
755 893 43 5
755 965 8 6
755 1097 8 7
755 1204 38 11
756 1030 6 9
757 767 49 2
757 1269 54 3
758 1112 19 8
759 800 23 15
759 1046 52 14
759 1286 6 8
760 867 6 13
760 1216 53 13
760 1237 12 9
761 1015 26 1
761 1186 48 14
763 779 50 9
763 913 5 6
763 1002 7 13
763 1004 37 5
763 1109 56 12
763 1136 49 4
763 1147 55 15
763 1266 37 8
763 1279 59 7
764 995 39 1
764 1285 17 10
765 809 38 6
765 897 11 6
765 905 55 7
765 1030 57 12
765 1049 9 13
765 1115 40 15
766 953 3 6
766 1023 47 9
766 1252 7 11
767 991 31 2
767 1174 42 13
768 958 59 15
768 1000 49 13
769 818 48 15
769 864 58 3
769 1058 28 7
770 961 45 9
770 982 10 2
770 1034 52 6
770 1109 51 11
771 774 7 9
771 791 36 1
771 798 55 9
771 808 29 15
771 890 4 2
771 1232 15 1
772 925 7 5
772 1006 60 14
772 1158 25 2
772 1165 49 6
772 1210 26 11
773 800 3 2
773 815 26 15
773 1014 48 14
773 1022 14 7
773 1136 28 4
773 1199 43 7
773 1226 28 13
773 1256 20 1
773 1261 3 2
774 927 35 3
774 1126 24 6
774 1162 52 11
775 952 6 11
775 1136 57 4
775 1252 6 5
776 790 42 1
776 1185 54 7
776 1189 36 6
776 1216 4 15
776 1235 27 12
778 1134 55 13
778 1173 22 1
778 1180 24 15
778 1260 4 1
779 1253 40 5
779 1255 45 4
780 811 9 15
780 892 16 7
780 971 2 15
780 1226 35 4
780 1275 58 11
781 887 24 6
781 1064 50 1
781 1186 2 1
782 941 31 12
782 979 34 15
783 898 54 5
783 1121 4 6
784 837 10 7
784 870 1 14
784 893 25 15
784 1179 40 11
784 1197 1 8
785 829 42 14
785 894 18 5
785 901 12 7
785 997 25 5
785 1168 49 7
785 1267 6 14
786 928 40 14
786 1114 21 5
786 1172 23 14
787 992 26 14
788 1091 30 5
788 1138 27 7
788 1231 59 9
789 856 4 11
789 953 18 7
789 1084 48 3
789 1144 37 2
789 1173 3 10
790 943 1 3
790 1004 37 13
790 1126 55 1
791 818 29 8
791 871 11 8
791 925 18 10
791 1019 3 14
791 1084 10 8
791 1096 30 8
791 1165 15 1
791 1187 23 6
791 1193 47 5
792 949 17 5
792 1108 55 12
792 1155 47 8
792 1158 53 4
793 845 2 10
793 942 53 12
794 835 43 5
794 869 18 8
794 968 42 14
795 846 10 4
795 1067 6 7
795 1208 18 12
795 1211 14 7
795 1271 40 10
796 833 20 6
796 920 51 15
797 903 41 1
797 921 45 9
797 968 41 15
797 1087 53 4
797 1137 44 11
797 1217 24 2
798 861 54 14
798 872 52 9
798 934 28 1
798 1122 37 5
798 1205 29 11
798 1277 45 4
799 989 37 10
799 1023 45 6
799 1032 7 12
799 1062 31 15
799 1139 29 5
799 1158 54 3
799 1261 34 14
800 1005 23 10
800 1117 31 10
800 1143 47 10
801 810 29 10
801 1098 18 2
801 1109 45 11
801 1153 52 10
803 921 3 4
803 1048 1 10
803 1059 35 7
804 870 10 12
804 898 53 3
804 903 23 7
804 906 30 10
804 944 11 11
804 954 34 14
804 1062 15 10
804 1084 57 3
804 1244 29 6
805 1192 54 6
806 838 59 5
806 951 55 15
806 1123 25 3
806 1214 55 2
807 917 27 12
807 1074 12 13
807 1175 25 3
807 1249 8 7
808 869 26 9
808 1055 60 15
808 1196 8 15
809 946 16 3
810 1247 31 6
811 875 15 10
811 947 19 4
811 967 30 11
811 996 55 12
811 1058 6 15
811 1069 41 14
811 1159 40 4
811 1176 45 10
811 1184 29 5
811 1196 58 12
811 1256 3 13
811 1286 48 14
812 1026 48 6
812 1099 50 9
813 920 1 6
813 1085 31 5
814 929 13 7
814 1012 44 14
814 1089 15 12
814 1091 30 8
814 1117 16 1
815 917 58 1
815 1006 60 10
816 877 10 14
816 998 22 9
816 1036 56 1
816 1122 54 15
816 1143 31 2
816 1251 29 1
816 1281 10 7
817 892 1 14
817 1046 56 14
817 1178 37 6
817 1286 4 13
818 922 25 4
819 1077 34 10
820 967 23 6
820 1043 45 14
820 1095 48 2
821 978 58 13
821 1087 11 2
822 1246 13 5
823 830 31 1
823 893 22 8
823 900 30 4
823 1155 1 13
823 1238 7 10
825 969 49 12
826 1127 40 1
827 866 55 1
827 1261 53 11
827 1275 60 1
828 1035 31 11
828 1041 19 3
830 899 54 5
830 969 46 3
830 1060 36 1
830 1091 1 4
830 1146 26 12
831 881 30 10
831 1256 53 8
831 1261 32 6
832 993 4 13
832 1045 50 8
832 1229 6 8
833 1004 42 11
833 1200 31 13
835 919 53 14
835 959 1 9
835 1038 30 13
835 1076 18 13
835 1091 42 5
835 1171 37 4
835 1271 46 9
836 918 47 9
836 965 2 6
836 991 36 9
836 1281 7 15
837 1076 19 9
837 1100 24 9
837 1132 16 3
837 1191 60 4
838 870 3 11
838 893 2 5
838 965 45 8
838 1088 5 13
838 1263 39 1
839 887 32 1
839 904 8 3
839 1170 15 3
839 1231 48 10
840 887 60 7
841 1087 54 5
841 1187 45 2
842 1017 43 1
842 1109 41 12
844 876 44 4
844 988 7 13
844 995 15 4
844 1255 56 5
845 1024 3 8
845 1098 48 5
845 1155 56 11
845 1256 12 12
846 927 24 12
846 960 12 4
846 967 22 11
846 1013 11 11
848 1229 6 8
848 1264 15 6
849 911 13 9
849 990 6 11
849 1117 56 15
849 1226 53 14
850 991 46 9
850 1173 4 6
851 1018 56 8
851 1205 57 8
852 1045 1 9
852 1150 57 5
852 1287 41 13
853 884 40 3
854 892 27 3
854 1044 1 10
854 1088 9 3
854 1129 21 9
854 1202 52 10
854 1236 58 14
854 1260 25 7
855 1106 38 13
856 874 13 9
856 1067 6 7
856 1142 27 1
856 1146 44 13
856 1230 17 10
857 898 17 11
857 1040 31 10
857 1202 34 12
857 1281 21 9
858 1073 17 8
858 1183 11 2
859 1024 35 10
859 1177 41 7
859 1221 58 8
860 925 53 12
860 1023 9 3
861 881 38 13
861 1077 48 4
861 1098 23 4
861 1266 49 6
862 1275 19 12
863 1108 26 9
863 1155 46 12
863 1183 40 6
864 881 59 1
864 1020 7 2
864 1035 46 10
865 1239 8 13
866 886 3 3
866 993 11 2
866 1126 3 10
866 1175 34 13
867 938 52 10
867 1095 45 8
868 921 23 10
868 1081 9 15
868 1103 56 9
868 1183 47 10
868 1187 45 4
869 1053 50 2
869 1145 8 14
869 1157 8 12
869 1162 35 2
869 1181 49 3
869 1251 19 11
870 1086 56 13
870 1143 16 11
870 1200 4 12
870 1224 16 3
871 1244 31 12
872 1051 30 10
872 1088 27 9
872 1164 52 6
872 1273 58 3
873 1203 27 13
874 1011 34 14
874 1014 46 14
874 1143 52 2
875 1167 24 8
875 1267 14 4
876 878 41 15
876 924 57 3
876 997 32 2
876 1054 43 11
876 1056 41 9
876 1075 56 8
876 1140 38 14
876 1151 50 7
876 1159 38 14
877 1058 32 14
877 1085 51 3
878 887 57 5
879 921 23 9
879 987 33 6
879 994 42 12
879 1011 10 10
880 921 57 15
880 992 19 2
880 1071 40 13
880 1232 16 14
881 1000 1 14
881 1039 27 11
882 958 5 6
882 1098 35 9
882 1140 8 10
882 1175 46 14
883 966 17 2
883 1012 44 14
883 1215 10 13
884 1155 7 12
885 1106 16 10
885 1126 36 13
885 1263 60 4
885 1284 58 10
886 887 21 11
886 993 28 9
886 1039 9 10
887 1231 24 2
887 1287 36 11
888 922 26 15
888 1029 41 7
888 1034 34 1
888 1210 33 7
889 1033 30 4
889 1118 17 7
889 1187 29 9
890 1038 19 5
891 970 16 3
891 1046 38 7
891 1106 59 14
891 1220 36 6
891 1242 20 3
892 1166 22 14
893 991 16 13
893 1005 16 8
893 1083 2 10
893 1179 44 9
893 1273 8 9
894 935 21 5
894 1235 34 2
895 1178 17 9
896 905 43 14
896 1122 21 5
896 1208 23 6
896 1224 21 3
897 956 10 10
899 966 23 14
899 1135 10 2
899 1188 7 12
899 1264 28 11
900 976 35 8
902 1178 58 2
902 1259 48 4
903 1257 18 9
904 1220 57 14
904 1249 1 13
905 1074 36 14
906 1082 45 10
906 1225 51 8
907 988 28 14
908 932 17 4
908 942 6 5
908 1081 49 14
908 1126 44 2
909 912 23 3
910 1054 47 8
911 1238 6 7
912 956 12 3
912 963 45 6
912 1198 39 14
912 1285 33 1
913 995 17 14
913 1085 52 3
913 1238 25 8
914 1048 38 8
915 1049 49 11
915 1095 45 9
915 1179 35 7
916 1169 51 6
916 1193 18 3
917 994 33 9
917 1023 5 5
918 988 7 14
918 1214 36 4
920 1098 44 14
920 1101 25 8
921 1165 44 2
922 1154 15 1
922 1263 50 1
922 1264 48 11
923 929 8 12
923 960 58 12
923 1167 46 13
923 1170 33 9
923 1187 52 1
924 963 27 14
925 1009 40 2
925 1037 33 14
925 1277 13 9
926 1011 13 15
926 1021 50 6
926 1100 15 9
926 1221 33 11
927 1284 57 8
928 946 59 14
928 979 47 5
929 1031 49 14
930 959 53 8
930 1164 33 3
930 1278 35 3
931 938 1 12
931 1201 21 3
931 1266 27 4
932 985 39 8
932 993 55 9
932 1109 1 7
934 1046 57 5
934 1273 14 3
935 1012 3 6
936 1027 20 6
937 1133 21 5
938 997 26 13
938 1045 58 9
938 1134 1 3
938 1163 30 2
938 1273 8 13
939 1098 8 6
939 1157 39 5
939 1237 1 5
940 1062 28 13
940 1160 56 10
940 1207 9 10
940 1239 56 11
941 1023 60 5
942 976 14 11
942 1005 41 3
943 1093 56 7
943 1173 13 10
944 974 38 12
944 1216 3 10
945 980 2 15
945 988 6 14
945 1217 54 11
946 1001 56 11
946 1024 29 12
947 1094 24 13
947 1257 28 9
948 1121 14 6
948 1181 38 5
949 1018 21 8
949 1075 17 2
949 1093 26 5
949 1184 41 10
950 976 5 15
950 1081 58 4
951 1272 23 14
951 1273 48 5
955 1272 38 10
956 1192 35 3
957 1188 18 11
958 1039 13 15
958 1139 1 1
958 1200 39 11
959 1141 13 3
959 1239 35 13
961 1143 20 14
961 1279 51 15
962 995 26 14
962 1004 57 14
963 1038 10 6
963 1200 47 4
965 1032 4 9
965 1173 3 14
965 1229 49 14
965 1240 40 8
966 986 28 5
966 1066 4 6
966 1098 37 2
966 1224 13 8
967 1121 9 8
967 1122 50 9
968 1002 58 13
968 1125 47 8
968 1126 11 8
968 1259 55 9
969 1178 7 13
969 1232 12 15
970 1007 35 15
970 1166 2 5
970 1272 41 6
971 1252 49 9
972 975 10 4
972 1088 20 7
972 1172 29 13
972 1232 12 8
973 976 40 11
974 997 16 5
974 1045 3 14
974 1203 45 4
974 1242 24 9
975 1168 9 15
975 1185 15 11
976 1045 25 8
976 1092 6 13
976 1124 54 2
977 1044 31 7
977 1227 52 10
978 1162 6 5
978 1217 28 7
978 1230 50 4
978 1263 40 8
979 1065 14 12
981 1175 38 7
982 1180 55 9
983 1265 22 2
985 1012 27 13
985 1211 49 10
986 1237 48 1
987 1086 20 7
987 1145 6 14
988 1223 24 15
989 1191 4 13
991 995 46 11
994 1095 49 12
994 1101 41 13
995 1011 46 5
995 1085 7 11
995 1107 22 9
996 1049 1 9
996 1159 42 11
996 1288 4 5
997 1084 4 12
997 1111 26 10
998 1271 38 10
999 1094 52 5
999 1111 2 14
999 1267 35 13
999 1272 31 7
1000 1205 2 13
1001 1207 3 8
1002 1039 28 11
1002 1127 30 15
1003 1155 25 13
1003 1256 55 12
1004 1014 30 8
1004 1246 57 12
1005 1017 40 14
1005 1117 24 5
1005 1205 44 8
1005 1213 5 12
1006 1032 6 15
1006 1096 4 12
1006 1215 8 12
1007 1019 11 6
1008 1106 37 3
1008 1289 29 1
1009 1237 14 1
1009 1279 20 8
1011 1070 8 5
1011 1223 52 11
1012 1097 53 2
1013 1098 7 7
1013 1151 39 12
1013 1152 36 7
1016 1069 19 5
1018 1271 20 7
1018 1272 21 12
1019 1193 11 1
1019 1262 35 5
1022 1183 12 7
1023 1060 20 12
1023 1136 26 10
1023 1225 29 9
1024 1043 14 13
1024 1104 46 15
1024 1166 7 15
1024 1184 24 7
1025 1082 20 13
1025 1137 16 13
1025 1281 39 7
1026 1136 17 15
1026 1224 54 8
1027 1197 30 10
1027 1229 1 11
1028 1084 45 12
1028 1155 5 2
1028 1266 49 10
1030 1082 49 13
1030 1190 16 14
1031 1230 60 4
1032 1257 57 12
1034 1140 3 13
1034 1148 58 11
1034 1278 37 5
1034 1281 49 14
1035 1040 24 3
1035 1225 10 14
1036 1275 10 1
1038 1041 12 1
1038 1066 3 6
1038 1219 28 1
1038 1266 38 2
1039 1128 34 7
1040 1197 23 6
1040 1199 32 6
1040 1232 43 6
1040 1262 44 13
1041 1107 53 6
1042 1289 13 7
1044 1161 31 12
1044 1168 2 8
1047 1287 35 3
1048 1245 29 14
1048 1249 31 11
1049 1205 51 11
1049 1289 4 7
1050 1099 39 13
1050 1170 46 6
1051 1116 40 10
1052 1122 13 3
1052 1180 8 11
1052 1240 8 5
1054 1062 23 3
1054 1148 34 6
1054 1150 17 5
1055 1129 24 12
1055 1167 29 15
1055 1227 5 2
1056 1214 25 8
1057 1115 8 14
1058 1107 10 8
1059 1250 45 11
1061 1275 22 7
1062 1097 10 14
1064 1093 3 7
1064 1097 4 4
1065 1113 58 5
1066 1170 25 4
1066 1181 24 14
1066 1218 14 15
1066 1254 24 13
1067 1088 3 1
1067 1274 18 5
1069 1092 48 5
1070 1152 16 7
1070 1208 8 14
1070 1261 22 10
1072 1209 10 11
1072 1213 14 12
1073 1232 11 7
1074 1227 18 14
1075 1136 33 15
1076 1218 52 4
1076 1227 31 13
1077 1240 25 5
1078 1215 39 6
1079 1188 38 8
1079 1256 19 2
1080 1265 13 9
1082 1133 12 4
1086 1145 7 14
1086 1162 33 7
1088 1192 10 1
1089 1211 26 14
1090 1176 33 2
1091 1250 3 3
1092 1158 4 1
1093 1097 56 5
1093 1178 57 13
1093 1280 15 11
1094 1247 25 2
1094 1286 8 14
1096 1260 10 12
1097 1104 39 14
1097 1240 45 4
1098 1201 49 9
1098 1263 48 3
1101 1222 24 10
1102 1166 16 5
1104 1180 1 3
1104 1276 4 11
1107 1151 51 9
1107 1168 16 8
1108 1180 21 6
1108 1237 23 8
1109 1250 21 3
1110 1214 43 8
1110 1252 20 4
1111 1272 50 5
1112 1118 7 14
1112 1284 9 7
1116 1145 20 2
1116 1150 56 8
1116 1266 6 2
1117 1236 13 15
1118 1164 40 10
1118 1177 3 3
1118 1209 45 1
1120 1142 24 15
1120 1149 42 14
1120 1159 15 5
1121 1225 1 7
1121 1228 13 6
1122 1243 24 6
1123 1165 54 13
1127 1129 44 10
1127 1137 56 11
1127 1139 50 5
1127 1230 49 8
1128 1146 6 12
1128 1281 56 6
1129 1191 30 2
1130 1133 11 11
1130 1262 30 14
1133 1170 7 15
1133 1189 22 12
1133 1236 52 2
1135 1218 8 4
1137 1139 42 2
1138 1248 43 11
1138 1256 10 1
1139 1274 57 14
1140 1284 40 6
1141 1144 20 1
1142 1204 2 14
1142 1254 9 8
1143 1234 56 7
1144 1275 36 3
1146 1173 26 9
1146 1222 26 10
1147 1199 3 15
1148 1180 6 1
1148 1238 26 14
1150 1261 33 6
1151 1269 22 15
1153 1271 34 10
1154 1285 48 8
1156 1195 13 5
1158 1226 26 3
1158 1237 44 9
1159 1167 22 2
1163 1189 3 4
1165 1206 46 8
1166 1172 25 3
1167 1229 49 2
1169 1198 43 10
1170 1205 30 6
1170 1265 36 5
1170 1279 60 12
1171 1221 30 15
1173 1250 54 9
1174 1176 36 13
1176 1210 22 11
1177 1289 37 11
1180 1278 35 12
1181 1220 30 10
1184 1275 38 2
1187 1189 16 7
1187 1287 20 3
1188 1283 42 1
1191 1253 16 15
1195 1225 9 10
1199 1240 44 7
1201 1255 49 15
1202 1232 24 11
1202 1283 22 11
1203 1289 33 2
1206 1246 52 2
1206 1258 38 9
1207 1257 34 3
1207 1281 9 13
1210 1245 18 3
1215 1255 60 11
1216 1235 6 8
1220 1263 30 9
1221 1256 57 13
1227 1229 16 11
1229 1276 46 11
1231 1289 6 10
1233 1282 43 7
1237 1280 6 11
1242 1287 26 12
1249 1260 9 12
1257 1261 4 1
1263 1264 33 6
1275 1279 26 11

0 32 9
1 60 27
2 63 30
3 64 49
4 93 28
5 99 49
6 106 49
7 109 29
8 111 9
9 114 35
10 121 4
11 123 7
12 130 12
13 132 30
14 138 27
15 144 27
16 154 31
17 165 26
18 193 39
19 194 42
20 195 23
21 197 15
22 203 46
23 204 26
24 233 30
25 243 20
26 246 49
27 248 39
28 252 8
29 266 12
30 275 29
31 283 15
32 307 3
33 334 26
34 337 26
35 347 31
36 357 10
37 362 25
38 371 46
39 373 5
40 380 9
41 401 47
42 434 9
43 441 41
44 449 35
45 450 14
46 455 16
47 465 48
48 473 8
49 480 29
50 497 31
51 502 23
52 512 38
53 545 31
54 558 33
55 564 20
56 568 20
57 595 8
58 608 13
59 611 24
60 620 19
61 624 32
62 650 2
63 675 25
64 709 38
65 713 42
66 717 10
67 742 11
68 746 46
69 762 21
70 766 39
71 769 11
72 783 1
73 791 23
74 815 16
75 830 18
76 833 22
77 837 2
78 852 7
79 856 27
80 860 14
81 866 7
82 870 12
83 881 17
84 882 4
85 887 47
86 895 16
87 896 21
88 898 23
89 903 12
90 905 36
91 912 34
92 913 30
93 924 14
94 925 1
95 927 4
96 930 28
97 950 50
98 953 37
99 964 25
100 967 15
101 969 11
102 977 3
103 1004 27
104 1009 3
105 1011 39
106 1039 22
107 1047 15
108 1058 49
109 1081 26
110 1091 19
111 1096 30
112 1111 39
113 1118 25
114 1146 46
115 1148 32
116 1152 20
117 1166 44
118 1174 13
119 1182 9
120 1191 33
121 1207 9
122 1221 20
123 1234 23
124 1258 20
125 1259 10
126 1276 41
127 1277 49
128 1278 15
