1325 3973 132 9

0 30 2234
1 60 4335
2 90 6307
3 120 8156
4 150 9889
5 180 11510
6 210 13025
7 240 14438
8 270 15755

0 14820
1 12732
2 14727
3 15814
4 11889
5 9939
6 13266
7 13982
8 11927
9 14881
10 13119
11 11356
12 9527
13 12708
14 16483
15 12216
16 10453
17 12279
18 13285
19 13526
20 10735
21 11807
22 13097
23 12820
24 13117
25 14412
26 12576
27 11465
28 13642
29 13715
30 10581
31 13396
32 14158
33 12287
34 12930
35 15313
36 13228
37 9261
38 16327
39 16545
40 13715
41 10886
42 13759
43 13271
44 12976
45 10016
46 14198
47 15545
48 15016
49 21351
50 13833
51 11317
52 11080
53 16591
54 13385
55 13899
56 12834
57 10811
58 12840
59 14460
60 15235
61 13808
62 13445
63 12876
64 12141
65 13098
66 11802
67 14871
68 11968
69 15934
70 12852
71 11667
72 15575
73 15266
74 15913
75 16647
76 15584
77 14692
78 7968
79 13528
80 9511
81 16377
82 13317
83 16136
84 11341
85 9891
86 13542
87 13651
88 16359
89 12893
90 12466
91 15009
92 7087
93 14390
94 16042
95 9477
96 15647
97 12826
98 13599
99 11701
100 11051
101 12844
102 12472
103 11583
104 12239
105 11945
106 11272
107 9870
108 11088
109 14186
110 11468
111 13750
112 12602
113 14930
114 10807
115 15443
116 11138
117 10216
118 15981
119 14457
120 10698
121 12606
122 11506
123 14178
124 14912
125 11137
126 12546
127 16858
128 13322
129 14180
130 9395
131 12506
132 15679
133 11914
134 11522
135 10930
136 11026
137 15595
138 10490
139 15295
140 9546
141 13442
142 11825
143 16955
144 12996
145 12060
146 12644
147 14801
148 13276
149 13459
150 13297
151 15642
152 13113
153 13188
154 8802
155 13062
156 14680
157 8720
158 12068
159 13751
160 16454
161 14736
162 13258
163 13615
164 14856
165 11557
166 15768
167 11087
168 14502
169 13493
170 14420
171 14329
172 15164
173 11016
174 10946
175 17725
176 14555
177 15914
178 15240
179 14610
180 15033
181 14347
182 12036
183 12926
184 16026
185 14462
186 12706
187 12765
188 13063
189 14616
190 12394
191 9717
192 14659
193 12058
194 12273
195 13780
196 11096
197 12548
198 14900
199 15304
200 15984
201 10664
202 13618
203 13302
204 13902
205 10714
206 16693
207 13799
208 12879
209 14306
210 13570
211 12446
212 12264
213 12000
214 14239
215 15690
216 17198
217 12648
218 10104
219 13046
220 12188
221 14248
222 13127
223 10844
224 13247
225 16867
226 13434
227 13320
228 14165
229 15382
230 12814
231 15563
232 10780
233 12716
234 12545
235 12888
236 14919
237 11888
238 7398
239 13231
240 15570
241 11722
242 12886
243 17227
244 12506
245 11489
246 13933
247 13980
248 10130
249 12685
250 11728
251 14800
252 9376
253 14905
254 12224
255 14738
256 13188
257 14913
258 13720
259 9019
260 8653
261 12671
262 14121
263 16749
264 12087
265 11959
266 12340
267 13482
268 13347
269 14436
270 9847
271 8196
272 14721
273 11953
274 12205
275 11274
276 12440
277 14623
278 11706
279 11547
280 10438
281 12335
282 16028
283 13658
284 14113
285 12314
286 14638
287 14012
288 13009
289 12306
290 12837
291 7532
292 12237
293 14196
294 16919
295 16045
296 10455
297 14460
298 11441
299 13410
300 7597
301 15857
302 8751
303 11152
304 16940
305 10748
306 12290
307 13387
308 13636
309 11613
310 11136
311 12286
312 8659
313 13988
314 12258
315 9646
316 13840
317 13280
318 13915
319 8252
320 11495
321 10959
322 13490
323 12329
324 11466
325 16705
326 10696
327 10691
328 13820
329 14056
330 13479
331 15313
332 14598
333 8286
334 13606
335 15168
336 13849
337 14266
338 13267
339 12743
340 9377
341 17284
342 14490
343 10302
344 17602
345 14266
346 15183
347 10321
348 13728
349 10209
350 13407
351 16894
352 13527
353 9131
354 12449
355 15360
356 10692
357 12558
358 14060
359 11684
360 13292
361 14665
362 10397
363 13758
364 13775
365 16105
366 14798
367 12474
368 11194
369 13802
370 13533
371 10987
372 12919
373 14094
374 14219
375 14543
376 13966
377 9859
378 13739
379 11088
380 15269
381 16095
382 12407
383 11469
384 13620
385 13101
386 11447
387 13485
388 17541
389 7811
390 16091
391 12997
392 13373
393 16821
394 10060
395 14777
396 14379
397 11941
398 15981
399 13431
400 16986
401 14104
402 13340
403 13307
404 10202
405 15231
406 13680
407 13098
408 16237
409 14403
410 15707
411 11845
412 15374
413 9599
414 12422
415 16470
416 11706
417 16420
418 14843
419 15872
420 12364
421 13628
422 12136
423 9898
424 9487
425 13964
426 13903
427 17541
428 12674
429 14770
430 16927
431 16060
432 17550
433 12029
434 13814
435 18114
436 10972
437 12806
438 12188
439 13477
440 10358
441 12344
442 15754
443 15341
444 10357
445 8826
446 13754
447 15326
448 11621
449 12825
450 12889
451 14494
452 14760
453 11012
454 11662
455 15711
456 14472
457 15888
458 9663
459 13500
460 16770
461 12798
462 7974
463 11479
464 17309
465 10982
466 12383
467 15048
468 11738
469 11505
470 16020
471 13273
472 12018
473 13112
474 15577
475 15281
476 13317
477 16304
478 16360
479 15494
480 10755
481 16391
482 15606
483 12500
484 8431
485 12870
486 16846
487 11674
488 17777
489 11994
490 13318
491 12564
492 9988
493 12592
494 13572
495 14101
496 11533
497 10381
498 12963
499 14686
500 11909
501 11036
502 14969
503 10971
504 18025
505 11031
506 12900
507 11927
508 12852
509 10717
510 11437
511 16375
512 14668
513 10051
514 15730
515 10605
516 12761
517 14291
518 13854
519 14713
520 11388
521 10622
522 13643
523 15234
524 12099
525 12351
526 10869
527 11859
528 10131
529 17835
530 14432
531 12827
532 11039
533 10169
534 10569
535 12165
536 12095
537 16118
538 15395
539 10076
540 13537
541 14387
542 11509
543 11595
544 14806
545 15838
546 10320
547 12536
548 13340
549 13757
550 11724
551 14255
552 15004
553 14231
554 12504
555 13905
556 13304
557 19042
558 13333
559 14457
560 14447
561 11527
562 10167
563 11045
564 14677
565 14183
566 13450
567 13073
568 14236
569 14834
570 18355
571 12503
572 13884
573 12346
574 12435
575 16295
576 12186
577 19276
578 10538
579 14025
580 14449
581 14038
582 15597
583 14375
584 12747
585 15590
586 11250
587 14295
588 13075
589 11883
590 12277
591 15567
592 16784
593 13074
594 14332
595 12131
596 13313
597 11890
598 11826
599 13305
600 16118
601 15103
602 15895
603 14165
604 16751
605 15107
606 14771
607 16058
608 9246
609 15567
610 15463
611 16624
612 10606
613 12875
614 14768
615 14422
616 12882
617 13382
618 11543
619 14023
620 6586
621 11452
622 15717
623 15106
624 11047
625 13385
626 13785
627 13584
628 9800
629 13917
630 12649
631 14194
632 8854
633 11990
634 13880
635 16385
636 15735
637 14601
638 9999
639 11429
640 12223
641 12322
642 11347
643 13016
644 13048
645 14843
646 11487
647 12275
648 16406
649 15186
650 9162
651 14049
652 8625
653 16375
654 11961
655 14407
656 16536
657 17535
658 12547
659 10825
660 15706
661 8438
662 12718
663 10172
664 11976
665 12270
666 12599
667 13693
668 13848
669 14639
670 13118
671 11953
672 11365
673 12176
674 11191
675 14330
676 14575
677 12261
678 18568
679 10598
680 13649
681 13689
682 13680
683 15833
684 16939
685 9120
686 15522
687 17781
688 8290
689 10708
690 12305
691 15393
692 10988
693 12509
694 13311
695 11882
696 10329
697 12456
698 11339
699 8510
700 11357
701 14969
702 12938
703 13839
704 12439
705 14426
706 12349
707 14829
708 10049
709 15223
710 10863
711 13910
712 12158
713 10365
714 13654
715 17092
716 12996
717 14486
718 17199
719 14562
720 9454
721 12711
722 13235
723 13472
724 12556
725 10623
726 13272
727 15884
728 12339
729 12131
730 16281
731 11334
732 15000
733 9298
734 12008
735 15513
736 11472
737 13491
738 13430
739 16812
740 15219
741 12151
742 13141
743 15983
744 15785
745 14981
746 15420
747 16268
748 13452
749 13200
750 14625
751 14443
752 11186
753 13435
754 11551
755 14201
756 13323
757 19190
758 15063
759 14322
760 13687
761 11122
762 17964
763 11786
764 10383
765 12607
766 10446
767 13067
768 9773
769 9558
770 14919
771 12885
772 15236
773 14969
774 12143
775 13811
776 14434
777 12904
778 12896
779 13735
780 14057
781 11869
782 11251
783 15543
784 12394
785 13078
786 14558
787 10376
788 9601
789 14884
790 14276
791 14455
792 11905
793 15162
794 13191
795 9734
796 14530
797 10011
798 12621
799 11328
800 12928
801 13798
802 17259
803 14051
804 14467
805 11190
806 12918
807 11993
808 15891
809 12963
810 14444
811 10900
812 13747
813 14035
814 13529
815 14373
816 10450
817 14777
818 13639
819 14766
820 10786
821 14933
822 10759
823 16017
824 10508
825 13460
826 13391
827 16930
828 11609
829 15394
830 15642
831 13732
832 11712
833 11859
834 12072
835 13482
836 6586
837 13873
838 15003
839 13819
840 13045
841 12638
842 11020
843 14756
844 16735
845 15140
846 12226
847 13247
848 15660
849 10952
850 11101
851 14322
852 11181
853 14389
854 13129
855 13897
856 16800
857 13693
858 12209
859 17367
860 15118
861 12634
862 11870
863 14216
864 14531
865 16178
866 14654
867 10164
868 13030
869 14564
870 11932
871 10218
872 14066
873 14052
874 15951
875 11318
876 14769
877 12422
878 7986
879 9864
880 11534
881 15045
882 9478
883 12174
884 10806
885 9085
886 15527
887 13330
888 15107
889 13153
890 15939
891 14285
892 15668
893 13068
894 17531
895 12594
896 14595
897 12924
898 12524
899 14750
900 12352
901 15751
902 12974
903 11922
904 12474
905 12675
906 10234
907 15605
908 11503
909 15419
910 14567
911 13270
912 12828
913 10333
914 8638
915 13031
916 11708
917 13708
918 14792
919 14110
920 10649
921 14554
922 12235
923 8692
924 13522
925 16766
926 12701
927 11434
928 14341
929 9489
930 12740
931 13949
932 13382
933 11886
934 15299
935 8936
936 10579
937 13415
938 12602
939 9378
940 9375
941 11821
942 12857
943 13505
944 17736
945 13166
946 13935
947 17246
948 14987
949 15339
950 12216
951 11692
952 13122
953 14695
954 8318
955 10020
956 16237
957 9802
958 12812
959 12054
960 14200
961 9362
962 12774
963 14450
964 11262
965 8551
966 11745
967 10999
968 15046
969 16835
970 15363
971 12446
972 14768
973 12453
974 17148
975 13018
976 13547
977 14117
978 11313
979 16980
980 12518
981 12441
982 11967
983 10496
984 16634
985 10225
986 16932
987 11306
988 9849
989 14706
990 11265
991 13569
992 10946
993 16240
994 13155
995 11927
996 13213
997 16144
998 13732
999 12511
1000 15139
1001 16202
1002 15729
1003 14235
1004 8023
1005 16088
1006 10719
1007 10902
1008 11737
1009 15260
1010 12589
1011 13616
1012 14499
1013 15763
1014 11779
1015 12676
1016 7695
1017 12766
1018 15837
1019 12317
1020 13038
1021 11555
1022 16191
1023 13528
1024 11732
1025 11810
1026 10029
1027 10341
1028 13134
1029 6987
1030 14618
1031 11616
1032 11590
1033 12766
1034 17232
1035 14359
1036 15979
1037 11533
1038 11157
1039 12130
1040 12317
1041 17825
1042 10834
1043 13350
1044 14606
1045 10008
1046 14589
1047 10929
1048 13897
1049 14356
1050 8628
1051 14795
1052 15321
1053 15223
1054 14369
1055 8945
1056 12688
1057 12383
1058 12753
1059 11195
1060 6586
1061 13625
1062 11508
1063 15685
1064 12849
1065 13674
1066 10616
1067 16060
1068 11977
1069 11307
1070 14251
1071 12311
1072 13226
1073 13921
1074 11517
1075 16822
1076 14835
1077 8503
1078 11828
1079 14348
1080 16837
1081 12633
1082 14518
1083 14413
1084 13976
1085 9014
1086 14308
1087 16208
1088 12176
1089 12490
1090 9733
1091 13629
1092 17439
1093 13480
1094 13842
1095 14569
1096 17105
1097 10945
1098 14148
1099 12546
1100 14461
1101 12379
1102 12220
1103 16095
1104 16102
1105 12465
1106 11829
1107 13962
1108 11877
1109 13413
1110 15977
1111 13784
1112 10920
1113 14053
1114 15487
1115 16868
1116 14427
1117 13735
1118 15585
1119 11981
1120 16637
1121 19561
1122 16105
1123 13572
1124 12121
1125 11951
1126 9569
1127 12657
1128 18549
1129 12186
1130 16140
1131 16150
1132 11615
1133 15930
1134 12650
1135 14120
1136 12392
1137 16001
1138 12362
1139 13716
1140 14006
1141 13408
1142 13619
1143 13523
1144 15115
1145 13777
1146 12465
1147 12611
1148 15933
1149 13341
1150 11445
1151 12053
1152 14251
1153 14575
1154 12422
1155 14799
1156 11548
1157 11711
1158 16240
1159 15015
1160 9099
1161 13762
1162 13011
1163 11467
1164 8094
1165 12446
1166 14729
1167 10309
1168 13193
1169 19050
1170 10631
1171 9466
1172 12933
1173 14249
1174 10906
1175 13807
1176 12474
1177 11809
1178 12929
1179 12973
1180 12664
1181 14317
1182 13535
1183 13692
1184 12891
1185 12351
1186 13024
1187 13726
1188 9436
1189 10460
1190 17724
1191 15077
1192 14627
1193 16082
1194 14664
1195 15558
1196 13358
1197 13406
1198 11418
1199 15425
1200 11762
1201 12220
1202 17202
1203 13345
1204 14108
1205 11581
1206 12715
1207 16376
1208 12198
1209 11600
1210 16057
1211 13311
1212 12756
1213 12731
1214 10862
1215 12273
1216 16268
1217 12577
1218 12465
1219 8936
1220 9862
1221 11938
1222 13264
1223 10950
1224 13790
1225 13554
1226 17717
1227 14679
1228 13308
1229 11576
1230 11158
1231 17629
1232 15473
1233 11310
1234 17745
1235 13739
1236 13606
1237 13020
1238 16131
1239 15463
1240 14386
1241 11574
1242 15690
1243 6586
1244 12133
1245 12894
1246 9864
1247 13273
1248 11741
1249 13256
1250 15583
1251 15365
1252 11274
1253 14924
1254 14311
1255 13366
1256 15893
1257 15141
1258 14054
1259 13845
1260 6861
1261 11246
1262 13501
1263 13226
1264 12692
1265 9825
1266 12715
1267 13555
1268 10937
1269 14462
1270 9390
1271 11602
1272 14442
1273 17703
1274 11317
1275 13304
1276 13539
1277 14807
1278 10460
1279 8828
1280 12500
1281 13760
1282 12768
1283 12353
1284 11510
1285 15707
1286 12992
1287 10085
1288 9497
1289 12612
1290 10156
1291 18328
1292 9823
1293 10671
1294 13478
1295 14421
1296 15217
1297 16927
1298 13718
1299 14950
1300 12515
1301 13468
1302 13042
1303 14945
1304 14576
1305 15179
1306 11893
1307 13485
1308 14443
1309 15868
1310 15278
1311 14147
1312 11370
1313 13358
1314 13081
1315 13726
1316 16128
1317 7265
1318 12628
1319 13387
1320 12650
1321 12105
1322 13015
1323 14641
1324 13643

0 75 27 4
0 325 41 12
0 351 11 10
0 375 31 15
0 485 5 14
0 492 48 14
0 548 59 7
0 744 50 10
0 800 55 6
0 908 1 1
0 1028 12 14
0 1057 53 7
0 1136 21 15
0 1151 49 1
0 1277 4 2
0 1298 56 8
1 295 60 1
1 375 11 4
1 805 57 4
1 952 30 8
1 960 4 15
1 1019 13 12
1 1110 37 14
1 1151 18 10
1 1163 3 10
1 1192 53 9
1 1232 33 2
1 1277 43 12
2 237 42 5
2 253 6 10
2 255 13 5
2 363 4 10
2 375 15 11
2 565 58 7
2 683 59 10
2 1151 4 7
2 1277 42 12
3 520 19 6
3 553 16 3
4 29 4 5
4 160 17 14
4 690 12 7
4 803 39 1
4 908 20 13
4 969 30 10
4 1041 42 9
4 1133 18 6
5 112 30 9
5 245 27 1
5 784 34 12
5 836 53 12
5 881 49 8
5 907 54 6
5 1033 31 1
6 275 7 10
6 517 55 10
6 1230 55 14
7 106 41 2
7 532 5 3
7 899 52 13
7 1168 19 1
8 739 7 13
8 854 36 7
8 917 23 1
8 1105 40 9
8 1129 49 7
9 132 13 6
9 180 57 8
9 281 5 4
9 477 10 5
9 519 39 7
9 758 4 14
9 797 19 8
9 1010 24 5
9 1026 33 8
9 1193 14 9
10 95 5 13
10 106 23 6
10 293 45 10
10 318 45 10
10 539 9 12
10 607 60 14
10 1214 55 9
10 1236 14 2
11 34 27 6
11 173 1 15
11 444 29 6
11 738 48 15
11 1045 56 7
11 1060 58 8
11 1317 18 8
12 318 4 4
12 354 11 2
12 631 6 13
12 893 47 2
12 1026 42 5
12 1236 34 8
13 348 47 6
13 683 18 9
13 1035 17 15
14 675 35 12
14 835 12 2
14 891 52 11
15 525 2 14
15 709 5 1
15 807 9 5
15 908 33 1
15 989 25 8
15 1067 53 15
16 115 20 3
16 122 50 6
16 128 48 14
16 544 53 9
16 852 52 11
16 1254 34 12
17 44 4 11
17 140 17 6
17 541 15 11
17 1206 32 2
18 72 35 15
18 104 6 11
18 135 59 5
18 198 31 13
18 660 26 1
18 713 50 3
18 1100 19 14
19 432 51 14
19 556 2 10
19 773 59 7
19 923 33 5
19 1089 6 13
19 1240 51 7
19 1241 40 15
20 268 2 1
20 277 4 14
20 683 21 11
20 902 14 10
20 1183 45 7
21 304 31 9
21 369 38 6
21 450 33 8
21 1199 54 12
22 51 50 12
22 60 31 4
22 72 27 1
22 144 7 1
22 472 32 3
22 479 4 8
22 628 17 3
23 151 23 2
23 374 60 12
23 505 45 1
23 991 45 15
23 1089 50 4
23 1290 48 5
24 80 37 10
24 148 29 3
24 219 3 15
24 545 11 1
24 1146 46 6
24 1227 21 3
25 30 2 8
25 193 50 7
25 597 21 4
25 724 15 9
25 744 57 5
25 839 38 4
25 874 34 2
26 281 46 3
26 628 53 15
26 843 17 8
26 1265 49 4
27 319 34 10
27 321 23 14
27 513 32 11
27 860 32 12
28 670 44 4
28 725 59 7
28 1007 1 6
28 1210 26 4
29 385 51 2
29 826 1 10
29 949 20 15
29 1082 33 1
30 71 10 5
30 382 57 8
30 506 19 11
30 654 57 1
30 877 26 13
30 915 17 8
30 1173 52 3
30 1274 30 8
31 256 60 13
31 1039 26 9
31 1078 45 13
31 1210 46 9
32 135 54 6
32 394 42 4
32 397 53 14
32 443 16 1
32 444 37 6
32 875 37 8
32 954 10 5
33 440 30 5
34 99 26 12
34 173 7 15
34 231 4 7
34 322 11 1
34 867 10 9
34 1114 57 10
35 131 27 6
35 863 48 13
35 991 42 7
36 203 3 6
36 291 50 9
36 391 15 13
36 647 9 9
36 907 55 15
36 934 60 6
36 981 36 11
37 353 2 15
37 623 60 10
37 1026 47 10
37 1202 49 14
38 371 30 3
38 1100 32 6
38 1101 50 1
39 705 6 7
39 851 51 1
39 1131 18 4
39 1202 3 2
39 1217 36 14
39 1292 45 15
39 1318 52 15
40 217 9 7
40 258 7 13
40 394 27 5
40 432 23 3
40 634 40 8
40 660 33 1
40 732 21 15
40 822 32 11
40 1256 22 9
41 138 3 2
41 261 44 10
41 347 6 6
41 500 5 8
41 642 37 8
41 898 56 5
41 1042 39 15
41 1109 22 3
41 1292 19 10
41 1302 41 8
42 395 49 14
42 655 33 8
42 745 48 15
42 1178 4 14
42 1194 54 5
43 199 19 6
43 325 1 10
43 441 16 12
43 771 38 10
43 849 59 5
43 923 33 4
43 1160 59 15
43 1167 32 9
43 1207 12 12
43 1248 17 13
44 253 48 8
44 482 2 5
44 661 1 10
44 709 32 12
44 738 39 1
44 816 18 3
44 942 6 4
45 617 27 1
45 958 35 14
45 1206 10 10
45 1313 14 10
46 136 33 7
46 143 26 10
46 239 23 9
46 324 14 15
46 499 60 8
47 337 6 13
47 921 2 12
47 1185 36 4
47 1248 59 10
48 96 53 5
48 461 26 1
48 663 18 1
48 952 42 2
48 1067 44 10
48 1094 3 10
48 1194 7 9
49 190 49 11
49 315 14 3
49 821 20 15
49 913 9 7
50 144 39 15
50 146 53 13
50 544 3 3
50 656 27 15
50 673 15 9
50 774 4 3
51 146 36 3
51 255 22 2
51 300 33 2
51 351 11 9
51 603 24 12
51 784 9 4
51 904 19 9
51 1189 52 13
52 162 8 1
52 284 16 15
52 965 19 11
52 1018 27 13
52 1120 52 10
53 321 12 7
53 460 25 5
53 565 33 8
53 643 32 14
53 727 7 2
53 1129 56 13
53 1275 2 3
54 94 17 12
54 389 46 7
54 576 14 7
54 652 7 2
54 1185 34 3
54 1222 20 15
55 58 20 3
55 417 4 11
55 437 44 1
55 669 49 3
55 818 20 1
55 939 56 6
55 1010 9 2
56 267 43 7
56 313 19 15
56 354 21 1
56 690 58 6
56 978 36 3
56 1096 18 9
57 445 18 13
57 816 7 5
58 182 23 3
58 318 6 14
58 405 30 11
58 945 48 4
58 1001 31 15
59 439 20 9
59 553 44 7
59 557 12 8
59 668 27 15
59 1157 20 3
59 1302 43 4
60 331 6 7
60 366 42 4
60 630 13 7
60 679 50 8
60 1233 56 4
61 117 39 2
61 208 48 8
61 355 40 9
61 529 56 6
61 1128 11 8
61 1313 34 9
62 640 19 9
62 721 18 2
62 829 21 11
62 929 42 9
63 610 19 12
63 655 24 9
63 1131 37 11
63 1184 21 8
63 1197 59 11
64 133 59 10
64 251 29 1
64 516 38 9
64 821 34 13
64 1141 13 14
65 234 29 9
65 900 30 9
66 489 3 12
66 758 38 15
66 810 7 9
66 812 56 8
66 816 24 5
66 1266 60 5
67 73 11 2
67 111 25 3
67 229 57 1
67 554 18 9
67 642 57 11
67 738 16 11
68 155 56 9
68 316 30 9
68 759 27 11
68 789 43 4
68 960 53 2
68 1227 8 9
68 1285 56 12
68 1311 15 4
69 120 29 10
69 189 59 1
69 446 25 12
69 504 47 14
70 72 41 7
70 652 10 1
70 818 9 15
70 1182 2 3
70 1249 47 9
71 126 23 3
71 613 24 7
71 696 12 10
71 789 42 10
71 995 57 8
72 201 1 4
72 692 40 6
72 696 6 11
72 876 4 13
72 896 8 10
72 1125 14 12
73 175 60 2
73 617 10 13
73 760 9 15
73 929 10 9
73 981 18 1
74 228 29 11
74 401 17 1
74 713 12 12
74 787 60 8
74 1206 3 12
74 1239 52 14
75 85 42 11
75 398 43 2
75 533 2 4
75 641 52 10
75 728 59 14
75 883 35 9
76 729 1 12
76 1181 32 4
77 480 8 4
77 666 14 7
77 674 30 3
77 1049 22 14
77 1149 15 12
78 155 45 1
78 883 5 15
78 960 24 6
79 287 30 14
79 688 9 9
79 754 34 14
79 814 38 6
79 1066 58 9
79 1101 36 14
79 1174 52 10
79 1232 58 5
80 179 31 15
80 365 20 5
80 427 15 5
80 985 8 14
81 127 31 4
81 247 46 15
81 564 53 6
81 832 38 15
82 264 30 11
82 488 52 5
82 767 21 11
82 801 24 3
82 822 1 5
82 991 42 11
82 1006 1 13
83 286 17 2
83 295 16 13
83 350 50 3
83 558 37 12
83 837 36 12
83 1036 4 14
84 153 39 10
84 554 60 8
84 627 55 12
84 819 60 4
85 96 12 15
85 145 32 14
85 326 58 9
85 377 13 11
85 556 30 6
85 586 34 4
85 876 37 15
86 429 1 15
86 627 12 7
86 823 27 3
86 1016 15 3
86 1303 34 15
87 300 31 2
87 678 13 6
87 878 17 1
87 1198 15 8
87 1229 13 7
88 345 6 11
88 351 43 10
88 504 31 5
88 822 23 7
89 182 16 9
89 618 27 3
89 742 27 3
89 976 9 2
89 1103 2 12
90 190 22 6
90 363 3 1
90 593 59 7
90 697 10 2
90 1075 8 11
91 853 47 10
91 966 56 5
91 1010 23 6
91 1019 40 4
91 1062 52 12
91 1079 35 9
91 1179 30 12
91 1295 41 2
91 1323 31 8
92 151 1 8
92 205 29 2
92 249 33 9
92 511 23 9
92 605 13 9
92 621 37 6
92 1020 57 11
93 827 53 12
93 1090 2 10
93 1191 58 6
94 214 5 13
94 854 37 8
94 1323 11 12
95 192 5 12
95 1297 8 14
96 594 15 8
96 698 32 11
96 988 48 8
97 236 13 6
97 1169 48 5
97 1172 37 14
97 1215 57 1
98 107 12 14
98 110 52 15
98 987 40 10
98 1070 39 12
98 1081 34 13
99 179 44 14
99 493 59 4
99 638 49 12
99 666 7 1
99 785 58 14
99 1097 10 3
99 1204 12 10
99 1229 33 15
100 138 48 6
100 537 49 2
100 548 37 3
100 575 8 6
100 784 42 1
100 938 17 3
100 978 32 13
100 1080 1 1
100 1220 44 6
101 124 55 6
101 151 19 4
101 224 40 2
101 260 9 14
101 269 55 15
101 323 7 9
101 544 17 11
101 894 25 9
101 944 4 4
101 970 31 14
101 1314 28 14
102 484 40 11
102 539 53 8
102 869 42 10
102 1020 58 2
102 1183 2 11
102 1307 50 2
103 399 47 3
103 437 59 7
103 850 18 9
103 891 14 3
103 1119 15 3
103 1256 25 13
104 566 50 9
104 574 17 6
104 640 27 13
104 663 24 7
104 779 56 13
104 1312 9 13
105 598 9 15
105 1088 23 6
105 1255 49 6
106 399 1 15
106 558 24 2
106 683 35 12
106 933 31 7
106 1093 18 10
106 1170 17 13
106 1251 4 8
107 579 39 9
107 1033 26 7
107 1096 8 7
108 157 22 3
108 481 43 13
108 809 40 5
108 810 6 7
108 1010 19 1
108 1078 33 2
109 403 31 10
109 538 4 8
109 644 18 2
109 1146 58 3
109 1164 17 4
109 1217 1 14
109 1321 9 12
110 340 12 8
110 357 20 6
111 125 21 9
111 244 3 15
111 539 33 2
111 605 16 12
111 647 19 5
111 658 21 7
111 942 19 3
111 963 7 3
111 1014 29 15
111 1298 8 14
112 209 7 6
112 301 58 3
113 133 12 6
113 429 4 3
113 437 4 1
113 454 2 10
114 260 54 5
114 800 31 4
115 1303 14 10
116 118 9 10
116 732 60 5
116 1082 37 15
116 1160 52 10
116 1200 28 9
117 160 31 10
117 343 5 4
117 539 54 6
117 741 56 15
117 758 6 14
117 827 42 5
117 868 57 11
117 1114 26 8
117 1287 20 4
118 796 26 11
118 995 16 14
118 1055 27 5
118 1201 50 4
118 1323 59 14
119 211 18 11
119 222 42 13
119 268 34 8
119 434 39 7
119 499 28 5
119 528 57 10
119 540 60 1
119 631 21 12
120 214 14 15
120 308 11 3
120 586 35 11
120 657 36 5
120 853 48 13
120 1121 2 14
120 1237 19 11
120 1263 41 6
121 245 24 8
121 456 23 4
121 791 50 8
121 869 13 10
121 1054 16 14
121 1212 4 6
122 203 39 11
122 280 15 12
122 482 54 3
122 485 50 10
122 606 37 13
122 911 48 11
122 930 37 3
122 979 48 13
122 1177 9 5
123 234 58 14
123 473 39 6
123 607 9 4
123 906 17 12
123 1200 36 9
123 1320 10 3
124 367 34 8
124 601 60 14
124 1065 52 6
124 1282 55 12
124 1290 13 13
125 208 38 4
125 279 6 13
125 392 57 10
125 401 37 13
125 606 49 12
125 741 12 6
125 1299 58 7
126 134 39 3
126 170 46 12
126 1174 58 4
126 1188 37 11
126 1231 4 5
127 388 51 15
127 441 21 6
127 521 1 6
127 666 57 13
127 1204 31 14
127 1218 60 8
128 190 28 13
128 349 52 11
128 952 60 14
129 568 2 14
129 599 26 5
129 709 16 7
129 1266 46 3
130 379 18 9
130 414 31 1
130 514 32 15
130 722 44 13
130 925 21 5
130 1133 14 13
131 311 50 1
131 404 28 13
131 416 38 7
131 448 37 9
131 496 7 13
131 673 52 12
131 692 53 14
132 248 57 10
132 274 28 5
132 501 17 11
132 716 41 6
132 1234 29 6
133 333 10 5
133 341 31 2
133 583 36 1
133 814 35 10
133 1006 55 2
134 428 15 14
134 493 37 15
134 697 17 1
134 904 21 1
134 1320 52 9
134 1324 8 10
135 847 3 2
135 1275 41 6
136 476 29 1
136 985 26 13
136 1035 17 14
137 499 52 14
137 700 14 2
137 743 37 5
137 1014 25 7
137 1056 6 5
137 1248 24 7
137 1301 33 8
138 212 30 2
138 248 57 13
139 149 50 10
139 373 41 2
139 656 13 9
139 678 14 12
139 786 34 13
139 795 41 7
139 819 40 4
139 1189 13 2
139 1209 9 14
141 301 42 8
141 310 2 10
141 422 55 15
141 569 29 3
141 625 29 8
141 640 16 2
141 1105 16 7
141 1146 49 1
142 453 13 1
142 608 15 8
142 701 51 4
143 209 40 10
143 551 25 2
144 208 2 5
144 361 45 12
144 600 36 2
145 162 12 13
145 682 52 11
145 970 28 10
146 264 20 4
146 539 37 8
146 550 46 9
146 595 8 13
146 949 50 8
146 984 37 10
146 1176 20 1
147 352 2 3
147 386 48 4
147 521 18 13
147 682 36 7
148 200 16 2
148 527 57 14
148 631 54 9
149 328 56 5
149 478 11 8
149 1115 46 3
149 1123 20 10
149 1313 2 10
150 363 21 1
150 405 33 12
150 797 60 15
150 1228 18 12
150 1245 19 10
150 1257 14 2
151 272 26 11
151 459 5 7
151 718 24 10
151 739 57 15
151 908 32 2
151 1194 18 14
152 338 23 12
152 383 17 11
152 500 7 14
152 570 1 8
152 897 15 7
152 1159 10 3
153 424 52 14
153 431 21 7
153 644 50 3
153 676 11 2
153 988 59 13
153 1263 22 5
153 1290 22 2
154 265 26 9
154 379 49 9
154 485 24 3
154 621 29 15
154 855 14 12
154 899 19 13
154 962 5 1
154 1296 16 5
155 326 29 3
155 553 48 10
155 779 26 3
155 787 25 15
155 849 33 15
155 873 17 15
155 882 23 11
155 1005 28 3
155 1050 20 7
155 1186 29 4
156 190 11 10
156 334 45 5
156 340 32 10
156 586 60 5
156 814 20 4
156 1123 2 6
156 1265 32 5
157 704 6 8
157 763 15 7
157 1134 8 11
157 1210 6 4
158 398 27 3
158 631 48 2
158 738 57 5
158 791 51 2
158 899 57 12
158 1250 39 4
159 479 53 5
159 685 44 10
159 830 11 10
159 1134 46 1
159 1269 30 11
159 1290 33 7
160 1204 14 3
161 246 31 2
161 535 33 1
162 514 25 1
162 660 19 6
162 786 49 9
162 851 6 4
162 957 23 5
162 1266 45 8
163 247 10 9
163 397 13 4
163 412 12 4
163 480 21 8
163 726 34 4
163 772 51 14
163 925 16 14
163 1002 23 2
163 1092 21 3
164 283 45 5
164 289 29 14
164 449 42 4
164 493 33 14
164 1125 57 15
164 1286 10 14
165 364 35 7
165 827 48 5
165 833 19 12
165 1008 44 5
165 1065 14 10
165 1195 10 11
166 269 58 9
166 333 32 7
166 356 20 10
166 537 18 11
166 957 1 3
166 1037 31 10
166 1246 57 6
167 205 48 8
167 426 14 2
167 984 29 4
167 1056 19 14
167 1245 37 5
168 213 3 11
168 383 2 4
168 581 55 11
168 583 53 14
168 809 58 15
168 892 37 15
169 210 33 12
169 334 19 14
169 376 60 10
169 377 3 2
169 503 41 11
169 605 53 1
169 779 49 8
169 811 32 9
169 1138 1 11
169 1209 5 3
169 1228 8 12
169 1239 19 15
170 718 31 15
170 913 56 2
171 441 4 7
171 544 14 14
171 691 8 14
171 757 57 12
171 972 3 8
171 1217 37 13
172 564 54 7
172 1130 23 15
173 279 10 15
173 1073 38 10
174 431 41 2
174 1086 12 7
174 1241 31 1
175 213 43 14
175 246 46 12
175 398 56 9
175 546 53 7
175 812 56 4
175 947 46 15
175 1025 50 8
175 1049 35 7
175 1114 33 13
175 1258 31 14
176 249 32 5
176 264 36 10
176 488 22 14
176 653 14 7
176 746 10 7
176 1064 39 9
176 1311 15 3
176 1315 57 11
177 180 25 1
177 936 11 6
178 197 5 1
178 431 19 2
178 702 44 15
178 805 39 1
178 1185 26 11
179 337 44 5
179 439 2 1
179 514 26 4
179 627 50 1
179 835 5 13
179 870 15 12
179 989 40 7
180 281 52 1
180 492 41 15
180 721 44 12
180 951 60 11
180 1062 39 5
180 1137 13 6
180 1150 7 9
180 1203 53 3
181 586 29 13
181 843 1 5
182 335 11 1
183 264 52 11
183 916 55 8
183 987 46 6
184 969 57 9
184 1294 49 1
185 300 4 9
185 525 5 5
185 902 52 4
186 476 44 15
186 691 26 13
186 737 2 1
186 909 3 15
186 913 22 13
186 1065 58 14
186 1077 52 9
186 1179 19 9
186 1317 4 4
187 217 58 3
187 309 56 8
187 347 20 1
187 842 6 1
187 1000 52 1
187 1291 2 8
188 796 48 10
188 950 6 6
189 227 2 7
189 297 5 2
189 534 50 8
189 618 29 15
189 778 13 11
189 880 29 12
189 1257 16 10
189 1260 51 3
190 399 42 8
190 400 39 15
190 473 10 14
190 607 60 7
190 808 40 11
191 463 46 6
191 942 21 4
191 996 40 3
192 193 1 9
192 444 45 8
192 503 59 9
192 699 21 11
192 1081 15 3
192 1177 17 8
192 1296 22 8
193 437 5 15
193 495 47 3
193 669 29 15
193 769 30 3
193 1297 7 15
194 205 43 11
194 460 41 12
194 1141 23 14
194 1165 29 4
194 1196 12 3
195 460 16 10
195 661 41 12
195 717 10 5
195 865 36 1
195 944 3 13
195 1238 11 1
195 1240 43 13
196 478 35 3
196 506 38 13
196 523 46 11
197 297 24 9
197 475 35 11
197 704 54 7
197 893 57 14
197 1040 51 6
197 1263 30 6
198 235 25 9
198 238 43 13
198 318 2 4
198 441 28 6
198 574 47 9
198 802 9 5
198 862 35 11
198 1159 36 12
198 1213 46 1
198 1312 40 8
199 203 56 1
199 502 20 1
199 691 17 15
199 971 8 3
199 972 37 13
199 1079 44 1
199 1113 9 14
199 1249 35 9
200 350 41 8
200 461 25 2
200 670 16 3
200 704 8 14
200 1263 42 2
201 311 12 1
201 329 40 15
201 649 51 11
201 788 52 3
201 1188 36 15
201 1246 19 2
201 1286 36 10
202 571 46 2
202 960 46 6
202 1075 60 15
203 393 27 2
203 439 9 4
203 871 53 3
203 899 33 11
203 900 12 14
203 1007 31 1
203 1242 30 4
204 247 56 7
204 744 6 14
204 1022 36 10
204 1108 37 11
205 206 31 15
205 278 44 7
205 341 16 2
205 378 33 14
205 838 56 10
205 871 36 1
205 1103 13 3
205 1290 48 8
206 393 6 3
206 653 42 3
206 934 34 10
206 985 33 2
207 694 42 11
207 757 37 1
207 1025 38 5
207 1089 27 10
208 212 34 2
208 376 50 1
208 476 35 9
208 709 17 1
208 1189 16 8
209 211 34 10
209 233 33 12
209 486 30 2
209 513 13 2
209 521 47 1
209 571 29 4
209 598 47 13
210 212 16 2
210 270 57 2
210 461 15 13
210 523 6 11
210 541 13 11
210 658 40 4
210 739 54 3
210 1048 44 11
210 1188 46 1
210 1249 11 9
211 414 46 15
211 724 24 7
211 869 21 5
211 951 43 11
211 1231 18 1
212 506 34 14
212 629 16 11
212 704 4 2
212 757 35 5
212 1122 21 13
212 1291 11 9
213 251 44 3
213 503 26 3
213 1070 7 11
213 1074 36 3
213 1159 3 5
213 1311 8 1
214 406 30 11
214 707 48 1
214 865 56 11
214 866 55 2
214 969 12 11
214 1044 8 9
214 1115 22 11
214 1184 34 7
214 1240 12 14
215 288 5 6
215 628 56 4
215 741 33 13
215 880 53 7
215 999 26 4
216 223 35 11
216 758 59 4
216 1033 30 12
216 1084 42 11
216 1169 14 3
217 362 56 9
217 395 1 14
217 687 19 8
217 912 51 3
217 1324 9 10
218 277 17 8
218 330 20 7
218 382 10 5
218 1125 9 14
219 431 41 10
219 530 49 8
219 779 22 2
219 854 47 6
219 1087 16 8
219 1251 57 4
220 452 24 15
220 646 16 4
220 771 27 12
220 897 60 4
220 988 28 11
220 1219 32 9
221 222 28 3
221 241 28 11
221 543 34 8
221 547 51 13
221 663 54 10
221 853 32 8
221 1169 15 13
222 248 57 5
222 327 33 1
222 374 50 8
222 430 5 8
222 651 34 13
222 1308 47 6
223 371 31 6
223 737 47 8
223 751 48 15
223 907 36 13
223 973 28 14
223 1093 44 10
224 464 10 1
224 558 25 15
224 591 59 13
224 1321 55 4
225 335 10 7
225 721 57 13
225 1245 13 2
226 617 42 12
226 714 5 11
226 825 34 8
227 246 21 8
227 254 3 12
227 306 36 10
227 388 18 14
227 443 11 9
227 458 46 13
227 502 4 3
227 787 46 15
228 935 43 5
228 1199 35 15
228 1304 46 4
229 376 48 12
229 612 53 10
229 678 3 6
229 713 31 5
229 1025 5 9
229 1141 18 3
229 1205 30 13
230 648 48 12
230 667 4 5
230 738 51 11
230 972 47 8
230 1066 33 15
230 1158 4 13
231 232 11 15
231 417 32 8
231 960 4 12
231 1203 5 1
232 584 37 6
232 1149 9 14
233 559 57 1
233 932 7 14
233 1253 50 11
234 285 59 11
234 651 15 10
234 698 21 13
234 747 41 10
234 903 3 7
234 966 25 7
234 1316 39 13
235 543 51 8
235 667 33 15
236 575 44 14
236 582 33 6
236 992 7 14
236 1024 49 7
236 1113 22 2
236 1317 13 1
237 1152 27 6
237 1294 59 10
238 449 43 3
238 739 39 3
238 980 57 9
238 1198 45 1
238 1242 25 15
239 339 10 13
239 352 59 3
239 658 58 15
239 1119 23 3
240 307 45 6
240 911 51 12
241 313 46 1
241 777 38 3
241 800 46 2
242 376 41 9
242 683 34 10
242 806 15 7
242 936 18 12
242 1042 48 12
243 823 35 9
243 845 11 1
243 1237 55 9
244 576 20 5
244 623 33 10
244 788 34 11
244 872 15 5
244 919 26 7
244 920 45 5
244 1154 2 3
245 780 59 4
245 1063 42 6
246 288 33 4
246 358 27 6
246 445 1 9
246 477 60 15
246 920 38 2
246 1063 39 11
247 277 48 12
247 520 20 13
247 896 2 9
247 1193 13 7
248 261 9 9
248 470 31 12
248 473 38 14
248 692 42 1
248 971 31 10
248 1038 56 13
248 1159 44 4
249 404 24 9
249 462 3 7
249 1137 16 1
249 1319 28 12
250 266 36 11
250 431 21 5
250 596 7 9
250 1197 46 11
251 697 4 13
251 762 37 5
252 309 1 3
252 648 32 9
252 980 14 4
253 333 1 2
253 477 19 2
253 484 50 3
253 561 27 3
253 795 11 3
253 1009 36 14
253 1014 42 3
254 278 50 15
254 880 47 8
254 999 12 4
255 393 37 13
255 529 56 1
255 585 30 15
255 904 36 2
255 924 16 5
255 1229 26 14
255 1247 48 4
255 1309 37 10
256 346 29 4
256 523 22 7
256 674 31 5
256 1004 58 7
256 1231 32 8
257 264 39 14
257 867 37 6
257 917 16 10
257 1176 13 8
258 422 15 8
258 467 23 15
258 517 29 15
258 523 9 10
258 647 34 5
258 724 42 14
258 1193 37 13
258 1218 27 15
258 1281 4 14
259 348 56 5
259 514 9 12
259 532 45 1
259 716 60 9
259 791 44 9
260 1073 3 1
261 748 13 12
261 1017 54 7
261 1132 44 15
262 383 22 11
262 409 23 14
262 644 31 15
262 730 57 2
262 922 27 11
262 981 19 10
263 431 17 10
263 508 15 4
263 660 44 5
263 1139 30 12
263 1320 49 6
264 407 52 6
264 430 44 12
264 491 46 5
264 781 13 1
265 300 17 4
265 360 47 2
265 658 23 11
265 847 11 7
265 1111 7 4
266 814 18 13
266 1248 11 10
266 1261 25 7
266 1283 28 5
267 313 39 9
267 362 28 15
267 678 33 11
267 1037 39 7
267 1226 41 6
267 1322 47 5
268 324 23 7
268 472 39 8
268 500 13 14
268 607 42 7
268 913 55 5
268 1126 56 7
268 1143 30 15
268 1242 57 4
269 591 53 8
269 1223 56 2
270 784 33 11
271 760 13 11
271 1215 25 7
272 518 37 7
272 584 14 7
272 728 5 8
272 1299 3 15
273 277 30 13
273 997 26 8
273 1033 21 6
274 335 52 13
274 339 42 12
274 384 21 15
274 565 41 8
274 584 21 3
274 688 18 4
274 853 51 5
274 865 54 7
274 908 15 12
274 995 58 13
274 1113 56 1
274 1266 20 10
275 483 10 4
275 1086 51 12
276 440 18 12
277 409 25 14
277 970 54 2
278 523 37 6
278 997 59 9
278 1287 40 11
279 566 39 10
279 610 51 6
279 787 7 5
279 1282 12 7
280 1258 12 12
281 423 53 5
281 496 15 14
281 665 30 12
281 1280 46 4
281 1316 32 1
282 1002 50 5
282 1116 23 11
283 586 44 7
283 693 51 10
283 788 39 9
283 1199 29 3
284 393 60 14
284 604 45 15
284 781 60 10
284 919 3 5
285 392 48 11
285 764 36 3
285 944 11 2
285 1106 39 12
286 350 56 2
286 674 46 7
286 753 17 1
286 1052 16 6
286 1105 49 1
286 1164 20 14
287 416 33 6
288 531 56 8
288 581 54 4
288 787 47 15
288 944 45 15
288 962 28 2
288 1096 47 12
288 1108 35 7
288 1246 40 11
289 302 58 7
289 376 35 15
289 550 14 10
289 551 47 5
289 921 51 13
289 993 55 5
289 1068 3 4
289 1199 45 2
289 1230 10 13
289 1231 60 11
289 1244 50 8
290 473 14 3
290 798 45 8
290 1251 38 12
291 299 14 3
291 822 6 1
291 1072 15 13
292 775 11 3
292 1012 3 9
292 1013 24 9
293 894 59 7
293 923 19 14
293 1101 40 11
293 1126 29 8
293 1156 37 13
293 1177 60 14
294 301 27 5
294 328 55 9
294 621 36 9
294 831 39 1
294 848 23 7
294 969 4 8
294 1006 8 9
295 300 6 7
295 391 28 4
295 472 8 13
295 506 28 2
295 732 3 4
295 775 60 15
295 898 14 2
295 940 31 8
295 953 24 14
295 960 60 6
295 995 55 11
296 368 45 10
296 492 57 2
296 611 37 6
296 624 1 11
296 715 52 12
296 736 36 12
296 1171 54 9
296 1316 17 12
297 354 6 2
297 721 34 11
297 723 57 1
297 747 8 7
297 1121 10 9
297 1309 42 4
298 428 33 4
298 566 16 3
298 740 14 3
298 1132 13 10
298 1143 34 14
298 1200 2 2
298 1215 14 6
299 327 2 13
299 455 49 4
299 1021 54 9
300 655 9 12
300 728 6 9
300 1165 34 14
300 1320 45 5
301 810 46 1
301 848 35 3
301 944 48 10
301 954 30 13
301 1016 15 4
302 330 53 6
302 757 20 12
302 856 25 3
303 772 41 5
303 877 30 5
303 914 57 3
303 1195 9 11
303 1223 3 6
304 648 41 7
304 689 20 11
304 714 19 5
304 863 7 4
304 897 43 5
304 1017 6 7
304 1061 17 3
304 1283 36 5
305 579 10 12
305 723 33 12
305 839 4 8
305 853 7 5
306 336 12 5
306 1036 34 15
307 814 33 7
308 365 47 9
308 465 51 4
308 498 33 5
308 561 34 10
308 620 26 4
308 782 37 14
308 831 54 10
308 1107 21 1
308 1124 24 1
308 1258 49 5
309 607 44 13
309 693 40 14
309 873 53 7
309 1165 13 12
309 1263 46 3
310 409 35 8
310 501 3 10
310 589 8 14
310 637 40 2
310 773 26 11
310 1010 22 14
310 1031 29 1
310 1070 59 14
311 782 54 11
311 803 21 15
312 502 38 15
313 354 9 14
313 369 20 7
313 379 25 6
313 514 52 3
313 701 30 14
313 1060 7 6
313 1206 12 8
313 1243 51 10
313 1256 45 3
314 543 18 6
314 731 34 10
314 746 58 2
314 979 59 2
314 1133 15 7
315 351 45 3
315 438 17 14
315 464 31 11
315 523 38 12
315 1030 20 12
315 1161 16 13
315 1284 48 11
316 392 26 1
316 458 12 14
316 578 35 5
316 1025 2 2
316 1075 19 7
316 1258 12 4
316 1283 25 7
317 597 17 9
317 665 51 1
317 1104 38 4
317 1199 57 10
318 522 16 1
318 669 44 13
318 845 29 6
318 968 44 14
319 729 2 6
319 955 18 8
319 1013 32 13
319 1234 16 9
319 1280 45 3
320 664 8 5
321 410 42 7
321 1238 34 2
322 330 18 2
322 431 34 6
322 832 17 10
322 1023 53 2
323 458 50 5
323 813 16 12
323 900 49 12
323 1255 14 11
324 411 50 13
324 809 50 8
324 1058 50 8
324 1301 55 9
325 512 25 14
325 885 36 11
325 1214 1 3
326 780 37 10
326 797 33 10
326 928 5 9
326 1040 35 1
326 1048 52 10
326 1062 33 11
326 1107 46 1
326 1292 20 6
327 454 41 11
327 598 47 15
327 647 3 6
327 1312 44 9
328 362 54 7
328 442 33 2
328 489 41 12
328 824 21 15
328 1245 59 5
328 1256 58 14
329 1048 22 5
330 861 32 5
330 990 5 11
330 1044 32 9
330 1232 57 13
331 424 25 9
331 704 16 4
332 479 26 12
332 730 51 7
332 807 11 10
332 852 9 6
332 1323 39 14
333 351 1 1
333 550 40 11
333 617 26 8
333 696 28 9
333 715 8 5
333 864 2 15
333 970 28 5
333 1249 4 3
334 429 53 8
334 461 8 11
334 547 41 6
334 582 8 4
334 608 6 10
334 671 10 12
334 1129 1 1
334 1146 12 1
334 1156 3 8
334 1218 17 8
334 1279 37 15
334 1293 58 9
335 486 40 8
335 532 55 11
335 1034 52 7
336 832 7 4
336 1086 43 14
336 1164 49 6
336 1248 16 15
337 617 45 5
337 771 56 7
337 1004 53 15
337 1254 23 6
338 398 34 11
338 636 51 9
338 700 28 10
338 1070 31 15
338 1312 28 12
339 358 21 2
339 644 35 5
339 880 31 6
339 1322 7 6
340 469 50 13
340 526 41 14
340 527 4 5
341 635 17 6
341 1038 57 7
342 472 35 6
342 513 52 3
342 644 52 12
342 715 27 10
342 804 15 11
342 910 36 6
343 391 27 3
343 444 12 10
343 773 41 2
343 1046 56 14
343 1230 33 7
344 405 11 15
344 673 15 9
344 1291 13 15
345 538 38 13
345 590 48 9
345 654 19 15
345 741 18 3
345 789 59 7
345 847 50 10
345 1014 40 9
345 1178 22 5
345 1203 52 1
346 517 31 4
347 500 40 5
347 729 57 4
347 905 38 4
348 906 57 1
349 727 60 8
349 760 41 10
349 816 58 4
349 1275 25 12
350 517 42 6
350 578 27 10
350 807 53 3
350 824 1 2
350 969 38 8
350 1118 14 11
350 1161 28 1
350 1217 36 3
350 1227 24 1
351 445 19 7
351 501 2 4
351 570 17 9
351 636 41 2
351 679 21 4
351 751 36 9
351 1015 36 1
352 448 34 9
352 463 36 6
352 621 33 6
352 798 51 4
352 854 10 11
352 1200 1 9
353 433 40 14
354 802 46 1
354 1243 59 11
355 456 46 6
355 749 48 5
355 806 35 7
355 930 18 5
355 1001 13 9
355 1037 17 9
355 1121 17 3
356 409 57 12
356 876 5 8
356 1062 34 2
356 1232 24 15
357 721 58 14
357 949 52 4
357 1289 33 9
358 994 20 11
359 376 45 11
359 685 47 4
359 845 16 2
359 1109 57 10
359 1245 46 4
360 428 21 8
360 438 49 15
360 759 38 11
360 1163 26 9
361 626 30 15
361 631 57 13
361 1159 1 6
362 451 20 11
362 1060 48 6
362 1076 58 10
362 1084 55 12
363 374 19 5
363 517 28 3
363 623 54 6
363 735 39 9
364 683 34 12
364 770 6 12
364 912 56 15
364 956 48 10
364 1245 36 2
365 605 54 7
365 654 30 13
365 682 53 14
365 811 17 4
365 946 9 14
365 1181 45 15
366 456 56 1
366 791 47 14
367 748 18 10
367 819 28 7
368 404 9 8
368 798 26 7
368 901 8 7
368 1098 21 7
368 1104 60 12
368 1106 18 2
368 1120 48 5
368 1320 16 14
369 631 37 11
369 805 40 3
369 846 43 11
369 976 27 12
369 1144 38 10
370 843 25 11
370 1131 24 15
370 1207 52 8
370 1290 8 13
371 701 37 12
371 957 4 5
372 709 6 14
373 386 2 7
373 525 9 11
373 530 23 4
374 504 6 6
374 560 38 12
374 655 5 10
374 846 3 10
374 985 31 8
374 994 10 4
374 1106 6 9
376 649 13 5
376 1115 18 7
376 1141 12 11
376 1176 32 1
378 495 38 11
378 616 35 7
378 698 12 9
378 1078 5 8
378 1117 51 6
379 452 42 8
379 643 35 7
379 763 11 11
379 1084 33 5
380 661 22 3
380 829 2 3
381 390 48 5
381 392 57 9
381 543 59 5
381 582 27 3
381 683 56 8
381 958 50 11
381 1272 21 11
382 408 4 13
382 534 16 15
382 595 14 14
382 603 27 1
382 723 18 1
382 1314 8 5
383 437 38 9
383 476 48 3
383 685 10 9
383 710 11 7
383 795 56 10
383 990 28 11
383 1007 21 13
383 1095 59 6
383 1125 43 1
383 1189 51 11
384 933 23 15
384 996 5 3
384 1294 4 4
385 495 10 3
385 539 28 7
385 582 50 2
385 800 55 9
385 829 39 3
385 982 23 2
385 1054 34 10
385 1152 4 9
385 1265 2 9
386 431 2 2
386 624 49 9
386 986 9 12
387 448 46 3
387 557 17 12
387 663 5 15
387 754 46 7
387 841 50 4
387 1009 21 4
388 709 40 14
388 1193 58 11
389 411 24 3
389 585 55 2
390 679 38 8
390 717 42 15
390 752 26 1
390 895 54 2
390 981 26 1
391 719 29 3
392 833 50 10
393 602 56 4
393 816 36 1
393 871 25 2
393 873 23 5
393 1012 21 4
394 484 16 13
394 640 25 9
394 724 29 1
394 837 3 15
394 1106 25 10
394 1254 40 7
395 892 59 11
395 1110 33 1
395 1320 30 7
396 556 59 13
396 843 34 11
396 909 32 12
396 1093 4 10
396 1186 51 2
396 1244 39 5
397 439 18 13
397 748 46 15
398 492 33 5
398 881 43 12
398 932 41 3
398 1102 24 12
399 573 51 1
399 756 59 13
399 917 47 5
399 983 11 3
399 1072 5 11
400 452 17 13
400 482 27 3
400 1153 18 14
400 1301 20 8
401 540 50 7
401 1300 42 12
402 433 60 8
402 596 5 2
402 1107 38 7
402 1298 60 10
403 601 33 10
403 689 52 7
403 817 8 8
403 1126 1 7
403 1282 46 3
404 702 51 1
404 725 32 6
404 967 53 10
405 690 36 5
405 1074 56 4
406 553 53 8
406 666 36 7
406 806 17 15
406 849 22 9
406 1001 33 4
406 1054 39 1
406 1182 48 3
407 428 18 4
407 635 40 3
407 1312 1 7
408 478 15 7
408 600 30 10
408 1288 46 7
409 741 18 8
409 887 60 12
409 1085 10 6
410 905 14 9
411 495 34 4
411 1172 29 5
411 1266 10 14
412 547 38 9
412 707 31 2
412 990 49 4
412 1074 29 2
412 1082 28 9
412 1127 51 5
412 1184 45 4
413 452 33 2
413 453 47 1
413 494 33 8
413 564 51 12
413 565 7 2
413 787 45 4
413 1059 38 5
413 1286 56 10
414 428 15 10
414 456 9 10
414 718 32 2
414 822 40 10
414 878 6 3
414 1275 22 4
415 586 46 5
415 789 44 5
415 839 52 13
415 1025 2 14
415 1112 48 5
416 803 46 4
416 985 43 1
417 429 33 15
417 1180 26 4
417 1288 46 13
417 1312 7 14
418 490 51 10
418 707 42 8
418 910 4 10
419 535 27 1
419 695 14 14
419 856 26 11
419 860 57 5
419 973 13 3
420 694 8 12
420 728 53 15
420 1065 3 4
421 655 15 8
421 805 4 13
421 1125 7 1
421 1273 7 14
422 573 16 13
422 1150 11 7
422 1273 12 9
423 590 38 11
423 976 22 15
423 1067 4 12
423 1084 12 7
424 491 44 9
424 865 59 10
424 1064 55 10
424 1156 29 7
424 1246 9 1
425 662 5 2
425 723 44 9
425 798 4 9
425 1231 57 10
426 573 52 1
426 640 36 2
426 800 31 9
426 987 30 12
426 1242 5 10
427 670 49 14
427 781 35 6
427 1235 12 15
427 1272 44 7
428 620 20 3
428 669 2 10
428 784 19 14
428 905 10 10
428 942 43 12
428 1039 32 4
428 1052 56 11
429 893 37 12
429 1176 46 11
430 550 15 2
430 706 56 2
430 1227 53 9
430 1244 38 8
431 647 53 2
431 861 9 2
431 1100 23 9
431 1206 9 12
432 869 44 6
432 1049 12 13
432 1077 18 3
433 872 42 9
433 1067 25 2
433 1271 57 2
433 1286 2 15
434 446 54 9
434 537 40 15
434 620 15 2
434 843 40 9
434 966 14 5
435 438 20 9
435 889 49 5
435 1233 35 15
435 1285 54 4
436 615 22 5
436 713 37 9
436 715 46 10
436 719 7 9
436 1105 42 5
436 1106 60 1
436 1260 58 3
437 830 6 14
437 879 53 10
438 674 42 5
438 759 43 5
438 762 23 5
438 797 21 11
438 902 17 9
438 1001 7 2
438 1308 57 14
439 1114 39 7
440 942 34 11
440 1173 22 10
441 1014 44 1
441 1127 11 9
441 1253 20 11
442 631 34 3
442 774 23 12
442 808 23 10
442 962 43 15
442 967 3 13
442 1204 33 13
442 1286 21 1
443 932 10 4
443 1171 37 15
444 613 42 2
444 775 9 15
444 798 59 1
444 1292 43 6
445 530 35 4
445 939 35 8
445 995 37 6
445 1014 45 5
445 1051 52 3
446 703 6 15
446 709 23 13
446 712 25 3
446 771 14 4
446 1084 60 10
446 1239 54 1
446 1300 11 6
447 533 2 13
447 623 42 8
447 816 52 10
447 967 1 5
447 1263 9 15
448 666 32 5
448 771 54 9
448 974 54 10
448 1217 60 6
448 1221 38 9
449 525 41 10
450 816 43 8
450 954 33 5
451 576 54 9
451 755 54 8
451 1295 9 7
453 521 19 6
453 894 58 1
454 554 9 14
454 575 49 8
454 638 39 3
454 825 36 11
454 966 15 1
454 1207 55 14
455 1294 15 2
456 492 18 9
456 563 46 15
456 661 29 4
456 816 42 12
456 926 14 12
456 928 39 8
456 991 32 9
456 1086 44 12
456 1097 39 3
457 648 56 9
457 1067 47 5
457 1090 4 14
457 1127 34 10
458 909 29 6
458 1089 1 13
458 1099 47 15
458 1196 8 1
459 507 10 1
459 946 4 9
459 994 25 9
459 1068 50 12
459 1220 25 15
460 754 4 6
460 794 18 13
460 1018 53 2
460 1039 17 10
461 716 46 1
461 882 17 1
461 1042 14 12
461 1191 40 5
462 1263 35 5
462 1322 50 13
463 839 31 9
463 1178 44 15
464 581 58 10
464 1167 16 10
464 1196 2 4
465 569 56 9
465 592 1 3
465 748 34 8
465 804 38 1
465 839 31 2
465 962 35 12
465 1220 50 6
466 672 10 4
466 775 15 4
466 808 23 10
466 1267 17 11
467 549 6 10
467 842 24 4
467 1219 53 2
468 638 56 2
468 738 46 14
468 822 45 14
468 946 54 9
469 484 38 7
469 492 11 6
469 507 56 11
469 658 54 14
469 1180 51 5
470 530 60 8
470 842 22 5
470 1080 54 5
470 1229 53 2
470 1231 17 15
470 1255 5 9
471 667 5 7
471 805 3 5
471 868 21 4
471 997 23 15
471 1189 20 1
472 528 38 14
472 673 15 6
472 831 42 4
472 880 18 12
472 1161 38 10
472 1218 39 14
473 481 8 8
473 776 30 14
473 1178 11 10
474 541 38 13
474 607 1 5
474 645 35 14
474 691 56 7
474 869 57 13
474 1090 53 11
474 1118 6 6
474 1133 39 10
475 1011 5 4
475 1130 55 3
475 1148 39 6
476 532 34 12
476 615 38 2
476 760 16 10
476 912 29 10
476 983 30 10
476 1225 28 10
477 555 11 7
477 612 49 10
477 1318 17 9
478 674 31 15
478 1259 32 14
479 592 50 6
479 656 21 11
479 718 16 5
479 952 58 1
479 1002 38 7
480 769 51 5
480 806 48 14
480 826 28 13
480 1245 18 1
481 505 43 2
481 687 37 14
481 940 24 3
481 969 45 7
482 501 6 12
482 539 8 11
482 722 39 3
482 1058 13 4
482 1140 37 2
483 745 59 4
483 969 28 2
483 1028 53 1
483 1081 39 2
484 544 16 8
484 863 45 4
484 1241 2 12
485 546 8 6
485 771 4 6
485 1043 31 5
485 1158 51 5
485 1203 14 7
485 1268 45 15
485 1289 5 7
486 610 9 6
486 652 21 1
486 914 50 12
487 666 11 9
487 1302 23 14
488 636 25 6
489 621 42 12
489 969 23 15
489 1111 56 5
489 1309 36 14
490 782 32 3
490 802 53 5
490 863 22 14
491 877 10 10
491 943 56 5
491 1274 10 10
491 1318 33 2
492 623 58 14
492 639 27 15
492 652 5 13
492 879 27 4
492 1114 10 2
492 1230 42 6
493 590 33 5
493 837 35 12
493 1158 14 2
494 554 18 9
494 597 41 9
494 947 7 11
494 1280 41 13
495 1018 15 15
495 1116 7 6
495 1228 7 5
496 639 4 2
496 652 1 5
496 790 5 15
496 1317 41 13
497 720 28 4
497 749 18 12
497 787 21 15
497 812 19 15
497 1020 26 5
497 1084 4 7
497 1157 12 3
497 1188 39 4
498 1217 48 8
499 740 11 15
499 922 45 9
500 578 15 3
500 716 15 1
500 787 4 5
500 906 1 9
501 574 30 5
502 844 58 12
502 950 30 1
502 1035 41 7
502 1305 33 14
503 778 25 15
503 951 39 3
504 548 9 12
504 769 35 1
504 838 36 13
504 1143 28 12
504 1248 7 14
504 1314 4 13
505 824 59 12
505 1024 39 10
505 1207 17 7
506 855 3 1
506 1058 27 5
506 1200 12 2
507 782 21 7
507 945 7 1
507 1184 39 5
508 604 14 3
508 1034 4 5
508 1051 39 9
509 529 43 7
509 782 27 9
509 871 50 10
510 953 7 2
511 564 25 14
511 595 47 12
511 679 33 2
511 772 29 4
511 780 16 10
511 1171 27 2
511 1256 44 7
512 675 51 11
512 872 40 10
512 1069 39 4
512 1212 26 6
512 1317 37 13
513 877 19 12
513 901 32 12
513 1282 7 8
513 1308 41 7
513 1322 29 2
514 991 36 9
514 1026 12 2
514 1088 9 14
514 1098 23 11
515 576 12 11
515 672 55 1
515 696 5 15
515 737 42 10
515 824 14 13
515 860 16 5
515 997 31 8
515 1078 14 2
516 647 2 12
516 771 34 4
516 1137 15 7
516 1304 47 7
517 918 13 4
518 645 47 12
518 1176 29 8
518 1283 49 10
519 729 28 9
519 777 33 3
519 816 45 4
519 923 14 8
519 1037 59 7
519 1168 17 1
520 749 15 6
520 871 45 3
520 1268 4 10
521 566 7 8
521 705 56 15
521 788 17 9
521 941 32 14
522 934 38 6
522 1009 50 2
522 1075 1 5
523 590 13 2
523 978 33 2
523 1124 28 10
523 1161 44 2
523 1210 49 14
524 851 10 8
524 866 27 12
524 1030 1 7
524 1098 4 3
524 1099 35 9
524 1135 36 2
525 795 7 2
525 918 32 3
525 1263 42 6
526 790 41 8
527 837 22 13
527 1070 13 5
528 601 19 11
528 658 33 1
528 1252 56 8
528 1263 60 8
529 583 26 14
529 691 57 5
529 748 22 15
530 620 46 5
530 790 57 12
530 969 51 8
531 532 45 3
531 719 30 4
531 875 15 1
531 936 48 12
531 1242 38 5
532 688 48 10
532 815 39 9
532 1118 17 13
532 1243 53 15
533 756 27 3
533 759 12 15
533 769 4 6
533 894 19 14
533 1035 41 5
533 1088 12 5
533 1240 35 13
533 1306 18 11
534 627 16 7
534 665 52 4
534 790 33 12
534 1063 37 8
534 1111 29 10
535 712 21 13
536 637 41 6
536 638 24 11
536 649 57 9
536 793 22 11
536 904 40 3
536 946 18 12
536 949 14 13
536 1032 34 1
537 694 33 1
537 765 24 14
537 1181 10 3
537 1188 50 12
537 1217 19 11
538 559 21 5
538 629 49 12
538 643 9 2
538 741 17 10
538 785 36 8
538 911 44 15
539 575 56 9
539 690 12 14
539 722 41 7
539 814 8 4
539 1137 4 12
541 942 19 8
541 1204 20 5
542 660 12 15
542 831 15 9
543 672 12 8
543 744 50 11
543 823 51 6
543 1008 39 12
543 1067 25 9
543 1237 28 14
544 608 36 1
544 740 21 13
544 954 58 15
545 573 35 2
545 1000 11 9
545 1140 43 15
545 1255 26 1
545 1300 31 3
546 577 32 15
546 629 45 8
546 697 30 13
546 943 58 15
546 1308 8 7
547 613 24 15
547 773 29 2
547 782 17 5
547 820 39 7
547 821 4 15
547 1095 50 6
547 1120 34 10
547 1318 26 3
548 589 54 3
548 666 27 9
548 679 37 7
548 739 41 11
549 1001 41 14
550 578 12 10
550 720 51 13
550 1160 27 7
550 1191 26 7
551 982 13 5
551 1001 30 3
552 572 39 7
552 705 15 10
552 772 39 9
552 834 53 13
553 762 31 7
553 1137 54 3
553 1152 53 12
553 1224 28 6
554 1243 58 1
555 691 40 7
555 791 50 8
555 970 48 13
555 999 53 15
555 1007 5 12
555 1079 9 6
555 1182 39 12
556 744 17 3
556 1323 20 1
557 566 15 8
557 863 15 7
557 1098 21 4
557 1111 5 6
557 1169 57 4
557 1174 45 13
558 566 16 9
558 573 17 12
558 862 16 14
558 894 37 8
558 1006 49 13
558 1032 22 15
559 741 47 5
559 758 11 1
559 1002 55 5
559 1106 35 1
559 1170 6 6
560 1225 16 9
561 762 21 12
561 1025 21 4
561 1192 19 1
561 1243 41 4
561 1319 29 9
562 675 9 11
562 808 56 14
562 1110 8 14
562 1309 26 15
562 1317 15 8
563 578 40 10
563 585 52 5
563 944 27 10
564 969 40 10
564 1240 19 9
564 1294 11 8
565 892 45 14
565 940 17 1
565 1132 10 2
565 1290 51 13
565 1293 30 11
566 803 49 3
566 816 12 1
566 871 39 6
566 946 39 5
566 1095 12 4
566 1253 5 12
567 730 30 4
567 1201 40 3
567 1230 11 3
567 1252 45 6
568 1015 4 15
568 1094 41 12
568 1273 34 11
569 726 49 8
569 1289 50 7
570 1109 46 6
571 621 56 2
571 738 40 5
571 767 12 7
572 729 20 5
573 661 21 6
573 1069 51 13
573 1266 42 14
574 787 9 2
574 1093 28 8
575 645 11 11
575 673 1 3
575 817 14 7
575 839 48 13
575 866 12 1
575 913 15 5
575 915 28 3
575 1227 58 11
576 770 46 10
576 1205 43 11
576 1247 8 10
577 857 29 14
577 898 8 12
577 1047 60 9
577 1130 22 14
577 1183 2 8
578 865 1 15
578 880 11 9
579 1095 33 4
580 725 3 13
580 773 46 12
580 793 55 10
580 855 45 2
581 816 27 7
581 1004 29 14
581 1015 1 1
582 898 14 7
582 1036 19 7
582 1085 49 4
582 1098 19 13
582 1109 2 9
583 910 1 4
583 1069 52 6
583 1194 50 11
584 723 42 12
584 768 29 11
584 812 11 9
584 948 50 3
585 727 42 12
585 896 50 9
585 898 55 8
585 1080 21 8
585 1235 36 10
586 750 42 5
586 1051 60 8
586 1222 55 8
587 597 47 10
587 621 27 12
587 636 9 9
587 648 21 12
587 1056 38 7
587 1292 53 15
588 635 60 12
588 1113 25 9
590 1133 28 10
591 700 25 15
591 711 10 4
591 725 51 2
591 903 40 13
591 1036 34 3
591 1133 42 7
591 1177 55 1
591 1274 15 13
592 685 28 4
592 686 36 9
592 1075 25 6
592 1091 1 5
593 735 14 6
593 1114 14 13
593 1164 51 13
593 1262 50 9
594 745 6 12
594 1275 43 13
595 676 32 13
595 771 46 14
595 947 52 3
595 995 32 1
596 894 50 4
596 958 15 10
596 1000 14 5
596 1218 11 10
597 700 25 9
597 751 51 13
597 1052 35 2
597 1081 13 13
597 1195 58 7
598 649 49 14
598 761 30 15
598 810 23 11
598 840 17 10
598 873 27 10
598 944 51 13
598 1045 14 5
598 1152 36 5
599 739 12 5
599 789 27 9
599 799 16 4
600 887 13 3
600 1225 53 12
601 1045 46 10
602 870 8 2
602 940 47 11
602 961 44 6
602 1061 13 13
602 1184 30 9
603 681 19 7
603 776 5 7
603 1247 30 11
604 754 57 13
604 771 16 2
604 784 22 1
604 809 50 5
604 1261 9 15
605 626 24 5
605 813 31 2
605 1157 7 7
605 1209 1 2
605 1219 32 13
606 636 38 4
606 672 12 11
606 955 2 4
607 767 1 3
607 911 45 4
607 1038 53 9
607 1050 31 6
607 1219 19 15
607 1308 35 2
608 675 47 11
608 897 24 5
608 1074 50 4
608 1081 54 5
608 1117 11 2
608 1227 59 2
608 1320 23 4
609 885 15 7
609 924 29 1
610 664 24 10
610 835 53 8
610 871 52 7
611 681 43 8
611 1150 30 13
611 1225 53 11
611 1302 38 13
612 747 17 15
612 1055 34 14
612 1198 20 4
612 1269 3 5
613 792 32 9
613 879 28 2
614 655 57 3
614 662 55 6
614 730 8 12
614 930 32 11
614 1110 44 1
615 975 58 3
615 1134 11 12
616 1118 6 9
616 1119 8 6
617 928 56 15
618 630 19 1
618 758 38 7
618 942 37 7
618 1030 57 14
619 635 20 8
619 661 20 14
620 708 3 4
620 927 31 5
620 1009 36 3
620 1113 29 2
620 1176 3 6
621 803 34 2
621 1203 20 11
621 1292 2 15
622 643 14 13
622 691 31 3
622 701 36 2
622 824 32 10
622 999 51 14
622 1164 59 5
623 926 54 14
623 1064 55 8
624 716 8 12
624 815 55 15
624 880 11 7
624 937 46 5
625 760 37 12
625 794 58 2
625 907 32 10
625 971 60 6
625 1037 23 6
625 1135 14 9
625 1266 32 5
626 660 29 3
626 670 19 9
626 734 59 7
626 992 37 15
626 1140 21 8
626 1203 44 9
627 797 32 12
627 1222 41 11
628 887 47 14
628 935 59 10
628 1206 48 10
629 700 43 13
629 927 57 10
629 1082 51 13
630 722 28 14
630 749 51 1
630 1113 32 7
630 1222 35 13
630 1224 16 14
630 1323 30 2
631 900 4 8
631 1105 12 5
632 688 23 10
632 1125 57 5
633 802 55 3
633 1098 1 2
633 1130 14 6
633 1228 7 11
634 695 9 1
634 772 1 10
634 1231 50 6
635 855 57 3
636 772 43 4
636 939 17 13
636 982 60 11
636 1122 10 4
637 812 46 5
638 674 13 13
638 704 12 6
638 830 17 7
638 1156 30 11
639 1235 6 9
640 826 24 9
640 1024 27 15
640 1055 10 13
640 1153 27 11
640 1216 25 5
640 1218 28 15
641 749 17 3
642 963 39 7
643 680 45 7
643 995 39 10
643 1077 28 8
644 674 11 12
644 773 54 14
644 882 10 5
644 1177 2 7
645 957 32 12
645 1077 9 2
646 1019 15 9
646 1126 16 6
646 1152 50 1
646 1239 59 3
646 1261 51 8
647 731 30 2
647 1015 1 8
648 651 14 9
648 760 50 11
648 763 13 7
648 893 21 14
649 692 31 8
649 798 46 3
649 1044 52 10
649 1184 10 7
649 1322 42 11
650 722 24 9
650 724 53 15
650 860 60 8
650 1096 7 15
651 1034 16 2
652 890 45 11
652 1009 6 6
652 1022 3 14
652 1103 42 15
652 1178 28 4
653 667 26 8
653 930 54 14
653 1024 42 5
655 778 17 11
655 882 34 4
655 1052 23 8
655 1068 21 8
655 1098 46 13
655 1190 6 10
656 765 43 5
656 862 30 14
656 1274 42 3
657 1005 4 3
657 1203 11 7
657 1257 44 4
658 1068 25 7
658 1253 41 10
659 702 9 14
659 708 59 1
659 975 12 11
659 976 30 8
660 948 24 2
660 1299 23 9
660 1312 46 5
661 784 59 11
661 931 36 10
661 966 39 8
661 1001 23 14
662 844 45 2
662 1049 19 9
662 1146 22 7
662 1209 35 15
663 679 11 2
663 712 6 7
663 953 10 2
664 1084 57 10
664 1286 31 12
665 736 9 15
665 777 45 5
666 1049 60 15
667 721 57 13
667 736 31 5
667 963 24 4
667 1115 56 8
668 752 9 5
668 923 29 1
668 1080 16 13
668 1234 60 9
669 751 49 2
669 765 59 1
670 836 31 1
670 885 50 4
671 1209 31 4
672 724 41 2
672 938 29 4
674 808 21 12
674 1066 26 15
674 1228 16 13
675 775 55 13
676 986 34 8
676 1257 30 4
677 778 60 5
677 918 11 15
677 972 1 5
678 739 36 15
678 871 4 1
679 972 35 12
679 1212 42 10
679 1313 53 3
680 722 46 10
680 811 39 4
680 837 54 12
680 1242 21 2
681 774 40 13
681 1088 59 7
682 726 26 3
682 992 10 6
682 1302 36 10
683 931 22 5
683 1126 54 13
683 1167 2 1
684 811 17 5
684 1010 8 13
684 1076 53 2
684 1318 22 10
685 705 36 6
686 811 6 6
686 920 45 5
686 961 34 1
686 1010 38 2
686 1097 47 13
687 701 59 4
687 928 28 11
687 945 36 5
687 1200 13 2
687 1266 14 6
688 785 21 5
688 887 43 9
688 942 6 10
689 1064 32 13
689 1103 54 6
689 1211 53 5
690 996 39 3
690 1104 14 10
690 1171 36 5
691 787 42 12
691 1002 48 9
691 1080 18 6
692 764 53 10
692 1082 7 5
693 790 17 15
693 799 44 11
693 1048 7 12
693 1052 20 3
694 764 45 14
694 865 38 12
694 1305 17 15
695 987 13 4
695 1112 14 8
696 1253 41 14
696 1298 13 5
697 1101 27 13
697 1200 16 2
697 1285 25 7
698 919 53 11
698 1100 46 15
699 1041 5 4
699 1166 15 2
700 778 30 15
700 818 56 1
700 938 56 14
700 952 49 14
700 1020 51 13
701 816 36 14
701 844 4 11
701 1069 15 5
702 939 18 7
702 983 39 1
703 1009 28 10
703 1023 20 2
704 831 32 13
704 1187 18 9
705 974 8 12
706 1135 23 1
706 1193 43 3
707 1169 33 2
707 1322 50 3
708 712 39 1
708 731 50 7
708 741 5 13
709 806 18 4
709 903 48 15
709 914 17 14
709 1148 13 11
709 1200 17 7
709 1252 20 15
711 1127 46 4
712 846 49 12
712 1019 14 15
713 979 1 11
714 836 46 5
715 827 47 11
715 1025 48 9
715 1282 20 9
715 1303 36 13
716 1097 25 2
716 1177 35 8
716 1228 43 9
716 1266 55 6
716 1320 16 1
717 864 18 5
717 1155 1 1
718 1307 25 1
719 836 50 2
719 1100 43 11
719 1150 33 3
719 1296 54 3
720 774 49 15
720 872 26 12
720 889 60 9
720 914 12 6
720 1095 30 8
721 822 56 9
721 992 31 3
721 1106 12 9
723 1079 42 2
723 1097 57 13
724 1200 54 14
725 1162 26 9
725 1165 12 5
726 844 22 8
726 875 39 6
726 1037 47 15
726 1075 52 12
726 1095 10 7
727 758 47 8
727 783 11 8
727 913 43 8
727 1078 34 8
727 1079 43 11
727 1087 11 3
727 1149 23 15
727 1213 28 3
727 1295 24 15
728 801 40 3
728 876 31 10
728 911 29 15
728 1165 53 9
729 812 10 3
729 864 24 10
729 1054 55 10
729 1124 12 4
729 1191 7 7
729 1313 32 13
730 856 20 7
730 1169 52 9
730 1292 39 5
731 1202 48 11
731 1318 19 6
732 751 52 11
732 1204 30 8
732 1211 36 12
732 1260 13 15
732 1296 55 3
732 1304 58 12
733 1223 45 14
734 773 6 9
734 929 36 8
734 1166 24 4
735 845 13 7
735 1052 34 12
735 1255 3 11
736 829 34 8
736 1088 12 10
736 1132 48 13
737 869 49 7
737 1146 34 1
737 1308 12 7
738 1020 43 9
739 903 20 3
739 1059 50 3
739 1225 10 8
740 945 24 1
740 1076 37 12
740 1167 49 10
741 1158 48 5
743 752 58 3
743 953 35 6
743 977 13 4
743 1051 24 4
743 1107 36 8
744 1010 13 6
744 1040 48 13
744 1271 54 15
745 783 19 3
746 785 3 5
746 1212 27 13
747 876 49 7
747 1024 1 12
747 1109 20 7
748 1202 31 11
748 1305 53 1
749 982 18 6
749 1136 15 7
749 1305 35 13
750 1268 37 2
751 809 36 3
751 854 32 9
751 882 3 9
751 899 15 15
751 1233 50 15
751 1304 4 7
752 770 32 8
752 840 57 7
752 1046 28 7
752 1148 19 13
753 906 39 7
753 1093 59 6
754 1187 12 4
755 943 36 7
756 884 60 6
757 843 60 12
757 846 43 2
757 972 36 10
757 1169 7 4
757 1215 23 7
758 772 51 13
758 807 30 14
758 1036 7 3
758 1276 45 11
759 1030 40 8
759 1220 55 15
759 1235 27 7
760 909 55 3
760 1033 42 15
760 1067 59 14
761 941 21 14
761 1209 27 14
761 1247 44 8
762 1070 49 11
762 1071 4 13
762 1120 40 4
762 1155 17 14
762 1196 48 15
763 1025 44 5
763 1109 12 9
764 833 6 11
766 1019 43 5
766 1303 44 2
767 1071 30 3
767 1224 12 5
767 1242 40 7
767 1251 11 6
768 1149 4 13
768 1284 14 3
768 1320 8 3
769 817 36 7
769 993 59 1
769 1048 16 6
769 1322 32 3
770 1304 38 13
771 972 32 5
771 1013 58 7
771 1254 42 13
772 787 3 9
772 829 21 12
772 1200 6 8
773 996 54 2
773 1274 10 15
774 899 16 12
774 1071 8 7
774 1279 18 1
775 904 10 14
775 1069 4 10
775 1123 6 7
775 1207 31 4
776 1144 9 7
776 1200 2 7
777 863 31 14
777 903 51 3
777 929 47 6
777 965 46 12
778 906 32 1
778 1113 25 10
778 1176 56 14
778 1225 33 1
779 877 39 11
779 932 37 10
779 1000 9 7
779 1122 50 13
779 1138 28 6
780 904 20 1
780 962 10 9
780 1011 59 10
780 1250 9 14
781 1192 4 15
782 820 49 12
782 1267 37 15
783 955 11 5
784 1089 38 1
785 1064 23 13
786 1024 21 4
786 1320 19 13
787 1133 44 4
787 1150 14 4
787 1229 29 5
787 1287 38 13
789 826 2 14
789 1091 52 3
789 1262 37 1
790 860 24 1
790 933 46 9
790 936 44 4
790 1152 24 13
791 915 58 12
791 1114 30 1
792 817 28 14
792 832 43 15
792 1089 28 7
792 1192 19 11
793 983 50 15
793 1247 1 14
793 1268 30 13
794 1284 2 8
795 1001 59 4
795 1076 7 5
796 931 12 1
796 967 12 2
796 1005 19 3
796 1203 1 3
796 1313 1 7
797 833 2 3
797 842 44 4
797 951 29 3
797 974 44 2
797 1056 39 14
797 1067 40 10
797 1164 29 13
797 1245 4 7
797 1265 23 14
797 1288 34 3
798 1213 39 7
799 879 28 15
799 1278 30 5
800 840 41 11
800 920 47 15
800 1055 12 5
800 1075 60 2
801 1068 22 6
802 1132 16 10
803 1078 2 7
806 868 7 9
806 890 38 9
806 907 46 3
806 1012 17 5
806 1194 8 4
807 1038 44 4
808 1084 29 14
809 1051 32 6
810 987 28 3
810 991 2 1
811 977 14 10
812 878 41 11
812 1176 17 5
813 847 11 11
813 881 15 3
813 1125 12 11
813 1248 58 10
814 917 31 11
815 1012 16 1
815 1219 31 3
816 1123 46 5
816 1200 35 6
817 963 23 14
817 1194 51 6
818 936 39 2
818 947 47 8
818 1033 57 6
818 1055 54 13
818 1084 31 7
818 1190 56 8
819 987 2 13
819 993 37 13
819 1135 33 5
819 1185 53 13
820 963 9 12
820 973 33 6
820 1166 49 11
821 853 49 4
822 928 4 13
822 1087 37 7
822 1309 1 9
823 1124 12 2
824 915 43 12
824 942 51 11
824 1026 40 12
824 1274 59 4
825 899 56 12
825 1212 5 3
825 1278 56 7
826 1023 44 10
826 1182 10 15
826 1185 5 5
826 1208 28 4
827 940 3 3
828 901 34 5
828 1299 16 12
829 1135 7 3
830 922 11 13
830 1227 56 4
831 926 24 4
831 1170 42 14
832 894 34 13
832 983 40 2
832 1093 9 15
833 1095 52 8
834 1065 52 3
834 1237 35 9
835 1258 6 7
836 898 57 10
836 1259 44 6
837 843 48 4
837 1121 27 1
838 910 22 6
838 915 16 15
838 1157 14 11
839 1010 24 12
840 911 4 8
840 1266 23 12
841 1176 19 13
841 1300 22 7
843 970 2 11
843 992 43 10
843 1042 51 11
844 853 24 4
844 857 34 6
844 1158 37 5
844 1314 10 3
845 872 48 4
845 997 51 5
845 1147 23 3
845 1210 52 8
846 885 8 10
846 926 31 13
846 1076 3 9
846 1275 51 12
848 878 27 1
848 977 51 5
849 882 37 1
849 1283 21 2
850 904 11 15
850 1014 15 3
851 959 9 5
851 960 31 15
851 1171 53 14
851 1174 55 12
852 1071 36 5
852 1226 5 5
853 978 46 3
853 1020 39 15
853 1043 26 3
853 1106 45 3
854 1043 59 14
854 1110 42 12
854 1183 45 5
855 940 40 15
855 1112 19 15
855 1174 3 5
856 991 53 8
856 1148 7 3
857 1024 6 13
857 1080 10 14
857 1089 60 11
858 873 12 2
859 1217 5 3
859 1278 40 10
860 971 29 3
860 1124 45 7
861 1150 20 4
861 1262 5 12
862 917 49 4
862 1298 53 11
863 1296 42 14
864 916 38 4
864 1124 22 6
864 1182 31 12
865 925 9 1
865 928 25 5
865 1150 52 3
865 1181 37 5
865 1275 19 6
866 1166 41 13
867 1037 5 9
868 1310 14 1
869 1143 1 11
869 1165 42 13
870 1020 24 15
870 1270 42 15
871 1113 35 9
871 1211 56 15
873 903 38 12
874 1249 29 5
874 1251 31 1
875 985 23 8
876 932 43 2
876 939 49 5
876 994 28 8
876 1006 25 7
876 1234 29 14
877 992 12 4
877 1008 53 8
879 1017 54 8
879 1021 18 10
880 1214 59 7
880 1270 39 2
881 905 29 2
881 935 57 12
881 1235 24 2
882 904 21 5
882 1030 25 10
882 1088 18 1
882 1120 32 13
882 1186 16 13
882 1200 19 10
883 1246 54 6
884 938 50 14
885 895 24 9
885 1127 35 11
886 905 8 12
886 923 59 12
886 1042 41 6
886 1293 12 15
887 1205 44 15
887 1243 28 11
888 1291 18 14
889 938 59 14
889 988 53 11
889 1132 57 9
890 961 31 13
890 1181 50 8
890 1254 32 7
891 1050 43 3
892 914 58 2
892 1020 40 11
892 1239 15 6
893 932 4 2
893 1106 29 9
893 1167 2 7
894 997 25 2
894 1067 10 3
894 1069 9 6
894 1167 43 14
894 1282 18 15
894 1320 1 2
894 1321 23 5
895 916 41 11
896 1014 16 13
898 907 6 7
898 995 59 7
898 1220 53 10
899 1003 53 8
899 1175 57 12
900 1307 15 12
901 1143 32 5
902 910 1 9
902 1007 45 14
902 1038 53 4
903 971 12 7
903 991 5 4
903 1296 58 6
903 1324 55 5
905 925 14 13
905 949 14 7
905 1236 43 3
906 947 17 5
906 993 58 8
906 1030 37 3
906 1261 14 9
907 1016 45 15
909 1205 30 12
910 1127 36 12
911 1033 13 8
914 1017 8 9
914 1064 6 1
916 1014 56 14
916 1150 16 13
917 1190 43 5
917 1306 17 12
918 1032 57 5
918 1089 13 5
918 1135 34 2
920 1014 14 7
920 1121 30 12
920 1307 22 1
921 1098 14 2
922 1129 59 7
923 1100 51 9
924 932 24 7
924 1023 50 5
925 955 24 11
926 1298 27 5
928 1022 11 1
928 1208 1 15
928 1228 45 1
929 1111 27 4
929 1149 39 14
929 1261 3 4
931 1052 58 12
932 1128 50 2
933 1001 53 1
933 1030 53 14
933 1216 51 8
934 1240 31 15
935 1153 43 13
936 945 37 7
936 1191 45 3
936 1196 48 11
938 1126 12 8
938 1265 60 7
939 986 9 6
939 1193 26 6
940 1034 54 8
940 1246 51 7
940 1281 42 13
942 1053 33 14
942 1130 59 4
942 1228 5 3
943 990 42 13
944 1301 57 13
945 1204 48 8
946 1095 53 10
946 1200 52 4
946 1319 25 11
947 993 31 14
947 1073 59 11
947 1135 34 14
948 999 26 1
948 1300 45 10
949 1224 60 7
950 1302 44 3
951 983 23 3
953 1123 14 9
953 1265 17 11
954 995 14 1
955 1080 4 15
955 1315 29 10
956 1008 37 6
958 1043 52 12
958 1060 12 6
959 1227 40 5
960 1092 30 7
961 1131 3 11
962 964 4 2
962 981 59 13
962 1152 38 3
962 1283 36 13
963 1087 45 14
963 1139 35 4
963 1292 36 6
964 1065 55 3
965 1264 27 15
965 1270 17 7
966 1205 11 4
968 1178 26 7
968 1248 4 3
971 1312 43 10
972 1076 29 10
972 1241 41 15
973 1117 28 11
975 1153 60 3
975 1323 45 12
976 1305 46 7
977 1051 24 14
978 1014 51 13
979 1116 29 10
979 1285 31 4
981 1191 7 14
981 1209 45 11
982 1161 57 11
982 1315 54 3
983 1057 28 14
983 1171 26 6
985 1311 8 3
986 1026 4 15
986 1104 34 13
987 1014 43 6
987 1108 31 1
988 1091 42 7
989 1130 28 15
990 1010 54 5
991 1222 43 4
992 1197 49 12
992 1284 54 9
995 1170 39 5
995 1221 36 11
996 1088 54 10
997 1026 47 9
997 1323 22 7
998 1038 13 4
999 1172 20 5
999 1215 48 10
999 1267 14 3
1001 1027 41 9
1001 1261 17 15
1001 1268 53 3
1002 1035 30 13
1003 1261 19 1
1005 1055 39 10
1005 1176 25 2
1005 1183 59 2
1006 1041 1 13
1006 1139 45 10
1006 1187 60 8
1006 1263 56 14
1006 1301 11 1
1009 1055 28 1
1009 1163 24 3
1012 1289 15 11
1013 1149 55 4
1013 1184 21 2
1013 1309 31 12
1015 1051 60 6
1015 1206 58 9
1015 1212 34 6
1016 1051 6 14
1016 1296 52 7
1016 1324 13 2
1019 1077 21 2
1019 1137 39 5
1021 1055 17 4
1021 1073 48 2
1021 1195 41 8
1022 1246 12 15
1023 1032 21 10
1024 1132 55 10
1024 1234 14 11
1026 1085 41 10
1027 1088 25 5
1027 1178 17 7
1027 1298 3 2
1028 1051 24 6
1029 1097 31 15
1029 1200 32 4
1031 1083 21 9
1031 1120 27 3
1031 1191 44 8
1033 1045 12 7
1033 1266 2 3
1034 1280 60 15
1035 1128 1 12
1035 1217 21 5
1036 1059 24 6
1036 1238 18 12
1037 1170 56 12
1039 1221 32 6
1040 1077 53 4
1040 1163 20 1
1040 1223 11 11
1041 1090 40 7
1042 1087 32 14
1042 1256 17 7
1042 1287 50 12
1043 1143 52 11
1044 1110 22 3
1045 1048 1 9
1045 1064 3 1
1046 1163 16 1
1046 1178 19 6
1050 1322 59 13
1051 1284 27 10
1054 1259 37 14
1056 1072 40 13
1056 1073 6 5
1056 1283 29 4
1058 1070 59 10
1058 1178 11 12
1058 1308 31 13
1059 1108 40 10
1059 1252 52 15
1060 1073 37 12
1060 1266 11 12
1060 1285 11 2
1061 1089 40 2
1061 1197 45 5
1063 1144 3 7
1064 1174 55 2
1068 1189 35 13
1069 1170 20 5
1069 1238 28 10
1069 1313 17 7
1070 1122 56 7
1071 1238 29 3
1074 1189 28 4
1075 1160 39 1
1076 1141 33 11
1076 1170 10 6
1076 1258 50 3
1077 1254 24 15
1078 1281 12 4
1079 1107 2 1
1079 1261 13 10
1081 1143 37 6
1081 1238 48 5
1084 1098 17 11
1084 1200 14 3
1084 1239 20 10
1084 1240 56 2
1085 1127 30 13
1085 1317 50 3
1086 1153 21 4
1086 1240 25 11
1086 1267 13 12
1087 1186 5 1
1088 1098 42 4
1089 1113 14 6
1089 1269 1 12
1089 1275 17 14
1089 1305 12 9
1090 1125 55 15
1091 1201 59 11
1093 1263 32 11
1096 1145 38 8
1097 1124 13 14
1097 1207 57 10
1102 1275 6 4
1103 1128 26 8
1103 1263 1 12
1105 1253 44 9
1105 1300 13 14
1105 1307 47 4
1107 1186 22 6
1111 1298 10 4
1113 1154 6 15
1113 1295 43 9
1114 1301 13 12
1118 1180 48 6
1118 1194 41 4
1118 1288 16 15
1120 1227 2 3
1120 1252 57 14
1121 1169 52 8
1123 1322 12 7
1125 1176 13 7
1127 1131 9 3
1127 1241 35 1
1128 1179 34 14
1130 1155 49 11
1131 1156 43 7
1131 1226 60 4
1132 1204 53 9
1133 1319 57 11
1134 1244 56 15
1135 1322 60 6
1136 1138 41 15
1136 1201 32 13
1137 1271 16 11
1137 1274 46 2
1139 1174 3 10
1139 1282 46 12
1140 1181 25 6
1141 1269 48 8
1142 1315 16 4
1143 1258 8 8
1143 1314 5 12
1143 1324 29 2
1146 1273 42 12
1146 1301 17 12
1147 1176 14 15
1147 1227 50 5
1147 1319 33 8
1149 1159 35 10
1153 1318 33 15
1155 1264 13 13
1158 1243 3 1
1158 1282 31 4
1159 1309 59 15
1162 1236 15 3
1162 1265 33 15
1162 1312 18 13
1163 1265 54 3
1164 1265 38 1
1166 1170 29 9
1168 1211 21 15
1169 1256 8 12
1170 1236 33 13
1170 1280 6 9
1173 1258 41 13
1174 1210 22 2
1174 1289 46 7
1176 1270 40 4
1178 1263 7 5
1178 1293 25 6
1179 1324 31 2
1180 1196 42 7
1180 1204 36 8
1180 1256 6 11
1181 1257 54 3
1182 1235 28 10
1183 1281 13 9
1185 1319 10 9
1186 1275 15 1
1187 1258 30 10
1190 1226 8 13
1191 1323 14 10
1195 1276 47 15
1196 1246 25 7
1197 1227 42 12
1197 1247 29 12
1199 1289 13 12
1204 1227 56 15
1204 1248 14 14
1204 1251 9 6
1205 1304 30 2
1209 1238 15 14
1212 1222 25 13
1216 1250 45 5
1218 1245 8 4
1219 1238 42 11
1221 1315 54 11
1223 1227 11 7
1223 1255 19 11
1223 1281 49 7
1225 1271 41 3
1228 1250 35 5
1229 1273 18 1
1230 1243 48 1
1236 1303 4 15
1238 1292 51 2
1238 1300 21 7
1241 1258 31 9
1241 1280 36 15
1241 1295 51 11
1241 1321 27 14
1242 1260 18 2
1243 1311 17 11
1259 1285 24 8
1260 1289 53 10
1262 1271 27 15
1264 1294 44 4
1268 1313 40 5
1274 1291 24 8
1283 1306 13 3
1290 1295 9 3
1302 1324 11 10

0 2 36
1 15 21
2 24 19
3 29 40
4 32 10
5 39 6
6 40 20
7 47 11
8 53 44
9 70 29
10 78 30
11 103 50
12 114 2
13 124 2
14 132 20
15 159 48
16 164 23
17 165 45
18 174 15
19 175 29
20 184 50
21 190 31
22 219 15
23 222 3
24 223 48
25 225 8
26 245 8
27 258 48
28 271 31
29 284 38
30 350 47
31 351 16
32 356 10
33 358 6
34 361 34
35 368 43
36 369 23
37 411 14
38 416 5
39 420 49
40 433 27
41 452 33
42 454 4
43 460 45
44 475 47
45 490 4
46 495 26
47 503 7
48 504 14
49 510 15
50 515 25
51 520 32
52 538 41
53 541 11
54 553 27
55 562 34
56 570 21
57 578 2
58 588 39
59 593 7
60 596 39
61 602 18
62 612 16
63 619 35
64 627 23
65 634 47
66 635 40
67 649 34
68 654 37
69 684 17
70 690 30
71 703 48
72 705 38
73 722 28
74 726 4
75 727 43
76 748 23
77 755 37
78 789 45
79 804 8
80 805 24
81 806 32
82 815 33
83 817 30
84 821 11
85 833 28
86 844 42
87 846 5
88 887 29
89 893 3
90 906 8
91 909 32
92 940 38
93 945 30
94 946 22
95 966 4
96 971 20
97 986 37
98 998 7
99 1003 17
100 1005 30
101 1009 42
102 1013 8
103 1034 43
104 1044 23
105 1050 13
106 1051 49
107 1056 19
108 1066 5
109 1068 13
110 1099 6
111 1103 42
112 1113 44
113 1129 21
114 1139 23
115 1142 21
116 1147 24
117 1149 18
118 1154 3
119 1161 50
120 1195 37
121 1199 22
122 1202 14
123 1208 27
124 1213 7
125 1243 7
126 1250 10
127 1264 16
128 1266 6
129 1273 12
130 1283 33
131 1322 10
