1034 3095 103 14

0 30 3403
1 60 6241
2 90 8583
3 120 10493
4 150 12026
5 180 13232
6 210 14154
7 240 14832
8 270 15299
9 300 15586
10 330 15720
11 360 15723
12 390 15618
13 420 15421

0 12136
1 16425
2 12485
3 16714
4 18921
5 14587
6 13666
7 16783
8 16964
9 15485
10 16832
11 11969
12 18608
13 18991
14 13407
15 15249
16 17356
17 19219
18 16476
19 12985
20 15776
21 13988
22 17101
23 14295
24 17308
25 18336
26 11869
27 19627
28 15704
29 19674
30 13888
31 15941
32 17212
33 14436
34 16615
35 12595
36 20645
37 17877
38 17170
39 11680
40 15860
41 14209
42 13478
43 11471
44 19342
45 11860
46 23662
47 15065
48 13305
49 22239
50 14794
51 21156
52 13135
53 18436
54 15547
55 15558
56 17659
57 19092
58 20725
59 16295
60 18026
61 10273
62 16023
63 14455
64 17744
65 13519
66 16523
67 13240
68 16788
69 18013
70 13445
71 16099
72 17854
73 14450
74 13541
75 18294
76 15344
77 19412
78 15589
79 14141
80 16777
81 12892
82 15800
83 11978
84 16339
85 19329
86 16768
87 17442
88 18110
89 12432
90 17292
91 17261
92 16419
93 13978
94 14770
95 16183
96 10522
97 17744
98 14897
99 10725
100 11358
101 18136
102 16134
103 14406
104 15450
105 15798
106 15485
107 19105
108 15146
109 13155
110 17028
111 14856
112 14799
113 15599
114 10634
115 17788
116 17890
117 15824
118 17457
119 14778
120 15219
121 15114
122 15495
123 18553
124 12532
125 18953
126 18015
127 14299
128 11911
129 15215
130 14534
131 15130
132 14499
133 12253
134 12144
135 16900
136 12781
137 10529
138 15134
139 19151
140 13600
141 18443
142 18737
143 16619
144 14527
145 17848
146 18066
147 17161
148 11777
149 15084
150 12245
151 18335
152 14343
153 11517
154 17772
155 21481
156 15750
157 18147
158 13055
159 8407
160 17580
161 17023
162 13749
163 17917
164 10543
165 18222
166 16317
167 18984
168 17899
169 12106
170 16519
171 16444
172 18887
173 13251
174 17024
175 15721
176 20111
177 17945
178 13123
179 15741
180 10263
181 12273
182 17547
183 12674
184 13441
185 17663
186 13223
187 13771
188 17529
189 20539
190 14160
191 16935
192 15119
193 9911
194 12517
195 13889
196 14843
197 15852
198 13446
199 19696
200 17197
201 15627
202 12646
203 15687
204 20492
205 11289
206 16621
207 12071
208 14662
209 15636
210 15836
211 16281
212 12590
213 16846
214 19877
215 11214
216 21476
217 14232
218 13622
219 15922
220 18643
221 17776
222 19152
223 13923
224 12506
225 14288
226 14923
227 18019
228 18047
229 16008
230 18863
231 21345
232 9986
233 18657
234 15143
235 13201
236 15814
237 13492
238 12446
239 14825
240 18049
241 14384
242 12170
243 17920
244 20634
245 24560
246 11952
247 16579
248 16399
249 15689
250 18510
251 14676
252 20677
253 16099
254 16241
255 15050
256 13365
257 15715
258 14105
259 13843
260 11745
261 16463
262 14548
263 12992
264 14560
265 13731
266 12020
267 13641
268 16255
269 15940
270 16644
271 13344
272 15766
273 16023
274 13113
275 14646
276 11249
277 18192
278 15244
279 16006
280 15006
281 17593
282 20469
283 13447
284 17527
285 16399
286 14198
287 17955
288 15408
289 13655
290 11994
291 13395
292 15573
293 15269
294 18370
295 13250
296 13407
297 15417
298 15603
299 11864
300 14601
301 20393
302 12076
303 14768
304 14425
305 16617
306 18604
307 15803
308 13590
309 19852
310 13595
311 15800
312 22160
313 21050
314 16191
315 14914
316 17205
317 15761
318 14116
319 16323
320 18026
321 16130
322 19485
323 16472
324 18821
325 16683
326 10876
327 14876
328 15463
329 13305
330 14949
331 16074
332 15945
333 15024
334 16660
335 10703
336 15829
337 12423
338 12992
339 17743
340 12839
341 16153
342 16307
343 12265
344 15921
345 15843
346 16327
347 20337
348 16498
349 17448
350 16114
351 16343
352 17282
353 17821
354 15406
355 16575
356 15000
357 19136
358 11876
359 11203
360 14433
361 10916
362 15617
363 15422
364 17234
365 14164
366 17239
367 14970
368 14099
369 18126
370 16830
371 13676
372 11835
373 16887
374 16684
375 11919
376 13124
377 16170
378 15290
379 17030
380 13072
381 17496
382 18881
383 10956
384 11930
385 16934
386 14289
387 11990
388 14466
389 14100
390 15789
391 15216
392 14476
393 18980
394 17409
395 13385
396 16972
397 14921
398 12454
399 15617
400 14035
401 17720
402 13742
403 16734
404 15425
405 13258
406 14888
407 12949
408 10428
409 16364
410 17101
411 16978
412 22152
413 15418
414 14917
415 10855
416 18208
417 20559
418 15961
419 16464
420 16775
421 17359
422 12611
423 16298
424 14473
425 15250
426 17096
427 16044
428 15351
429 14281
430 16116
431 15998
432 11637
433 14729
434 13533
435 22800
436 15565
437 11573
438 19394
439 14172
440 16977
441 17207
442 13592
443 19296
444 17997
445 12372
446 17412
447 15833
448 12404
449 15404
450 15540
451 19200
452 19244
453 13866
454 15885
455 11095
456 16236
457 15217
458 16572
459 23104
460 15445
461 14975
462 15537
463 20283
464 15830
465 16138
466 10499
467 15736
468 12163
469 15882
470 15398
471 15172
472 9822
473 15708
474 14210
475 11111
476 8343
477 13737
478 17529
479 14882
480 16770
481 15865
482 15061
483 12542
484 13266
485 14822
486 12742
487 14578
488 16997
489 12663
490 12287
491 14885
492 14037
493 18234
494 13164
495 18073
496 15373
497 16041
498 13183
499 11989
500 12780
501 14712
502 15641
503 10366
504 16636
505 15595
506 15652
507 13028
508 9269
509 11184
510 17573
511 15798
512 16655
513 15568
514 13719
515 16008
516 13487
517 16706
518 13585
519 17463
520 17675
521 15229
522 12444
523 9217
524 11429
525 19965
526 16138
527 14486
528 13465
529 16042
530 15105
531 15871
532 17738
533 17534
534 17551
535 15041
536 11313
537 11665
538 17811
539 15526
540 16039
541 11643
542 15181
543 14036
544 10495
545 14521
546 18352
547 15941
548 15530
549 10531
550 12571
551 12567
552 18484
553 20044
554 20311
555 19764
556 15845
557 17621
558 15777
559 10860
560 19573
561 19361
562 15645
563 12419
564 18282
565 17063
566 11325
567 12589
568 14134
569 14121
570 11314
571 18120
572 14129
573 13689
574 11153
575 18216
576 14424
577 15850
578 13937
579 12816
580 14103
581 13257
582 17003
583 15041
584 15235
585 14868
586 12184
587 11064
588 19239
589 14509
590 14942
591 14838
592 17235
593 16412
594 10899
595 16806
596 12365
597 14733
598 18672
599 13594
600 15104
601 16693
602 21130
603 14866
604 16905
605 18192
606 15048
607 16862
608 18023
609 13502
610 12957
611 13116
612 18270
613 20740
614 15535
615 11421
616 15565
617 18291
618 18189
619 18452
620 10452
621 20153
622 10714
623 13203
624 13842
625 17530
626 16730
627 12043
628 11555
629 13303
630 19160
631 17730
632 12534
633 13800
634 16149
635 13567
636 19149
637 17621
638 13456
639 15544
640 16199
641 14960
642 11275
643 12725
644 11541
645 18735
646 13712
647 11829
648 13824
649 17330
650 15633
651 14904
652 12236
653 15072
654 9403
655 12527
656 16374
657 15099
658 15179
659 14475
660 19499
661 15999
662 17573
663 14345
664 15077
665 15923
666 10538
667 19206
668 14015
669 16800
670 11993
671 14015
672 14907
673 16961
674 15675
675 18954
676 9029
677 17246
678 17266
679 13647
680 21809
681 14176
682 13576
683 17296
684 13104
685 13084
686 15578
687 15560
688 17004
689 12065
690 15601
691 16530
692 15275
693 13581
694 17552
695 18826
696 12393
697 13842
698 15282
699 17913
700 15316
701 16552
702 14103
703 11767
704 11657
705 12845
706 19391
707 16585
708 17209
709 16937
710 18342
711 16293
712 12915
713 15263
714 15773
715 13263
716 14161
717 16973
718 10275
719 18132
720 15188
721 17298
722 12712
723 18788
724 12162
725 18333
726 21838
727 14974
728 18773
729 17488
730 19710
731 13990
732 13588
733 12927
734 14249
735 14722
736 19642
737 19692
738 14246
739 17759
740 18493
741 16857
742 11705
743 18700
744 16989
745 12622
746 13542
747 16775
748 11968
749 19325
750 17758
751 15756
752 21312
753 18332
754 12883
755 12335
756 19096
757 18937
758 12712
759 13403
760 17470
761 18494
762 12169
763 15006
764 22295
765 12849
766 16725
767 12072
768 14638
769 21400
770 17990
771 17958
772 16602
773 15621
774 19123
775 14902
776 18784
777 12764
778 16045
779 20341
780 11059
781 16397
782 8785
783 17134
784 16921
785 15498
786 15935
787 17652
788 19815
789 16192
790 17671
791 14364
792 15703
793 10906
794 16287
795 15280
796 12392
797 17920
798 14843
799 13962
800 13283
801 15846
802 16062
803 14216
804 14737
805 16391
806 11301
807 14004
808 15913
809 16327
810 19953
811 17272
812 14351
813 14649
814 16331
815 14979
816 16084
817 15327
818 17671
819 14304
820 14879
821 17657
822 14621
823 14996
824 13535
825 13626
826 20226
827 13353
828 18542
829 19945
830 16328
831 17062
832 16992
833 22234
834 14548
835 14703
836 14996
837 13355
838 15291
839 19237
840 17216
841 14010
842 16778
843 13143
844 19737
845 15765
846 15592
847 13469
848 11790
849 16783
850 16148
851 16159
852 13731
853 19153
854 15047
855 11904
856 13223
857 16547
858 18060
859 16915
860 20609
861 16003
862 14958
863 13523
864 18015
865 14360
866 13890
867 19424
868 18778
869 21239
870 17066
871 12184
872 16679
873 16134
874 20267
875 14692
876 12418
877 7748
878 13954
879 22620
880 14220
881 12853
882 15352
883 15519
884 14600
885 12603
886 14608
887 12204
888 16144
889 18732
890 14388
891 15335
892 14010
893 12818
894 18510
895 17986
896 7748
897 14050
898 19916
899 17957
900 15906
901 16368
902 16261
903 11495
904 14828
905 10773
906 19681
907 17112
908 19138
909 10471
910 14595
911 14616
912 12467
913 18350
914 11615
915 14195
916 14770
917 18534
918 14110
919 7748
920 20486
921 19852
922 13597
923 13539
924 13357
925 19240
926 17635
927 14407
928 17121
929 18439
930 16699
931 15388
932 12354
933 18332
934 12546
935 10679
936 17991
937 16178
938 14863
939 18001
940 14315
941 21464
942 15681
943 9722
944 19633
945 14144
946 17822
947 12735
948 13178
949 15059
950 14047
951 11921
952 17146
953 10246
954 12636
955 15983
956 17962
957 12300
958 11936
959 12384
960 13531
961 17102
962 10035
963 14125
964 15318
965 17445
966 14229
967 9784
968 16489
969 15452
970 16371
971 14981
972 15405
973 17198
974 10699
975 18811
976 10972
977 16181
978 13792
979 15703
980 14670
981 17758
982 16714
983 15318
984 14768
985 18282
986 10435
987 16479
988 10148
989 13570
990 14890
991 14662
992 14654
993 16366
994 16376
995 13795
996 17907
997 13970
998 15370
999 20694
1000 15328
1001 20677
1002 17703
1003 16099
1004 12748
1005 17811
1006 14487
1007 17292
1008 17425
1009 15330
1010 18119
1011 15544
1012 11785
1013 11031
1014 15399
1015 16423
1016 14202
1017 12376
1018 13977
1019 13854
1020 15386
1021 16728
1022 17416
1023 9786
1024 9877
1025 17483
1026 10265
1027 18643
1028 14432
1029 14663
1030 14215
1031 20309
1032 13705
1033 12976

0 66 37 2
0 77 16 14
0 155 17 8
0 539 37 7
0 555 45 14
0 565 17 11
0 980 49 4
1 155 30 9
1 255 50 14
1 369 32 8
1 567 36 7
1 684 39 14
1 722 7 3
1 935 59 3
2 128 3 8
2 155 48 9
2 320 51 12
2 415 53 10
2 494 30 2
2 532 1 5
2 707 7 9
2 754 49 12
2 803 52 6
2 895 43 2
2 956 7 7
3 89 51 8
3 115 18 9
3 379 10 9
3 632 8 14
3 643 46 6
3 674 31 8
3 807 46 13
4 483 2 12
4 501 22 13
4 965 22 7
5 388 55 9
5 415 38 4
5 588 24 5
5 641 26 6
5 677 34 6
5 703 46 9
6 146 12 7
6 281 6 2
6 294 35 7
6 370 45 4
6 385 34 12
6 537 22 7
6 718 5 7
6 777 41 5
6 839 56 5
6 893 17 13
6 929 60 12
7 24 8 10
7 145 21 9
7 222 49 7
7 866 17 1
7 869 55 13
7 911 38 2
7 1009 27 1
8 71 42 9
8 132 18 3
8 212 42 12
8 343 3 8
8 653 14 2
8 714 11 9
8 757 22 13
9 276 39 14
9 403 43 1
9 423 46 6
9 507 54 7
9 630 50 7
9 635 17 7
9 917 44 1
9 988 2 14
10 199 35 6
10 219 44 9
10 531 29 11
10 593 37 3
10 686 1 9
10 778 37 11
10 806 14 11
11 316 47 10
11 424 46 6
11 467 60 13
11 534 57 11
11 711 59 13
11 727 55 13
11 976 5 12
12 43 16 13
12 310 39 8
12 399 49 12
12 433 25 13
12 460 8 4
12 642 6 2
12 906 28 15
12 933 13 5
12 990 26 1
13 70 6 13
13 98 54 5
13 338 57 8
13 468 24 2
13 538 12 14
13 870 60 12
13 897 14 6
14 941 5 4
14 1010 40 9
15 331 47 11
15 539 8 8
15 560 59 9
15 707 14 8
16 99 33 15
16 290 45 2
16 812 19 14
16 956 3 14
17 811 22 11
17 906 44 2
18 143 36 13
18 342 48 14
18 497 24 12
18 555 37 15
18 589 26 10
18 853 60 13
19 33 15 6
19 315 9 8
19 444 22 12
19 463 46 15
19 980 52 5
20 112 51 5
20 566 10 3
20 888 13 3
20 913 33 10
20 986 19 3
21 56 57 15
21 430 32 3
21 908 43 5
21 931 12 11
22 582 13 11
22 752 55 6
22 1004 27 10
23 178 53 10
23 212 23 2
23 571 33 11
24 137 48 5
24 352 47 4
24 403 22 5
24 1012 55 9
25 419 53 4
25 422 4 8
25 636 38 3
25 684 44 15
25 715 9 3
25 936 6 1
26 547 30 14
26 653 54 13
26 775 1 3
27 186 38 13
27 217 11 8
27 232 42 5
27 811 30 6
28 57 13 9
28 267 53 11
28 695 34 1
28 711 37 14
28 827 2 1
29 796 28 9
29 1018 7 10
30 281 20 8
30 525 4 5
30 724 49 10
30 857 26 4
30 909 31 13
31 131 40 12
31 201 40 2
31 587 34 12
31 617 18 14
31 686 47 8
31 775 36 4
31 787 23 9
32 86 38 2
32 293 27 5
32 352 13 14
32 443 38 2
32 469 31 11
32 568 38 11
32 752 31 3
32 962 33 10
32 988 21 8
33 328 27 7
33 427 1 10
33 440 35 13
33 527 22 14
33 542 7 8
33 676 1 10
34 123 56 4
34 165 45 12
34 603 38 15
34 709 1 8
35 521 17 6
35 533 45 4
35 549 29 6
35 593 57 9
35 698 46 7
36 292 29 4
36 314 10 2
36 388 4 3
36 391 22 11
36 642 27 13
36 840 6 5
37 78 1 7
37 109 21 7
37 115 46 15
37 349 14 9
37 708 19 13
37 836 37 11
38 395 5 12
38 540 4 12
38 617 38 10
38 691 19 6
38 958 57 8
38 988 12 6
39 122 25 6
39 403 6 13
39 516 7 3
39 638 7 6
39 804 57 14
39 834 53 15
40 218 44 14
40 226 5 12
40 249 20 11
40 522 18 3
40 623 2 14
40 641 28 1
40 647 54 13
40 829 4 4
40 1017 36 7
41 182 9 1
41 370 12 2
41 461 6 9
41 499 16 13
41 972 11 5
42 282 52 6
42 314 60 4
42 482 5 12
42 533 5 5
42 599 27 9
42 743 20 14
42 1022 30 15
43 280 20 2
43 346 59 4
43 394 44 12
43 419 11 8
43 428 1 15
43 517 17 2
43 700 15 7
43 942 8 11
43 959 38 11
44 150 8 6
44 216 49 3
44 336 57 12
44 430 27 7
44 606 13 5
44 617 23 4
44 823 8 6
45 139 53 1
45 148 44 1
45 232 34 9
45 267 7 3
45 879 36 12
46 88 6 10
46 190 25 5
46 326 18 10
46 390 3 3
46 885 16 2
46 966 1 5
47 581 24 3
47 683 38 1
47 900 16 13
48 362 17 12
48 447 6 14
48 676 3 9
48 799 19 6
48 973 25 15
48 1030 48 14
49 202 36 15
49 345 12 4
49 601 42 12
50 62 52 12
50 335 2 6
50 553 40 3
50 589 56 15
50 814 13 6
50 923 20 3
50 976 45 14
51 156 40 13
51 163 6 5
51 478 35 2
51 494 34 1
51 771 18 6
52 330 18 7
52 450 6 7
52 914 26 7
52 1009 24 10
53 204 7 15
53 509 15 4
53 593 3 6
53 612 5 3
53 738 27 5
54 603 13 2
54 873 10 3
54 953 59 5
55 56 40 4
55 624 54 12
55 641 52 6
56 275 15 11
56 384 38 5
56 547 13 13
56 582 56 2
56 651 12 7
56 878 13 9
57 187 23 13
57 536 14 9
58 390 15 15
58 511 11 14
58 526 14 10
58 677 43 14
58 862 28 9
58 934 42 1
59 188 2 9
59 262 42 12
59 320 16 4
59 378 24 12
60 368 59 8
60 664 5 12
60 837 22 14
60 937 60 8
60 997 30 14
61 88 13 8
61 154 31 14
61 335 6 8
61 441 46 7
61 882 13 3
62 91 53 10
62 214 58 3
62 297 4 3
62 569 31 5
62 571 54 11
62 595 21 9
62 679 48 14
62 681 9 14
62 817 54 3
62 875 11 14
62 906 43 5
63 64 35 3
63 380 1 4
63 476 26 11
63 491 40 9
63 930 20 4
63 991 11 10
64 125 34 6
64 209 19 8
64 256 46 2
64 273 25 5
64 402 21 15
64 488 45 11
64 748 14 15
64 861 41 1
65 161 17 13
65 461 20 1
65 573 25 2
65 803 11 14
65 850 15 11
66 437 53 11
66 589 38 6
66 650 42 15
67 93 53 9
67 279 23 11
67 586 24 4
67 745 25 5
68 176 6 14
68 216 59 9
68 346 32 6
68 420 23 9
68 481 51 3
68 572 43 3
68 914 3 9
69 214 24 11
69 399 32 9
69 643 4 3
69 740 20 7
69 1007 48 8
70 107 28 10
70 156 39 3
70 238 37 5
70 522 1 12
70 689 8 7
70 983 12 3
71 299 8 4
71 312 41 8
71 489 34 11
71 908 48 10
72 237 15 5
72 419 45 5
72 789 35 8
73 198 49 1
73 438 11 10
73 616 52 10
73 649 21 6
73 990 14 3
73 1016 55 4
74 447 10 1
74 510 9 3
74 545 22 15
74 842 7 5
75 211 6 2
75 233 33 7
75 565 59 10
75 658 1 10
76 328 36 12
76 380 50 11
76 417 3 2
76 484 43 1
76 508 9 6
76 521 42 7
76 692 16 15
76 817 26 6
77 304 45 10
77 371 17 6
77 385 6 3
77 391 10 8
77 583 53 13
77 739 28 5
77 765 55 1
77 797 16 2
78 376 59 5
78 457 31 4
78 786 31 4
78 918 44 7
78 975 2 4
79 537 49 15
80 100 41 6
80 541 48 15
80 634 48 4
80 647 8 6
80 650 53 7
80 722 30 4
80 973 16 3
81 248 53 4
81 251 36 12
81 291 45 7
81 440 17 13
81 556 56 1
81 905 12 3
81 971 30 12
82 583 11 1
82 712 46 15
82 1002 34 2
83 968 10 5
83 971 53 13
83 1016 48 12
84 147 5 3
84 219 49 3
84 402 31 6
84 445 14 1
84 816 33 4
85 219 41 9
85 513 16 8
85 575 4 11
85 636 37 4
85 655 42 9
85 750 9 14
86 221 55 2
86 287 30 12
86 496 59 9
86 697 55 5
87 355 12 8
87 479 52 9
87 537 41 3
87 666 5 5
87 712 23 3
87 774 59 8
88 269 21 12
88 396 1 7
88 502 27 2
88 556 51 14
88 648 3 13
88 675 37 2
88 823 30 7
89 162 20 12
89 367 58 8
89 379 20 10
89 413 56 7
89 580 3 9
89 584 48 11
89 953 52 10
89 1019 45 12
90 248 58 7
90 282 51 10
90 395 34 6
90 696 58 5
91 491 30 6
91 513 8 3
91 551 13 7
91 702 37 11
91 726 24 11
91 882 7 2
91 921 22 5
91 938 21 13
92 128 51 11
92 720 21 10
92 880 56 9
92 1011 55 7
93 105 58 3
93 162 30 5
93 483 3 13
93 709 1 13
93 887 25 5
94 289 2 9
94 367 18 8
94 831 24 13
95 352 24 8
95 354 19 2
95 389 55 6
95 917 19 8
96 119 40 12
96 339 28 7
96 1006 3 7
97 220 16 11
97 256 52 15
97 284 16 2
97 622 20 8
97 675 48 2
97 737 8 3
97 838 39 12
98 423 9 14
98 808 25 12
98 811 25 15
99 113 46 13
99 117 60 2
99 193 49 2
99 287 34 10
99 341 36 15
99 643 30 1
99 651 47 1
100 116 60 2
100 307 17 11
100 360 34 13
100 422 38 10
100 653 43 14
100 715 44 6
100 1015 6 13
101 880 57 3
101 967 54 9
101 1023 46 6
102 230 21 10
102 282 58 12
102 641 29 6
102 967 25 5
102 973 40 11
102 976 27 5
102 1002 24 2
103 937 7 15
104 301 21 1
104 704 49 3
104 771 44 13
104 772 37 13
104 870 25 7
104 908 36 9
105 398 60 10
105 866 19 15
105 965 52 13
105 970 13 1
105 974 47 9
106 128 59 10
106 230 12 7
106 308 10 9
106 344 20 12
106 399 56 1
106 401 53 9
106 456 20 15
106 555 21 2
106 643 60 11
106 746 12 5
106 862 35 6
107 121 59 10
107 525 39 14
107 662 41 13
108 148 4 5
108 533 6 2
108 901 2 5
108 926 30 6
108 1015 26 6
109 565 17 3
109 632 28 12
109 653 35 7
109 715 38 12
109 897 6 3
109 958 27 5
110 203 37 10
110 268 13 7
110 289 40 7
110 345 38 1
110 404 15 8
110 476 22 2
110 684 50 9
110 816 16 10
110 908 57 5
110 993 36 14
110 1024 25 4
111 245 5 7
111 332 10 14
111 361 40 14
111 465 8 13
111 559 60 9
111 619 9 15
111 697 5 7
111 874 45 13
112 280 14 5
112 382 26 4
112 460 46 5
112 634 28 1
112 799 15 4
112 863 20 6
112 1004 16 7
113 278 51 7
113 326 32 7
113 327 14 6
113 374 10 7
113 608 54 2
114 138 44 7
114 307 7 3
114 604 56 9
114 608 33 14
114 689 49 14
115 273 37 10
115 275 5 10
115 560 55 7
115 682 4 1
116 425 39 15
116 442 1 15
116 520 22 15
116 576 32 11
116 637 14 3
116 707 1 6
116 977 37 6
117 336 6 1
117 355 8 14
117 375 29 8
117 666 28 11
117 899 16 13
118 597 15 8
118 734 11 10
118 933 48 7
118 947 26 5
119 426 21 14
119 431 21 15
119 468 20 8
119 804 5 2
119 822 34 15
119 863 32 7
119 931 26 14
120 343 59 4
120 410 60 1
120 516 54 14
120 561 35 13
120 688 28 14
120 810 42 1
120 850 1 5
120 1009 16 10
121 274 2 6
121 403 15 6
121 653 15 14
121 882 10 5
121 905 26 7
122 501 56 9
122 549 55 5
122 579 56 4
122 775 14 10
122 796 26 9
122 835 52 6
123 261 58 15
123 373 49 11
123 652 42 14
123 840 20 10
123 898 20 9
123 906 44 15
123 958 45 3
123 994 11 7
123 1009 28 8
124 355 36 6
124 691 59 2
124 808 36 12
124 882 19 2
124 934 3 5
124 968 23 5
124 1002 4 15
125 237 44 14
125 264 6 12
125 426 26 15
125 704 26 2
125 762 42 8
125 777 37 14
125 1008 41 7
126 213 17 3
126 707 55 2
126 752 29 15
126 1016 55 4
127 208 39 3
127 332 49 8
127 369 21 14
127 421 29 2
127 457 1 4
127 492 51 15
127 715 49 3
127 922 39 6
128 168 11 14
128 203 27 3
128 212 51 13
128 474 13 4
128 481 24 1
128 579 56 10
128 718 54 7
129 425 5 15
129 960 3 7
129 997 4 11
129 1026 4 3
130 134 58 8
130 139 30 9
130 524 40 2
130 768 31 9
131 645 46 5
131 740 38 11
131 765 45 10
131 826 58 3
132 139 4 12
132 293 25 3
132 337 38 5
132 441 17 10
132 678 27 15
132 690 47 2
133 295 23 5
133 635 44 9
133 792 28 4
134 219 57 7
134 283 42 7
134 425 12 6
134 555 27 5
134 572 47 4
134 830 50 2
135 169 33 9
135 498 28 15
135 552 14 14
135 634 15 9
135 839 11 11
135 920 14 12
135 1031 12 14
136 162 57 8
136 209 31 8
136 685 56 13
136 752 49 8
136 919 58 8
136 932 36 9
137 265 44 10
137 324 20 12
137 329 58 4
137 663 60 6
137 882 8 13
137 913 27 7
137 982 4 5
138 231 1 7
138 409 33 9
138 528 22 12
138 547 32 2
138 587 15 9
138 735 50 6
138 883 56 3
138 932 26 7
138 934 29 15
138 969 33 6
139 228 11 7
139 426 42 3
139 474 59 1
139 697 45 14
139 698 33 9
139 742 21 12
140 484 31 9
140 488 18 1
140 803 51 9
140 924 46 4
140 938 39 8
141 284 33 10
141 407 53 1
141 420 23 7
141 561 37 13
141 650 30 10
141 714 49 13
141 801 58 6
141 875 59 13
141 922 15 6
142 146 3 9
142 347 15 15
142 433 23 3
142 576 54 10
142 764 14 5
142 782 42 10
143 189 20 8
143 487 11 2
143 515 46 13
143 637 56 6
143 759 38 2
144 322 60 12
144 402 23 14
144 454 51 8
144 698 4 12
144 844 35 7
144 848 48 14
144 917 18 15
145 256 11 5
145 257 6 13
145 363 22 3
145 470 42 11
145 734 9 8
145 931 31 5
146 211 32 11
146 320 60 9
146 622 10 6
146 628 22 15
146 630 26 11
146 668 34 10
147 243 1 13
147 316 35 10
147 596 16 6
147 629 59 14
147 977 15 8
148 362 37 9
148 406 58 6
148 431 50 4
148 446 19 4
148 450 3 7
148 829 44 7
148 837 56 15
148 931 59 5
148 1030 42 15
149 283 52 9
149 388 53 9
149 619 36 8
149 739 2 14
150 185 55 14
150 342 15 2
150 403 10 15
150 406 1 1
150 422 35 13
150 483 37 2
150 500 56 5
150 566 3 9
150 705 58 2
150 763 46 1
151 403 16 5
151 751 42 10
151 885 24 3
151 1020 10 6
152 156 36 3
152 189 38 12
152 337 33 6
152 487 52 5
152 702 19 2
152 716 17 15
152 737 44 11
152 928 7 3
152 961 36 13
152 998 53 10
153 399 33 9
153 462 43 9
153 548 19 7
153 663 56 11
153 755 54 11
153 875 54 1
153 890 49 2
154 273 18 15
154 353 30 7
154 740 48 5
154 753 11 7
156 193 57 5
156 1013 59 1
157 598 60 15
157 607 13 9
157 647 9 15
157 824 57 9
157 828 44 13
157 981 9 5
158 178 51 1
158 233 44 7
158 468 21 1
158 472 58 14
158 713 22 4
158 771 2 7
158 917 53 10
158 943 43 12
159 237 47 5
159 251 10 12
159 312 19 14
159 918 32 10
159 980 8 5
160 224 46 15
160 409 29 9
160 817 25 11
160 1028 4 14
161 333 16 13
161 449 28 3
161 574 15 2
161 742 4 15
161 916 55 12
162 581 28 11
162 765 36 3
162 861 48 11
162 875 20 9
162 902 7 9
163 585 33 1
163 667 22 9
163 732 24 9
163 807 20 9
163 955 22 7
164 435 27 10
164 887 8 4
164 907 8 7
165 618 3 6
165 662 52 6
165 696 5 10
165 774 56 3
165 872 44 14
166 303 4 15
166 398 13 9
166 590 43 5
166 700 26 9
167 302 3 4
167 328 14 15
167 341 28 6
167 414 15 12
168 560 50 3
168 612 38 9
169 188 54 9
169 199 6 10
169 328 4 5
169 462 23 9
169 1019 34 8
170 181 7 11
170 414 7 3
170 688 23 10
170 749 18 1
170 769 54 2
170 854 15 4
170 863 39 11
170 869 53 14
171 267 35 11
171 372 2 15
171 606 21 11
171 646 43 8
171 770 41 14
171 812 55 13
172 496 13 6
172 513 14 3
172 779 39 15
172 983 10 12
172 1017 13 3
173 223 16 15
173 252 41 13
173 417 46 5
173 607 55 3
173 818 17 4
173 910 8 4
173 928 24 9
173 944 46 1
173 1002 21 9
174 221 52 1
174 311 22 14
174 315 18 5
174 330 12 8
174 674 38 12
174 846 29 14
174 950 12 7
175 484 39 15
175 507 2 15
175 585 24 9
175 852 44 14
175 924 1 12
175 956 41 13
176 184 27 12
176 236 37 12
176 446 41 2
176 521 41 6
176 633 32 15
176 659 35 1
176 698 49 2
176 813 40 14
176 914 11 3
177 244 27 12
177 286 20 6
177 328 26 10
177 390 6 14
178 1030 25 6
179 352 32 15
179 372 57 1
179 532 25 3
179 678 58 6
179 867 10 11
180 344 10 9
180 402 44 8
180 482 20 13
180 652 49 7
180 889 27 7
180 911 24 6
180 971 55 15
180 1018 20 6
181 661 13 12
181 732 46 12
181 759 6 14
181 921 44 1
182 209 56 10
182 486 53 3
183 215 36 12
183 241 33 9
183 382 12 11
183 821 52 2
183 825 59 12
183 872 32 9
183 992 30 11
184 397 57 12
184 417 42 11
184 661 19 13
184 927 11 15
184 988 43 12
184 1032 38 3
185 317 57 9
185 555 41 15
185 576 10 2
185 628 34 4
185 862 21 12
185 979 44 4
185 1012 14 8
186 318 14 10
186 622 54 8
186 783 57 9
186 803 36 1
186 848 6 5
186 899 3 3
187 213 4 3
187 360 28 14
187 405 48 3
187 557 48 2
187 709 19 15
187 742 1 14
188 261 13 10
188 321 15 7
188 408 45 15
188 440 49 10
188 726 1 8
189 230 38 9
190 244 53 8
190 379 40 2
190 413 21 3
190 500 12 10
190 540 43 4
190 758 5 10
190 884 37 1
190 973 18 1
191 223 58 13
191 571 43 1
191 864 49 7
191 999 59 14
192 215 9 6
192 415 27 7
192 713 59 10
192 976 19 3
193 223 9 8
193 520 32 6
193 694 28 7
193 820 5 15
193 883 40 15
193 921 35 7
194 216 38 12
194 255 53 12
194 371 36 15
194 561 45 15
194 620 36 3
194 669 35 10
194 948 35 14
195 231 55 2
195 399 18 6
195 404 2 2
195 473 32 13
195 861 39 2
195 893 32 8
195 932 49 11
196 214 34 10
196 339 45 14
196 357 47 13
196 754 47 1
196 1012 44 15
197 233 8 7
197 253 7 12
197 460 15 1
197 632 34 6
197 774 58 1
198 494 30 2
198 552 40 2
198 965 10 12
198 983 2 11
199 401 15 6
199 644 7 12
199 653 54 4
199 957 14 4
200 449 50 11
200 476 38 9
200 677 55 11
201 432 28 5
201 434 8 12
201 492 29 4
201 931 40 13
202 232 51 9
202 370 10 9
202 373 21 11
202 535 4 10
202 613 24 13
203 234 1 13
203 590 40 2
203 715 16 15
203 917 40 11
204 403 60 11
204 446 20 7
204 498 58 2
204 512 22 3
204 687 24 10
204 930 11 11
205 617 35 6
205 631 15 15
205 795 33 11
205 821 48 12
205 841 48 13
205 930 12 10
206 228 13 9
206 402 53 11
206 566 17 7
206 854 13 11
207 222 52 12
207 533 7 9
207 864 32 14
207 975 47 5
208 572 33 4
208 606 11 9
208 639 15 12
208 680 46 9
208 697 29 3
208 721 7 15
209 289 49 11
209 457 59 13
209 782 40 11
209 826 26 12
209 834 8 11
210 345 37 1
210 782 20 8
211 244 25 11
211 311 42 2
211 353 34 5
211 431 2 3
211 479 49 4
211 874 45 14
211 997 5 12
212 237 40 15
212 280 6 2
212 507 21 5
212 545 30 9
212 623 10 8
212 765 1 7
212 856 21 2
212 941 55 5
212 944 16 1
213 215 40 10
213 289 58 8
213 475 41 12
213 944 38 12
214 243 47 14
214 260 33 11
214 433 26 8
214 602 60 15
214 858 51 12
214 970 11 11
214 998 18 3
215 306 13 2
215 533 23 3
215 676 21 6
215 711 49 6
215 827 31 10
215 867 24 1
216 218 54 11
216 385 26 5
216 434 31 2
216 871 25 13
217 344 20 2
217 375 10 14
217 462 37 10
217 521 47 14
217 582 45 13
217 628 2 3
217 837 50 4
218 331 21 8
218 347 27 13
218 390 45 14
218 846 47 7
218 922 44 3
219 301 58 14
219 404 49 15
219 469 24 11
219 803 36 6
219 812 19 6
219 1025 36 13
220 871 35 4
221 260 45 7
222 466 4 4
222 798 60 10
222 922 16 2
222 986 42 4
223 670 13 2
223 717 21 4
223 978 47 15
223 979 33 7
224 467 41 4
224 580 44 11
224 582 12 4
224 676 59 5
224 800 2 7
225 651 18 2
225 672 14 5
225 1029 33 8
226 296 6 12
226 342 17 8
226 439 57 10
226 508 51 3
226 637 36 5
226 732 43 7
226 843 44 7
226 929 38 2
227 683 14 14
227 819 10 5
227 1010 31 12
228 258 48 10
228 602 15 8
228 811 52 11
228 948 33 15
228 957 55 9
228 968 40 8
229 558 18 12
229 779 47 5
229 998 37 9
230 394 35 7
231 594 53 10
231 740 53 4
231 931 20 14
231 1031 51 13
232 268 26 1
232 345 8 9
232 529 56 13
232 598 48 7
232 767 25 15
232 828 31 14
233 605 38 7
233 770 40 3
233 909 37 14
233 919 28 1
234 366 26 12
234 434 26 8
234 602 15 6
234 611 43 5
234 681 51 3
234 791 22 5
234 828 48 10
234 958 39 6
235 517 26 6
235 629 9 1
236 458 12 2
236 544 27 15
236 621 34 11
236 625 58 4
236 641 49 4
236 689 15 11
236 874 19 15
237 431 37 14
237 486 8 13
237 506 44 1
237 523 24 9
237 524 33 7
237 869 53 7
237 929 22 4
238 570 38 1
238 593 6 6
238 659 59 13
238 675 3 9
238 802 26 7
239 328 53 12
239 474 41 1
239 669 45 10
239 704 40 5
239 812 10 9
239 832 24 1
240 450 38 13
240 689 29 11
240 715 30 2
240 796 3 14
240 900 24 8
241 662 46 2
241 671 58 3
241 852 8 6
242 414 19 7
242 573 51 7
242 681 40 6
242 831 49 10
242 951 51 15
243 865 47 13
244 400 3 4
244 434 40 12
244 629 23 9
244 968 49 5
244 1026 48 13
245 832 36 11
246 435 60 14
246 851 26 11
246 861 6 5
246 939 43 3
247 270 45 14
247 281 58 4
247 343 34 10
247 676 4 1
248 444 48 3
248 577 19 15
248 961 60 12
249 563 43 8
249 742 59 9
249 996 35 8
250 377 16 9
250 952 59 2
251 448 53 15
251 493 14 13
251 575 43 14
251 976 15 11
252 470 15 3
253 403 21 13
253 433 37 14
253 655 34 10
253 733 56 4
253 928 11 10
254 520 48 7
254 767 58 6
254 1008 21 11
255 584 39 8
255 605 10 12
255 797 22 12
256 266 59 6
256 284 35 3
256 369 2 5
256 454 20 6
257 282 29 8
257 385 18 2
257 488 1 4
257 490 20 8
257 975 14 2
258 514 5 10
258 752 31 2
258 767 46 13
258 884 38 14
259 842 43 13
259 888 41 8
260 300 36 3
260 503 31 9
260 650 40 1
260 666 50 11
260 833 25 3
261 428 1 10
261 470 28 13
261 520 60 11
261 606 40 12
261 618 14 8
261 836 9 8
261 1003 18 7
261 1021 35 6
262 271 18 2
262 414 38 4
262 584 29 5
262 797 45 1
262 968 42 13
263 790 26 14
263 801 38 2
265 824 34 9
265 949 11 3
265 950 54 12
266 413 11 1
266 523 25 1
266 866 30 5
267 348 14 4
267 463 13 4
267 613 36 6
267 989 23 5
267 1012 38 4
267 1026 46 11
268 277 29 7
268 484 51 1
268 684 31 10
268 773 17 1
268 955 16 7
268 1018 12 6
269 418 17 5
269 606 25 3
269 635 8 5
269 671 23 6
270 582 39 13
270 884 21 9
270 886 53 6
271 369 33 4
271 481 12 5
271 647 49 6
271 714 31 10
271 877 29 9
271 970 9 6
271 1032 44 7
272 466 56 1
272 971 48 4
273 285 14 13
273 362 14 13
273 486 17 12
273 623 25 7
273 731 38 14
274 412 24 13
274 415 37 14
274 889 3 14
274 948 22 1
275 327 52 3
275 423 28 6
275 501 46 7
275 669 24 6
276 657 55 10
276 885 20 2
277 345 54 13
278 640 42 9
278 766 54 11
279 560 38 12
279 656 41 13
279 709 45 5
279 714 55 11
280 287 35 1
280 309 45 9
280 349 57 5
280 388 45 14
280 413 14 4
280 414 16 15
280 532 49 3
280 589 59 7
280 674 33 5
280 679 34 13
280 882 15 9
281 368 5 12
281 401 37 13
281 711 14 2
282 561 56 11
282 639 52 1
282 730 51 8
283 305 40 10
283 368 14 11
283 416 51 1
283 546 16 7
283 564 15 2
283 774 30 1
283 827 21 10
283 1010 19 4
284 399 26 1
284 432 28 1
284 629 52 6
284 739 4 3
285 711 17 12
285 842 29 13
285 980 60 12
286 298 31 6
286 313 4 10
286 461 31 8
286 649 24 1
286 668 42 8
286 734 48 3
286 799 2 11
286 846 53 4
287 359 25 5
287 371 38 1
287 459 36 1
287 474 12 2
287 803 29 11
287 906 24 12
287 922 38 9
288 678 47 4
288 819 22 9
288 906 55 4
288 943 37 8
289 373 4 13
289 548 2 1
289 583 41 10
289 836 48 12
290 337 10 4
290 393 18 12
290 404 15 13
290 429 33 12
290 466 16 5
290 524 40 14
290 580 15 4
290 721 24 5
290 732 36 14
290 765 56 12
291 411 4 11
291 456 51 2
291 463 41 12
291 469 48 14
291 651 22 11
291 731 56 4
291 820 28 3
292 334 4 10
292 637 20 4
292 812 50 10
292 846 40 3
292 851 41 7
292 970 52 5
293 317 39 13
293 396 9 2
293 511 32 7
293 683 23 3
293 686 22 3
293 734 20 5
294 435 13 7
294 523 27 10
294 535 1 13
294 745 60 14
294 944 4 12
294 1028 22 8
295 347 49 13
295 451 40 4
295 452 41 15
295 650 56 9
295 893 49 13
296 398 57 3
296 567 19 3
296 802 46 4
296 821 53 2
297 321 60 6
297 482 53 5
297 653 45 11
297 682 42 9
297 810 42 3
297 980 39 2
297 1004 50 2
298 305 37 3
298 315 34 11
298 539 57 4
298 643 39 13
299 457 56 11
300 317 40 6
300 611 37 3
301 863 3 13
301 974 16 8
302 415 22 3
302 508 51 2
302 849 10 2
303 700 3 4
303 915 21 5
304 391 45 15
304 443 25 5
304 484 6 11
304 687 10 1
304 940 12 5
305 496 33 7
305 875 39 4
305 975 48 8
306 387 59 14
306 470 18 2
306 586 51 6
306 806 3 15
307 566 40 14
307 676 25 4
307 982 54 13
308 576 31 9
308 659 2 13
308 801 30 3
308 1012 38 11
309 354 50 2
309 379 45 12
309 696 51 6
309 900 40 12
309 1023 19 4
310 371 59 14
310 928 31 14
311 320 46 10
311 371 49 6
311 616 25 4
312 466 45 1
312 722 11 10
313 358 13 12
313 375 50 15
314 433 13 6
314 673 35 8
314 929 3 15
315 385 55 9
315 465 55 15
315 542 46 14
315 603 31 5
315 652 60 3
315 787 19 9
315 1033 22 4
316 380 35 4
316 385 30 15
316 451 20 10
316 460 34 12
316 667 49 10
316 707 8 6
316 736 11 6
316 828 54 7
317 703 48 12
317 759 44 2
317 1030 42 8
318 441 20 8
318 442 55 1
318 942 25 2
319 741 30 14
319 765 22 15
320 349 20 10
320 369 43 8
321 735 47 6
321 775 47 11
321 859 36 13
321 985 34 5
321 987 22 14
322 325 60 2
322 788 40 11
322 1022 22 14
323 647 26 7
323 733 6 13
323 795 11 10
323 898 35 1
323 1000 10 1
324 363 59 2
324 570 59 5
324 753 49 3
324 763 38 2
324 865 36 5
324 982 21 13
325 356 23 3
325 537 56 11
325 615 31 12
325 676 54 9
325 766 44 9
325 925 33 15
325 963 27 2
326 347 3 3
326 804 48 7
326 817 53 15
327 371 40 11
327 472 6 2
327 853 20 11
327 896 30 14
327 962 25 5
328 364 4 6
328 400 60 14
328 558 23 11
328 693 30 12
328 709 44 14
328 715 1 10
328 735 14 3
328 740 34 10
328 839 55 5
328 949 52 12
329 428 14 3
329 591 48 5
329 786 42 15
329 820 43 7
329 914 38 2
330 587 53 13
330 599 34 11
330 676 39 8
330 711 20 2
330 856 3 15
330 990 49 10
330 1031 31 3
331 835 38 5
331 892 32 14
331 924 28 2
331 958 20 5
332 383 53 6
332 556 49 12
332 742 28 12
332 764 28 2
332 801 2 8
333 696 25 6
333 957 19 11
334 359 21 5
334 641 55 4
334 756 36 15
334 888 55 3
334 1009 9 8
334 1026 34 14
335 922 49 5
335 980 3 3
335 996 9 15
336 465 38 12
336 524 45 14
336 590 40 1
336 613 42 11
337 371 48 12
337 435 47 5
337 506 3 8
337 794 9 13
337 846 28 12
337 985 14 12
338 896 7 4
339 511 40 5
339 530 59 13
339 838 37 11
339 966 26 8
339 1033 29 10
340 426 15 12
340 500 58 12
340 520 47 10
340 659 12 12
340 757 59 15
340 839 58 6
340 987 56 8
341 345 60 9
341 350 30 14
341 364 23 6
341 386 60 1
342 422 29 5
342 654 39 5
342 909 45 5
342 943 9 15
343 346 41 1
343 683 19 3
343 918 28 2
343 950 14 1
343 1011 44 6
343 1019 31 14
344 523 33 3
344 716 39 13
344 989 58 12
345 366 2 15
345 448 42 4
345 666 7 3
345 707 18 13
345 769 4 10
345 880 47 15
346 406 50 9
346 428 14 6
346 503 45 9
346 515 40 5
346 551 57 13
346 740 23 15
346 845 1 6
347 426 23 3
347 821 34 2
347 874 48 8
347 898 34 8
347 1011 8 3
348 374 49 11
348 404 45 9
348 559 45 13
348 658 12 7
348 844 50 13
348 1030 54 6
349 357 25 8
349 422 54 10
349 662 28 3
349 973 37 1
350 369 26 7
350 394 49 15
350 416 6 3
350 671 42 11
350 1018 26 1
351 511 4 8
351 905 36 15
351 940 39 7
352 387 16 3
352 461 46 10
352 797 54 14
352 854 10 12
353 460 16 14
354 390 33 6
354 502 7 12
354 740 11 3
354 891 37 1
354 892 58 4
355 644 20 8
355 678 32 7
356 659 38 14
356 693 51 7
356 698 48 4
356 714 57 11
357 554 12 5
357 734 8 9
357 839 14 7
357 938 13 3
358 368 39 6
358 393 44 15
358 585 7 4
358 588 44 10
358 615 12 2
358 642 50 14
358 773 50 3
358 913 22 6
359 640 2 9
359 692 7 11
359 946 26 13
359 1003 29 1
360 445 51 8
360 644 9 1
360 1004 56 11
361 371 25 6
361 694 28 7
361 791 29 1
361 893 23 13
362 476 5 6
362 702 16 14
362 933 60 1
363 462 3 15
363 1026 5 1
364 458 13 2
364 512 31 10
364 612 2 6
364 823 4 11
365 565 15 11
365 998 22 11
366 464 22 9
366 655 49 9
366 740 27 6
366 745 44 6
367 473 31 8
367 542 15 15
367 933 30 5
368 611 38 14
368 948 32 7
368 964 11 10
369 723 34 15
369 725 5 14
369 916 56 10
369 978 13 4
370 518 33 6
370 603 12 10
371 500 16 4
371 569 56 10
371 668 46 1
371 764 9 7
371 938 43 13
371 1010 31 13
372 423 51 9
372 440 29 4
372 501 13 6
372 664 19 11
372 711 50 4
372 715 34 12
372 747 47 12
372 851 22 8
372 915 1 13
373 453 17 12
373 674 21 13
373 715 2 14
373 922 24 9
374 736 45 11
374 939 18 13
375 483 9 13
375 596 1 8
375 934 17 4
376 424 23 4
376 479 31 5
376 494 25 2
376 655 21 13
376 675 34 3
376 942 10 7
376 946 41 7
377 551 56 15
377 870 31 1
377 906 37 7
377 933 39 10
378 534 20 15
379 383 31 15
379 425 12 5
379 501 15 13
379 660 8 13
379 748 10 10
379 815 60 3
379 847 12 11
379 961 37 2
380 724 35 15
380 859 52 4
381 993 18 5
381 1004 2 7
382 419 17 7
382 443 20 5
382 604 6 8
382 773 58 8
383 866 33 14
384 614 32 8
384 623 1 10
384 833 56 6
384 865 32 6
385 496 7 6
385 527 5 11
385 781 47 5
386 829 39 13
386 870 25 6
387 394 46 11
387 412 51 15
387 495 14 6
387 500 37 9
387 516 15 13
387 518 41 1
387 657 28 13
387 682 36 14
387 1017 58 3
388 489 20 4
388 570 36 7
388 788 39 15
388 821 22 4
388 903 39 12
389 552 52 3
389 668 5 3
389 900 20 9
390 548 51 8
390 686 19 6
390 776 54 13
390 889 57 8
391 459 55 2
392 678 42 6
392 1025 31 12
394 904 36 12
394 997 16 2
394 1007 53 6
394 1013 12 4
395 604 40 2
395 607 57 11
395 694 55 10
395 708 2 1
395 740 14 10
396 488 28 13
396 501 51 1
396 636 24 9
396 946 57 12
397 570 20 14
397 574 52 10
397 577 41 9
397 771 26 13
397 783 29 6
397 869 51 14
397 882 56 8
398 591 25 11
398 886 52 13
399 405 36 9
399 452 59 9
399 713 34 12
399 804 26 7
400 599 35 4
400 821 22 4
401 611 35 15
402 488 7 4
402 535 3 10
402 626 39 14
402 706 58 9
402 881 60 8
403 587 17 10
403 684 15 7
404 452 14 15
404 457 13 14
404 462 8 7
404 796 17 4
404 810 2 5
404 924 25 12
404 965 27 11
405 580 41 15
405 789 49 4
406 789 53 10
407 633 60 3
407 642 43 12
407 837 5 15
407 1029 35 1
408 556 31 14
408 722 9 6
409 593 29 15
409 679 31 15
409 784 15 7
409 792 22 15
409 802 54 13
409 878 40 2
409 948 44 7
410 496 30 11
410 701 39 9
411 476 60 3
411 807 29 14
411 832 22 12
411 948 52 6
411 972 14 12
412 535 24 11
412 766 43 10
412 778 43 12
412 950 56 12
412 1007 34 8
413 427 15 10
413 545 4 5
413 748 58 5
413 763 17 4
413 830 54 7
414 918 23 9
414 1032 40 4
415 451 32 3
415 623 23 1
416 418 4 6
416 591 13 8
416 801 19 7
416 813 29 10
417 935 40 7
417 976 15 3
418 646 54 14
418 826 4 12
419 444 4 9
419 1008 5 7
419 1029 55 1
420 438 37 12
420 704 18 8
421 584 42 12
421 749 28 5
421 828 36 12
421 900 21 13
422 568 24 7
422 634 13 8
422 736 35 3
422 750 7 14
422 770 18 9
422 946 36 10
423 656 11 4
423 689 49 3
423 729 36 6
423 845 29 5
423 875 54 13
424 613 7 3
424 863 26 5
424 994 8 9
425 651 18 12
425 682 35 12
425 967 48 11
426 736 8 9
426 776 7 3
426 809 45 7
427 527 30 15
427 686 32 15
427 1022 47 2
428 602 43 11
428 733 49 10
429 476 59 10
429 487 53 13
429 790 5 1
430 614 57 15
430 855 30 12
430 867 52 10
430 1033 60 4
431 446 43 10
431 521 51 3
431 532 32 3
431 923 34 2
431 969 59 8
432 456 56 9
432 819 56 4
432 837 51 14
432 890 40 5
433 592 14 5
433 854 43 2
434 644 23 7
434 661 5 1
434 662 11 9
434 911 9 12
434 1009 55 10
435 492 49 12
436 639 57 1
436 641 59 4
436 863 51 15
436 904 3 15
437 439 6 15
437 650 59 2
437 742 12 5
437 791 60 10
437 962 23 1
438 473 56 8
438 594 45 2
439 532 48 10
439 656 23 6
439 994 60 13
440 575 29 12
441 484 16 6
441 608 17 8
441 981 58 15
441 998 31 7
442 611 47 3
442 730 7 10
442 772 43 7
443 548 40 1
443 935 14 7
443 966 5 2
444 549 12 12
444 754 43 7
444 817 20 8
445 803 9 7
446 472 29 14
446 534 20 12
446 636 20 12
446 642 53 15
446 707 52 5
446 721 43 7
447 613 39 1
447 616 47 9
447 703 23 13
448 780 45 6
448 828 8 3
448 891 43 9
448 921 44 12
448 972 26 9
449 589 58 13
449 724 16 11
449 741 26 12
449 771 31 10
449 870 24 15
449 908 38 1
449 920 33 11
449 950 51 7
450 560 2 10
450 812 31 2
452 566 27 2
452 773 11 8
453 510 58 11
453 859 60 8
454 513 59 1
455 465 6 10
455 818 18 14
456 460 23 5
456 546 44 5
456 621 22 4
456 648 54 1
456 885 2 3
456 934 40 4
457 575 16 10
458 601 31 8
458 777 29 12
458 848 51 4
459 745 46 6
459 801 36 6
459 836 51 3
461 569 13 3
461 826 52 3
462 531 53 12
462 580 54 15
462 590 24 15
462 721 46 14
462 857 60 12
463 482 5 7
463 801 24 3
464 500 33 4
464 597 8 13
464 924 27 12
465 671 44 5
465 922 51 7
465 941 20 14
465 993 28 6
466 876 33 8
466 912 18 15
466 998 39 4
467 756 32 4
467 953 47 15
468 470 33 10
468 641 55 11
468 790 46 1
468 903 45 10
469 558 20 13
469 891 17 3
469 907 30 10
470 525 6 7
470 538 17 4
470 716 43 7
470 824 43 6
471 598 31 12
471 616 33 14
471 845 54 7
471 879 14 10
471 931 15 2
472 786 13 9
472 861 60 8
473 719 59 11
473 858 23 8
473 862 45 4
474 580 22 1
474 1001 33 11
475 801 5 12
475 873 41 13
476 599 32 12
476 746 38 13
476 789 13 2
476 836 8 1
476 845 8 5
476 918 8 7
477 704 12 3
477 735 35 15
477 876 32 2
477 925 25 3
477 989 34 12
478 548 3 12
478 669 37 6
478 789 35 15
478 997 11 7
479 774 15 13
480 497 2 1
480 631 19 14
480 803 27 10
480 876 46 11
480 954 25 4
481 626 22 13
481 778 41 7
481 924 49 11
481 996 4 14
482 503 19 1
482 596 20 7
483 654 48 8
484 846 1 12
484 898 47 12
484 977 59 12
485 715 3 6
485 1008 6 3
486 735 34 8
486 797 55 12
486 832 59 3
486 993 15 9
488 514 37 6
489 580 8 15
489 890 27 3
489 931 47 1
490 565 16 4
490 588 13 9
490 779 19 3
490 975 56 2
491 559 20 13
491 586 30 15
491 681 32 10
491 755 43 12
491 847 35 1
492 716 42 12
492 765 9 12
492 1003 2 1
493 615 35 10
493 654 23 9
493 972 30 1
494 515 18 7
494 555 20 14
494 770 23 8
494 883 8 3
494 931 13 3
495 534 9 6
495 982 27 2
495 1003 10 13
496 520 48 14
496 615 53 1
497 562 40 15
497 877 43 4
497 911 33 5
498 730 48 10
498 741 42 13
498 803 27 8
498 1006 1 4
499 599 40 12
499 602 46 10
499 789 48 12
500 790 2 11
500 834 19 4
500 901 43 11
500 971 52 14
501 614 42 5
501 922 22 10
501 982 13 9
502 546 6 13
502 800 11 15
502 852 18 11
503 900 6 1
504 748 24 7
505 537 7 5
505 764 35 5
505 860 16 5
505 973 33 12
506 621 41 6
506 800 32 13
506 876 24 8
507 571 11 4
507 942 32 9
507 1023 60 2
508 937 57 4
508 1006 50 11
508 1028 38 9
509 996 25 5
510 536 9 4
510 660 12 7
511 749 58 6
511 994 29 9
511 1015 55 12
512 591 37 12
512 633 7 8
512 797 21 5
513 545 2 2
513 668 41 2
513 692 19 9
514 779 43 5
514 937 8 14
515 588 49 12
515 955 22 13
515 979 3 4
516 614 46 8
516 721 42 8
516 736 38 7
516 878 29 7
516 914 16 14
518 726 4 15
518 732 11 9
518 822 6 7
518 884 60 5
518 1005 16 15
519 751 47 5
520 598 34 5
520 837 56 11
520 852 20 3
520 887 33 10
521 679 28 13
521 700 10 10
521 835 54 10
521 912 14 4
521 968 49 11
522 579 34 7
522 628 15 6
522 786 7 11
522 799 19 12
522 959 28 9
523 762 9 13
523 858 48 1
524 698 46 4
524 769 32 1
524 814 17 4
524 974 17 8
524 980 24 10
525 857 16 6
526 622 21 5
526 641 37 13
526 760 34 9
526 804 33 8
526 966 7 14
527 535 17 8
527 724 34 12
527 970 48 14
527 977 7 7
528 575 13 7
528 736 21 13
528 896 7 7
528 933 59 5
529 661 11 10
529 698 14 3
529 704 14 10
529 891 18 5
530 767 27 13
530 802 41 12
530 891 33 3
530 895 6 13
530 906 26 5
531 549 39 13
531 773 52 8
532 558 39 15
532 580 35 10
532 796 58 1
532 953 50 2
532 954 16 6
533 620 23 13
533 900 46 15
534 597 50 14
534 638 10 15
535 824 3 5
535 845 57 7
536 735 18 9
536 816 31 8
536 890 16 9
536 919 18 7
536 927 2 2
536 951 18 14
537 575 18 9
537 619 41 11
537 748 54 6
537 846 24 12
538 596 13 7
539 629 32 10
539 780 36 14
539 855 20 8
539 946 4 7
539 988 51 9
540 947 54 2
540 949 6 5
541 713 41 11
541 771 13 1
541 859 9 13
541 879 57 2
541 972 46 3
542 618 39 3
542 664 53 11
542 814 21 13
542 1017 60 4
543 611 8 1
543 705 33 14
543 873 43 1
544 687 14 13
544 723 9 13
544 929 57 10
544 1013 2 2
546 659 56 3
546 692 29 5
547 959 3 6
548 562 56 13
548 617 22 10
548 692 10 6
548 728 21 2
548 746 39 6
548 751 29 8
548 775 11 15
548 863 34 5
548 882 48 3
548 884 21 9
548 885 49 10
548 928 43 9
549 797 17 12
550 896 45 1
551 588 8 14
551 618 33 5
551 768 49 4
551 855 53 2
552 598 44 11
552 621 33 10
552 878 26 8
552 1005 38 13
553 570 28 9
553 613 53 5
553 619 60 6
553 840 6 8
553 955 16 1
554 661 33 11
554 832 21 8
555 646 18 13
555 1019 5 12
556 839 5 1
556 861 7 7
556 900 32 8
557 605 43 4
557 770 26 3
557 793 33 15
557 795 34 5
558 589 16 10
558 847 16 4
558 899 22 1
558 969 49 8
559 832 32 3
559 1026 32 15
560 1033 39 2
561 792 47 4
561 914 18 13
562 704 12 5
562 832 28 15
562 971 6 12
564 805 21 2
564 955 56 9
565 615 16 1
565 640 56 13
565 655 57 1
565 698 28 14
565 725 38 11
565 961 6 12
565 972 21 15
566 703 54 5
566 779 28 14
566 814 11 4
566 889 3 10
566 910 18 6
566 959 35 15
567 937 38 10
567 1012 11 10
567 1015 30 7
568 666 12 4
568 710 3 1
568 1029 39 15
569 592 45 5
569 661 16 14
569 780 48 11
569 899 42 12
569 934 33 11
570 606 34 3
570 672 47 8
570 692 3 9
570 760 7 3
570 867 32 7
571 641 15 9
572 633 41 1
572 994 19 5
572 1009 2 4
573 581 14 3
573 596 51 4
573 690 17 11
574 597 5 3
574 723 33 1
574 912 6 14
575 756 29 6
575 810 46 2
575 930 40 2
576 713 37 7
576 905 46 5
576 925 4 1
577 921 7 2
577 936 52 8
578 911 45 6
578 998 7 10
579 785 24 4
579 906 14 4
579 928 25 4
580 601 6 6
580 813 21 7
581 836 24 9
583 626 39 9
584 872 33 11
585 640 8 14
585 673 30 8
586 809 28 7
587 656 1 3
587 875 35 5
588 696 53 7
588 856 46 9
589 744 28 3
590 836 31 4
590 911 55 3
591 592 25 9
591 614 1 13
591 632 46 9
591 804 36 15
591 860 10 7
592 699 5 12
592 760 57 12
592 836 2 2
592 870 30 1
592 943 52 8
593 744 46 8
593 831 51 14
594 871 41 13
595 782 38 3
595 871 14 15
595 910 17 7
595 926 56 12
595 933 50 6
595 943 49 13
597 795 48 5
597 865 28 10
597 877 51 10
597 940 59 8
598 748 38 11
598 844 49 13
598 982 16 2
600 612 35 15
600 793 5 5
600 849 16 2
601 700 48 2
602 843 41 1
602 981 9 11
603 708 26 3
604 743 50 14
604 973 30 14
605 864 12 4
606 682 35 5
606 727 18 12
606 778 8 4
606 1033 35 11
607 738 22 6
607 826 51 7
607 900 19 6
607 1003 38 12
608 717 45 13
609 626 21 5
609 667 38 4
609 755 38 7
609 780 12 12
609 828 37 12
609 991 54 8
610 734 25 15
610 750 18 11
610 810 1 8
610 926 19 11
611 644 20 5
611 985 20 3
612 859 8 9
613 769 34 11
614 753 52 8
614 929 59 13
615 1008 18 12
615 1009 3 5
618 716 22 2
618 731 54 2
618 818 20 14
619 860 12 3
619 890 33 10
621 657 37 7
621 797 60 15
621 988 30 5
621 990 40 1
621 1018 1 4
622 942 31 5
622 979 8 2
623 873 38 14
623 948 24 13
623 977 32 6
624 869 5 9
624 875 51 2
624 1030 5 2
625 721 35 11
625 837 51 15
625 867 9 1
625 903 5 15
626 892 40 13
626 936 34 15
627 741 4 11
627 904 43 6
628 684 11 12
628 846 38 9
629 702 57 13
629 766 35 10
629 785 4 10
630 734 19 6
630 972 32 2
631 768 42 10
631 969 3 11
632 1026 23 8
633 732 23 2
634 688 1 7
634 896 31 9
634 990 9 13
634 1010 49 1
635 741 60 4
635 930 11 8
635 979 56 4
636 770 43 13
636 886 52 11
636 922 39 10
638 664 58 10
638 725 55 1
638 890 50 2
639 701 30 2
639 745 38 11
639 877 51 1
639 964 24 14
639 967 5 13
640 658 7 4
640 777 25 4
642 919 28 10
643 942 24 7
644 781 39 2
645 725 38 2
645 758 1 4
645 837 57 10
645 995 20 7
647 841 37 7
647 876 17 10
647 960 53 1
647 1023 51 14
648 688 60 2
649 723 7 2
649 749 15 1
649 763 44 9
649 866 48 1
650 791 1 7
650 843 4 11
650 855 21 5
651 926 15 11
652 984 20 13
653 757 40 2
653 820 33 1
653 933 5 1
654 859 54 11
656 713 23 11
656 893 59 13
656 1029 55 1
657 892 44 1
658 813 31 12
660 686 35 13
660 924 12 7
661 725 41 6
661 798 18 15
661 921 36 5
662 782 7 9
662 876 42 4
665 967 59 7
667 739 56 12
667 821 10 1
668 857 49 1
669 783 23 8
669 885 8 10
670 850 51 3
671 977 43 9
673 770 50 13
673 937 31 8
673 978 9 10
674 897 53 11
675 723 42 9
675 838 56 3
676 937 57 4
676 945 13 2
677 685 57 5
677 687 19 8
677 722 7 3
677 776 50 5
677 1024 50 12
678 915 26 14
678 926 34 1
679 965 55 3
680 775 6 3
681 945 39 6
682 844 11 7
682 862 52 3
682 1009 31 4
683 784 56 9
684 807 25 12
684 853 33 9
684 1015 2 8
685 1023 55 3
686 925 31 1
687 751 14 14
687 779 43 3
687 811 15 13
688 729 29 4
688 794 38 1
689 692 50 13
689 727 42 14
689 884 33 14
689 922 4 4
690 694 52 7
690 838 30 13
690 976 22 14
691 967 58 3
692 759 36 1
692 895 30 2
693 868 48 9
693 919 36 13
694 959 23 1
694 1023 60 5
695 752 39 11
695 867 29 5
695 923 22 7
695 995 29 13
695 1024 40 7
696 767 58 10
696 825 59 1
698 714 53 5
698 1008 58 11
699 764 49 6
700 850 41 10
700 905 60 3
701 798 57 7
701 876 50 4
701 950 13 2
702 762 40 7
702 829 18 5
702 835 26 12
703 761 23 1
703 783 23 1
703 1006 43 1
704 708 47 4
704 766 13 10
705 859 50 10
705 981 43 11
706 786 42 12
708 749 55 12
708 901 36 2
709 952 23 4
709 987 16 11
710 754 39 7
710 763 9 2
710 790 3 7
710 996 49 15
712 860 27 1
712 1005 43 1
713 730 2 5
713 780 50 2
713 828 60 4
713 882 5 6
713 985 3 13
714 744 45 11
716 939 47 1
720 936 59 1
721 730 44 15
722 779 58 6
722 848 44 2
723 763 52 3
724 767 31 11
724 770 33 10
724 859 27 7
724 876 16 5
724 1013 37 7
725 748 24 1
725 780 14 9
725 888 17 1
727 836 48 10
727 855 12 5
727 872 44 11
728 759 33 5
728 840 40 1
728 891 23 9
730 888 14 4
731 799 14 3
731 900 19 2
732 938 59 10
733 841 52 12
734 786 23 2
734 804 27 1
734 1022 5 4
735 956 19 6
736 868 59 10
737 779 49 8
737 1008 14 7
738 753 10 13
738 779 50 7
738 798 31 10
738 884 24 11
738 918 8 11
738 1026 5 4
740 774 37 3
740 811 21 15
740 818 29 8
740 862 42 7
740 880 9 15
741 756 44 5
741 994 52 15
742 866 8 4
742 982 57 10
742 1013 13 10
743 749 12 9
743 800 6 4
745 827 3 8
746 830 14 6
746 891 33 8
746 898 13 12
747 919 20 13
747 1021 22 7
749 792 42 3
749 909 54 10
750 762 29 5
750 819 36 8
750 839 37 9
750 931 59 1
750 961 6 15
750 991 20 14
752 850 21 5
752 865 44 2
752 884 33 5
752 891 44 2
752 928 44 13
752 929 22 4
753 971 46 5
753 1009 41 12
754 972 36 13
755 834 54 13
755 1027 39 8
756 889 22 10
756 980 20 5
758 943 56 2
759 762 18 9
760 784 39 3
760 801 37 8
761 802 35 2
761 838 17 9
761 856 2 15
761 997 38 9
761 1027 28 9
762 917 32 5
763 949 24 7
763 1033 5 6
765 823 41 6
765 877 37 11
765 961 48 14
766 867 29 5
767 847 46 10
767 876 9 2
768 830 22 1
768 854 40 15
768 874 1 6
768 881 51 12
771 883 23 15
772 1017 9 1
773 880 3 12
773 956 29 8
774 815 51 12
775 882 30 7
775 944 28 5
775 948 3 13
775 960 55 13
776 797 43 3
776 872 54 11
776 911 38 9
777 900 7 5
777 943 33 13
777 976 8 5
778 784 30 13
778 988 22 14
779 977 27 7
780 790 28 2
780 879 15 9
781 884 1 3
782 853 47 9
782 866 53 2
782 992 50 11
783 826 44 6
783 856 48 8
783 1015 58 9
784 990 11 2
784 997 23 14
785 1016 55 15
786 831 27 1
786 868 32 14
786 971 53 8
787 831 16 12
787 904 7 10
788 901 2 13
789 910 11 13
790 852 11 8
791 937 37 14
793 942 19 9
794 812 47 10
794 934 11 15
794 978 41 15
794 985 56 5
797 833 24 5
797 945 2 11
797 998 9 2
798 814 3 2
798 942 11 12
800 903 15 12
800 944 49 10
801 975 28 7
802 877 7 6
803 841 44 11
804 829 38 12
804 855 32 14
804 861 53 9
804 916 45 7
805 831 24 2
805 904 33 5
807 836 22 8
808 840 2 11
809 922 27 11
810 889 43 5
810 919 31 15
810 1019 12 1
812 844 54 10
812 1007 36 6
812 1011 47 3
813 913 5 8
814 995 38 2
815 891 36 8
817 838 60 4
818 876 10 8
818 946 30 11
819 939 1 5
820 955 51 11
821 835 14 1
822 873 51 6
823 909 59 9
823 945 23 1
823 1016 27 12
824 917 36 2
825 891 53 7
825 943 7 13
825 1003 14 2
827 834 11 13
829 948 35 9
830 1014 52 8
831 997 46 14
832 944 25 6
833 1028 43 2
834 993 12 8
835 1016 19 6
837 987 16 15
838 874 55 6
839 967 1 11
839 1004 41 2
839 1033 51 3
841 894 41 2
842 999 48 6
844 950 40 7
847 877 44 12
849 914 59 9
850 959 1 12
851 860 18 14
851 933 45 12
852 906 20 8
852 989 50 1
854 874 3 10
857 1027 35 10
861 963 60 4
862 937 59 3
862 1016 60 10
864 907 47 5
864 953 21 15
864 1028 45 3
866 878 12 14
866 892 41 1
867 901 10 13
868 900 20 11
868 915 14 2
869 886 56 4
869 965 36 15
870 963 32 14
872 984 17 7
873 999 59 10
876 956 52 8
879 918 41 12
879 927 45 11
879 984 55 4
880 1017 57 7
881 1033 55 11
882 914 38 7
885 928 31 4
885 1006 40 13
885 1019 22 13
886 918 5 8
886 1005 6 8
887 1011 44 1
887 1018 23 2
888 981 12 13
890 915 48 10
890 1032 2 7
892 927 18 12
892 1017 49 15
893 914 1 13
893 944 5 15
894 951 4 14
895 914 57 3
896 1005 16 15
899 936 4 15
901 999 13 1
902 1020 45 1
903 930 31 12
904 923 22 5
905 1023 43 13
907 949 29 3
908 930 27 12
909 994 28 9
913 920 33 3
917 963 58 6
921 1002 35 11
922 974 36 5
925 997 20 6
929 1004 6 14
929 1025 54 11
930 956 15 11
931 964 34 10
934 1006 22 8
937 960 23 6
937 967 20 2
938 1030 49 6
939 970 13 9
942 1012 57 1
944 945 16 7
948 973 11 4
948 1017 4 15
950 1011 11 10
950 1022 50 2
956 974 6 12
959 1015 25 14
959 1020 17 1
960 961 49 4
963 1021 14 10
964 977 57 5
964 994 20 2
966 1029 41 12
967 975 17 11
967 1018 24 10
971 986 25 12
972 1030 48 1
973 978 25 14
974 981 3 10
975 1011 53 7
976 1006 58 6
976 1028 59 1
977 991 6 11
979 1005 20 6
982 1016 11 2
986 1013 41 5
986 1033 7 7
990 996 37 10
993 1022 17 15
1011 1014 20 11
1016 1019 43 6

0 9 31
1 33 39
2 35 26
3 54 6
4 75 27
5 90 37
6 93 8
7 105 34
8 108 18
9 112 5
10 122 26
11 146 16
12 148 25
13 151 34
14 163 39
15 164 28
16 180 50
17 194 6
18 224 1
19 226 39
20 240 41
21 242 34
22 254 18
23 257 35
24 263 48
25 264 23
26 265 43
27 274 2
28 286 7
29 287 19
30 291 6
31 305 30
32 306 37
33 311 7
34 339 40
35 342 50
36 349 47
37 359 15
38 368 13
39 396 28
40 415 45
41 421 46
42 422 29
43 430 33
44 447 36
45 449 19
46 462 35
47 466 39
48 485 2
49 495 2
50 520 27
51 532 50
52 547 9
53 556 7
54 565 30
55 568 25
56 572 14
57 586 3
58 587 31
59 596 33
60 599 43
61 600 26
62 607 33
63 612 25
64 637 11
65 640 35
66 664 9
67 667 41
68 694 6
69 722 2
70 735 13
71 741 26
72 779 26
73 782 47
74 783 3
75 787 7
76 789 4
77 791 14
78 800 14
79 810 31
80 842 4
81 845 43
82 884 30
83 902 48
84 904 18
85 905 42
86 916 5
87 917 45
88 924 7
89 925 45
90 943 35
91 951 12
92 975 46
93 981 26
94 984 10
95 990 41
96 995 21
97 1006 31
98 1009 24
99 1010 25
100 1011 27
101 1012 20
102 1028 32
