750 3718 75 14

0 30 5526
1 60 10374
2 90 14607
3 120 18281
4 150 21449
5 180 24159
6 210 26456
7 240 28379
8 270 29968
9 300 31254
10 330 32269
11 360 33043
12 390 33599
13 420 33963

0 4202
1 4493
2 4242
3 3268
4 4839
5 4173
6 3739
7 4026
8 3842
9 1995
10 3006
11 4218
12 3418
13 4898
14 2883
15 4745
16 3838
17 4550
18 3456
19 4194
20 3263
21 4696
22 5092
23 3947
24 4271
25 4170
26 4145
27 4370
28 4802
29 4700
30 4105
31 3911
32 4067
33 5888
34 4042
35 3833
36 5605
37 3781
38 4096
39 3460
40 3371
41 3736
42 3521
43 4642
44 3441
45 3878
46 3524
47 3870
48 3381
49 5303
50 4114
51 3850
52 3321
53 4371
54 3906
55 4266
56 2927
57 5213
58 3401
59 4611
60 4000
61 3910
62 3832
63 4877
64 4431
65 3779
66 3977
67 4127
68 3229
69 4864
70 4086
71 4322
72 3975
73 3470
74 4292
75 4331
76 3915
77 3339
78 3897
79 4310
80 3367
81 4915
82 4282
83 4746
84 3729
85 3481
86 5078
87 3787
88 3988
89 4561
90 3182
91 4195
92 3739
93 3962
94 5142
95 2618
96 3580
97 3261
98 4070
99 4048
100 5086
101 4181
102 5043
103 3532
104 4389
105 5185
106 3742
107 3166
108 5290
109 4970
110 3592
111 4561
112 3853
113 3833
114 3252
115 3049
116 3895
117 5057
118 4150
119 4456
120 4013
121 4186
122 3922
123 3728
124 4838
125 4005
126 3863
127 4487
128 3255
129 4767
130 5215
131 4820
132 4737
133 2710
134 2597
135 5059
136 3024
137 3107
138 3422
139 3878
140 3723
141 4351
142 4511
143 3701
144 4321
145 5314
146 3978
147 3587
148 4298
149 5054
150 4016
151 3620
152 3486
153 4463
154 4442
155 3803
156 3933
157 3664
158 4967
159 4778
160 4453
161 3958
162 4720
163 4805
164 4369
165 3654
166 4058
167 5149
168 3772
169 4511
170 3947
171 4707
172 4190
173 3938
174 4684
175 3791
176 4511
177 4128
178 3509
179 5047
180 5611
181 3105
182 4386
183 4494
184 3595
185 3969
186 2729
187 4491
188 3349
189 3781
190 3907
191 4469
192 4780
193 3787
194 4420
195 3396
196 3214
197 5110
198 2980
199 2846
200 4097
201 3905
202 4328
203 3240
204 3095
205 3719
206 4186
207 4018
208 3341
209 5444
210 4527
211 3795
212 2963
213 2897
214 1998
215 4546
216 4024
217 4364
218 3650
219 5130
220 3751
221 4448
222 3270
223 3784
224 3605
225 4222
226 3822
227 5014
228 3547
229 5427
230 3525
231 3832
232 4466
233 4143
234 4695
235 4151
236 4502
237 4630
238 4198
239 3279
240 4089
241 3819
242 4952
243 3495
244 3168
245 4108
246 2943
247 4144
248 4697
249 4706
250 3242
251 4556
252 3382
253 5384
254 4656
255 4852
256 4449
257 3837
258 3161
259 4109
260 4151
261 3554
262 4780
263 4844
264 3456
265 4624
266 2711
267 3634
268 3812
269 4231
270 4052
271 3566
272 4086
273 3633
274 4070
275 5248
276 4766
277 5595
278 3760
279 4317
280 4552
281 4413
282 3046
283 3736
284 3374
285 4521
286 3875
287 4051
288 3859
289 4817
290 4626
291 3203
292 4343
293 4045
294 4110
295 4094
296 5194
297 3488
298 4331
299 3138
300 4091
301 3430
302 4071
303 3978
304 3737
305 2964
306 3874
307 5404
308 4136
309 3239
310 4078
311 3893
312 2677
313 3860
314 5273
315 3141
316 3520
317 3427
318 4640
319 5810
320 2645
321 3795
322 2224
323 2841
324 4595
325 3907
326 4293
327 3873
328 4083
329 3673
330 4372
331 3328
332 3277
333 4353
334 4685
335 3946
336 4512
337 3855
338 4772
339 5318
340 4763
341 4896
342 3580
343 4064
344 4451
345 5278
346 4559
347 5609
348 3437
349 2526
350 4887
351 3810
352 4048
353 3569
354 3747
355 3310
356 5470
357 3612
358 4349
359 3796
360 4404
361 4593
362 4787
363 4605
364 4055
365 4260
366 3899
367 3614
368 3650
369 2966
370 2992
371 3862
372 5314
373 2976
374 4736
375 3871
376 4165
377 3444
378 3693
379 3287
380 2850
381 3893
382 3403
383 3895
384 3866
385 4198
386 3443
387 5505
388 4998
389 4443
390 4577
391 3839
392 3843
393 4154
394 4007
395 3838
396 4323
397 3892
398 4174
399 4250
400 3539
401 4531
402 4564
403 3179
404 4056
405 4082
406 4285
407 4817
408 3800
409 4204
410 3656
411 4480
412 4182
413 3949
414 4911
415 3478
416 4888
417 3365
418 3722
419 4619
420 3910
421 3729
422 3139
423 4773
424 4694
425 3936
426 4142
427 4093
428 4013
429 2667
430 4328
431 4520
432 3158
433 4797
434 3072
435 2863
436 4095
437 3569
438 4305
439 4481
440 4114
441 3728
442 3319
443 4784
444 3679
445 4135
446 4557
447 4086
448 2772
449 3708
450 4457
451 2681
452 3747
453 4270
454 3713
455 5636
456 2659
457 4163
458 3913
459 3611
460 3147
461 4114
462 4518
463 3999
464 4130
465 4233
466 4275
467 4844
468 4541
469 3128
470 4474
471 4848
472 4566
473 2796
474 4392
475 4880
476 4819
477 4531
478 3054
479 2916
480 3197
481 4658
482 3736
483 4560
484 5474
485 5225
486 4734
487 3892
488 4401
489 3178
490 4017
491 4775
492 3641
493 3777
494 3747
495 4395
496 3871
497 4438
498 2983
499 4498
500 4887
501 3621
502 4582
503 4584
504 5048
505 4389
506 3853
507 3518
508 4256
509 3822
510 2790
511 4082
512 4129
513 3893
514 4900
515 3783
516 2781
517 3474
518 4605
519 3637
520 2780
521 4577
522 3568
523 4320
524 3571
525 3770
526 4790
527 4486
528 4272
529 2808
530 3092
531 4373
532 4418
533 2297
534 3249
535 4758
536 4817
537 3260
538 4487
539 4032
540 3298
541 3391
542 3786
543 4812
544 3455
545 4422
546 3783
547 4509
548 4384
549 3925
550 2546
551 3604
552 4482
553 4710
554 2398
555 5225
556 2904
557 4235
558 4163
559 4011
560 2889
561 4637
562 3829
563 3638
564 3481
565 4704
566 3944
567 4638
568 3873
569 4659
570 4549
571 4341
572 3823
573 4360
574 3146
575 3945
576 3874
577 4216
578 3804
579 4465
580 4088
581 2666
582 3680
583 3009
584 4119
585 5121
586 4062
587 4907
588 3287
589 4201
590 3801
591 4378
592 5017
593 4457
594 3846
595 3309
596 3790
597 3793
598 3563
599 3788
600 4869
601 3595
602 2874
603 3292
604 3669
605 4525
606 4160
607 4778
608 3688
609 3253
610 4179
611 4472
612 3932
613 4397
614 5093
615 4569
616 3843
617 2938
618 5017
619 4950
620 4759
621 4672
622 4979
623 4533
624 3674
625 3771
626 3133
627 3922
628 3060
629 4762
630 4612
631 4487
632 3729
633 4550
634 3256
635 3883
636 3731
637 4420
638 5119
639 4379
640 4592
641 4131
642 4396
643 3675
644 4658
645 2743
646 2401
647 4488
648 4072
649 4671
650 4489
651 3793
652 3911
653 3752
654 3538
655 3375
656 4616
657 3499
658 5554
659 3362
660 5453
661 3488
662 3921
663 4020
664 4517
665 3971
666 4568
667 3627
668 4493
669 2998
670 4064
671 4115
672 4669
673 3657
674 3080
675 3719
676 4963
677 3236
678 4335
679 4443
680 3443
681 4517
682 3568
683 4611
684 4049
685 4050
686 3526
687 3542
688 3644
689 4194
690 3557
691 4049
692 4556
693 4399
694 3501
695 4329
696 3898
697 4384
698 4052
699 2606
700 3160
701 3608
702 3898
703 4017
704 3275
705 3951
706 5226
707 4486
708 3867
709 2638
710 4443
711 3372
712 4307
713 3396
714 3219
715 3269
716 4055
717 3910
718 3775
719 3476
720 3944
721 3638
722 4122
723 3652
724 2900
725 4045
726 3989
727 4007
728 5027
729 3405
730 4051
731 3510
732 4543
733 4185
734 3868
735 2672
736 3844
737 2614
738 4311
739 4563
740 4574
741 4770
742 3425
743 3864
744 4267
745 4863
746 3876
747 4753
748 4159
749 4009

0 10 57 5
0 80 52 3
0 256 20 7
0 619 15 11
1 134 49 3
1 167 40 3
1 212 19 7
1 240 1 13
1 356 20 6
1 360 43 12
1 380 4 1
1 427 22 11
1 479 14 15
1 665 5 7
1 688 60 4
1 729 56 13
2 84 40 5
2 131 46 5
2 134 40 14
2 260 51 4
2 296 59 14
2 322 43 6
2 415 15 1
2 573 4 8
2 680 24 5
3 48 50 7
3 119 45 15
3 265 1 9
3 280 14 13
3 341 57 8
3 366 49 10
3 396 11 9
3 465 57 6
3 477 27 14
3 558 43 9
3 561 47 4
4 32 14 13
4 46 19 7
4 270 23 12
4 375 16 6
4 378 12 4
4 468 22 2
4 632 54 8
4 731 20 7
4 732 37 15
4 733 4 7
5 147 15 14
5 268 31 9
5 283 43 12
5 419 18 8
5 430 25 6
5 675 37 3
5 708 15 8
6 81 24 15
6 200 3 8
6 203 24 6
6 399 47 10
6 429 52 12
6 450 25 1
6 597 1 13
7 17 23 14
7 101 17 3
7 147 7 5
7 204 29 6
7 237 58 2
7 255 27 10
7 322 60 12
7 342 2 12
7 380 41 15
7 501 15 5
7 549 25 9
7 644 48 15
7 721 4 14
8 198 49 11
8 257 27 4
8 396 33 11
8 397 38 15
8 616 31 6
8 627 49 4
8 680 40 9
8 745 8 2
9 57 47 13
9 70 16 2
9 115 11 15
9 195 32 5
9 378 4 1
9 449 50 12
9 735 3 1
10 27 19 3
10 79 54 14
10 86 47 9
10 145 58 8
10 202 15 2
10 274 47 5
10 351 10 2
10 374 39 3
10 376 42 10
10 502 54 10
10 524 43 11
10 553 9 4
10 584 12 1
10 598 39 6
10 615 58 1
10 681 29 7
10 724 53 9
11 380 42 4
11 437 41 7
11 548 16 15
11 599 49 8
11 615 24 3
11 721 46 9
12 133 41 4
12 372 14 4
12 436 26 2
12 509 23 15
12 682 47 5
13 102 2 11
13 173 19 2
13 219 47 4
13 298 8 7
13 333 41 5
13 389 4 8
13 404 42 8
13 551 19 3
13 637 40 3
13 680 57 2
14 56 30 2
14 61 58 1
14 72 2 4
14 206 26 4
14 219 45 3
14 316 23 9
14 455 42 2
14 646 14 10
15 19 55 11
15 100 55 6
15 128 39 15
15 143 31 12
15 229 44 7
15 232 59 4
15 260 55 12
15 346 23 3
15 415 13 3
15 416 55 13
15 425 55 14
15 564 27 5
16 85 14 3
16 270 57 14
16 289 44 9
16 487 5 3
16 641 37 12
16 652 25 2
16 672 5 3
16 702 41 10
17 62 57 10
17 86 45 1
17 110 28 12
17 169 49 5
17 247 20 11
17 252 55 12
17 345 47 9
17 468 19 11
17 604 18 11
17 645 9 15
17 690 47 11
18 63 1 5
18 176 43 4
18 207 34 5
18 277 7 4
18 423 12 12
18 482 40 3
18 545 45 6
18 737 46 15
18 744 23 13
18 747 42 1
19 58 18 14
19 93 59 8
19 121 36 11
19 262 30 2
19 287 30 12
19 288 39 8
19 403 20 5
19 620 50 15
19 684 8 12
19 691 11 8
19 706 6 15
19 747 43 13
20 46 26 14
20 52 54 1
20 225 60 11
20 377 20 12
20 409 8 15
20 536 56 4
20 546 26 8
20 572 36 14
20 594 6 11
20 633 8 13
20 674 23 7
20 676 39 1
20 706 59 15
20 707 54 15
21 38 44 9
21 78 2 11
21 151 24 12
21 153 52 11
21 164 13 5
21 192 10 4
21 364 50 6
21 442 4 15
21 480 20 8
21 502 37 8
21 578 15 6
21 627 38 5
21 695 8 4
21 743 45 2
22 36 34 11
22 54 36 7
22 60 52 6
22 297 25 9
22 332 56 11
22 357 38 11
22 411 20 13
22 536 25 2
22 574 44 9
22 583 57 8
22 587 2 8
22 612 38 12
22 685 37 11
22 746 48 8
23 84 21 4
23 147 10 15
23 164 47 5
23 196 2 9
23 244 9 12
23 379 31 1
23 451 5 10
23 480 3 9
23 511 42 12
23 519 52 7
23 600 28 15
23 635 3 11
23 651 4 11
24 63 39 5
24 81 12 7
24 230 27 13
24 371 47 7
24 409 38 7
24 503 6 6
24 569 17 14
24 586 20 9
24 683 13 7
25 74 55 15
25 124 38 12
25 132 45 13
25 168 35 11
25 235 28 10
25 353 4 4
25 354 4 15
25 386 45 5
25 462 57 12
25 528 51 15
25 623 14 8
26 73 20 12
26 86 13 8
26 124 8 14
26 204 47 14
26 236 56 11
26 247 16 3
26 322 6 3
26 375 18 4
26 380 46 12
26 473 11 1
26 480 43 5
26 623 56 13
26 641 13 6
26 727 7 8
27 61 38 12
27 138 56 7
27 307 12 3
27 468 46 5
27 567 26 9
27 599 10 1
28 65 22 6
28 210 8 4
28 213 10 5
28 240 12 10
28 323 42 8
28 418 3 11
28 496 25 5
28 531 8 8
28 596 5 6
28 635 15 1
28 684 23 10
28 687 16 3
29 92 41 11
29 321 5 7
29 385 60 14
29 473 32 3
29 501 27 15
29 552 32 13
29 616 5 5
29 671 3 12
30 88 24 5
30 139 50 3
30 271 10 11
30 340 21 15
30 459 32 6
30 477 55 11
30 586 49 14
31 54 48 14
31 73 50 14
31 354 38 10
31 362 46 5
31 366 6 7
31 392 20 8
31 450 56 6
31 656 4 10
32 226 34 12
32 233 12 12
32 344 14 10
32 401 42 15
32 477 41 14
32 486 58 9
32 502 22 2
32 540 7 15
32 564 40 13
32 605 8 4
33 52 6 2
33 159 56 3
33 390 25 2
33 496 49 13
33 619 29 5
34 43 15 6
34 152 50 12
34 224 53 9
34 383 51 2
34 504 49 9
34 550 58 5
34 560 34 2
34 586 26 12
34 596 33 2
34 702 36 6
35 205 12 2
35 250 44 10
35 477 29 14
35 522 19 13
35 706 3 10
36 80 26 11
36 95 42 4
36 118 44 8
36 125 46 3
36 214 38 9
36 346 59 2
36 349 31 5
36 371 56 12
36 392 49 11
36 396 45 8
36 397 31 5
36 437 59 1
36 449 37 10
36 487 27 7
36 500 7 15
36 521 23 13
36 563 42 7
36 574 22 14
36 749 13 8
37 99 54 14
37 153 19 8
37 159 25 13
37 222 30 9
37 228 39 15
37 272 8 10
37 294 20 8
37 310 8 10
37 508 23 5
37 517 45 10
37 519 50 4
37 579 35 6
38 175 51 7
38 231 57 3
38 300 52 5
38 416 7 12
38 470 51 6
38 622 29 4
39 79 33 15
39 235 9 4
39 403 23 1
39 413 4 15
39 443 37 12
39 473 36 11
39 529 42 7
39 547 49 4
39 671 57 1
39 699 51 6
39 722 51 1
40 62 4 11
40 173 1 12
40 212 47 14
40 240 21 11
40 342 48 8
40 347 35 5
40 467 12 13
40 511 26 6
40 567 49 15
40 603 2 10
40 623 58 7
40 627 45 1
40 641 1 10
41 241 45 4
41 408 47 12
41 469 59 13
41 509 52 2
41 549 50 15
41 594 3 15
41 619 44 9
41 706 24 5
42 103 35 5
42 157 40 1
42 181 38 9
42 241 36 10
42 247 29 7
42 330 23 15
42 346 12 7
42 444 36 8
42 511 11 1
42 616 48 13
42 620 29 8
43 60 8 1
43 136 60 10
43 249 22 9
43 609 22 7
43 610 47 9
43 661 13 15
43 698 38 8
44 63 2 10
44 78 57 10
44 177 26 4
44 217 19 5
44 348 37 6
44 502 19 8
44 569 18 3
44 570 47 1
45 227 35 10
45 401 3 7
45 475 27 12
45 497 38 14
45 660 14 9
46 98 29 11
46 118 59 2
46 143 29 11
46 170 4 1
46 173 39 7
46 180 11 3
46 250 6 12
46 273 60 5
46 422 56 10
46 586 44 1
46 624 38 11
47 103 31 6
47 209 7 15
47 260 39 11
47 314 55 14
47 378 17 14
47 394 52 9
47 537 12 1
47 548 45 7
47 560 45 1
47 624 50 14
47 647 36 10
47 715 30 12
48 97 39 10
48 263 25 12
48 275 12 7
48 312 28 4
48 355 59 11
48 547 44 7
48 588 13 5
48 619 43 13
48 630 55 6
48 646 37 13
48 694 21 5
48 696 1 3
48 710 36 3
49 51 20 14
49 146 14 14
49 353 35 12
49 357 20 5
49 456 40 10
49 497 1 6
49 525 32 7
49 527 8 4
50 289 50 11
50 361 15 5
50 382 15 12
50 517 55 13
51 117 60 1
51 154 37 11
51 160 46 14
51 247 5 8
51 299 10 15
51 344 1 14
51 371 42 5
51 585 11 10
51 619 4 5
51 625 27 6
52 105 20 9
52 191 51 5
52 236 54 9
52 280 19 12
52 298 15 14
52 486 50 15
52 507 28 4
52 518 57 4
52 600 50 8
52 616 58 3
52 675 50 6
52 691 24 10
52 731 16 8
53 63 58 15
53 84 25 2
53 128 30 15
53 218 52 6
53 222 45 4
53 263 8 2
53 269 13 13
53 386 14 3
53 610 39 12
53 694 41 5
54 96 40 9
54 107 6 1
54 190 29 12
54 240 54 7
54 358 21 13
54 375 43 2
54 574 24 13
54 688 56 8
55 93 31 2
55 99 8 2
55 107 13 14
55 258 26 4
55 285 41 4
55 305 14 12
55 327 48 14
55 369 46 14
55 402 8 6
55 411 14 2
55 661 33 10
56 184 49 13
56 220 32 8
56 500 11 11
56 559 17 3
56 583 58 2
56 608 60 2
56 694 43 4
56 699 54 1
56 700 55 7
56 723 25 9
57 66 17 5
57 106 1 7
57 134 35 14
57 232 49 9
57 290 55 12
57 346 42 9
57 510 17 7
57 517 46 13
57 587 47 6
57 667 7 12
57 683 17 8
57 743 21 12
58 75 7 9
58 150 12 4
58 244 9 11
58 294 14 4
58 446 29 5
58 466 44 12
58 606 25 12
59 101 2 1
59 301 43 2
59 400 49 12
59 438 10 9
59 627 57 15
59 658 19 3
60 77 21 7
60 225 30 4
60 355 4 13
60 369 38 12
60 395 26 3
60 569 58 1
61 62 10 7
61 91 6 6
61 94 28 5
61 128 50 5
61 172 20 8
61 206 2 9
61 231 4 1
61 278 52 10
61 403 9 7
61 409 4 14
61 496 19 8
61 528 27 1
61 558 2 2
61 658 3 8
62 364 59 7
62 523 46 1
62 541 45 4
62 568 14 12
62 641 7 6
63 126 15 7
63 192 20 11
63 370 18 2
63 382 60 11
63 438 40 3
63 567 54 15
63 595 48 9
63 626 56 8
63 674 7 2
63 710 59 3
63 723 44 8
64 94 25 3
64 121 43 9
64 160 41 12
64 193 6 13
64 214 35 3
64 392 50 10
64 441 47 7
64 495 14 11
64 651 7 9
65 85 3 2
65 120 53 8
65 139 7 10
65 243 28 3
65 346 42 10
65 349 35 4
65 468 6 10
65 619 28 6
65 739 53 4
65 741 26 15
66 71 51 1
66 111 25 4
66 171 43 12
66 216 19 7
66 294 58 13
66 380 12 3
66 730 14 12
67 123 27 4
67 200 11 15
67 239 19 15
67 392 14 15
67 395 49 4
67 541 29 9
67 563 50 5
67 575 16 10
68 122 26 13
68 286 3 9
68 362 46 10
68 518 49 11
68 587 12 12
68 618 1 6
69 80 14 5
69 104 34 7
69 107 21 9
69 113 57 11
69 171 59 15
69 278 29 7
69 355 18 7
69 457 38 13
69 681 33 15
70 146 19 4
70 198 53 14
70 310 30 12
70 354 13 9
70 387 3 5
70 444 7 4
70 487 25 2
70 519 48 12
70 689 21 14
71 174 50 4
71 242 48 11
71 244 58 12
71 308 53 12
71 543 28 2
71 697 15 12
72 192 24 2
72 253 5 6
72 384 6 14
72 422 54 5
72 489 14 3
72 548 27 4
72 636 52 12
72 649 52 1
73 93 53 11
73 109 42 9
73 192 40 10
73 236 38 8
73 380 32 12
73 392 57 5
73 410 35 8
73 543 53 13
73 724 19 3
73 726 36 9
73 741 37 9
74 138 25 8
74 200 8 13
74 235 41 3
74 406 23 1
74 512 20 14
74 669 53 13
75 165 5 5
75 172 1 14
75 195 36 4
75 308 40 15
75 366 58 6
75 372 28 2
75 488 9 5
75 494 14 3
75 532 53 2
75 551 26 9
75 563 41 7
75 587 27 9
75 719 43 5
75 734 54 8
76 134 10 3
76 297 37 6
76 490 26 13
76 707 33 6
77 114 15 4
77 174 51 8
77 211 13 12
77 225 50 4
77 316 42 4
77 392 43 7
77 453 32 5
77 480 38 7
77 490 23 4
77 619 22 11
77 662 49 7
77 698 58 3
78 239 35 14
78 252 19 2
78 461 18 13
79 150 53 3
79 204 45 14
79 212 7 2
79 214 55 4
79 260 42 10
79 280 5 5
79 297 24 8
79 298 23 2
79 354 14 11
79 558 44 6
79 619 54 10
79 742 22 14
80 152 51 12
80 293 17 2
80 342 23 14
80 370 11 9
80 424 2 2
80 434 33 1
80 442 46 15
80 501 54 7
80 511 16 6
80 634 29 3
80 660 10 11
80 681 41 15
81 232 36 3
81 264 2 8
81 462 10 14
81 526 13 15
82 186 60 6
82 209 46 15
82 324 36 2
82 418 33 6
82 446 1 1
82 488 1 15
82 530 12 11
82 534 1 2
82 535 37 3
82 551 20 6
82 637 25 7
82 649 38 3
82 658 10 7
82 676 60 5
82 684 38 8
82 738 41 1
83 88 41 13
83 133 10 6
83 336 24 2
84 94 18 14
84 97 11 11
84 174 53 1
84 192 53 7
84 245 29 14
84 253 59 7
84 406 43 2
84 425 4 13
84 444 41 1
84 550 21 11
84 567 56 4
84 599 50 8
84 652 13 3
84 670 28 11
84 731 15 5
85 310 57 3
85 337 46 1
85 468 57 9
85 605 21 7
85 633 41 8
85 690 37 14
85 692 56 4
85 718 5 7
86 316 60 14
86 391 27 5
86 429 41 9
86 503 10 6
86 523 48 14
86 560 19 14
86 715 15 3
86 716 19 14
87 128 25 7
87 242 37 12
87 287 31 12
87 313 3 10
87 470 31 14
87 602 58 13
87 620 60 14
87 721 42 6
88 113 4 11
88 138 27 8
88 259 12 2
88 264 38 1
88 281 55 4
88 288 25 8
88 333 3 2
88 354 32 11
88 356 14 6
88 396 20 4
88 434 57 3
88 519 51 15
88 564 35 2
88 604 45 9
88 637 46 8
88 726 40 9
88 739 28 13
89 185 3 14
89 188 9 3
89 189 48 3
89 255 34 14
89 261 43 1
89 280 7 2
89 378 28 5
89 407 56 8
89 625 53 9
89 635 59 2
90 310 21 8
90 326 13 6
90 369 59 14
90 396 26 6
90 436 57 6
90 508 4 8
90 708 23 6
91 103 14 2
91 138 48 12
91 169 30 8
91 176 16 1
91 192 43 7
91 251 2 7
91 326 16 6
91 416 32 15
91 430 17 5
91 451 10 13
91 518 12 5
91 571 27 14
91 574 29 14
92 339 41 15
92 554 15 1
92 636 34 3
93 121 50 4
93 167 32 5
93 197 57 8
93 397 55 15
93 459 14 2
93 474 34 7
93 523 12 2
93 530 38 4
94 143 41 15
94 171 34 3
94 247 42 7
94 468 41 6
94 553 37 14
94 664 10 6
94 670 4 10
94 700 47 10
94 736 49 4
95 163 20 8
95 254 5 6
95 266 57 10
95 360 5 14
95 407 30 2
95 453 30 11
95 494 8 14
95 593 42 14
95 702 48 13
96 308 48 14
96 319 47 1
96 325 17 15
96 368 6 7
96 465 22 6
96 477 28 14
96 500 23 4
96 586 6 5
96 642 37 5
96 675 46 11
97 104 42 15
97 160 7 10
97 190 21 5
97 203 3 12
97 331 38 5
97 492 31 10
97 499 34 9
97 521 22 1
97 534 43 9
97 582 23 14
97 583 23 13
97 734 9 2
98 233 57 13
98 543 28 8
98 580 29 8
98 665 3 12
99 197 7 5
99 201 49 14
99 451 12 3
99 515 9 9
99 536 24 15
99 541 34 14
99 560 28 15
100 347 10 14
100 416 6 13
100 443 43 6
100 483 13 9
100 506 38 6
100 622 57 10
100 670 37 2
101 150 19 6
101 178 48 4
101 393 40 4
101 514 57 2
101 529 55 5
102 149 12 7
102 167 27 15
102 169 56 9
102 177 49 6
102 212 23 11
102 244 35 10
102 407 50 12
102 516 48 3
102 600 11 3
102 688 5 13
103 174 50 4
103 270 33 6
103 343 10 12
103 427 36 8
103 618 6 12
103 715 2 8
103 727 3 11
104 209 28 7
104 436 55 12
104 525 54 12
104 614 20 12
104 737 48 10
104 748 19 3
105 144 50 6
105 168 60 14
105 206 16 6
105 271 4 6
105 319 50 11
105 361 22 3
105 413 31 1
105 554 2 1
105 595 8 10
105 622 15 1
106 122 45 9
106 171 59 9
106 172 28 10
106 190 8 3
106 211 51 13
106 214 22 10
106 243 46 14
106 276 51 10
106 320 17 4
106 429 8 13
106 557 32 3
106 628 44 12
106 687 27 9
106 729 56 9
107 165 24 5
107 186 1 12
107 403 9 2
107 619 5 10
108 394 50 1
108 472 37 15
108 722 23 6
109 112 56 6
109 163 4 6
109 494 25 12
109 592 59 1
109 612 50 15
109 640 52 8
110 120 26 1
110 127 27 15
110 173 9 13
110 435 2 1
110 437 44 15
110 542 51 11
110 638 20 4
110 725 16 12
111 136 27 15
111 171 56 11
111 255 45 14
111 301 30 7
111 426 10 4
111 477 1 14
111 523 8 8
111 574 10 15
111 652 25 3
112 250 38 12
112 396 54 2
112 402 33 8
112 430 31 14
112 485 45 12
112 521 44 6
112 532 21 3
112 672 46 3
112 725 54 11
113 125 21 15
113 144 44 10
113 242 22 3
113 247 58 9
113 267 59 9
113 383 20 6
113 578 10 15
113 635 55 7
113 639 31 5
114 260 60 12
114 306 13 12
114 358 54 2
114 395 3 4
114 488 34 3
114 507 47 1
114 524 22 12
114 557 6 2
114 558 47 1
114 595 46 3
114 675 47 11
114 684 48 1
114 687 16 7
114 701 43 8
115 259 40 15
115 374 3 11
115 440 1 12
115 568 34 13
115 627 57 11
115 671 6 7
115 678 34 11
115 719 15 7
115 740 55 12
116 195 58 12
116 280 21 1
116 293 24 7
116 361 58 12
116 382 53 14
116 386 27 10
116 503 36 3
116 517 9 10
116 524 34 15
116 545 37 5
116 597 14 6
116 735 31 11
117 238 52 1
117 309 3 15
117 384 4 5
117 499 11 15
117 534 38 14
117 541 57 11
117 584 14 7
118 271 48 7
118 279 50 15
118 281 44 10
118 564 10 4
118 725 59 10
119 181 53 8
119 352 53 4
119 389 59 9
119 436 51 10
119 545 29 7
119 547 1 3
120 199 45 15
120 285 49 11
120 292 47 9
120 559 43 13
120 602 5 1
120 685 16 1
121 321 19 12
121 365 58 14
121 491 25 1
121 591 9 7
121 635 53 13
121 736 26 7
121 748 29 12
122 196 53 13
122 207 6 9
122 252 1 13
122 300 56 11
122 368 47 13
122 403 26 8
122 508 32 12
122 598 31 11
122 646 24 1
122 664 18 3
123 148 20 7
123 275 4 11
123 403 3 3
123 438 10 11
123 445 13 7
123 458 47 11
123 518 55 10
123 612 40 15
123 681 9 12
123 706 18 7
124 270 30 9
124 339 58 15
124 434 31 14
124 660 8 6
124 692 50 10
125 154 18 1
125 157 47 7
125 175 20 15
125 352 10 12
125 393 38 13
125 425 38 6
125 431 13 9
125 465 50 15
125 494 55 4
125 533 30 5
125 545 14 10
125 566 50 9
125 588 53 1
125 618 59 3
125 664 22 4
125 671 15 14
125 687 40 7
125 719 37 8
125 742 59 8
126 174 43 14
126 257 52 3
126 379 35 14
126 477 14 6
126 564 17 6
126 577 31 11
126 681 38 14
126 698 46 3
127 248 46 8
127 249 38 2
127 355 14 13
127 439 44 7
127 478 19 15
127 510 49 12
127 578 56 1
127 678 52 6
127 718 49 14
127 736 33 12
128 221 59 5
128 227 9 11
128 265 54 1
128 313 29 14
128 737 25 4
129 178 39 1
129 183 41 14
129 272 17 12
129 303 59 3
129 564 56 14
129 632 45 10
129 647 43 5
129 700 39 8
129 748 9 14
130 176 54 4
130 222 59 8
130 298 47 7
130 322 42 10
130 459 58 5
130 508 10 13
130 606 11 4
131 331 44 8
131 380 19 10
131 592 21 13
131 598 46 15
132 166 34 7
132 311 31 4
132 356 46 12
132 364 3 10
132 441 59 4
132 459 10 15
132 552 36 5
132 600 20 2
132 641 21 1
132 655 40 15
132 664 50 3
133 161 29 14
133 232 8 15
133 299 26 11
133 356 29 8
133 426 46 9
133 721 31 11
134 297 25 14
134 403 33 2
134 413 6 5
134 639 43 15
134 659 47 6
134 729 32 13
135 179 37 2
135 221 12 5
135 311 33 3
135 395 58 7
135 433 35 15
135 563 30 4
135 630 2 8
135 651 22 5
135 727 51 15
135 743 30 10
136 155 39 13
136 160 19 4
136 447 9 5
136 458 47 2
136 473 38 5
136 508 29 11
136 588 33 8
136 684 56 5
137 143 45 5
137 149 15 3
137 176 13 5
137 202 60 15
137 208 39 9
137 393 1 9
137 472 28 7
137 692 10 12
138 264 21 9
138 272 35 14
138 439 51 11
138 523 47 1
138 618 9 4
139 144 58 12
139 317 40 10
139 599 16 13
139 622 58 15
139 716 4 3
140 165 53 5
140 189 33 8
140 300 14 15
140 386 34 15
140 430 24 15
140 628 18 8
140 651 42 8
140 735 42 15
140 746 18 9
141 360 3 11
141 576 29 15
141 693 15 6
142 192 49 1
142 246 7 13
142 266 27 1
142 368 24 14
142 372 41 1
142 390 13 11
142 414 51 5
142 439 9 13
142 473 2 12
142 667 54 13
142 677 23 4
142 706 36 6
142 733 21 13
143 196 32 11
143 257 31 5
143 287 29 4
143 307 40 3
143 341 35 2
143 452 34 12
143 503 47 10
143 517 7 1
143 630 55 4
144 186 46 3
144 233 41 12
144 259 38 15
144 297 28 1
144 349 56 15
144 376 3 7
144 426 4 12
144 507 2 1
144 526 57 11
144 531 20 1
144 650 32 12
145 252 56 14
145 319 8 2
145 331 47 5
145 393 55 10
145 502 2 7
145 503 35 9
145 536 55 11
145 544 20 9
145 706 38 4
145 730 5 7
146 176 6 15
146 224 29 11
146 374 46 7
146 557 32 1
146 689 15 4
147 192 47 15
147 249 9 13
147 329 18 12
147 333 29 9
147 425 25 2
147 550 31 8
147 684 6 9
147 704 21 5
147 734 53 8
148 150 5 9
148 255 32 13
148 434 37 4
148 495 26 7
148 511 38 10
148 655 46 3
148 664 48 10
148 721 3 9
148 742 54 14
149 156 50 13
149 211 44 11
149 439 11 2
149 482 8 4
149 575 44 5
149 600 23 6
149 637 52 2
149 669 25 8
149 713 57 15
150 175 60 7
150 202 11 3
150 404 22 7
150 446 37 8
150 513 7 9
150 613 18 1
150 728 12 14
151 169 18 4
151 232 36 12
151 242 56 12
151 390 2 8
151 478 57 10
151 523 28 10
151 565 40 2
151 584 16 14
151 603 54 3
151 708 7 5
152 210 54 12
152 216 49 3
152 407 20 14
152 540 28 2
152 566 19 7
152 706 20 14
152 728 31 3
153 211 57 2
153 292 6 5
153 357 34 9
153 406 26 2
153 469 13 6
153 502 37 13
153 606 38 1
153 695 9 15
153 716 26 9
153 725 19 1
154 220 33 5
154 231 6 14
154 253 22 7
154 269 43 8
154 346 58 10
154 429 33 10
154 433 58 3
154 447 28 14
154 498 26 7
154 590 52 2
154 628 7 11
154 629 52 11
154 630 22 2
154 632 1 14
155 198 42 5
155 256 18 13
155 260 55 9
155 501 53 9
155 547 35 11
155 581 56 14
155 680 15 2
156 164 19 3
156 192 13 3
156 211 32 3
156 224 25 1
156 357 44 15
156 490 21 12
156 494 36 11
156 539 50 15
156 577 42 7
157 327 18 10
157 488 33 6
157 498 46 1
157 567 17 5
157 575 51 2
157 651 57 2
157 662 38 9
157 705 6 9
158 288 1 12
158 670 28 11
159 313 27 9
159 406 41 6
159 460 12 13
159 565 12 13
159 648 59 1
159 746 51 4
160 177 5 7
160 188 13 7
160 335 37 5
160 345 49 1
160 369 47 3
161 184 57 6
161 297 55 15
161 362 56 7
161 429 36 1
161 451 37 13
161 460 54 13
161 671 10 7
161 734 30 5
162 181 20 3
162 192 6 6
162 271 60 9
162 416 37 11
162 605 8 3
162 625 10 11
162 635 5 12
162 658 3 2
163 197 12 15
163 222 56 5
163 336 35 4
163 340 9 2
163 360 48 7
163 381 9 11
163 382 16 13
163 406 15 12
163 470 20 3
163 472 49 1
163 498 11 6
163 532 54 14
163 613 35 7
163 632 45 2
163 734 11 3
164 179 60 7
164 223 41 2
164 294 38 1
164 306 26 1
164 383 20 3
164 534 59 6
164 608 18 11
164 655 7 8
164 742 26 2
165 260 7 11
165 323 22 1
165 390 2 1
165 401 4 15
165 434 20 5
165 677 3 3
165 682 37 5
166 230 32 6
166 242 6 14
166 412 60 9
166 428 26 2
166 506 33 4
166 621 20 5
166 634 13 3
166 686 50 6
166 691 5 3
166 711 38 15
167 201 3 13
167 327 60 1
167 344 39 1
167 586 12 3
167 600 9 11
167 605 6 13
167 628 47 12
167 667 31 15
168 170 19 1
168 222 42 10
168 328 28 15
168 557 30 8
168 560 32 9
168 564 16 9
168 681 5 1
168 713 32 1
169 211 17 9
169 404 32 1
169 427 1 15
169 511 20 3
169 545 20 11
169 740 34 15
170 225 32 3
170 314 30 3
170 374 9 5
170 397 5 11
170 428 44 2
170 483 11 14
170 643 30 7
171 207 18 1
171 337 42 3
171 463 59 5
171 465 44 3
171 484 56 5
171 618 11 3
172 374 5 9
172 470 1 1
172 536 25 7
172 592 50 3
172 630 16 10
173 189 31 8
173 275 40 14
173 334 39 4
173 464 49 3
173 483 27 9
173 630 55 14
173 702 40 7
174 267 12 13
174 271 25 12
174 380 11 6
174 430 11 13
174 579 34 4
174 597 51 7
174 737 45 8
175 277 48 15
175 398 18 3
175 441 47 15
175 457 58 6
175 527 59 9
175 585 57 2
175 635 25 7
175 644 29 14
175 720 23 3
176 209 9 3
176 316 2 6
176 374 4 12
176 406 21 8
177 294 36 15
177 710 23 3
178 331 20 13
178 336 53 4
178 395 20 7
178 434 58 5
178 470 18 11
178 620 17 6
178 664 37 4
179 233 28 8
179 463 11 11
179 489 34 5
179 625 34 14
179 660 34 7
179 694 6 12
179 736 41 6
180 321 39 5
180 385 60 6
180 411 54 5
180 511 12 4
180 574 20 1
180 606 3 6
180 699 35 10
180 739 12 14
181 191 5 14
181 197 57 6
181 236 25 8
181 403 1 15
181 591 47 2
181 603 12 10
181 625 18 1
182 184 48 11
182 203 8 15
182 233 1 4
182 240 56 8
182 258 56 14
182 462 20 11
182 673 10 4
183 274 16 10
183 354 19 2
183 476 31 6
183 489 43 3
183 500 6 12
183 617 25 1
183 661 17 12
184 229 52 12
184 247 56 13
184 269 17 6
184 392 29 8
184 605 51 1
185 188 56 10
185 203 33 5
185 260 45 6
185 383 15 11
185 398 22 6
185 512 20 7
185 524 13 4
185 573 19 2
185 617 59 12
185 735 23 15
186 240 11 14
186 242 20 2
186 297 18 9
186 327 45 6
186 491 38 1
186 512 27 14
186 633 1 13
186 634 27 10
186 663 5 13
186 749 17 11
187 320 43 4
187 322 55 4
187 323 38 10
187 450 3 15
187 510 30 15
187 531 12 3
187 602 22 9
187 690 6 10
188 212 40 15
188 292 17 12
188 365 46 3
188 494 33 2
188 515 50 4
188 517 30 1
188 552 32 1
188 619 55 13
188 624 19 12
188 644 21 2
189 215 7 5
189 497 27 14
189 554 50 12
189 602 33 10
190 195 57 4
190 219 57 4
190 291 3 1
190 369 44 15
190 526 25 8
190 592 39 1
190 604 20 11
190 610 47 8
190 629 15 3
191 240 30 12
191 244 35 10
191 294 24 10
191 329 31 5
191 391 16 2
191 575 53 4
191 671 15 7
191 672 22 5
191 720 49 15
192 220 34 6
192 288 23 6
192 448 50 4
192 519 48 1
193 342 48 12
193 367 21 12
193 458 57 14
193 537 15 8
193 672 31 8
193 723 20 11
194 271 58 13
194 369 20 6
194 378 50 8
194 392 36 12
194 403 35 7
194 591 57 10
194 733 1 15
195 444 12 3
195 463 41 3
195 515 33 12
195 528 16 6
195 591 10 10
195 639 8 14
195 737 37 10
196 216 16 12
196 265 49 10
196 286 47 14
196 314 34 10
196 492 19 4
196 510 41 6
196 525 13 7
196 538 52 3
197 243 56 13
197 307 4 3
197 507 49 8
197 528 28 4
197 553 9 14
197 561 26 2
197 616 33 14
197 700 56 2
198 284 4 13
198 331 30 9
198 334 12 15
198 386 53 1
198 528 45 13
198 627 1 8
198 671 59 4
199 213 38 9
199 227 17 5
199 263 18 11
199 330 17 6
199 369 23 5
199 444 38 10
199 500 47 15
199 532 46 10
199 621 26 14
199 644 32 15
200 504 2 1
200 611 32 8
200 727 28 4
201 238 26 6
201 288 10 5
201 329 53 6
201 344 49 1
201 345 27 9
201 416 60 11
201 465 13 5
201 564 15 14
201 572 9 3
201 659 39 11
202 238 10 12
202 272 55 6
202 355 24 8
202 525 51 14
202 556 8 7
202 597 36 2
202 653 52 5
202 679 59 2
202 745 27 8
203 288 28 10
203 360 35 1
203 479 34 11
203 526 11 1
203 548 35 6
203 601 45 3
203 678 16 5
204 339 58 1
204 533 25 14
204 542 52 8
204 692 12 3
205 437 42 11
205 439 22 9
205 454 52 2
205 506 52 12
205 528 36 3
205 639 13 5
205 677 10 15
206 223 58 9
206 396 52 6
206 502 32 11
206 516 1 1
206 531 60 8
206 581 41 4
206 594 49 12
206 630 17 4
206 650 38 3
207 326 43 8
207 424 3 4
207 511 15 3
207 565 4 7
207 641 31 4
207 668 35 8
207 675 17 1
208 363 46 11
208 376 15 7
208 520 6 3
208 622 21 14
208 708 6 12
209 224 23 5
209 331 35 15
209 371 1 9
209 478 1 4
209 497 58 5
209 582 20 12
209 615 17 14
209 648 59 9
209 666 39 10
209 668 6 2
209 729 4 3
210 262 23 15
210 286 52 8
210 365 48 5
210 467 42 15
210 538 11 4
210 544 56 11
210 666 60 1
210 684 6 12
211 215 40 2
211 219 60 6
211 286 14 3
211 382 24 3
211 388 51 3
211 394 7 7
211 405 43 13
211 619 47 6
211 622 10 1
211 683 15 3
212 284 24 15
212 332 56 1
212 341 41 15
212 379 29 3
212 459 50 4
212 584 48 2
212 611 48 2
212 636 25 5
212 678 4 8
212 700 36 9
212 701 20 1
213 221 48 4
213 280 33 1
213 326 10 9
213 416 24 9
213 426 57 4
213 438 10 4
213 503 24 3
213 574 39 3
213 636 44 1
213 662 9 13
213 672 18 11
213 725 39 13
214 350 17 15
214 372 16 10
214 386 38 9
214 539 51 6
214 563 5 15
214 710 11 12
215 216 1 14
215 355 18 11
215 480 22 6
215 632 47 4
215 694 14 12
215 711 20 2
216 217 43 15
216 238 51 5
216 350 14 14
216 380 52 1
216 466 55 11
216 585 54 14
216 735 41 3
216 736 60 9
217 403 53 1
217 428 36 2
217 500 15 3
217 606 56 8
217 612 19 8
217 705 14 13
218 222 18 12
218 235 26 15
218 382 19 2
218 385 53 14
218 408 8 4
218 467 48 1
218 525 10 12
218 636 13 11
218 690 5 7
218 737 59 12
219 344 26 2
219 544 36 15
219 575 2 8
219 594 18 6
219 607 17 11
219 748 26 12
220 260 7 14
220 296 55 8
220 376 22 6
220 404 26 14
220 447 32 2
220 520 51 10
220 528 58 8
220 550 15 9
220 598 11 7
220 635 47 8
220 646 3 13
220 714 34 4
220 717 27 12
220 725 10 14
221 225 47 15
221 413 41 1
221 555 16 11
221 663 19 6
221 674 50 11
221 677 12 14
221 724 32 7
222 413 40 14
222 477 16 7
222 524 48 9
222 599 24 10
223 242 17 8
223 257 2 6
223 258 25 10
223 403 56 2
223 476 40 15
223 594 26 8
223 617 31 11
223 659 38 15
223 667 19 4
224 289 14 10
224 364 54 5
224 512 31 3
224 608 25 4
225 231 43 13
225 263 54 4
225 314 41 10
225 355 3 5
225 401 43 12
225 465 56 14
225 466 13 4
225 533 48 12
225 588 11 2
226 241 45 2
226 266 50 11
226 450 26 9
227 260 52 2
227 267 55 7
227 295 49 3
227 322 32 10
227 455 26 1
227 599 33 4
227 676 12 5
227 704 45 8
228 260 26 12
228 264 3 10
228 427 8 13
229 291 44 9
229 315 45 9
229 386 1 2
229 388 35 7
229 448 18 12
229 561 19 13
229 686 13 7
229 712 6 1
229 716 35 14
230 273 13 10
230 323 57 7
230 376 40 2
230 410 33 2
230 425 41 4
230 467 53 13
230 488 49 7
230 505 36 5
230 526 48 8
230 529 40 3
230 573 54 6
230 601 26 4
230 628 3 10
230 716 1 4
231 510 4 15
231 632 28 15
231 735 27 9
232 432 7 13
232 453 59 10
232 746 51 3
233 249 11 13
233 254 40 1
233 322 8 1
233 337 39 12
233 409 12 14
233 410 4 1
233 655 5 8
233 657 20 7
233 705 28 6
234 348 49 9
234 403 28 2
234 449 13 4
234 549 39 14
234 674 53 5
234 734 20 14
235 239 34 12
235 278 55 5
235 359 48 4
235 435 45 8
235 444 28 8
235 537 16 11
235 668 56 11
235 742 2 3
236 413 15 8
236 444 57 5
236 478 7 14
236 499 14 13
236 611 4 11
236 629 35 13
236 697 46 13
236 706 54 3
237 239 42 1
237 280 26 2
237 291 51 2
237 334 17 8
237 437 3 10
237 450 4 10
237 705 13 4
238 252 9 2
238 298 54 11
238 524 13 1
238 580 2 8
238 685 40 4
239 266 43 2
239 278 6 7
239 346 22 12
239 375 11 8
239 424 36 1
239 545 14 5
239 723 33 10
240 293 45 11
240 329 29 11
240 390 43 8
240 524 22 9
240 544 54 7
240 551 4 5
240 624 48 2
240 738 47 4
241 261 6 1
241 504 11 2
241 639 33 6
241 705 10 14
242 546 24 4
242 587 9 4
242 604 41 11
242 605 42 4
242 619 23 13
242 620 11 1
243 253 9 2
243 257 57 3
243 270 49 2
243 293 24 8
243 497 25 12
243 524 56 5
243 584 12 6
243 613 32 2
243 691 54 11
244 459 38 5
244 460 41 15
244 527 48 10
244 657 7 8
245 259 18 9
245 337 50 14
245 353 46 13
245 400 33 11
245 407 44 10
245 584 56 9
245 647 29 11
245 671 9 9
246 339 9 9
246 402 37 14
246 462 13 12
246 580 1 5
246 670 23 5
247 419 29 15
247 493 8 8
247 710 44 11
247 719 12 3
247 727 35 1
248 352 5 7
248 357 54 13
248 364 14 2
248 408 1 9
248 476 27 3
248 543 32 8
248 598 17 3
249 286 50 4
249 364 22 10
249 369 44 6
249 584 49 12
250 387 56 6
250 440 46 3
250 489 58 6
250 536 49 7
250 689 27 14
251 315 2 15
251 464 55 4
251 493 11 15
251 532 9 12
251 697 9 14
251 704 60 10
252 325 33 8
252 328 52 6
252 400 30 10
252 402 9 5
252 545 24 10
252 567 49 10
252 574 52 2
252 594 56 12
252 605 28 12
252 629 41 2
253 269 18 12
253 284 5 7
253 362 54 2
253 363 23 9
253 402 5 9
253 465 13 14
253 520 13 7
253 581 18 10
253 619 3 7
253 666 11 1
253 717 23 9
254 414 50 5
254 437 49 7
254 478 18 6
254 599 26 14
254 602 6 7
254 639 52 14
254 683 21 9
255 408 56 11
255 454 27 3
255 476 27 11
255 528 50 13
255 592 10 6
255 603 11 11
255 738 49 1
256 323 42 3
256 499 10 4
256 648 60 12
256 686 3 13
256 746 16 4
257 419 10 12
257 496 32 8
257 516 48 10
257 572 6 14
257 620 22 13
257 743 22 11
258 262 46 14
258 343 3 10
258 392 11 12
258 407 59 14
258 413 20 5
258 526 11 12
258 626 22 4
258 629 10 14
258 641 35 7
258 679 26 3
258 687 2 5
259 307 24 12
259 400 7 5
259 454 53 11
259 468 28 3
259 485 21 6
259 489 48 10
259 501 20 7
260 355 13 1
260 388 20 15
260 480 21 4
260 588 44 10
260 697 34 3
260 739 5 4
260 742 1 15
261 300 58 4
261 316 55 15
261 577 15 3
261 693 43 5
261 700 10 2
261 714 51 14
262 280 3 5
262 294 7 9
262 374 59 7
262 375 38 13
262 385 43 15
262 459 32 4
262 702 17 13
262 748 34 11
263 293 43 5
263 329 26 1
263 412 37 15
263 475 4 8
263 488 7 2
263 517 28 3
264 327 42 14
264 420 5 14
264 507 10 2
264 700 60 10
264 746 9 5
265 442 22 2
265 477 23 13
265 545 25 11
265 632 30 3
266 301 32 2
266 356 26 3
266 362 39 9
266 394 13 11
266 427 60 4
266 439 23 9
266 445 57 15
266 529 31 2
266 577 35 8
266 609 41 5
266 697 58 13
266 735 30 15
267 284 7 7
267 323 33 3
267 404 42 12
267 470 43 15
267 579 26 5
267 617 51 6
267 709 1 10
268 311 24 4
268 344 32 15
268 577 56 14
269 273 36 3
269 374 6 15
269 384 5 8
269 512 10 9
269 536 41 11
269 608 12 9
269 638 54 8
269 724 16 11
269 725 17 3
270 333 27 15
270 346 28 9
270 477 24 14
270 480 55 10
270 547 55 6
270 611 55 11
270 630 56 8
270 665 55 11
271 327 49 5
271 407 12 7
271 501 22 15
272 302 50 12
272 341 14 3
272 619 46 2
272 731 47 5
273 337 25 10
273 376 34 9
273 464 36 11
273 498 12 10
273 551 2 5
273 554 56 10
273 618 25 13
273 621 25 6
273 721 8 9
274 314 56 12
274 359 38 14
274 378 22 13
274 404 59 1
274 498 37 1
274 583 9 3
274 600 45 1
274 650 25 6
274 674 36 6
274 694 4 7
274 728 12 15
275 305 27 14
275 343 59 8
275 406 15 3
275 442 44 1
275 501 49 11
276 409 37 5
276 420 37 15
276 426 17 9
276 431 11 1
276 463 40 6
276 469 37 11
276 665 55 1
276 716 36 3
277 355 21 2
277 584 37 10
277 618 53 12
277 632 35 4
277 673 1 10
277 676 16 3
278 298 19 10
278 300 56 8
278 312 58 15
278 381 38 3
278 486 4 7
278 517 3 12
278 575 1 10
278 582 13 8
279 424 47 12
279 579 59 3
279 676 37 6
280 330 9 3
280 392 15 12
280 402 24 9
280 487 43 15
280 672 44 14
280 712 58 6
280 740 46 3
281 554 51 2
281 719 29 15
282 290 48 1
282 332 30 9
282 387 40 11
282 426 49 3
282 431 57 12
282 460 9 12
282 479 26 9
282 634 27 8
283 297 13 15
283 319 13 15
283 371 6 11
283 392 25 4
283 428 31 2
283 436 48 8
283 474 25 6
283 557 4 8
283 564 25 3
283 596 5 7
283 625 21 15
283 654 59 3
283 717 58 15
283 719 50 6
284 462 20 8
284 586 28 14
285 357 3 2
285 396 52 12
285 429 3 1
285 532 1 14
285 631 3 3
285 708 23 5
286 375 23 5
286 395 50 2
286 470 44 6
286 502 11 14
286 531 7 7
286 535 34 11
286 582 30 4
286 643 17 4
287 349 24 2
287 364 30 8
287 396 5 11
287 419 28 8
287 472 37 12
287 481 2 8
288 301 14 7
288 358 45 3
288 377 35 5
288 385 38 4
288 435 59 11
288 629 53 5
289 313 5 9
289 415 41 15
289 420 2 7
289 423 13 1
289 440 55 11
289 558 27 9
289 615 26 3
290 295 35 9
290 575 45 9
290 576 17 14
290 588 4 10
290 724 39 4
291 380 1 15
291 618 13 7
291 665 4 2
291 713 38 11
291 715 17 12
292 372 45 4
292 385 39 10
292 450 29 14
292 541 49 8
292 591 34 5
292 608 30 8
292 610 2 6
292 618 7 6
292 631 54 13
292 734 54 12
293 395 15 2
293 551 9 4
294 332 16 15
294 344 7 3
294 439 30 15
294 442 3 11
294 465 9 8
294 482 25 6
294 484 17 10
294 507 39 3
294 530 14 6
294 540 7 1
294 566 22 6
294 723 35 15
295 353 39 11
295 363 4 2
295 573 20 3
295 582 22 10
295 623 14 9
295 668 19 1
295 708 1 15
296 364 10 6
296 373 4 8
296 456 15 11
296 540 34 7
296 595 5 12
296 647 55 4
296 685 12 4
296 699 12 10
296 736 19 10
297 458 4 4
297 474 28 2
297 483 7 15
297 512 33 7
297 537 33 12
297 733 40 11
298 413 57 15
298 524 48 15
298 541 4 14
298 548 27 1
298 613 7 11
298 614 9 3
298 641 56 8
298 744 37 2
299 324 22 2
299 388 34 2
299 406 19 15
299 536 58 6
299 542 18 2
299 544 1 5
299 595 50 15
299 650 19 1
299 654 56 5
299 730 44 7
300 357 41 5
300 470 12 3
300 542 11 9
300 570 49 3
300 577 9 11
300 671 4 12
301 466 20 10
301 531 55 6
301 567 13 12
301 573 27 4
301 622 40 14
301 675 17 15
302 409 3 10
302 580 34 6
302 622 7 10
303 354 32 13
303 368 17 13
303 502 17 9
303 510 4 7
303 683 23 4
304 705 35 10
304 737 39 7
305 485 40 15
305 549 32 11
305 688 36 5
305 706 10 8
306 330 30 10
306 349 37 14
306 361 47 8
306 434 57 1
306 591 17 11
306 678 59 9
307 329 15 9
307 372 57 11
307 459 52 8
307 461 44 15
307 623 35 15
308 509 10 14
308 574 53 4
308 628 17 1
308 655 40 9
308 707 10 12
309 419 11 15
309 430 56 12
309 550 6 3
309 566 25 9
310 315 34 6
310 402 20 14
310 466 17 1
310 519 13 10
310 556 6 9
310 624 39 10
310 684 24 2
311 444 3 12
311 467 1 14
311 559 34 3
311 700 4 3
311 703 52 4
311 724 5 7
312 329 49 6
312 606 51 6
312 612 2 14
312 638 56 8
313 539 11 7
313 548 49 8
313 561 7 15
313 600 21 11
313 621 5 10
314 323 43 10
314 387 47 7
314 454 23 14
314 544 55 8
315 338 43 2
315 347 40 6
315 413 56 10
315 430 18 15
315 431 23 7
315 439 3 10
315 629 39 6
315 674 18 9
316 322 20 8
316 327 40 4
316 341 4 10
316 445 26 12
316 528 48 9
316 554 38 10
316 561 48 12
316 562 38 10
316 596 8 12
316 643 39 13
316 679 18 2
316 710 6 3
316 742 27 4
317 378 4 5
317 612 56 11
317 664 3 14
317 726 2 3
318 492 45 15
318 510 9 12
318 541 21 8
318 608 35 6
318 654 21 9
319 334 16 3
319 412 6 12
319 450 17 6
319 614 21 3
319 658 6 2
319 662 41 12
320 385 37 9
320 447 52 8
320 502 57 9
320 605 35 14
320 669 26 7
321 431 1 1
321 482 47 3
321 572 45 12
321 738 39 10
322 352 25 3
322 432 55 10
322 448 53 11
322 495 52 15
322 558 50 2
322 612 34 1
322 653 45 14
322 679 5 11
322 719 47 1
322 725 58 14
323 442 16 4
323 579 52 10
323 638 39 2
323 640 38 11
324 362 13 3
324 531 37 6
324 595 34 10
324 641 48 15
325 413 22 14
325 420 10 7
325 536 1 10
325 566 12 3
325 596 20 4
325 682 25 12
326 400 23 7
326 404 1 9
326 486 52 10
326 529 29 9
326 699 34 14
326 730 40 8
326 737 21 3
327 384 1 9
327 580 53 15
327 583 22 4
328 329 5 15
328 418 40 11
328 448 28 1
328 484 36 7
328 486 49 3
328 544 45 2
328 681 49 9
329 347 42 1
329 477 16 15
329 527 55 9
329 577 42 11
329 592 50 7
329 598 10 8
329 747 48 9
330 348 16 8
330 581 35 5
330 641 47 6
330 695 50 1
330 729 28 6
331 449 39 3
331 638 6 1
331 652 2 11
332 375 51 5
332 410 25 12
332 434 34 13
332 475 16 2
332 525 4 10
332 580 51 10
332 591 17 14
332 651 35 10
333 364 10 11
333 604 53 3
333 607 59 4
333 621 21 11
333 706 19 1
333 711 51 9
334 344 3 12
334 439 15 7
334 618 18 11
334 633 38 15
334 636 33 7
335 370 28 14
335 401 41 8
335 528 19 4
335 657 47 12
335 669 24 9
335 715 37 13
335 725 45 4
335 744 41 11
336 350 11 14
336 360 8 4
336 474 39 9
336 576 21 15
336 592 42 4
336 644 12 6
336 659 38 6
337 487 10 3
337 497 54 15
337 542 5 10
337 583 47 3
337 588 42 5
337 590 32 4
337 641 26 5
337 718 20 4
338 413 17 10
338 416 30 1
338 692 45 10
338 727 17 15
338 736 36 11
338 747 52 3
339 400 12 9
339 439 2 8
339 445 46 15
339 446 34 2
339 449 54 4
339 490 38 2
339 647 33 2
339 694 3 7
339 703 57 12
339 710 5 4
339 749 31 15
340 428 43 14
340 514 37 15
340 641 29 12
340 650 21 5
340 658 10 11
340 689 56 8
341 383 42 9
341 390 56 6
341 515 53 12
341 528 23 3
341 742 55 4
342 385 46 14
342 429 28 3
342 431 53 4
342 643 49 9
342 663 59 9
343 541 13 5
343 579 35 11
343 595 18 15
343 671 24 7
343 691 40 11
344 412 32 15
344 413 13 8
344 513 27 4
344 691 9 8
344 741 50 13
344 742 58 11
345 351 17 8
345 514 39 3
345 531 2 13
345 674 13 7
346 350 32 8
346 500 53 13
346 652 43 1
347 373 58 13
347 434 22 4
347 479 30 6
347 710 17 13
348 382 5 8
348 386 19 12
348 583 28 14
348 612 58 1
348 631 60 13
348 674 25 8
349 439 54 6
349 453 17 4
349 527 37 1
349 567 8 15
349 639 21 10
350 354 32 8
350 461 52 3
350 474 36 1
350 501 24 14
350 610 16 15
350 631 44 3
350 738 34 1
350 744 8 10
350 748 52 5
351 430 42 5
351 465 45 13
351 484 42 7
351 593 36 4
351 707 20 8
352 493 29 2
352 679 54 5
352 729 50 2
352 733 60 7
353 368 6 10
353 615 56 2
353 669 44 8
353 728 57 11
353 737 21 5
354 381 8 8
354 551 20 6
354 585 25 4
354 707 9 13
355 417 27 8
355 478 50 12
355 538 35 1
355 572 24 1
356 373 10 9
356 398 12 2
356 703 14 2
356 713 35 7
357 402 25 9
357 417 58 2
357 422 46 9
357 463 26 6
357 471 54 13
357 526 48 10
357 595 14 6
357 738 43 3
358 475 34 8
358 504 13 4
358 522 38 9
358 575 21 4
358 604 12 7
359 545 18 2
359 717 36 2
360 545 17 12
360 581 38 3
360 584 47 1
360 624 59 7
360 717 51 8
361 430 47 14
361 549 31 4
362 443 45 3
362 519 53 11
362 597 8 8
362 634 45 8
362 707 49 14
363 367 14 12
363 425 55 4
363 650 18 1
363 721 47 5
363 746 16 14
364 401 37 8
364 500 1 7
364 557 23 7
364 558 2 1
364 595 24 5
364 682 2 12
365 376 37 14
365 381 36 4
365 391 10 13
365 440 20 7
365 459 38 7
365 551 58 12
365 559 55 3
365 560 44 11
365 576 57 9
365 692 47 5
365 695 54 1
365 724 24 3
366 567 16 11
366 599 25 14
366 615 25 6
366 648 49 5
366 720 17 8
366 731 10 11
366 742 12 6
367 370 25 14
367 461 16 6
367 583 55 1
367 622 53 3
368 391 11 8
368 405 59 9
368 528 56 12
368 539 37 9
368 619 30 5
368 644 7 12
369 516 10 10
369 517 51 5
369 678 24 7
369 724 12 7
370 437 11 7
370 452 2 13
370 453 58 8
370 475 9 2
370 497 18 7
370 506 20 9
371 694 37 14
372 412 55 7
372 460 15 5
372 694 1 14
373 377 51 2
373 698 3 2
374 382 13 13
374 432 51 2
374 739 28 3
375 699 47 4
376 459 43 6
376 463 32 8
376 601 46 1
376 743 35 14
377 379 22 6
377 393 42 9
377 412 40 1
377 502 52 12
377 534 34 7
377 577 43 8
377 629 10 13
377 631 21 5
377 647 47 8
377 661 20 12
377 697 51 14
377 704 28 15
378 504 38 3
378 589 31 4
378 614 9 9
378 623 8 12
378 650 26 2
378 657 5 8
379 400 13 5
379 511 47 6
379 593 18 3
379 666 1 5
379 677 46 10
379 697 52 14
379 736 39 11
380 381 20 14
380 454 9 12
380 460 29 3
380 467 34 12
380 502 33 10
380 623 59 1
380 675 5 15
380 698 8 3
381 475 14 5
381 501 47 12
381 511 43 11
381 589 5 12
381 621 43 11
381 630 30 4
381 668 47 9
381 671 7 10
382 431 17 7
382 446 59 8
382 462 32 4
382 534 33 4
382 588 19 5
382 632 47 10
382 685 16 13
382 720 17 6
382 736 3 12
383 395 22 11
383 445 46 10
383 464 39 15
383 468 41 13
383 472 33 12
383 576 43 4
383 585 21 9
383 591 27 2
383 595 47 7
383 716 52 7
384 463 26 5
384 486 27 5
384 560 58 8
384 728 58 9
384 748 13 4
385 412 11 3
385 450 20 13
385 464 48 13
386 395 46 5
386 424 3 2
386 460 59 8
386 526 12 12
386 563 41 1
386 701 11 8
386 718 11 2
386 744 55 3
387 404 43 8
387 423 40 10
387 463 60 3
387 487 5 2
387 615 50 4
388 529 45 11
389 407 7 7
389 416 18 15
389 452 6 1
389 458 18 13
389 520 11 1
389 569 32 14
389 647 58 15
389 677 32 4
389 690 22 9
390 395 31 8
390 442 7 8
390 507 41 3
390 510 49 14
390 561 11 2
391 416 2 2
391 427 37 9
391 480 60 3
391 646 24 4
391 701 31 5
391 737 38 8
392 470 21 5
392 639 60 5
392 726 24 11
393 509 4 9
393 639 18 1
393 646 39 10
393 724 47 13
394 461 47 3
394 506 43 12
394 523 28 11
394 532 3 2
394 662 58 12
394 710 43 11
394 742 23 13
395 417 57 2
395 433 43 3
395 689 9 15
396 397 1 7
396 531 4 6
396 543 11 9
396 544 45 15
396 595 13 6
396 680 48 10
397 453 16 9
397 487 5 5
397 622 53 11
397 636 42 11
397 674 8 14
398 481 53 5
398 530 60 6
398 563 20 9
398 573 58 14
398 655 50 9
398 656 31 10
399 435 29 15
399 510 26 15
399 548 44 15
399 556 8 13
400 461 53 1
400 689 50 3
400 697 57 5
400 736 5 4
401 428 1 13
401 443 35 14
401 471 42 11
401 543 35 7
402 478 28 15
402 483 35 12
402 537 45 6
402 599 59 10
402 624 31 7
403 455 18 4
403 498 57 11
403 566 41 14
403 672 28 9
403 684 6 14
403 705 47 12
403 728 35 11
404 406 6 13
404 445 59 4
404 501 46 2
404 582 39 1
404 683 59 6
404 737 40 5
404 738 32 11
405 523 44 8
405 556 14 4
405 574 6 7
406 557 18 8
406 616 2 6
406 696 45 12
406 742 6 2
408 416 51 11
408 499 53 3
408 701 51 15
408 727 55 11
408 739 17 12
409 512 32 1
409 528 36 7
409 603 17 14
409 664 3 5
409 672 2 6
409 724 21 5
410 415 1 7
410 504 56 4
410 530 35 10
410 535 36 8
410 591 60 14
411 516 25 15
411 530 25 10
411 645 41 13
411 687 17 11
411 723 35 11
412 476 41 11
412 504 52 8
412 507 25 6
412 509 3 7
412 517 56 4
412 531 8 7
413 524 58 7
413 647 39 1
413 670 42 3
413 701 26 4
414 423 8 6
414 553 41 6
415 574 15 12
415 610 14 12
415 622 27 6
415 627 41 11
415 643 60 10
415 660 13 12
416 434 31 12
416 464 7 4
416 522 38 6
416 541 42 2
417 590 55 2
417 625 47 15
417 655 58 11
417 691 60 15
418 707 16 15
419 425 27 2
419 469 43 7
419 577 14 7
419 639 50 2
419 665 50 8
419 669 4 15
420 459 6 6
420 705 7 11
420 729 15 15
420 731 33 1
420 734 19 3
421 492 51 8
421 607 48 14
421 737 49 11
422 714 37 13
422 721 45 11
423 429 31 5
423 498 29 11
424 490 19 12
424 517 17 2
424 519 9 12
424 549 17 15
424 742 6 14
425 479 27 15
425 540 25 12
425 557 1 11
425 744 12 7
426 438 56 7
426 734 45 14
427 578 32 2
427 637 6 8
427 685 40 11
427 735 40 9
428 519 36 12
428 524 13 8
428 610 57 12
428 657 39 1
429 452 51 4
429 475 32 4
429 480 58 6
429 568 22 4
429 662 52 3
429 749 19 9
430 555 29 10
430 671 22 6
431 451 46 6
431 566 22 14
431 574 35 9
431 609 6 2
431 655 59 6
431 674 31 4
431 713 34 11
432 452 10 12
432 495 47 9
432 553 45 10
432 595 23 8
432 615 23 8
432 639 52 12
432 657 27 10
432 684 32 9
432 717 45 9
434 499 43 6
434 516 26 1
434 593 47 8
434 625 20 7
434 655 16 6
434 678 25 3
434 722 56 12
435 439 58 14
435 525 6 8
435 558 25 10
435 572 55 7
435 674 38 7
435 715 41 7
435 731 38 2
436 472 2 1
436 546 23 13
436 618 33 1
436 619 37 12
436 673 44 1
436 697 2 14
437 554 14 9
437 704 24 10
438 494 12 8
438 684 53 11
439 487 11 9
439 497 29 7
440 453 33 15
440 514 32 8
440 610 28 3
440 651 27 15
441 520 40 11
441 596 32 5
441 664 31 1
442 537 30 8
442 553 37 14
442 628 34 11
442 663 46 3
443 485 3 7
443 598 41 4
443 726 35 13
444 489 28 15
444 513 55 5
444 552 12 15
444 663 13 10
444 697 36 10
445 463 25 10
445 500 14 3
445 569 17 9
445 626 15 15
445 669 57 7
445 704 38 15
445 721 36 12
446 503 6 11
446 545 23 11
446 561 39 1
446 644 48 10
447 464 24 7
447 466 21 13
447 578 7 11
447 620 53 4
447 625 22 15
448 480 48 15
448 623 6 13
449 506 12 7
449 550 10 10
450 483 57 5
450 611 40 15
450 729 12 5
450 740 47 6
451 467 46 15
451 567 22 6
451 590 38 6
451 621 5 8
452 463 54 6
452 522 34 15
452 575 6 2
452 604 53 4
453 459 41 12
453 472 53 6
453 511 7 14
453 609 42 15
454 494 37 11
454 548 19 12
454 623 22 12
454 670 11 15
455 473 39 6
455 478 27 15
455 499 46 13
456 517 33 14
456 652 3 1
457 588 53 7
458 512 7 9
458 587 17 7
458 681 5 6
459 488 53 10
459 532 9 15
459 599 31 10
460 462 46 13
460 478 29 13
460 645 45 3
461 477 11 1
461 634 13 11
461 638 28 1
461 650 1 2
462 479 40 12
462 690 55 11
462 716 36 14
463 580 29 8
463 734 21 7
464 621 32 14
464 645 10 6
464 705 14 12
464 743 35 8
465 579 58 13
465 600 22 10
465 636 50 12
465 695 33 3
465 741 51 2
466 509 31 7
466 602 35 1
466 728 38 7
467 508 9 10
467 654 23 5
467 704 9 15
468 513 24 10
468 573 38 4
468 582 60 5
468 676 20 14
468 743 33 12
469 512 19 14
469 587 49 11
469 694 9 2
469 730 44 4
470 523 3 15
471 488 59 9
471 589 28 7
471 604 44 3
471 643 48 13
472 597 8 10
472 617 34 8
472 648 35 9
473 498 52 15
473 606 11 14
473 610 20 5
473 689 51 9
473 741 53 12
473 749 47 2
474 541 11 5
474 550 29 5
474 589 60 1
475 543 8 12
475 679 25 6
475 701 50 12
476 614 11 4
476 629 41 9
476 732 40 13
477 691 45 9
478 524 50 6
478 532 24 7
478 582 50 9
478 718 23 4
479 482 20 13
479 575 56 15
479 580 37 15
479 614 50 4
480 496 12 3
480 530 21 14
480 588 9 4
480 665 20 6
481 487 30 15
481 627 54 9
481 640 5 7
481 744 19 8
482 713 10 5
482 719 42 6
482 740 8 9
483 582 53 6
483 633 12 15
483 716 31 1
483 731 55 12
484 493 13 7
484 521 44 11
484 526 59 15
484 545 13 7
485 506 42 10
485 563 58 1
485 743 58 15
486 576 32 7
486 674 7 15
486 704 19 14
486 733 31 9
487 607 30 14
488 508 15 5
488 557 48 8
488 590 24 9
489 578 53 11
489 629 23 12
489 686 38 11
489 724 48 13
490 532 18 14
490 611 15 10
490 718 10 11
491 502 14 13
491 620 22 14
491 713 30 7
491 724 59 8
491 732 60 12
492 620 9 14
492 648 51 11
492 691 14 12
492 722 51 6
493 580 13 5
493 607 6 7
493 618 20 1
493 629 32 2
493 650 44 15
493 730 52 8
494 561 22 6
494 591 2 1
494 599 34 1
495 534 58 3
495 610 55 11
495 671 28 15
496 498 33 11
496 569 51 14
496 674 42 8
496 745 44 8
497 668 57 7
498 560 60 14
498 601 23 11
498 675 43 4
498 702 59 10
499 578 53 10
499 737 5 3
499 748 31 2
500 601 40 11
500 739 25 15
501 565 50 15
501 624 7 13
502 549 43 12
502 568 2 9
502 710 30 6
502 717 35 5
503 565 23 10
503 698 40 14
504 679 24 13
504 740 59 13
506 709 46 2
507 560 25 8
507 576 5 1
507 690 8 11
507 747 9 1
508 515 12 13
508 552 21 1
508 636 22 12
508 676 6 8
509 520 46 9
509 522 24 3
509 538 52 12
509 686 29 9
509 717 18 7
510 517 19 5
510 545 12 8
510 624 14 9
510 634 26 3
510 681 40 13
510 739 53 13
511 607 34 3
512 541 13 11
512 573 53 14
512 626 41 15
512 661 19 14
512 737 34 10
513 702 51 5
513 727 1 12
514 542 23 4
514 699 40 9
515 618 57 5
515 729 41 9
516 621 32 3
516 676 36 14
517 534 34 3
518 530 58 9
518 583 43 15
518 612 19 13
518 643 7 4
518 689 55 11
519 532 3 13
519 539 18 7
519 567 60 8
519 573 16 8
520 550 14 13
520 606 45 5
520 640 39 7
520 706 32 11
520 738 36 8
522 553 45 13
522 595 19 8
522 633 20 9
522 680 32 9
523 570 28 14
523 686 1 10
523 714 13 14
524 541 55 7
524 614 38 6
524 707 22 3
525 541 4 3
525 592 7 5
527 543 22 4
527 587 9 11
527 646 24 12
527 679 33 1
528 548 33 3
528 677 43 11
528 684 6 14
528 698 2 7
529 609 54 3
529 646 12 14
529 742 24 10
530 542 54 12
530 715 46 10
530 740 60 11
531 665 29 8
531 686 41 15
531 702 43 11
532 546 39 9
532 597 22 13
532 683 52 15
533 733 42 6
534 568 37 14
534 671 28 5
536 626 10 8
536 721 58 2
536 739 59 10
537 573 33 14
537 696 59 15
537 730 19 11
538 568 46 6
538 701 11 1
539 678 48 12
540 557 17 3
540 611 39 12
540 647 28 5
540 657 4 3
540 709 52 12
541 553 27 14
541 692 4 9
541 736 41 12
541 738 21 6
542 557 34 8
542 588 44 4
542 616 36 13
542 637 54 4
543 674 27 3
544 578 17 12
544 592 20 14
544 594 44 13
544 700 60 14
545 555 35 2
545 564 52 13
545 654 59 9
545 656 20 9
546 584 43 15
546 718 5 15
546 732 2 7
547 571 16 11
547 578 15 11
547 633 21 10
548 577 15 9
548 666 59 6
549 610 4 15
549 622 8 2
549 743 38 7
551 556 15 3
552 556 50 14
552 561 50 9
552 569 28 3
552 572 16 10
552 654 45 9
552 707 47 3
552 718 11 3
553 556 40 1
553 646 13 8
554 719 34 7
555 737 1 7
556 630 9 4
557 574 12 1
557 600 53 6
557 681 36 13
557 741 17 12
558 669 3 8
558 686 32 4
558 708 51 5
559 700 38 13
561 606 59 1
561 611 33 10
561 712 44 6
561 721 41 12
561 745 10 2
562 605 59 8
562 706 21 1
562 739 11 2
563 600 47 1
563 610 18 4
565 586 47 3
565 626 20 14
565 723 33 5
566 573 27 8
566 594 5 9
567 598 30 1
567 601 44 8
568 578 10 7
568 611 39 3
568 657 29 8
569 645 4 6
570 594 54 1
571 627 45 15
571 743 30 6
572 608 23 13
573 590 22 15
573 702 60 1
574 610 47 2
574 620 22 13
574 664 39 3
574 711 36 6
574 744 56 15
575 578 37 5
576 741 21 14
576 747 35 11
577 745 15 14
578 712 44 5
578 741 60 4
579 649 26 10
579 717 9 9
579 730 60 3
581 743 59 12
582 729 12 3
583 586 57 3
583 609 22 2
584 683 14 14
585 722 28 1
585 745 6 1
585 749 14 8
586 592 17 4
586 604 52 11
586 729 20 5
587 651 46 14
588 649 54 8
589 615 55 2
589 719 41 7
590 596 38 6
590 715 23 5
590 740 10 15
591 633 41 11
591 659 21 6
592 607 38 4
592 640 44 10
592 705 58 13
592 747 39 12
593 738 60 5
594 614 48 9
594 666 54 10
594 703 23 2
595 663 51 2
595 710 53 5
595 723 38 6
596 705 18 5
597 603 10 5
597 736 54 12
598 603 45 13
598 653 12 14
598 662 38 12
599 640 15 9
600 610 3 4
600 620 41 4
601 605 14 12
601 741 21 5
601 747 39 15
602 607 38 9
603 650 53 15
603 686 56 9
604 619 38 12
604 716 45 4
604 738 48 3
605 613 21 4
605 730 7 10
606 659 26 5
606 729 45 11
607 653 59 11
607 663 3 7
607 674 33 4
607 676 24 1
607 744 30 11
608 662 33 11
608 667 45 8
608 671 60 3
609 699 54 14
610 676 38 11
611 623 18 14
611 656 43 9
611 663 29 12
611 693 15 5
612 624 8 12
612 737 43 15
613 695 50 7
614 672 41 4
615 616 33 2
615 634 34 5
616 708 26 3
616 748 28 1
617 662 59 4
617 676 7 6
617 685 36 15
617 698 14 8
617 700 16 10
618 621 24 8
618 676 5 11
618 726 24 1
620 742 28 15
621 679 13 15
623 659 15 6
623 694 43 13
623 741 4 11
624 714 10 12
625 629 29 13
626 671 32 15
626 739 41 10
627 691 40 12
627 749 59 9
628 695 4 7
629 667 6 8
631 725 55 1
633 638 1 9
633 692 29 6
634 671 54 11
635 667 10 15
635 668 23 1
635 733 23 10
636 640 29 4
636 691 39 9
636 736 24 3
637 736 7 4
638 668 44 14
639 671 9 9
640 660 23 13
641 740 46 7
641 748 15 14
642 666 32 7
645 670 25 7
645 690 60 15
645 691 9 15
646 716 35 9
647 650 8 8
649 689 33 4
651 678 17 15
651 716 21 3
652 707 34 5
654 702 4 4
657 658 38 13
657 661 15 7
657 678 37 5
658 718 23 10
660 748 6 10
661 689 9 15
661 696 37 10
663 729 53 9
663 740 54 13
664 741 11 12
665 683 31 15
665 746 37 10
667 689 12 3
667 749 2 10
669 714 42 15
669 726 46 8
672 715 13 4
675 715 44 7
676 692 22 4
676 749 15 3
679 699 37 13
679 704 55 2
679 748 42 3
680 744 19 1
681 700 39 12
681 704 25 6
682 693 57 14
682 748 4 13
682 749 37 14
686 734 43 12
687 749 52 15
688 742 43 8
689 712 11 7
694 704 54 10
696 747 48 13
697 746 11 4
699 720 28 2
702 706 57 3
704 734 27 14
704 736 27 11
705 708 57 11
706 747 55 13
709 725 21 5
711 716 10 10
711 749 13 14
719 720 33 6
721 731 24 15
722 741 33 12
724 749 60 11
728 748 41 5
734 745 23 15

0 1 33
1 18 8
2 24 3
3 27 27
4 42 33
5 58 15
6 80 50
7 95 30
8 100 43
9 125 45
10 138 21
11 144 41
12 149 48
13 155 7
14 163 41
15 166 25
16 174 25
17 185 36
18 186 29
19 192 2
20 194 35
21 201 2
22 211 6
23 226 2
24 227 9
25 260 12
26 274 9
27 281 30
28 290 35
29 300 33
30 329 20
31 333 14
32 337 11
33 339 11
34 345 30
35 351 46
36 373 8
37 384 20
38 389 19
39 390 45
40 391 12
41 395 50
42 422 33
43 448 10
44 456 23
45 465 23
46 466 42
47 469 7
48 478 48
49 496 5
50 498 42
51 501 14
52 524 42
53 529 34
54 541 20
55 555 17
56 561 5
57 572 27
58 574 48
59 576 45
60 582 39
61 587 44
62 592 9
63 615 2
64 643 45
65 652 18
66 657 9
67 664 31
68 668 26
69 677 46
70 695 40
71 710 23
72 724 35
73 726 28
74 749 50
