669 2666 67 11

0 30 614
1 60 1195
2 90 1744
3 120 2262
4 150 2750
5 180 3210
6 210 3642
7 240 4048
8 270 4430
9 300 4787
10 330 5122

0 5769
1 3421
2 5419
3 5579
4 5368
5 5239
6 5724
7 6065
8 4311
9 5370
10 5473
11 5398
12 5412
13 5735
14 4470
15 4073
16 3637
17 3265
18 4962
19 5075
20 5677
21 4883
22 3491
23 4789
24 4741
25 5385
26 5785
27 4114
28 4962
29 3676
30 4444
31 4869
32 5115
33 4286
34 5520
35 5471
36 3460
37 4977
38 3328
39 4346
40 4308
41 5408
42 5077
43 5950
44 4028
45 4128
46 4402
47 6002
48 3888
49 4966
50 3707
51 4814
52 5137
53 5942
54 4287
55 6098
56 5099
57 3788
58 5725
59 4620
60 3273
61 5203
62 5244
63 3122
64 4870
65 4364
66 5117
67 5918
68 6355
69 5252
70 5589
71 5479
72 5774
73 5995
74 3590
75 4309
76 4968
77 5454
78 4700
79 4808
80 4668
81 5791
82 5947
83 4669
84 5921
85 5572
86 4804
87 5151
88 4692
89 4459
90 3606
91 5448
92 5714
93 6389
94 5028
95 5804
96 5376
97 4294
98 4508
99 3909
100 3977
101 5528
102 4208
103 3188
104 6055
105 5005
106 4519
107 5238
108 3904
109 4082
110 5159
111 5393
112 5326
113 4630
114 4845
115 6194
116 5455
117 5138
118 5635
119 5558
120 5284
121 5677
122 4893
123 4906
124 3234
125 4299
126 5580
127 4399
128 5523
129 4683
130 4446
131 4959
132 4520
133 5743
134 4047
135 4873
136 4647
137 5672
138 4201
139 3965
140 7578
141 3204
142 4909
143 4640
144 4061
145 5695
146 5331
147 4528
148 4446
149 4846
150 4466
151 4750
152 5049
153 5039
154 4815
155 4247
156 4932
157 6732
158 4487
159 5330
160 5068
161 5432
162 4139
163 5298
164 5001
165 4066
166 5032
167 5005
168 3724
169 4633
170 5620
171 5104
172 5298
173 6301
174 4010
175 3671
176 5195
177 5476
178 5330
179 3480
180 5126
181 5723
182 4918
183 5171
184 4082
185 4037
186 5743
187 5011
188 4928
189 5228
190 5569
191 3625
192 5247
193 4490
194 5018
195 4365
196 5751
197 4219
198 4603
199 4129
200 5850
201 4442
202 3993
203 4333
204 4210
205 3429
206 5108
207 4596
208 4193
209 3062
210 5373
211 5074
212 4253
213 3564
214 4675
215 6164
216 6057
217 5627
218 4514
219 4061
220 6522
221 4342
222 3773
223 4076
224 4450
225 2566
226 4840
227 5314
228 4438
229 5410
230 3934
231 5248
232 4449
233 3733
234 3966
235 5727
236 6030
237 5130
238 5252
239 4708
240 5392
241 4059
242 4893
243 5327
244 4062
245 4627
246 3938
247 4390
248 4378
249 5270
250 4364
251 5096
252 4281
253 5304
254 5435
255 4408
256 4988
257 5112
258 5632
259 5308
260 4850
261 5967
262 5074
263 3951
264 4427
265 4856
266 4810
267 4215
268 5349
269 5681
270 5096
271 4759
272 4107
273 5668
274 5063
275 4789
276 3834
277 5600
278 4108
279 5027
280 4338
281 6556
282 4506
283 4378
284 5236
285 5178
286 4041
287 2710
288 5570
289 5710
290 6422
291 3202
292 4683
293 5328
294 4033
295 4789
296 4204
297 6493
298 5612
299 4299
300 3803
301 3762
302 2618
303 5384
304 4416
305 6357
306 4508
307 5068
308 4711
309 5082
310 5741
311 3670
312 4033
313 5428
314 5555
315 5208
316 5077
317 4666
318 4363
319 5015
320 5544
321 4237
322 3072
323 4596
324 4628
325 4532
326 5371
327 4823
328 5131
329 5184
330 4053
331 5761
332 6660
333 4548
334 4720
335 5066
336 5080
337 5092
338 5588
339 5889
340 4367
341 3910
342 4617
343 4992
344 4293
345 6130
346 5645
347 4294
348 4664
349 4618
350 4817
351 4401
352 5800
353 5544
354 5340
355 6171
356 3739
357 6435
358 3051
359 3741
360 5825
361 3844
362 4589
363 4137
364 4458
365 4421
366 5313
367 5167
368 3171
369 4658
370 3381
371 5122
372 3677
373 6456
374 4137
375 4454
376 5140
377 4753
378 4478
379 6690
380 4123
381 5309
382 4377
383 5295
384 3830
385 5295
386 4242
387 3888
388 4488
389 5289
390 5329
391 4211
392 4036
393 6259
394 4218
395 6553
396 5458
397 5389
398 3351
399 3929
400 5436
401 5178
402 4573
403 4886
404 5795
405 4705
406 3948
407 5786
408 5237
409 4212
410 4495
411 4234
412 5238
413 5647
414 5421
415 3546
416 3936
417 5267
418 5598
419 5010
420 5308
421 4300
422 4387
423 4770
424 4506
425 3815
426 4259
427 6357
428 4399
429 4985
430 4243
431 4500
432 3217
433 5557
434 4474
435 4439
436 3522
437 5187
438 4538
439 5426
440 3822
441 5598
442 5391
443 4750
444 2775
445 4661
446 5534
447 4123
448 4440
449 5785
450 5043
451 4976
452 4349
453 4762
454 5909
455 4723
456 3803
457 4178
458 5782
459 5100
460 5282
461 5913
462 4516
463 6056
464 6192
465 5164
466 5938
467 5684
468 3537
469 4744
470 5304
471 4479
472 2905
473 3704
474 5994
475 3214
476 4844
477 4367
478 4985
479 4635
480 4294
481 4730
482 4709
483 4417
484 4665
485 4767
486 5411
487 6447
488 5415
489 3827
490 4481
491 5570
492 5682
493 5590
494 6015
495 3944
496 6074
497 3234
498 4989
499 5730
500 4513
501 4715
502 3395
503 5675
504 5445
505 5588
506 4657
507 6246
508 4373
509 5667
510 5564
511 4342
512 4650
513 4431
514 5737
515 5832
516 5262
517 4849
518 3303
519 4370
520 5375
521 3955
522 4469
523 6241
524 5670
525 5863
526 4885
527 4786
528 4298
529 4971
530 4229
531 6334
532 4793
533 6616
534 4682
535 3311
536 4946
537 5842
538 4532
539 5799
540 4106
541 5177
542 5442
543 4654
544 3479
545 6180
546 4352
547 4271
548 4274
549 4355
550 4907
551 6435
552 4695
553 3580
554 4782
555 4612
556 4674
557 5201
558 3875
559 4402
560 4495
561 3563
562 5005
563 5086
564 5360
565 4784
566 5164
567 6741
568 4469
569 4518
570 4510
571 5195
572 5016
573 4490
574 5206
575 4110
576 5660
577 5230
578 2897
579 5178
580 5841
581 4107
582 5168
583 4981
584 3989
585 5299
586 5137
587 5929
588 5389
589 5158
590 4004
591 4988
592 5140
593 4223
594 5008
595 4849
596 4705
597 5060
598 5113
599 5232
600 4557
601 5151
602 4255
603 5053
604 4668
605 4433
606 5548
607 4503
608 5110
609 5276
610 4887
611 5066
612 5336
613 4355
614 4681
615 5575
616 6098
617 6192
618 5040
619 3814
620 4530
621 4833
622 3373
623 5236
624 6066
625 4552
626 4223
627 4243
628 4690
629 5164
630 6155
631 7444
632 5543
633 5592
634 5848
635 6043
636 3602
637 4435
638 6280
639 5391
640 5558
641 5337
642 3522
643 6617
644 4898
645 3182
646 4536
647 4872
648 3935
649 5134
650 5031
651 5003
652 4448
653 4335
654 3738
655 6279
656 5626
657 3862
658 5005
659 5048
660 7085
661 5635
662 4927
663 4541
664 6444
665 4929
666 5445
667 5238
668 3363

0 35 30 14
0 61 19 6
0 241 48 9
0 252 3 14
0 314 4 13
0 323 12 11
0 445 1 7
0 469 9 12
0 526 44 8
0 573 20 12
0 609 37 4
1 37 52 14
1 45 11 10
1 63 48 8
1 196 37 14
1 234 35 13
1 514 29 6
1 562 17 12
1 598 53 3
2 16 40 5
2 78 17 13
2 110 57 1
2 362 13 3
3 94 17 11
3 170 31 9
3 352 56 1
3 479 29 10
3 609 52 12
4 42 25 4
4 88 28 1
4 327 40 10
4 477 20 2
4 515 19 11
5 9 45 1
5 277 12 6
5 337 45 12
5 422 29 12
5 517 29 10
6 37 5 6
6 205 2 7
6 215 5 6
6 299 4 11
6 343 6 15
6 433 29 2
6 501 27 14
6 584 16 2
6 609 37 12
6 661 29 8
7 91 16 11
7 210 20 15
7 235 36 12
7 265 53 3
7 339 49 1
7 340 47 6
7 454 41 4
7 643 49 15
7 668 16 13
8 104 8 9
8 117 39 15
8 150 47 1
8 254 27 11
8 362 28 9
8 490 40 15
8 503 31 1
8 646 41 4
8 659 47 13
9 44 4 3
9 120 34 13
9 142 13 4
9 144 23 1
9 177 14 8
9 359 43 14
9 388 22 15
9 427 12 14
9 534 35 11
9 536 15 6
9 568 46 4
10 95 18 15
10 112 26 7
10 139 12 11
10 140 30 9
10 329 35 6
10 489 32 3
11 219 21 12
11 223 22 3
11 403 32 13
11 406 56 10
11 510 56 5
11 635 60 7
12 195 57 10
12 232 39 13
12 304 3 11
12 310 17 5
12 311 21 10
12 343 56 15
12 375 9 13
12 419 41 6
12 547 37 7
13 110 47 8
13 190 2 4
13 196 59 1
13 209 3 1
13 222 53 10
13 303 43 13
13 321 31 6
13 345 60 12
13 362 48 7
13 565 20 3
13 602 20 13
13 650 15 14
14 17 37 14
14 23 53 4
14 78 51 10
14 202 18 3
14 283 7 2
14 523 8 3
14 624 10 7
14 625 19 3
14 639 10 6
15 18 26 10
15 142 16 15
15 143 29 3
15 229 42 7
15 291 2 13
15 355 60 5
15 451 42 11
15 502 9 2
15 544 43 11
15 602 17 10
15 605 12 1
16 233 45 10
16 259 1 8
16 352 60 10
16 365 25 8
16 534 38 6
16 535 10 4
17 47 4 6
17 93 17 2
17 275 15 8
17 315 29 12
17 459 18 5
17 613 33 10
18 53 50 14
18 287 3 7
18 321 35 6
18 381 17 12
18 497 40 10
19 154 16 15
19 157 44 10
19 188 9 7
19 238 18 8
19 571 1 3
19 659 60 10
20 97 46 13
20 125 12 8
20 139 54 10
20 156 28 15
20 304 36 14
20 324 57 4
20 610 24 15
20 660 16 2
21 40 20 13
21 55 37 12
21 79 29 12
21 191 3 1
21 209 2 4
21 331 35 12
21 346 44 15
21 371 12 11
21 582 49 7
21 599 57 15
21 621 26 11
22 27 45 9
22 88 41 6
22 181 6 13
22 283 39 2
22 393 20 7
22 430 22 10
22 532 26 11
22 561 35 4
23 31 14 1
23 84 4 7
23 104 18 13
23 149 51 14
23 358 48 13
23 445 31 4
23 468 16 11
23 502 47 9
24 126 41 15
24 200 1 9
24 461 6 2
25 72 11 13
25 130 55 8
25 190 40 7
25 195 23 10
25 293 28 6
25 335 34 11
25 398 46 10
25 494 40 4
25 587 10 5
25 644 20 8
25 666 56 9
26 123 42 7
26 388 11 10
26 400 18 7
26 467 7 12
26 501 16 9
26 587 34 4
27 80 46 6
27 116 33 14
27 129 38 7
27 226 18 13
27 325 53 12
27 333 55 13
27 452 28 1
28 65 33 3
28 130 57 14
28 180 14 2
28 371 47 14
28 398 30 4
28 536 50 14
29 59 23 6
29 84 6 12
29 100 7 5
29 313 59 6
29 385 28 13
29 417 20 12
29 432 22 11
29 433 3 5
29 436 16 1
29 495 3 15
29 572 52 1
29 591 50 2
29 592 2 5
29 616 23 15
29 618 33 11
30 89 6 4
30 277 28 2
30 600 33 6
30 666 49 9
31 91 43 5
31 147 1 2
31 383 35 5
31 543 50 10
31 564 35 11
31 573 58 9
32 103 16 10
32 175 22 2
32 274 13 6
32 486 57 12
32 511 59 5
32 523 14 9
33 107 18 6
33 274 44 4
33 278 30 5
33 292 38 13
34 156 11 10
34 220 32 3
34 310 50 8
34 311 7 10
34 360 22 15
34 394 28 10
34 562 52 7
34 651 57 14
35 49 3 3
35 131 11 9
35 223 17 10
35 473 8 14
35 631 29 5
36 68 47 12
36 196 12 2
36 356 42 15
36 565 8 2
36 567 31 1
36 578 19 13
37 81 60 11
37 89 14 9
37 184 47 8
37 216 2 3
37 306 34 8
37 543 54 7
37 644 14 11
38 57 25 3
38 172 48 13
38 258 23 15
38 377 40 10
39 116 60 10
39 241 35 7
39 259 34 10
39 260 3 13
39 390 35 6
40 58 53 9
40 61 57 10
40 88 24 9
40 313 45 3
40 393 15 5
40 429 51 10
40 481 6 13
40 543 53 6
40 570 41 10
41 201 55 2
41 527 44 3
42 111 20 3
42 232 25 4
42 237 30 8
42 345 38 7
42 347 58 9
42 348 20 15
42 410 27 7
42 417 17 4
42 508 12 14
42 538 1 1
43 247 4 7
43 310 55 8
44 229 47 2
44 272 31 12
44 315 42 6
44 403 21 13
44 462 16 5
44 466 37 2
44 581 30 10
44 649 49 10
44 664 10 11
45 237 25 5
45 252 22 10
45 413 22 8
45 428 32 8
45 582 49 13
45 638 15 15
46 257 31 7
46 387 47 8
46 422 58 8
46 462 11 10
46 505 59 1
46 580 34 6
46 586 36 12
46 644 30 5
47 82 1 8
47 203 44 8
47 225 58 12
47 304 43 14
47 314 54 1
47 557 42 9
47 579 29 8
47 662 19 6
48 236 39 1
48 323 8 4
48 469 20 11
48 561 9 13
48 652 57 13
49 162 54 7
49 316 5 4
49 355 33 8
49 373 11 10
49 410 9 4
49 451 2 8
49 499 3 7
49 523 19 11
49 562 42 11
50 67 39 3
50 219 15 15
50 264 8 5
50 376 6 4
50 394 49 9
50 481 41 10
50 509 1 10
50 659 56 13
51 385 21 9
51 446 20 14
51 451 36 5
51 480 36 10
51 572 35 8
52 233 12 10
52 236 45 13
52 514 11 9
53 84 55 8
53 86 33 9
53 109 37 12
53 203 34 1
53 311 26 8
53 323 30 9
53 432 9 9
53 504 11 15
54 67 28 10
54 141 24 2
54 210 42 12
54 212 3 9
54 558 7 8
54 581 12 14
54 664 36 4
55 244 56 11
55 268 49 6
55 469 43 10
55 516 58 10
55 530 34 9
56 257 60 14
56 344 60 13
56 362 18 11
56 579 28 4
56 594 36 15
56 635 29 3
57 156 30 6
57 218 14 13
57 288 4 4
57 385 30 6
57 393 27 12
57 413 52 2
57 459 27 5
57 485 21 14
57 522 38 9
58 280 40 10
58 295 13 1
58 389 11 11
58 418 15 1
58 452 44 6
58 458 22 11
58 489 49 12
58 530 16 15
59 93 19 5
59 115 21 9
59 121 13 9
59 213 45 8
59 436 16 8
59 451 14 15
59 463 33 2
59 524 48 2
59 582 16 1
60 97 38 11
60 116 5 10
60 154 60 10
60 276 22 14
60 362 36 5
60 369 54 5
60 483 16 5
60 583 32 9
60 599 49 7
60 612 4 2
60 614 49 8
61 98 54 11
61 151 9 3
61 175 35 1
61 327 55 1
61 423 9 13
61 452 25 1
61 495 21 1
61 535 49 14
61 575 18 11
61 601 42 5
61 606 2 8
61 608 18 3
62 74 54 1
62 122 43 12
62 163 38 3
62 415 13 6
63 288 6 14
63 293 20 1
63 495 25 4
63 533 36 5
63 618 28 15
64 177 36 7
64 258 25 11
64 294 56 3
64 346 7 4
64 361 34 7
64 379 10 2
64 384 31 6
64 427 8 7
64 518 56 3
64 560 22 8
65 153 26 5
65 185 50 2
65 207 23 2
65 317 30 3
65 366 22 14
65 459 40 14
65 553 4 7
65 557 43 3
65 648 41 9
66 130 39 14
66 170 53 1
66 288 25 15
66 640 58 9
67 115 23 15
67 175 22 10
67 254 53 9
67 399 4 2
67 488 16 4
67 645 22 11
68 73 5 8
68 222 59 4
68 414 52 13
68 461 33 4
68 475 34 5
68 483 18 14
68 547 19 6
68 607 53 12
69 132 55 11
69 197 24 4
69 302 19 6
69 328 60 8
69 362 53 7
69 411 39 12
69 429 2 11
69 469 11 8
69 522 30 13
69 571 25 11
69 605 3 15
69 636 56 4
70 77 25 10
70 81 32 13
70 108 40 11
70 131 48 15
70 184 29 11
70 198 52 1
70 208 27 6
70 209 47 4
70 383 31 5
70 424 29 1
70 453 6 4
71 357 56 14
71 526 29 8
71 624 39 15
71 638 25 9
71 647 9 8
71 666 30 6
72 141 13 11
72 188 31 7
72 199 36 9
72 240 14 3
72 324 39 12
72 383 17 5
72 448 32 1
72 553 25 12
72 557 2 7
73 250 11 4
73 283 44 9
73 296 47 9
73 321 1 3
73 330 59 12
73 342 4 14
73 349 4 4
73 398 30 7
73 490 12 15
73 561 38 11
73 602 8 2
74 97 14 11
74 133 60 9
74 161 39 7
74 216 34 13
74 273 37 8
74 291 15 8
74 487 52 6
74 507 36 6
74 578 12 10
74 588 51 13
74 592 19 1
75 343 33 3
75 352 52 6
75 642 33 13
76 81 26 3
76 160 39 8
76 200 12 11
76 289 31 4
76 290 54 9
76 397 27 3
76 435 36 5
76 515 13 14
76 601 53 12
76 663 12 4
77 260 41 4
77 481 24 3
77 529 11 8
77 562 27 6
77 648 19 14
78 102 10 14
78 137 3 2
78 163 28 2
78 343 21 11
78 399 3 13
78 412 31 9
78 497 53 1
79 100 54 3
79 209 21 5
79 237 55 4
79 366 3 2
79 373 14 10
79 435 48 14
80 289 10 1
80 298 37 12
80 340 54 13
80 377 43 8
80 395 52 7
80 402 32 6
80 408 59 11
80 495 10 8
80 501 52 3
80 515 58 4
80 616 9 14
80 630 6 14
81 185 45 15
81 211 55 2
81 451 12 12
81 594 16 13
81 595 30 4
82 308 8 3
82 495 8 15
82 530 8 12
82 566 54 14
82 592 39 8
83 99 59 11
83 368 8 8
83 430 26 14
83 470 37 6
84 217 33 12
84 227 28 14
84 246 6 5
84 429 26 13
84 470 53 14
85 289 8 1
85 464 58 2
85 514 19 9
85 571 27 6
85 627 38 9
86 104 26 11
86 164 14 4
86 168 8 8
86 179 47 5
86 263 29 13
86 281 6 15
86 301 26 7
86 311 2 13
86 332 52 4
86 452 6 6
87 229 58 8
87 281 26 10
87 350 22 10
87 399 48 8
87 409 36 1
87 486 31 6
88 239 26 7
88 303 55 15
88 320 27 11
88 528 5 7
88 535 59 12
88 563 32 7
88 637 40 7
89 170 19 3
89 202 29 4
89 286 17 14
89 352 39 8
89 558 46 5
89 617 12 14
90 92 19 2
90 97 17 2
90 245 34 8
90 313 37 15
90 352 21 1
90 557 14 11
91 126 24 12
91 189 23 8
91 322 59 10
91 469 6 11
91 538 6 12
91 581 20 14
92 168 37 2
92 170 15 2
92 179 38 14
92 335 28 11
92 438 34 9
92 451 17 12
92 552 6 13
92 650 48 8
93 131 29 10
93 156 22 11
93 238 19 15
93 448 24 1
93 501 34 3
93 536 15 14
93 656 43 8
94 102 12 2
94 117 6 11
94 289 29 14
94 386 52 6
94 394 6 15
94 398 43 11
94 434 10 5
94 503 15 1
94 594 48 9
94 622 2 12
96 132 50 7
96 249 14 15
96 288 60 8
96 439 7 8
97 306 41 9
97 352 13 11
97 422 56 15
97 423 6 15
97 467 48 1
97 604 24 7
98 210 52 6
98 564 16 7
98 586 42 8
98 648 49 8
99 265 54 9
99 326 19 13
99 342 6 1
99 364 18 13
99 395 55 6
99 401 54 8
99 527 43 9
99 581 12 13
99 626 17 14
100 245 46 5
100 279 5 13
100 369 35 9
100 437 2 8
100 539 49 3
100 619 41 10
101 116 41 15
101 128 41 3
101 275 24 13
101 479 21 3
101 570 31 11
101 579 12 7
102 142 57 2
102 204 52 10
102 530 2 10
102 559 60 4
102 568 31 9
103 388 37 13
103 463 8 8
103 610 25 14
104 123 60 10
104 564 1 12
105 119 57 12
105 127 11 15
105 140 51 15
105 194 15 7
105 205 34 4
105 224 46 6
105 350 1 10
105 445 25 7
105 583 57 2
106 156 45 8
106 368 22 8
106 376 2 4
106 432 2 10
106 599 39 1
106 667 2 9
107 184 34 2
107 332 26 5
107 464 33 13
107 504 33 15
107 516 35 2
107 569 39 11
107 584 27 13
108 313 41 2
108 317 30 1
108 362 35 8
108 510 50 1
109 119 56 7
109 432 47 6
109 532 49 9
109 599 54 2
110 181 39 11
110 244 33 9
110 326 46 1
110 328 33 10
110 472 6 5
110 505 48 6
110 615 43 9
111 187 44 5
111 215 13 14
111 477 2 11
111 549 56 14
111 557 39 4
111 601 50 12
112 182 32 2
112 227 16 8
112 271 6 6
112 372 5 14
112 495 53 4
112 496 30 4
112 500 27 14
112 634 7 13
112 650 25 5
113 170 4 8
113 229 2 14
113 234 29 2
113 292 58 14
113 368 58 5
113 402 32 3
113 418 15 10
113 433 48 8
113 646 59 4
114 197 54 15
114 422 5 11
114 430 60 7
114 451 12 10
114 647 11 2
115 195 29 3
115 224 53 9
115 272 13 4
115 361 9 14
115 485 2 4
115 512 46 10
115 523 56 6
115 565 38 2
116 208 17 4
116 263 23 5
116 267 57 10
116 271 46 8
116 424 21 12
116 450 14 14
116 630 4 6
117 126 27 11
117 170 23 9
117 244 9 7
117 282 14 9
117 401 13 14
117 457 47 6
117 652 40 8
118 180 6 4
118 240 3 13
118 395 40 12
118 507 44 11
118 558 7 12
118 596 50 2
118 608 58 9
119 149 47 15
119 290 35 5
119 342 56 4
119 665 13 15
120 389 45 8
120 437 47 14
120 668 3 2
121 369 16 5
121 414 55 7
121 467 33 5
121 533 35 14
121 656 46 2
122 292 20 11
122 317 7 3
122 337 5 1
122 490 23 3
122 604 8 5
123 191 3 14
123 220 18 11
123 291 4 5
123 517 5 11
123 560 26 4
124 131 47 4
124 273 5 9
124 435 4 4
124 445 5 15
124 502 38 7
124 620 11 14
124 625 60 4
125 129 41 10
125 211 17 6
125 307 16 3
125 519 14 1
125 556 36 8
125 616 9 6
126 128 38 9
126 152 16 12
126 164 25 7
126 196 24 12
126 474 3 8
126 489 52 6
126 598 38 10
127 145 5 11
127 292 2 5
127 416 44 10
127 463 2 8
127 542 1 11
127 552 40 12
127 582 3 6
128 176 25 6
128 310 29 2
128 385 42 1
128 432 37 2
128 512 20 10
128 549 35 15
128 574 22 2
129 209 6 3
129 344 36 7
129 354 13 10
129 466 35 2
129 494 2 10
129 512 26 14
129 535 45 7
129 602 17 14
129 621 6 10
130 144 59 6
130 185 41 2
130 217 43 13
130 291 22 9
130 453 8 14
130 506 16 9
130 591 13 11
130 602 27 12
130 636 25 15
130 655 14 15
131 179 45 3
131 578 43 1
132 305 50 13
132 319 40 12
132 388 59 5
132 444 47 8
132 501 15 11
132 541 34 8
132 566 8 1
132 584 60 4
133 138 15 2
133 217 53 2
133 290 31 9
133 330 51 1
133 341 22 13
133 428 4 5
133 472 55 4
133 508 44 1
133 588 29 6
133 606 12 3
134 354 22 7
134 394 43 8
134 395 29 14
134 454 35 12
134 481 28 9
134 537 24 3
134 588 60 1
134 636 50 10
135 273 18 9
135 385 27 7
135 419 14 10
135 560 27 4
135 601 12 7
135 617 26 10
136 207 44 6
136 235 46 9
136 308 1 12
136 358 34 1
136 436 3 1
136 453 45 14
136 493 5 3
137 227 17 15
137 233 20 2
137 348 17 2
137 435 31 15
137 439 5 10
137 544 17 2
137 555 13 8
137 575 43 3
137 631 53 7
137 637 48 8
138 264 8 4
138 412 39 4
138 422 2 5
138 503 7 6
138 598 19 14
139 152 21 13
139 498 16 11
139 638 53 1
139 660 3 7
140 162 48 13
140 179 4 4
140 236 41 4
140 264 36 12
140 307 18 1
140 324 17 6
140 465 55 3
140 518 29 12
140 523 47 12
140 542 49 4
141 142 24 5
141 255 58 1
141 280 36 11
141 411 35 3
141 495 35 8
141 520 41 8
141 530 57 4
141 551 51 4
141 664 45 14
142 168 15 5
142 232 8 2
142 283 14 10
142 304 46 11
142 454 59 3
142 507 19 13
142 556 15 1
143 270 39 9
143 283 15 10
143 355 36 15
143 363 54 12
143 439 27 15
143 532 30 11
144 163 27 14
144 198 47 6
144 280 2 6
144 317 32 13
144 324 25 6
144 378 14 1
144 500 21 9
144 583 32 4
145 162 44 9
145 211 8 10
145 233 48 5
145 247 18 12
145 271 18 13
145 287 12 10
145 319 51 12
145 327 35 10
145 367 42 14
145 586 53 11
146 303 53 13
146 323 60 10
146 424 11 1
146 435 8 14
146 567 7 14
146 647 32 7
147 201 44 7
147 275 31 5
147 383 29 6
147 550 57 8
147 567 22 2
148 182 43 1
148 183 40 9
148 283 10 9
149 300 18 1
149 639 56 9
150 214 11 5
150 223 2 6
150 370 1 5
150 593 39 13
151 174 19 5
151 190 31 9
151 208 45 2
151 309 26 6
151 325 9 15
151 341 25 1
151 386 32 2
151 475 41 15
151 508 26 9
151 516 18 14
151 553 43 1
152 284 10 12
152 353 57 13
152 564 39 12
152 615 27 8
153 191 34 3
153 220 5 5
153 298 4 6
153 313 11 3
153 328 26 11
153 393 37 1
153 451 35 14
153 580 29 12
153 593 19 10
153 607 55 2
153 612 55 6
154 314 46 11
154 353 37 7
154 448 46 4
154 534 53 11
154 565 36 15
154 572 33 2
154 656 12 2
155 188 38 15
155 326 1 1
155 422 43 2
155 594 34 3
155 619 49 5
155 626 60 13
155 654 23 4
156 305 3 3
156 310 42 12
156 330 46 4
156 426 50 9
156 442 17 12
156 480 35 4
156 506 33 8
156 539 8 8
156 568 7 5
157 184 17 7
157 230 47 15
157 336 54 10
157 341 44 1
157 366 21 12
157 374 26 1
157 416 13 5
157 478 2 3
157 617 13 1
157 652 56 14
158 167 23 12
158 351 21 8
158 400 14 4
158 535 40 7
158 569 35 14
159 241 37 10
159 257 20 8
159 309 8 14
159 347 38 8
159 544 38 1
159 553 59 14
159 565 19 4
159 654 42 15
160 213 40 8
160 284 45 8
160 355 25 10
160 382 26 14
160 426 42 6
160 451 48 7
160 641 25 3
160 649 14 8
161 207 52 15
161 416 15 14
161 568 36 15
162 365 34 14
162 399 27 3
162 502 33 6
162 594 2 3
162 613 5 14
163 165 31 6
163 181 29 8
163 183 53 1
163 338 54 10
163 359 29 10
163 528 60 7
163 548 45 6
163 576 28 13
164 281 49 5
164 315 51 5
164 368 43 3
164 382 34 4
164 521 7 5
164 606 32 10
165 202 24 14
165 497 45 7
165 545 4 12
165 651 21 2
165 663 13 10
166 222 19 11
166 267 14 5
166 272 34 15
166 354 59 13
166 356 18 13
166 380 9 4
166 423 24 14
166 525 27 7
166 588 31 1
167 353 39 4
167 362 42 1
167 449 21 8
167 459 6 2
167 462 33 15
167 558 60 10
167 654 34 4
168 368 47 5
168 422 12 2
168 473 24 11
168 651 3 7
169 224 55 8
169 237 53 1
169 251 40 12
169 266 19 1
169 337 44 10
169 503 26 8
169 606 1 9
170 195 53 5
170 220 56 4
170 250 28 9
170 441 5 5
170 484 15 12
170 612 1 13
170 631 22 10
171 213 34 5
171 272 40 2
171 274 46 9
171 311 18 3
171 322 20 5
171 329 45 1
171 330 15 5
171 665 14 9
172 339 47 4
172 342 59 5
172 487 39 10
173 219 25 3
173 316 25 13
173 395 2 4
173 482 9 2
173 526 16 6
173 545 14 12
173 662 31 3
174 211 13 14
174 218 21 1
174 339 41 8
174 358 27 5
174 424 52 6
174 540 8 11
174 556 15 6
174 645 56 14
174 650 26 10
174 660 26 4
175 315 53 1
175 572 27 9
175 607 34 15
176 207 45 10
176 389 11 7
176 477 46 6
176 482 6 15
177 178 29 1
177 315 30 7
177 501 29 15
177 611 58 7
177 637 18 4
177 640 52 8
178 199 2 14
178 263 25 5
178 326 40 5
178 369 3 7
178 483 43 4
178 538 13 12
178 650 6 15
179 238 11 15
179 667 32 7
180 264 4 2
180 344 55 5
180 460 10 13
180 577 52 14
181 202 51 2
181 274 25 15
182 246 59 10
182 330 23 4
182 358 23 5
182 436 42 8
182 518 1 11
182 523 14 6
182 541 46 11
182 561 40 8
183 194 16 3
183 357 35 14
183 418 50 11
183 435 38 9
183 474 1 3
184 269 16 10
184 285 37 11
184 346 52 2
184 433 49 10
184 651 43 4
185 239 28 2
185 300 17 1
185 521 5 4
185 559 9 3
185 663 1 10
186 230 9 2
186 234 14 15
186 306 48 3
186 590 11 2
186 641 41 13
186 651 5 2
187 340 52 3
187 344 11 6
187 436 58 1
187 516 10 8
187 610 4 1
187 612 3 5
188 212 60 3
188 268 56 9
188 340 7 12
188 343 18 1
188 382 5 2
188 533 4 14
188 606 29 1
188 630 57 5
189 468 17 11
189 484 24 11
189 578 31 12
189 603 19 1
190 246 60 5
190 280 14 10
190 373 21 10
190 454 4 5
190 638 58 14
191 214 55 1
191 374 18 1
191 537 56 6
191 538 44 1
192 236 18 11
192 242 22 9
192 247 38 12
192 381 58 1
192 407 39 15
192 483 16 1
192 492 33 14
192 650 13 9
193 206 30 8
193 289 6 13
193 439 41 7
193 493 60 6
193 520 60 3
193 649 8 3
194 264 27 6
194 382 25 11
194 420 48 6
194 424 25 2
194 496 10 3
194 539 16 7
194 560 9 7
194 593 60 11
194 660 40 2
195 202 22 7
195 208 20 12
195 430 30 11
195 447 50 5
195 493 53 1
195 638 35 10
195 640 27 14
196 269 3 9
196 340 20 10
196 345 37 5
196 390 10 6
196 445 22 3
196 522 17 13
196 581 41 4
197 366 18 1
197 495 21 8
197 545 9 3
197 560 31 3
197 625 37 4
198 298 20 2
198 386 14 13
198 415 26 7
198 417 47 14
198 430 50 15
198 473 30 8
198 550 37 15
198 560 1 13
198 666 40 1
199 233 33 6
199 310 48 15
199 342 32 8
199 472 27 1
199 487 28 12
199 663 10 3
200 255 9 14
200 301 44 8
200 356 24 11
200 373 30 10
200 379 54 6
200 407 48 8
200 498 35 12
200 505 42 6
200 630 57 13
201 272 31 13
201 290 46 14
201 371 9 9
201 385 25 1
201 515 14 7
201 555 21 3
201 645 52 15
202 313 30 13
202 366 38 12
202 451 48 8
202 474 5 5
202 479 7 15
202 503 47 8
202 516 17 3
202 529 7 15
202 647 33 8
202 660 5 11
203 229 27 8
203 240 31 2
203 345 26 6
203 440 7 9
203 634 3 5
204 239 11 1
204 394 57 4
204 429 39 9
204 490 24 3
204 494 43 2
204 495 19 13
204 586 56 15
204 630 56 5
205 399 47 12
205 522 16 7
206 479 25 1
207 254 30 13
207 300 7 1
207 313 55 13
207 477 1 12
207 479 8 1
207 578 48 3
207 632 26 1
208 211 43 3
208 271 22 14
208 342 25 8
208 350 60 1
208 356 14 9
208 359 43 6
208 505 6 14
208 511 33 2
208 628 6 4
209 213 11 8
209 341 16 8
209 354 36 3
209 366 18 11
209 396 8 11
209 454 45 3
209 459 42 2
209 641 53 15
209 645 54 12
209 653 30 14
210 253 44 8
210 278 12 10
210 335 18 3
210 460 50 5
210 495 14 8
210 638 26 8
211 358 43 6
211 428 60 7
211 501 21 12
212 213 11 11
212 233 33 4
212 272 23 10
212 532 8 12
212 589 13 9
212 645 18 6
213 302 12 2
213 368 28 12
213 380 29 2
213 415 8 6
213 466 37 13
213 495 12 7
213 516 33 11
214 238 11 11
214 253 31 11
214 320 50 13
214 328 7 2
214 376 50 14
214 410 11 6
214 545 48 14
214 580 2 6
214 605 34 11
215 252 50 7
215 401 32 15
215 405 11 14
215 436 8 8
215 460 44 12
215 524 27 14
215 580 13 7
216 322 20 11
217 219 22 3
217 225 14 2
217 346 54 15
217 365 53 10
217 435 31 11
217 477 38 13
217 513 35 15
217 537 34 7
217 612 39 2
218 302 26 15
218 350 25 10
218 375 27 11
218 383 1 12
219 286 1 5
219 439 60 14
219 499 42 11
219 523 54 8
219 604 13 12
219 632 11 9
220 250 60 4
220 277 36 1
220 382 2 10
220 643 21 1
221 259 43 2
221 353 1 2
221 408 6 1
221 424 20 13
221 616 13 13
221 630 49 2
221 660 13 3
222 236 16 15
222 370 47 15
222 514 11 11
222 635 15 10
223 239 37 10
223 334 46 15
223 358 17 3
223 575 44 1
223 643 29 13
224 225 20 2
224 292 41 14
224 351 42 2
224 355 30 2
224 379 56 1
224 418 33 8
224 488 3 11
224 561 13 13
224 613 8 5
224 622 7 1
225 288 52 15
225 423 56 7
225 511 55 12
225 527 45 13
226 260 10 15
226 461 16 15
226 480 49 5
226 634 7 13
226 650 16 3
227 235 8 7
227 372 7 11
227 450 57 12
227 468 31 14
227 493 13 1
227 545 6 9
227 622 10 9
227 627 30 3
228 286 2 14
228 288 25 1
228 411 14 14
228 603 34 3
228 645 22 1
229 268 23 8
229 355 14 4
229 550 29 5
229 581 47 13
229 598 8 7
229 647 34 10
229 663 17 11
230 263 27 4
230 318 38 14
230 387 41 14
230 432 39 4
230 591 8 7
230 633 55 3
230 644 58 14
231 239 60 9
231 254 17 5
231 412 48 4
231 416 1 9
231 518 10 10
232 296 5 10
232 332 32 5
232 472 15 5
232 515 45 3
232 552 12 7
233 270 22 3
233 357 44 10
233 422 2 4
233 426 1 4
233 485 39 5
233 506 6 14
233 584 30 2
233 593 43 10
233 609 39 7
233 645 5 14
234 247 45 9
234 289 16 12
234 413 43 10
234 656 2 13
235 238 21 13
235 482 20 7
235 494 48 2
235 653 32 14
236 618 6 6
237 253 46 4
237 296 48 14
237 424 18 5
237 465 24 8
237 477 23 2
237 506 58 14
237 563 54 5
237 645 42 15
238 421 60 9
238 526 32 9
238 625 33 15
239 241 54 15
239 244 13 8
239 459 44 7
239 610 30 11
239 614 40 14
239 665 55 14
240 444 29 7
240 481 50 6
240 509 6 15
240 589 18 15
241 298 14 10
241 331 55 2
241 382 23 7
241 652 51 11
242 364 41 7
242 434 27 10
242 499 17 4
242 575 17 4
242 593 7 12
242 605 15 7
243 378 41 5
243 472 43 15
243 666 32 6
244 447 26 7
244 560 13 1
244 600 51 5
244 629 28 3
244 643 39 8
245 427 57 1
245 618 22 7
246 298 21 15
246 394 45 9
246 531 37 7
246 612 49 8
247 297 7 10
247 650 55 1
248 261 1 3
248 346 28 13
248 431 39 2
249 383 52 4
249 386 31 9
249 496 29 3
249 592 42 8
249 660 26 10
250 359 22 2
250 483 59 7
250 517 15 6
251 276 2 14
251 323 45 1
251 358 22 5
251 620 48 9
252 296 49 7
252 324 35 7
252 358 14 9
252 392 5 6
252 453 59 14
252 497 5 14
252 612 41 10
253 326 17 2
253 341 53 11
253 343 53 8
253 429 20 9
253 496 31 1
253 509 23 5
253 526 2 6
253 528 46 12
253 648 49 10
254 255 6 8
254 336 2 10
254 355 39 3
254 505 12 5
254 518 29 14
254 603 23 9
254 638 29 9
254 648 52 12
255 293 56 6
255 299 23 4
255 455 22 7
255 594 38 14
255 628 26 10
256 264 33 11
256 325 13 8
256 629 54 3
256 636 48 4
256 649 55 14
256 655 11 3
257 267 17 11
257 415 6 15
257 417 54 7
257 471 60 8
257 556 55 7
258 263 26 1
258 264 33 7
258 284 8 14
258 317 35 2
258 356 16 2
258 361 49 15
258 377 15 12
258 400 17 13
258 424 54 2
258 451 41 14
258 488 20 14
259 321 59 14
259 463 36 10
259 502 19 11
259 511 28 5
259 573 21 10
260 338 41 15
260 383 50 14
260 399 43 10
260 471 15 2
260 610 20 12
260 614 36 2
260 668 37 4
261 292 9 10
261 500 49 4
261 544 49 6
261 579 22 6
262 408 21 12
262 452 18 11
262 467 12 11
262 484 13 6
263 410 10 3
263 605 31 7
263 621 41 5
263 663 50 13
264 285 52 12
264 290 34 12
264 310 54 4
264 352 56 11
264 409 25 1
264 459 26 2
264 498 1 13
264 607 5 11
264 633 42 15
265 320 37 11
265 380 1 4
265 394 11 7
265 471 19 1
265 502 48 11
265 639 42 11
265 662 7 1
266 311 25 3
266 351 50 2
266 441 34 10
266 472 43 14
267 425 59 8
267 462 48 15
267 504 8 7
267 595 3 12
267 638 60 10
268 287 44 12
268 384 34 12
268 490 33 9
268 511 52 1
268 583 2 4
269 287 49 8
269 333 12 4
269 389 18 11
269 393 58 14
269 399 54 1
269 444 51 15
269 445 9 5
270 366 31 4
270 401 55 14
270 438 45 6
270 460 41 11
270 516 35 3
270 528 1 13
270 584 49 10
270 603 53 5
271 283 39 11
271 364 41 1
271 373 37 13
271 476 11 13
271 518 18 11
271 519 4 3
271 563 35 1
271 592 57 1
271 662 55 12
271 665 17 11
271 668 18 14
272 484 29 11
272 546 50 12
273 430 40 4
273 440 4 2
273 495 46 1
273 585 23 9
273 610 21 5
274 312 38 6
274 405 30 6
274 413 47 4
274 443 9 12
274 502 38 6
274 536 13 14
274 642 33 9
274 660 11 10
274 667 26 14
275 381 23 9
275 430 56 14
275 458 11 6
275 513 5 12
275 517 28 9
275 526 50 7
275 538 18 4
275 641 48 7
276 370 35 1
276 605 35 14
277 381 5 6
277 443 14 11
277 464 36 2
277 490 32 3
277 521 49 6
277 529 5 5
278 329 41 10
278 346 31 11
278 372 52 1
278 413 29 3
278 510 19 8
278 560 58 2
279 335 14 7
279 339 54 4
279 495 38 7
279 621 41 4
279 645 33 3
280 356 50 8
280 438 43 5
280 439 1 8
280 613 15 5
281 525 53 15
282 413 4 4
282 503 37 11
282 569 59 4
283 336 49 8
283 365 30 14
283 601 46 9
283 604 33 14
283 667 9 4
284 291 34 3
284 421 53 1
284 463 46 15
284 470 35 6
284 638 39 11
285 340 59 1
285 358 31 3
285 375 39 1
285 479 48 6
285 490 30 7
285 655 34 11
286 410 2 13
286 471 10 11
286 474 27 8
286 548 26 15
286 564 47 8
286 587 20 12
286 624 36 15
287 293 1 2
287 563 57 4
287 662 31 8
288 354 31 2
288 391 37 1
288 544 38 12
288 640 59 13
289 304 41 6
289 372 8 12
289 418 10 10
289 448 6 2
289 567 43 8
289 589 7 5
289 626 5 6
290 348 15 9
290 370 40 6
290 388 10 6
290 411 60 15
290 417 29 8
290 540 35 3
290 591 3 13
291 343 12 9
291 369 43 10
291 373 57 1
291 381 23 15
291 452 57 10
291 479 26 4
291 562 48 12
291 623 44 2
291 652 1 4
292 348 3 13
292 392 17 11
292 529 2 6
292 593 52 7
292 597 4 4
292 619 40 10
292 648 52 10
293 325 40 1
293 399 21 7
294 361 8 4
294 397 22 9
294 621 31 14
295 441 49 9
295 539 24 5
295 653 48 10
296 314 52 15
296 348 3 5
296 473 30 9
296 587 9 14
296 597 11 10
296 655 60 10
297 346 19 12
297 365 54 4
297 438 5 13
297 450 48 1
297 481 52 10
297 578 36 3
298 332 57 2
298 431 53 4
298 513 51 14
299 306 38 4
299 371 4 13
299 399 8 12
299 440 40 13
299 498 6 4
300 326 60 12
300 368 9 15
300 414 18 9
300 553 5 11
300 605 42 12
300 622 2 4
301 504 25 11
301 557 23 11
302 492 37 5
302 590 3 3
303 343 14 13
303 363 45 3
303 403 4 4
303 426 15 1
303 555 59 11
303 564 14 7
303 609 10 9
304 438 14 1
304 539 49 7
304 566 3 6
304 628 9 3
305 311 38 7
305 397 15 14
305 493 34 1
305 627 27 10
305 656 36 3
306 317 22 15
306 375 20 10
306 422 50 13
306 456 48 1
306 529 12 7
306 573 32 1
306 575 24 4
307 390 2 14
307 400 44 5
307 486 50 5
307 523 4 11
307 539 19 8
307 651 5 8
308 348 12 14
308 434 13 7
308 450 8 8
308 586 17 1
309 372 11 15
309 522 26 4
309 548 30 4
309 562 4 10
309 577 48 15
309 613 24 3
310 356 20 10
310 607 42 13
310 647 56 5
311 512 19 1
311 561 9 7
312 535 55 6
313 317 19 2
313 404 27 14
313 428 55 4
313 470 22 15
313 505 46 3
313 571 41 2
313 585 39 3
313 623 46 11
313 667 20 10
314 483 27 1
314 519 42 11
315 567 2 15
315 636 50 12
316 328 57 3
316 602 10 10
317 342 58 10
317 399 54 14
317 575 38 1
317 593 12 9
317 621 35 10
318 577 30 4
319 550 35 13
319 638 20 7
320 475 4 8
320 544 48 9
321 470 43 14
321 486 53 2
321 631 50 15
321 642 20 14
322 445 38 12
322 564 47 6
322 601 29 12
323 354 8 8
323 375 2 6
323 469 41 9
323 656 38 14
323 660 11 15
323 665 7 15
324 359 46 6
324 396 20 13
324 397 57 2
324 581 53 13
324 600 43 1
324 644 26 5
325 590 11 8
325 633 15 7
326 493 14 9
326 601 48 11
327 510 11 14
327 547 5 10
327 553 35 5
328 365 30 15
328 432 28 10
328 579 42 7
328 623 38 15
328 639 9 15
329 479 48 14
329 508 50 9
329 557 56 8
330 332 59 7
330 600 27 11
330 647 57 14
331 470 27 11
331 484 49 7
331 552 9 3
331 563 36 8
332 427 3 5
332 458 16 4
332 536 5 1
332 550 18 8
332 572 8 5
332 576 58 4
333 450 4 12
334 338 26 11
335 429 24 6
335 460 35 11
335 504 24 11
335 515 45 12
335 593 56 3
335 656 39 14
336 415 6 5
336 544 15 9
336 603 50 15
336 614 56 4
337 486 5 9
338 354 22 1
338 441 18 13
338 502 8 15
339 384 11 5
339 442 16 3
339 538 59 9
339 615 58 2
339 629 2 9
339 646 26 9
339 663 23 2
340 516 23 14
340 639 9 7
341 354 42 6
341 426 25 14
341 464 49 12
341 506 32 13
341 603 55 6
341 624 55 15
342 441 14 6
343 430 12 6
343 457 6 13
344 350 28 5
344 368 2 11
344 613 33 6
345 457 27 10
345 464 56 11
345 588 3 8
346 396 15 1
347 423 49 11
347 465 54 1
347 558 28 7
348 638 13 7
349 398 27 1
349 435 16 4
350 427 32 7
350 529 17 13
350 596 10 12
350 661 21 11
351 385 26 5
351 398 44 3
351 411 57 13
351 418 51 11
351 532 33 1
352 396 19 12
352 402 10 9
352 491 31 10
352 629 27 10
352 635 9 11
353 373 48 6
353 524 32 9
353 636 30 13
354 479 3 13
354 602 21 10
354 611 18 10
354 641 32 7
355 374 51 6
355 462 9 6
355 478 2 8
355 542 38 7
355 593 14 10
355 613 17 1
356 428 10 13
357 443 8 9
357 476 51 12
357 588 29 4
357 627 55 3
357 633 9 1
358 452 48 15
358 459 34 9
358 576 8 6
358 613 32 11
359 371 59 3
359 587 2 5
359 626 52 12
360 391 8 6
360 568 35 9
360 607 35 7
361 573 39 5
361 618 57 7
362 374 31 2
362 522 12 8
362 536 26 15
362 595 51 9
363 490 57 12
363 498 16 15
363 622 48 9
363 636 48 10
364 427 41 1
364 479 23 4
364 635 41 9
365 445 46 11
365 501 29 9
365 525 48 7
365 588 26 8
366 399 52 6
366 469 26 4
367 485 45 7
367 534 49 9
368 445 28 7
369 444 38 12
369 496 49 3
369 502 28 8
370 381 14 11
370 419 33 14
370 480 60 3
370 501 38 13
370 583 31 3
370 638 51 15
370 664 46 9
371 400 55 10
371 515 9 14
371 557 13 11
371 586 58 13
372 468 2 13
372 581 53 8
373 515 12 15
373 516 25 10
373 529 1 4
373 560 9 3
373 573 41 15
373 589 11 11
373 623 27 14
373 634 39 13
374 472 53 12
374 551 46 13
374 637 6 14
375 491 8 8
375 514 39 14
375 597 6 8
376 387 51 2
376 414 1 14
376 546 33 12
377 428 50 11
377 430 31 10
377 442 56 8
377 496 1 6
377 503 48 7
377 583 40 13
377 621 35 1
378 397 28 9
378 403 24 11
378 556 5 1
378 560 53 13
378 582 19 12
378 590 18 9
378 592 51 5
379 589 13 11
380 609 21 5
381 385 59 12
381 416 53 5
381 425 26 3
381 465 37 6
381 520 25 13
381 577 6 12
382 435 39 7
382 489 20 15
382 614 2 5
383 385 15 12
383 390 37 10
383 512 36 11
384 391 3 5
384 636 43 14
385 387 12 9
385 523 1 2
385 540 49 2
385 543 38 11
386 387 23 8
387 399 34 3
387 434 15 3
387 528 35 6
387 557 50 10
388 482 19 14
388 483 57 1
388 485 23 4
388 494 27 2
388 496 8 12
388 505 17 6
388 514 18 8
388 604 9 14
388 627 54 10
389 509 12 11
389 603 43 3
389 667 1 1
390 593 24 12
390 597 8 2
391 472 53 5
391 549 4 15
391 556 50 7
391 559 5 12
391 568 8 15
392 400 22 6
392 486 14 6
392 502 23 14
393 498 31 3
393 654 53 10
394 407 52 11
394 499 30 3
394 612 10 6
394 618 30 11
394 651 36 9
395 411 58 8
395 587 33 7
395 611 29 15
396 495 57 4
396 499 16 11
396 500 32 3
396 593 56 12
396 597 10 3
397 412 58 7
397 518 22 2
397 559 57 14
397 639 56 10
398 429 12 5
399 469 28 5
399 579 54 15
399 603 34 10
400 408 40 3
400 432 27 7
400 514 3 5
400 603 4 8
401 475 46 14
401 538 41 6
401 663 22 2
402 488 11 7
402 499 59 14
402 526 20 13
402 617 44 15
402 623 32 11
403 529 53 13
403 610 25 2
404 484 22 3
404 544 16 7
405 408 24 12
405 518 8 14
405 522 18 1
405 645 13 7
406 444 52 11
406 536 46 3
406 604 15 9
406 646 29 1
407 530 25 4
407 552 45 8
408 412 8 1
408 430 34 6
408 617 5 10
409 443 13 6
409 459 45 3
409 552 31 2
409 608 38 12
410 520 45 4
410 606 25 10
410 633 47 10
411 477 25 4
411 532 21 1
412 513 25 13
412 591 42 6
412 642 19 8
413 420 48 8
413 656 4 10
414 486 1 1
414 541 4 14
414 658 31 4
415 584 54 1
416 456 34 2
416 503 28 6
416 592 38 2
416 599 14 15
417 464 25 6
417 532 21 12
418 579 17 8
418 608 47 8
418 641 43 2
418 642 33 12
419 474 2 12
419 620 36 10
419 652 34 7
420 502 29 7
420 507 35 10
420 596 60 4
421 438 1 6
421 523 22 7
421 539 25 10
422 595 60 15
422 607 20 6
423 445 60 4
423 486 29 6
424 426 56 7
424 441 49 4
424 517 2 1
424 549 14 11
424 637 14 9
425 503 24 2
426 598 46 9
427 435 48 15
427 452 33 7
427 464 49 15
427 572 12 4
427 643 5 5
428 479 51 8
428 507 5 3
429 549 23 13
430 438 39 1
430 441 49 10
430 442 30 14
430 519 25 6
430 552 45 14
430 565 27 6
430 586 38 5
431 623 6 6
432 456 20 7
432 526 1 2
432 571 43 10
433 439 15 9
433 560 17 9
433 590 19 1
434 589 22 13
434 636 38 9
435 442 24 5
435 452 37 9
435 507 23 9
435 515 39 7
435 545 1 3
435 622 43 4
435 625 10 15
435 664 54 8
436 443 29 11
437 597 53 3
438 440 44 6
438 470 59 10
438 581 23 2
439 456 54 10
439 479 8 12
440 488 47 15
440 495 44 13
440 578 19 9
440 654 17 9
441 565 53 5
442 499 27 1
442 506 43 10
442 586 42 2
442 624 50 1
443 485 3 13
443 541 31 5
443 598 14 2
443 633 36 10
443 664 6 14
444 562 4 3
444 582 42 11
444 615 12 15
444 667 43 11
445 453 9 4
445 511 4 4
446 536 34 3
446 578 45 10
446 649 11 9
447 467 8 15
447 541 47 2
447 618 13 8
447 660 59 8
448 451 46 8
448 459 52 1
448 554 4 4
449 460 36 2
450 579 36 8
451 507 53 2
451 618 45 10
451 639 47 11
451 661 27 7
452 481 60 10
452 486 18 1
453 514 30 6
453 624 56 11
454 502 9 14
455 538 27 15
455 545 26 15
455 607 12 7
456 458 41 4
457 575 35 9
458 511 51 6
458 593 25 3
460 506 18 3
460 571 23 1
460 578 10 8
461 597 32 15
461 615 8 9
461 624 22 15
462 511 24 14
462 561 29 13
462 583 38 14
463 478 13 6
463 572 43 8
464 524 32 10
464 619 30 7
465 514 23 13
466 474 20 10
466 572 30 11
466 583 34 7
466 612 49 11
468 508 33 3
468 573 57 15
469 479 19 1
469 588 6 1
470 633 28 4
470 634 42 13
471 609 21 11
471 616 52 6
472 473 13 6
472 627 38 6
473 594 26 12
473 618 44 9
473 629 3 5
474 477 59 13
474 559 58 11
474 645 14 2
475 526 48 7
475 668 30 13
476 496 57 4
476 533 34 1
476 545 57 8
478 482 7 14
478 658 54 12
479 486 20 4
479 564 28 9
479 582 35 3
480 481 33 12
480 486 47 2
480 560 37 13
480 561 38 3
480 649 15 1
481 533 37 14
482 531 47 7
482 565 52 1
482 602 41 10
484 545 9 3
484 572 60 10
484 630 25 9
484 639 60 15
484 649 27 14
485 491 12 4
485 523 20 7
485 627 54 3
486 535 58 5
486 622 37 13
487 627 37 11
488 530 40 1
488 569 48 8
489 567 58 1
489 662 29 15
490 515 60 14
490 645 46 15
490 664 25 4
491 508 15 7
491 553 60 2
491 598 29 11
491 635 45 13
491 667 59 13
493 494 58 8
493 595 15 5
493 598 27 14
493 642 10 8
494 500 48 14
495 497 38 10
495 507 24 9
495 583 28 13
496 534 48 5
496 652 59 6
497 546 20 7
497 598 35 2
498 565 17 4
498 630 39 12
498 648 60 6
499 581 44 3
499 601 47 8
499 604 21 13
500 628 19 2
501 541 13 15
501 603 28 9
501 663 35 13
502 636 22 4
503 545 8 11
504 505 18 11
505 561 43 6
505 591 49 14
506 558 35 12
508 519 40 11
509 517 41 15
509 526 4 5
510 531 28 5
510 562 44 3
510 578 56 2
510 597 45 11
510 663 40 3
511 563 42 10
511 644 22 2
512 519 21 5
512 559 42 5
513 574 26 13
513 606 20 12
514 515 30 14
514 577 42 9
514 603 33 9
514 628 32 5
516 543 53 7
516 562 37 8
516 618 1 7
517 628 33 3
518 553 16 1
521 545 51 7
521 577 5 11
522 543 44 5
522 646 39 13
523 556 43 3
523 663 9 5
524 560 49 11
525 565 45 2
525 602 33 5
525 625 54 12
526 590 17 6
528 534 8 11
528 548 13 9
529 566 14 15
530 532 50 10
532 604 46 2
532 621 50 8
534 564 32 1
534 570 15 13
534 601 20 11
534 658 29 14
535 570 53 12
535 666 42 7
537 592 12 3
537 631 13 4
538 573 33 15
539 620 33 6
539 667 45 11
540 565 39 13
540 606 29 14
540 612 56 6
542 661 60 6
543 591 50 6
546 641 1 1
547 560 50 8
548 662 18 7
549 612 4 2
552 642 50 15
553 600 56 11
555 578 42 13
555 653 2 2
556 574 15 12
556 603 49 14
557 579 5 1
557 598 32 6
557 664 15 8
558 587 49 7
558 638 13 7
558 640 1 12
558 664 51 15
562 602 30 11
562 665 41 1
563 574 37 11
563 668 17 9
564 570 5 9
564 577 24 12
564 639 35 4
566 608 28 3
567 577 36 15
567 602 58 8
567 631 60 4
567 632 40 3
570 629 54 3
571 645 18 9
571 654 56 9
572 665 53 13
573 667 49 5
574 585 41 7
574 626 58 3
575 610 46 9
576 656 19 14
577 594 48 6
579 600 7 11
579 646 21 7
581 635 21 8
583 641 58 10
583 643 55 10
585 587 58 1
585 589 59 10
587 614 34 5
587 626 15 12
589 637 48 11
590 626 2 6
591 632 52 8
593 654 35 10
595 649 48 3
596 641 17 10
596 661 24 10
597 667 48 4
598 619 27 2
598 657 9 15
600 627 13 15
600 664 41 11
601 614 27 7
602 618 37 2
604 630 44 10
606 629 41 10
607 625 28 6
608 611 7 4
608 662 43 13
610 625 57 8
610 648 58 12
612 660 51 13
613 632 22 7
613 651 7 10
615 632 31 14
618 664 14 1
620 638 9 2
626 641 57 2
626 666 3 11
627 633 28 7
631 666 48 3
632 656 36 6
633 663 32 15
635 654 14 12
640 663 8 14
642 653 46 4
642 657 32 1
643 645 53 15
646 651 50 2
647 668 39 2
662 664 8 6

0 22 33
1 26 34
2 42 41
3 45 37
4 47 48
5 65 14
6 67 8
7 83 33
8 98 41
9 121 23
10 131 47
11 133 14
12 148 42
13 157 8
14 165 36
15 168 12
16 171 49
17 177 49
18 190 40
19 192 7
20 194 28
21 197 20
22 214 35
23 257 10
24 270 22
25 279 22
26 282 27
27 283 27
28 295 35
29 304 1
30 305 39
31 330 10
32 338 13
33 356 29
34 374 37
35 379 5
36 380 27
37 382 12
38 415 16
39 434 33
40 437 25
41 442 30
42 443 23
43 455 22
44 456 41
45 462 11
46 469 38
47 487 41
48 494 42
49 500 11
50 504 32
51 509 13
52 514 26
53 523 11
54 534 40
55 537 42
56 549 22
57 559 39
58 563 23
59 567 29
60 571 23
61 584 32
62 599 5
63 613 30
64 624 44
65 640 23
66 652 47
