1831 5494 183 11

0 30 5794
1 60 12415
2 90 19952
3 120 28501
4 150 38170
5 180 49073
6 210 61339
7 240 75106
8 270 90525
9 300 107763
10 330 127001

0 4345
1 4605
2 3929
3 4040
4 3256
5 3757
6 4190
7 4682
8 4519
9 2614
10 2685
11 3065
12 2908
13 3997
14 3985
15 3315
16 3900
17 2790
18 3162
19 2953
20 4068
21 3805
22 4013
23 2954
24 3451
25 4191
26 3621
27 3779
28 4126
29 3966
30 3439
31 4146
32 3986
33 4468
34 4356
35 2608
36 3341
37 4083
38 4268
39 3783
40 4829
41 3413
42 2983
43 3872
44 4243
45 3479
46 3680
47 4501
48 3982
49 3028
50 4644
51 4708
52 3914
53 3422
54 3041
55 3199
56 3390
57 4333
58 2131
59 5018
60 3812
61 4466
62 4565
63 3032
64 3453
65 2740
66 4520
67 3144
68 2733
69 3654
70 4085
71 3837
72 3818
73 4468
74 4638
75 3574
76 3837
77 3426
78 3348
79 3681
80 4300
81 4200
82 4309
83 4215
84 3907
85 4436
86 2589
87 3728
88 3569
89 4888
90 3513
91 4119
92 3590
93 4070
94 3678
95 3183
96 3672
97 3657
98 4057
99 3175
100 4510
101 3695
102 4375
103 2279
104 4395
105 3835
106 4424
107 3303
108 4975
109 4531
110 3520
111 2815
112 3897
113 3575
114 3461
115 4745
116 2828
117 4191
118 2537
119 4243
120 4344
121 3029
122 4630
123 3928
124 3803
125 3436
126 4189
127 2848
128 4383
129 3179
130 4449
131 3751
132 5064
133 4520
134 3990
135 4257
136 5773
137 4073
138 4075
139 4678
140 4660
141 3747
142 4469
143 3830
144 4291
145 2701
146 3195
147 4213
148 3130
149 3834
150 4242
151 3635
152 3901
153 4673
154 3918
155 4113
156 3720
157 3841
158 2979
159 4772
160 4650
161 4019
162 3650
163 3527
164 3766
165 3062
166 3513
167 4076
168 3538
169 3988
170 3710
171 3385
172 3293
173 4233
174 3688
175 4190
176 3282
177 4854
178 3573
179 3167
180 4317
181 3685
182 3788
183 3144
184 5256
185 4663
186 3310
187 4930
188 5110
189 3006
190 4488
191 3278
192 4445
193 4827
194 3864
195 3978
196 4111
197 4975
198 4475
199 3617
200 3270
201 4207
202 4104
203 3396
204 3863
205 4303
206 2659
207 4375
208 3543
209 4121
210 4747
211 3641
212 4791
213 3890
214 3273
215 3961
216 4071
217 3538
218 5104
219 4020
220 4850
221 2815
222 3646
223 3463
224 4754
225 4032
226 4080
227 3940
228 3749
229 3069
230 3206
231 3986
232 3564
233 3935
234 3808
235 2371
236 4018
237 3640
238 4429
239 3661
240 3796
241 3746
242 3975
243 2301
244 3436
245 3633
246 3582
247 4359
248 4481
249 2650
250 3551
251 2857
252 3556
253 3336
254 2542
255 4225
256 2386
257 3518
258 3411
259 2792
260 4259
261 3500
262 4528
263 3361
264 4634
265 3466
266 3174
267 4329
268 3995
269 3201
270 2800
271 3983
272 4364
273 3817
274 3156
275 3761
276 3693
277 3643
278 3007
279 3542
280 5077
281 4820
282 3620
283 3847
284 3189
285 3293
286 4317
287 4056
288 3505
289 4654
290 4916
291 3904
292 4189
293 4230
294 4944
295 3958
296 4775
297 3861
298 4369
299 3310
300 2160
301 3713
302 4216
303 3166
304 3386
305 3494
306 3988
307 3255
308 3793
309 3620
310 4398
311 5093
312 2947
313 4202
314 4724
315 3861
316 3828
317 2226
318 3393
319 4085
320 3169
321 3600
322 3172
323 3888
324 3149
325 3059
326 4652
327 3365
328 4119
329 4076
330 4152
331 3787
332 3555
333 3217
334 2708
335 3326
336 4430
337 4014
338 4455
339 3866
340 4002
341 3777
342 4339
343 3940
344 3909
345 4441
346 2939
347 4411
348 3369
349 3364
350 3706
351 4317
352 4052
353 5596
354 3369
355 4741
356 4073
357 3637
358 4263
359 4384
360 4691
361 4143
362 4142
363 4322
364 4217
365 3532
366 4177
367 4609
368 4028
369 3637
370 3252
371 2846
372 3285
373 3465
374 4780
375 3474
376 3918
377 3742
378 4287
379 3626
380 3559
381 4021
382 3717
383 3380
384 3971
385 3949
386 3613
387 4490
388 3496
389 3220
390 5300
391 4569
392 3830
393 3614
394 5041
395 4844
396 3735
397 3704
398 3714
399 3684
400 4040
401 4063
402 2764
403 2237
404 2369
405 4429
406 5148
407 3827
408 4114
409 3439
410 3185
411 3442
412 3689
413 4172
414 4085
415 3563
416 3599
417 3536
418 3536
419 4226
420 3684
421 3172
422 3840
423 2868
424 2160
425 4509
426 3036
427 4038
428 3528
429 3553
430 3021
431 2546
432 4560
433 3938
434 4801
435 4174
436 4397
437 3876
438 3691
439 3008
440 4442
441 3047
442 4996
443 3188
444 4578
445 2519
446 3824
447 3464
448 5037
449 3207
450 3070
451 4144
452 3858
453 3277
454 4096
455 3410
456 4390
457 2961
458 3199
459 4260
460 3625
461 4002
462 4063
463 2619
464 4256
465 3817
466 3910
467 4016
468 3496
469 4452
470 3804
471 4061
472 2784
473 3867
474 2893
475 4160
476 3333
477 4761
478 3860
479 3042
480 3650
481 4125
482 3666
483 4631
484 5204
485 4667
486 4271
487 3494
488 3996
489 3877
490 3454
491 3257
492 3810
493 4301
494 4359
495 4596
496 3696
497 2635
498 3247
499 3664
500 2778
501 3519
502 3430
503 4319
504 3622
505 3106
506 4212
507 4283
508 3838
509 2947
510 3786
511 3904
512 4363
513 4489
514 3386
515 3532
516 5875
517 4277
518 4585
519 3442
520 3000
521 3931
522 4390
523 4108
524 4191
525 3568
526 2977
527 2776
528 3760
529 3631
530 5152
531 1966
532 3825
533 4677
534 3696
535 3279
536 5066
537 3292
538 3191
539 3680
540 5496
541 3277
542 4493
543 3238
544 3630
545 4284
546 4023
547 4740
548 4507
549 3364
550 4517
551 4144
552 3916
553 5374
554 3921
555 4968
556 3413
557 4006
558 3527
559 4384
560 3516
561 4803
562 3903
563 4333
564 4274
565 3794
566 4342
567 3555
568 2466
569 2830
570 4051
571 4949
572 3970
573 3473
574 4992
575 4191
576 4398
577 3392
578 4457
579 4166
580 3371
581 4428
582 3578
583 4276
584 4060
585 5415
586 2871
587 4199
588 2707
589 3735
590 3737
591 4196
592 3942
593 4097
594 4036
595 3618
596 3374
597 3387
598 4205
599 3583
600 4134
601 4482
602 4617
603 3452
604 3835
605 3545
606 4720
607 4902
608 3255
609 5286
610 4416
611 3319
612 4404
613 3586
614 3446
615 4246
616 5455
617 3759
618 3134
619 3712
620 4472
621 3711
622 4317
623 4810
624 4701
625 5018
626 3911
627 2401
628 3072
629 2681
630 3403
631 3686
632 4756
633 4288
634 4245
635 3669
636 3429
637 3483
638 3995
639 4260
640 4266
641 3555
642 4199
643 3808
644 3308
645 4104
646 3539
647 3903
648 3685
649 3239
650 4436
651 3829
652 4200
653 4516
654 3422
655 3943
656 3672
657 3519
658 3603
659 3909
660 3962
661 4265
662 4235
663 3770
664 3306
665 2615
666 3219
667 3652
668 3977
669 3768
670 3621
671 3600
672 5519
673 3355
674 4452
675 3428
676 3258
677 3553
678 3193
679 3607
680 4263
681 4055
682 3452
683 3716
684 3349
685 4763
686 5207
687 2714
688 4086
689 3974
690 4889
691 4863
692 3592
693 4742
694 3208
695 4828
696 3475
697 4768
698 3104
699 4005
700 3791
701 4066
702 2871
703 3515
704 5656
705 4291
706 4536
707 4376
708 3046
709 3421
710 3662
711 4089
712 5124
713 3864
714 4358
715 4161
716 3184
717 4299
718 4321
719 3874
720 3857
721 4653
722 3717
723 4143
724 4218
725 4524
726 3782
727 4807
728 4289
729 4053
730 3619
731 2725
732 3430
733 4144
734 3557
735 3466
736 3311
737 4595
738 4096
739 3765
740 4068
741 3292
742 3841
743 3032
744 3543
745 5208
746 3669
747 3127
748 3940
749 4249
750 3494
751 3882
752 4433
753 3057
754 3176
755 3134
756 4097
757 3854
758 4145
759 3894
760 3033
761 3468
762 3947
763 5383
764 3455
765 4425
766 3268
767 4638
768 3645
769 4670
770 4593
771 4301
772 2768
773 4034
774 4131
775 3282
776 4364
777 4154
778 4535
779 4458
780 3495
781 3852
782 3726
783 3466
784 4307
785 4224
786 4521
787 3125
788 3746
789 4046
790 3849
791 3928
792 2888
793 3462
794 3551
795 3499
796 4154
797 3047
798 3428
799 3510
800 4861
801 4101
802 4128
803 3996
804 4634
805 3373
806 4579
807 4105
808 4217
809 3937
810 3811
811 4542
812 5218
813 3050
814 4789
815 4991
816 4011
817 3689
818 4254
819 3616
820 3750
821 4689
822 4784
823 5006
824 4184
825 4268
826 2955
827 3934
828 4680
829 3615
830 4352
831 3550
832 3522
833 3430
834 3963
835 3857
836 3559
837 4264
838 3460
839 2398
840 3141
841 3863
842 3693
843 1938
844 3098
845 3948
846 3913
847 4424
848 3485
849 3334
850 4629
851 3741
852 3707
853 4478
854 3577
855 4132
856 4607
857 3760
858 4073
859 5031
860 3520
861 3517
862 3499
863 4543
864 3723
865 2249
866 5035
867 3355
868 4440
869 3980
870 4272
871 3316
872 4893
873 3444
874 4247
875 3875
876 3672
877 2828
878 3140
879 4643
880 3700
881 4424
882 4138
883 4926
884 3974
885 4425
886 3750
887 3735
888 3852
889 3084
890 4499
891 3335
892 3008
893 5008
894 3333
895 3593
896 3683
897 3406
898 4078
899 4422
900 4149
901 3591
902 3917
903 4334
904 3805
905 4542
906 3814
907 3608
908 3012
909 4248
910 2283
911 4980
912 4010
913 3808
914 4176
915 3728
916 3897
917 3250
918 3798
919 3632
920 4414
921 3896
922 3719
923 3440
924 4833
925 3732
926 3022
927 4904
928 4167
929 3518
930 3003
931 3988
932 4428
933 4261
934 4331
935 4119
936 4585
937 2433
938 4205
939 3338
940 4465
941 3027
942 3731
943 3887
944 4443
945 3642
946 4640
947 3944
948 3770
949 3674
950 3074
951 2468
952 3540
953 4823
954 4891
955 4269
956 4296
957 3478
958 4469
959 3905
960 3921
961 3242
962 4659
963 4159
964 5278
965 3788
966 3678
967 3109
968 4604
969 3907
970 3568
971 4187
972 3986
973 3464
974 4592
975 4678
976 3122
977 4008
978 4084
979 3392
980 3854
981 3897
982 3478
983 3789
984 3944
985 4017
986 4510
987 4508
988 4147
989 3886
990 3634
991 3788
992 3272
993 4494
994 3184
995 4192
996 2852
997 3244
998 3376
999 4040
1000 3779
1001 5316
1002 3686
1003 3635
1004 3633
1005 4551
1006 4343
1007 4126
1008 5025
1009 4370
1010 3112
1011 4736
1012 4482
1013 3269
1014 3729
1015 3888
1016 3792
1017 4428
1018 2321
1019 3583
1020 4398
1021 3920
1022 4553
1023 4553
1024 4318
1025 3263
1026 3743
1027 3825
1028 3226
1029 3631
1030 4746
1031 4653
1032 2954
1033 4091
1034 4603
1035 4061
1036 3738
1037 3957
1038 3970
1039 4082
1040 3125
1041 4103
1042 3379
1043 4349
1044 3630
1045 4814
1046 5181
1047 3554
1048 2899
1049 3713
1050 3159
1051 3914
1052 3269
1053 2983
1054 3759
1055 3738
1056 3215
1057 4216
1058 5059
1059 3845
1060 3807
1061 4243
1062 3683
1063 3714
1064 2870
1065 4015
1066 5333
1067 3636
1068 4227
1069 3685
1070 2699
1071 3830
1072 3036
1073 3373
1074 3512
1075 4455
1076 5014
1077 3717
1078 4315
1079 3834
1080 3839
1081 5068
1082 3212
1083 3117
1084 4305
1085 4442
1086 4429
1087 4795
1088 3583
1089 4771
1090 4339
1091 4523
1092 2850
1093 4625
1094 4119
1095 3182
1096 3959
1097 3893
1098 3531
1099 4504
1100 3858
1101 4840
1102 5095
1103 4520
1104 4515
1105 2988
1106 4017
1107 3787
1108 3157
1109 3610
1110 4553
1111 4715
1112 4312
1113 4107
1114 4695
1115 4760
1116 4375
1117 3504
1118 4370
1119 3983
1120 3728
1121 5172
1122 3349
1123 3311
1124 4516
1125 4274
1126 3467
1127 4445
1128 3761
1129 3985
1130 3948
1131 3483
1132 4481
1133 4668
1134 3518
1135 3547
1136 3763
1137 3803
1138 4825
1139 2657
1140 3638
1141 3239
1142 3193
1143 3007
1144 3602
1145 3020
1146 4431
1147 4609
1148 4153
1149 4823
1150 4404
1151 3158
1152 3965
1153 4256
1154 4366
1155 4678
1156 4249
1157 3620
1158 4327
1159 3919
1160 3919
1161 3054
1162 3705
1163 4580
1164 3968
1165 4225
1166 5383
1167 3987
1168 4062
1169 3439
1170 4182
1171 3638
1172 3659
1173 3534
1174 2548
1175 3970
1176 4095
1177 3442
1178 3353
1179 5098
1180 4060
1181 3695
1182 3502
1183 3203
1184 5038
1185 4272
1186 3219
1187 4035
1188 4855
1189 4164
1190 4001
1191 3152
1192 3708
1193 3891
1194 4126
1195 2730
1196 5100
1197 3206
1198 2781
1199 4576
1200 3073
1201 3056
1202 3700
1203 4075
1204 3612
1205 4080
1206 3744
1207 4160
1208 4475
1209 3771
1210 2849
1211 2684
1212 3648
1213 4741
1214 3675
1215 3907
1216 4110
1217 4599
1218 3777
1219 4047
1220 4975
1221 4402
1222 4395
1223 3616
1224 3922
1225 4060
1226 4539
1227 4141
1228 4186
1229 3270
1230 4522
1231 4707
1232 3738
1233 4694
1234 3419
1235 3762
1236 3908
1237 4061
1238 3684
1239 3934
1240 5059
1241 4107
1242 5118
1243 3172
1244 4234
1245 3867
1246 3308
1247 4869
1248 4889
1249 2513
1250 5006
1251 3446
1252 5519
1253 3741
1254 3977
1255 3146
1256 3544
1257 3211
1258 3804
1259 4256
1260 3083
1261 3137
1262 3540
1263 2892
1264 3273
1265 2985
1266 4485
1267 4685
1268 3443
1269 4803
1270 4782
1271 4177
1272 3787
1273 3116
1274 3421
1275 3212
1276 3279
1277 3894
1278 2607
1279 3619
1280 4101
1281 3298
1282 5155
1283 4361
1284 4752
1285 3227
1286 2447
1287 4275
1288 4088
1289 5195
1290 3550
1291 4028
1292 5129
1293 4058
1294 3525
1295 3505
1296 4306
1297 4494
1298 3801
1299 3943
1300 2681
1301 4934
1302 3446
1303 4427
1304 4470
1305 3788
1306 4715
1307 3140
1308 4260
1309 3952
1310 4481
1311 4064
1312 4622
1313 3405
1314 4547
1315 3441
1316 2812
1317 3055
1318 3869
1319 4558
1320 4555
1321 2411
1322 3284
1323 4376
1324 3570
1325 3979
1326 3818
1327 2753
1328 3703
1329 3274
1330 5131
1331 3113
1332 4616
1333 3180
1334 3393
1335 3507
1336 2780
1337 3370
1338 4727
1339 3559
1340 2851
1341 3677
1342 3930
1343 3566
1344 3844
1345 4931
1346 3571
1347 4540
1348 4700
1349 4218
1350 3297
1351 4476
1352 5095
1353 4125
1354 3897
1355 5213
1356 3124
1357 2010
1358 4472
1359 2978
1360 3560
1361 4523
1362 1961
1363 3663
1364 3031
1365 4142
1366 3993
1367 2849
1368 3939
1369 4804
1370 2988
1371 5252
1372 3314
1373 4496
1374 3989
1375 4243
1376 4548
1377 4364
1378 3401
1379 3783
1380 2746
1381 3961
1382 3239
1383 2716
1384 3989
1385 3934
1386 3847
1387 3699
1388 3979
1389 4710
1390 3792
1391 3859
1392 3239
1393 4261
1394 4422
1395 3851
1396 2932
1397 3859
1398 3548
1399 4111
1400 4867
1401 4995
1402 3506
1403 4616
1404 3444
1405 3893
1406 4055
1407 3704
1408 4713
1409 4197
1410 4569
1411 4632
1412 4115
1413 3783
1414 3344
1415 4731
1416 4081
1417 3408
1418 3556
1419 4589
1420 4074
1421 3840
1422 4088
1423 4165
1424 3141
1425 3257
1426 4481
1427 3653
1428 3535
1429 3530
1430 3202
1431 3766
1432 3850
1433 2534
1434 3719
1435 2916
1436 4063
1437 3603
1438 2934
1439 3812
1440 3872
1441 3433
1442 4219
1443 3478
1444 4058
1445 3088
1446 3726
1447 3302
1448 4186
1449 3884
1450 3875
1451 2964
1452 3528
1453 4016
1454 3714
1455 3675
1456 3766
1457 5084
1458 4075
1459 3568
1460 3536
1461 3420
1462 3260
1463 3819
1464 2277
1465 3684
1466 4027
1467 3491
1468 4464
1469 3511
1470 3689
1471 4065
1472 4041
1473 3914
1474 2385
1475 3117
1476 4301
1477 3676
1478 3237
1479 2794
1480 3455
1481 4234
1482 3541
1483 3190
1484 3399
1485 3518
1486 3770
1487 3935
1488 4445
1489 3985
1490 4708
1491 5375
1492 3684
1493 3834
1494 4122
1495 3680
1496 1938
1497 4362
1498 4185
1499 3574
1500 4628
1501 3281
1502 4303
1503 3381
1504 3029
1505 3545
1506 4815
1507 3467
1508 3723
1509 4071
1510 3948
1511 4043
1512 4413
1513 3913
1514 4895
1515 4638
1516 4334
1517 2878
1518 4555
1519 4726
1520 4567
1521 2154
1522 4031
1523 3326
1524 4394
1525 3933
1526 4337
1527 3529
1528 3992
1529 3611
1530 3422
1531 4843
1532 3512
1533 3602
1534 4742
1535 5333
1536 4587
1537 3875
1538 4157
1539 2665
1540 4282
1541 4431
1542 2856
1543 3844
1544 3999
1545 2587
1546 3022
1547 3195
1548 4361
1549 5278
1550 5105
1551 2335
1552 4715
1553 2882
1554 4343
1555 3886
1556 2734
1557 3344
1558 3183
1559 4863
1560 4189
1561 4998
1562 5363
1563 4737
1564 3896
1565 3850
1566 2895
1567 3513
1568 4520
1569 4231
1570 4193
1571 4102
1572 4443
1573 4170
1574 4271
1575 4727
1576 4231
1577 3589
1578 4129
1579 3232
1580 4479
1581 3938
1582 4155
1583 2544
1584 3389
1585 4177
1586 4418
1587 4013
1588 3540
1589 4071
1590 2894
1591 4259
1592 2565
1593 4570
1594 3902
1595 3917
1596 4375
1597 3105
1598 4141
1599 3810
1600 3931
1601 5088
1602 4123
1603 3179
1604 5014
1605 4426
1606 4870
1607 3862
1608 3430
1609 3970
1610 3205
1611 3658
1612 3539
1613 4022
1614 4148
1615 2769
1616 4591
1617 3472
1618 3926
1619 3783
1620 4369
1621 3334
1622 3716
1623 3690
1624 3505
1625 3390
1626 4516
1627 2895
1628 4319
1629 3803
1630 2912
1631 5107
1632 3883
1633 4006
1634 2846
1635 5719
1636 4433
1637 3521
1638 4045
1639 5172
1640 3702
1641 4232
1642 3800
1643 4670
1644 3886
1645 4245
1646 4358
1647 4427
1648 2678
1649 4235
1650 2909
1651 4641
1652 4950
1653 3503
1654 3451
1655 3921
1656 4021
1657 4184
1658 2727
1659 4180
1660 3935
1661 4308
1662 4331
1663 3577
1664 4845
1665 3898
1666 3530
1667 4601
1668 4017
1669 3151
1670 5300
1671 4281
1672 3556
1673 3990
1674 3283
1675 3832
1676 3953
1677 3577
1678 3270
1679 4242
1680 4576
1681 2775
1682 2401
1683 2979
1684 4611
1685 4272
1686 3666
1687 4062
1688 3475
1689 3826
1690 4677
1691 3450
1692 5093
1693 3560
1694 3198
1695 3440
1696 4243
1697 3954
1698 4556
1699 2425
1700 4478
1701 4015
1702 3640
1703 3488
1704 3607
1705 3669
1706 4477
1707 3390
1708 3530
1709 2831
1710 3522
1711 3293
1712 4365
1713 4518
1714 3544
1715 3275
1716 2735
1717 3695
1718 3581
1719 4301
1720 3900
1721 3905
1722 3513
1723 3573
1724 4073
1725 3966
1726 4234
1727 3036
1728 3423
1729 4741
1730 5000
1731 3832
1732 4095
1733 3702
1734 3905
1735 2583
1736 3319
1737 4033
1738 4840
1739 4058
1740 3996
1741 3434
1742 3847
1743 3726
1744 2376
1745 4249
1746 2950
1747 4674
1748 4156
1749 3622
1750 3143
1751 2691
1752 4972
1753 4392
1754 4032
1755 4426
1756 2502
1757 3805
1758 2597
1759 3529
1760 4181
1761 3693
1762 3474
1763 4332
1764 3700
1765 3505
1766 3497
1767 3479
1768 4972
1769 4213
1770 2658
1771 2465
1772 4040
1773 3442
1774 4046
1775 4018
1776 2907
1777 3188
1778 3234
1779 3849
1780 4376
1781 4491
1782 4020
1783 3003
1784 4077
1785 3622
1786 4061
1787 2774
1788 2868
1789 2869
1790 2114
1791 3313
1792 3169
1793 3539
1794 4071
1795 4666
1796 4147
1797 3271
1798 3395
1799 3974
1800 3287
1801 4109
1802 3820
1803 5046
1804 3898
1805 4040
1806 4285
1807 3779
1808 4943
1809 4193
1810 4053
1811 3393
1812 4688
1813 3528
1814 4646
1815 2821
1816 4998
1817 2918
1818 3645
1819 3048
1820 2934
1821 3172
1822 4252
1823 4198
1824 4333
1825 4127
1826 2806
1827 4471
1828 4455
1829 4129
1830 5604

0 104 44 13
0 161 14 6
0 394 46 13
0 496 57 8
0 958 14 6
0 1499 16 13
0 1722 3 6
1 89 56 12
1 161 29 12
1 394 50 4
1 504 1 5
1 617 21 9
1 666 37 10
1 986 41 4
1 1111 11 11
1 1152 9 12
2 132 27 10
2 160 2 2
2 161 11 11
2 327 42 7
2 377 7 5
2 394 14 3
2 589 23 10
2 1129 49 5
2 1262 9 14
2 1330 11 15
2 1609 29 10
2 1627 20 1
2 1648 55 2
3 28 20 5
3 182 13 12
3 256 9 6
3 1160 10 12
3 1307 32 13
3 1721 53 7
3 1725 59 5
3 1827 34 2
4 722 45 9
4 973 22 8
4 1251 42 3
4 1529 49 4
4 1802 49 13
5 186 9 12
5 282 18 15
5 525 13 10
5 1386 2 11
5 1788 17 6
6 225 29 9
6 290 32 9
6 445 47 3
6 479 9 12
6 610 45 13
6 1242 60 6
6 1419 13 8
6 1755 39 6
7 287 22 12
7 651 22 4
7 1336 27 5
7 1439 46 15
7 1585 32 8
7 1714 31 2
7 1802 42 5
8 702 40 13
8 1237 56 4
8 1287 43 1
9 484 13 6
9 504 21 3
9 716 48 10
9 1341 24 2
10 501 29 15
10 512 53 7
10 698 32 9
10 891 57 5
10 916 28 13
10 1212 54 10
10 1240 29 2
10 1317 55 2
10 1399 57 8
11 206 57 5
11 453 13 5
11 737 46 8
12 34 42 1
12 345 49 10
12 632 49 9
12 775 20 3
12 875 36 13
12 885 51 8
12 938 36 8
12 1187 21 14
12 1735 7 10
13 115 54 15
13 260 26 2
13 665 41 10
13 1234 43 12
14 29 45 7
14 208 49 14
14 359 5 6
14 763 18 10
14 1162 35 15
14 1515 35 9
14 1690 39 10
14 1770 33 1
15 583 23 6
15 909 48 11
15 1563 13 15
16 51 54 8
16 854 44 14
16 977 36 6
16 1076 53 1
16 1246 10 4
16 1549 54 14
17 340 1 8
17 353 49 7
17 766 36 15
17 958 52 13
17 1336 48 13
18 227 50 12
18 256 6 8
18 358 4 1
18 391 47 12
18 401 25 14
18 652 21 7
18 730 30 12
18 1519 60 14
19 238 26 3
19 619 3 9
19 962 15 10
19 1044 55 15
19 1451 40 3
19 1455 7 2
20 83 40 11
20 332 19 2
20 973 22 14
20 993 28 13
20 1204 25 14
20 1348 59 2
20 1400 1 12
20 1478 5 4
20 1601 53 1
21 903 36 6
21 1694 60 7
22 297 19 15
22 332 50 11
22 908 37 4
22 1771 11 1
23 299 2 8
23 520 8 7
23 573 46 11
23 660 54 7
23 937 51 7
23 1113 44 4
23 1231 24 11
23 1734 41 4
23 1787 40 5
24 319 32 2
24 817 44 7
24 1333 60 14
25 649 16 15
25 917 56 9
25 1167 20 7
25 1245 46 6
25 1526 39 6
26 234 10 10
26 373 40 8
26 897 2 1
26 1004 7 4
26 1153 41 7
26 1252 5 14
26 1444 30 5
27 597 58 6
27 889 36 5
27 1114 25 11
27 1155 16 15
27 1205 60 7
27 1263 43 10
27 1454 15 11
28 70 11 6
28 103 52 9
28 321 25 4
28 733 8 1
28 1247 31 9
28 1578 60 7
28 1810 50 3
29 53 56 8
29 429 8 3
29 722 18 9
29 925 10 12
29 1585 54 15
30 912 48 10
30 1690 60 14
31 164 30 3
31 372 31 4
31 481 21 8
31 580 38 15
31 687 2 3
31 813 1 15
31 888 27 3
31 1683 49 14
31 1721 42 5
31 1746 54 4
32 482 48 4
32 912 30 13
32 1404 17 9
32 1463 23 13
33 252 46 15
33 590 17 3
33 1532 17 6
33 1778 18 15
34 203 18 4
34 446 54 5
34 520 27 9
34 578 52 10
34 1105 4 2
34 1198 8 4
34 1611 49 6
34 1801 6 10
35 117 38 8
35 490 31 1
35 587 10 13
35 874 42 12
35 961 28 12
35 1156 4 7
35 1386 28 10
36 97 4 9
36 224 9 10
36 297 46 2
36 368 17 11
36 516 26 12
36 721 34 4
36 736 33 13
36 1286 13 3
36 1368 14 15
36 1714 55 12
36 1746 10 2
36 1785 24 9
36 1807 28 11
37 168 51 1
37 274 40 4
37 298 20 10
37 1028 30 1
37 1029 19 1
37 1484 27 7
38 506 47 2
38 828 13 7
38 1052 6 3
39 366 41 11
39 501 10 6
39 661 35 6
39 1203 56 3
39 1500 7 7
39 1554 49 13
39 1756 29 7
40 340 22 11
40 677 9 3
40 811 27 15
40 978 18 9
40 1274 18 1
40 1337 57 13
40 1562 32 13
40 1816 27 13
41 136 15 4
41 186 6 15
41 206 46 4
41 510 1 4
41 980 7 2
41 1102 5 8
41 1526 60 9
41 1740 44 7
41 1777 12 12
41 1829 42 3
42 76 3 9
42 229 41 6
42 419 44 13
42 609 22 13
42 979 35 12
42 1440 22 8
42 1702 19 10
43 405 56 14
43 714 38 13
43 1069 52 5
44 139 51 8
44 287 9 3
44 471 45 11
44 1353 10 3
45 225 1 8
45 459 57 2
45 834 4 11
45 1042 32 10
46 1014 60 11
46 1701 43 13
47 232 35 1
47 488 22 8
47 621 4 10
47 1040 29 1
48 235 2 13
48 609 15 5
48 899 52 13
48 917 4 15
48 1658 44 3
48 1745 53 5
49 849 52 14
49 941 5 6
49 1242 15 7
49 1454 17 6
50 84 21 6
50 260 30 4
50 353 13 8
50 772 27 7
51 659 30 9
51 784 13 15
51 960 50 5
51 1257 53 3
51 1283 29 10
51 1747 48 7
51 1758 45 4
52 613 36 15
52 1359 37 1
52 1391 18 1
52 1447 5 7
53 118 42 13
53 629 57 12
53 1064 4 5
53 1184 41 3
53 1485 22 8
54 213 41 7
54 300 4 10
54 362 11 5
54 555 23 3
54 1514 52 15
55 151 26 14
55 187 16 1
55 590 21 10
55 782 31 2
55 882 12 5
55 1305 57 12
55 1454 5 5
56 378 33 13
56 867 25 13
56 954 43 9
57 377 58 1
57 920 36 14
57 1655 18 7
58 274 31 4
58 560 19 11
58 585 46 12
58 726 15 7
58 988 57 4
58 1122 48 12
58 1342 32 5
58 1479 18 2
58 1557 34 6
59 145 10 13
59 298 47 6
59 463 20 7
59 761 31 7
59 943 53 6
59 1008 26 14
59 1014 37 12
59 1146 26 11
59 1190 43 11
59 1463 19 2
59 1489 53 9
59 1493 28 13
59 1572 9 13
60 469 59 9
60 588 38 2
61 80 33 10
61 224 25 8
61 309 32 10
61 380 57 15
61 605 29 2
61 691 4 6
61 964 50 6
61 1395 46 4
61 1449 4 14
62 131 8 8
62 585 11 13
62 616 25 10
62 680 29 7
62 745 29 3
62 896 12 6
62 1071 49 7
62 1208 13 12
62 1497 15 14
63 1143 14 13
64 342 54 13
64 403 19 1
64 891 49 3
64 922 57 2
64 976 22 13
64 1189 51 11
64 1595 49 6
65 90 27 10
65 211 10 12
65 521 29 4
65 1062 16 12
65 1383 3 12
65 1429 23 10
65 1645 40 7
66 323 26 8
66 406 15 4
66 453 19 7
66 485 31 13
66 600 21 11
66 660 13 14
66 959 21 7
66 1079 2 4
66 1612 3 5
67 277 32 15
67 419 38 13
67 806 17 11
67 931 31 8
67 1375 44 4
67 1448 50 14
67 1528 26 14
68 237 34 2
68 573 26 14
68 661 47 8
68 1003 43 7
68 1307 53 10
69 128 24 5
69 201 29 8
69 333 51 4
69 798 18 9
69 950 43 13
69 1398 39 8
69 1797 50 5
69 1804 31 7
70 584 59 9
70 1589 20 4
70 1621 9 9
70 1725 14 9
71 81 51 2
71 274 14 6
71 1248 40 12
71 1390 36 1
71 1393 2 9
71 1456 2 6
71 1770 50 8
71 1825 9 14
72 129 28 15
72 229 7 3
72 694 36 9
72 889 5 8
72 924 54 14
72 1084 26 5
72 1181 60 2
72 1279 38 8
72 1584 59 9
73 106 10 1
73 766 38 3
73 776 26 6
73 1124 23 14
73 1162 56 6
73 1204 37 14
73 1227 45 15
73 1364 2 8
73 1619 56 14
74 83 41 5
74 114 47 14
74 284 15 7
74 415 7 13
74 617 28 2
74 661 54 10
74 1278 24 9
75 197 56 5
75 601 47 14
75 921 8 5
75 1367 44 7
75 1379 6 9
76 835 2 9
76 1563 38 7
76 1628 20 11
76 1719 12 7
76 1828 57 4
77 135 27 14
77 1493 39 9
77 1826 25 14
78 151 25 5
78 389 42 4
78 916 56 7
78 1025 33 9
78 1108 23 6
78 1581 56 8
78 1683 36 1
79 267 16 4
79 402 60 1
79 600 45 9
79 738 30 2
79 985 32 4
79 1067 49 14
79 1321 30 11
79 1601 53 7
80 141 11 2
80 198 28 8
80 272 38 14
80 308 32 4
80 391 43 14
80 685 17 7
80 1203 2 9
80 1329 29 5
80 1405 41 5
80 1779 59 12
82 177 25 10
82 675 28 9
82 876 30 9
82 1742 36 12
83 88 3 2
83 320 23 10
83 807 11 7
83 1147 3 1
83 1239 57 4
83 1385 6 4
83 1409 23 9
84 274 49 1
84 961 38 7
84 1651 60 13
85 496 2 9
85 595 16 8
85 635 56 6
85 760 50 2
85 924 55 4
85 1049 11 15
86 145 13 8
86 158 18 5
86 653 16 11
86 836 45 3
86 1161 59 2
86 1400 41 12
86 1520 42 13
87 126 6 3
87 666 14 13
87 685 10 12
87 761 45 3
87 1209 55 13
88 321 54 11
88 568 23 3
88 650 52 10
88 697 36 2
88 856 20 4
88 989 9 11
88 1025 14 11
88 1049 9 5
88 1198 53 14
88 1512 24 4
88 1551 43 6
89 205 51 12
89 532 2 2
89 606 3 2
89 720 26 10
89 1042 15 7
89 1319 20 3
90 221 4 9
90 357 32 12
90 992 37 14
90 1020 48 13
90 1818 45 5
91 441 6 10
91 651 51 12
91 945 6 11
91 1733 14 4
92 1601 37 12
93 230 1 11
93 518 43 12
93 841 57 6
93 1057 11 10
93 1417 39 7
94 170 57 13
94 533 5 15
94 571 18 13
94 628 47 6
94 645 36 11
94 1232 54 11
94 1279 18 15
94 1356 17 7
94 1487 16 10
95 171 3 14
95 490 4 6
95 582 56 12
95 710 48 7
95 844 20 1
96 106 11 5
96 489 4 14
96 1072 37 10
96 1210 42 6
96 1429 11 5
96 1763 41 6
97 176 46 7
97 358 1 15
97 533 11 5
97 841 9 6
97 851 15 7
97 892 33 12
97 1118 38 10
98 265 34 4
98 377 8 1
98 604 57 2
98 817 14 11
99 261 1 5
99 679 23 13
99 692 4 4
99 925 57 1
99 1008 15 4
99 1292 47 7
99 1376 47 5
100 615 48 3
100 673 52 7
100 732 5 14
100 1378 18 10
101 342 24 6
101 365 12 9
101 1492 22 11
101 1493 19 5
101 1661 27 14
101 1737 20 6
101 1781 21 2
102 253 42 11
102 339 37 2
102 797 19 6
102 893 20 4
102 920 32 1
102 1500 2 8
103 327 53 12
103 460 51 13
103 666 20 10
103 1057 16 2
103 1311 14 2
103 1432 56 15
104 183 18 9
104 893 34 4
104 1298 39 1
104 1333 55 11
104 1342 48 9
105 584 34 12
105 610 38 7
105 908 26 14
105 944 39 4
106 190 1 2
106 1112 10 15
106 1455 53 3
107 111 1 2
107 497 17 9
107 941 1 5
107 954 44 8
107 1563 17 12
107 1788 3 15
108 238 48 6
108 288 24 1
108 461 43 15
108 648 47 1
109 294 24 3
109 1076 27 7
109 1333 59 10
109 1415 35 4
109 1501 10 7
109 1598 30 14
110 674 50 6
110 1424 15 8
110 1451 43 10
111 1151 54 6
111 1495 17 13
111 1544 55 10
112 362 54 11
112 631 36 9
112 665 49 12
112 678 46 3
112 805 30 15
112 1053 35 2
113 129 12 14
113 217 58 9
113 358 26 6
113 563 3 2
113 908 45 6
113 1572 47 9
114 325 35 4
114 378 11 8
114 616 13 3
114 673 1 6
114 751 59 15
114 820 21 3
114 1203 49 13
114 1807 48 9
115 568 53 14
115 1161 25 14
116 329 52 4
116 400 32 8
116 1136 30 14
116 1153 4 6
116 1178 58 2
116 1188 51 12
116 1384 57 14
116 1511 27 4
117 134 13 9
117 790 8 2
117 795 59 7
118 135 55 9
118 205 57 7
118 320 29 12
118 1381 9 14
118 1477 40 6
118 1642 43 2
119 130 10 1
119 156 26 7
119 724 58 9
119 769 49 6
119 1431 21 14
119 1482 60 15
120 356 27 9
120 464 7 4
120 653 45 2
120 706 55 3
120 1148 32 6
120 1272 53 9
120 1829 37 3
121 177 59 7
121 224 8 4
121 278 9 14
121 401 59 8
121 689 29 1
121 1097 48 8
121 1123 45 7
121 1139 31 1
121 1363 49 5
121 1429 42 7
121 1657 49 8
121 1815 40 9
122 147 54 11
122 911 38 9
122 1280 18 9
122 1282 9 5
122 1317 4 6
122 1704 46 1
123 452 17 2
123 597 2 4
123 653 2 5
123 725 54 13
123 1015 16 9
123 1061 2 4
123 1218 10 12
123 1397 19 14
123 1735 45 9
124 632 19 2
124 872 48 6
125 135 30 6
125 367 42 14
125 830 59 8
126 250 49 13
126 460 26 9
126 837 17 10
126 901 57 5
126 1183 47 5
127 197 17 14
127 788 33 11
127 1074 27 12
127 1224 25 7
127 1389 14 2
127 1627 46 10
128 1133 60 8
128 1620 6 13
128 1759 50 12
128 1789 36 10
129 303 11 12
129 657 50 4
129 772 3 1
129 902 38 11
129 1584 18 1
130 175 32 2
130 714 33 2
130 1041 4 7
130 1129 22 10
130 1477 36 10
130 1559 20 7
131 409 30 6
131 535 8 13
131 582 19 9
131 1337 34 6
131 1555 44 4
132 260 57 2
132 877 21 14
132 1189 60 6
132 1434 1 15
133 134 30 14
133 562 53 7
133 575 47 9
133 1200 60 2
133 1574 15 1
134 645 59 7
134 866 26 3
134 1098 9 1
134 1243 46 14
134 1495 57 8
135 138 6 1
135 159 23 2
135 496 50 5
135 878 1 6
135 1264 50 11
136 680 23 11
136 791 33 2
137 163 5 1
137 762 8 5
137 1183 32 1
137 1289 39 6
137 1602 2 9
137 1675 4 5
138 214 7 13
138 557 5 12
138 923 12 4
138 938 44 8
138 984 29 14
138 1075 25 12
138 1466 11 6
138 1485 57 15
138 1701 17 11
139 483 34 11
139 1035 14 1
140 703 22 7
140 789 40 9
140 1197 44 4
140 1305 37 2
141 510 1 15
141 1224 51 15
141 1646 10 14
142 411 8 14
142 604 15 7
142 1197 5 14
143 1010 36 13
144 774 16 1
144 905 49 12
145 1033 38 10
145 1453 60 6
145 1632 48 1
146 278 32 7
146 339 60 8
146 1034 54 5
146 1671 54 9
147 667 31 15
147 989 54 6
148 231 42 5
148 333 52 12
148 760 60 1
148 881 35 9
148 1328 41 6
148 1453 41 6
149 1229 33 9
149 1496 54 13
149 1509 20 10
150 486 28 13
150 740 33 12
150 862 53 1
150 889 45 14
150 1012 42 9
150 1814 18 7
151 1014 42 4
151 1487 20 8
152 1010 43 10
152 1357 6 2
152 1613 14 12
152 1627 54 3
152 1761 48 5
153 478 13 6
153 963 23 12
153 1661 59 5
154 251 42 3
154 704 33 6
154 759 33 1
154 1201 31 8
154 1820 15 2
154 1827 1 5
155 248 34 12
155 875 33 2
155 1117 39 8
155 1784 29 14
156 323 39 12
156 378 3 3
156 548 51 1
156 1130 20 14
156 1407 24 3
156 1631 49 14
157 1100 35 2
157 1355 42 12
157 1582 43 10
158 527 31 14
158 1496 6 11
158 1543 12 7
159 237 44 15
159 313 15 4
159 1104 13 9
159 1114 40 8
159 1259 25 1
159 1365 48 9
159 1632 9 15
159 1769 23 11
159 1818 23 11
159 1825 9 1
160 295 6 15
160 324 16 11
160 380 29 5
160 469 43 7
160 642 3 5
160 645 28 4
160 1330 9 8
160 1770 59 14
162 283 52 10
162 652 10 8
162 944 5 3
162 1613 37 11
162 1697 13 9
162 1699 2 5
163 288 32 8
163 297 2 11
163 311 57 9
163 455 8 2
163 893 3 8
163 897 59 14
163 1421 40 13
163 1585 38 10
164 526 22 14
164 560 51 9
164 955 58 7
164 1625 44 13
165 178 60 9
165 414 12 2
165 622 58 7
165 662 16 4
165 682 56 15
165 1757 30 2
166 200 14 5
166 1113 40 9
166 1640 39 9
167 748 52 9
167 892 48 5
167 1243 41 7
167 1677 33 7
168 314 18 4
168 603 49 12
168 615 57 11
168 664 13 5
168 1362 56 9
168 1605 3 8
168 1730 30 2
169 275 19 12
169 322 21 8
169 515 30 13
169 1001 41 7
169 1084 28 8
169 1133 25 12
170 834 50 8
170 855 49 10
170 1073 42 6
170 1200 9 2
170 1449 35 8
170 1789 38 8
170 1803 11 14
171 239 29 15
171 612 22 11
171 977 1 13
171 1138 50 10
171 1315 44 3
171 1409 11 3
172 555 54 14
172 1167 1 4
172 1220 12 8
172 1425 22 10
172 1697 37 12
173 404 22 7
173 945 44 12
174 248 42 13
174 275 34 1
174 630 28 10
174 1347 20 4
174 1792 23 3
175 232 58 10
175 294 25 10
175 479 45 7
175 609 23 2
175 1159 39 5
175 1277 42 9
175 1558 54 6
175 1569 22 6
175 1675 16 7
176 443 34 9
176 546 51 14
176 1128 26 8
176 1716 33 5
176 1777 49 6
177 367 16 7
177 532 29 8
177 646 7 7
177 797 57 6
177 826 49 12
177 856 18 6
177 1220 57 11
177 1734 49 6
178 722 41 5
178 772 5 9
178 1064 3 10
178 1082 47 7
178 1109 44 12
178 1323 7 4
178 1633 34 10
179 451 58 3
179 518 30 5
179 529 39 1
179 1043 25 7
179 1164 19 6
180 714 58 15
180 956 43 8
180 1065 56 10
180 1592 56 4
181 603 23 8
181 727 44 11
182 380 57 3
182 915 56 13
182 1215 41 12
182 1372 46 15
182 1471 45 7
182 1527 31 6
183 603 30 11
183 1459 51 12
183 1468 35 6
183 1482 21 4
184 514 36 5
184 1405 31 5
184 1761 40 9
185 281 20 11
185 445 36 14
185 649 38 12
185 776 44 4
185 1672 3 8
185 1803 5 11
186 189 20 2
186 230 53 15
186 647 17 5
186 1060 48 15
186 1591 55 4
187 1296 37 3
187 1539 51 3
188 364 16 8
188 619 53 4
189 321 3 8
189 425 18 4
189 768 35 11
189 1019 56 1
189 1273 21 13
189 1377 19 13
189 1738 55 13
190 433 29 4
190 534 55 3
190 703 49 8
190 873 60 1
191 315 25 1
191 577 44 9
191 760 37 1
191 842 30 6
191 844 10 8
191 914 3 1
191 1245 18 5
191 1295 36 13
191 1811 32 15
192 395 13 14
192 491 46 14
192 949 29 14
192 990 25 9
192 1092 40 6
192 1426 19 11
193 562 32 15
193 664 52 14
193 1026 38 11
193 1078 1 4
193 1434 1 15
193 1743 4 9
194 267 31 15
194 422 11 6
194 535 59 5
194 1400 60 14
195 467 13 14
195 770 38 13
195 971 52 14
195 1179 52 14
196 669 50 11
196 1805 46 6
197 251 16 7
197 731 2 11
198 847 39 6
198 924 45 3
198 1025 46 11
198 1035 30 2
198 1511 40 6
198 1629 49 12
198 1710 18 7
198 1714 46 6
198 1780 58 1
199 311 47 1
199 429 35 14
199 814 27 12
199 1645 46 7
200 225 24 4
200 338 18 8
200 609 26 13
200 830 4 3
200 1182 31 4
200 1375 47 9
200 1548 34 13
200 1627 21 10
200 1668 44 13
200 1673 5 5
200 1744 24 10
200 1777 14 4
201 329 12 1
201 589 14 13
201 736 26 10
201 1353 14 7
202 530 12 8
202 625 45 1
202 627 17 6
202 646 59 2
202 1372 60 3
203 395 7 15
203 474 51 2
203 923 52 11
203 1759 37 13
204 1366 50 10
204 1543 55 3
205 436 51 8
205 457 10 11
205 499 38 4
205 503 37 7
205 655 45 8
205 1488 52 12
205 1548 9 9
206 823 29 1
207 220 40 8
207 803 43 11
207 804 49 5
207 830 49 8
207 994 10 8
207 1059 11 10
207 1180 42 1
207 1193 37 3
208 334 16 6
208 452 12 9
208 819 29 1
208 918 3 10
208 1786 51 15
209 327 12 6
209 563 54 5
209 622 20 5
209 1241 13 5
209 1347 59 13
209 1430 6 7
209 1468 38 12
210 397 39 6
210 643 52 14
210 815 53 12
210 884 46 13
210 1341 39 4
210 1429 39 9
210 1468 10 13
210 1819 35 9
211 258 35 1
211 525 33 9
211 901 49 3
211 1133 16 4
211 1210 53 6
211 1224 34 9
211 1502 2 2
212 477 5 10
212 770 26 4
212 794 59 4
212 1411 33 3
212 1439 25 2
212 1673 30 1
212 1741 5 13
213 235 55 7
213 361 60 1
213 589 50 4
213 836 46 2
213 905 55 8
213 1002 41 5
213 1803 13 13
214 358 26 8
214 1311 28 15
214 1421 34 13
214 1431 44 7
215 637 54 14
215 1163 45 13
215 1319 48 10
215 1447 44 15
215 1680 24 11
216 607 36 9
216 625 39 14
216 1037 37 4
217 311 18 6
217 367 56 8
217 763 16 12
217 1756 12 1
218 759 41 15
218 1378 52 8
219 414 58 13
219 545 42 1
219 827 27 8
219 998 60 4
219 1774 15 7
220 438 11 9
220 871 36 9
220 1503 2 4
220 1604 19 14
221 272 7 13
221 275 53 10
222 424 54 8
222 434 23 3
222 1173 50 4
222 1400 13 9
223 381 35 3
223 1313 7 1
224 230 37 10
224 650 11 8
224 761 5 6
224 1376 6 10
225 439 16 13
225 601 54 12
225 1446 42 3
225 1605 32 9
226 644 16 6
226 690 52 15
226 813 2 12
226 938 51 14
226 1508 53 13
226 1793 5 3
227 541 33 5
227 667 9 8
227 817 44 13
227 1341 19 10
227 1471 34 6
227 1673 49 14
227 1688 30 7
227 1699 8 12
228 244 60 2
228 376 32 4
228 512 25 7
228 777 29 11
228 888 57 14
228 933 32 15
228 1158 25 4
228 1619 17 3
228 1746 7 9
229 387 20 9
229 1267 40 4
229 1294 51 13
229 1375 36 5
230 426 45 9
230 767 53 5
230 1099 5 14
230 1476 37 14
231 480 34 14
231 687 26 6
231 1410 55 4
231 1448 15 12
232 802 25 8
232 1377 24 6
232 1441 6 11
232 1583 1 15
232 1725 5 7
232 1821 47 14
233 404 43 10
233 790 1 10
233 1356 28 15
233 1570 38 8
233 1736 53 7
233 1746 6 5
233 1775 53 6
234 311 50 7
234 798 18 5
234 959 25 15
234 979 3 13
234 1224 10 3
234 1772 2 12
235 346 5 9
235 644 59 8
235 1563 46 3
235 1623 37 13
236 737 19 7
236 822 41 12
236 995 7 6
236 998 34 15
236 1221 24 13
237 800 35 9
237 1212 39 6
237 1419 9 3
238 1197 57 11
238 1305 3 15
238 1426 56 3
238 1445 4 9
238 1665 3 11
238 1723 45 11
239 434 20 3
239 481 18 14
239 821 4 13
239 1049 2 4
239 1218 18 13
239 1349 48 11
239 1373 56 5
239 1432 4 14
239 1520 32 5
239 1669 23 8
240 242 32 13
240 534 23 1
240 1097 7 9
240 1367 28 14
241 548 8 3
241 983 11 5
241 1155 14 7
241 1549 14 5
241 1734 48 4
242 254 25 7
242 1164 48 12
242 1269 33 11
242 1318 56 7
242 1462 35 8
242 1513 45 5
243 265 13 15
243 297 16 5
243 530 20 5
243 837 20 11
243 939 50 11
243 959 7 7
243 969 11 12
243 1114 28 3
243 1459 53 10
243 1464 57 5
244 853 13 6
244 1008 48 3
244 1476 2 15
244 1555 2 15
245 250 6 7
245 279 24 7
245 874 59 4
245 1650 11 1
246 445 9 10
246 618 7 8
246 899 27 3
246 1324 43 7
246 1402 4 9
246 1452 5 14
247 426 2 3
247 577 39 9
247 636 2 6
247 668 60 4
247 726 42 10
247 1590 31 2
247 1681 12 2
248 412 32 2
248 595 6 8
248 875 38 5
248 1565 8 5
248 1742 27 1
248 1807 14 6
249 352 40 6
249 786 9 9
249 951 26 10
249 955 26 5
249 1093 13 6
249 1354 54 7
250 485 49 3
250 610 32 4
250 619 54 11
250 633 35 15
250 658 5 9
250 967 33 4
250 1427 28 1
250 1537 19 15
250 1642 53 13
250 1724 17 12
251 819 51 9
251 924 28 11
251 979 54 8
251 1406 59 1
252 769 42 1
252 875 41 5
252 1352 29 14
252 1397 58 1
253 959 7 6
253 1208 2 10
253 1602 36 10
254 440 39 3
254 651 12 8
254 956 58 6
254 1090 54 7
254 1105 22 13
254 1207 10 11
254 1270 3 2
254 1602 35 11
255 269 33 11
255 486 27 7
255 1487 23 7
255 1580 57 7
256 344 6 10
256 542 43 8
256 640 28 11
256 682 13 9
256 838 43 14
256 1276 41 12
256 1440 46 5
257 537 56 7
257 578 17 3
257 650 15 6
257 989 57 3
257 1100 2 8
257 1583 45 6
257 1600 55 4
257 1661 20 13
258 452 20 6
258 608 58 9
258 697 41 9
258 776 12 9
258 1007 60 9
258 1333 48 13
259 431 44 10
259 1698 40 10
259 1749 31 8
260 1013 55 15
260 1355 58 13
260 1421 29 10
260 1697 24 6
260 1727 5 1
261 630 38 1
261 1125 35 9
261 1392 28 9
261 1720 53 10
261 1812 42 13
262 399 16 1
262 676 53 15
262 947 58 7
262 1318 53 12
263 306 60 2
263 450 35 15
263 533 24 15
263 911 48 11
263 1334 31 13
263 1589 21 4
264 650 26 12
264 661 45 1
264 853 45 8
264 894 40 2
264 1347 1 2
265 764 21 11
265 1196 18 4
265 1310 12 6
265 1430 28 3
266 288 53 15
266 920 20 9
266 1013 47 5
266 1069 19 1
266 1101 59 1
266 1418 51 5
267 627 49 12
267 1685 55 8
267 1810 1 3
268 366 50 10
268 382 8 7
268 1052 30 11
268 1251 32 5
268 1448 6 12
268 1792 21 14
269 381 10 10
269 665 10 14
269 728 41 2
269 1314 31 7
269 1331 23 9
269 1640 35 11
269 1715 41 12
269 1729 23 13
270 298 26 3
270 328 52 11
270 358 6 6
270 478 20 14
270 776 19 6
270 1722 9 6
270 1735 42 5
271 1030 17 11
271 1123 1 3
271 1244 35 6
271 1510 47 2
271 1586 41 12
271 1818 53 15
272 1061 18 12
272 1170 20 14
272 1251 23 1
272 1414 40 3
272 1561 41 4
272 1735 56 1
273 539 28 10
273 826 8 15
273 948 14 6
273 1291 33 6
274 348 41 1
274 735 22 8
274 1118 32 11
274 1303 57 14
274 1756 47 8
275 472 51 3
275 812 11 3
275 851 25 15
275 1181 16 12
275 1330 36 3
276 331 30 1
276 333 44 15
276 391 42 13
276 429 26 3
276 459 39 13
276 626 46 11
276 810 28 11
276 1085 58 5
276 1125 44 6
276 1277 57 2
276 1380 10 7
277 375 6 5
277 1596 25 5
278 335 42 7
278 694 18 3
278 1644 25 12
278 1822 48 14
279 295 53 6
279 385 20 10
279 1037 35 13
279 1311 8 3
279 1468 39 12
280 526 49 11
280 864 25 2
280 875 21 1
280 1195 40 2
280 1332 48 12
280 1391 9 5
281 601 21 3
281 796 18 3
281 808 55 1
281 953 7 13
281 1116 8 1
281 1290 9 14
282 803 32 3
282 1214 21 11
282 1378 14 15
282 1475 23 8
282 1643 40 1
282 1672 42 15
282 1778 51 15
284 975 33 4
284 1030 16 8
284 1048 22 8
284 1071 49 8
284 1383 10 2
284 1401 41 2
285 1258 48 15
285 1527 28 12
285 1694 22 9
286 293 33 5
286 1027 7 14
286 1231 45 11
286 1294 8 3
287 462 11 13
287 509 19 14
287 756 17 7
287 1467 12 2
287 1561 23 12
287 1611 47 8
287 1768 31 7
288 301 44 7
288 374 31 8
288 472 26 15
288 800 37 6
288 947 17 13
288 1043 26 14
288 1073 44 13
288 1459 33 9
288 1646 9 9
289 403 48 8
289 586 35 12
289 924 52 6
290 532 48 14
290 896 45 1
290 1012 21 14
290 1050 10 4
290 1607 32 6
290 1655 19 4
290 1659 46 12
291 804 13 12
291 1147 25 5
292 511 13 6
292 555 15 12
292 997 55 10
292 1356 7 6
292 1424 35 6
293 620 21 3
293 758 24 13
293 912 25 4
293 1053 22 9
293 1428 32 14
293 1455 55 9
293 1571 29 14
293 1576 23 8
293 1703 11 7
295 547 7 9
295 866 17 6
295 958 11 8
295 1022 12 9
295 1205 3 1
295 1384 16 6
295 1406 47 14
295 1498 54 5
296 879 12 2
296 1101 19 8
296 1518 20 5
297 322 53 2
297 1026 42 2
297 1111 57 8
297 1151 5 9
297 1621 46 6
297 1809 35 7
298 1360 54 13
298 1662 14 8
298 1682 51 1
298 1709 26 15
299 320 42 7
299 506 28 6
299 549 46 1
299 1092 45 13
299 1809 9 8
300 587 24 13
300 614 25 4
300 685 47 7
300 735 15 3
300 863 14 15
300 1554 4 9
300 1561 57 15
300 1720 36 14
301 325 47 3
301 339 29 1
301 743 12 2
301 841 32 9
301 991 18 14
301 1603 32 9
301 1671 24 9
302 356 33 10
302 418 7 12
302 485 45 13
302 822 40 1
302 987 19 7
302 1067 7 1
302 1217 31 1
302 1626 39 10
302 1790 13 14
303 333 19 8
303 360 41 14
303 649 40 8
303 1426 31 9
304 824 36 13
304 998 5 9
304 1139 56 3
304 1593 46 6
305 344 2 4
305 693 8 4
305 864 48 5
305 904 46 3
305 914 26 1
305 1416 10 12
305 1442 24 9
305 1447 45 9
305 1497 36 8
306 508 1 14
306 605 52 9
306 1165 27 1
306 1475 24 10
306 1660 5 12
307 430 38 9
307 537 7 10
307 702 47 10
307 754 35 1
307 862 53 14
307 1114 53 10
307 1363 19 10
307 1407 11 8
307 1623 48 6
308 400 15 12
308 948 28 9
308 1259 59 12
308 1448 31 6
308 1495 37 5
309 909 27 10
309 1538 2 14
310 652 53 3
310 1035 56 13
310 1145 6 1
310 1256 25 10
310 1301 53 3
310 1311 14 11
312 553 31 1
312 1620 53 12
312 1658 40 5
312 1746 41 9
312 1815 50 14
313 329 8 4
313 1187 35 3
313 1494 30 2
313 1623 23 2
313 1804 60 5
314 391 16 13
314 1054 53 1
314 1558 14 14
314 1711 32 5
314 1749 22 3
315 356 41 3
315 649 53 12
315 1808 44 9
316 453 39 11
316 689 54 13
316 874 45 13
316 1290 25 11
316 1355 20 15
316 1591 51 11
316 1804 34 1
317 882 50 6
317 910 17 13
317 1351 7 12
317 1368 50 9
318 481 20 13
318 799 56 15
318 841 3 15
318 1629 37 8
319 1383 22 6
319 1692 7 4
319 1763 60 2
319 1789 29 3
320 512 20 10
320 654 47 12
320 1082 26 8
320 1585 2 7
321 634 51 5
321 814 8 13
321 1412 10 7
321 1453 48 5
321 1600 49 6
321 1674 56 2
322 333 28 12
322 614 37 2
322 725 24 12
322 1173 31 11
322 1352 20 4
322 1401 46 4
322 1722 8 15
322 1734 47 8
323 338 40 3
323 971 16 5
323 1381 51 8
323 1814 31 1
324 1141 22 12
324 1506 46 9
324 1794 27 7
325 417 32 13
325 725 26 5
325 923 11 11
325 1238 21 5
326 1234 27 4
326 1644 16 8
327 331 20 12
327 826 48 4
327 882 4 15
327 892 22 11
327 955 50 10
327 957 58 7
327 1183 17 1
327 1295 55 13
327 1681 6 10
327 1801 36 6
328 465 19 11
328 1082 41 1
328 1158 7 12
328 1195 7 6
328 1694 51 13
329 510 10 2
329 1337 53 1
329 1559 44 4
329 1577 2 2
329 1737 9 11
329 1825 38 12
330 349 19 3
330 1436 14 5
330 1655 40 11
331 460 28 5
331 1341 8 14
331 1350 2 4
331 1413 3 2
331 1636 24 13
331 1741 16 1
331 1800 27 5
332 1249 29 1
332 1449 5 10
332 1482 55 13
332 1568 44 1
332 1607 4 9
332 1823 44 15
333 1048 32 7
333 1244 1 13
333 1324 30 12
333 1539 15 8
333 1629 34 1
333 1639 36 11
333 1733 56 13
334 644 15 13
334 685 49 10
334 816 23 7
334 844 48 4
334 1364 26 15
335 400 15 2
335 486 53 5
335 1475 37 4
336 645 13 14
336 922 21 2
336 1099 11 6
336 1210 3 2
336 1286 42 1
336 1444 21 7
336 1765 33 12
337 570 32 15
337 1211 22 3
337 1379 1 11
338 1504 33 5
338 1615 34 3
339 1194 30 2
339 1316 38 13
340 528 26 5
340 594 20 3
340 651 60 5
340 695 28 3
340 788 22 4
340 820 58 13
340 1110 16 13
340 1195 1 12
341 415 30 15
341 644 49 13
341 814 37 7
341 1165 13 1
341 1423 57 9
341 1506 1 11
341 1802 9 3
342 1314 1 12
342 1615 53 5
342 1734 8 4
343 530 4 11
343 560 12 7
343 640 46 8
343 844 5 12
343 975 43 5
343 980 17 10
343 1783 49 15
344 749 4 15
344 1039 42 8
344 1122 4 6
344 1276 5 8
344 1308 57 1
344 1315 5 13
344 1600 56 13
344 1747 53 14
344 1772 21 8
345 356 17 12
345 766 56 2
345 1184 36 13
345 1400 43 11
346 390 13 5
346 410 16 7
346 688 21 11
346 914 60 6
346 941 30 5
346 1126 31 9
346 1297 18 10
347 360 19 14
347 412 20 1
347 684 32 15
347 699 29 3
347 1437 44 14
348 488 14 6
348 498 10 11
348 592 2 8
348 909 16 13
348 1157 11 1
349 656 51 2
349 1209 32 1
349 1326 33 3
349 1360 22 15
349 1739 41 1
350 446 45 7
350 511 10 12
350 638 31 13
350 761 47 13
350 815 48 9
350 849 2 2
350 1231 19 7
350 1342 49 1
350 1384 49 2
350 1502 30 12
350 1748 19 10
351 707 56 10
351 862 56 7
351 1140 31 7
351 1210 50 15
351 1236 19 5
351 1307 4 2
352 516 31 4
352 578 38 3
352 858 38 2
352 1166 51 14
352 1210 18 6
352 1740 50 6
353 382 21 12
353 1295 21 11
353 1641 35 3
353 1691 56 3
354 482 2 4
354 712 44 7
354 958 52 15
354 987 35 5
354 1097 29 7
354 1121 12 14
354 1180 7 9
354 1197 36 10
354 1491 60 5
355 803 31 9
355 1220 29 8
355 1325 37 2
355 1746 15 3
356 540 2 5
356 586 13 3
356 714 40 14
356 727 53 14
356 1117 33 10
357 1059 37 4
357 1240 53 9
357 1798 31 1
358 500 33 2
358 724 38 13
358 1094 58 9
358 1279 43 5
358 1444 2 1
359 1484 7 15
360 835 14 2
360 1119 45 15
361 740 34 12
361 968 40 1
361 1691 6 7
361 1795 48 15
362 493 58 2
362 851 31 2
362 1112 16 14
362 1370 49 6
362 1823 57 3
363 473 18 2
363 1331 53 1
363 1782 16 14
364 564 8 5
364 589 1 15
364 858 16 9
364 915 55 13
365 454 57 2
365 484 22 1
365 893 45 11
365 1394 23 10
365 1416 3 2
365 1420 38 12
365 1441 37 6
365 1451 28 6
365 1485 50 11
365 1798 36 5
366 1574 44 12
366 1760 29 9
366 1789 36 4
367 449 2 15
367 649 3 15
367 1137 34 13
367 1147 35 13
367 1509 34 9
368 501 32 3
368 510 44 9
368 788 49 14
368 834 36 11
368 1473 7 15
368 1518 25 7
368 1548 5 10
368 1716 13 2
368 1750 11 2
368 1760 15 15
369 440 41 13
369 935 7 11
369 1263 45 12
369 1387 32 4
369 1399 9 6
369 1400 12 10
369 1510 53 11
370 1066 1 7
370 1210 49 5
370 1427 52 15
370 1530 42 7
370 1643 4 15
371 998 13 4
371 1046 52 3
371 1191 30 5
372 545 1 1
372 1026 31 13
372 1150 41 12
372 1412 50 1
373 435 58 6
373 672 7 6
373 1180 34 6
373 1314 50 9
373 1524 42 8
373 1709 11 10
374 748 22 5
374 932 53 4
374 1034 16 15
374 1554 49 13
374 1580 43 15
375 520 45 14
375 679 14 12
375 978 13 4
375 1737 35 6
376 1062 2 12
376 1174 29 4
376 1276 10 5
377 648 17 8
377 1008 56 10
378 881 36 14
378 1297 15 15
378 1326 15 14
378 1504 41 10
378 1542 19 11
378 1571 16 14
378 1640 55 10
379 803 43 6
379 921 27 6
379 1080 52 7
379 1759 54 12
380 523 48 1
380 1062 40 3
380 1124 29 9
380 1215 23 6
380 1468 10 12
380 1600 24 11
381 683 15 15
381 836 10 12
381 953 55 10
381 1183 14 1
381 1192 54 6
381 1209 25 7
381 1222 21 14
381 1322 9 15
381 1669 58 3
382 463 25 6
382 501 25 13
382 616 53 8
382 1068 22 9
382 1439 49 13
382 1579 5 13
383 431 38 13
383 747 49 6
383 1338 58 9
383 1706 20 11
384 550 4 13
384 656 12 2
384 917 25 15
384 1564 48 12
385 451 26 9
385 529 15 13
385 533 8 6
385 615 7 9
385 924 38 14
385 986 28 2
385 1053 28 14
385 1338 5 10
385 1358 4 13
385 1751 46 13
385 1821 24 2
386 539 9 10
386 621 40 4
386 796 16 2
386 947 54 14
386 966 40 8
386 1207 18 5
386 1660 33 8
387 900 39 2
387 1496 50 6
387 1606 33 1
387 1636 60 14
387 1669 22 8
388 447 56 13
388 604 60 5
388 752 16 13
388 786 13 11
388 982 37 13
388 1072 22 9
388 1664 60 2
389 613 17 12
389 1732 17 3
389 1783 34 11
390 477 20 13
390 484 47 12
390 515 23 5
390 835 7 1
390 1775 32 3
390 1828 48 4
391 566 44 10
391 746 2 1
391 907 19 11
391 924 28 14
391 1048 28 1
391 1376 43 15
392 561 50 9
392 807 45 2
392 1131 20 6
392 1686 32 8
393 522 20 9
393 775 47 4
393 1530 20 10
393 1631 47 11
393 1702 35 13
395 402 10 15
395 550 52 9
395 557 4 5
395 618 6 11
395 1299 20 10
395 1311 12 12
395 1563 23 3
395 1632 55 2
395 1792 10 5
396 480 30 15
396 833 51 9
396 1128 49 5
396 1750 49 7
397 445 42 8
397 487 41 14
397 1565 4 8
397 1604 3 7
398 593 58 15
398 675 51 6
398 690 37 13
398 940 49 15
399 637 18 2
399 654 57 2
400 871 33 6
400 896 53 1
400 959 49 1
400 971 13 10
400 1050 57 15
400 1422 33 3
400 1708 45 12
400 1753 27 4
401 748 45 14
401 920 40 8
402 545 12 12
402 1513 33 10
402 1610 7 7
402 1663 18 4
403 609 6 2
403 738 19 15
403 1036 25 3
403 1247 21 10
403 1387 49 1
403 1753 49 5
404 428 18 3
404 472 42 3
404 1570 14 7
404 1603 2 4
404 1707 19 3
405 946 15 15
405 1144 55 7
405 1305 28 1
405 1475 24 2
405 1590 28 1
405 1815 5 2
406 666 32 2
406 1336 30 6
406 1376 45 10
406 1397 46 12
406 1656 22 13
407 636 60 13
407 959 2 4
407 1219 54 12
407 1566 22 11
407 1682 48 12
407 1782 9 7
408 569 17 5
408 772 20 6
408 781 60 3
408 1153 47 7
408 1672 28 12
409 806 55 8
409 974 29 1
409 1165 7 1
409 1243 58 10
409 1274 10 10
409 1306 15 13
409 1713 42 11
410 459 58 7
410 800 6 10
410 1009 58 1
410 1391 22 4
411 551 30 9
411 566 47 9
411 590 4 12
411 675 42 5
411 1022 12 3
411 1346 37 4
411 1361 35 6
411 1613 49 10
412 509 30 12
412 1432 32 8
412 1642 21 12
413 679 26 6
413 1082 13 12
413 1217 6 4
413 1273 57 8
413 1748 17 12
413 1785 29 7
415 416 38 14
415 742 53 13
415 782 2 2
415 921 48 9
415 1425 52 4
415 1453 50 13
415 1558 25 14
416 428 46 10
416 487 32 6
416 1060 36 15
416 1213 34 9
417 514 31 7
417 1127 14 4
417 1282 26 2
417 1575 7 5
418 443 23 9
418 685 39 2
418 771 2 4
418 1656 29 4
419 482 48 7
419 965 21 14
419 979 60 7
419 1116 16 6
419 1261 1 13
420 1370 27 3
420 1510 56 14
421 464 3 7
421 750 38 14
421 778 19 1
421 787 41 1
421 907 3 7
421 1220 7 15
421 1485 11 15
421 1628 11 15
422 698 54 10
422 1086 21 8
422 1160 51 8
422 1300 14 7
422 1462 39 9
423 611 46 12
423 790 8 13
423 811 24 13
423 925 35 9
423 1649 51 11
423 1730 44 5
424 710 30 11
424 791 51 4
424 812 4 10
424 1140 43 13
424 1488 9 2
424 1579 22 13
425 637 20 1
425 826 17 2
425 848 15 9
425 1100 59 12
425 1819 22 8
426 856 41 13
426 1619 1 3
426 1798 34 14
427 713 22 9
428 719 36 6
429 914 29 7
429 1569 59 12
430 548 32 2
430 581 39 11
430 652 5 11
430 940 27 11
430 1065 11 15
430 1527 25 9
430 1700 21 9
431 807 44 3
431 1281 47 15
431 1571 9 12
432 589 42 6
432 880 26 13
432 1606 47 12
433 1437 3 4
434 523 26 14
434 581 45 5
434 942 32 6
434 965 56 3
434 1136 42 2
434 1392 1 15
435 634 34 10
435 804 54 13
435 1061 58 11
435 1605 35 4
435 1813 54 6
436 754 31 11
436 788 16 15
436 1257 29 2
437 768 55 7
437 915 36 9
437 1390 50 14
438 1400 3 13
438 1556 50 15
438 1697 49 4
438 1762 31 4
439 1000 26 6
439 1082 48 15
439 1493 41 1
439 1767 11 4
440 700 37 12
441 552 8 15
441 944 44 15
441 1263 45 6
441 1384 58 12
441 1500 32 3
441 1524 2 12
442 569 10 3
442 966 42 15
442 1206 35 3
443 626 49 2
443 722 41 7
443 1145 23 1
443 1194 29 13
443 1351 23 14
443 1441 36 10
443 1482 60 15
443 1597 2 3
443 1736 14 1
444 1604 52 5
444 1729 39 8
445 963 9 10
445 1156 60 11
445 1244 23 11
445 1254 26 12
445 1454 46 13
445 1510 1 11
445 1552 23 13
446 476 19 13
446 637 54 15
446 756 28 2
446 1784 39 10
447 515 18 14
447 972 4 13
447 1141 45 11
448 727 56 7
448 817 35 5
448 1315 58 9
448 1599 60 6
449 1016 10 9
449 1198 31 7
449 1283 25 13
449 1399 34 1
449 1744 34 7
449 1786 17 2
450 522 13 7
451 494 35 14
451 591 22 4
451 1101 47 6
451 1309 53 14
451 1393 6 3
451 1680 21 2
452 1684 1 13
453 1348 32 10
453 1499 7 10
453 1759 6 2
454 939 33 14
454 1316 19 14
454 1570 27 9
454 1701 27 8
454 1802 18 15
455 579 35 10
455 730 16 12
455 948 15 4
455 972 48 2
455 1312 59 14
455 1368 26 2
455 1413 26 13
455 1601 2 1
456 658 4 8
456 851 14 5
456 1030 42 6
457 693 58 6
457 700 8 8
457 857 40 11
457 956 41 11
457 1505 58 12
457 1507 21 3
457 1633 46 11
457 1672 47 2
458 772 11 14
458 1117 22 5
458 1126 52 11
458 1170 32 1
458 1664 27 4
458 1816 20 6
459 578 10 8
459 600 16 2
459 620 9 3
459 1451 19 3
459 1492 32 14
459 1602 18 14
460 694 29 7
460 850 54 8
460 933 41 15
460 976 54 3
460 1171 30 13
460 1667 2 4
460 1828 7 2
461 724 45 7
461 725 20 12
461 1110 18 10
461 1665 9 1
462 690 6 5
462 798 34 8
462 1148 25 15
462 1668 22 4
462 1803 14 13
463 783 29 1
463 882 53 7
463 925 7 14
463 1660 43 11
463 1675 34 7
464 740 30 13
464 1659 35 4
465 863 2 11
465 888 37 15
465 1704 22 5
466 798 22 5
467 1218 31 1
467 1494 29 9
467 1582 41 10
467 1823 23 2
468 709 7 15
468 844 46 15
468 1412 48 5
468 1467 36 7
468 1489 30 14
468 1585 15 7
468 1605 59 10
468 1646 49 14
469 486 4 3
469 562 57 9
469 616 48 5
469 754 12 13
469 1173 3 3
469 1247 2 8
469 1286 21 14
469 1564 26 10
470 785 35 2
470 1449 20 13
470 1451 44 13
470 1645 38 7
471 498 5 6
471 1460 43 15
471 1573 47 3
472 622 40 8
472 1123 2 1
472 1181 34 1
472 1283 43 7
472 1719 41 7
473 541 5 2
473 835 13 8
473 915 13 6
473 1249 29 9
473 1465 43 12
474 1023 8 8
474 1042 2 12
474 1312 19 11
474 1357 34 5
474 1431 6 14
474 1488 48 1
474 1745 51 7
475 1637 40 10
475 1786 8 14
476 988 43 6
476 1131 44 10
476 1387 18 15
476 1592 38 10
476 1750 54 14
477 588 17 12
477 1369 50 13
478 738 45 7
478 746 13 4
478 747 34 7
478 807 60 2
478 982 40 6
478 1096 38 15
479 513 48 9
480 505 18 8
480 595 35 4
480 757 18 3
480 1043 17 10
480 1152 59 12
480 1274 51 6
480 1439 21 10
480 1461 13 14
480 1478 58 9
480 1653 25 2
481 559 1 1
481 872 33 15
481 1229 37 11
482 1481 37 4
482 1571 9 8
482 1599 29 7
483 489 60 8
483 900 13 9
483 990 56 2
483 1317 3 13
483 1432 43 4
484 1268 52 10
485 745 18 13
486 1720 14 1
487 602 60 1
487 609 57 8
487 769 58 8
487 851 22 1
487 862 14 6
487 966 27 11
487 1010 55 12
487 1130 18 2
487 1352 23 14
487 1356 12 6
487 1620 25 2
488 631 11 3
488 860 31 2
488 979 57 2
488 1822 19 5
489 870 1 3
489 1249 1 5
489 1252 37 15
489 1551 27 14
489 1553 51 10
489 1685 12 2
489 1776 19 15
490 529 36 8
490 576 46 9
490 825 38 13
490 898 6 10
490 1280 11 12
490 1531 10 1
491 647 13 12
491 1414 56 6
492 766 46 12
492 1092 43 13
492 1142 12 4
492 1697 31 5
493 812 16 14
493 1278 58 12
493 1405 11 1
493 1443 13 9
494 995 20 8
494 1345 27 6
494 1350 54 13
494 1478 46 10
494 1539 19 10
494 1737 41 7
495 854 10 1
495 1012 24 4
495 1112 14 13
495 1391 48 15
496 993 6 13
496 1168 6 10
496 1614 14 11
496 1689 14 3
496 1698 3 7
496 1828 29 15
497 952 46 11
497 1038 54 2
497 1324 48 5
497 1591 43 2
497 1672 57 11
498 894 40 7
498 1123 43 2
498 1295 25 15
498 1425 22 11
498 1471 42 8
499 698 13 13
499 1066 56 12
499 1294 15 12
499 1589 14 14
499 1685 60 3
500 562 46 9
500 656 55 8
500 754 23 2
500 1088 25 1
500 1196 37 2
500 1451 15 7
500 1486 39 11
501 661 21 4
501 992 34 9
501 1093 59 2
501 1342 43 11
501 1565 15 6
501 1568 5 9
501 1676 38 13
501 1714 50 1
502 533 28 11
502 1150 13 12
503 1766 42 9
503 1826 7 12
504 541 60 2
504 547 35 12
504 584 59 13
504 794 24 4
504 1048 43 2
504 1114 42 9
504 1129 45 12
504 1423 58 13
505 603 4 3
505 716 43 15
505 1380 9 15
505 1499 48 2
506 1020 40 8
506 1182 44 13
506 1810 20 9
507 509 30 14
507 1687 51 7
508 533 6 3
508 574 3 3
508 813 49 11
508 826 58 12
508 985 59 9
508 1052 44 12
508 1101 10 13
508 1396 18 13
508 1436 25 14
508 1487 34 1
509 545 47 5
509 602 56 1
509 1230 46 9
509 1298 24 7
509 1478 27 2
510 729 44 10
510 1270 41 6
511 587 55 9
511 708 20 12
511 861 57 9
511 953 25 13
511 1150 38 9
511 1449 3 5
511 1536 51 11
511 1702 22 5
511 1781 39 6
512 810 49 15
512 1042 47 10
512 1184 1 2
512 1511 39 7
513 650 18 9
513 699 19 12
513 759 8 14
513 778 31 14
513 922 10 13
513 1167 43 5
513 1403 36 7
513 1594 38 12
513 1690 5 12
513 1757 43 8
514 1248 5 10
514 1357 46 9
514 1742 24 7
515 593 30 4
515 608 31 3
515 698 34 13
515 834 26 13
516 764 35 12
516 1066 49 9
516 1091 23 13
516 1256 30 12
516 1438 8 13
516 1543 27 7
517 781 60 9
517 955 3 15
517 1065 18 11
517 1323 12 2
517 1629 39 2
518 566 3 2
518 980 45 4
518 1311 40 8
518 1509 16 5
519 543 49 8
519 607 52 12
519 1027 29 5
519 1793 59 5
520 781 42 11
520 784 52 1
520 1386 22 10
520 1493 12 1
520 1665 59 3
520 1763 28 13
521 610 29 5
521 920 12 15
521 1139 38 1
521 1175 8 8
521 1261 37 6
521 1296 36 13
521 1481 5 9
521 1517 44 9
521 1692 51 8
522 524 50 5
522 584 37 12
522 830 16 3
522 1021 17 5
522 1419 24 10
522 1697 40 14
523 876 22 6
523 912 8 3
523 1316 55 9
523 1623 38 10
523 1753 32 12
524 632 5 15
524 1123 8 3
524 1376 5 4
524 1798 27 13
525 638 6 3
525 663 40 7
525 751 20 7
525 1133 28 15
525 1447 22 10
525 1525 29 2
526 1076 21 14
526 1246 2 3
527 1288 33 3
527 1425 21 15
528 620 10 5
528 899 5 13
528 1034 57 7
529 600 53 6
529 858 60 8
529 1196 50 2
529 1656 42 9
530 1069 23 6
530 1083 41 11
530 1250 39 5
530 1450 33 2
530 1479 38 15
531 565 10 4
531 823 13 12
531 1197 4 2
531 1611 55 1
532 1368 29 9
532 1813 56 10
533 599 36 7
533 788 54 10
533 984 8 4
533 1491 36 6
533 1525 36 4
533 1576 31 12
533 1829 47 6
534 977 4 2
534 1049 42 2
534 1547 33 14
534 1550 12 10
534 1746 59 9
535 1254 57 2
536 595 54 7
536 606 48 4
536 733 38 2
536 1066 17 6
537 872 29 9
537 996 30 2
537 1244 45 11
537 1513 37 5
537 1535 28 6
537 1585 35 13
537 1775 49 7
538 659 45 13
538 1081 55 4
538 1087 49 1
539 869 42 8
539 900 5 4
539 936 4 11
539 1300 12 8
539 1527 5 8
539 1563 11 12
540 763 28 2
540 1546 29 14
540 1651 10 4
540 1667 25 10
541 796 12 12
541 873 50 15
541 909 8 10
541 1331 12 11
541 1573 41 10
541 1581 6 5
541 1591 44 3
542 623 31 4
542 722 8 14
542 1783 58 6
543 776 8 9
543 788 27 15
543 850 14 12
543 1476 7 9
543 1514 22 12
543 1522 22 8
543 1592 33 2
544 590 25 1
544 898 2 11
544 988 23 2
544 1830 45 15
545 599 15 11
545 789 28 12
545 858 32 2
545 1051 10 14
545 1256 12 3
545 1335 34 15
545 1526 42 12
545 1703 38 15
546 644 5 14
546 1002 6 2
546 1309 49 10
546 1409 7 3
546 1554 33 6
546 1699 9 9
547 1018 41 12
547 1218 10 6
547 1826 39 7
548 579 60 9
548 881 4 6
548 1412 21 10
549 890 17 9
549 1239 28 5
549 1464 43 8
549 1547 6 2
549 1790 22 12
550 815 15 7
550 863 41 11
550 936 5 7
550 1777 41 15
550 1829 10 3
551 685 22 14
551 727 2 6
551 757 8 1
551 984 54 8
551 1021 49 3
551 1727 55 7
552 1106 43 7
552 1653 50 10
552 1821 14 3
553 966 56 10
553 988 25 15
553 1196 58 3
553 1713 59 4
553 1772 21 3
554 744 57 7
554 1319 11 12
555 837 5 11
555 1410 1 1
555 1618 28 11
555 1727 13 11
555 1823 14 3
556 873 28 13
556 1121 13 12
556 1186 19 14
556 1602 43 12
557 994 6 2
557 1098 54 6
557 1617 26 11
557 1804 20 8
558 869 4 12
558 1051 49 3
558 1127 6 10
558 1434 46 1
558 1698 46 4
559 967 13 15
559 1601 19 9
559 1698 24 15
560 1077 55 9
560 1486 44 15
560 1520 29 1
560 1584 15 9
560 1592 14 12
561 1799 21 15
562 708 34 12
562 1013 36 10
562 1128 48 10
562 1488 11 10
562 1610 28 15
563 865 23 9
564 730 27 12
564 1038 39 7
564 1268 38 2
564 1581 21 5
565 722 26 10
565 1132 45 12
565 1519 42 9
565 1592 32 10
566 1346 28 13
566 1534 25 11
566 1595 42 8
566 1654 32 9
567 611 22 11
567 1185 9 13
568 593 34 13
568 733 19 10
568 870 39 10
569 886 24 13
569 1615 55 5
569 1617 16 4
569 1787 29 4
569 1817 44 5
570 1105 33 11
570 1324 28 9
570 1335 54 13
570 1750 40 14
571 589 58 8
571 700 18 12
571 701 19 4
571 1333 3 3
571 1675 29 9
572 947 11 5
572 971 37 5
572 1055 47 1
572 1145 11 13
572 1615 1 2
574 634 7 13
574 783 19 13
574 1331 1 13
574 1464 26 13
575 910 17 8
575 1031 4 1
575 1287 33 15
576 596 44 13
576 622 20 14
576 1219 6 5
576 1261 22 10
576 1282 28 7
576 1481 60 15
576 1678 55 12
577 755 60 5
577 792 5 7
577 1448 51 5
577 1497 17 2
577 1743 19 4
577 1812 19 11
578 1245 49 12
578 1390 8 11
578 1421 51 11
578 1798 1 2
578 1801 9 14
578 1811 33 1
579 762 7 4
579 769 37 6
579 794 16 13
579 1016 8 12
579 1019 29 4
579 1204 49 12
579 1238 5 4
579 1390 24 11
579 1543 3 12
580 841 25 15
580 952 10 1
580 991 2 15
580 1763 52 12
580 1803 52 11
581 708 15 3
581 746 35 13
581 904 4 15
581 1050 23 7
581 1434 35 7
582 638 25 8
582 762 51 4
582 1013 20 2
582 1051 32 2
582 1287 12 2
582 1514 20 3
582 1573 39 11
583 1264 5 4
583 1349 24 9
584 1466 27 1
584 1654 34 10
585 822 55 11
585 930 4 8
585 1218 45 12
585 1359 47 1
585 1700 9 2
586 646 34 15
586 835 3 15
586 845 49 6
586 1022 32 7
586 1312 3 2
586 1415 23 6
586 1482 4 3
586 1598 22 1
586 1666 43 9
586 1811 12 3
587 730 45 15
587 1362 4 7
587 1416 54 9
587 1627 37 1
588 927 42 14
588 1362 22 8
589 614 55 6
589 632 33 5
589 684 58 6
589 1753 37 8
589 1779 58 13
590 626 30 11
590 956 48 7
590 1787 13 1
591 663 23 6
591 664 29 5
591 905 28 9
591 910 37 7
591 1092 21 15
591 1107 58 15
591 1225 56 10
591 1234 18 3
591 1291 36 4
591 1569 29 3
591 1611 1 1
592 634 59 11
592 1236 46 9
593 735 43 9
593 1053 42 10
594 983 31 6
594 1071 25 2
594 1281 16 2
594 1827 58 14
595 837 7 12
595 1293 11 3
595 1403 54 2
597 608 18 15
597 1038 3 14
597 1102 13 6
597 1180 2 12
597 1215 23 15
597 1292 37 5
598 631 27 6
598 767 21 3
598 974 55 4
598 1289 19 7
598 1358 30 15
598 1386 14 1
598 1548 15 7
598 1769 56 3
599 689 21 13
599 907 16 4
600 900 18 10
600 1065 60 7
600 1093 54 9
600 1270 29 2
600 1333 24 12
601 852 30 12
601 967 48 3
601 1377 28 15
601 1497 58 1
601 1600 20 10
601 1737 13 7
601 1758 40 14
602 785 22 13
602 960 23 7
603 758 43 14
603 1059 3 3
603 1342 25 7
603 1492 46 6
603 1520 16 2
604 901 13 13
604 1107 22 6
604 1361 14 3
604 1442 54 4
604 1506 47 5
604 1629 11 14
605 790 56 10
605 894 14 12
605 1413 50 5
605 1458 29 10
605 1733 50 4
606 747 51 3
606 875 54 13
606 955 57 12
606 1430 58 5
607 678 17 8
607 994 11 14
607 1125 41 3
607 1279 2 15
607 1576 57 11
608 775 42 12
608 1158 19 5
608 1434 5 13
608 1634 32 7
608 1698 6 9
609 613 29 14
609 723 18 13
609 944 53 6
609 1031 26 6
609 1463 15 3
610 1125 27 14
610 1553 34 6
611 743 23 7
611 884 37 10
611 979 31 10
611 1191 1 6
611 1253 49 15
612 670 21 5
612 708 5 10
612 1176 57 10
613 1111 38 12
613 1401 13 1
613 1491 41 14
613 1699 21 14
613 1718 27 8
614 910 54 10
614 1008 18 15
614 1161 50 14
614 1273 36 7
614 1554 42 13
615 701 29 8
615 771 5 5
615 970 20 2
615 1155 51 5
615 1597 7 4
615 1708 54 13
616 831 45 12
616 1047 35 9
616 1069 4 4
617 1531 14 13
617 1773 55 1
618 633 59 13
618 934 25 9
618 1314 60 11
618 1398 21 15
618 1493 52 9
618 1741 35 6
618 1769 25 14
618 1790 17 11
619 974 58 15
619 1308 59 5
619 1628 33 5
619 1820 24 13
620 789 23 8
620 880 43 10
620 918 54 6
620 1319 25 3
620 1515 28 2
620 1516 4 10
620 1775 57 2
621 1633 16 2
621 1764 40 5
621 1804 44 13
622 685 59 9
622 1472 41 1
623 1068 29 8
623 1392 44 8
623 1568 3 9
624 637 44 11
624 1097 60 7
624 1237 49 11
624 1315 9 13
624 1463 49 7
624 1485 12 2
624 1818 44 15
625 768 33 10
625 1201 48 1
625 1721 52 10
626 660 12 12
626 692 54 15
626 900 36 7
626 1298 37 15
626 1686 57 15
626 1757 2 11
627 1444 30 12
627 1586 19 14
628 1199 40 6
628 1569 28 3
628 1679 46 4
629 726 46 12
629 1142 18 7
629 1672 55 11
629 1690 39 2
629 1708 20 2
629 1770 27 11
630 726 18 2
630 854 49 14
630 1243 29 2
631 991 25 7
631 1235 29 14
631 1369 52 13
632 1078 31 15
632 1681 44 15
633 669 26 12
633 796 37 11
633 813 28 9
633 1000 19 14
633 1132 17 6
633 1199 51 14
633 1302 10 3
633 1375 1 3
633 1468 50 1
633 1656 54 9
633 1785 58 3
634 908 43 11
634 1246 11 5
634 1408 11 11
634 1463 51 13
634 1827 16 5
635 792 60 9
635 934 55 9
635 1540 4 6
636 738 52 2
636 957 1 8
636 1192 32 5
637 1471 42 5
637 1792 20 11
638 1141 9 5
638 1261 29 4
639 1268 40 7
639 1486 27 2
639 1758 23 6
640 1124 49 3
640 1164 35 8
640 1315 30 9
641 929 28 3
641 1133 11 3
641 1156 58 9
642 870 46 1
642 926 32 13
642 1209 41 13
642 1529 58 3
643 746 47 9
643 797 29 6
643 1025 58 1
643 1504 37 2
644 677 3 9
644 692 11 7
644 1042 42 6
644 1547 49 13
645 1060 35 13
645 1111 42 15
645 1414 26 14
646 1026 27 3
646 1223 59 8
646 1324 17 5
646 1340 4 15
646 1621 24 4
646 1724 55 4
647 695 47 12
647 1627 5 7
648 1263 29 3
648 1640 39 6
648 1827 44 14
649 836 28 8
649 892 24 1
649 943 38 9
649 1742 20 11
649 1829 46 14
650 1625 21 9
650 1661 50 8
651 1292 30 6
651 1477 11 14
652 938 57 14
652 1009 8 15
652 1123 11 13
652 1705 37 10
653 1051 20 6
653 1447 1 2
653 1451 25 2
653 1548 51 7
653 1577 30 1
654 1250 39 12
654 1664 32 11
655 1065 8 1
656 708 1 14
657 735 33 6
657 887 35 5
657 1578 17 13
658 771 34 6
658 1130 47 6
658 1366 60 5
658 1724 46 14
659 759 48 7
659 853 45 6
659 952 18 11
659 1480 13 1
660 943 45 12
660 1807 19 6
661 809 54 8
661 975 2 3
661 1189 1 2
662 1189 13 11
662 1502 46 8
662 1663 35 3
662 1808 45 13
663 763 28 6
663 1305 19 4
663 1795 11 11
664 953 30 1
664 1111 7 13
664 1186 42 9
664 1243 4 6
664 1450 24 12
664 1640 20 10
664 1667 55 9
664 1816 48 3
665 803 57 12
665 1051 9 3
665 1503 25 4
666 1471 58 9
666 1830 2 9
667 1104 27 2
667 1315 34 14
667 1596 9 8
668 1001 14 5
668 1266 52 9
669 898 6 1
669 1060 9 8
669 1069 15 4
669 1448 46 3
669 1477 28 14
670 724 56 12
670 1309 58 9
670 1501 30 13
670 1535 29 14
671 699 41 5
671 1201 33 11
671 1295 59 11
671 1465 51 9
672 1491 5 14
672 1518 56 9
673 755 19 14
673 1015 51 11
673 1759 24 3
674 817 14 7
674 1553 31 9
674 1638 40 9
674 1673 52 5
674 1678 47 5
674 1803 30 7
675 1202 1 1
675 1652 2 14
675 1681 26 8
675 1745 23 2
675 1751 37 13
676 880 56 13
676 1019 52 6
676 1148 54 1
676 1765 53 2
677 1052 36 12
677 1771 3 11
678 1184 37 3
678 1283 48 8
678 1306 42 11
679 948 1 10
679 962 23 14
679 1709 37 10
679 1720 42 6
679 1825 2 15
680 787 16 10
680 933 31 9
680 1265 32 2
680 1817 50 2
681 691 52 4
681 785 2 7
681 1656 18 12
682 967 4 3
682 1397 2 13
682 1432 51 9
682 1518 13 15
682 1606 40 5
683 1127 39 8
683 1230 30 4
683 1314 12 2
683 1523 17 13
684 768 41 11
684 902 4 4
684 1019 58 6
684 1238 43 7
684 1627 45 5
684 1802 52 15
685 689 21 1
685 959 28 10
685 969 31 2
685 1324 51 15
685 1514 41 3
685 1608 32 9
685 1752 46 10
686 1012 11 4
686 1325 47 9
686 1702 50 10
686 1786 20 6
686 1791 38 9
687 706 9 6
687 1090 3 10
687 1283 7 10
687 1461 51 3
687 1799 24 6
688 1515 3 9
689 1314 4 9
689 1356 53 12
689 1628 46 3
689 1716 2 6
689 1723 43 12
690 820 37 10
690 1166 20 5
691 824 23 7
691 1167 43 14
691 1619 33 10
692 942 13 6
692 1627 47 13
693 1642 17 15
694 884 48 3
694 1461 20 1
694 1526 24 1
694 1624 41 3
695 1034 2 14
695 1410 11 5
696 1144 50 10
696 1164 21 4
696 1456 30 11
697 1253 59 14
697 1339 18 13
697 1402 30 12
698 715 49 5
698 822 15 6
698 1139 30 8
698 1454 17 13
698 1807 29 15
699 720 6 12
699 754 35 1
699 1118 9 5
699 1246 17 9
699 1698 8 9
700 1037 24 3
700 1141 52 3
700 1289 11 8
700 1699 47 5
701 737 8 15
701 1012 47 1
701 1421 28 5
702 941 60 11
702 1278 55 7
702 1780 32 10
703 1184 41 4
703 1407 34 5
703 1446 34 15
704 876 35 15
704 897 60 1
704 943 32 6
704 987 47 10
704 1626 21 4
704 1644 56 11
704 1794 24 4
705 835 43 7
705 943 14 8
705 964 19 5
705 1144 35 6
705 1166 58 3
705 1467 53 11
706 1299 60 12
706 1470 5 5
707 1009 12 1
707 1247 34 5
707 1309 56 13
707 1318 57 9
708 780 47 11
708 879 7 4
708 977 4 1
708 1186 27 14
708 1295 28 7
709 723 4 15
709 850 10 5
709 1265 45 10
709 1607 5 3
709 1608 16 11
709 1685 35 7
710 920 25 2
710 1607 46 2
711 875 19 12
712 790 47 7
712 854 15 3
712 1509 17 7
712 1564 5 3
713 928 34 1
713 997 46 15
713 1072 39 15
713 1735 52 14
714 827 59 4
714 1081 15 5
714 1410 59 3
714 1552 3 2
715 942 34 7
715 1066 22 6
715 1224 53 10
716 996 8 2
716 1168 8 3
716 1777 14 15
717 880 21 6
717 1336 32 11
718 1063 41 10
718 1286 39 4
719 797 46 7
719 993 6 9
719 1072 23 12
719 1225 9 9
719 1586 60 7
720 857 16 10
720 1061 51 13
720 1465 23 10
720 1782 28 5
721 816 12 3
721 855 47 9
721 868 12 14
721 1088 40 13
721 1284 21 5
721 1643 35 13
721 1773 10 3
721 1814 3 15
722 852 41 12
722 1072 43 9
722 1126 25 3
722 1278 57 6
722 1428 25 10
722 1446 30 13
722 1580 22 4
723 1157 18 4
723 1693 14 13
724 915 12 14
724 995 42 2
724 1131 34 1
724 1552 20 2
724 1570 5 5
724 1644 30 12
725 866 44 3
725 938 54 6
725 1775 26 3
726 886 19 4
726 1399 25 15
726 1530 40 15
727 1167 44 2
727 1564 27 10
728 1001 32 4
729 861 3 7
729 1008 18 13
729 1124 21 5
729 1316 48 3
729 1640 55 13
730 889 5 2
730 924 6 11
730 982 32 3
730 1400 22 14
731 762 26 13
731 927 42 4
731 1256 41 13
731 1722 43 10
732 1021 23 12
732 1502 8 9
733 1081 23 11
733 1644 28 8
733 1739 25 1
734 788 31 7
734 943 39 11
735 1324 4 7
735 1623 59 7
735 1689 44 6
736 757 23 14
736 1169 23 8
736 1396 44 15
736 1438 36 15
737 746 22 2
737 787 41 7
737 1054 43 6
737 1633 49 3
737 1808 56 13
738 764 4 4
738 1064 8 14
738 1074 21 15
739 1028 6 3
739 1035 60 8
740 901 22 3
740 944 20 12
740 1395 20 9
741 800 5 5
741 1001 29 5
741 1014 39 8
741 1335 6 9
741 1433 53 1
741 1652 17 3
741 1744 49 3
742 963 16 5
742 1086 52 8
742 1595 40 1
742 1653 29 12
743 1091 15 10
743 1275 50 7
743 1785 39 15
743 1786 35 1
744 980 53 8
744 1391 5 13
744 1692 19 14
745 985 11 13
745 1022 47 9
746 893 1 5
746 1141 45 8
746 1148 39 2
746 1340 56 2
746 1490 58 13
746 1825 35 3
747 1107 17 14
747 1745 18 3
748 798 34 2
748 1298 8 14
749 1185 2 1
749 1261 11 11
749 1273 16 4
750 908 40 6
751 915 2 14
751 991 16 5
751 1246 13 3
751 1427 1 1
751 1531 21 3
752 1826 5 4
753 1418 2 14
754 984 20 12
754 1026 44 7
754 1131 43 4
754 1579 58 14
754 1644 25 6
755 1138 36 9
756 775 22 14
756 961 22 14
756 1003 21 8
756 1170 1 7
756 1662 2 14
757 1045 50 7
757 1127 24 15
757 1568 56 1
757 1713 26 15
757 1768 3 13
758 1468 50 5
759 1058 1 8
759 1113 59 13
759 1126 48 7
759 1162 36 15
759 1759 3 10
760 874 14 7
760 1100 15 15
760 1305 56 5
760 1631 49 6
761 1029 58 15
761 1435 20 15
762 1477 16 15
762 1618 1 9
763 1310 24 10
763 1677 40 13
764 1185 14 4
764 1588 5 9
765 1038 13 5
765 1564 24 7
765 1676 22 4
766 1026 26 6
766 1069 34 4
766 1237 29 2
766 1255 49 2
766 1579 21 3
767 937 6 2
767 1209 11 4
767 1602 27 13
767 1815 58 11
768 1069 10 7
768 1485 22 7
768 1768 37 11
769 873 49 3
769 933 39 6
769 1227 1 1
770 944 20 3
770 1116 28 7
770 1264 50 11
770 1359 14 11
770 1751 15 7
771 870 38 3
771 1437 20 9
772 927 25 9
772 1195 8 15
772 1378 16 7
772 1380 47 13
773 871 25 13
773 915 56 4
773 1144 41 2
773 1428 54 15
773 1649 7 2
773 1789 46 1
774 863 43 5
774 879 9 5
774 971 46 1
775 1514 26 14
775 1543 50 6
775 1686 5 4
776 1008 29 8
776 1069 44 9
776 1270 37 10
776 1583 10 9
776 1807 9 1
777 1348 19 9
777 1494 44 2
777 1764 18 2
778 1307 35 5
779 975 11 7
779 1062 32 15
779 1255 40 14
779 1453 55 14
780 926 47 4
780 1058 31 2
780 1345 35 6
780 1739 17 8
781 791 15 7
781 912 36 6
782 1606 22 6
782 1790 3 3
783 865 27 11
783 1126 11 10
783 1157 24 5
783 1489 16 8
784 996 27 6
785 1026 6 12
785 1380 11 1
786 815 45 4
786 894 53 1
786 1486 48 14
787 970 43 13
787 1028 50 14
787 1106 19 1
787 1828 17 2
788 956 40 4
788 1435 7 9
788 1636 33 5
788 1766 42 14
789 811 26 5
789 1047 4 5
789 1434 24 3
789 1789 49 2
790 1009 27 12
790 1581 20 10
791 1370 29 7
792 1030 3 2
792 1031 51 6
792 1427 47 1
792 1461 24 1
792 1583 54 2
793 884 39 10
793 1276 42 13
794 1354 13 9
795 1302 2 15
796 979 37 2
796 1799 34 10
797 811 28 4
797 1703 5 11
798 1225 50 5
798 1432 38 3
798 1436 35 5
798 1781 12 8
799 1487 37 2
799 1668 33 7
800 1140 14 7
800 1621 24 15
801 1456 31 3
801 1556 3 9
802 937 58 4
802 1331 44 8
802 1667 7 1
802 1719 40 15
803 924 48 14
803 936 43 4
803 1024 56 4
803 1403 41 6
803 1602 57 9
803 1787 10 7
804 857 52 10
804 1095 43 8
804 1344 15 12
805 1159 56 15
805 1162 2 8
805 1246 49 9
805 1490 23 7
805 1499 44 15
806 1002 25 11
806 1397 52 13
806 1430 10 12
806 1629 33 7
807 895 54 11
807 946 40 7
807 1383 12 13
808 1374 8 9
809 937 29 1
809 1068 47 8
809 1188 3 13
809 1217 42 5
810 1088 49 5
810 1728 13 4
811 1464 31 9
811 1600 59 9
812 1002 23 15
812 1401 27 13
813 1055 2 12
813 1466 40 6
813 1740 23 4
814 1051 13 12
814 1166 47 15
814 1520 51 6
814 1705 47 13
814 1749 14 12
815 1483 40 2
815 1808 27 6
815 1823 26 1
816 1383 15 5
816 1394 54 11
816 1412 17 7
816 1463 30 4
817 1081 23 13
817 1280 53 12
817 1505 49 13
817 1743 57 15
818 819 8 12
818 1119 57 3
818 1373 51 12
819 1118 28 12
819 1215 59 1
819 1285 28 7
819 1410 23 15
819 1565 51 15
819 1596 16 2
819 1656 2 12
820 917 60 11
820 1083 50 10
820 1170 35 5
820 1304 17 10
820 1563 21 3
822 1051 55 5
822 1059 48 2
822 1082 2 1
822 1468 12 14
822 1508 11 2
822 1563 33 11
822 1659 47 11
823 979 6 5
823 1009 32 9
823 1427 25 14
823 1507 29 13
823 1698 19 4
823 1707 36 10
825 914 57 11
825 1076 44 15
825 1584 22 10
826 985 12 7
827 1087 39 10
827 1542 31 7
827 1749 32 9
829 1045 37 15
829 1578 22 5
829 1660 43 6
830 1625 57 14
831 1088 17 2
832 848 29 1
832 922 22 3
832 1155 22 1
833 1086 47 13
833 1099 38 3
833 1305 53 9
833 1540 35 7
834 1068 24 14
834 1748 4 10
834 1755 51 6
835 1550 4 1
835 1618 60 4
836 854 20 3
836 1000 45 6
836 1223 59 9
836 1572 22 13
837 1469 9 9
837 1574 19 8
838 846 23 15
838 1425 4 14
839 1102 52 9
839 1375 15 9
839 1451 44 6
839 1636 6 3
840 1127 19 6
840 1223 9 2
840 1372 17 15
840 1491 18 13
841 980 60 11
841 1189 59 2
841 1618 15 3
841 1626 24 11
842 1024 48 11
842 1162 17 9
842 1231 6 7
842 1262 26 9
842 1590 34 3
842 1678 58 5
843 893 16 9
843 1254 58 11
843 1743 15 10
844 1079 55 6
844 1122 24 11
844 1252 51 1
844 1305 2 14
844 1793 17 10
845 1223 34 4
845 1502 55 9
845 1645 2 9
845 1761 22 14
846 937 34 8
847 1005 11 14
847 1107 44 5
847 1272 47 11
847 1554 14 8
848 861 7 14
848 1331 31 2
848 1346 29 10
848 1362 60 11
849 1074 45 12
849 1118 47 13
849 1248 7 4
850 955 38 13
850 1214 2 2
850 1294 15 11
850 1363 31 12
851 1070 55 3
851 1106 43 14
851 1653 16 14
852 1215 17 5
852 1658 35 5
853 881 45 9
853 1032 11 14
853 1100 22 6
853 1150 54 15
853 1197 18 12
853 1431 28 5
853 1616 16 11
854 931 36 11
854 1074 33 3
854 1173 30 12
854 1309 34 11
854 1434 52 5
854 1664 20 13
854 1794 23 12
855 1118 28 10
855 1230 25 9
855 1505 47 14
856 1704 14 1
857 1031 8 14
857 1134 32 8
857 1196 7 7
857 1227 54 4
857 1341 11 11
858 1251 25 8
858 1487 12 14
858 1658 14 14
858 1671 5 6
859 1301 20 8
859 1526 34 8
860 1250 7 11
860 1680 34 3
860 1709 35 9
860 1716 13 4
861 1626 7 7
861 1665 40 6
862 1321 39 12
862 1331 46 10
864 1702 29 9
864 1747 21 10
864 1795 7 6
864 1824 23 12
866 883 28 12
866 959 44 13
866 1116 9 7
866 1240 12 7
866 1354 34 6
866 1830 52 12
867 1301 43 2
867 1616 32 9
868 961 20 1
868 1212 38 10
868 1245 21 14
868 1368 13 4
868 1753 2 15
869 893 14 5
869 1252 29 4
869 1464 17 9
869 1716 29 10
870 919 15 4
870 1249 44 4
870 1313 57 4
870 1353 29 5
871 1258 30 2
871 1603 51 11
872 1004 39 2
872 1245 28 9
873 1140 24 3
873 1556 4 4
874 979 32 11
874 1116 39 10
874 1348 6 7
874 1628 1 7
875 1102 28 7
875 1132 33 10
875 1499 53 6
876 1120 45 2
876 1133 7 5
876 1566 9 12
877 918 36 11
877 1139 52 7
877 1307 9 6
878 1209 15 6
878 1308 11 10
878 1372 60 12
878 1441 22 13
878 1505 7 2
879 1478 38 14
879 1489 57 13
879 1692 23 15
880 1013 28 5
880 1039 13 8
880 1113 40 10
880 1442 12 11
881 918 6 4
881 1098 43 10
881 1813 30 11
882 1241 46 13
882 1457 52 5
882 1503 45 5
883 934 11 7
883 1096 56 9
883 1165 22 7
884 1330 52 2
884 1719 12 2
885 933 16 9
885 971 31 12
886 1025 56 5
886 1051 1 7
886 1250 58 3
886 1510 20 5
887 1156 58 13
887 1168 19 7
887 1385 49 15
887 1606 5 5
888 994 28 15
888 1027 31 1
888 1383 8 12
888 1667 33 7
889 1496 38 12
889 1746 52 1
890 975 32 14
890 1073 8 6
890 1116 26 3
890 1258 56 13
890 1384 23 2
891 1328 30 1
891 1702 3 5
892 1100 45 4
892 1122 26 6
892 1230 23 14
892 1392 60 5
892 1416 60 8
892 1819 55 14
893 1143 29 4
893 1153 48 3
893 1311 12 5
893 1408 24 1
894 1024 24 3
894 1175 11 15
895 1412 42 14
896 1554 9 3
897 1175 44 13
897 1181 34 13
897 1233 32 7
897 1383 13 14
898 1247 37 8
898 1536 25 2
899 1073 6 10
899 1369 20 4
900 1292 25 3
900 1484 20 3
900 1652 30 1
900 1664 46 14
901 1263 45 12
901 1758 54 15
901 1781 16 6
902 924 8 5
902 1337 42 9
902 1353 30 5
903 1039 27 3
903 1247 30 9
903 1438 42 3
904 1283 42 8
904 1631 7 12
904 1826 42 6
905 909 8 2
905 1080 33 7
906 1319 21 7
906 1469 30 11
906 1817 25 15
907 1507 27 6
907 1588 51 14
907 1825 2 7
908 947 11 1
908 1140 36 12
908 1411 50 4
909 1349 23 1
909 1440 43 6
910 1460 13 1
910 1544 14 2
911 1159 60 2
911 1211 11 15
911 1375 41 8
912 944 48 11
912 1002 43 2
912 1703 55 7
913 997 45 3
914 933 37 5
914 1012 32 4
914 1140 40 14
914 1306 49 9
914 1355 51 6
914 1581 53 7
914 1619 55 1
914 1701 46 4
915 1022 27 8
915 1309 41 11
915 1414 35 11
916 1261 30 5
916 1383 59 2
916 1618 4 1
917 1027 40 11
917 1311 59 3
917 1673 39 2
918 1136 26 4
918 1204 22 10
918 1314 1 7
918 1495 25 9
919 1436 20 12
919 1685 43 9
920 1585 31 13
920 1592 27 4
920 1759 38 15
921 1348 12 5
921 1542 58 6
921 1764 13 13
921 1830 29 4
922 1353 12 13
922 1746 31 14
923 1151 12 11
923 1177 22 8
923 1185 59 3
923 1350 40 2
924 934 16 15
924 1095 13 14
924 1177 30 2
924 1299 10 8
924 1499 23 10
925 1236 54 15
925 1607 49 3
926 943 32 10
926 982 52 10
926 1493 17 13
926 1499 29 6
926 1641 18 15
926 1769 13 12
926 1793 51 3
927 1370 10 8
928 1181 28 9
929 1104 52 9
929 1376 48 9
930 1016 29 9
930 1634 32 14
930 1725 42 1
930 1732 19 10
931 1450 6 1
931 1551 50 9
931 1555 10 3
931 1729 2 11
931 1790 38 11
932 1466 56 4
932 1586 23 10
932 1681 26 10
933 1184 36 9
934 1738 35 14
935 1167 21 7
935 1383 35 5
935 1737 19 11
936 1493 51 10
937 1256 22 1
937 1705 10 13
937 1731 23 2
937 1749 11 7
938 1637 39 3
938 1686 51 15
939 1016 29 2
940 960 59 11
940 1008 8 2
940 1596 18 4
940 1654 54 14
940 1655 26 13
940 1764 4 14
941 1243 2 8
942 983 44 10
943 946 1 15
943 961 14 1
944 1378 24 3
944 1540 35 13
945 1136 5 11
945 1188 21 11
945 1407 57 13
945 1804 54 9
946 1201 43 6
946 1279 22 8
946 1801 28 12
947 1224 44 15
948 1318 5 2
948 1328 36 6
948 1762 15 8
949 1154 49 13
949 1334 11 7
949 1505 60 11
949 1620 49 4
951 1312 44 3
951 1569 18 5
952 1190 8 5
952 1584 36 4
952 1663 10 13
953 1576 40 4
953 1610 28 11
954 1283 42 8
954 1620 49 6
954 1710 58 11
955 1256 9 7
955 1268 54 13
955 1277 19 12
956 1009 45 8
956 1050 59 4
956 1390 21 9
956 1725 18 9
956 1732 38 14
957 1445 51 8
958 1348 32 2
959 1569 37 13
960 1229 31 11
960 1561 20 2
960 1759 45 15
961 1149 54 12
962 1051 26 5
962 1670 46 8
962 1733 47 3
963 1029 60 15
963 1246 22 5
963 1276 60 11
963 1720 27 8
964 1243 24 8
964 1731 7 12
965 1007 47 4
965 1132 26 2
965 1744 33 7
965 1794 60 12
966 1687 56 13
966 1720 4 10
966 1751 33 2
967 1020 40 7
967 1327 8 6
968 971 13 2
968 1100 18 6
968 1402 27 1
968 1408 34 12
968 1477 29 15
968 1639 35 7
968 1774 10 7
969 972 8 10
969 1016 36 7
969 1039 38 13
969 1162 14 1
969 1332 11 5
969 1781 28 8
970 1032 33 13
970 1312 6 13
970 1727 42 12
971 991 10 7
971 1510 20 12
971 1584 59 15
971 1818 16 12
972 1017 49 1
972 1824 13 7
973 1297 5 9
973 1357 8 10
973 1435 26 15
973 1481 20 1
974 1122 26 8
974 1236 4 3
974 1384 14 11
974 1578 60 2
975 1533 30 13
976 1016 22 3
976 1530 55 9
978 1157 17 2
978 1421 38 6
978 1820 36 8
979 1007 6 9
979 1207 32 7
981 1321 12 12
981 1661 1 1
982 1047 60 8
982 1314 39 9
982 1730 18 2
983 1054 53 2
983 1094 40 5
983 1275 7 2
983 1459 38 3
983 1723 5 2
984 1744 53 8
985 1140 49 7
985 1624 28 11
985 1631 43 8
986 1023 34 7
986 1072 4 6
986 1530 57 14
986 1692 27 1
987 1323 59 4
987 1368 55 14
987 1403 33 14
987 1787 11 2
987 1808 38 1
987 1812 5 8
988 1332 58 12
988 1828 31 12
989 1020 50 3
989 1218 16 2
989 1411 49 14
989 1661 10 15
990 1030 26 7
990 1178 42 15
990 1355 38 13
990 1811 39 5
991 1548 12 5
991 1792 27 3
992 1129 17 4
993 1184 21 11
993 1358 31 13
993 1547 42 9
994 1075 18 3
994 1366 2 9
994 1481 37 1
995 1140 52 2
995 1376 49 12
995 1381 15 5
995 1416 22 5
996 1399 5 11
997 1136 46 13
997 1490 33 12
998 1079 58 13
998 1424 42 6
998 1610 23 5
999 1138 38 10
999 1191 39 15
999 1322 3 8
999 1432 42 3
1000 1018 19 4
1000 1267 45 12
1000 1380 4 14
1000 1423 15 1
1000 1783 44 13
1001 1291 13 12
1001 1318 13 14
1001 1415 40 1
1002 1049 54 5
1002 1521 35 1
1002 1638 60 7
1002 1646 38 11
1003 1275 14 9
1004 1409 5 1
1004 1439 3 14
1005 1425 7 3
1006 1197 55 13
1006 1588 60 9
1006 1677 17 3
1007 1062 11 13
1007 1197 42 5
1007 1200 46 8
1007 1253 54 8
1007 1532 35 14
1008 1456 50 12
1008 1729 4 4
1009 1331 26 13
1009 1345 22 14
1010 1284 60 11
1011 1353 29 9
1011 1640 17 8
1013 1412 49 8
1014 1404 60 10
1014 1437 58 3
1015 1150 43 11
1015 1329 43 6
1015 1395 24 9
1015 1438 51 4
1015 1534 51 11
1015 1578 44 1
1016 1548 31 10
1016 1576 42 15
1016 1645 23 8
1017 1614 28 2
1018 1032 32 12
1018 1055 51 7
1018 1425 38 7
1019 1031 22 9
1019 1728 57 14
1019 1797 18 5
1020 1021 25 10
1020 1792 49 4
1021 1134 30 3
1021 1492 3 5
1022 1090 18 1
1022 1238 6 1
1022 1450 43 7
1022 1511 56 10
1022 1583 3 7
1023 1484 39 5
1024 1366 15 14
1024 1382 53 1
1025 1134 30 13
1025 1399 27 13
1025 1460 54 9
1025 1672 34 8
1025 1737 57 7
1026 1251 59 12
1026 1563 36 5
1026 1719 60 12
1027 1227 14 5
1028 1767 2 15
1030 1155 8 12
1030 1469 56 11
1030 1518 50 7
1030 1676 30 4
1031 1384 18 12
1031 1396 49 9
1031 1626 20 5
1031 1689 19 2
1032 1802 11 9
1032 1826 10 12
1033 1173 47 12
1033 1411 11 3
1034 1549 32 1
1035 1423 7 7
1037 1568 56 4
1038 1343 16 9
1038 1468 2 8
1038 1695 31 3
1039 1504 28 15
1040 1248 53 3
1040 1776 10 7
1042 1222 58 6
1042 1287 26 7
1043 1254 53 7
1043 1656 2 12
1044 1273 38 10
1044 1299 11 7
1044 1304 14 3
1045 1244 39 4
1045 1395 19 8
1045 1663 43 9
1046 1660 44 9
1046 1674 59 2
1047 1149 30 1
1047 1325 22 8
1047 1649 24 14
1047 1677 44 8
1047 1760 44 5
1048 1708 1 13
1049 1196 45 9
1049 1622 8 15
1050 1062 50 10
1050 1240 56 14
1051 1619 47 7
1053 1653 52 14
1054 1332 35 9
1054 1345 52 2
1054 1632 23 4
1054 1701 21 5
1055 1099 8 14
1055 1419 11 15
1055 1497 12 4
1055 1537 25 15
1055 1770 6 6
1055 1772 32 5
1056 1123 25 1
1056 1184 34 6
1056 1633 22 11
1057 1178 59 1
1057 1311 29 2
1057 1357 14 12
1058 1121 25 7
1058 1167 59 4
1058 1282 39 14
1058 1302 2 2
1059 1323 6 9
1059 1494 43 3
1059 1553 33 15
1060 1306 1 13
1061 1818 30 14
1062 1201 44 1
1062 1224 53 13
1062 1757 9 2
1062 1812 46 2
1064 1085 12 6
1064 1606 27 5
1064 1734 46 14
1065 1440 53 1
1066 1457 16 15
1066 1495 13 11
1066 1635 32 2
1066 1707 48 7
1067 1143 49 5
1067 1584 4 8
1067 1624 57 2
1067 1719 45 2
1070 1329 17 14
1070 1491 21 6
1070 1539 44 4
1070 1597 6 1
1072 1184 55 2
1072 1323 45 11
1072 1762 17 14
1072 1765 55 9
1073 1182 14 12
1073 1372 36 9
1073 1706 7 3
1073 1715 54 2
1074 1268 30 1
1074 1330 1 3
1074 1359 21 11
1075 1287 24 4
1075 1365 55 14
1075 1426 20 5
1076 1553 29 3
1077 1380 60 14
1077 1492 48 9
1077 1783 5 14
1078 1746 59 14
1078 1830 41 14
1080 1121 14 7
1080 1175 47 2
1080 1327 57 3
1080 1342 50 11
1080 1401 23 6
1080 1537 5 4
1080 1697 52 11
1080 1825 1 13
1081 1208 36 11
1082 1391 30 10
1082 1440 56 5
1083 1457 43 7
1084 1259 10 5
1084 1524 29 6
1084 1561 3 9
1084 1737 5 6
1085 1489 42 7
1085 1573 48 6
1085 1782 55 1
1086 1130 49 6
1086 1353 6 10
1087 1650 6 6
1088 1353 51 6
1088 1640 43 12
1089 1305 53 1
1090 1572 27 11
1091 1409 57 6
1091 1551 56 12
1092 1194 46 3
1092 1420 27 5
1092 1596 31 13
1093 1385 16 13
1093 1443 42 13
1093 1632 5 7
1094 1127 35 1
1094 1268 29 5
1095 1339 1 15
1095 1543 20 14
1095 1549 28 3
1095 1732 39 13
1095 1780 31 8
1097 1277 9 11
1097 1701 16 13
1099 1387 33 7
1099 1432 57 8
1099 1700 54 5
1099 1827 7 5
1100 1483 20 2
1101 1318 43 15
1101 1581 37 8
1101 1599 6 10
1101 1610 35 11
1102 1200 17 6
1102 1247 47 3
1102 1469 42 8
1102 1636 18 10
1102 1826 44 13
1103 1206 42 1
1103 1668 50 2
1104 1567 28 3
1106 1132 45 12
1106 1495 58 9
1106 1497 51 15
1107 1593 10 13
1108 1110 22 3
1109 1427 22 5
1109 1661 33 3
1109 1719 31 1
1110 1147 33 15
1110 1718 58 1
1111 1690 2 9
1111 1727 21 8
1112 1370 29 2
1112 1593 34 15
1113 1600 29 1
1114 1781 15 6
1114 1813 40 1
1115 1135 43 3
1115 1147 1 3
1115 1561 53 6
1115 1747 57 2
1116 1211 60 1
1116 1236 45 6
1116 1461 50 8
1117 1591 43 14
1117 1651 29 11
1117 1745 35 6
1118 1308 35 8
1118 1755 23 11
1118 1802 47 4
1120 1385 24 15
1121 1370 35 6
1121 1382 39 9
1121 1680 10 6
1121 1791 50 15
1122 1304 13 11
1122 1568 10 12
1124 1337 19 4
1124 1519 48 6
1124 1612 55 6
1124 1764 28 1
1125 1527 59 9
1125 1583 6 12
1125 1818 11 6
1126 1499 16 1
1126 1575 53 4
1127 1254 20 2
1127 1456 16 2
1127 1546 18 8
1128 1286 30 5
1128 1786 4 5
1130 1502 2 4
1130 1575 57 12
1130 1625 29 9
1130 1686 3 9
1130 1818 8 15
1131 1276 42 8
1131 1286 39 2
1132 1164 11 4
1132 1520 22 1
1132 1753 1 13
1133 1684 28 14
1134 1309 16 3
1134 1550 58 2
1135 1156 50 6
1135 1607 7 10
1135 1823 22 3
1136 1512 32 15
1137 1693 26 12
1139 1393 53 5
1140 1654 51 12
1140 1681 58 9
1140 1766 13 8
1141 1160 2 7
1141 1655 28 9
1141 1804 34 1
1142 1195 20 12
1143 1189 25 11
1144 1178 23 5
1144 1543 23 7
1145 1354 16 12
1145 1432 23 12
1145 1526 15 6
1145 1795 15 8
1146 1267 41 15
1146 1328 34 1
1146 1729 39 14
1146 1807 57 1
1148 1357 60 9
1148 1387 6 1
1148 1392 29 7
1148 1731 13 13
1149 1223 21 9
1149 1529 33 7
1149 1762 22 7
1150 1418 57 8
1150 1543 60 3
1150 1547 21 7
1150 1669 19 2
1150 1733 12 15
1151 1302 6 15
1151 1413 36 9
1151 1526 26 8
1151 1571 19 10
1152 1178 12 11
1152 1646 28 13
1152 1776 52 9
1154 1422 18 7
1154 1450 15 10
1156 1649 38 1
1157 1159 27 4
1157 1160 37 9
1157 1169 16 2
1157 1327 23 5
1157 1596 24 13
1158 1335 54 13
1158 1650 34 7
1159 1419 11 9
1159 1427 43 9
1159 1710 13 10
1160 1204 17 11
1160 1237 18 2
1160 1374 42 9
1160 1658 1 7
1161 1199 10 9
1162 1668 10 10
1162 1759 36 7
1163 1200 26 15
1163 1226 60 4
1163 1499 60 6
1163 1519 8 13
1163 1528 51 8
1163 1629 2 2
1164 1522 3 13
1165 1198 26 10
1165 1351 48 1
1165 1412 42 11
1166 1215 56 12
1166 1381 23 15
1166 1745 43 2
1167 1414 58 15
1167 1490 35 11
1167 1767 38 1
1169 1257 50 4
1169 1414 5 3
1169 1420 40 2
1169 1649 37 10
1170 1362 41 15
1171 1494 21 14
1171 1519 13 10
1172 1349 31 7
1172 1601 20 6
1172 1634 27 7
1172 1661 44 6
1172 1674 12 8
1174 1579 59 12
1174 1743 31 4
1174 1744 17 14
1174 1752 42 11
1175 1440 14 15
1175 1541 18 10
1175 1636 32 1
1175 1649 12 4
1176 1352 33 9
1176 1421 6 12
1177 1487 30 2
1178 1259 24 6
1178 1271 13 13
1179 1534 32 3
1180 1357 17 10
1180 1440 48 12
1180 1743 1 1
1180 1816 19 4
1181 1670 58 7
1182 1438 40 1
1183 1270 59 4
1183 1428 16 5
1183 1742 55 13
1184 1685 56 1
1184 1707 53 14
1185 1189 48 8
1185 1232 51 3
1185 1793 6 13
1187 1327 29 7
1187 1371 38 5
1187 1761 36 2
1187 1791 43 11
1187 1803 53 3
1188 1538 22 4
1189 1276 12 1
1189 1606 40 10
1189 1731 41 10
1190 1709 45 11
1191 1633 57 4
1192 1401 3 3
1192 1705 48 15
1192 1715 60 5
1193 1402 9 7
1193 1469 46 14
1194 1471 4 8
1194 1646 21 15
1194 1737 6 9
1195 1507 24 2
1195 1734 9 4
1196 1221 46 9
1196 1433 22 5
1196 1803 34 3
1198 1687 18 5
1199 1219 29 3
1199 1232 52 2
1199 1571 1 11
1200 1328 56 11
1200 1416 41 15
1200 1492 30 3
1200 1711 52 14
1201 1402 8 7
1201 1453 25 3
1202 1352 7 11
1202 1407 48 13
1202 1711 38 13
1202 1716 14 14
1203 1213 27 4
1203 1432 22 9
1204 1344 9 4
1204 1544 24 2
1206 1383 16 13
1207 1402 3 5
1207 1471 58 10
1208 1325 32 6
1209 1406 36 13
1209 1776 19 4
1210 1309 34 15
1210 1559 29 12
1211 1380 43 11
1211 1484 3 12
1211 1500 54 12
1211 1564 11 2
1212 1540 34 7
1212 1784 26 7
1213 1279 40 1
1214 1232 28 5
1215 1326 31 15
1215 1359 16 9
1216 1673 4 6
1216 1702 25 2
1216 1772 37 14
1217 1462 22 4
1217 1478 16 13
1218 1774 11 2
1219 1454 1 7
1219 1632 36 10
1220 1246 2 14
1220 1482 52 12
1222 1322 10 10
1222 1455 34 8
1222 1672 34 12
1223 1512 23 14
1224 1264 13 2
1224 1624 40 2
1224 1806 31 2
1225 1359 21 15
1225 1383 36 12
1225 1810 52 12
1226 1360 5 12
1227 1661 5 5
1228 1230 4 10
1228 1255 34 11
1228 1786 25 8
1229 1309 44 13
1230 1246 42 8
1230 1709 22 10
1231 1243 60 3
1232 1423 34 3
1232 1751 19 14
1232 1796 53 6
1233 1405 12 14
1233 1655 24 14
1233 1665 36 3
1233 1768 31 6
1233 1815 33 10
1234 1560 44 15
1235 1356 30 5
1235 1359 3 6
1235 1765 7 7
1235 1770 6 7
1236 1453 29 6
1237 1469 35 2
1237 1720 5 4
1238 1378 48 9
1238 1441 19 12
1238 1608 35 4
1238 1742 56 6
1239 1263 40 13
1239 1411 50 14
1239 1669 17 8
1241 1374 31 13
1241 1585 46 5
1242 1547 10 6
1244 1519 13 5
1244 1694 13 2
1245 1431 53 5
1245 1609 33 10
1245 1707 34 14
1245 1739 38 9
1246 1556 22 1
1247 1533 16 14
1247 1602 55 2
1247 1732 42 8
1249 1478 13 5
1250 1421 28 1
1250 1714 2 8
1251 1463 51 3
1252 1450 16 13
1252 1689 6 7
1252 1705 27 1
1252 1734 46 6
1254 1568 59 11
1254 1763 26 15
1255 1305 3 10
1255 1344 23 1
1258 1547 51 4
1259 1321 46 8
1259 1620 25 9
1259 1675 49 4
1259 1722 34 5
1260 1755 28 6
1261 1443 33 11
1261 1620 19 5
1262 1466 21 4
1263 1554 24 7
1264 1302 36 7
1264 1411 31 13
1264 1425 39 10
1264 1827 54 1
1265 1371 9 14
1265 1494 14 2
1267 1356 56 8
1267 1374 32 4
1267 1713 52 11
1268 1664 28 6
1269 1577 49 2
1269 1602 2 8
1269 1625 44 13
1270 1431 13 2
1271 1426 51 15
1271 1538 52 3
1272 1362 16 12
1272 1398 44 3
1272 1567 46 3
1272 1733 34 5
1273 1276 2 5
1273 1401 30 9
1273 1502 43 14
1273 1596 29 7
1275 1689 25 6
1276 1492 20 2
1276 1725 33 4
1278 1355 50 10
1278 1542 39 7
1278 1585 3 14
1279 1638 26 6
1279 1729 46 8
1279 1771 47 11
1280 1321 14 14
1280 1375 21 14
1280 1789 60 8
1281 1667 5 14
1282 1332 27 12
1283 1688 33 7
1284 1761 13 10
1284 1811 25 4
1285 1337 15 15
1285 1366 29 1
1285 1506 13 4
1285 1803 49 13
1287 1320 57 10
1287 1752 33 9
1288 1413 10 15
1288 1515 48 10
1288 1650 52 4
1289 1448 26 2
1289 1456 28 15
1289 1647 2 2
1290 1383 28 5
1291 1527 33 15
1292 1792 47 5
1293 1484 51 4
1295 1518 15 11
1295 1794 31 5
1298 1532 30 11
1298 1572 55 2
1299 1392 53 14
1299 1609 19 11
1300 1322 52 2
1300 1344 37 12
1300 1420 17 6
1301 1570 19 3
1301 1821 12 8
1302 1474 21 7
1303 1480 55 9
1303 1569 50 5
1303 1798 20 5
1304 1593 5 4
1304 1685 3 7
1305 1363 22 7
1306 1343 45 14
1307 1690 45 13
1308 1429 44 6
1310 1763 2 3
1312 1781 17 7
1313 1342 8 10
1313 1344 14 13
1313 1399 39 14
1313 1486 8 13
1313 1618 5 7
1314 1686 56 8
1316 1612 14 15
1316 1756 25 11
1317 1399 40 10
1317 1542 44 1
1318 1319 8 7
1318 1344 10 13
1318 1627 32 12
1319 1576 21 3
1320 1733 52 10
1321 1632 34 6
1322 1419 16 6
1323 1553 56 13
1323 1764 15 6
1324 1397 60 15
1324 1402 19 10
1324 1641 24 6
1324 1771 40 4
1324 1828 9 10
1325 1715 12 11
1326 1824 38 12
1327 1368 22 14
1327 1557 28 6
1327 1715 51 1
1328 1540 7 1
1329 1415 5 11
1329 1466 55 11
1329 1493 57 6
1330 1420 3 13
1331 1673 25 15
1331 1724 24 13
1331 1804 20 4
1332 1341 60 1
1332 1364 17 8
1333 1637 1 14
1334 1761 8 10
1335 1679 18 11
1337 1790 52 13
1337 1812 42 5
1338 1435 3 4
1339 1504 50 15
1339 1572 41 11
1339 1612 2 11
1340 1348 19 5
1340 1381 12 10
1340 1498 45 13
1340 1775 33 4
1342 1672 46 8
1343 1456 55 4
1343 1707 20 12
1343 1763 22 13
1344 1463 8 11
1345 1591 12 15
1345 1785 59 7
1346 1723 14 8
1347 1732 42 2
1349 1522 44 13
1349 1673 18 11
1350 1362 52 7
1350 1713 37 9
1351 1786 3 9
1352 1654 10 15
1353 1460 36 5
1353 1467 22 15
1353 1480 16 2
1353 1491 35 1
1353 1588 18 9
1354 1702 8 10
1356 1453 13 10
1357 1457 19 12
1357 1734 49 7
1358 1618 32 5
1358 1812 46 14
1359 1403 11 9
1359 1419 44 2
1359 1478 28 5
1361 1495 32 5
1361 1531 31 4
1361 1768 29 12
1362 1441 39 6
1362 1467 44 5
1362 1612 36 6
1362 1697 7 14
1363 1616 57 9
1363 1642 29 15
1363 1678 49 11
1363 1731 12 5
1363 1815 16 4
1364 1687 12 5
1364 1764 45 14
1365 1567 7 4
1365 1688 53 3
1365 1751 23 14
1365 1773 12 13
1366 1651 13 13
1366 1682 39 13
1367 1440 40 9
1367 1546 30 11
1369 1444 49 6
1369 1775 41 4
1370 1416 52 7
1370 1593 12 2
1371 1425 6 6
1371 1590 49 15
1374 1794 51 7
1375 1553 27 12
1376 1464 26 8
1376 1560 28 12
1379 1415 18 8
1379 1426 25 13
1379 1443 59 10
1381 1489 16 3
1381 1732 35 8
1382 1545 55 10
1382 1558 17 7
1382 1561 42 6
1384 1527 14 7
1384 1575 20 4
1385 1401 49 7
1385 1660 37 2
1386 1533 21 15
1386 1688 8 3
1386 1792 16 7
1388 1626 51 10
1388 1780 40 15
1389 1746 34 14
1390 1590 54 9
1390 1674 10 12
1392 1569 1 15
1392 1797 52 2
1395 1451 34 3
1395 1605 1 5
1395 1653 39 11
1396 1590 22 1
1396 1637 34 9
1396 1649 27 12
1397 1733 47 13
1398 1451 22 15
1398 1802 48 15
1399 1441 26 12
1400 1676 49 7
1401 1459 7 12
1401 1639 42 4
1401 1701 1 4
1401 1829 36 8
1402 1721 53 11
1403 1415 43 2
1403 1806 47 2
1404 1522 44 7
1404 1574 34 2
1405 1647 7 2
1405 1679 34 3
1406 1461 56 14
1406 1531 55 11
1407 1467 60 12
1407 1720 23 11
1408 1454 6 6
1408 1540 59 1
1408 1678 42 6
1408 1727 12 5
1408 1754 7 2
1409 1453 33 10
1409 1477 22 8
1409 1716 18 2
1409 1791 7 9
1410 1468 22 15
1411 1442 46 5
1412 1727 44 6
1412 1731 18 12
1414 1417 41 11
1414 1449 23 13
1414 1754 34 10
1415 1473 55 5
1415 1814 35 10
1416 1672 40 15
1417 1490 60 3
1417 1499 4 2
1417 1561 46 5
1419 1543 53 12
1420 1651 58 2
1420 1753 42 13
1421 1501 12 2
1421 1567 49 1
1421 1725 41 10
1421 1764 52 13
1422 1519 57 9
1422 1565 5 4
1423 1481 29 14
1424 1753 11 6
1428 1552 5 6
1429 1613 13 2
1429 1782 59 3
1430 1594 13 13
1430 1595 42 13
1430 1824 52 2
1433 1479 5 8
1434 1539 36 5
1435 1467 17 9
1436 1746 17 6
1437 1444 28 8
1437 1465 22 10
1437 1551 26 5
1437 1646 10 14
1438 1594 27 7
1439 1441 42 5
1442 1589 24 4
1443 1795 8 8
1444 1520 14 4
1444 1830 35 11
1445 1626 4 7
1445 1772 58 7
1446 1632 55 13
1447 1706 27 8
1447 1797 8 8
1448 1478 58 12
1448 1733 45 14
1449 1620 25 4
1451 1469 15 4
1451 1511 16 1
1451 1792 25 14
1453 1484 35 14
1453 1658 54 6
1454 1630 58 7
1454 1819 45 14
1455 1475 15 3
1455 1669 21 3
1455 1687 25 12
1455 1736 13 1
1455 1741 30 10
1456 1490 50 7
1457 1720 14 12
1457 1755 44 7
1459 1569 42 8
1459 1801 58 9
1460 1525 39 11
1460 1596 46 13
1460 1641 35 11
1462 1741 4 5
1463 1527 47 6
1463 1534 37 11
1463 1542 22 6
1464 1638 27 6
1464 1706 43 12
1464 1747 26 14
1465 1530 2 1
1466 1652 44 14
1466 1675 34 12
1466 1703 42 3
1467 1824 11 4
1468 1823 22 9
1471 1768 37 7
1472 1755 7 9
1474 1548 22 4
1474 1784 58 5
1476 1736 11 5
1477 1651 51 9
1480 1760 24 15
1482 1604 37 13
1482 1636 5 10
1483 1557 19 15
1483 1807 25 2
1484 1703 45 8
1485 1578 49 13
1485 1589 17 11
1487 1722 46 11
1487 1805 38 6
1488 1623 6 13
1488 1793 47 15
1489 1562 28 12
1490 1578 19 14
1490 1709 23 5
1490 1714 52 8
1491 1634 41 6
1492 1637 58 7
1493 1794 10 1
1494 1650 55 11
1494 1799 43 5
1495 1586 12 14
1495 1801 49 6
1496 1514 46 14
1498 1511 55 7
1498 1641 1 13
1498 1814 28 13
1500 1514 10 10
1502 1547 9 10
1503 1569 29 14
1504 1692 58 14
1507 1531 49 15
1508 1654 50 12
1508 1815 59 5
1509 1610 30 9
1510 1530 15 10
1510 1608 30 14
1510 1633 35 15
1510 1729 35 7
1511 1598 15 4
1511 1683 15 14
1512 1654 25 11
1515 1546 37 12
1515 1572 28 3
1516 1626 45 12
1516 1731 27 2
1517 1794 31 3
1519 1672 10 5
1524 1551 45 10
1524 1788 58 13
1527 1683 21 7
1531 1559 48 14
1532 1590 3 7
1532 1646 46 14
1532 1671 9 15
1532 1675 24 9
1533 1667 36 2
1534 1605 53 3
1534 1663 49 1
1534 1758 39 6
1537 1550 33 6
1539 1546 59 11
1539 1708 41 11
1540 1706 12 3
1541 1673 40 12
1544 1715 26 10
1544 1753 60 15
1545 1555 24 14
1545 1656 42 3
1547 1571 56 5
1547 1609 57 12
1548 1680 26 11
1549 1573 49 8
1549 1770 28 6
1549 1781 20 14
1550 1788 35 3
1552 1634 43 11
1552 1743 12 5
1553 1795 39 5
1553 1827 53 11
1555 1805 3 9
1559 1608 16 5
1559 1777 57 13
1561 1753 26 2
1562 1676 14 12
1562 1677 51 6
1563 1658 4 13
1564 1617 31 6
1565 1679 25 10
1566 1633 17 6
1568 1753 30 8
1570 1710 42 9
1570 1743 22 7
1571 1576 27 15
1571 1737 7 14
1571 1793 19 5
1573 1793 43 13
1574 1827 16 5
1576 1593 56 4
1576 1675 24 8
1576 1807 41 15
1577 1583 7 2
1577 1636 33 2
1577 1726 12 11
1578 1619 48 3
1578 1666 59 15
1578 1771 31 14
1579 1758 39 9
1581 1786 30 2
1582 1658 23 1
1582 1774 49 3
1586 1587 46 9
1586 1683 25 7
1586 1754 53 6
1587 1754 39 6
1588 1728 13 7
1589 1641 57 6
1590 1647 1 11
1592 1700 18 8
1592 1784 20 14
1594 1637 40 13
1595 1659 3 2
1595 1736 10 15
1595 1760 36 2
1596 1827 59 1
1597 1732 19 6
1597 1739 55 15
1597 1762 41 6
1599 1605 22 14
1599 1657 57 10
1600 1648 49 8
1602 1750 32 15
1604 1607 51 6
1604 1625 24 12
1606 1765 24 7
1609 1758 29 8
1613 1690 57 6
1615 1719 45 3
1616 1617 17 15
1617 1807 13 10
1621 1657 18 7
1624 1792 7 5
1625 1713 17 10
1625 1779 13 3
1627 1717 34 3
1628 1637 46 13
1629 1669 27 9
1633 1637 17 3
1633 1653 7 13
1634 1806 20 3
1635 1686 48 2
1638 1755 57 14
1640 1784 20 6
1641 1793 14 14
1642 1729 23 11
1643 1693 47 8
1644 1799 29 8
1645 1713 14 1
1646 1730 59 6
1650 1695 48 1
1650 1804 48 5
1652 1670 32 7
1657 1705 50 11
1657 1722 30 8
1658 1666 13 2
1659 1678 29 9
1659 1766 26 5
1659 1775 26 12
1662 1702 33 10
1663 1669 6 4
1666 1707 11 14
1669 1807 6 1
1670 1729 56 9
1674 1692 35 5
1674 1753 49 5
1675 1683 34 8
1676 1829 13 12
1678 1712 40 7
1680 1824 12 5
1683 1731 3 13
1683 1735 37 11
1684 1762 8 9
1688 1771 55 10
1688 1793 3 7
1689 1744 37 9
1691 1725 2 12
1691 1778 60 10
1692 1708 14 4
1693 1751 28 13
1695 1717 46 9
1695 1753 24 7
1696 1821 59 7
1697 1787 13 6
1699 1717 22 12
1699 1750 38 13
1699 1772 56 1
1703 1734 16 11
1703 1754 54 6
1703 1775 10 2
1704 1756 8 7
1704 1827 19 5
1707 1786 3 11
1733 1747 47 15
1738 1801 36 8
1740 1789 49 12
1754 1764 33 7
1758 1777 43 3
1759 1778 5 3
1762 1782 47 12
1766 1799 43 6
1769 1820 24 4
1781 1818 19 11
1784 1789 19 4
1790 1804 58 1
1793 1814 34 14
1800 1815 19 2

0 17 8
1 40 7
2 45 37
3 49 50
4 54 7
5 55 13
6 56 46
7 58 22
8 81 23
9 90 23
10 98 44
11 101 11
12 104 18
13 106 36
14 113 35
15 126 22
16 127 30
17 136 25
18 140 39
19 152 39
20 156 33
21 166 9
22 177 36
23 194 30
24 209 33
25 211 3
26 252 36
27 271 24
28 279 39
29 282 16
30 285 12
31 312 43
32 314 34
33 316 8
34 332 30
35 334 30
36 342 16
37 364 9
38 383 27
39 387 21
40 408 34
41 412 23
42 427 40
43 443 7
44 445 22
45 449 33
46 450 32
47 453 16
48 466 19
49 468 31
50 472 11
51 490 5
52 500 17
53 512 21
54 516 17
55 517 46
56 525 50
57 531 43
58 533 36
59 580 38
60 584 9
61 596 28
62 615 18
63 619 5
64 649 16
65 653 23
66 672 13
67 674 43
68 675 36
69 680 6
70 691 38
71 714 47
72 724 36
73 725 20
74 734 15
75 739 39
76 749 13
77 752 1
78 757 46
79 772 40
80 794 49
81 795 12
82 796 14
83 819 28
84 830 23
85 832 33
86 839 23
87 863 19
88 882 35
89 892 40
90 896 35
91 930 36
92 939 22
93 945 3
94 946 41
95 954 28
96 963 1
97 965 39
98 969 49
99 988 33
100 993 40
101 994 49
102 1011 34
103 1028 43
104 1036 40
105 1062 35
106 1075 36
107 1098 43
108 1123 28
109 1149 5
110 1160 2
111 1178 22
112 1182 2
113 1200 27
114 1202 50
115 1206 12
116 1230 19
117 1237 21
118 1242 37
119 1247 47
120 1250 26
121 1260 14
122 1264 13
123 1268 15
124 1279 10
125 1291 26
126 1298 33
127 1309 3
128 1312 44
129 1318 42
130 1343 16
131 1360 11
132 1392 21
133 1401 9
134 1408 32
135 1420 14
136 1429 7
137 1432 37
138 1434 36
139 1437 32
140 1463 43
141 1464 46
142 1471 2
143 1478 41
144 1483 29
145 1484 2
146 1502 1
147 1505 46
148 1507 34
149 1508 17
150 1513 26
151 1527 13
152 1532 36
153 1548 44
154 1569 24
155 1573 20
156 1576 26
157 1577 11
158 1592 44
159 1594 7
160 1598 43
161 1604 7
162 1605 22
163 1634 8
164 1643 45
165 1646 45
166 1649 12
167 1659 25
168 1666 50
169 1676 27
170 1702 16
171 1718 17
172 1722 17
173 1724 30
174 1735 21
175 1743 3
176 1751 19
177 1766 15
178 1776 20
179 1780 29
180 1785 1
181 1802 4
182 1822 6
