1369 5457 137 11

0 30 3890
1 60 7391
2 90 10532
3 120 13339
4 150 15838
5 180 18054
6 210 20008
7 240 21720
8 270 23211
9 300 24498
10 330 25598

0 1653
1 1405
2 1694
3 1510
4 1155
5 1557
6 1665
7 1886
8 2204
9 1495
10 1724
11 1791
12 1431
13 1563
14 1595
15 1671
16 1432
17 1535
18 1470
19 2040
20 1468
21 1458
22 1862
23 1741
24 1564
25 1592
26 1577
27 1495
28 2082
29 1909
30 1715
31 1555
32 1673
33 1875
34 1448
35 1429
36 1586
37 1069
38 1680
39 2043
40 1599
41 2100
42 1658
43 1757
44 1683
45 1601
46 1495
47 1042
48 1995
49 1709
50 1883
51 1963
52 1463
53 1621
54 1638
55 1422
56 1408
57 1715
58 1652
59 1671
60 1296
61 1285
62 1531
63 1308
64 1225
65 1664
66 1471
67 1986
68 1989
69 1928
70 1715
71 1483
72 1417
73 1558
74 1981
75 1369
76 1798
77 2030
78 1402
79 1679
80 1794
81 1420
82 1533
83 1483
84 1096
85 1817
86 1775
87 1841
88 1846
89 1932
90 1156
91 1524
92 1728
93 1949
94 1698
95 1327
96 1832
97 1507
98 1621
99 1640
100 1918
101 2093
102 1642
103 1469
104 1371
105 1603
106 1635
107 1606
108 1551
109 1464
110 1527
111 1743
112 1743
113 1853
114 1406
115 1773
116 1284
117 1435
118 1519
119 1935
120 1447
121 1323
122 1589
123 1444
124 1427
125 1358
126 1656
127 1797
128 1774
129 1663
130 1721
131 1881
132 1538
133 1497
134 1480
135 1645
136 1861
137 1992
138 1593
139 1215
140 2069
141 1320
142 1387
143 1543
144 1397
145 1412
146 1550
147 1386
148 1679
149 1632
150 1539
151 1323
152 1195
153 1512
154 1359
155 1293
156 1699
157 2155
158 1628
159 1539
160 1787
161 2099
162 1772
163 1550
164 1490
165 2225
166 1457
167 1782
168 1890
169 1889
170 1596
171 1462
172 1239
173 1288
174 1096
175 1012
176 2235
177 1306
178 2488
179 1651
180 1355
181 1919
182 1383
183 1339
184 1923
185 1356
186 1772
187 1386
188 2032
189 1662
190 1681
191 1550
192 1501
193 1803
194 1650
195 1474
196 1478
197 1674
198 2047
199 1676
200 1547
201 1082
202 1871
203 1360
204 1473
205 1666
206 1410
207 1266
208 1437
209 1459
210 1111
211 1630
212 1650
213 1545
214 1649
215 1464
216 1620
217 1610
218 1651
219 1728
220 1958
221 1755
222 1097
223 1739
224 1469
225 1548
226 1844
227 1356
228 1758
229 1285
230 1316
231 1766
232 1406
233 1537
234 1336
235 1188
236 1555
237 1376
238 1450
239 1625
240 1768
241 1269
242 1744
243 1553
244 1256
245 1576
246 1524
247 1028
248 1281
249 959
250 1707
251 1877
252 1365
253 1805
254 1472
255 1561
256 1396
257 1852
258 1626
259 1020
260 1301
261 1646
262 1256
263 1435
264 1718
265 1565
266 1437
267 1176
268 1802
269 1889
270 1445
271 1620
272 1369
273 1706
274 1120
275 1024
276 1507
277 1441
278 1396
279 1487
280 1584
281 1517
282 1578
283 1630
284 1687
285 1797
286 1292
287 1537
288 1641
289 1359
290 1934
291 1025
292 1817
293 1551
294 1395
295 1577
296 1823
297 1554
298 1551
299 1804
300 1512
301 1038
302 1290
303 1425
304 1433
305 1336
306 1591
307 1576
308 1149
309 1439
310 1013
311 1392
312 1799
313 1386
314 1835
315 1152
316 2222
317 1354
318 1540
319 1161
320 1633
321 1312
322 1744
323 1530
324 1828
325 1328
326 1382
327 1500
328 1326
329 1557
330 1628
331 1877
332 1605
333 1767
334 1487
335 1499
336 1684
337 1781
338 1768
339 1566
340 1874
341 1271
342 1394
343 1613
344 1855
345 1481
346 1565
347 1775
348 1259
349 1691
350 1317
351 1499
352 1839
353 1205
354 1861
355 1554
356 1915
357 1641
358 1755
359 1218
360 1291
361 1482
362 1700
363 1567
364 1678
365 1338
366 1798
367 1412
368 1796
369 1737
370 1281
371 1744
372 1517
373 1846
374 2007
375 1391
376 1616
377 1857
378 1315
379 1377
380 1717
381 1295
382 1224
383 1252
384 1631
385 2075
386 1333
387 1300
388 1653
389 1584
390 1464
391 1194
392 1576
393 1776
394 1072
395 1459
396 1606
397 1470
398 1741
399 1941
400 1461
401 1623
402 1475
403 1777
404 1413
405 1332
406 1682
407 1823
408 1008
409 1253
410 1629
411 1384
412 1604
413 1553
414 1590
415 2081
416 1664
417 1556
418 1495
419 1210
420 1764
421 1442
422 2077
423 1772
424 1359
425 1439
426 1356
427 1673
428 1623
429 1207
430 1401
431 1527
432 1676
433 1979
434 1438
435 1720
436 1262
437 1886
438 1360
439 1990
440 1481
441 1698
442 1634
443 1775
444 1370
445 1307
446 1790
447 1446
448 1691
449 1953
450 1479
451 1060
452 1546
453 1945
454 1160
455 1440
456 1664
457 1340
458 1523
459 1567
460 1168
461 1434
462 1591
463 1666
464 1689
465 1895
466 1688
467 1633
468 1920
469 1838
470 1553
471 1624
472 1739
473 1327
474 1621
475 1598
476 1682
477 774
478 1246
479 1237
480 1053
481 1190
482 1893
483 1664
484 1097
485 1539
486 1260
487 1536
488 1382
489 1372
490 1453
491 1407
492 1188
493 1462
494 1502
495 1465
496 1195
497 1105
498 1362
499 1378
500 1483
501 1562
502 1874
503 1557
504 1415
505 1468
506 1516
507 1817
508 1724
509 1604
510 1696
511 1499
512 1287
513 1272
514 1637
515 1731
516 1545
517 1435
518 1580
519 2026
520 1653
521 2185
522 1937
523 1701
524 1410
525 1806
526 1504
527 1183
528 1490
529 1622
530 1267
531 1923
532 1131
533 1076
534 1570
535 1799
536 1749
537 1654
538 1547
539 1648
540 1194
541 1942
542 1551
543 1892
544 1830
545 1901
546 1550
547 1503
548 1588
549 1697
550 1533
551 1445
552 1266
553 1789
554 1389
555 1596
556 1707
557 1106
558 1272
559 1412
560 1423
561 1504
562 1281
563 1356
564 1507
565 1529
566 1728
567 1537
568 1233
569 1139
570 2082
571 1240
572 1482
573 1607
574 1237
575 1371
576 1810
577 1240
578 1838
579 1700
580 1513
581 1438
582 1176
583 1678
584 1399
585 1381
586 1941
587 1565
588 1717
589 1645
590 1467
591 1585
592 1287
593 1455
594 1492
595 1542
596 1531
597 1390
598 1739
599 1201
600 1585
601 1371
602 1834
603 1131
604 1190
605 1246
606 1884
607 1645
608 1654
609 1172
610 874
611 1747
612 1239
613 1667
614 1627
615 1268
616 1545
617 1978
618 1759
619 1452
620 1095
621 1715
622 1761
623 1684
624 1917
625 1291
626 1517
627 1589
628 1320
629 1684
630 1681
631 1393
632 1515
633 1729
634 1918
635 1294
636 1219
637 1079
638 1564
639 1351
640 1446
641 1249
642 1390
643 1509
644 1401
645 1954
646 1158
647 1382
648 1540
649 1468
650 1629
651 1472
652 1445
653 1583
654 1441
655 1216
656 1531
657 1029
658 1728
659 1720
660 1274
661 1486
662 1207
663 1570
664 1764
665 1457
666 1252
667 1572
668 1609
669 1555
670 1872
671 2012
672 1482
673 2276
674 1990
675 1081
676 1458
677 1219
678 1465
679 1737
680 1596
681 2020
682 2192
683 1473
684 1610
685 1225
686 1802
687 1702
688 1482
689 1229
690 1339
691 1445
692 1720
693 1744
694 1792
695 1584
696 1736
697 1775
698 1575
699 1393
700 1670
701 1754
702 1429
703 1657
704 1587
705 1799
706 996
707 1447
708 1667
709 1725
710 1815
711 1597
712 880
713 1309
714 1758
715 1529
716 1492
717 913
718 1611
719 1691
720 1521
721 2060
722 1465
723 1647
724 1041
725 1762
726 1801
727 1661
728 1737
729 1629
730 1795
731 1778
732 1423
733 1518
734 1878
735 1702
736 1447
737 1439
738 1673
739 1515
740 1768
741 2331
742 1125
743 1404
744 2091
745 1401
746 1798
747 1282
748 1286
749 1334
750 1384
751 1282
752 1930
753 1564
754 1731
755 1658
756 1450
757 1956
758 1588
759 1539
760 1984
761 1419
762 1705
763 1969
764 1286
765 1747
766 1394
767 1456
768 1708
769 1778
770 1277
771 1569
772 1713
773 1795
774 1541
775 2047
776 1446
777 1329
778 1371
779 1402
780 2053
781 2021
782 1701
783 1711
784 1255
785 1230
786 1533
787 1858
788 1435
789 1337
790 1305
791 1554
792 1533
793 1830
794 1750
795 1142
796 1383
797 1719
798 1382
799 1487
800 1759
801 1813
802 1493
803 1468
804 1625
805 872
806 1616
807 1449
808 949
809 1425
810 1019
811 1621
812 1510
813 2029
814 1591
815 1260
816 1318
817 1295
818 1355
819 1204
820 1213
821 1800
822 1486
823 1313
824 1777
825 1151
826 1708
827 1446
828 1623
829 1397
830 1336
831 1618
832 1573
833 1485
834 1869
835 1224
836 1264
837 1376
838 1034
839 1995
840 1505
841 1596
842 2150
843 1920
844 1627
845 1681
846 1754
847 1115
848 1569
849 1374
850 1499
851 2089
852 1631
853 1392
854 1502
855 1492
856 1627
857 1880
858 1607
859 1858
860 1675
861 1800
862 1384
863 1494
864 1405
865 1947
866 1579
867 1726
868 1412
869 1751
870 1309
871 1409
872 1870
873 1922
874 1635
875 1613
876 1359
877 1415
878 1541
879 1054
880 1825
881 1417
882 1793
883 1592
884 1682
885 1741
886 1673
887 1717
888 1750
889 2039
890 1241
891 1990
892 1612
893 1477
894 1794
895 1714
896 1617
897 1812
898 1697
899 1584
900 1983
901 1303
902 1426
903 1822
904 1279
905 1745
906 1568
907 1536
908 1762
909 1606
910 1690
911 968
912 1996
913 1648
914 1683
915 1221
916 1667
917 1669
918 1579
919 1792
920 1388
921 1491
922 1589
923 1353
924 1271
925 1521
926 1606
927 1629
928 1604
929 1457
930 1452
931 1556
932 1609
933 1576
934 1736
935 1625
936 1795
937 1512
938 1389
939 1212
940 1513
941 1473
942 1298
943 1186
944 1463
945 1337
946 1359
947 1714
948 1819
949 1967
950 2109
951 1302
952 1740
953 1533
954 1297
955 1542
956 1307
957 881
958 1594
959 1297
960 1862
961 1715
962 1803
963 1246
964 1076
965 1561
966 1431
967 1874
968 1500
969 1432
970 2167
971 1535
972 1106
973 1377
974 1220
975 1819
976 1464
977 1340
978 1304
979 1585
980 1779
981 1910
982 1406
983 2134
984 1310
985 1956
986 1643
987 1752
988 1143
989 1634
990 1372
991 1390
992 1528
993 1208
994 1516
995 1253
996 1370
997 1777
998 827
999 1324
1000 1703
1001 2127
1002 1511
1003 1614
1004 1796
1005 1643
1006 1928
1007 1136
1008 1351
1009 1691
1010 1341
1011 1621
1012 1907
1013 973
1014 1573
1015 1609
1016 1389
1017 1394
1018 1240
1019 1575
1020 1727
1021 1361
1022 1279
1023 1505
1024 1699
1025 1495
1026 1236
1027 1506
1028 1397
1029 1688
1030 1696
1031 1833
1032 1611
1033 1434
1034 1643
1035 1540
1036 1389
1037 1302
1038 1617
1039 1603
1040 1252
1041 1599
1042 1215
1043 1667
1044 1630
1045 1463
1046 1310
1047 1786
1048 1571
1049 1607
1050 1467
1051 1554
1052 1717
1053 1679
1054 1591
1055 2087
1056 1126
1057 1589
1058 1574
1059 1367
1060 1728
1061 1475
1062 1701
1063 1727
1064 2206
1065 1577
1066 1664
1067 962
1068 1692
1069 1260
1070 1648
1071 1427
1072 1624
1073 1733
1074 1226
1075 1115
1076 1290
1077 1885
1078 1802
1079 1660
1080 1986
1081 1780
1082 1709
1083 1758
1084 1250
1085 1483
1086 1774
1087 1359
1088 1680
1089 1760
1090 1654
1091 1354
1092 1436
1093 1331
1094 1979
1095 1097
1096 2108
1097 1602
1098 1346
1099 1300
1100 1640
1101 1515
1102 1431
1103 1699
1104 1500
1105 1724
1106 1538
1107 1323
1108 1640
1109 1461
1110 1753
1111 1819
1112 1576
1113 1479
1114 2039
1115 1342
1116 1574
1117 1570
1118 1556
1119 1372
1120 1891
1121 1360
1122 1249
1123 1605
1124 1497
1125 1450
1126 1656
1127 1684
1128 1484
1129 1831
1130 1482
1131 1046
1132 1292
1133 1641
1134 1017
1135 1415
1136 1244
1137 1495
1138 1689
1139 2115
1140 1565
1141 1752
1142 1562
1143 1621
1144 1052
1145 1372
1146 1913
1147 1609
1148 1684
1149 1271
1150 1430
1151 1478
1152 1444
1153 1042
1154 1590
1155 1504
1156 2250
1157 1880
1158 774
1159 1110
1160 2095
1161 1513
1162 1018
1163 1189
1164 1525
1165 2069
1166 916
1167 1254
1168 1607
1169 1267
1170 1568
1171 1478
1172 1371
1173 1231
1174 1226
1175 1404
1176 1692
1177 1494
1178 1721
1179 1754
1180 1444
1181 1837
1182 1289
1183 1147
1184 1835
1185 1712
1186 1541
1187 1293
1188 1610
1189 1415
1190 1568
1191 1629
1192 1645
1193 1271
1194 1608
1195 1439
1196 1832
1197 1410
1198 1526
1199 1690
1200 1701
1201 1314
1202 1773
1203 1371
1204 1191
1205 1520
1206 1982
1207 1808
1208 1817
1209 1345
1210 1713
1211 1474
1212 1515
1213 1615
1214 1304
1215 1483
1216 1463
1217 1333
1218 1614
1219 1627
1220 1779
1221 1698
1222 1665
1223 1607
1224 1285
1225 1048
1226 1817
1227 1208
1228 1416
1229 2047
1230 1882
1231 1846
1232 1020
1233 1486
1234 1454
1235 1584
1236 1929
1237 1524
1238 1587
1239 1379
1240 1366
1241 1902
1242 1531
1243 1862
1244 1952
1245 1758
1246 1154
1247 1697
1248 1701
1249 1454
1250 1350
1251 1683
1252 1648
1253 1425
1254 1497
1255 1672
1256 1676
1257 1961
1258 1658
1259 1482
1260 1945
1261 1629
1262 1081
1263 1645
1264 1382
1265 1641
1266 1599
1267 1301
1268 1059
1269 1434
1270 1694
1271 1611
1272 1683
1273 1588
1274 1195
1275 1429
1276 1349
1277 1440
1278 2116
1279 1296
1280 1179
1281 1874
1282 1379
1283 1309
1284 1504
1285 1499
1286 1479
1287 1678
1288 1619
1289 1439
1290 1704
1291 1059
1292 1387
1293 2059
1294 1258
1295 1590
1296 1303
1297 1641
1298 1343
1299 1020
1300 1345
1301 1301
1302 1688
1303 1359
1304 1566
1305 1073
1306 1842
1307 1308
1308 1396
1309 1567
1310 1618
1311 1390
1312 1461
1313 1617
1314 2051
1315 1224
1316 1776
1317 1479
1318 1466
1319 1531
1320 1497
1321 1266
1322 1044
1323 1797
1324 1317
1325 2144
1326 1756
1327 1254
1328 1690
1329 1922
1330 1382
1331 1353
1332 1593
1333 1910
1334 1966
1335 1597
1336 1497
1337 1617
1338 1937
1339 1589
1340 1743
1341 1521
1342 1192
1343 1267
1344 1550
1345 1281
1346 1637
1347 1305
1348 784
1349 1868
1350 1041
1351 1415
1352 1546
1353 1317
1354 1299
1355 1391
1356 1971
1357 1482
1358 1591
1359 1507
1360 1799
1361 1984
1362 1753
1363 1358
1364 1730
1365 1803
1366 1695
1367 1507
1368 1713

0 76 16 2
0 337 13 2
0 486 12 4
0 578 27 1
0 600 41 6
0 796 51 15
0 1015 24 15
1 52 12 8
1 283 51 14
1 316 49 4
1 348 17 14
1 823 4 7
1 825 60 12
1 924 10 13
1 964 21 4
1 1187 30 11
2 355 2 6
2 655 49 12
2 713 43 10
2 899 39 4
2 911 6 7
2 1000 52 9
2 1352 26 3
3 150 29 5
3 249 43 2
3 429 13 14
3 554 31 13
3 587 21 11
3 678 16 9
3 1054 7 8
3 1321 9 7
3 1352 29 6
4 22 14 15
4 28 35 15
4 206 13 12
4 394 8 11
4 462 3 2
4 468 44 8
4 516 41 13
4 600 16 2
4 692 27 8
4 741 3 9
4 754 53 12
4 1292 46 9
5 239 49 6
5 247 35 13
5 629 18 12
5 637 37 15
5 727 25 13
5 1188 27 11
6 272 30 9
6 634 1 15
6 651 46 13
6 682 13 15
6 1048 16 14
6 1050 15 12
6 1088 17 4
6 1286 53 15
7 183 33 1
7 283 47 12
7 311 41 7
7 501 17 7
7 514 12 8
7 756 27 11
7 851 12 2
7 861 15 9
7 943 18 10
7 967 54 11
7 1222 2 3
7 1232 44 1
8 192 20 11
8 369 23 7
8 395 2 2
8 485 45 3
8 672 37 5
8 695 47 12
8 836 50 12
8 968 12 14
8 1049 27 11
8 1362 8 12
9 109 57 15
9 112 56 12
9 304 42 6
9 391 20 15
9 464 20 15
9 487 51 14
9 666 27 4
9 690 14 1
9 761 43 1
9 820 1 2
9 1003 30 11
9 1058 27 4
9 1108 38 2
9 1167 42 10
10 116 31 13
10 507 20 4
10 572 26 3
10 847 57 15
10 936 18 9
10 1151 21 15
10 1172 27 1
10 1204 3 6
10 1330 50 5
11 50 42 2
11 55 3 2
11 65 24 8
11 481 53 4
11 865 38 11
11 1117 1 5
11 1368 10 4
12 193 10 14
12 243 41 3
12 369 54 15
12 489 11 12
13 297 27 13
13 327 35 15
13 572 53 10
13 722 1 13
13 941 42 2
13 1196 59 5
14 142 38 5
14 327 56 14
14 499 1 1
14 577 33 7
14 589 31 5
14 760 7 5
14 817 37 2
14 845 19 1
14 940 49 14
14 957 49 15
14 974 28 6
15 18 28 5
15 44 22 6
15 215 56 7
15 266 33 6
15 295 32 1
15 414 38 5
15 418 36 13
15 747 51 10
15 928 25 13
15 1081 15 10
16 24 48 4
16 181 30 1
16 253 39 13
16 469 40 9
16 602 40 5
16 653 39 12
16 755 21 15
16 1259 60 11
17 68 53 3
17 269 42 7
17 457 51 11
17 783 6 13
17 1129 53 6
17 1330 60 13
18 132 1 11
18 400 4 11
18 485 2 2
18 523 49 13
18 788 39 3
18 850 42 13
18 1195 20 7
18 1201 4 3
18 1282 55 1
19 633 12 6
19 1180 28 11
20 444 53 2
20 862 8 13
20 1008 55 12
20 1246 46 13
21 136 8 14
21 261 33 6
21 369 49 7
21 1064 19 15
21 1078 59 7
21 1081 19 4
21 1123 31 2
21 1131 28 6
22 49 45 12
22 52 12 9
22 554 44 3
22 1103 6 7
23 36 56 9
23 682 41 1
23 833 16 5
23 1158 35 4
23 1251 16 3
23 1308 51 3
24 62 12 5
24 96 35 3
24 126 14 10
24 492 7 7
24 613 4 12
24 1114 21 11
24 1332 60 9
25 73 41 15
25 216 7 4
25 373 36 2
25 405 20 12
25 674 38 7
25 783 22 9
25 820 34 11
25 1191 33 1
25 1201 51 6
25 1254 49 15
26 166 43 3
26 213 9 2
26 711 30 10
26 868 35 14
26 878 46 3
26 880 49 3
26 999 12 13
26 1160 14 6
26 1162 57 12
27 188 32 8
27 280 29 8
27 381 12 13
27 491 30 3
27 917 52 2
27 939 21 2
27 1001 15 1
27 1066 9 1
27 1247 40 12
28 299 24 4
28 307 24 4
28 467 48 10
28 950 9 12
29 98 32 11
29 197 32 2
29 712 20 1
29 1123 22 4
29 1306 38 5
30 41 23 11
30 104 25 10
30 429 33 15
30 794 33 9
30 865 4 7
30 972 18 3
30 1041 59 8
30 1150 30 8
30 1250 5 9
31 241 39 15
31 366 21 4
31 631 15 2
31 711 36 8
31 718 29 15
31 815 21 11
31 1258 49 10
32 524 32 14
32 593 7 8
32 901 33 14
32 1024 25 8
32 1162 9 8
32 1179 6 8
32 1248 1 7
32 1359 4 13
33 115 21 8
33 858 54 4
33 1281 44 10
33 1305 29 15
33 1339 17 10
33 1345 22 7
34 94 49 4
34 117 14 6
34 149 53 13
34 187 20 12
34 212 57 14
34 330 29 7
34 414 57 10
34 536 58 3
34 781 38 14
34 826 26 2
34 1034 18 3
34 1217 30 8
34 1354 47 8
35 140 6 13
35 188 7 9
35 364 5 1
35 499 20 8
35 696 31 14
35 812 55 6
35 840 38 2
35 881 59 2
35 892 51 2
35 1114 32 3
36 424 21 9
36 618 52 12
36 737 24 7
36 849 16 1
36 893 33 3
36 920 15 5
36 1129 59 4
36 1356 13 2
37 78 4 7
37 99 14 11
37 111 33 5
37 181 22 2
37 281 30 7
37 750 37 9
37 850 25 5
37 899 58 7
37 968 33 14
37 1040 31 13
38 164 56 4
38 214 44 7
38 380 58 14
38 399 13 13
38 410 5 4
38 442 19 13
38 638 1 4
38 694 34 6
38 1068 60 2
38 1282 42 15
38 1287 15 1
39 287 38 12
39 776 52 9
39 799 22 8
39 1187 44 5
40 74 3 12
40 553 8 6
40 1308 30 1
41 140 23 6
41 502 18 14
41 513 34 1
41 515 45 7
41 566 42 8
41 851 24 6
41 1003 40 6
41 1141 19 2
41 1263 49 7
41 1292 3 12
42 46 16 5
42 230 4 2
42 412 14 10
42 796 42 10
42 934 56 12
42 1361 29 15
43 73 51 4
43 169 51 8
43 1016 26 10
43 1069 43 12
43 1184 8 1
43 1243 20 13
44 102 37 15
44 403 48 14
44 516 38 2
44 518 47 1
44 869 50 10
44 1208 46 1
44 1328 16 6
45 64 40 10
45 105 46 12
45 214 14 5
45 326 34 12
45 567 24 4
45 656 46 10
45 692 41 9
45 860 48 9
45 969 23 10
45 1076 9 15
45 1187 59 6
46 355 57 15
46 411 31 15
46 434 60 1
46 580 30 4
46 625 34 15
46 651 22 8
46 837 2 13
46 958 21 5
47 69 38 3
47 89 57 11
47 94 22 1
47 161 10 8
47 185 34 6
47 322 13 2
47 339 26 3
47 368 23 1
47 404 23 2
47 472 33 3
47 682 41 12
47 870 43 14
47 951 52 6
47 1014 58 6
47 1215 56 10
47 1361 29 2
48 253 14 11
48 258 21 2
48 290 39 6
48 440 13 6
48 754 36 12
48 874 55 1
48 924 15 14
49 130 20 11
49 172 5 6
49 189 44 13
49 389 60 12
49 750 27 8
49 808 43 8
49 1025 47 11
49 1032 56 9
49 1171 9 2
49 1324 49 2
50 318 42 14
50 386 19 13
50 455 10 10
50 537 43 8
50 702 51 9
50 856 29 14
50 873 41 6
50 971 59 5
50 1038 51 15
51 210 44 10
51 236 53 11
51 316 52 9
51 402 54 3
51 613 17 4
51 634 38 12
51 711 32 15
51 908 9 8
51 988 39 7
51 1164 48 15
52 106 58 1
52 114 34 10
52 188 26 8
52 246 8 4
52 641 42 9
52 1033 3 5
52 1247 2 10
53 260 27 10
53 671 18 2
53 904 22 11
53 925 37 10
53 1001 34 1
53 1016 27 10
53 1018 9 14
53 1067 12 6
54 88 11 7
54 206 27 8
54 289 30 3
54 336 6 7
54 509 27 13
54 731 7 1
54 814 54 13
54 966 37 10
54 1127 22 7
55 144 43 3
55 292 20 4
55 299 54 4
55 551 58 15
55 717 41 15
55 1063 58 8
55 1172 45 1
55 1279 40 1
55 1304 2 5
56 76 38 15
56 151 51 13
56 561 48 1
56 605 18 2
56 705 3 15
56 716 51 10
57 393 10 7
57 649 45 9
57 756 15 7
57 835 25 14
57 845 35 3
58 216 24 8
58 342 32 14
58 375 36 7
58 606 18 1
58 686 28 6
58 710 36 12
58 747 26 6
58 974 46 2
59 177 52 2
59 196 20 7
59 479 50 13
59 710 36 2
59 924 10 1
59 1212 39 4
59 1315 2 2
60 229 52 1
60 373 57 6
60 498 9 4
60 748 29 6
60 752 1 14
60 962 46 11
60 1181 30 12
61 237 55 1
61 259 12 5
61 554 7 4
61 593 26 10
61 1268 36 7
62 116 5 9
62 188 24 13
62 438 55 8
62 441 1 1
62 568 21 3
62 614 32 5
62 749 43 15
62 1011 6 11
63 376 46 3
63 676 30 15
63 831 16 15
63 1048 50 13
63 1101 26 15
63 1106 57 12
63 1298 6 9
64 87 6 7
64 213 3 7
64 245 52 1
64 629 21 12
64 837 6 7
64 1046 36 6
64 1129 59 7
64 1130 11 9
65 237 12 7
65 266 50 8
65 368 53 4
65 537 49 8
65 562 32 7
65 679 7 2
65 683 54 4
65 1098 23 7
65 1215 7 4
65 1357 21 7
66 157 6 7
66 231 28 5
66 439 6 8
66 470 30 9
66 609 1 5
66 793 48 14
66 925 8 14
66 1040 15 15
66 1067 35 1
66 1105 38 5
66 1202 27 8
66 1204 10 1
66 1346 10 7
67 94 47 2
67 352 16 9
67 450 29 3
67 589 29 7
67 718 8 15
67 962 8 9
67 1161 12 13
67 1231 34 4
68 133 20 4
68 197 26 5
68 366 25 13
68 961 18 14
69 689 29 5
69 704 41 2
69 838 16 13
69 1117 33 6
69 1266 59 9
69 1334 31 11
69 1348 60 9
69 1357 27 4
70 359 41 10
70 361 19 11
70 750 52 8
70 1231 57 15
70 1249 57 6
70 1317 42 15
71 313 1 9
71 357 25 13
71 540 24 13
71 880 10 8
71 884 39 10
71 956 26 1
71 1353 31 6
72 358 59 3
72 916 41 5
72 1075 36 15
72 1293 12 10
73 78 14 9
73 109 52 4
73 215 45 1
73 232 43 1
73 660 17 1
73 1073 48 3
74 176 42 5
74 265 3 12
74 1145 15 12
74 1148 47 7
74 1307 57 15
75 274 39 4
75 310 52 3
75 410 11 15
75 477 60 1
75 535 43 1
75 655 56 6
75 677 6 3
75 879 13 12
75 1026 34 6
75 1048 20 6
75 1131 31 1
75 1323 17 9
76 413 36 13
76 555 32 10
76 959 52 15
76 994 54 4
76 1197 38 1
76 1258 19 2
77 115 4 11
77 638 28 15
77 722 49 8
77 779 49 12
77 1124 8 5
77 1300 13 4
78 79 42 15
78 439 44 1
78 638 17 15
78 707 27 2
78 737 2 15
78 1247 10 6
79 464 24 12
79 923 56 11
79 1236 58 6
79 1307 58 13
80 1026 7 14
80 1234 5 11
80 1246 30 6
81 192 44 9
81 273 25 13
81 316 16 10
81 499 50 4
81 616 24 14
81 662 29 11
81 669 15 14
81 675 26 8
81 755 22 15
81 1163 46 3
81 1258 6 10
82 442 2 9
82 445 57 9
82 536 33 4
82 715 18 1
82 771 45 8
82 1151 15 10
83 475 35 6
83 774 15 5
83 827 58 3
83 1230 50 10
83 1231 33 1
84 527 46 4
84 668 9 12
84 739 3 3
84 1150 7 1
84 1338 12 10
84 1346 50 6
85 334 29 11
85 371 23 10
85 688 12 10
85 763 28 9
85 1004 54 12
85 1060 4 8
85 1061 29 13
85 1251 54 7
86 104 60 10
86 172 6 5
86 222 33 3
86 377 2 13
86 703 56 5
86 742 13 13
86 823 51 12
86 844 2 12
86 1010 12 4
86 1175 18 1
87 96 52 3
87 252 53 1
87 289 51 14
87 311 33 6
87 459 36 7
87 460 24 12
87 558 10 12
87 788 35 7
87 981 38 3
87 1327 2 5
87 1346 45 8
88 125 57 9
88 162 12 12
88 508 59 6
88 631 49 5
88 1021 32 12
88 1048 51 6
88 1137 32 6
89 286 56 3
89 377 29 14
89 411 40 10
89 477 3 14
89 663 58 15
89 827 18 3
89 880 29 1
89 884 46 1
89 980 49 8
90 91 41 13
90 184 26 6
90 418 37 5
91 423 26 3
91 722 42 7
91 1222 10 6
91 1234 53 11
91 1243 23 14
92 287 58 1
92 311 30 7
92 650 9 9
92 844 39 1
92 957 20 13
92 1036 58 9
92 1064 38 3
93 195 31 14
93 345 2 13
93 704 20 13
93 880 42 12
93 932 31 1
93 1126 19 7
93 1210 18 7
94 128 14 5
94 191 43 5
94 211 18 12
94 449 53 9
94 488 32 11
94 506 7 12
94 509 2 13
94 870 57 11
94 1054 23 2
95 690 44 11
95 1066 50 15
95 1350 46 8
95 1357 28 3
96 115 6 13
96 153 16 14
96 172 22 10
96 243 37 11
96 244 9 10
96 447 15 6
96 490 9 4
96 548 34 4
96 608 54 12
96 806 34 14
96 846 17 5
96 897 45 15
96 1053 35 10
96 1054 51 4
96 1213 30 8
96 1237 39 4
96 1243 5 11
96 1277 37 15
97 168 28 15
97 744 13 15
97 794 56 9
97 884 53 5
97 1019 11 7
97 1151 57 1
97 1154 14 4
97 1332 9 7
98 370 39 14
98 705 43 9
98 1049 3 11
98 1361 49 6
99 313 53 6
99 374 47 12
99 1074 19 12
99 1198 28 11
100 220 18 9
100 286 27 1
100 365 25 5
100 719 27 15
100 782 23 1
100 923 50 11
100 1005 23 7
100 1101 14 2
100 1311 37 9
101 367 34 11
101 407 56 3
101 722 8 1
101 998 40 8
101 1158 33 15
101 1258 46 1
102 270 45 10
102 387 14 5
102 1092 57 8
102 1335 37 6
103 256 21 13
103 390 51 15
103 410 56 5
103 534 26 5
103 664 56 15
103 1352 9 11
103 1364 38 9
104 431 36 11
104 538 37 7
104 600 8 2
104 637 44 15
104 863 37 10
105 789 18 4
105 1012 18 5
106 328 6 3
106 405 35 15
106 502 53 2
106 839 21 9
106 1019 50 15
106 1140 20 11
106 1152 57 15
106 1221 14 11
106 1269 13 5
107 392 3 8
107 412 38 2
107 444 13 13
107 654 38 7
107 811 11 4
107 875 43 7
107 1362 51 12
108 320 29 3
108 383 48 7
108 547 50 6
108 800 26 6
108 914 32 10
108 1089 34 6
108 1159 3 3
108 1235 56 8
108 1358 32 4
109 168 15 3
109 276 12 7
109 304 30 9
109 416 54 4
109 488 37 13
109 564 58 14
109 713 47 2
109 720 4 14
109 822 26 3
109 974 36 3
109 982 7 15
109 1047 17 6
109 1063 36 6
109 1289 54 10
110 303 22 4
110 329 32 4
110 355 29 14
110 811 11 15
110 995 41 7
111 528 49 15
111 715 54 4
111 724 25 5
111 810 35 8
111 1258 23 11
112 214 37 5
112 290 29 11
112 449 1 14
112 531 23 2
112 575 37 4
112 869 4 7
112 982 7 10
112 1329 54 2
113 580 52 14
113 1309 9 11
114 279 49 11
114 633 44 12
114 926 27 5
114 994 46 6
114 1062 45 12
114 1237 58 15
115 189 60 2
115 249 54 11
115 297 58 15
115 492 19 12
115 667 23 4
115 708 52 8
115 715 2 13
115 757 47 10
115 990 40 4
115 1046 19 10
116 473 33 6
116 766 30 5
116 838 7 2
116 1028 18 4
116 1281 45 7
116 1345 8 4
117 162 39 9
117 338 22 2
117 627 35 14
117 628 43 11
117 769 14 4
117 853 50 6
117 887 49 11
117 1094 56 2
117 1114 26 5
117 1120 33 13
117 1259 28 4
118 168 17 6
118 190 57 1
118 601 2 13
118 692 33 8
118 803 18 3
118 853 5 10
118 1075 6 9
118 1086 60 10
118 1103 38 8
119 175 4 12
119 286 4 4
119 342 55 14
119 565 29 1
119 645 2 4
119 910 25 5
119 936 33 10
119 960 48 12
119 1194 40 4
119 1219 21 6
120 468 10 9
120 646 56 7
120 774 11 7
120 1050 7 11
120 1053 6 6
120 1287 57 14
121 273 16 4
121 276 60 3
121 402 20 8
121 537 8 5
121 957 43 7
121 1223 8 4
122 165 50 8
122 244 16 15
122 504 5 10
122 1019 38 15
122 1093 14 5
122 1103 2 14
123 187 41 4
123 245 57 2
123 252 24 15
123 1047 52 4
123 1108 30 14
124 338 5 12
124 368 47 13
124 503 25 9
124 546 15 10
124 549 29 4
124 729 33 3
124 764 38 2
124 1058 19 7
124 1075 60 11
125 232 12 1
125 286 57 4
125 403 38 15
125 534 42 3
125 791 7 4
125 802 16 5
125 824 3 2
125 1030 2 12
125 1074 16 9
125 1277 36 1
126 210 3 1
126 250 45 4
126 630 36 9
126 892 54 11
126 1326 6 11
127 291 57 6
127 329 58 14
127 452 58 4
127 666 7 9
127 828 57 2
127 888 32 14
127 1229 23 11
128 242 56 10
128 597 21 3
128 645 46 7
128 709 20 14
128 737 11 14
128 918 7 4
128 955 56 4
128 1022 50 7
128 1046 55 15
128 1103 5 5
129 334 13 11
129 418 7 6
129 466 22 6
129 584 20 12
129 591 13 5
129 614 28 15
129 674 10 9
129 705 48 12
129 980 23 11
129 1080 4 4
130 227 12 4
130 405 28 12
130 554 25 13
130 701 20 4
130 781 42 5
130 860 17 12
130 931 55 3
130 1143 46 9
130 1201 55 11
131 399 52 4
131 623 33 6
131 781 36 5
131 1161 52 15
132 431 43 6
132 555 51 3
132 917 51 1
132 938 15 1
132 950 25 1
132 1169 46 9
132 1300 60 5
133 177 18 7
133 213 4 2
133 426 53 13
133 453 31 2
133 744 36 12
133 1162 47 8
133 1243 16 8
133 1275 43 4
134 404 37 5
134 1239 37 6
135 340 10 3
135 516 36 6
135 731 55 10
135 858 11 9
135 1311 33 13
135 1358 8 15
136 362 45 12
136 694 30 3
136 756 40 14
136 778 51 4
136 854 22 12
136 952 39 1
136 1135 34 5
137 140 20 10
137 176 17 12
137 354 6 14
137 567 50 11
137 572 40 9
137 730 7 13
137 1231 44 2
138 301 38 10
138 324 40 14
138 827 41 7
138 835 19 2
138 1020 30 9
138 1303 3 3
139 334 14 14
139 344 20 6
139 544 58 15
139 706 60 12
139 716 54 14
139 756 5 12
139 777 38 8
139 788 6 8
139 818 40 1
139 998 32 5
140 265 41 13
140 287 2 4
140 290 1 2
140 484 30 12
140 600 59 6
140 714 38 8
140 1036 56 5
140 1068 48 3
140 1223 8 12
141 543 38 2
141 580 43 6
141 1075 54 4
141 1087 45 14
142 270 50 9
142 435 45 13
142 669 16 9
142 833 11 9
142 1108 25 4
142 1134 18 2
142 1186 39 2
142 1315 48 5
143 224 25 2
143 380 8 7
144 209 29 6
144 290 17 6
144 453 46 9
144 553 1 7
144 999 9 1
144 1073 45 13
144 1133 32 7
145 204 51 13
145 474 11 2
145 527 39 10
145 767 3 9
145 838 54 4
145 1194 16 7
146 372 33 9
146 761 50 8
146 911 53 15
146 1035 5 15
146 1052 8 13
146 1322 1 1
147 302 17 9
147 1051 49 2
148 190 46 9
148 420 55 10
148 441 28 15
148 698 59 12
148 1055 58 13
148 1086 33 13
148 1104 34 6
148 1231 55 9
148 1248 54 12
148 1313 11 14
149 337 5 15
149 418 41 15
149 776 10 11
149 799 46 3
149 1174 51 14
150 346 31 7
150 568 19 6
150 741 39 6
150 824 10 3
150 1295 49 11
150 1320 9 5
151 377 46 7
151 554 45 10
151 889 51 11
151 1125 34 6
151 1134 53 4
151 1190 48 4
151 1217 2 1
152 226 43 15
152 241 13 5
152 855 8 2
152 912 53 2
152 971 22 10
152 1213 37 11
153 648 51 11
153 779 40 5
153 1192 49 1
153 1240 38 9
153 1262 38 9
154 325 59 10
154 576 58 5
154 620 43 13
154 990 58 1
154 1058 32 6
154 1060 42 14
154 1199 11 11
155 202 41 5
155 448 38 2
155 510 52 10
155 889 54 1
155 942 42 2
155 1012 60 10
155 1366 54 11
156 227 28 9
156 317 20 12
156 470 4 3
156 484 30 15
156 637 38 14
156 814 50 9
156 1022 60 4
157 730 60 5
157 801 56 8
157 1198 29 9
158 196 3 2
158 248 59 13
158 288 43 7
158 405 39 1
158 500 23 8
158 624 21 12
158 882 5 13
158 997 15 3
158 1131 22 13
159 191 15 9
159 477 15 14
159 704 4 9
160 519 46 2
160 715 12 2
161 451 43 11
161 470 49 12
161 815 50 7
161 1100 11 2
161 1104 56 13
161 1131 57 1
161 1184 58 1
162 217 4 15
162 712 28 9
162 880 26 10
162 970 30 5
162 1146 13 11
162 1190 43 8
162 1365 34 12
163 290 48 13
163 417 11 13
163 439 43 2
163 839 51 1
163 911 21 4
163 1140 45 10
163 1328 35 7
164 741 4 12
164 762 43 7
164 949 53 14
164 1082 41 3
164 1237 59 4
165 268 16 4
165 681 33 7
165 816 43 7
165 944 26 6
165 1025 56 10
165 1309 16 11
165 1361 25 15
166 224 4 9
166 228 17 4
166 316 17 2
167 506 9 10
167 509 21 5
167 680 18 13
167 693 42 11
167 977 14 12
167 1007 23 10
167 1066 54 7
167 1162 38 3
167 1220 55 13
167 1312 5 8
168 329 21 10
168 573 13 11
168 588 30 8
168 1284 21 8
169 277 36 4
169 647 23 4
169 741 38 8
169 1024 47 2
169 1075 58 13
169 1127 52 14
169 1159 44 5
169 1176 17 2
169 1196 28 12
169 1204 26 10
169 1251 40 13
169 1263 53 4
170 219 4 12
170 278 20 10
170 317 7 7
170 421 39 9
170 601 27 12
170 620 9 1
170 638 60 7
170 685 34 8
170 853 9 6
170 929 1 14
170 1138 10 14
170 1147 6 1
170 1213 2 13
171 216 31 10
171 257 23 13
171 626 26 6
171 841 59 12
171 916 35 10
171 928 49 3
171 960 37 4
171 1093 13 3
171 1338 37 13
172 389 22 14
172 538 6 2
172 964 46 8
172 993 3 14
172 1113 44 6
173 242 12 3
173 351 19 15
173 579 59 2
173 759 53 12
173 879 25 14
173 1014 58 4
173 1038 24 13
173 1135 24 1
173 1187 53 4
173 1230 1 15
173 1352 1 12
174 744 17 8
174 1257 37 8
175 349 18 9
175 565 57 14
175 577 5 4
175 616 40 11
175 836 53 14
175 899 25 1
175 1107 18 9
175 1310 49 12
176 227 57 4
176 287 7 13
176 443 49 12
176 710 38 11
176 788 39 9
176 839 42 13
176 1146 38 3
176 1198 4 2
176 1255 40 9
177 205 23 3
177 294 60 6
177 393 55 5
177 420 15 12
177 918 59 8
177 1044 43 4
177 1060 41 11
178 728 10 14
178 796 54 10
178 797 58 13
178 820 22 4
178 881 36 12
178 1083 21 13
179 241 55 6
179 249 2 2
179 293 44 4
179 477 15 14
179 848 28 1
179 1283 40 6
180 288 23 4
180 531 10 5
180 746 31 5
180 917 20 14
180 1059 6 11
180 1176 12 2
180 1270 35 13
180 1306 41 11
180 1359 37 13
181 268 49 2
181 604 49 15
181 652 54 9
181 892 34 8
181 999 40 1
181 1051 25 4
181 1176 25 1
182 307 5 5
182 728 15 3
182 1368 42 1
183 245 60 2
183 452 16 13
183 999 21 2
183 1166 45 12
184 279 13 8
184 344 4 12
184 769 33 4
184 892 58 8
184 1073 23 1
184 1301 46 3
185 306 2 3
185 397 35 1
185 668 38 4
185 749 58 2
185 762 56 9
185 771 57 8
185 1120 48 8
185 1217 56 6
186 210 23 12
186 330 21 3
186 478 52 5
186 499 41 9
186 511 60 15
186 996 55 10
186 1038 15 3
186 1199 60 7
186 1335 56 3
187 567 38 13
187 872 35 5
187 1091 5 1
187 1259 34 5
188 219 14 15
188 408 36 14
188 607 56 5
188 705 1 9
188 833 20 5
188 891 2 4
188 1008 59 15
188 1165 46 9
188 1304 31 13
189 910 41 9
189 932 45 10
189 1076 35 4
189 1136 49 5
189 1156 6 10
189 1157 50 1
189 1160 4 7
189 1276 1 11
189 1291 28 12
190 755 23 10
190 1192 15 9
190 1202 5 12
191 1204 15 15
191 1329 22 13
192 488 24 5
192 511 5 14
192 679 20 2
192 773 53 14
192 960 9 10
192 1059 41 6
192 1191 27 13
192 1199 2 1
192 1212 55 7
192 1213 48 4
192 1359 46 7
193 323 55 8
193 397 27 10
193 935 42 15
193 1252 30 2
194 489 37 9
194 585 6 13
194 618 31 12
194 625 45 2
194 772 6 4
194 809 25 6
194 1083 45 4
194 1084 21 2
194 1240 23 9
194 1280 5 4
195 414 52 14
195 434 55 14
195 619 38 15
195 662 50 9
195 742 51 2
195 761 13 4
195 830 23 13
195 1087 45 5
196 419 36 10
196 879 22 14
196 1188 59 1
197 385 50 13
197 551 8 11
197 606 35 6
197 944 25 11
197 995 41 2
197 1018 45 3
198 431 54 1
198 735 28 11
198 751 37 8
198 775 8 2
198 943 5 15
198 1150 15 10
199 411 45 10
199 462 6 3
199 899 47 3
199 1069 57 14
200 516 26 5
200 533 41 11
200 1082 56 7
200 1135 16 13
201 214 52 1
201 327 45 15
201 337 41 9
201 545 3 3
201 738 6 7
201 820 35 1
202 294 18 4
202 640 41 11
202 883 56 15
202 887 52 14
202 1319 4 3
203 521 14 6
203 765 10 5
203 1037 47 10
203 1162 28 8
204 538 33 3
204 949 52 14
204 950 7 6
205 257 27 7
205 680 54 3
205 959 3 6
205 1239 2 7
205 1303 42 8
206 266 34 11
206 320 10 10
206 638 60 15
206 987 43 11
206 1008 44 14
206 1183 14 13
206 1251 60 9
207 271 41 5
207 281 16 2
207 316 36 2
207 381 53 6
207 664 58 6
207 681 13 5
207 854 11 3
207 976 52 11
207 979 32 1
207 1043 26 10
207 1357 26 13
208 458 56 15
208 527 52 1
208 624 2 14
208 696 6 9
208 813 33 3
208 832 30 7
208 927 5 6
208 1139 51 2
208 1159 12 4
208 1164 20 6
208 1273 12 11
209 396 38 1
209 470 18 14
209 481 50 12
209 586 36 12
209 817 57 12
209 831 20 7
209 1068 49 5
209 1102 7 9
209 1105 53 7
209 1329 47 1
210 294 38 15
210 539 48 7
210 640 16 10
210 762 11 10
210 771 25 13
210 805 39 3
210 899 27 1
210 1129 16 12
210 1188 16 9
210 1225 14 9
210 1267 3 14
210 1291 35 2
211 274 59 3
211 297 53 3
211 306 23 14
211 782 29 7
211 823 32 3
211 921 43 13
211 953 18 13
211 1234 19 10
212 356 36 12
212 445 29 1
212 600 9 7
212 604 15 8
212 774 33 15
212 1135 16 10
213 253 1 6
213 749 38 1
213 844 55 6
213 925 2 12
213 930 20 8
213 1137 44 4
213 1150 39 10
213 1264 26 8
213 1332 40 6
214 279 14 8
214 395 32 11
214 430 58 11
214 460 32 7
214 723 38 7
214 845 24 10
214 1104 10 4
214 1208 13 13
214 1324 22 5
214 1327 55 2
215 672 56 13
215 860 47 5
215 896 8 12
215 1338 55 14
216 269 27 2
216 609 55 11
216 913 40 14
217 249 20 1
217 903 29 8
217 1089 23 13
218 349 45 9
218 363 2 4
218 390 50 13
218 442 39 9
218 707 25 12
218 1007 23 12
218 1135 20 9
218 1257 18 4
219 276 1 6
219 672 37 7
219 726 43 2
219 1046 49 5
219 1221 16 8
219 1367 9 15
220 229 36 9
220 342 34 15
220 395 41 4
220 475 31 15
220 628 9 14
220 666 43 10
220 746 33 14
220 790 27 1
220 792 3 14
220 858 1 4
220 1153 55 10
220 1168 29 3
220 1177 52 4
220 1275 35 10
220 1340 29 9
220 1366 54 1
221 835 46 9
221 863 32 5
221 1027 30 11
221 1032 44 2
221 1078 29 12
221 1113 43 8
222 259 10 6
222 434 2 3
222 591 37 12
222 919 8 10
222 1087 20 10
222 1110 14 15
222 1332 34 12
223 271 18 2
223 557 26 3
223 735 24 5
223 848 26 1
223 1066 37 15
223 1112 47 2
223 1117 11 9
223 1193 11 1
223 1312 17 1
224 259 42 2
224 373 2 1
224 854 29 11
224 901 31 3
224 953 13 8
224 964 24 2
224 1010 18 4
225 990 17 5
225 1126 60 13
225 1302 45 7
226 374 17 10
226 379 6 8
226 624 60 13
226 789 34 15
226 946 37 9
226 1027 35 5
226 1158 9 12
226 1176 57 9
226 1185 1 3
227 349 41 5
227 618 59 12
227 623 14 6
227 704 51 11
227 719 25 6
227 826 34 4
227 867 4 5
227 890 30 12
227 976 52 12
227 1212 52 9
227 1233 54 14
227 1249 1 10
227 1275 16 14
228 256 42 11
228 340 2 14
228 521 6 5
228 603 10 11
228 729 36 13
228 1044 31 11
228 1135 54 1
228 1156 26 4
228 1171 6 2
229 526 52 12
229 839 40 10
229 935 7 5
229 1067 17 7
229 1275 37 6
230 334 11 7
230 504 47 10
230 570 39 10
230 651 38 9
230 700 4 1
230 822 51 8
230 1032 22 9
231 308 26 11
231 407 43 9
231 472 60 14
231 503 17 2
231 510 27 3
231 557 17 12
231 583 39 8
231 676 38 11
231 773 8 6
231 1006 60 5
232 501 34 3
232 519 9 4
232 608 51 10
232 617 58 11
232 1024 47 8
232 1173 10 15
233 236 11 1
233 520 26 1
233 591 23 11
233 947 31 7
233 1075 50 1
233 1166 51 6
234 326 32 8
234 342 16 1
234 494 22 9
234 594 8 15
234 595 17 1
234 1030 19 14
234 1051 50 12
234 1178 37 14
234 1203 24 8
234 1246 58 15
235 409 57 8
235 531 50 8
235 568 13 5
235 709 54 13
235 990 15 5
235 1089 14 14
235 1279 46 2
236 270 5 6
236 465 41 12
236 581 15 1
236 786 4 9
236 1027 51 13
236 1299 41 14
236 1361 46 14
237 505 33 13
237 516 46 6
237 794 45 3
238 397 1 12
238 720 58 3
238 813 5 2
238 986 52 8
238 1291 8 3
239 378 32 5
239 703 30 10
239 715 48 1
239 748 47 11
239 1049 45 3
239 1065 42 4
239 1182 49 8
239 1247 52 7
240 346 24 2
240 487 49 13
240 506 60 11
240 593 29 10
240 812 15 4
240 872 19 11
240 906 11 9
240 1159 15 9
240 1234 57 8
240 1335 42 5
241 379 11 12
241 528 27 7
241 541 55 4
241 580 21 3
241 589 38 4
241 718 4 12
242 575 31 14
242 1095 46 2
242 1202 2 1
242 1294 40 7
243 435 18 1
243 975 55 1
243 1340 55 1
243 1349 45 6
244 561 60 7
244 588 18 12
244 656 30 15
244 766 8 11
244 848 40 5
244 953 45 1
244 993 1 8
244 1036 3 7
244 1239 48 4
245 629 39 4
245 636 14 6
245 663 47 14
245 1179 25 13
246 648 18 6
246 745 4 8
246 810 58 2
246 811 51 1
246 925 19 9
246 1239 16 3
247 650 29 10
247 794 49 8
247 808 4 11
247 887 17 1
247 991 42 6
247 1058 6 14
247 1275 26 7
248 507 10 4
248 730 13 15
248 761 1 8
248 1190 36 2
249 262 58 7
249 452 52 8
249 456 52 5
249 511 44 3
249 567 35 12
249 828 2 15
249 888 18 1
249 955 8 11
249 1365 11 5
250 500 29 12
250 599 27 5
250 772 8 14
250 1189 18 6
250 1273 1 11
251 437 46 14
251 473 21 2
251 730 29 2
251 735 1 15
251 1143 60 3
251 1232 14 3
251 1345 42 10
252 333 32 1
252 443 24 11
252 729 38 3
252 767 35 11
252 849 58 11
252 965 55 15
252 978 13 12
252 1003 52 7
252 1056 38 3
252 1261 6 15
252 1357 45 13
253 265 45 13
253 433 36 14
253 439 14 12
253 647 13 13
253 762 39 15
253 777 55 9
253 920 29 4
253 1359 7 5
253 1360 5 5
254 1056 13 7
254 1237 30 2
254 1322 13 4
255 324 36 5
255 527 28 4
255 606 15 11
255 879 35 8
255 1185 9 1
255 1221 36 12
255 1261 53 8
256 308 42 7
256 351 36 13
256 662 12 9
256 1069 4 6
256 1114 36 11
256 1305 59 3
256 1309 13 6
257 327 16 6
257 561 39 12
257 600 42 10
257 660 49 10
257 676 48 5
257 981 5 7
257 1187 49 5
257 1224 57 14
257 1268 35 6
258 430 56 9
258 615 21 3
258 696 27 1
258 762 26 8
258 771 24 11
258 841 11 1
258 897 42 2
258 931 24 14
258 1003 25 11
258 1105 3 1
258 1274 47 5
258 1288 35 13
258 1297 58 10
259 286 38 6
259 379 3 9
259 480 53 15
259 1051 36 10
259 1134 29 14
259 1232 30 1
260 298 23 15
260 466 16 15
260 476 36 6
260 799 21 6
260 804 54 15
260 1054 13 6
260 1098 35 3
261 286 38 11
261 583 39 12
261 664 49 12
261 853 15 1
261 1272 60 4
262 435 55 2
262 570 24 13
262 788 36 6
262 1062 11 4
262 1084 21 11
262 1220 44 1
262 1352 20 8
263 483 4 11
263 548 54 14
263 553 37 2
263 1044 40 3
263 1154 20 6
263 1238 58 9
264 500 21 1
264 512 55 1
264 734 10 4
264 774 23 1
264 1301 7 14
264 1357 26 4
265 323 11 9
265 338 47 2
265 382 47 2
265 392 44 6
265 496 9 13
265 685 3 4
265 717 60 1
265 753 42 10
265 982 30 8
265 992 41 7
265 1071 60 10
265 1130 22 14
265 1137 43 13
266 313 15 6
266 384 37 6
266 413 14 6
266 824 14 3
266 970 11 15
266 1255 10 9
266 1296 42 4
266 1344 12 2
267 384 10 6
267 445 5 4
267 542 60 10
267 723 6 4
267 1121 12 5
267 1149 42 11
267 1241 3 13
268 517 13 13
268 662 45 2
268 794 22 6
268 880 49 5
268 1197 24 4
269 299 20 10
269 670 19 5
269 872 8 10
269 909 19 10
269 1020 38 5
269 1065 8 13
269 1070 31 15
269 1262 53 2
269 1270 51 8
270 402 19 10
270 518 7 11
270 553 44 11
270 1075 25 7
271 273 46 11
271 567 3 13
271 587 9 3
271 667 33 4
271 695 35 12
271 730 36 1
271 794 51 2
271 1007 40 1
271 1138 56 3
272 325 7 1
272 449 28 15
272 496 15 5
272 756 52 13
272 907 25 14
272 976 38 12
272 1176 39 14
272 1302 3 14
272 1331 48 8
273 486 27 8
273 589 37 12
273 621 42 10
273 676 6 15
273 903 1 14
273 927 52 3
273 1003 52 6
273 1078 59 4
273 1133 48 1
273 1202 51 14
273 1248 56 15
273 1332 14 12
274 521 55 5
274 566 13 14
274 732 17 1
274 761 4 14
274 832 10 8
274 998 9 3
274 1129 31 15
274 1220 4 10
274 1282 15 10
274 1342 8 2
275 408 17 6
275 560 25 4
275 968 12 7
276 460 1 15
276 756 12 15
276 812 34 7
276 835 15 6
276 1082 22 9
276 1243 35 7
277 306 18 15
277 578 24 10
277 863 47 2
277 1093 53 7
277 1103 35 1
277 1124 22 4
277 1247 54 6
277 1291 28 14
278 283 48 3
278 695 24 11
278 736 13 2
278 925 37 4
278 935 31 15
278 955 1 4
279 355 53 1
279 462 49 2
279 531 22 13
279 559 42 9
279 637 30 14
279 742 59 6
279 1349 44 9
280 289 39 7
280 312 3 8
280 645 32 2
280 723 3 7
280 846 21 3
280 917 11 3
280 928 51 3
280 1176 18 3
280 1199 2 7
280 1306 13 14
281 373 45 11
281 756 10 10
281 944 18 12
281 970 23 4
282 784 60 14
282 1093 36 3
282 1231 17 12
282 1294 17 5
283 303 25 7
283 474 38 14
283 491 9 5
283 608 33 13
283 703 22 6
283 756 51 3
283 932 41 11
283 1344 18 3
283 1359 14 13
284 331 49 3
284 442 38 9
284 443 19 9
284 546 21 15
284 772 34 12
284 792 29 3
284 972 52 11
284 1181 21 7
284 1199 1 15
284 1248 7 15
284 1268 37 15
285 583 11 8
285 593 7 12
285 636 49 8
285 699 57 6
285 773 9 8
285 791 49 8
285 793 59 14
285 984 56 11
285 993 27 1
285 1308 48 1
286 303 43 8
286 631 22 4
286 818 58 13
286 1221 47 2
286 1360 39 12
287 365 26 13
287 520 27 6
287 574 6 3
287 641 16 7
287 648 8 13
287 933 9 1
287 944 31 4
287 1215 48 6
287 1289 32 7
288 302 19 13
288 442 14 9
288 594 40 2
288 627 39 5
288 721 37 14
288 1181 26 8
289 322 54 3
289 356 52 1
289 835 51 14
289 886 12 14
289 949 16 6
289 959 49 1
289 1100 32 9
289 1330 54 2
289 1331 31 12
290 433 31 9
290 623 1 6
290 690 23 15
290 1333 33 11
291 397 58 15
291 438 31 13
291 579 13 12
291 1165 38 14
292 826 22 10
292 1011 53 8
292 1120 3 6
292 1263 52 4
292 1340 9 13
293 468 46 15
293 557 20 10
293 1147 44 15
293 1188 46 3
293 1225 39 14
294 418 13 2
294 642 32 1
294 939 41 6
294 1132 43 6
294 1262 55 3
295 718 15 2
295 850 40 9
295 1059 22 3
296 421 16 5
296 449 35 5
296 773 15 4
296 834 41 10
296 1336 12 9
297 333 32 4
297 342 34 1
297 458 31 14
297 534 46 3
297 1057 32 11
297 1143 13 15
297 1180 15 14
298 308 16 10
298 445 22 15
298 659 60 14
298 784 31 2
298 820 24 5
298 896 28 12
298 987 50 6
298 1100 53 9
298 1304 47 13
299 342 28 4
299 386 42 10
299 391 41 14
299 614 58 5
299 1066 15 3
299 1069 51 13
299 1159 46 9
300 367 11 15
300 688 20 8
300 749 21 4
300 775 35 8
300 1178 56 1
301 516 42 6
301 521 16 1
301 806 37 5
301 971 41 6
301 1230 21 15
301 1323 54 8
302 333 11 9
302 652 18 2
302 701 15 5
302 714 9 8
302 800 4 5
302 817 54 12
302 1070 24 15
302 1091 57 10
302 1197 47 1
302 1235 14 2
302 1263 59 6
302 1352 20 15
303 500 52 4
303 581 39 14
303 589 53 12
303 763 39 12
303 798 47 9
303 1074 45 3
303 1090 37 10
303 1125 32 2
303 1223 58 13
303 1256 19 2
303 1289 55 15
303 1315 13 1
303 1355 44 4
304 385 29 14
304 1280 5 7
304 1320 4 13
304 1323 35 5
305 343 23 9
305 493 57 5
305 855 15 2
305 866 4 10
305 899 59 12
305 964 15 7
305 974 55 3
305 1331 11 5
305 1359 20 11
306 491 17 8
306 599 49 6
306 873 4 13
306 1019 33 7
306 1288 50 2
307 451 43 13
307 897 47 8
307 939 44 4
307 1063 3 2
307 1341 5 14
308 327 55 11
308 389 50 14
308 1227 25 12
309 1216 42 11
310 349 9 12
310 444 53 4
310 615 4 13
310 827 13 14
310 1332 56 11
311 796 27 2
311 844 11 3
311 952 26 6
311 1035 47 7
311 1149 34 1
311 1227 45 10
311 1238 12 1
311 1284 41 13
311 1290 26 15
312 345 1 4
312 393 54 11
312 535 14 13
312 539 6 10
312 586 46 7
312 598 49 10
312 681 59 10
312 710 51 12
313 370 34 9
313 609 41 12
313 844 23 10
313 935 12 3
313 941 44 9
313 1192 60 15
314 805 37 2
314 852 17 10
314 946 32 4
314 973 9 9
314 984 55 9
314 1088 8 4
314 1175 1 11
315 379 54 4
315 458 16 3
315 609 48 15
315 770 14 3
315 815 32 10
316 414 53 3
316 440 13 2
316 535 11 5
316 570 42 11
316 588 19 2
316 992 39 6
316 1031 9 11
316 1365 13 13
317 341 4 3
317 396 28 11
317 558 48 8
317 917 35 9
317 930 9 8
317 1150 1 14
317 1237 29 2
318 413 35 6
318 568 39 11
318 749 14 14
318 781 16 1
318 870 16 6
318 1117 32 1
318 1121 12 3
318 1255 3 15
319 404 32 14
319 422 15 8
319 650 40 9
319 690 26 10
319 811 16 6
319 930 6 11
319 1368 22 2
320 830 37 5
321 382 5 5
321 690 59 14
321 717 12 8
321 723 39 12
321 759 57 5
321 800 27 12
321 806 17 4
321 911 15 7
321 979 3 10
321 1061 10 7
321 1083 1 2
321 1129 45 8
322 352 57 8
322 371 58 15
322 388 7 14
322 566 44 3
322 583 54 7
322 1067 47 10
322 1119 37 11
322 1139 23 1
323 387 60 2
323 467 21 10
323 516 28 7
323 524 17 2
323 612 9 4
323 663 9 11
323 688 49 13
323 767 32 7
323 1257 28 8
324 548 23 5
324 785 53 9
324 817 46 9
324 1067 16 8
325 580 24 8
325 614 2 8
325 656 38 14
325 849 49 7
325 952 4 3
325 1263 60 5
326 327 18 7
326 849 58 1
327 445 55 11
327 1110 27 14
328 493 22 12
328 524 42 14
328 536 49 2
328 602 38 7
328 618 14 9
328 806 33 3
328 961 42 3
328 1099 12 6
328 1150 20 8
328 1183 54 1
328 1220 37 2
328 1228 4 8
328 1319 55 15
328 1359 55 12
328 1362 10 3
329 447 39 4
329 791 45 2
329 853 46 3
329 982 7 5
329 1141 15 7
329 1176 47 3
329 1183 42 10
329 1279 38 13
330 332 59 1
330 359 53 13
330 511 54 4
330 670 3 13
330 930 40 9
330 948 35 1
330 1014 47 4
330 1061 60 5
330 1115 30 9
330 1207 26 1
330 1246 50 11
331 398 9 9
331 1031 15 3
331 1149 29 1
331 1203 51 9
331 1307 10 10
331 1317 53 10
331 1347 30 9
332 381 18 15
332 420 33 5
332 440 11 4
332 493 45 3
332 676 32 3
332 981 60 8
332 1054 23 15
332 1217 40 10
333 337 46 1
333 363 34 3
333 471 23 8
333 712 59 4
333 1177 40 8
334 429 16 13
334 621 30 15
334 638 32 5
334 739 27 13
334 1016 56 4
334 1043 34 8
334 1207 19 12
335 486 33 15
335 544 38 5
335 879 18 15
335 1053 9 4
335 1067 58 15
335 1100 59 5
336 835 22 3
336 945 15 6
336 989 24 9
336 1010 22 2
336 1338 44 4
336 1346 3 11
337 389 9 10
337 958 13 11
337 976 2 11
337 1203 44 9
337 1283 60 2
338 357 36 3
338 816 19 6
338 896 24 8
338 922 57 5
338 1119 21 5
339 408 2 13
339 656 41 2
339 712 50 8
339 949 46 7
339 977 55 6
339 1019 19 12
339 1332 4 11
340 921 31 7
341 449 4 1
341 797 39 2
341 1166 48 8
341 1283 5 8
342 541 50 14
342 626 16 2
342 872 50 4
342 1017 31 8
342 1155 18 2
342 1226 40 6
342 1318 39 4
343 359 41 4
343 766 19 11
343 955 59 13
343 1139 4 11
343 1237 31 1
344 368 10 5
344 403 28 6
344 614 1 9
344 675 17 6
344 1114 4 2
344 1176 19 8
344 1220 27 13
344 1224 42 8
344 1249 57 1
344 1272 9 15
345 487 52 12
345 513 3 1
345 674 39 2
345 887 6 10
346 530 3 13
346 533 3 10
346 608 50 3
346 794 55 1
346 916 18 9
346 1187 27 10
346 1203 60 15
347 509 7 11
347 845 26 4
347 1044 29 5
348 399 37 6
348 695 6 7
348 811 12 7
348 856 13 12
348 1175 11 2
349 511 54 9
349 965 45 9
349 981 18 13
349 1059 18 13
349 1275 4 4
350 401 25 12
350 851 26 4
350 863 25 8
350 899 16 8
350 1277 55 11
351 407 16 13
351 762 27 7
351 849 27 12
351 900 24 5
351 928 22 8
351 1222 2 10
351 1260 32 9
352 481 47 8
352 552 41 6
352 697 37 1
352 724 33 3
352 766 11 1
352 1238 25 5
353 470 22 12
353 480 46 5
353 544 10 10
353 608 2 15
353 887 38 9
353 921 15 5
353 986 54 5
353 1038 22 1
353 1220 36 14
353 1267 6 1
354 699 29 3
354 802 16 7
354 850 24 11
354 1265 48 9
354 1299 45 1
354 1352 17 7
355 472 59 13
355 729 53 4
355 764 4 6
355 797 40 10
355 838 26 3
355 899 44 15
355 913 7 1
355 1174 14 3
355 1316 20 15
355 1366 31 13
356 542 10 9
356 565 42 3
356 1210 32 3
357 416 38 9
357 425 51 5
357 484 21 4
357 606 44 13
357 834 44 12
357 884 44 15
357 1022 46 2
357 1166 5 4
358 758 29 8
358 1057 42 11
358 1350 32 6
359 382 40 10
359 439 19 13
359 570 30 1
359 616 46 2
359 676 34 13
359 738 2 11
359 1251 58 1
360 589 26 1
360 687 9 7
360 735 29 5
360 824 21 13
360 999 26 2
360 1048 24 8
360 1081 49 2
360 1113 36 11
361 402 41 4
361 447 25 7
361 677 43 11
361 782 20 9
361 832 29 2
361 860 29 12
361 1026 24 1
361 1034 40 7
362 447 47 15
362 469 37 14
362 575 6 3
362 585 16 3
362 736 59 4
362 796 36 14
362 1097 27 5
363 417 41 6
363 472 32 8
363 640 17 4
363 652 40 10
363 928 37 12
363 1054 58 13
363 1058 14 13
363 1136 25 6
363 1161 27 2
364 445 16 15
364 669 14 6
364 746 8 8
364 1061 3 3
364 1203 46 7
364 1207 46 8
364 1209 58 8
364 1219 6 13
364 1344 58 15
365 390 60 10
365 456 20 6
365 1155 12 11
366 611 15 6
366 742 9 11
366 752 55 4
366 947 7 2
366 956 38 7
366 1076 58 11
366 1278 41 2
367 553 45 1
367 582 2 2
367 678 4 3
367 1063 26 3
367 1114 37 4
368 483 27 6
368 589 4 15
368 654 3 5
368 722 7 14
368 830 6 12
368 869 6 9
368 997 52 13
368 1092 1 1
369 473 34 13
369 561 15 4
369 585 26 2
369 781 59 7
369 921 2 10
369 938 9 8
369 1321 40 5
370 493 3 14
370 494 57 15
370 519 2 10
370 532 12 11
370 1225 8 11
370 1256 5 14
371 401 52 12
371 819 1 12
371 947 34 12
371 979 11 15
371 1227 19 3
371 1308 55 2
371 1348 51 1
372 420 11 14
372 442 4 13
372 594 41 13
372 597 50 13
372 613 24 3
372 796 57 13
372 885 2 12
372 1010 54 10
372 1077 57 1
373 377 6 1
373 770 48 6
373 1220 12 12
373 1259 55 3
374 388 21 8
374 658 20 9
374 673 20 15
374 918 27 8
374 1109 46 5
374 1154 8 7
374 1239 23 2
374 1277 39 4
375 432 5 11
375 793 39 2
375 1001 1 10
375 1079 26 7
375 1322 52 14
376 528 10 2
376 668 14 1
376 826 26 9
376 988 33 9
376 1182 39 12
376 1231 8 3
377 428 28 7
377 637 26 12
377 773 50 13
377 792 43 3
377 800 17 13
377 869 39 4
377 933 41 10
377 948 41 14
377 1000 32 4
377 1094 15 1
377 1095 59 2
377 1309 25 12
378 462 29 5
378 553 56 14
378 612 54 12
378 806 4 6
378 881 45 14
378 940 54 11
378 1107 13 12
378 1120 19 15
378 1203 14 4
379 431 43 14
379 494 4 15
379 580 18 7
379 611 40 5
379 888 44 4
379 1213 8 3
379 1323 12 2
380 412 25 14
380 463 1 14
380 845 47 5
380 1353 49 15
381 437 32 15
381 484 20 8
381 625 20 5
381 677 30 9
381 773 52 13
381 801 12 9
382 541 6 14
382 601 9 5
382 828 38 13
382 1061 49 10
382 1080 32 5
383 713 5 3
383 714 41 3
383 918 14 9
383 1001 45 12
384 512 23 3
384 606 35 5
384 761 47 8
384 805 59 12
384 948 11 6
384 1043 14 7
384 1266 9 11
385 496 47 8
385 792 58 15
385 908 30 8
385 962 54 15
385 1004 38 11
385 1146 22 4
385 1361 38 10
386 863 16 9
386 1067 55 11
386 1144 24 2
386 1280 49 15
386 1302 39 14
387 638 5 15
387 643 5 15
387 729 45 15
387 1282 17 13
387 1306 55 1
387 1348 45 11
388 747 59 7
388 782 36 10
388 820 41 7
388 845 55 7
388 1332 10 13
389 619 46 7
389 913 17 13
390 563 21 12
390 856 11 5
390 1125 41 1
390 1205 12 8
390 1225 5 15
390 1271 28 10
391 622 34 15
391 643 29 6
391 650 57 7
391 688 26 5
391 899 43 4
391 962 32 12
391 1154 12 7
392 849 51 6
392 1102 15 10
392 1337 25 4
393 418 23 7
393 495 40 9
393 684 30 5
393 977 33 6
393 1035 36 9
394 397 43 14
394 532 43 5
394 589 34 15
394 1134 42 1
394 1232 53 11
394 1320 46 2
395 435 9 4
395 471 14 7
395 678 30 10
395 774 4 9
395 1101 54 13
395 1192 3 11
396 577 31 8
396 614 60 12
396 887 2 7
396 965 46 8
396 1204 54 10
396 1233 52 8
397 455 4 4
397 512 37 7
397 1176 23 12
398 475 47 3
398 1112 27 14
398 1175 60 8
398 1252 52 14
399 568 5 6
399 649 56 14
399 711 23 1
399 722 55 1
399 1068 58 5
399 1154 13 13
399 1155 60 12
399 1265 1 4
399 1284 56 13
399 1316 39 1
399 1319 8 8
399 1327 16 1
400 491 22 4
400 685 48 13
400 736 34 10
400 866 27 1
400 876 11 5
400 1227 51 4
400 1257 49 8
401 427 58 15
401 491 56 7
401 634 38 13
401 679 4 4
401 696 43 5
401 780 28 7
401 862 41 7
401 1018 32 8
401 1330 9 9
402 633 38 13
402 662 17 9
402 1068 55 13
402 1234 55 11
402 1368 6 8
403 408 27 2
403 659 44 9
403 909 49 3
403 1041 4 3
404 957 31 9
404 1114 16 13
404 1234 18 1
404 1291 1 6
405 524 54 5
405 561 41 4
405 755 24 12
405 810 25 7
405 970 20 15
405 1128 29 13
406 597 53 8
406 949 17 4
406 1284 26 1
407 578 25 7
408 554 14 15
408 807 57 12
408 910 40 9
408 1118 52 14
408 1260 17 10
408 1364 11 15
409 458 9 9
409 688 49 4
409 743 12 7
409 962 6 4
409 1332 51 13
409 1352 27 12
409 1367 43 4
410 527 6 1
410 899 30 10
410 995 47 11
410 1111 25 2
410 1121 47 6
410 1222 50 13
411 457 51 11
411 744 35 11
411 791 22 8
411 1056 3 8
412 421 6 12
412 682 58 4
412 811 4 12
412 1235 13 8
412 1249 59 13
412 1354 45 15
413 721 10 1
413 729 36 3
413 888 1 7
413 1230 15 12
413 1267 3 8
413 1299 1 11
414 749 27 12
414 943 3 5
414 1142 32 12
414 1184 44 12
414 1311 20 14
415 587 27 2
415 755 37 7
415 894 21 7
415 1123 44 5
416 621 58 10
416 792 51 3
416 1034 12 6
416 1138 18 15
417 756 12 8
417 862 3 3
417 1082 19 6
417 1173 17 8
418 545 59 8
418 631 57 4
418 671 16 3
418 930 37 1
418 956 53 3
418 1039 52 2
418 1211 29 11
418 1256 24 15
420 503 25 14
420 637 40 10
420 692 27 10
420 707 46 8
420 911 21 9
420 1092 52 15
420 1337 49 2
421 651 54 5
421 752 56 12
421 1254 17 1
422 655 45 4
422 895 21 14
422 1013 35 2
422 1206 20 14
423 546 58 9
423 765 16 6
423 792 36 15
423 862 46 1
423 945 28 7
423 1234 8 6
423 1352 37 3
424 624 44 8
424 934 27 9
424 997 40 14
424 1085 11 9
424 1114 55 9
424 1361 16 5
425 889 14 8
425 950 39 1
425 1094 56 3
425 1136 50 1
425 1147 54 1
426 551 50 4
426 560 53 11
426 659 55 8
426 818 31 10
426 828 10 5
426 960 30 2
426 1040 8 12
426 1045 27 5
426 1176 15 13
426 1180 46 11
427 819 39 9
427 899 53 8
427 932 9 6
427 996 44 12
427 1135 2 3
427 1254 33 3
427 1292 14 2
427 1330 29 12
427 1359 36 12
428 693 2 6
428 1085 53 15
429 694 46 7
429 966 13 6
429 1079 7 13
429 1209 28 5
430 435 4 14
430 498 60 11
430 716 12 10
430 757 12 6
430 768 20 7
430 783 13 7
430 905 4 4
430 935 28 11
430 938 14 11
430 1328 10 6
431 474 23 11
431 610 58 1
431 1216 39 7
431 1255 58 1
432 985 46 15
432 1015 60 9
432 1079 36 8
432 1161 38 11
432 1307 5 5
433 459 19 9
433 814 47 3
433 915 12 7
433 928 59 9
433 1135 13 15
433 1312 26 12
433 1313 50 4
434 447 15 4
434 450 14 1
434 498 60 13
434 569 37 3
434 603 18 12
434 843 21 5
434 1084 21 6
434 1141 23 8
435 987 52 8
435 1033 37 6
435 1137 1 3
435 1149 2 9
436 570 58 14
436 931 4 5
437 480 25 15
437 482 35 14
437 577 6 7
437 763 36 14
437 782 16 8
437 909 60 3
438 627 37 1
438 1162 18 8
439 585 20 4
439 814 6 15
439 819 54 13
439 1025 41 3
440 760 51 9
440 922 12 7
440 970 44 15
441 442 3 6
441 1115 11 2
442 480 5 15
442 713 51 14
442 741 6 8
442 774 21 8
442 1049 24 13
442 1114 18 8
442 1284 28 9
443 536 2 8
443 551 51 6
443 667 52 2
443 747 8 2
443 889 37 12
443 1096 11 5
443 1141 50 5
444 729 49 12
444 823 45 11
444 853 3 6
444 1097 40 1
444 1128 41 5
444 1204 1 1
445 458 6 9
445 818 32 8
445 980 45 5
445 1091 10 6
445 1123 39 11
446 946 26 6
446 1032 59 10
446 1215 17 12
446 1307 37 10
447 466 49 4
447 647 3 2
447 845 58 5
447 1135 58 13
447 1209 34 12
447 1314 4 5
448 666 2 1
448 697 50 13
448 759 60 4
448 869 28 2
448 886 50 10
448 949 3 1
448 1190 43 7
448 1240 18 14
448 1288 60 5
449 560 34 3
449 1258 47 9
450 571 12 5
450 820 36 6
450 837 19 2
450 1016 24 9
450 1067 50 10
450 1188 53 8
451 834 32 10
451 1343 33 4
451 1358 39 10
452 614 30 6
452 620 31 7
452 701 22 14
452 755 16 6
452 942 22 12
453 698 15 8
453 714 15 3
453 904 60 3
453 1072 41 5
453 1161 19 11
453 1257 30 1
454 572 42 14
454 652 9 6
454 654 7 15
454 696 11 11
454 743 18 10
454 955 7 13
454 1129 33 11
454 1357 15 13
455 813 24 6
455 839 20 2
455 844 18 7
455 864 14 13
455 881 7 9
455 964 11 10
455 1058 25 11
455 1223 16 3
455 1315 23 9
456 573 41 5
456 964 42 10
456 973 16 11
456 990 59 13
456 993 40 4
456 1018 33 14
456 1028 55 4
456 1239 17 5
457 870 58 12
457 942 25 12
457 1090 48 1
457 1104 30 6
457 1296 44 7
457 1325 3 6
458 696 6 10
458 748 47 15
458 765 21 7
458 861 46 14
458 1002 7 2
458 1100 56 9
458 1160 30 2
458 1337 56 2
459 702 10 10
459 727 30 1
460 618 9 4
460 995 38 5
460 1034 35 14
460 1120 29 3
460 1134 51 2
460 1273 43 15
461 1057 22 9
462 582 25 10
462 682 8 5
462 800 21 11
462 903 33 1
462 951 26 8
462 1114 55 12
463 543 22 4
463 808 57 7
463 859 23 10
464 479 59 15
464 500 13 1
464 776 44 12
464 800 45 3
465 477 31 5
465 560 53 12
465 583 27 5
465 633 7 1
465 1140 40 15
465 1203 41 2
465 1267 43 7
465 1348 27 13
466 591 46 14
466 618 60 11
466 623 11 9
466 797 47 10
466 905 48 4
466 1104 25 7
466 1113 2 7
466 1152 40 6
467 485 57 3
467 666 15 8
467 935 21 5
467 1160 50 3
468 725 28 12
468 861 33 2
468 973 39 9
468 1006 42 5
468 1024 33 8
468 1047 1 2
468 1294 31 7
469 557 20 2
469 673 18 3
469 776 14 9
469 896 19 13
469 1153 3 4
469 1218 7 14
469 1350 43 10
470 514 44 6
470 619 14 4
470 744 58 5
470 811 45 4
470 970 50 5
470 1007 43 4
470 1069 51 11
470 1129 31 9
470 1187 15 13
470 1209 37 7
470 1280 52 9
470 1334 47 7
471 494 37 9
471 924 20 3
471 1180 44 11
472 703 1 9
472 748 23 14
472 925 7 3
473 750 4 3
473 847 52 3
473 878 37 5
473 893 4 10
473 1166 18 4
474 751 13 11
474 1043 53 2
474 1154 24 12
474 1238 26 8
475 513 24 14
475 572 3 12
475 584 1 1
475 665 34 12
475 1050 59 2
475 1086 60 13
475 1167 1 8
475 1204 1 2
475 1278 4 9
475 1311 11 3
476 522 25 10
476 758 10 1
476 1253 3 8
477 765 34 1
477 772 9 7
477 847 41 8
477 879 6 13
477 902 59 1
477 1338 16 12
478 773 23 5
478 806 47 6
478 1312 6 14
479 1055 40 3
479 1108 18 12
479 1139 16 4
479 1272 58 11
480 775 47 7
480 778 29 12
480 918 16 6
480 952 24 1
480 1090 36 10
480 1149 47 9
480 1203 44 1
480 1255 44 14
480 1257 51 13
481 576 27 10
481 810 9 15
481 845 28 3
481 970 8 6
481 1063 20 14
481 1133 33 2
481 1165 49 11
481 1229 2 15
481 1306 31 8
481 1307 41 11
482 605 25 7
482 638 55 10
482 716 32 8
482 1067 53 10
482 1073 22 3
482 1167 16 9
482 1311 11 14
483 657 37 14
483 713 26 5
483 940 3 10
483 981 6 15
483 1030 3 1
483 1092 54 9
483 1122 37 15
483 1149 28 6
484 517 50 8
484 872 57 11
484 897 48 11
484 1031 39 14
484 1305 51 12
484 1356 35 4
485 786 18 9
485 871 17 2
485 1131 23 10
485 1296 3 15
485 1366 46 13
486 582 58 10
486 675 55 3
486 765 10 9
486 837 46 4
486 899 35 2
486 1125 16 2
486 1134 15 15
486 1297 11 3
487 498 36 6
487 531 41 6
487 864 56 6
487 1016 51 14
487 1262 43 6
487 1328 18 12
488 778 40 15
488 862 52 8
488 967 31 11
488 1089 19 4
488 1115 10 13
488 1207 1 7
488 1237 36 9
488 1316 60 3
489 579 26 13
489 601 49 3
489 708 4 1
489 793 36 9
489 1081 52 7
489 1086 42 10
489 1323 46 12
490 721 20 14
490 780 5 8
490 1188 18 12
490 1334 38 13
490 1366 55 1
491 534 46 8
491 736 57 13
491 1254 58 11
492 574 43 3
492 714 5 15
492 858 60 15
492 895 26 10
492 1161 12 1
492 1363 48 5
493 639 60 6
493 828 36 4
493 913 23 4
493 978 47 6
493 1191 2 15
493 1261 17 11
493 1291 22 14
494 647 22 11
494 825 14 13
494 934 46 11
494 998 59 7
494 1041 29 2
494 1067 15 5
494 1126 33 14
495 589 50 8
495 854 25 12
495 1277 56 7
495 1282 48 12
495 1350 44 2
495 1366 44 5
496 509 42 6
496 784 36 10
496 1149 33 15
497 570 35 7
497 1109 13 5
497 1165 33 4
497 1329 39 6
498 845 51 1
498 892 9 2
498 1068 27 15
498 1108 49 9
498 1182 11 5
498 1337 12 1
498 1355 7 9
499 511 39 14
499 514 20 4
499 596 52 1
499 636 23 4
499 638 48 5
499 1035 55 10
500 606 1 13
500 935 10 4
500 1318 58 6
501 816 21 1
501 1333 14 4
502 639 57 6
502 913 13 7
502 949 38 15
502 1013 13 8
502 1115 52 14
503 933 13 10
503 1133 14 3
504 1022 16 11
504 1076 37 1
504 1128 59 2
505 755 10 11
505 891 46 11
505 944 35 13
505 1066 34 7
505 1179 16 7
505 1229 58 1
506 701 24 9
506 976 4 8
506 1061 9 1
506 1109 41 6
506 1165 7 4
507 590 57 15
507 615 30 9
507 671 50 14
507 683 39 9
507 714 38 12
508 690 40 14
508 717 9 8
508 913 45 6
508 1338 26 9
508 1339 40 1
509 616 32 10
509 633 51 2
509 668 45 5
509 806 21 13
509 1005 16 2
509 1306 25 12
510 726 38 15
510 753 46 3
510 932 59 13
510 969 13 5
510 1142 45 7
510 1179 52 3
510 1302 11 15
510 1350 28 7
511 676 32 12
511 885 29 11
511 1045 11 9
511 1207 29 3
511 1215 29 9
511 1328 40 10
512 562 56 15
512 734 12 15
512 938 51 7
513 599 21 11
513 780 30 8
513 1127 45 14
513 1207 37 11
513 1226 41 12
514 726 4 7
514 863 31 9
514 1032 57 3
515 599 2 1
515 633 54 7
515 778 18 2
515 1106 37 13
515 1328 37 7
516 517 59 2
516 897 4 15
516 1336 12 9
517 586 17 15
517 625 26 13
517 627 16 2
517 858 18 10
517 1029 21 8
517 1114 3 5
517 1135 5 11
517 1137 8 14
518 822 43 8
518 1006 14 1
518 1131 15 3
518 1185 2 11
518 1333 8 14
519 573 50 7
519 695 20 14
519 949 47 10
519 991 21 10
519 992 26 12
519 1001 31 2
519 1160 5 3
519 1174 59 9
520 591 4 6
520 701 26 2
520 1132 48 10
521 629 19 1
521 821 42 4
521 955 9 8
521 1000 58 11
521 1080 60 13
521 1195 39 2
521 1198 38 1
522 918 54 9
522 1237 32 7
522 1299 21 8
523 1019 40 3
523 1036 31 14
523 1267 55 1
523 1273 55 4
523 1324 28 5
523 1335 37 1
523 1359 49 3
524 905 24 1
524 980 54 2
524 988 20 9
524 1056 29 12
525 561 27 15
525 952 54 2
525 964 60 10
525 1216 3 8
526 707 53 4
526 886 11 12
526 984 25 13
526 986 59 14
526 1083 5 5
526 1184 59 9
527 599 2 9
527 616 8 4
527 1080 43 5
527 1221 35 5
527 1268 59 9
528 998 20 9
528 1036 33 11
528 1259 47 12
528 1273 38 9
529 705 15 7
529 873 41 8
529 1022 32 13
529 1125 57 9
530 588 15 6
530 604 26 4
530 625 29 2
530 1130 31 1
530 1219 47 1
531 859 31 9
531 907 15 11
532 565 58 9
532 643 9 11
532 1025 48 14
533 631 48 7
533 710 49 14
533 740 24 3
533 902 46 2
533 905 2 1
534 1059 5 6
534 1136 52 4
534 1330 27 13
535 691 21 4
535 841 28 1
535 1011 25 4
535 1352 45 5
536 647 39 15
536 679 33 4
536 1086 24 1
537 1028 5 9
538 643 39 9
538 736 18 7
538 807 19 4
538 838 60 12
538 1070 60 14
538 1103 49 12
538 1309 7 12
539 598 21 14
539 1064 7 15
539 1065 6 2
539 1338 47 11
540 599 50 7
540 659 29 1
540 660 6 7
540 704 6 4
540 764 12 11
540 865 32 15
540 893 56 10
540 1235 48 10
540 1263 11 12
541 542 7 8
541 597 46 9
541 617 60 11
541 618 34 3
541 988 18 12
541 1135 37 6
541 1178 12 4
541 1273 41 6
542 743 11 7
542 761 6 5
542 764 19 2
542 896 50 13
542 1158 11 10
542 1365 53 12
543 621 24 8
543 1260 12 3
543 1296 54 13
543 1304 12 9
544 686 56 3
544 760 39 10
544 918 12 6
544 945 27 1
544 1248 50 13
545 608 13 6
545 825 6 9
545 1143 27 13
545 1163 36 1
545 1326 45 2
546 673 57 5
546 765 57 4
546 799 44 5
546 815 24 8
546 1044 18 2
546 1192 39 7
546 1234 12 9
546 1308 32 2
546 1316 32 3
547 964 36 4
547 1051 50 2
547 1259 31 1
548 861 55 15
548 1147 5 10
549 691 54 9
549 847 36 15
549 858 45 5
549 897 21 2
550 716 13 14
550 949 19 5
550 1099 25 11
550 1168 29 8
551 734 43 10
552 1057 4 11
552 1095 59 5
552 1187 24 11
553 661 60 4
553 1089 48 5
553 1208 19 11
553 1361 37 15
554 627 26 3
554 1108 53 3
554 1116 56 2
554 1239 1 15
554 1329 10 9
555 916 4 11
555 1189 11 6
555 1230 57 12
555 1280 6 15
556 1083 18 8
556 1366 53 14
557 709 45 8
557 750 56 12
557 1224 1 5
557 1323 13 13
557 1347 22 3
558 831 21 8
558 1184 8 4
559 846 7 5
559 1005 17 1
559 1056 9 2
559 1252 57 2
560 589 42 10
560 677 27 6
560 789 38 3
560 942 52 6
560 1036 28 15
560 1120 40 6
560 1364 26 1
561 750 11 5
561 840 4 10
561 975 23 12
561 1098 19 14
561 1305 12 5
561 1338 40 13
562 627 2 12
562 630 56 5
562 637 11 13
562 649 5 12
562 653 56 4
562 778 10 15
562 1179 23 3
562 1352 1 15
563 731 30 5
563 968 13 6
563 1101 48 10
563 1216 35 3
564 959 42 11
564 1009 18 15
565 754 42 5
565 780 44 5
565 911 29 7
565 1159 14 15
565 1160 45 10
566 628 54 10
566 791 43 3
566 943 42 4
566 944 14 6
566 1264 20 15
566 1286 58 2
566 1297 40 1
567 580 23 12
567 618 26 2
567 793 3 11
567 952 4 7
567 988 37 10
567 997 35 13
567 1113 36 14
567 1324 52 8
568 723 38 6
568 1291 40 9
568 1303 25 8
568 1305 37 1
569 628 23 14
569 680 51 8
569 697 59 13
569 843 24 13
569 1268 13 9
569 1337 59 6
570 1059 16 1
571 977 25 4
571 1107 8 9
571 1121 40 13
571 1193 2 5
572 742 14 3
572 909 44 10
572 938 37 6
572 1009 46 5
572 1312 53 11
573 619 20 4
573 629 47 14
573 814 57 9
573 854 46 6
574 974 39 15
574 1217 8 5
575 676 44 8
575 733 15 9
575 1117 38 7
576 732 9 5
576 762 17 1
576 783 4 12
576 1169 41 11
577 842 55 13
577 907 43 13
577 999 39 4
577 1134 5 12
577 1291 32 5
578 1062 23 7
578 1253 38 6
578 1277 52 12
579 631 32 7
579 668 53 4
579 690 9 14
579 1118 31 10
579 1177 43 8
579 1232 11 13
580 747 31 4
580 1123 16 4
580 1151 53 6
580 1273 13 1
581 918 45 15
581 1048 30 2
581 1053 23 4
582 749 40 2
582 896 8 9
582 1089 22 9
582 1130 46 4
582 1221 39 2
582 1229 24 11
582 1235 51 2
582 1300 18 10
583 639 22 11
583 749 15 1
583 769 38 14
584 605 38 13
584 669 23 5
584 707 20 11
584 934 33 1
584 958 20 6
584 1104 36 4
585 671 52 10
585 930 22 10
585 1009 15 5
585 1149 52 9
585 1323 27 7
586 645 59 15
586 1324 15 6
587 802 27 5
587 1351 6 7
588 1170 34 5
588 1254 16 1
589 639 1 13
589 1089 31 4
589 1341 3 13
590 860 1 3
590 1085 57 4
591 623 44 8
591 756 8 13
591 815 22 10
591 1079 9 8
591 1235 4 7
592 804 32 5
592 932 26 3
592 947 18 2
592 1195 1 10
593 607 40 12
593 743 30 5
593 774 46 4
593 960 13 8
593 1145 12 5
593 1188 34 15
593 1291 19 2
594 728 29 14
594 807 29 11
594 895 21 3
594 980 53 4
594 1199 51 4
594 1364 51 15
595 889 7 2
595 979 29 7
595 1084 11 10
595 1148 41 15
595 1183 27 13
595 1219 14 15
596 632 17 8
596 872 36 4
596 944 1 12
596 1074 58 8
597 621 41 15
597 666 55 1
598 711 51 7
598 729 35 2
598 742 36 3
598 759 37 5
598 952 32 12
598 1023 11 14
598 1177 1 11
599 736 26 1
599 1091 12 14
599 1265 37 13
600 833 57 9
600 1111 50 4
601 613 45 7
601 621 21 13
601 649 54 3
601 730 56 10
601 1111 60 6
601 1253 26 8
602 734 49 6
602 813 46 11
602 992 11 14
602 1136 3 4
602 1295 49 9
603 769 37 3
603 1059 34 10
603 1075 26 7
603 1265 24 10
604 759 22 10
604 1005 51 11
604 1223 2 3
604 1283 36 8
605 643 8 13
605 749 57 7
605 1066 49 11
605 1168 7 2
605 1250 3 13
605 1286 40 12
605 1355 6 15
606 802 41 11
606 1101 25 6
606 1109 20 5
607 695 42 14
607 797 33 4
607 1236 41 3
607 1249 42 13
607 1251 54 4
608 772 12 10
608 940 29 11
608 1010 47 1
608 1062 45 1
609 812 36 9
609 897 60 6
609 1084 56 6
609 1159 54 1
609 1339 4 2
609 1356 41 4
610 1017 12 5
610 1087 41 2
610 1287 37 4
611 865 7 12
611 903 13 13
611 1100 9 13
611 1259 56 2
612 692 54 14
612 734 58 7
612 774 34 7
612 1237 14 11
612 1291 17 11
612 1302 44 8
612 1331 7 15
613 681 23 7
613 981 9 1
613 1006 30 12
613 1021 58 5
613 1241 53 4
613 1310 60 10
613 1334 54 9
614 615 58 11
614 633 49 6
614 830 19 4
614 941 22 15
614 1196 1 2
614 1304 59 2
615 735 8 12
615 833 13 3
616 757 55 13
616 952 13 5
616 1324 4 9
617 836 46 3
617 1034 4 11
617 1148 51 14
617 1317 34 9
618 721 41 15
618 920 19 1
618 981 37 6
619 676 40 1
619 811 47 11
619 1103 44 1
619 1176 4 6
619 1223 3 1
620 946 40 7
620 1051 3 5
620 1122 27 11
620 1231 40 10
621 858 6 6
621 1048 3 8
621 1106 46 4
622 972 39 8
622 1026 1 5
623 707 8 6
623 782 53 11
623 986 18 5
623 996 27 6
624 920 19 4
624 930 4 1
624 968 44 2
624 994 44 11
624 1304 43 11
624 1321 42 5
625 709 30 3
625 747 58 7
625 928 30 1
625 1299 43 5
625 1350 43 8
626 747 33 8
626 1152 59 12
626 1205 33 10
627 651 54 12
627 771 11 12
627 988 31 1
627 1015 32 13
627 1048 10 5
627 1161 48 6
627 1171 39 9
627 1226 29 3
628 800 30 14
628 1006 14 12
628 1049 21 9
628 1208 21 6
628 1361 2 5
629 710 50 9
629 873 53 11
629 935 46 8
629 983 35 14
629 1034 43 1
629 1036 23 1
629 1132 18 1
630 680 40 10
630 813 33 12
630 826 48 2
630 1031 40 15
630 1286 57 15
630 1290 31 6
631 815 59 8
631 887 11 14
631 906 43 6
631 953 11 14
631 1011 58 7
631 1173 44 6
631 1290 6 7
631 1326 52 12
632 821 9 10
632 968 15 8
632 1015 16 1
632 1100 36 7
632 1303 58 12
632 1332 31 9
633 733 52 5
633 765 3 3
633 842 3 5
633 971 28 9
633 1265 50 7
633 1275 9 11
634 713 10 12
634 822 27 10
634 883 8 9
635 1144 38 6
635 1181 41 1
635 1223 36 12
636 1006 43 12
636 1298 53 8
637 677 34 10
637 855 60 4
637 1065 23 8
637 1075 25 13
637 1256 54 2
637 1329 45 8
638 989 55 12
639 710 10 8
639 952 34 14
639 1177 38 4
640 649 40 11
640 948 44 1
640 1041 12 2
640 1169 48 2
640 1195 55 13
641 825 28 12
641 871 3 5
641 884 44 13
641 900 31 1
641 1138 53 2
641 1366 26 8
642 712 60 13
642 830 51 3
642 1045 10 4
643 646 9 6
643 874 48 12
643 925 16 7
644 991 50 5
644 1320 16 9
645 841 15 14
645 965 46 7
645 1146 40 10
645 1281 38 4
646 681 35 12
646 967 52 11
646 1186 51 7
646 1187 40 13
646 1286 3 3
646 1324 33 14
647 651 48 7
647 745 5 13
647 785 9 12
647 841 49 8
647 908 50 3
647 1077 9 4
647 1086 54 3
647 1196 43 3
648 723 9 10
648 731 35 3
648 765 3 4
648 810 23 15
648 927 20 15
648 1345 46 7
649 898 40 9
649 966 19 15
649 1015 11 2
650 718 8 5
650 721 2 12
650 1244 41 5
652 658 3 13
652 787 36 1
652 898 39 7
652 1252 33 6
652 1329 39 5
653 684 39 1
653 688 43 14
653 719 12 13
653 793 57 12
653 1000 6 4
653 1269 40 10
654 745 52 12
654 1042 52 5
654 1048 51 8
654 1224 51 6
655 832 46 3
655 988 15 2
655 1025 14 14
655 1251 29 11
656 702 57 5
656 758 5 1
656 836 15 5
656 1029 6 4
656 1102 44 8
657 658 56 6
657 709 5 3
657 854 5 3
657 932 39 6
657 1282 55 6
658 659 39 2
658 1007 52 9
658 1013 27 11
658 1102 58 7
658 1149 31 7
658 1237 23 3
658 1268 25 3
659 788 58 9
659 937 20 2
659 986 30 1
659 1005 54 11
659 1025 50 5
659 1044 20 7
659 1087 40 5
659 1273 4 13
660 824 15 5
660 1126 2 12
660 1250 30 1
661 813 27 10
661 1104 50 10
661 1172 54 1
661 1174 41 7
662 944 11 8
662 991 58 2
662 1263 22 7
663 895 26 6
663 1172 36 1
664 809 13 1
664 1000 18 15
664 1267 48 3
664 1307 35 7
665 841 21 2
665 961 18 2
666 1046 19 5
667 732 32 9
667 750 44 7
667 776 54 9
667 1048 51 15
667 1177 12 10
667 1199 6 7
667 1247 12 11
668 860 46 14
668 861 52 3
668 1037 11 13
668 1286 27 5
668 1308 27 13
669 902 49 7
669 1107 55 13
669 1213 15 4
670 678 30 12
670 732 26 10
670 1061 55 12
670 1127 14 11
670 1318 44 5
671 732 47 4
671 1274 59 8
672 988 33 8
672 1066 49 6
673 855 54 12
673 1224 12 1
673 1335 3 6
674 884 39 10
674 1261 25 7
675 802 40 13
675 855 5 5
675 1011 45 15
675 1028 28 9
675 1042 43 11
675 1070 59 2
676 693 56 11
676 707 2 12
676 755 12 13
676 791 48 13
676 794 2 3
676 829 17 1
676 855 2 8
676 1066 7 6
676 1095 29 13
676 1141 35 5
677 793 14 2
677 920 52 6
677 1315 27 12
677 1345 19 13
677 1352 29 6
678 792 50 1
678 856 9 7
678 1133 2 7
678 1170 23 13
679 930 31 15
679 1122 6 3
680 696 52 13
680 720 20 2
680 806 35 10
680 820 16 7
680 1147 6 10
680 1203 6 4
680 1292 19 3
681 775 45 12
681 1192 9 12
681 1208 51 12
682 865 21 9
682 1151 41 2
682 1182 51 9
683 699 41 12
683 758 42 13
683 1018 52 4
683 1167 20 4
683 1188 37 8
684 760 14 7
684 892 6 14
684 1041 3 8
684 1229 5 4
684 1275 29 10
685 693 41 3
685 1033 46 14
685 1245 5 15
685 1261 37 5
686 905 46 14
686 1207 16 13
686 1350 55 15
687 691 53 1
687 1275 41 12
687 1294 32 9
688 824 50 11
688 1199 34 5
689 755 58 4
689 866 9 9
689 1084 49 9
690 1036 23 3
690 1050 54 13
690 1198 50 10
690 1251 9 9
691 926 60 7
691 963 58 5
691 990 32 8
692 716 21 1
692 746 44 15
692 981 24 14
693 712 14 11
693 772 35 5
693 969 40 3
693 1082 21 5
693 1354 3 13
694 721 53 5
694 749 10 4
694 782 46 8
694 870 38 4
694 924 13 4
694 1266 21 12
695 846 20 6
695 901 50 3
695 971 35 10
696 934 55 12
697 805 11 9
697 823 12 7
697 862 47 3
697 1038 28 15
698 845 27 15
698 861 55 13
698 1003 11 9
698 1103 37 4
698 1137 3 12
699 1256 56 14
700 714 36 2
700 1050 26 2
700 1200 44 2
701 1031 38 1
701 1148 39 5
701 1187 54 9
701 1308 41 13
702 750 48 11
702 768 8 7
702 806 3 14
702 1083 35 1
702 1203 23 3
702 1298 57 2
702 1310 40 12
703 723 31 5
703 1066 39 4
703 1070 43 15
703 1289 3 10
704 726 8 12
704 1059 60 6
704 1087 47 13
704 1118 23 8
704 1138 51 14
704 1161 43 6
704 1184 11 9
705 785 25 11
705 1225 26 15
705 1322 60 15
706 897 54 9
706 1298 12 1
707 746 60 13
707 754 59 13
707 778 24 9
707 867 35 14
707 937 49 13
707 1053 13 6
707 1113 40 5
707 1272 21 5
708 755 58 14
708 814 58 4
708 931 23 10
708 1098 3 14
708 1136 14 13
708 1263 28 8
708 1325 53 10
709 930 14 7
709 956 36 6
709 1236 60 11
709 1315 48 10
710 743 50 7
710 1266 28 9
710 1278 27 5
711 828 14 15
711 847 25 3
711 914 11 5
711 936 46 7
711 1288 49 9
711 1331 2 9
712 829 33 10
712 851 50 2
712 877 13 8
713 837 10 3
713 961 38 4
713 1080 12 14
713 1089 14 13
714 755 9 8
714 764 33 11
714 879 2 3
714 954 41 7
714 1008 45 12
714 1177 12 13
715 732 4 2
715 805 11 4
715 833 59 6
715 1007 5 11
715 1087 9 15
715 1169 39 8
716 898 57 3
716 1264 1 12
716 1342 28 9
716 1366 18 12
717 1096 49 9
718 803 4 15
718 823 32 3
718 1042 45 12
718 1174 29 4
719 890 49 14
719 1321 37 5
720 860 21 1
720 1189 9 3
720 1278 7 3
721 846 9 10
721 887 28 4
721 1103 23 4
721 1182 39 5
721 1337 28 7
722 812 36 7
722 994 27 1
722 1302 22 7
723 834 51 13
723 850 24 1
723 875 12 10
723 1034 42 15
724 932 60 9
724 1217 46 7
725 794 4 12
725 1080 3 2
725 1277 35 8
726 853 58 4
726 857 35 9
726 861 23 3
726 927 45 15
726 941 53 3
726 1302 3 10
727 769 55 6
727 796 52 4
727 879 19 13
728 923 52 15
728 1096 47 1
728 1292 4 15
729 913 53 10
729 986 39 13
729 1148 1 10
729 1193 1 2
730 842 52 11
730 859 29 1
730 972 12 13
730 1111 37 7
730 1172 56 15
730 1235 4 13
731 835 19 5
731 972 13 14
731 1041 27 2
731 1078 50 1
732 884 35 6
732 891 2 1
732 1303 14 4
733 785 20 13
733 811 37 4
733 985 7 7
733 1109 39 10
734 808 31 7
734 970 44 10
734 1298 51 6
734 1343 2 15
735 1311 45 8
736 766 19 5
736 1344 19 12
737 778 31 12
737 825 35 2
737 848 43 10
738 767 36 6
738 1033 22 15
738 1132 57 4
738 1289 20 6
739 774 44 6
739 833 41 6
739 921 11 13
739 1039 12 3
740 1056 12 13
741 869 23 9
741 1169 59 11
741 1197 35 11
741 1295 49 12
742 743 10 12
742 752 59 13
742 911 17 13
742 1091 51 8
743 811 9 3
743 1124 48 7
744 773 29 9
744 914 29 1
744 917 39 7
745 750 40 9
745 771 5 14
745 968 36 13
745 1032 38 15
745 1068 49 3
745 1184 4 10
745 1199 17 13
746 752 26 5
746 840 46 12
746 944 19 7
746 1139 14 8
747 1075 30 10
747 1076 44 2
747 1086 12 7
748 1102 46 2
748 1273 54 5
748 1325 45 7
749 787 36 13
749 1015 26 14
749 1048 27 12
749 1089 20 1
749 1337 22 11
750 821 8 13
750 852 50 13
750 995 54 10
750 1163 47 3
750 1269 2 13
751 804 30 6
751 989 57 13
751 1334 27 5
752 802 37 12
752 862 45 1
752 1234 1 10
753 839 34 4
753 975 13 7
753 1011 53 10
753 1187 23 1
754 814 20 10
754 1170 50 13
754 1354 5 1
755 779 4 5
755 1037 45 4
755 1068 11 2
755 1172 42 10
755 1241 30 4
755 1325 55 2
756 836 14 4
756 838 49 9
756 994 15 13
756 1313 41 7
757 954 15 5
757 980 4 13
757 1068 54 15
758 1002 35 13
758 1148 15 1
758 1302 36 6
759 793 55 14
759 938 24 15
759 968 33 14
759 1038 32 6
759 1254 44 9
760 809 46 3
760 814 33 5
760 949 4 9
760 1301 51 4
761 962 32 7
761 1230 42 6
761 1237 41 15
761 1334 5 4
762 822 16 5
762 920 18 15
763 852 18 11
763 1184 54 14
763 1198 22 15
763 1225 48 12
763 1248 28 12
763 1255 8 3
764 771 30 1
764 1136 1 9
764 1169 17 3
764 1252 20 5
764 1320 32 6
765 926 15 8
765 995 55 12
766 774 57 9
766 858 12 12
766 887 8 8
766 901 60 12
766 1055 38 12
767 838 12 1
767 1191 55 4
767 1315 51 6
768 849 46 8
768 1034 33 14
768 1169 16 7
769 1005 15 15
769 1192 50 9
769 1285 13 13
769 1334 5 9
770 1164 51 15
771 805 40 11
771 1081 6 9
772 996 16 12
772 1197 5 3
772 1211 3 12
773 915 58 13
773 1155 60 12
774 779 20 14
774 1187 28 15
774 1241 40 14
775 792 38 2
775 876 60 2
775 989 14 12
775 1137 27 11
776 886 1 13
776 1022 39 8
776 1080 30 7
776 1089 40 12
776 1213 25 7
776 1310 48 7
777 969 51 6
777 1103 51 6
777 1165 4 10
777 1342 40 11
778 940 1 2
778 1157 16 4
778 1339 56 4
780 1181 52 13
781 996 23 4
781 1217 4 2
782 960 45 8
783 927 44 9
783 1062 4 3
783 1183 13 2
783 1320 1 3
784 842 49 13
784 898 5 6
784 908 8 15
784 1010 16 1
784 1094 4 5
784 1110 45 10
784 1117 45 12
784 1139 7 12
784 1246 18 1
785 1054 23 9
786 896 7 9
786 936 3 9
786 948 60 6
786 1021 12 14
787 803 13 11
787 1221 20 10
787 1258 47 7
787 1312 46 11
787 1328 4 6
787 1348 26 3
788 950 22 9
788 1188 43 10
788 1265 50 2
788 1312 22 14
789 830 32 11
789 908 34 15
789 984 3 9
789 1125 19 3
789 1178 54 13
789 1336 14 15
790 805 25 6
790 1193 53 11
790 1244 41 13
790 1324 59 1
790 1325 28 13
791 1184 47 3
791 1202 40 11
792 822 42 12
792 974 41 4
792 1100 11 15
792 1123 47 1
792 1294 55 13
793 817 53 7
793 998 55 8
793 1092 2 9
793 1181 29 14
793 1191 39 2
793 1268 27 12
794 801 5 3
794 816 19 5
794 965 51 2
795 825 39 5
795 866 41 6
795 871 1 1
795 1165 25 7
795 1235 25 7
795 1275 15 5
795 1285 47 12
796 860 42 14
796 1113 50 1
796 1182 34 13
797 1014 32 7
797 1211 10 2
798 1118 59 3
798 1211 26 2
798 1330 39 13
798 1368 59 11
799 985 55 7
799 1020 6 3
800 948 37 5
800 1171 41 9
801 815 18 9
801 903 60 9
801 985 14 4
801 1336 16 5
802 1041 21 8
802 1225 59 1
802 1261 47 9
803 865 22 6
803 1037 45 7
803 1064 43 9
803 1067 17 9
805 953 57 10
805 1121 29 3
807 853 34 6
807 890 49 8
807 918 6 8
808 839 24 11
808 917 12 1
808 1325 57 8
809 814 59 7
809 920 41 14
809 997 29 4
809 1002 22 6
809 1051 20 15
809 1108 18 1
809 1340 1 4
810 875 28 5
810 1157 5 7
810 1210 45 1
811 926 10 5
811 1008 48 11
811 1217 23 6
811 1236 49 14
813 822 19 8
813 1039 13 2
813 1363 12 3
814 869 20 12
814 915 48 3
814 971 39 8
815 1087 15 14
815 1225 46 13
816 1145 3 6
816 1168 36 5
817 824 54 4
817 1084 20 4
817 1211 32 13
817 1242 40 11
818 844 48 12
818 897 22 10
818 991 50 14
818 1132 37 2
818 1210 20 14
818 1297 50 4
819 844 10 10
819 1064 14 5
820 1111 21 2
820 1309 35 12
820 1352 17 7
820 1359 48 10
821 1159 33 9
822 833 5 11
822 1085 59 14
822 1103 31 12
822 1165 53 8
823 1042 2 12
824 868 34 8
824 931 15 11
824 937 50 14
824 1108 20 13
825 975 27 10
825 1216 40 8
825 1264 17 2
826 1070 51 7
826 1077 8 10
826 1279 52 12
827 867 51 3
827 1256 46 15
828 855 19 15
828 861 29 7
828 988 46 3
828 1024 30 6
828 1161 51 2
828 1344 49 12
829 1001 9 7
829 1196 24 14
829 1204 58 11
830 839 48 10
830 970 42 2
830 989 57 10
830 1012 27 5
830 1033 40 14
830 1146 42 10
830 1163 8 11
830 1188 17 6
831 872 30 8
831 939 53 6
831 1205 36 11
831 1246 36 8
831 1303 13 14
832 1022 47 11
832 1093 57 2
832 1232 50 15
832 1282 58 10
834 1115 7 4
835 1022 38 2
835 1047 26 3
835 1243 2 11
836 873 22 4
836 1155 20 11
836 1182 8 12
836 1235 35 3
836 1296 45 4
837 852 60 9
837 1139 24 8
837 1206 43 5
838 853 1 2
838 922 22 2
838 1054 31 4
839 1091 19 6
839 1355 42 5
840 989 17 10
840 1175 34 3
840 1348 17 5
841 1124 41 13
842 1045 34 3
842 1342 15 8
843 998 32 13
843 1057 47 7
843 1194 28 7
843 1274 4 8
844 935 36 2
844 947 43 5
845 859 44 14
845 939 16 11
845 1029 56 6
845 1347 55 6
846 938 4 3
846 945 58 10
846 1154 47 15
847 973 30 3
847 1115 39 3
847 1220 26 15
847 1261 6 3
848 989 12 14
848 1140 2 14
849 864 21 6
849 1070 38 7
849 1151 51 10
849 1214 3 9
850 1340 34 7
851 854 7 7
851 984 42 8
851 1075 47 3
852 1052 17 14
853 939 26 1
855 1151 22 6
855 1228 35 3
855 1255 21 5
855 1262 13 12
855 1301 49 10
856 976 57 2
856 1014 33 9
856 1031 36 9
857 904 1 14
857 920 34 1
857 955 36 12
857 975 47 9
857 1045 29 3
857 1068 43 5
857 1095 42 15
857 1147 35 4
857 1268 40 12
858 900 40 9
858 1284 1 4
859 1126 14 3
859 1361 33 1
860 878 53 11
860 1184 9 1
860 1277 20 15
861 1090 7 1
861 1305 43 1
862 936 18 9
862 1000 35 15
863 977 23 5
863 1038 7 4
863 1242 6 15
864 1016 10 10
864 1190 19 3
864 1234 30 14
865 966 10 14
866 1055 60 2
866 1298 16 9
867 1188 49 12
867 1364 39 9
868 920 44 14
868 1115 45 7
869 1170 50 3
869 1241 14 9
869 1253 55 3
870 1051 37 10
870 1154 39 13
870 1164 46 1
870 1225 3 3
870 1249 24 2
870 1274 24 15
871 966 2 5
871 993 2 3
871 997 41 6
871 1086 4 9
872 1038 26 13
872 1093 50 6
873 961 33 10
873 1177 35 1
874 967 23 5
874 1311 45 10
875 968 27 11
875 1244 55 15
875 1300 1 5
876 1083 5 1
877 923 11 2
877 964 19 3
878 936 20 9
878 964 55 10
878 1153 27 3
878 1211 36 8
878 1299 53 7
880 895 19 14
880 976 36 7
880 1339 41 10
881 1080 35 3
881 1273 3 13
881 1331 17 15
882 1020 26 7
882 1101 23 15
882 1334 47 8
882 1368 42 5
883 1141 47 8
883 1240 12 14
884 1145 60 12
884 1150 13 4
885 1058 6 14
885 1237 19 12
887 911 8 4
887 1031 33 11
887 1049 13 11
887 1228 44 13
888 1071 4 1
888 1344 6 12
889 1106 14 9
889 1221 25 2
889 1337 50 15
890 938 43 4
890 1234 48 9
890 1247 14 8
890 1348 41 5
891 999 58 7
891 1089 39 4
891 1300 8 11
892 1117 13 7
892 1120 42 9
892 1274 10 7
892 1336 5 5
893 943 30 7
893 1014 3 7
893 1123 1 7
893 1130 17 2
893 1146 47 11
893 1312 24 15
894 1109 6 12
895 978 34 10
895 1130 24 4
895 1142 37 2
895 1165 34 6
896 1096 3 5
896 1167 2 14
896 1187 8 6
896 1209 35 8
896 1257 7 5
896 1336 15 5
896 1337 12 9
897 1158 16 8
898 911 40 5
898 1048 37 8
898 1079 20 13
898 1191 56 2
898 1358 26 9
899 906 4 12
899 935 7 14
899 1058 41 12
899 1183 15 5
899 1232 5 11
899 1274 4 6
899 1284 25 4
901 1134 25 11
901 1145 9 15
903 1006 20 7
903 1186 29 15
904 983 21 6
904 1199 37 13
905 1257 35 4
905 1360 40 3
906 1003 50 4
906 1115 39 6
906 1124 33 3
906 1192 9 8
906 1237 49 11
907 1230 29 5
908 1251 20 6
909 1094 20 8
909 1136 31 15
909 1162 26 13
909 1284 24 8
910 1200 59 3
910 1325 10 4
910 1332 40 10
910 1344 15 4
911 925 39 4
911 1069 9 3
912 986 12 8
912 1010 54 10
912 1163 32 14
912 1190 10 12
912 1215 4 1
913 1053 55 3
913 1219 34 2
913 1220 30 5
913 1324 28 9
915 1045 50 3
916 1125 7 10
917 1090 12 14
918 1087 25 5
918 1097 28 10
918 1209 34 1
919 924 40 12
919 1248 60 5
920 1116 52 8
920 1197 54 2
921 954 13 4
921 1091 18 3
921 1148 34 9
921 1160 23 8
921 1221 59 12
921 1281 40 3
922 976 33 11
922 1030 6 15
922 1175 33 3
923 1055 55 7
923 1250 13 12
923 1267 27 13
923 1268 40 2
924 946 21 15
924 1035 37 3
924 1099 4 1
924 1258 29 10
925 994 10 8
925 1332 50 4
926 943 57 3
926 1046 25 1
926 1181 33 5
926 1254 5 9
927 1023 28 4
928 1097 59 3
929 1058 56 10
930 1210 57 11
930 1216 27 5
930 1230 9 4
930 1344 55 14
931 1025 47 10
931 1099 36 4
931 1315 24 7
932 1036 15 4
932 1101 16 13
932 1173 56 15
932 1291 31 5
933 936 9 10
934 1011 9 1
934 1111 48 7
935 1066 59 11
935 1283 50 2
935 1284 38 7
937 987 15 7
937 1238 22 10
938 1032 43 4
938 1295 33 15
938 1326 48 6
938 1356 18 3
939 991 38 10
939 1000 48 11
939 1304 42 12
941 1092 44 8
941 1318 41 14
942 1281 17 6
943 1060 58 5
944 1035 31 14
944 1072 46 11
944 1275 25 3
945 973 8 14
945 1093 40 9
945 1117 45 1
945 1269 27 6
946 1147 40 15
946 1251 22 4
947 1341 11 6
948 1142 34 5
948 1219 9 2
949 1303 43 12
950 1095 3 15
950 1109 10 2
950 1156 40 15
951 986 17 14
951 1329 48 15
952 971 8 2
952 975 54 2
952 1049 56 11
952 1215 29 9
952 1218 43 4
953 1344 7 11
954 1289 7 6
954 1355 45 4
955 1131 29 14
955 1144 39 11
955 1236 29 4
956 1041 21 9
956 1118 51 3
956 1145 57 2
956 1223 30 2
956 1242 50 6
957 1025 17 2
957 1095 52 4
958 1100 20 5
958 1198 56 2
959 970 36 6
959 991 7 8
959 1132 60 14
961 1177 35 7
961 1265 35 4
962 1042 60 15
962 1355 3 11
964 992 23 11
964 1095 13 1
964 1141 45 8
964 1352 53 13
965 1058 26 13
966 1023 52 3
966 1114 12 7
966 1162 48 3
966 1170 57 4
967 1359 23 1
968 1047 47 1
970 1020 31 3
970 1328 41 11
971 1224 22 1
973 1076 30 9
973 1194 1 5
974 988 1 11
975 1135 54 15
975 1263 40 1
976 1033 47 14
977 1141 8 10
977 1348 60 12
978 997 30 7
979 996 13 1
979 1009 46 8
979 1349 45 6
980 1040 43 10
980 1204 18 10
981 1037 26 2
981 1048 7 12
981 1135 2 5
981 1322 53 13
981 1347 29 14
982 1023 22 1
982 1338 4 4
983 1009 25 10
984 1198 55 8
984 1206 41 4
984 1340 21 8
985 992 12 2
985 1105 17 7
987 1106 18 3
987 1357 3 1
988 1167 49 11
988 1203 23 10
988 1289 45 14
990 1010 5 1
990 1136 14 15
990 1220 42 5
990 1300 2 1
990 1354 24 9
991 1190 45 4
991 1267 21 14
992 1059 20 2
992 1253 35 1
992 1325 58 14
993 1302 26 8
993 1340 47 14
994 1174 23 8
995 1281 41 7
996 1159 54 7
998 1000 50 8
998 1017 17 10
999 1237 54 3
1000 1249 14 7
1000 1290 19 3
1000 1360 52 10
1001 1271 49 7
1001 1349 16 9
1002 1212 34 1
1003 1077 17 15
1003 1201 45 12
1003 1275 30 2
1005 1133 36 4
1005 1278 23 5
1006 1289 3 10
1008 1287 27 8
1010 1176 17 13
1010 1214 48 3
1010 1326 32 13
1010 1360 21 6
1011 1086 7 1
1011 1212 48 15
1012 1071 23 7
1012 1304 41 2
1013 1122 9 14
1013 1307 43 4
1013 1320 40 12
1014 1176 51 1
1014 1339 57 4
1016 1050 4 15
1016 1142 29 15
1016 1152 27 6
1017 1018 20 6
1017 1067 37 9
1017 1124 21 11
1017 1276 17 14
1017 1313 52 1
1018 1163 6 12
1018 1191 60 4
1018 1213 58 4
1018 1302 28 13
1019 1032 43 5
1019 1362 16 8
1020 1166 18 5
1020 1309 36 7
1021 1251 39 8
1021 1298 42 10
1022 1246 42 11
1023 1195 30 15
1024 1038 18 3
1024 1098 10 9
1025 1235 9 12
1026 1100 44 12
1027 1037 10 4
1027 1130 46 2
1027 1366 9 10
1028 1213 12 4
1029 1049 26 8
1029 1359 46 2
1030 1160 5 7
1030 1230 34 1
1030 1366 36 9
1031 1074 41 4
1031 1239 39 14
1032 1058 11 3
1032 1173 13 10
1032 1345 24 10
1033 1183 14 13
1034 1163 19 9
1034 1248 45 10
1034 1256 21 8
1034 1278 20 5
1035 1214 28 2
1035 1218 29 12
1036 1283 29 14
1038 1093 20 11
1039 1057 23 14
1039 1071 2 6
1039 1155 26 9
1039 1156 42 1
1039 1300 37 12
1040 1097 12 5
1040 1255 34 6
1041 1133 57 5
1041 1232 48 6
1043 1206 49 11
1043 1220 38 12
1044 1117 8 11
1044 1301 34 1
1045 1144 26 14
1045 1315 46 8
1047 1237 56 7
1048 1194 24 14
1048 1229 8 5
1048 1249 19 10
1049 1098 25 6
1051 1077 60 2
1051 1123 27 6
1051 1185 51 7
1051 1281 41 12
1052 1290 14 1
1052 1367 39 6
1053 1204 2 1
1054 1132 28 6
1054 1210 24 4
1054 1253 5 9
1055 1171 50 5
1055 1291 34 6
1055 1316 27 9
1056 1344 34 1
1058 1064 38 15
1058 1170 24 5
1058 1241 32 5
1058 1255 14 1
1058 1352 11 15
1058 1363 6 5
1059 1193 26 9
1060 1216 27 11
1060 1293 13 9
1061 1069 59 6
1061 1081 5 13
1061 1273 26 5
1063 1080 4 3
1063 1140 20 1
1065 1242 59 3
1066 1069 45 8
1067 1123 11 11
1068 1178 40 5
1069 1256 13 1
1071 1321 23 5
1072 1160 55 12
1072 1224 56 1
1072 1266 55 12
1073 1358 38 12
1074 1083 1 13
1074 1124 58 11
1075 1108 54 1
1075 1163 7 2
1075 1270 40 8
1076 1323 21 1
1077 1134 8 5
1077 1135 16 1
1077 1230 33 5
1078 1168 51 4
1078 1192 13 11
1078 1246 26 11
1079 1095 27 6
1080 1087 14 13
1081 1097 38 15
1081 1195 6 7
1081 1244 40 8
1081 1338 49 1
1082 1103 18 1
1082 1181 11 14
1082 1331 14 9
1083 1186 3 6
1083 1189 20 6
1084 1137 16 15
1084 1273 46 9
1084 1280 16 13
1085 1320 40 14
1086 1123 24 7
1087 1329 12 10
1088 1346 60 15
1090 1205 11 5
1090 1307 31 13
1091 1277 11 9
1093 1304 22 5
1094 1171 19 1
1094 1308 36 5
1095 1238 55 3
1096 1116 28 13
1096 1240 2 8
1096 1332 44 11
1097 1128 46 9
1097 1217 38 8
1097 1294 6 8
1099 1175 12 8
1099 1341 25 3
1100 1326 40 9
1101 1113 14 7
1101 1170 25 1
1101 1332 47 11
1102 1330 37 11
1103 1285 48 13
1103 1306 15 2
1103 1337 20 11
1104 1245 20 6
1105 1154 31 9
1106 1225 44 2
1106 1323 60 8
1107 1108 34 15
1107 1174 56 4
1107 1340 21 15
1107 1346 41 9
1108 1159 52 14
1109 1220 14 11
1109 1242 46 1
1109 1291 22 5
1110 1235 21 8
1111 1277 20 4
1112 1335 49 6
1113 1288 51 6
1115 1213 29 5
1115 1276 2 1
1116 1239 5 10
1116 1312 50 1
1116 1313 53 9
1118 1157 9 2
1118 1162 34 4
1118 1324 20 13
1118 1341 40 15
1119 1146 17 10
1120 1196 8 2
1120 1246 57 2
1120 1257 52 12
1120 1266 41 1
1121 1338 23 15
1122 1347 36 2
1123 1228 57 15
1123 1367 50 13
1124 1323 51 4
1125 1197 26 2
1125 1219 33 11
1127 1155 51 2
1127 1241 25 14
1127 1331 54 8
1128 1163 23 4
1128 1333 16 7
1129 1224 26 11
1129 1289 53 6
1130 1186 37 11
1130 1273 19 1
1131 1162 59 8
1131 1258 37 1
1131 1348 54 1
1132 1133 34 11
1132 1348 8 2
1133 1332 19 9
1135 1288 48 3
1136 1138 59 1
1136 1239 1 4
1137 1319 21 5
1138 1264 39 5
1138 1311 54 10
1139 1152 10 15
1139 1220 46 1
1140 1210 21 14
1144 1242 37 11
1144 1298 39 1
1145 1191 23 4
1145 1295 38 2
1145 1333 42 3
1147 1226 14 14
1147 1360 12 8
1148 1171 47 12
1150 1295 33 5
1151 1182 6 8
1152 1245 19 10
1153 1248 34 9
1156 1310 30 9
1157 1323 14 13
1158 1261 23 3
1159 1324 13 15
1159 1329 48 1
1159 1334 41 6
1160 1179 42 10
1160 1291 13 14
1161 1173 35 9
1161 1353 27 9
1161 1359 33 3
1162 1297 49 13
1163 1225 38 4
1163 1358 33 14
1166 1267 53 8
1167 1221 21 8
1167 1310 42 9
1167 1316 11 5
1167 1329 33 5
1168 1227 18 14
1168 1336 51 1
1172 1306 9 1
1177 1305 24 6
1178 1257 8 6
1180 1306 2 12
1181 1198 21 3
1183 1343 45 8
1184 1312 48 2
1185 1274 49 3
1186 1196 48 3
1188 1231 6 5
1188 1258 32 1
1189 1295 14 11
1191 1224 20 1
1192 1322 37 10
1192 1324 52 1
1193 1284 5 1
1194 1323 51 2
1195 1315 6 15
1199 1322 37 8
1199 1361 15 6
1200 1237 59 8
1200 1311 4 4
1201 1210 51 3
1201 1265 30 6
1201 1304 25 9
1201 1365 21 5
1202 1208 30 12
1203 1229 29 12
1205 1295 28 1
1205 1308 48 11
1205 1339 26 11
1206 1281 57 9
1208 1349 25 15
1211 1333 16 3
1214 1285 43 10
1214 1311 32 8
1216 1337 55 14
1217 1310 17 4
1217 1313 36 3
1219 1238 47 12
1219 1313 1 3
1220 1288 14 7
1221 1313 2 9
1222 1232 35 1
1222 1303 6 4
1224 1322 50 11
1224 1341 13 3
1226 1233 33 8
1226 1355 10 7
1227 1252 25 8
1227 1345 39 6
1229 1288 15 14
1229 1343 54 11
1234 1355 14 8
1235 1283 7 3
1235 1340 10 1
1236 1301 10 11
1237 1321 44 15
1237 1329 47 7
1239 1299 40 15
1242 1291 3 10
1245 1297 22 8
1245 1324 11 7
1246 1293 2 9
1248 1269 33 2
1248 1315 25 9
1250 1277 35 9
1250 1351 59 10
1252 1341 38 1
1253 1361 55 11
1256 1306 49 5
1258 1293 5 12
1273 1316 49 2
1273 1319 26 15
1273 1336 13 11
1274 1279 10 15
1274 1321 52 6
1279 1356 29 13
1288 1352 40 5
1291 1331 3 14
1293 1315 15 7
1297 1325 58 9
1299 1308 49 7
1304 1307 57 12
1309 1310 52 9
1311 1333 59 8
1315 1368 56 14
1316 1360 54 11
1321 1359 53 10
1325 1368 40 5
1328 1345 53 12
1331 1340 5 5
1331 1352 11 13
1334 1343 45 7
1341 1355 54 5
1344 1355 60 2
1346 1354 49 2
1346 1355 50 5
1359 1368 23 3

0 2 27
1 5 36
2 12 12
3 21 48
4 22 8
5 42 42
6 48 5
7 49 25
8 77 35
9 81 45
10 105 14
11 121 27
12 134 35
13 135 14
14 189 4
15 217 28
16 231 36
17 252 17
18 261 22
19 269 8
20 271 31
21 276 5
22 287 41
23 310 37
24 313 32
25 316 21
26 332 10
27 335 36
28 342 18
29 345 42
30 351 40
31 353 7
32 354 4
33 356 39
34 365 31
35 390 22
36 399 37
37 414 44
38 420 7
39 452 43
40 475 14
41 480 17
42 522 6
43 525 3
44 546 31
45 572 25
46 581 26
47 594 36
48 606 41
49 613 8
50 630 19
51 644 40
52 650 7
53 668 35
54 685 27
55 708 37
56 714 1
57 730 31
58 740 45
59 744 14
60 754 39
61 758 50
62 762 39
63 769 43
64 771 6
65 792 2
66 797 45
67 802 47
68 806 31
69 807 36
70 816 44
71 820 37
72 832 47
73 834 39
74 847 21
75 855 10
76 857 24
77 863 9
78 867 48
79 874 19
80 881 14
81 886 49
82 893 42
83 899 16
84 905 17
85 906 30
86 916 43
87 928 11
88 932 17
89 937 24
90 944 30
91 963 43
92 970 27
93 972 8
94 973 23
95 993 6
96 997 31
97 1000 46
98 1001 13
99 1002 31
100 1015 10
101 1025 41
102 1029 42
103 1034 6
104 1044 48
105 1053 11
106 1077 39
107 1078 23
108 1125 12
109 1126 45
110 1140 31
111 1149 4
112 1158 49
113 1165 22
114 1166 32
115 1171 47
116 1172 19
117 1180 18
118 1187 48
119 1201 32
120 1205 28
121 1209 38
122 1216 10
123 1217 18
124 1253 12
125 1254 46
126 1275 2
127 1278 32
128 1295 32
129 1297 39
130 1307 15
131 1332 1
132 1338 24
133 1341 20
134 1343 16
135 1346 21
136 1356 15
