1442 5755 144 6

0 30 4818
1 60 8701
2 90 11786
3 120 14191
4 150 16018
5 180 17357

0 3341
1 3435
2 4435
3 3842
4 3443
5 3890
6 3561
7 4074
8 3902
9 3856
10 4280
11 2430
12 3639
13 4520
14 3774
15 4200
16 4105
17 3936
18 4325
19 3157
20 3257
21 3204
22 4583
23 4225
24 3646
25 3230
26 3541
27 4087
28 3411
29 2830
30 3323
31 2602
32 4191
33 4377
34 4549
35 4926
36 3789
37 3618
38 2656
39 3633
40 3413
41 4516
42 3532
43 3112
44 4904
45 3958
46 4729
47 3204
48 3741
49 3236
50 3058
51 3245
52 4077
53 4015
54 4331
55 3098
56 3154
57 3227
58 3237
59 4195
60 3421
61 2798
62 3663
63 3050
64 3806
65 4468
66 3572
67 4221
68 3622
69 3982
70 3595
71 3290
72 4705
73 3004
74 3366
75 3887
76 4362
77 4299
78 4408
79 2967
80 4970
81 3781
82 4869
83 4729
84 3230
85 4480
86 3772
87 3441
88 2239
89 3406
90 3139
91 4182
92 3621
93 3995
94 3355
95 4493
96 3812
97 4197
98 4526
99 4523
100 3853
101 4570
102 4660
103 3653
104 2631
105 4416
106 4460
107 3448
108 3544
109 2981
110 4151
111 3000
112 4353
113 4278
114 2099
115 3416
116 3276
117 3913
118 2774
119 4000
120 3107
121 3465
122 3761
123 1840
124 3516
125 3507
126 3466
127 2192
128 3818
129 3666
130 2857
131 4326
132 3904
133 3705
134 3718
135 3693
136 2777
137 2972
138 4190
139 3501
140 4277
141 3628
142 3058
143 4299
144 4216
145 4117
146 4364
147 3972
148 3343
149 3525
150 3299
151 4118
152 4282
153 3389
154 2804
155 3339
156 2910
157 3131
158 3748
159 3743
160 3955
161 3959
162 3573
163 4067
164 4052
165 4956
166 4080
167 3650
168 4112
169 2584
170 3757
171 5017
172 3413
173 4233
174 3475
175 4311
176 5071
177 3643
178 4552
179 3733
180 3884
181 3797
182 4640
183 3140
184 3748
185 3228
186 3576
187 3245
188 3828
189 3505
190 3686
191 3107
192 3291
193 3250
194 3958
195 4240
196 3449
197 4533
198 3567
199 3605
200 4171
201 3103
202 4148
203 3599
204 3505
205 3179
206 4221
207 4434
208 2941
209 3720
210 3374
211 3001
212 3593
213 4282
214 3244
215 3697
216 4407
217 3957
218 4053
219 3509
220 2699
221 4223
222 3883
223 3971
224 2887
225 3219
226 4595
227 3597
228 4312
229 4158
230 3176
231 3577
232 3395
233 4490
234 3171
235 2896
236 3852
237 3465
238 3495
239 3814
240 3678
241 4631
242 3556
243 3531
244 4343
245 3591
246 3625
247 4256
248 3932
249 2915
250 4117
251 3693
252 3506
253 3657
254 3776
255 3996
256 3024
257 3745
258 3261
259 3735
260 3669
261 3304
262 2597
263 3287
264 5081
265 4352
266 3566
267 3374
268 3496
269 4181
270 3455
271 3975
272 3363
273 4045
274 2622
275 3565
276 3473
277 3568
278 3759
279 3654
280 3387
281 3237
282 3420
283 2318
284 3022
285 3941
286 4719
287 4103
288 4569
289 5532
290 4251
291 3494
292 4123
293 3043
294 3812
295 1840
296 3306
297 2998
298 3050
299 4184
300 3715
301 3193
302 2806
303 3434
304 3243
305 4113
306 3355
307 3358
308 3522
309 4602
310 3950
311 2886
312 3542
313 2644
314 4830
315 4394
316 2549
317 2847
318 4313
319 4117
320 3544
321 3793
322 3579
323 4011
324 4799
325 3521
326 4318
327 4474
328 3103
329 3885
330 3822
331 3463
332 4591
333 3051
334 4862
335 2846
336 3709
337 2355
338 3938
339 4636
340 2953
341 3511
342 3210
343 3628
344 3874
345 4314
346 2804
347 3539
348 3265
349 4087
350 3357
351 3960
352 3054
353 3059
354 3748
355 4419
356 3309
357 3809
358 4080
359 3626
360 3780
361 4633
362 3944
363 3178
364 3145
365 4108
366 3976
367 2903
368 2951
369 3271
370 4148
371 4101
372 4223
373 4101
374 4521
375 3719
376 3663
377 4490
378 4145
379 4047
380 5060
381 4359
382 3563
383 2655
384 3677
385 4940
386 4756
387 3860
388 4274
389 2710
390 3545
391 3949
392 2571
393 3478
394 3688
395 3925
396 4455
397 3402
398 3368
399 4055
400 4018
401 4259
402 5334
403 4675
404 2753
405 4477
406 4488
407 3022
408 4790
409 4347
410 4429
411 4110
412 3072
413 3256
414 3212
415 3866
416 3682
417 2895
418 3837
419 4397
420 3785
421 4890
422 2917
423 3251
424 3833
425 4014
426 2973
427 3668
428 3817
429 4984
430 3996
431 4559
432 3171
433 2560
434 2793
435 2513
436 3624
437 3040
438 3072
439 4194
440 3934
441 3609
442 3299
443 3396
444 2874
445 3351
446 3673
447 3216
448 3378
449 4871
450 4193
451 4307
452 3900
453 3587
454 3387
455 4688
456 2916
457 3146
458 3782
459 2467
460 4118
461 3430
462 3635
463 3835
464 3857
465 3006
466 4106
467 3333
468 2454
469 4296
470 3622
471 3445
472 3044
473 3896
474 4321
475 4070
476 3429
477 3468
478 2984
479 3858
480 3040
481 3407
482 3607
483 3068
484 4197
485 4209
486 2570
487 2999
488 4055
489 3690
490 3747
491 3830
492 3553
493 4331
494 2707
495 2630
496 2238
497 3237
498 3936
499 3129
500 3880
501 4672
502 3824
503 4193
504 3450
505 2832
506 2978
507 3487
508 3587
509 3280
510 3185
511 3202
512 3920
513 2880
514 3178
515 4016
516 3171
517 3487
518 4063
519 4257
520 4440
521 3197
522 3593
523 2843
524 3214
525 3248
526 3679
527 3311
528 3793
529 4202
530 3530
531 4680
532 2757
533 4125
534 2555
535 3199
536 2815
537 4328
538 3880
539 3119
540 3368
541 3638
542 3515
543 4575
544 4485
545 2841
546 3597
547 2972
548 3172
549 3639
550 3223
551 3210
552 2554
553 2560
554 4100
555 3691
556 3622
557 4290
558 2960
559 2212
560 2489
561 3131
562 4095
563 4517
564 3710
565 3996
566 3802
567 3025
568 4272
569 4249
570 3044
571 3922
572 3544
573 3777
574 3397
575 3838
576 3565
577 3786
578 3089
579 3393
580 2624
581 4339
582 5454
583 2888
584 3105
585 2741
586 3731
587 4670
588 3382
589 4057
590 4235
591 4758
592 3231
593 5186
594 3273
595 3896
596 4645
597 4067
598 3901
599 3135
600 3758
601 2959
602 3975
603 4877
604 2904
605 3563
606 3661
607 4355
608 3938
609 4571
610 2839
611 4384
612 4440
613 3541
614 3540
615 3804
616 3993
617 3986
618 3630
619 4058
620 3409
621 2559
622 4575
623 3435
624 3719
625 3601
626 3462
627 3324
628 2286
629 3453
630 2453
631 3364
632 4193
633 3447
634 2735
635 3548
636 3882
637 3059
638 4068
639 3959
640 3719
641 3683
642 4353
643 3864
644 3262
645 3040
646 3963
647 3739
648 4473
649 3283
650 3577
651 4202
652 3204
653 3958
654 2673
655 3415
656 4161
657 3499
658 3304
659 4239
660 3159
661 4994
662 3259
663 3646
664 3147
665 4523
666 4016
667 3427
668 3476
669 3114
670 3470
671 2607
672 2596
673 3608
674 3957
675 4030
676 2626
677 4258
678 3940
679 3385
680 4106
681 3160
682 3347
683 2698
684 4027
685 3263
686 4056
687 3124
688 2693
689 3544
690 4405
691 4243
692 2919
693 3501
694 3679
695 4163
696 3976
697 4896
698 3912
699 3591
700 5490
701 3623
702 3356
703 3294
704 4084
705 3543
706 3830
707 3281
708 4445
709 2559
710 4388
711 4820
712 4417
713 3847
714 3537
715 4057
716 4057
717 3215
718 3880
719 3158
720 4727
721 2946
722 3730
723 2947
724 4151
725 3698
726 4341
727 4496
728 2689
729 3988
730 3726
731 3874
732 3521
733 4398
734 4238
735 3512
736 3562
737 3520
738 3462
739 3556
740 3227
741 2508
742 3565
743 3492
744 3801
745 3610
746 2299
747 3473
748 3906
749 3863
750 2950
751 3423
752 3198
753 3452
754 4242
755 4249
756 4119
757 3827
758 3213
759 4358
760 3105
761 3706
762 3606
763 4636
764 4319
765 2683
766 4499
767 3067
768 4725
769 4086
770 3481
771 3444
772 4233
773 3584
774 3411
775 2362
776 2948
777 3881
778 4307
779 3797
780 4041
781 3472
782 3295
783 3602
784 4500
785 3035
786 4024
787 3414
788 4429
789 2723
790 3412
791 4947
792 3995
793 2787
794 3547
795 3659
796 4481
797 3203
798 3157
799 3034
800 4143
801 4285
802 4093
803 4070
804 3885
805 3679
806 4835
807 3854
808 4887
809 3469
810 3694
811 3193
812 4096
813 3385
814 4082
815 3561
816 4506
817 2999
818 3128
819 4538
820 3102
821 2778
822 3879
823 3918
824 3491
825 2379
826 3361
827 2012
828 3353
829 2880
830 3375
831 4455
832 3286
833 4339
834 2886
835 4237
836 3117
837 4062
838 4994
839 3390
840 3094
841 3478
842 4989
843 3502
844 4311
845 3736
846 3681
847 4018
848 3600
849 3046
850 3161
851 3552
852 3893
853 3282
854 4229
855 3703
856 4904
857 2732
858 3632
859 3720
860 5044
861 4533
862 3654
863 3982
864 3942
865 3758
866 3596
867 4662
868 3549
869 4627
870 3752
871 3323
872 3006
873 4221
874 3651
875 3702
876 3566
877 4163
878 3002
879 3864
880 3833
881 3959
882 3365
883 3847
884 3431
885 3595
886 3267
887 3640
888 3096
889 3390
890 3526
891 4758
892 4354
893 3826
894 3923
895 4085
896 2615
897 2451
898 4708
899 3783
900 4649
901 4324
902 4654
903 4033
904 4412
905 3979
906 3831
907 4349
908 5044
909 2826
910 3209
911 3467
912 3657
913 4188
914 3535
915 4465
916 3716
917 5010
918 4353
919 3721
920 3491
921 4109
922 3852
923 3943
924 3907
925 2757
926 3586
927 4143
928 2661
929 3365
930 4098
931 2656
932 2896
933 3959
934 3855
935 3834
936 3648
937 3743
938 3676
939 3357
940 3414
941 4021
942 3311
943 3755
944 4006
945 2870
946 2974
947 5078
948 5027
949 3531
950 3984
951 3431
952 3946
953 4082
954 2942
955 4359
956 3232
957 3585
958 3773
959 3595
960 3623
961 3330
962 4766
963 4094
964 4491
965 3324
966 3672
967 3802
968 2987
969 2891
970 3571
971 3069
972 2768
973 4399
974 4162
975 4013
976 4588
977 3786
978 4450
979 2533
980 3858
981 3941
982 3926
983 5116
984 3517
985 3712
986 3952
987 3697
988 3669
989 3788
990 3192
991 2600
992 3514
993 4066
994 3690
995 2722
996 3197
997 3563
998 3335
999 3681
1000 3923
1001 3911
1002 2701
1003 3987
1004 3374
1005 2923
1006 4078
1007 2576
1008 3561
1009 3329
1010 4208
1011 2833
1012 3779
1013 3456
1014 3481
1015 4581
1016 3536
1017 4197
1018 5240
1019 2715
1020 3592
1021 4503
1022 3632
1023 4390
1024 3721
1025 4153
1026 3865
1027 3643
1028 3777
1029 3677
1030 3921
1031 3527
1032 3677
1033 3209
1034 3743
1035 4530
1036 3891
1037 3653
1038 3243
1039 4092
1040 3492
1041 3533
1042 3710
1043 3333
1044 3135
1045 3447
1046 4161
1047 3393
1048 4416
1049 4413
1050 4077
1051 3247
1052 3105
1053 3975
1054 3407
1055 4082
1056 4529
1057 3293
1058 4549
1059 4238
1060 4372
1061 4069
1062 3959
1063 4489
1064 3549
1065 2629
1066 4397
1067 3894
1068 3552
1069 2893
1070 3635
1071 4554
1072 3977
1073 4318
1074 3224
1075 3635
1076 4227
1077 3605
1078 2638
1079 4630
1080 4378
1081 3739
1082 3165
1083 4148
1084 4074
1085 3184
1086 4504
1087 3942
1088 2710
1089 3163
1090 4609
1091 4201
1092 3879
1093 4325
1094 3081
1095 3599
1096 4015
1097 4673
1098 3413
1099 3481
1100 4684
1101 2717
1102 3706
1103 2946
1104 3233
1105 4089
1106 4606
1107 3562
1108 4344
1109 4193
1110 3721
1111 4058
1112 3182
1113 4179
1114 2410
1115 3365
1116 4019
1117 3333
1118 3729
1119 3975
1120 2474
1121 3324
1122 1912
1123 3196
1124 3513
1125 3893
1126 3209
1127 2566
1128 3926
1129 4061
1130 2883
1131 3265
1132 3520
1133 4564
1134 4103
1135 3234
1136 3406
1137 3683
1138 4699
1139 2731
1140 3273
1141 3181
1142 4017
1143 4643
1144 3141
1145 4376
1146 3705
1147 4253
1148 3313
1149 2847
1150 3453
1151 3869
1152 3071
1153 3833
1154 3810
1155 3714
1156 3973
1157 3276
1158 3616
1159 3788
1160 3553
1161 2597
1162 3809
1163 3552
1164 3507
1165 3856
1166 3510
1167 3207
1168 4680
1169 4157
1170 3412
1171 4073
1172 4459
1173 3750
1174 2794
1175 4458
1176 3466
1177 4754
1178 3344
1179 2942
1180 3919
1181 3625
1182 4317
1183 3340
1184 2156
1185 4793
1186 3293
1187 4308
1188 3971
1189 4659
1190 3434
1191 3142
1192 4497
1193 3139
1194 3529
1195 3200
1196 2899
1197 3266
1198 3828
1199 3375
1200 3557
1201 3097
1202 3612
1203 4604
1204 4893
1205 3722
1206 4155
1207 2831
1208 3359
1209 3075
1210 3386
1211 3453
1212 4693
1213 4453
1214 2560
1215 2659
1216 4093
1217 3054
1218 2538
1219 4168
1220 3926
1221 4225
1222 4081
1223 3656
1224 4275
1225 3178
1226 3572
1227 4560
1228 3951
1229 4150
1230 2829
1231 3903
1232 3027
1233 3826
1234 3076
1235 3761
1236 3627
1237 4382
1238 3551
1239 4485
1240 3829
1241 3351
1242 4486
1243 3194
1244 4435
1245 2887
1246 4045
1247 4062
1248 5075
1249 3570
1250 4068
1251 3276
1252 3274
1253 4049
1254 3303
1255 4965
1256 4536
1257 3658
1258 4346
1259 3084
1260 4294
1261 3874
1262 3538
1263 2452
1264 2448
1265 4423
1266 3522
1267 3547
1268 4002
1269 3662
1270 4450
1271 3523
1272 1840
1273 3635
1274 3281
1275 4566
1276 3686
1277 4176
1278 3291
1279 3118
1280 3338
1281 4171
1282 2684
1283 3201
1284 3395
1285 4299
1286 3915
1287 4544
1288 4101
1289 2938
1290 4720
1291 4121
1292 3258
1293 3215
1294 3270
1295 3375
1296 3619
1297 3122
1298 3865
1299 3592
1300 3633
1301 3438
1302 2497
1303 4482
1304 3390
1305 2991
1306 3475
1307 3952
1308 2650
1309 2977
1310 4228
1311 3520
1312 4612
1313 3510
1314 3987
1315 4845
1316 3428
1317 2172
1318 3649
1319 3677
1320 3056
1321 3044
1322 4696
1323 3077
1324 4441
1325 4914
1326 2834
1327 3214
1328 2114
1329 3102
1330 3305
1331 3569
1332 3185
1333 3450
1334 4305
1335 4126
1336 3747
1337 3352
1338 3210
1339 3696
1340 2693
1341 3545
1342 3470
1343 3432
1344 4365
1345 2777
1346 4114
1347 3875
1348 3297
1349 4074
1350 4273
1351 3596
1352 3331
1353 3999
1354 3078
1355 4288
1356 3835
1357 3578
1358 4757
1359 3760
1360 4318
1361 3509
1362 2660
1363 3262
1364 4145
1365 4301
1366 3717
1367 3945
1368 3909
1369 3475
1370 4679
1371 4167
1372 3374
1373 4622
1374 4215
1375 4407
1376 2960
1377 4019
1378 2439
1379 3524
1380 2649
1381 4567
1382 4538
1383 3387
1384 3592
1385 4304
1386 3251
1387 4831
1388 3791
1389 4765
1390 3644
1391 2857
1392 4241
1393 3613
1394 3534
1395 3814
1396 3939
1397 3534
1398 3854
1399 2446
1400 3381
1401 3471
1402 3739
1403 3385
1404 4091
1405 3695
1406 4288
1407 5027
1408 3730
1409 4446
1410 3943
1411 4317
1412 3304
1413 4228
1414 2852
1415 4280
1416 3190
1417 3261
1418 4922
1419 3399
1420 5086
1421 2830
1422 3546
1423 3180
1424 3580
1425 3890
1426 3651
1427 4530
1428 4486
1429 3832
1430 4035
1431 4454
1432 4283
1433 4565
1434 2993
1435 3327
1436 3457
1437 4237
1438 2962
1439 4175
1440 3914
1441 2817

0 131 22 15
0 701 18 9
0 743 29 4
0 948 4 13
0 999 51 2
0 1234 15 11
1 504 51 2
1 516 44 4
1 888 11 12
1 1266 38 5
1 1311 16 2
2 104 45 13
2 406 54 3
2 590 15 7
2 758 22 2
2 1256 23 4
3 480 37 8
3 482 9 3
3 542 40 5
3 551 39 8
3 585 60 5
3 885 46 14
3 1279 5 9
4 39 1 12
4 61 59 4
4 296 3 15
4 569 23 6
4 872 8 10
4 922 49 4
4 952 50 3
4 1189 16 3
4 1414 17 11
5 170 1 3
5 209 28 1
5 295 52 7
5 334 7 4
5 649 46 6
5 687 32 9
5 1085 7 4
5 1224 5 13
6 188 9 15
6 190 46 2
6 770 44 12
6 996 44 5
6 1010 1 8
6 1070 1 14
6 1317 10 8
7 43 9 5
7 80 19 14
7 370 30 11
7 656 23 2
7 720 1 10
7 1114 44 8
7 1175 28 13
7 1231 22 11
7 1432 47 10
8 473 4 13
8 524 59 13
8 540 54 8
8 578 50 5
8 1023 50 4
8 1224 40 12
9 22 42 8
9 70 33 4
9 148 14 11
9 241 35 12
9 773 59 3
9 795 43 1
9 839 17 13
9 966 40 12
9 1284 49 4
9 1308 18 6
10 47 18 11
10 101 33 12
10 359 12 8
10 374 25 10
10 642 9 4
10 1229 50 13
10 1276 56 1
11 64 53 13
11 127 14 11
11 316 16 14
11 753 29 1
11 757 1 8
11 838 60 10
11 1024 54 6
11 1312 8 3
12 248 16 14
12 579 9 13
12 1123 12 8
12 1156 7 14
12 1340 9 4
13 263 11 2
13 334 48 13
13 412 54 9
13 681 9 9
13 848 8 10
13 1441 12 5
14 18 8 6
14 35 60 6
14 436 48 1
14 505 49 2
14 669 29 1
14 687 41 14
14 694 10 2
14 897 43 3
14 907 11 1
14 927 35 1
15 258 41 12
15 268 10 15
15 274 53 13
15 540 37 6
15 635 23 11
15 687 39 11
15 809 13 12
15 861 10 7
15 1057 20 2
15 1074 28 10
15 1140 3 13
15 1235 55 9
15 1272 58 14
16 101 1 13
16 374 46 14
16 578 38 7
16 582 20 3
16 607 2 4
16 799 12 4
16 1096 44 11
16 1232 35 9
16 1314 14 5
16 1342 31 12
16 1423 37 12
16 1434 6 6
17 48 5 2
17 150 20 14
17 273 54 10
17 385 8 9
17 409 1 12
17 700 35 15
17 1017 40 8
17 1152 46 12
17 1246 29 14
18 368 22 6
18 708 5 9
19 122 23 7
19 535 57 1
19 634 56 8
19 1341 57 14
19 1405 43 2
20 105 10 5
20 198 39 12
20 254 10 6
20 363 50 1
20 471 24 10
20 741 12 1
20 748 28 12
20 841 17 12
20 1198 57 6
21 173 48 1
21 250 8 15
21 344 22 6
21 405 18 2
21 471 32 15
21 810 43 10
21 886 2 10
21 978 24 12
21 1006 21 1
21 1128 4 14
21 1147 20 13
21 1330 1 2
21 1333 52 8
22 50 19 10
22 278 51 4
22 1101 18 5
23 77 31 12
23 647 45 4
23 649 5 1
23 1225 37 4
23 1389 21 9
23 1390 16 11
24 302 4 13
24 405 24 3
24 492 33 5
24 696 8 4
24 871 27 5
24 926 45 5
25 64 20 13
25 374 46 7
25 498 20 9
25 667 15 7
25 749 53 8
25 776 28 1
25 953 49 14
25 1028 6 5
25 1250 24 12
25 1374 38 6
25 1403 20 7
26 950 53 3
26 970 33 3
26 1076 22 11
26 1164 46 4
26 1177 7 2
26 1255 57 11
26 1276 11 13
27 398 21 7
27 841 31 11
27 925 44 15
27 927 38 1
27 1310 17 10
28 157 33 11
28 449 44 8
28 565 16 3
28 690 46 8
28 720 3 12
28 801 5 7
28 919 38 13
29 161 33 9
29 187 42 1
29 394 36 2
29 746 32 9
29 1248 11 8
30 180 11 6
30 304 2 14
30 387 32 11
30 566 25 6
30 728 2 4
30 866 1 1
30 962 12 9
30 1225 36 15
31 343 12 1
31 401 56 11
31 545 46 15
31 1201 42 14
31 1336 3 13
31 1432 36 2
32 207 34 15
32 381 35 4
32 744 1 1
32 807 19 15
32 929 3 6
32 1146 6 4
32 1191 21 2
33 44 14 10
33 129 10 9
33 462 37 7
33 755 7 6
33 1043 58 5
33 1108 60 6
34 183 15 14
34 218 58 9
34 230 46 7
34 454 16 5
34 817 57 3
34 1044 8 8
34 1257 7 15
35 219 2 5
35 345 21 13
35 429 9 4
35 1193 16 6
35 1288 28 13
35 1298 28 3
35 1373 48 3
35 1414 43 4
36 96 51 6
36 535 19 14
36 806 9 1
36 925 12 15
36 999 6 13
36 1204 18 8
37 168 21 13
37 217 43 8
37 259 23 1
37 301 46 12
37 544 24 3
37 599 52 10
37 740 3 11
37 983 46 1
37 992 57 5
37 1255 34 1
37 1417 58 10
38 387 58 12
38 715 40 8
38 1284 46 15
39 86 6 2
39 299 8 6
39 633 16 5
39 654 46 14
39 803 26 13
39 934 31 13
39 1289 33 7
40 199 37 10
40 317 38 2
40 370 33 11
40 378 26 14
40 459 3 8
40 486 23 13
40 692 21 6
40 746 49 4
40 1118 19 8
40 1337 17 13
41 350 51 10
41 507 28 7
41 675 53 8
41 736 29 8
41 1281 46 3
42 92 4 2
42 103 54 6
42 245 15 8
42 498 59 11
42 758 57 3
42 932 6 6
42 1047 39 8
42 1190 31 1
42 1299 35 14
42 1312 22 1
43 107 12 4
43 310 38 11
43 315 47 7
43 547 60 2
43 634 50 14
43 1147 6 8
43 1271 30 5
43 1352 36 5
43 1432 22 13
44 245 38 7
44 274 46 9
44 460 32 6
44 654 55 11
44 737 22 4
44 1064 3 8
44 1426 21 10
45 711 52 15
45 816 50 10
45 892 47 6
45 1016 12 14
45 1076 27 4
45 1172 5 2
46 317 32 5
46 822 15 2
46 1435 17 9
47 709 1 7
47 726 57 15
47 861 56 6
47 871 50 9
47 1102 34 7
47 1196 32 14
47 1206 32 7
48 49 56 1
48 226 58 6
48 415 29 2
48 465 37 9
48 692 39 8
48 715 25 10
48 841 50 14
48 891 50 8
48 1002 25 8
48 1160 28 5
48 1180 9 14
48 1340 28 1
48 1388 46 2
49 194 20 9
49 424 55 11
49 868 35 9
49 1098 38 13
49 1265 24 11
49 1273 32 10
50 93 44 9
50 101 20 9
50 241 10 2
50 659 45 8
50 976 49 7
50 1081 43 13
51 253 12 2
51 334 11 1
51 557 18 1
51 868 42 10
51 929 6 9
51 1349 43 4
51 1425 18 10
52 437 29 5
52 665 55 4
52 1023 10 3
52 1038 35 6
52 1307 3 12
53 442 41 8
53 483 28 11
53 571 39 12
53 595 38 10
53 719 30 2
53 853 22 6
53 868 52 11
53 1017 21 6
53 1162 54 4
54 78 48 9
54 92 4 3
54 135 15 2
54 168 51 5
54 322 60 3
54 338 55 14
54 399 28 2
54 578 42 3
54 708 27 4
54 831 44 15
54 845 2 9
54 1225 15 5
54 1296 21 12
55 812 33 5
55 1439 16 10
56 111 5 2
56 191 12 4
56 406 60 15
56 445 7 8
56 866 46 3
56 1283 19 13
56 1357 49 15
57 219 1 1
57 377 55 10
57 448 46 6
57 471 2 11
57 579 47 8
57 833 14 9
57 1369 4 12
57 1422 28 14
58 163 18 3
58 232 54 3
58 319 15 3
58 360 28 11
58 564 12 8
58 568 4 15
58 881 20 8
58 1059 59 2
58 1076 32 8
58 1128 1 11
58 1137 7 8
58 1207 59 1
58 1424 12 11
59 299 31 15
59 390 21 4
59 526 45 1
59 735 3 3
59 1232 4 12
60 368 16 6
60 394 59 12
60 441 3 7
60 497 58 12
60 652 50 11
60 680 23 4
60 739 11 8
60 927 18 13
60 964 58 11
60 1004 44 5
60 1053 16 7
60 1295 17 12
60 1435 19 9
61 176 52 5
61 256 3 4
61 382 23 7
61 390 36 3
61 582 35 4
61 673 57 12
61 796 36 1
61 887 37 6
61 928 3 1
61 1318 53 4
61 1327 9 4
62 473 13 2
62 535 16 6
62 869 16 8
62 1253 32 4
62 1288 16 10
63 86 11 3
63 153 53 4
63 334 60 5
63 576 23 12
63 637 44 4
63 681 54 11
63 732 12 4
63 810 6 13
63 840 25 2
63 842 9 7
63 1386 26 5
64 245 36 11
64 448 24 14
64 535 38 1
64 1236 2 8
64 1241 60 5
64 1380 13 14
65 127 17 9
65 148 18 9
65 249 9 6
65 314 20 13
65 443 20 10
65 537 13 15
65 1124 23 2
65 1219 14 6
65 1327 9 15
65 1352 14 12
65 1389 20 6
66 213 3 6
66 258 47 8
66 358 10 8
66 418 11 14
66 523 36 15
66 584 10 2
66 654 54 15
66 836 20 6
66 1372 13 2
66 1378 36 14
66 1381 14 3
66 1425 20 2
67 190 58 4
67 194 29 9
67 262 41 2
67 441 22 1
67 809 20 8
67 1338 44 3
68 187 20 9
68 215 11 1
68 240 58 6
68 607 29 1
68 666 3 6
68 994 28 13
68 1045 35 9
68 1135 36 3
69 120 32 4
69 245 17 10
69 284 17 9
69 321 49 12
69 365 30 2
69 527 29 11
69 540 10 10
69 702 53 14
69 740 46 4
69 751 2 3
69 871 47 5
69 1106 32 3
69 1172 6 2
69 1233 13 6
69 1284 29 10
70 92 21 14
70 207 12 4
70 214 21 9
70 406 6 8
70 799 40 13
70 826 50 3
70 926 22 12
70 953 57 13
70 995 49 4
70 1422 23 13
71 140 10 4
71 283 59 6
71 662 1 14
71 667 27 15
71 930 53 4
71 1419 52 14
72 1156 2 13
72 1162 22 3
73 202 14 3
73 215 19 7
73 259 32 10
73 625 34 11
73 883 11 7
73 943 41 11
73 1016 16 8
73 1100 60 10
73 1226 37 6
73 1379 1 14
74 177 27 4
74 727 48 10
74 793 55 4
74 800 37 15
74 822 41 2
74 1041 39 4
74 1375 8 3
75 125 8 5
75 161 18 15
75 176 16 10
75 237 51 11
75 420 36 10
75 568 6 8
75 682 49 6
75 799 19 10
75 1052 3 11
75 1287 46 1
76 112 56 2
76 113 56 2
76 125 56 5
76 206 54 3
76 424 54 10
76 485 30 12
76 597 21 4
76 860 51 8
76 939 12 4
76 972 41 10
76 1090 52 2
76 1406 5 6
77 195 9 9
77 419 31 11
77 474 54 2
77 637 34 9
77 692 5 15
77 759 58 8
77 866 39 1
78 282 3 4
78 438 53 15
78 762 42 3
78 959 58 14
78 1250 28 7
78 1339 37 6
79 359 8 7
79 610 58 9
79 999 14 6
79 1067 55 10
80 348 15 12
80 408 39 14
80 797 4 3
80 1148 57 1
81 302 32 6
81 408 40 15
81 596 57 14
81 754 38 4
81 1244 51 1
81 1355 53 1
82 616 32 10
82 678 42 1
82 942 17 13
82 992 27 13
82 1192 11 8
82 1236 15 14
82 1363 4 15
82 1393 26 6
83 273 25 4
83 588 46 15
83 769 34 1
83 932 40 9
83 956 30 10
83 1072 18 5
83 1105 43 3
83 1122 56 13
84 95 29 11
84 388 35 13
84 624 49 4
84 902 47 15
84 1039 56 1
84 1250 33 14
84 1436 45 4
85 1131 48 6
85 1389 35 14
85 1427 4 9
86 422 13 13
86 482 1 13
86 613 54 13
86 869 21 1
86 1114 57 11
86 1316 16 9
86 1328 4 6
87 309 2 14
87 428 26 6
87 494 19 8
87 1313 26 6
88 97 57 13
88 229 21 2
88 894 29 6
88 901 14 4
88 1038 47 10
88 1203 46 2
89 98 2 12
89 920 33 5
89 1103 41 7
89 1166 60 9
89 1361 26 7
89 1366 55 8
90 197 4 12
90 307 28 1
90 432 54 4
90 517 22 8
90 731 33 9
90 760 60 6
90 844 46 7
90 973 59 1
90 1248 2 4
91 106 12 10
91 232 9 7
91 241 28 6
91 505 18 7
91 714 24 8
91 1088 43 4
92 302 24 13
92 358 42 2
92 518 42 7
92 802 25 5
92 825 16 5
92 849 3 10
92 1044 29 13
92 1372 50 14
93 881 19 14
93 1090 23 3
93 1152 56 11
93 1184 31 3
93 1414 60 1
93 1435 36 5
94 427 5 11
94 640 30 3
94 899 36 6
94 970 41 15
94 1136 30 11
95 99 25 7
95 200 18 7
95 319 51 6
95 694 28 5
95 867 2 10
95 985 3 4
95 1005 45 5
95 1065 12 2
95 1132 23 10
95 1321 30 11
96 230 20 3
96 301 44 1
96 319 52 8
96 384 39 12
96 722 55 13
96 778 51 14
96 942 32 2
96 1142 54 9
96 1398 41 4
96 1421 14 8
97 180 29 7
97 339 54 14
97 369 5 10
97 420 32 1
97 543 13 13
97 746 50 12
97 879 24 6
97 1180 48 11
98 166 25 13
98 177 50 6
98 463 10 9
98 592 55 7
98 728 52 13
98 886 23 10
98 1046 2 11
98 1182 35 6
99 260 6 2
99 433 15 14
99 555 49 15
99 753 41 11
99 1146 10 13
100 269 15 10
100 934 25 7
101 158 26 7
101 308 46 9
101 345 40 9
101 975 55 11
101 1439 18 13
102 243 34 2
102 453 18 3
102 585 31 13
102 703 36 3
102 1167 34 13
102 1312 55 11
103 128 7 3
103 283 30 8
103 367 47 12
103 524 15 2
103 771 6 15
103 773 57 13
103 775 31 9
103 965 23 12
103 1046 42 11
103 1201 25 15
103 1319 55 7
103 1330 2 8
104 231 49 1
104 299 40 12
104 320 58 2
104 787 34 12
104 812 1 11
104 974 32 6
104 1230 53 4
104 1369 2 3
105 115 54 4
105 387 46 11
105 567 16 11
105 606 33 13
105 675 1 15
105 969 39 2
105 1268 6 5
105 1292 6 12
105 1339 3 1
105 1394 57 9
106 435 23 6
106 597 2 2
106 668 33 10
106 692 5 6
106 777 5 4
106 814 43 13
106 883 60 13
106 1071 42 5
106 1084 6 3
106 1176 25 1
106 1259 58 13
106 1348 40 5
107 656 7 15
108 201 12 9
108 351 20 8
108 403 16 7
108 697 23 14
108 771 20 4
108 937 14 15
108 1057 3 15
108 1080 44 10
108 1241 3 11
109 251 39 1
109 602 14 14
109 688 26 2
109 796 18 7
109 946 13 11
110 200 31 7
110 333 3 2
110 451 1 1
110 593 43 7
110 840 13 8
110 1007 10 11
110 1112 50 12
110 1307 19 1
111 233 36 6
111 377 39 6
111 672 50 5
111 828 18 11
111 897 46 4
111 922 35 10
111 1138 38 7
111 1243 21 7
111 1429 11 13
112 142 35 14
112 263 18 6
112 406 24 4
112 608 35 12
112 695 59 1
112 768 38 11
112 877 30 1
112 888 4 13
112 934 22 14
112 1077 57 1
112 1086 33 13
112 1347 5 14
112 1358 43 15
112 1441 53 10
113 299 20 11
113 504 33 8
113 776 58 3
113 839 53 9
113 985 46 6
113 1191 25 4
113 1195 1 15
114 744 51 8
114 1179 44 4
114 1366 28 7
115 135 23 4
115 202 42 13
115 352 60 15
115 606 30 11
115 619 29 12
115 676 53 15
115 995 24 11
115 1055 53 10
115 1084 5 2
115 1111 23 11
115 1233 39 6
115 1369 57 1
115 1417 12 8
116 318 59 14
116 360 54 13
116 387 46 8
116 661 48 5
116 903 45 5
116 909 21 11
116 1030 50 11
116 1120 52 9
116 1187 58 8
116 1228 3 6
117 241 6 13
117 738 30 3
117 1239 53 13
117 1367 19 3
118 166 6 10
118 357 17 7
118 508 3 8
118 853 40 3
118 862 15 11
118 1007 24 4
118 1070 7 13
118 1238 57 4
119 483 5 9
119 511 19 13
119 1188 47 3
120 201 24 4
120 258 37 10
120 273 4 8
120 905 30 11
120 1058 58 3
121 166 40 9
121 181 24 7
121 650 25 1
121 908 49 5
121 992 44 11
122 655 59 5
122 780 57 10
122 964 6 15
122 1133 41 2
123 255 39 2
123 285 58 11
123 373 47 2
123 560 32 6
123 689 2 4
123 763 51 8
123 889 43 15
123 1050 11 14
124 209 49 6
124 362 59 15
124 636 32 3
124 758 16 9
124 929 27 10
124 1018 38 12
124 1109 41 5
124 1148 52 6
124 1251 29 12
124 1383 10 6
125 362 20 11
125 415 58 5
125 449 18 10
125 464 45 2
125 539 5 3
125 602 8 7
125 879 33 10
125 1027 17 10
125 1074 32 6
125 1148 32 5
125 1385 9 4
125 1435 54 6
126 318 27 6
126 323 49 13
126 529 4 3
126 592 20 11
126 598 51 10
126 1165 14 5
127 150 48 15
127 197 48 14
127 252 51 3
127 500 20 4
127 1235 14 10
127 1431 58 8
128 274 38 10
128 1155 37 10
128 1268 57 8
129 157 47 1
129 641 51 14
129 799 49 2
129 837 15 9
129 848 20 13
129 1072 59 7
129 1304 16 8
129 1366 14 9
130 318 13 1
130 589 24 14
130 678 15 13
130 1015 9 12
130 1242 53 4
130 1283 55 6
130 1437 53 6
131 373 41 12
131 395 2 9
131 810 42 7
131 1034 41 9
132 340 56 9
132 471 37 14
132 592 7 8
132 1108 22 7
132 1277 12 6
132 1335 13 2
132 1420 16 4
133 166 50 8
133 300 7 8
133 426 17 5
133 513 23 7
133 737 58 12
134 268 7 3
134 485 36 12
134 649 27 2
134 853 29 10
134 875 37 1
134 1159 57 12
134 1261 44 9
134 1306 3 14
134 1308 22 1
135 152 23 12
135 912 12 7
135 975 54 15
135 976 38 5
135 1141 29 12
135 1313 53 7
136 371 25 5
136 472 57 9
136 500 5 7
136 631 43 9
136 777 22 2
136 950 58 2
136 1139 30 8
137 251 1 11
137 730 23 7
137 853 3 8
137 909 54 10
137 923 12 10
137 1230 33 6
137 1331 8 11
137 1343 40 5
138 330 41 4
138 407 11 4
138 606 53 4
138 644 28 11
138 985 40 8
138 1123 26 6
138 1141 12 10
138 1149 32 12
138 1362 7 14
139 219 32 6
139 309 5 14
139 498 36 11
139 874 30 14
139 896 18 12
139 1165 56 10
140 394 43 12
140 433 34 4
140 493 29 2
140 563 53 3
140 618 14 3
140 651 29 6
140 771 9 8
140 839 11 3
140 906 28 11
140 1020 31 15
140 1065 53 13
141 660 26 14
141 823 11 15
141 1236 29 9
141 1378 19 14
142 301 10 12
142 322 12 7
142 380 34 1
142 425 52 12
142 538 55 15
142 814 26 10
142 894 35 10
142 982 56 3
142 1184 38 15
143 162 50 4
143 184 40 14
143 250 43 12
143 258 39 14
143 331 50 14
143 713 54 14
143 997 60 12
144 168 39 15
144 432 44 5
144 598 50 4
144 714 31 12
144 784 34 3
144 1093 43 13
144 1185 38 8
144 1199 20 1
144 1278 25 1
145 190 58 4
145 300 4 1
145 608 6 1
145 672 57 5
145 785 4 13
145 1003 54 1
145 1024 27 6
145 1106 36 10
145 1259 3 10
145 1266 57 5
146 169 38 4
146 178 50 11
146 418 54 14
146 736 22 11
146 876 15 2
146 1019 60 4
146 1034 40 3
146 1052 51 13
146 1107 53 5
146 1154 54 9
146 1378 24 8
146 1425 10 8
147 219 28 6
147 250 49 15
147 321 2 6
147 634 45 11
147 648 9 2
147 1006 31 14
147 1201 13 9
148 908 47 1
148 922 36 5
148 1294 50 9
149 241 20 8
149 1105 21 3
150 159 30 5
150 219 8 9
150 315 11 2
150 717 49 14
150 1259 20 11
151 397 35 8
151 460 47 3
151 587 23 9
151 700 48 15
151 1258 8 5
152 214 29 15
152 389 24 12
152 583 40 11
152 635 12 3
152 891 4 1
152 934 34 5
152 971 52 12
152 1003 24 13
152 1033 1 12
152 1066 5 14
152 1189 59 10
152 1195 27 8
152 1200 35 5
152 1229 6 3
152 1334 38 15
153 415 48 3
153 928 1 6
153 1143 15 10
153 1307 58 14
153 1333 24 2
153 1440 33 14
154 218 50 2
154 512 13 12
154 548 51 1
154 845 52 1
154 1038 19 13
154 1160 8 14
155 185 14 15
155 222 35 4
155 528 54 6
155 1135 39 4
155 1189 46 3
155 1341 19 13
155 1408 51 10
156 178 17 9
156 213 50 9
156 526 21 9
156 554 51 11
156 633 51 14
156 769 29 3
156 951 39 3
156 955 60 3
156 1074 16 8
156 1255 44 3
157 351 26 5
157 375 21 12
157 431 34 6
157 832 18 2
157 924 17 9
157 937 28 15
157 1101 13 7
157 1280 16 11
157 1420 32 13
158 165 26 4
158 278 23 6
158 1125 23 8
159 360 40 11
159 594 40 15
159 820 57 2
159 885 44 6
159 941 55 6
159 1090 57 14
160 176 21 4
160 220 53 3
160 299 55 2
160 662 52 13
160 954 33 11
160 999 38 13
160 1020 25 7
160 1050 19 9
160 1138 35 7
160 1353 11 3
160 1370 16 7
161 508 16 10
161 592 23 14
161 672 28 8
161 1020 37 8
161 1258 6 13
161 1312 2 13
162 328 44 12
162 459 46 2
162 476 51 3
162 500 26 4
162 514 25 13
162 670 26 3
162 817 2 11
162 1320 9 14
163 207 14 10
163 614 41 2
163 822 33 11
163 923 54 14
163 1026 13 4
163 1039 23 11
163 1047 45 12
163 1221 56 13
163 1257 11 14
163 1289 60 12
164 165 48 5
164 185 41 15
164 495 54 11
164 501 1 3
164 589 31 13
164 844 48 8
164 927 56 15
164 1225 9 2
165 358 49 2
165 827 35 5
165 939 22 7
165 1279 14 2
166 224 59 8
166 438 23 12
166 525 5 10
166 1279 29 11
166 1323 42 1
166 1332 4 7
167 328 30 9
167 783 11 11
167 881 46 5
167 1011 30 15
167 1137 48 5
168 297 35 5
168 467 55 4
168 970 13 15
168 1142 49 8
169 226 42 7
169 268 4 7
169 313 60 10
169 416 11 3
169 465 5 3
169 516 18 12
169 518 33 9
169 637 6 14
169 650 54 14
169 969 52 11
169 979 37 9
169 1024 42 3
169 1034 2 9
169 1085 36 15
169 1088 35 8
169 1190 46 8
169 1191 45 14
170 182 14 8
170 328 31 11
170 552 50 7
170 637 53 2
170 697 10 1
170 799 32 5
170 875 60 6
170 976 23 10
170 1343 43 6
170 1402 43 2
171 333 10 14
171 420 19 6
171 598 48 3
171 885 14 14
171 1218 41 2
171 1373 44 7
171 1430 45 10
172 404 23 8
172 550 4 5
172 552 33 2
172 653 20 10
172 701 13 10
172 734 52 12
172 1011 19 15
172 1297 44 12
173 323 40 7
173 404 58 9
173 418 37 15
173 440 59 6
173 553 32 7
173 757 55 10
173 773 18 7
173 1053 51 9
174 497 7 14
174 736 39 15
174 829 49 15
174 907 39 10
174 1101 54 7
174 1156 47 1
174 1341 45 1
174 1369 54 9
174 1399 25 4
175 487 23 8
175 817 4 12
175 892 18 8
175 1016 39 7
175 1154 38 14
175 1206 13 12
175 1223 60 6
175 1303 31 6
175 1402 16 14
176 203 19 8
176 1187 18 12
176 1233 41 11
176 1307 1 3
177 260 11 1
177 495 41 11
177 584 3 7
177 862 32 2
177 865 59 10
177 937 23 4
177 949 6 10
177 1017 23 1
178 187 37 6
178 271 57 2
178 358 4 10
178 361 14 14
178 502 31 8
178 644 2 14
178 1003 31 13
178 1236 58 1
179 243 4 11
179 263 39 4
179 309 22 6
179 512 59 12
179 525 59 9
179 567 3 15
179 675 21 13
179 838 34 9
179 852 4 14
179 973 49 1
179 1080 47 6
179 1199 30 6
180 231 49 1
180 545 33 11
180 772 50 6
180 879 40 14
180 974 50 12
180 1067 12 12
180 1149 8 15
180 1188 12 13
181 255 24 11
181 287 39 7
181 518 51 9
181 565 37 14
181 676 3 11
181 786 25 2
181 841 34 12
182 247 13 8
182 469 8 5
182 488 19 11
182 531 53 2
182 694 32 5
182 783 53 11
182 881 42 7
182 1072 32 6
182 1177 43 11
183 459 35 4
183 625 30 6
183 830 45 14
184 243 54 4
184 346 32 7
184 501 33 3
184 986 41 7
184 1106 31 15
184 1292 2 15
184 1317 20 2
185 242 3 1
185 348 29 13
185 367 36 15
185 458 32 14
185 634 39 10
185 849 53 9
185 935 53 15
185 1020 50 11
185 1024 27 12
185 1337 49 1
185 1357 36 8
186 588 42 4
186 824 47 11
186 849 15 11
186 964 36 7
186 990 58 3
186 1000 34 6
186 1014 25 3
186 1167 15 13
186 1190 46 7
186 1362 27 12
187 272 38 9
187 664 55 3
187 833 25 8
187 836 7 5
187 1002 41 1
187 1093 2 7
187 1299 22 12
188 368 30 15
188 728 11 2
189 201 8 12
189 217 48 1
189 273 15 4
189 306 43 1
189 551 49 2
189 599 52 9
189 744 51 6
189 801 26 8
189 831 27 12
189 923 25 8
189 1123 44 14
189 1312 12 3
190 339 54 6
190 678 11 8
190 1006 45 1
191 418 32 15
191 564 44 3
191 574 16 9
191 644 15 9
191 846 46 1
191 1020 28 8
191 1284 16 13
191 1315 7 13
191 1368 19 13
192 467 11 15
192 605 49 13
192 633 20 13
192 930 5 10
193 283 37 15
193 444 57 11
193 908 10 8
193 946 16 8
193 1036 36 10
194 222 30 5
194 563 17 15
194 577 42 6
194 917 58 2
195 227 44 4
195 275 37 4
195 317 15 8
195 449 27 6
195 564 32 7
195 585 55 6
195 610 30 3
195 892 25 13
195 1032 42 6
195 1076 49 10
195 1207 19 9
195 1209 8 12
195 1227 35 14
196 242 32 3
196 251 52 10
196 287 15 8
196 290 24 12
196 461 44 5
196 571 10 13
196 768 49 9
196 1037 56 10
196 1092 19 13
196 1239 51 5
196 1263 29 12
196 1287 5 1
197 219 44 7
197 247 45 12
197 275 30 10
197 326 39 8
197 666 23 14
197 780 13 10
197 786 35 11
197 799 56 3
197 901 35 8
197 942 16 13
197 1031 23 11
197 1302 29 1
197 1314 52 6
197 1435 29 5
198 279 48 7
198 534 6 1
198 1237 9 8
199 483 58 5
199 750 12 3
199 946 52 6
199 1287 42 3
199 1433 6 10
200 262 1 7
200 298 60 11
200 504 19 4
200 521 29 2
200 980 58 5
200 1010 14 1
200 1282 28 12
200 1285 15 1
201 415 41 13
201 779 40 3
201 850 35 8
201 865 42 6
201 1275 40 7
202 515 32 6
202 740 46 15
202 779 19 10
202 791 12 7
202 998 32 5
202 1145 1 3
202 1401 22 11
203 462 8 2
203 733 19 11
203 954 14 4
203 1037 17 10
203 1431 39 13
204 440 32 8
204 568 2 9
204 645 5 10
204 742 6 7
204 1195 42 11
204 1344 14 4
204 1374 60 13
205 333 55 1
205 363 10 14
205 389 31 8
205 544 49 3
205 640 43 5
205 706 50 13
205 1017 11 13
205 1239 7 14
206 240 42 9
206 269 32 4
206 569 9 12
206 766 53 6
206 807 1 5
206 1201 32 2
206 1381 25 8
206 1385 44 8
207 619 5 8
207 641 60 13
208 223 51 11
208 262 41 11
208 751 52 13
208 979 51 7
208 1157 38 7
209 490 6 9
209 540 21 7
209 554 10 9
209 718 5 9
209 1029 33 2
209 1069 40 11
209 1172 18 11
209 1360 37 13
210 464 40 7
210 651 57 9
210 848 34 14
210 906 43 1
210 986 13 9
210 1008 45 7
210 1189 59 12
210 1279 14 8
210 1298 34 10
210 1337 59 8
211 346 47 12
211 374 59 2
211 440 30 12
211 475 40 6
211 590 12 13
211 728 58 4
211 757 49 7
211 786 46 6
211 818 45 4
211 891 46 15
211 1124 28 1
211 1173 55 7
211 1216 23 3
212 224 38 11
212 403 20 3
212 610 27 3
212 763 26 11
212 839 11 6
212 995 60 8
213 239 53 10
213 348 14 8
213 428 35 4
213 546 34 13
213 595 19 4
213 615 28 8
213 1261 18 15
214 410 2 3
214 439 12 7
214 622 14 2
214 705 7 5
214 863 45 6
214 884 9 7
214 1113 50 1
214 1151 48 7
215 256 29 13
215 388 47 9
215 709 3 14
215 741 43 15
215 1010 53 14
215 1076 28 6
216 300 16 14
216 435 37 3
216 786 24 14
216 832 25 3
216 867 9 10
216 1063 22 11
216 1106 27 2
216 1240 17 13
216 1249 25 15
216 1299 58 13
216 1323 9 14
217 277 45 3
217 404 40 8
217 486 47 10
217 610 57 14
217 868 2 1
217 900 33 11
218 537 58 5
218 605 36 2
218 680 52 10
218 898 41 6
218 1110 22 1
218 1259 55 8
219 879 60 7
219 893 58 8
220 233 8 13
220 241 39 14
220 520 6 2
220 704 17 11
220 790 35 5
220 931 23 10
220 933 25 2
220 1129 40 11
220 1183 11 15
220 1361 32 10
221 549 46 1
221 1034 48 6
221 1149 5 13
221 1182 4 4
221 1297 23 14
221 1343 4 15
222 267 13 11
222 448 7 3
222 587 21 3
222 892 60 11
222 990 1 11
222 1044 35 11
222 1103 41 14
223 335 32 12
223 487 22 13
223 620 1 5
223 688 38 15
223 898 58 11
223 1136 49 12
223 1140 8 8
223 1371 31 5
224 253 10 7
224 580 34 8
224 626 48 3
224 703 30 3
224 864 56 11
224 1178 15 4
224 1253 46 5
224 1293 27 3
224 1440 24 9
225 436 60 4
225 446 25 2
225 457 14 6
225 624 2 14
225 687 47 2
225 771 8 9
226 424 31 4
226 650 2 10
226 803 1 3
227 339 41 1
227 368 43 5
227 758 58 1
227 810 10 5
227 976 4 6
227 1250 5 10
227 1433 3 14
228 273 13 5
228 378 45 13
228 657 25 8
228 719 22 13
228 885 44 6
229 306 43 12
229 364 2 10
229 738 35 5
229 1276 32 6
229 1296 47 14
230 588 50 1
230 639 16 4
230 652 30 4
230 674 43 15
230 1102 8 3
230 1338 15 3
231 309 47 8
231 313 10 6
231 406 9 11
231 547 36 13
231 759 5 11
231 1005 59 10
231 1286 58 4
232 271 57 12
232 389 23 11
232 447 42 13
233 394 25 3
233 596 59 4
233 855 30 8
233 1276 39 7
233 1299 14 6
234 328 20 3
234 413 23 3
234 476 14 6
234 572 35 4
234 690 47 13
234 861 48 15
234 1065 1 1
234 1421 30 11
235 481 11 5
235 506 6 13
235 549 52 13
235 620 49 2
235 1214 32 6
235 1300 3 12
235 1372 23 6
235 1415 47 7
236 347 7 5
236 918 9 1
236 1198 9 3
236 1384 46 12
237 421 34 5
237 565 2 6
237 689 57 13
237 1273 10 14
237 1336 28 9
238 391 47 6
238 700 13 11
238 746 55 9
238 833 60 3
238 929 18 15
238 1177 3 7
239 354 60 13
239 672 14 6
239 806 42 14
239 1003 58 2
239 1226 3 11
239 1256 43 6
239 1397 31 6
240 531 10 8
240 882 23 7
240 1244 9 1
240 1247 57 5
240 1263 43 8
240 1264 10 6
241 798 35 11
241 1070 12 15
241 1125 46 15
241 1139 41 9
241 1421 49 8
242 327 42 3
242 328 30 10
242 439 43 14
242 515 55 1
242 606 29 6
242 754 57 9
242 984 51 2
243 265 2 1
243 503 47 13
243 552 8 8
243 752 23 5
243 1161 57 6
244 1152 21 3
244 1191 34 7
244 1314 58 3
245 270 9 13
245 474 47 1
245 581 43 2
245 663 46 1
245 1033 55 2
245 1071 38 1
245 1142 25 14
246 486 11 5
246 594 38 10
246 611 55 12
246 1095 17 12
246 1157 7 12
246 1198 7 14
246 1254 42 4
247 597 55 1
247 796 57 15
247 949 33 8
247 1021 40 10
247 1155 46 6
247 1298 49 6
247 1333 34 10
247 1370 18 9
248 336 59 3
248 568 35 15
248 570 59 2
248 637 31 15
248 661 47 9
248 757 16 11
248 849 31 12
248 1247 43 6
248 1249 22 5
248 1259 35 14
249 378 10 5
249 476 60 7
249 519 19 2
249 619 19 3
249 885 50 1
249 1148 27 10
249 1151 25 14
249 1353 1 4
250 292 21 11
250 668 6 15
250 1058 60 3
250 1334 52 6
250 1381 55 4
251 379 58 11
251 484 51 10
251 563 52 15
251 573 46 5
251 965 3 7
251 995 25 2
251 1034 47 4
251 1159 54 4
251 1283 50 6
251 1419 17 13
252 365 40 12
252 439 17 15
252 458 21 11
252 862 36 5
252 1228 56 12
253 298 18 8
253 310 27 2
253 420 36 5
254 274 41 6
254 346 13 15
254 389 10 1
254 395 4 5
254 442 37 6
254 748 47 14
254 810 12 7
254 884 34 4
254 1050 21 10
255 510 7 2
255 862 15 11
255 1023 17 14
255 1026 9 6
256 417 35 3
256 426 23 1
256 603 8 8
256 733 46 5
256 890 30 8
256 916 22 14
256 1018 21 7
256 1031 29 13
256 1167 6 1
257 601 21 14
257 752 22 6
257 1232 33 8
258 476 6 5
258 516 22 12
258 950 37 8
258 1032 52 3
258 1043 24 6
258 1196 35 15
258 1208 23 4
258 1281 2 12
258 1284 43 11
259 312 25 10
259 393 15 2
259 422 42 15
259 483 12 14
259 613 53 5
259 706 34 14
259 843 12 4
259 877 47 3
259 1211 10 15
259 1416 55 9
260 581 57 2
260 812 28 10
260 889 14 13
260 1010 40 13
260 1050 21 6
260 1088 38 7
260 1135 47 14
261 266 45 6
261 447 55 14
261 740 24 10
261 931 34 13
261 988 28 4
261 1202 37 15
261 1232 47 1
261 1308 52 15
262 440 26 11
262 576 33 6
262 636 12 6
262 649 30 11
262 970 3 8
262 1014 17 15
262 1227 60 14
262 1247 4 9
263 1091 42 11
263 1146 41 10
264 431 19 6
264 476 9 8
264 871 21 6
264 975 60 1
264 1040 59 5
264 1149 49 2
264 1290 12 11
265 510 7 9
265 710 36 6
265 856 31 4
265 923 55 5
265 1004 6 2
265 1364 46 3
266 336 20 15
266 447 45 4
266 898 52 6
266 1024 48 5
266 1135 35 3
266 1182 10 15
266 1258 55 2
267 377 49 5
267 1313 27 10
267 1366 59 11
268 374 32 2
268 683 7 3
268 750 38 8
268 1103 58 2
268 1290 23 10
268 1375 35 7
269 352 47 5
269 422 31 13
269 523 44 4
269 525 48 11
269 705 35 5
269 791 45 12
269 1161 53 10
269 1253 8 11
270 311 11 4
270 401 16 8
270 764 16 13
270 768 29 15
270 1221 59 5
270 1341 48 3
271 341 56 4
271 417 15 5
271 448 34 8
271 593 37 6
271 748 54 8
271 764 15 15
271 996 52 1
271 1014 37 15
271 1147 15 12
271 1380 20 1
272 459 27 2
272 916 29 7
272 935 21 14
272 963 13 11
272 1247 26 3
272 1282 53 13
273 360 30 12
273 416 45 3
273 883 32 9
273 1077 50 11
273 1253 38 7
273 1277 48 3
273 1324 3 11
274 441 45 12
274 483 2 4
274 646 47 3
274 778 55 15
274 1416 56 14
275 564 22 7
275 624 39 8
275 665 10 9
275 726 22 7
275 904 24 5
275 1008 27 6
276 430 27 3
276 432 48 3
276 502 22 13
276 529 4 10
276 1018 23 1
276 1098 52 1
276 1263 25 12
276 1370 1 11
277 287 15 12
277 469 50 2
277 926 30 8
277 1050 9 8
278 610 21 5
278 740 40 12
278 781 51 9
278 829 43 4
278 1264 17 5
278 1435 47 2
278 1440 48 13
279 502 37 1
279 611 58 9
279 632 32 5
279 1149 28 5
280 396 1 4
280 525 21 9
280 565 29 3
280 651 32 8
280 676 12 1
280 740 58 3
280 874 60 7
280 1040 51 1
281 323 32 14
281 774 35 11
281 957 7 15
281 1045 35 10
281 1108 22 12
281 1326 48 8
282 296 27 8
282 441 42 14
282 572 39 4
282 685 43 7
282 1110 39 9
283 982 26 3
283 1074 55 2
283 1142 52 15
283 1361 11 7
283 1394 6 12
283 1436 20 13
284 445 32 15
284 450 7 12
284 827 56 1
284 916 1 14
284 1138 24 9
284 1409 20 11
284 1419 35 10
285 579 2 3
285 748 21 1
285 754 14 12
285 900 46 4
285 1420 54 2
286 335 51 7
286 396 33 12
286 704 60 5
286 898 23 14
286 944 45 9
286 1090 7 12
286 1250 46 14
286 1377 44 5
287 409 34 5
287 564 39 15
287 569 13 4
287 727 33 8
287 757 54 7
288 312 41 14
288 458 59 8
288 1021 48 13
289 352 22 8
289 600 23 9
289 731 46 3
289 826 21 5
289 886 51 7
289 903 13 10
289 949 43 9
289 1140 58 13
289 1157 1 2
289 1375 33 1
289 1390 23 4
289 1402 39 1
289 1431 42 4
290 316 25 11
290 480 27 13
290 589 21 7
290 602 27 1
290 652 47 9
290 677 56 13
290 712 38 12
290 816 48 14
290 1377 6 3
291 511 29 1
291 835 45 12
291 996 40 5
291 1177 29 13
291 1195 33 1
291 1373 45 1
292 304 12 8
292 567 58 10
292 838 28 5
292 869 26 13
292 895 3 10
292 1291 13 14
292 1307 5 10
292 1432 58 12
293 632 40 14
293 871 16 5
293 994 50 8
293 1059 38 15
293 1155 47 13
293 1323 40 15
294 379 32 3
294 800 43 11
294 825 40 7
294 860 31 10
294 1030 15 12
294 1117 56 13
294 1292 44 6
295 569 23 10
295 681 8 2
295 876 32 1
295 918 25 12
295 979 54 15
295 1125 58 1
295 1369 56 7
296 613 22 10
296 619 4 3
296 832 18 7
296 1130 9 15
296 1147 11 8
296 1148 21 8
296 1220 49 12
296 1290 42 5
297 1213 3 10
297 1348 40 3
298 545 28 7
298 1412 4 3
299 600 26 3
299 748 8 5
299 806 25 9
299 817 42 1
299 1402 2 15
300 371 16 7
300 483 16 2
300 496 14 8
300 535 52 9
300 607 29 2
300 888 9 13
300 1030 9 9
300 1229 43 4
300 1344 36 5
301 399 5 1
301 658 22 15
301 663 43 12
301 798 12 14
301 1090 28 13
301 1202 18 4
301 1284 36 3
301 1382 39 11
301 1383 41 13
302 469 57 13
302 615 10 10
302 823 32 8
302 827 35 2
302 927 26 5
302 989 26 11
302 1054 19 14
303 356 11 4
303 572 24 6
303 603 7 2
303 842 18 9
303 1202 13 6
304 434 39 11
304 658 56 7
304 772 37 1
304 1109 42 13
304 1254 40 5
305 436 10 12
305 964 7 3
305 1200 18 10
305 1220 50 10
305 1246 3 10
305 1371 18 2
306 315 37 11
306 476 16 14
306 535 16 12
306 558 34 6
306 846 17 3
306 1210 47 4
306 1351 52 6
307 559 34 1
307 701 18 6
307 816 36 5
307 1042 22 4
307 1070 1 9
307 1081 14 6
307 1095 41 13
307 1197 2 5
307 1324 23 5
307 1339 58 11
308 336 9 1
308 574 7 14
308 980 38 10
308 1037 39 5
308 1270 56 4
308 1425 51 14
309 357 49 7
309 605 51 1
309 702 43 4
309 928 22 8
309 1078 56 13
309 1148 52 4
310 773 34 12
310 835 44 5
310 897 41 2
310 977 4 1
310 1108 36 10
310 1241 37 2
310 1251 15 4
310 1398 52 12
310 1436 55 6
311 628 33 4
311 1141 39 6
311 1228 48 11
311 1323 36 11
312 584 47 5
312 649 41 4
312 1012 9 13
312 1097 12 7
312 1162 58 14
312 1314 39 3
312 1362 15 3
312 1416 44 8
313 366 30 2
313 394 13 5
313 407 33 5
313 428 14 5
313 649 30 5
313 806 17 8
313 813 41 5
313 1068 46 11
313 1264 20 5
313 1379 36 10
314 367 31 9
314 372 5 2
314 433 38 4
314 640 35 15
314 867 58 15
314 981 55 13
314 1054 5 5
314 1240 44 7
314 1348 37 13
314 1357 13 15
315 465 51 7
315 1392 6 13
315 1412 6 5
316 453 26 3
316 730 12 11
316 756 3 14
316 757 50 13
316 774 14 13
316 1194 53 10
316 1349 30 13
317 559 1 2
317 967 13 15
317 1227 20 12
317 1242 44 4
317 1408 55 7
318 883 36 6
318 952 3 13
318 1110 57 12
318 1237 42 14
318 1333 38 10
319 522 7 14
319 1058 27 1
319 1097 52 9
320 356 39 2
320 571 36 8
320 1033 28 7
321 845 15 13
321 1110 3 1
321 1132 49 11
321 1373 43 10
322 428 26 4
322 445 31 5
322 763 44 10
322 973 47 7
322 1062 6 2
322 1236 27 3
323 404 29 10
323 462 59 12
323 546 52 3
323 555 54 14
323 834 37 7
323 932 6 1
323 960 34 3
324 327 26 2
324 331 47 1
324 493 9 13
324 525 45 15
324 913 50 13
324 1295 55 8
324 1424 45 6
325 496 19 12
325 664 25 3
325 1189 46 10
325 1218 52 3
325 1365 25 12
325 1367 58 11
326 332 23 4
326 604 8 14
326 955 24 7
326 990 46 4
326 1117 8 6
326 1322 20 6
327 489 34 4
327 1137 39 14
327 1167 16 5
328 415 41 3
328 430 21 6
328 767 16 4
328 860 7 10
328 1180 53 1
328 1219 13 15
328 1241 18 8
329 990 34 14
329 1172 35 7
330 599 11 15
330 889 5 2
330 1217 47 9
330 1411 56 12
331 446 35 3
331 495 36 2
331 574 34 6
331 646 20 5
331 702 44 5
331 774 3 5
331 831 60 3
331 840 2 9
331 909 34 8
331 1005 21 8
331 1052 27 3
331 1264 19 6
332 516 10 5
332 517 26 9
332 541 23 1
332 650 26 15
332 696 15 4
332 792 38 10
332 857 40 2
332 1221 19 2
333 465 23 8
333 659 23 13
333 1111 40 3
333 1360 36 8
334 393 51 15
334 407 40 12
334 815 52 12
334 1092 8 6
334 1159 46 8
334 1176 43 5
335 616 15 11
335 834 31 14
335 921 54 6
335 1080 9 6
335 1252 42 6
335 1266 48 8
335 1338 13 13
336 592 46 6
336 872 14 1
336 1251 42 3
337 626 58 14
337 806 48 6
337 1013 53 8
337 1125 17 4
337 1194 25 10
338 347 36 14
338 460 31 6
338 556 21 3
338 868 3 4
338 1043 14 8
338 1147 18 4
338 1200 7 3
338 1383 21 7
339 462 2 15
339 815 58 14
339 1288 35 13
339 1307 44 14
339 1422 34 2
340 429 21 8
340 628 14 11
340 771 58 14
340 912 6 10
340 1121 25 13
340 1204 59 3
340 1420 30 13
341 386 2 4
341 452 34 2
341 916 15 7
341 1159 39 11
342 770 12 5
342 781 17 12
342 819 27 2
342 1002 25 5
342 1110 10 8
342 1196 5 11
342 1232 35 3
342 1394 53 11
342 1423 6 14
343 601 40 9
343 602 4 10
343 761 9 2
343 959 57 7
343 989 42 14
344 835 26 13
344 844 33 9
344 1080 29 4
344 1308 22 6
345 368 12 14
345 551 59 9
345 617 54 11
345 830 4 14
345 876 52 12
345 1244 4 12
345 1274 17 6
345 1351 1 15
346 702 51 2
346 1009 7 5
346 1156 13 14
346 1300 18 7
346 1302 16 7
347 376 18 6
347 506 45 9
347 644 12 2
347 1133 4 3
348 1012 15 7
349 351 15 11
349 379 60 11
349 503 9 5
349 580 27 13
349 750 31 2
349 762 40 2
349 901 2 10
349 993 53 15
349 1344 5 5
350 865 30 11
350 919 26 3
350 947 27 2
350 998 42 13
350 1165 48 15
350 1364 49 11
351 619 38 1
351 624 35 3
351 876 12 12
351 877 35 9
351 1383 4 11
352 384 35 8
352 465 18 13
352 970 22 7
352 1172 17 7
352 1197 18 14
352 1285 7 2
353 627 60 4
353 823 33 15
353 841 33 5
353 962 56 2
353 1026 48 6
353 1028 18 11
353 1199 10 6
353 1245 18 6
353 1363 38 6
353 1385 58 5
354 404 35 12
354 585 58 1
355 397 5 2
355 624 52 11
355 927 18 7
355 1151 45 1
355 1202 58 10
355 1313 23 4
356 464 18 4
356 601 22 13
356 673 17 10
356 812 52 11
356 1396 40 11
357 382 22 7
357 515 19 8
357 719 24 11
357 997 14 13
357 1256 10 6
357 1421 3 7
358 379 42 11
358 534 53 10
358 630 35 7
358 702 48 4
358 990 11 1
358 1242 25 6
359 423 38 8
359 487 1 3
359 488 59 8
359 666 5 11
359 716 26 9
359 889 31 12
359 1140 4 15
359 1307 9 10
360 521 55 5
360 624 4 12
360 743 42 11
360 848 2 10
360 944 52 10
360 1061 30 6
360 1205 8 10
360 1283 43 14
360 1333 30 13
360 1428 2 14
361 372 15 5
361 411 24 7
361 459 7 6
361 574 48 12
361 617 51 12
361 866 35 13
361 930 53 12
361 1027 2 7
361 1293 36 3
362 472 6 4
362 968 55 1
362 1043 28 10
362 1265 36 4
362 1270 60 5
363 644 40 3
363 716 33 4
363 824 42 11
363 1068 23 9
363 1138 40 10
363 1179 10 12
363 1263 1 3
364 402 48 5
364 575 48 5
364 726 48 3
364 761 9 12
364 948 34 8
364 1054 13 13
364 1255 50 12
365 444 9 13
365 511 27 5
365 772 54 1
365 825 58 3
365 859 42 14
365 930 54 8
365 1047 24 8
365 1165 39 3
365 1184 16 8
365 1260 44 15
366 384 44 4
366 514 32 1
366 523 18 13
366 629 51 3
366 651 53 8
366 1200 1 10
367 1182 5 8
368 438 58 10
368 515 22 6
368 839 21 9
368 861 59 11
368 1031 31 9
369 476 52 5
369 610 12 4
369 636 30 1
369 938 30 9
369 987 12 5
369 1109 32 8
369 1124 42 10
369 1228 50 7
369 1276 29 9
369 1325 27 5
369 1359 35 12
370 779 28 7
370 948 40 12
370 970 57 2
370 1427 25 10
370 1436 34 1
371 509 3 2
371 566 22 13
371 794 24 4
371 984 25 15
371 1056 37 6
371 1393 14 4
372 399 6 15
372 1102 48 12
372 1325 57 7
373 386 11 14
373 565 8 11
373 965 29 10
373 1403 37 15
374 435 26 1
374 523 59 7
374 770 56 10
374 1097 32 10
374 1436 39 12
375 376 52 12
375 637 6 5
375 711 17 4
375 831 16 11
375 1033 58 10
375 1157 47 1
375 1430 16 1
376 685 31 2
376 909 60 12
376 1042 51 12
376 1071 36 6
376 1194 46 1
376 1222 60 9
376 1346 28 8
376 1434 51 14
377 443 17 1
377 446 22 6
377 645 39 6
377 723 36 8
377 764 41 3
377 1087 42 7
377 1147 31 7
377 1200 39 9
377 1214 16 9
378 690 16 7
378 703 13 15
378 975 20 6
378 1260 53 7
378 1303 6 13
378 1309 39 12
379 399 8 6
379 755 22 9
379 910 48 11
379 980 41 6
379 990 55 13
380 576 10 15
380 682 56 12
380 883 10 10
380 1032 26 13
381 511 23 3
381 610 10 5
381 812 5 11
381 958 2 11
381 1065 8 10
382 555 60 6
382 660 30 14
382 666 47 2
382 692 30 13
382 741 5 4
382 810 32 9
382 966 20 2
382 1140 23 9
382 1157 59 4
382 1178 50 4
383 1227 17 2
384 393 1 13
384 479 59 14
384 641 8 13
384 747 18 7
384 786 17 4
384 879 26 1
384 984 12 10
384 986 33 12
385 401 40 7
385 425 13 15
385 612 7 6
385 706 54 5
385 773 9 15
385 793 19 9
385 962 51 4
385 1010 52 11
385 1306 15 6
385 1367 41 11
386 418 12 4
386 703 8 2
386 1136 50 4
386 1184 9 10
386 1206 32 2
386 1272 16 9
387 388 39 5
387 637 8 12
387 742 58 15
387 757 35 5
387 871 52 2
387 922 48 4
387 961 44 14
387 1245 11 5
387 1400 35 12
388 568 9 5
388 570 2 15
388 924 7 7
388 1021 53 3
388 1195 58 4
388 1336 53 4
389 647 26 1
389 727 35 7
389 1147 5 13
389 1331 48 1
390 451 23 4
390 819 20 1
390 850 54 12
390 1272 45 11
391 450 18 15
391 535 12 2
391 748 26 4
391 999 15 4
391 1090 5 14
392 533 28 11
392 836 16 14
392 952 3 7
392 1192 59 2
393 1155 44 5
393 1256 53 6
393 1344 45 7
393 1381 3 13
394 712 12 12
394 748 15 7
394 957 55 10
394 964 34 8
394 968 15 4
395 696 54 13
395 703 41 1
395 1216 10 13
395 1245 40 14
396 606 54 13
396 617 43 6
396 789 51 1
396 821 60 7
396 877 59 7
397 423 35 14
397 613 40 13
397 629 45 1
397 700 15 2
397 750 2 8
397 891 53 4
397 903 34 14
397 950 52 8
398 410 2 5
398 526 31 11
398 646 34 11
398 684 22 2
398 917 50 10
398 1385 24 2
399 593 37 8
399 695 6 15
399 819 46 1
399 1057 4 12
399 1294 1 11
400 658 30 1
400 665 1 6
400 995 27 9
400 1100 30 3
400 1145 25 13
400 1239 22 8
400 1345 21 11
401 688 39 7
401 838 23 3
401 893 56 6
402 406 52 6
402 446 33 4
402 607 55 14
402 667 40 14
402 741 23 11
402 1057 14 14
402 1069 11 12
402 1347 28 5
403 415 47 14
403 531 37 4
403 619 27 10
403 796 34 5
403 849 19 7
403 853 46 13
403 937 55 10
403 1100 12 5
403 1407 56 6
404 505 16 3
404 598 35 2
404 837 13 6
405 740 12 7
405 950 50 15
405 1062 28 3
406 617 23 6
406 677 22 7
406 826 34 9
406 915 45 9
406 1030 43 7
406 1201 55 14
406 1214 9 14
406 1237 59 14
406 1335 47 1
407 824 15 9
407 1048 15 15
407 1428 31 6
408 549 20 13
408 915 2 2
408 1160 52 5
408 1201 12 10
409 598 47 7
409 869 21 2
409 907 48 1
409 1048 33 15
409 1069 48 14
409 1171 56 15
409 1241 17 6
409 1256 56 6
410 596 34 12
410 738 54 4
410 803 22 6
410 840 17 12
410 846 32 2
410 960 23 1
410 1142 13 8
411 1095 26 10
411 1230 44 14
412 419 29 4
412 1127 32 12
412 1162 35 8
413 467 14 13
413 637 33 8
413 687 58 5
413 925 59 11
413 949 55 13
413 962 58 6
413 1355 13 2
413 1392 35 12
414 648 22 8
414 723 58 10
414 1164 3 10
415 666 1 7
415 1192 26 10
415 1319 2 13
416 698 60 7
416 824 4 10
416 1334 53 14
416 1436 47 10
417 577 32 7
417 897 7 14
417 1089 1 6
417 1095 38 2
417 1210 18 5
417 1226 5 3
417 1266 18 11
417 1301 36 6
418 473 44 8
418 481 14 9
418 865 53 1
418 985 13 15
418 1075 38 11
418 1099 42 7
418 1150 25 2
418 1432 24 7
419 711 49 15
419 798 59 7
419 918 45 4
419 984 50 13
419 1200 7 1
419 1377 35 4
420 446 27 12
420 896 17 1
420 1256 58 6
421 474 22 5
421 733 9 7
421 790 22 1
421 1348 18 2
422 478 15 5
422 618 39 5
422 692 57 5
422 728 36 14
422 766 59 6
422 870 50 12
422 897 6 1
422 1149 36 2
422 1259 41 14
422 1366 20 11
423 762 22 11
423 952 44 5
423 1150 16 11
423 1159 26 2
424 564 32 9
424 700 18 6
424 992 23 8
424 1224 56 15
424 1295 45 10
424 1399 14 9
425 481 38 7
425 610 33 2
425 772 57 15
425 846 6 12
425 1096 42 3
425 1199 28 9
425 1357 8 10
425 1375 52 1
426 617 13 2
426 655 7 1
426 744 41 15
426 745 38 15
426 924 20 11
426 983 56 13
426 1010 9 1
427 536 18 6
427 770 22 11
427 1295 3 15
427 1367 51 5
428 557 15 6
428 622 20 14
428 698 56 13
428 1044 49 10
428 1363 19 12
429 661 53 7
429 1175 34 10
429 1246 9 5
430 650 8 10
430 679 7 1
430 1375 35 10
431 486 32 13
431 896 8 14
432 504 60 10
432 657 42 1
432 713 8 12
432 764 10 13
432 1252 56 14
432 1367 26 4
433 648 52 7
433 743 4 11
433 779 7 3
433 925 59 14
433 1407 27 13
433 1421 2 7
434 753 57 3
434 923 42 2
434 950 16 15
434 985 20 2
434 1306 2 15
435 607 15 5
435 1012 25 3
435 1014 24 9
435 1140 43 5
435 1182 36 11
436 439 7 13
436 447 32 15
436 524 22 2
436 746 27 3
436 781 39 10
436 825 53 15
436 925 7 6
436 1316 36 2
436 1347 14 14
436 1369 16 15
437 677 38 11
437 828 50 2
437 926 21 3
437 962 3 1
437 1257 6 7
438 466 8 10
438 492 51 15
438 605 52 6
438 785 26 13
438 792 14 14
438 825 42 8
438 831 16 6
438 869 5 11
438 1260 27 7
439 704 47 1
439 762 21 14
439 778 25 6
439 1048 37 3
439 1152 26 11
439 1170 20 14
439 1221 27 1
439 1284 45 8
440 655 58 15
440 915 8 12
440 942 31 3
440 1086 53 3
440 1176 29 4
441 639 8 1
441 1016 51 4
441 1073 47 7
441 1079 19 14
441 1237 19 3
441 1389 47 14
442 446 52 11
442 1038 14 2
442 1265 21 4
442 1308 45 12
444 500 8 1
444 774 6 5
445 558 48 8
445 628 52 12
445 819 18 4
445 863 1 10
445 1107 35 3
445 1135 59 12
446 702 33 11
446 1137 21 1
446 1190 37 4
446 1297 17 14
446 1298 18 11
447 673 23 2
447 810 19 2
447 1163 56 2
447 1219 34 15
447 1262 12 2
447 1377 59 10
447 1403 9 1
448 487 31 6
448 605 30 13
448 653 32 6
448 723 8 13
448 995 57 9
448 1043 45 5
448 1103 51 8
448 1285 50 12
448 1335 27 4
448 1381 59 1
449 649 43 9
449 1058 40 5
449 1089 60 3
449 1106 12 3
449 1211 21 4
449 1241 24 8
449 1376 29 4
450 515 26 1
450 566 58 9
450 638 43 13
450 1030 33 2
451 631 27 13
451 914 54 14
451 962 28 9
451 981 27 14
451 1290 56 1
452 605 12 13
452 829 17 7
452 884 4 1
452 1139 6 5
452 1165 20 15
452 1293 37 6
452 1424 9 14
452 1428 21 3
453 640 5 5
453 915 17 6
453 1118 35 15
453 1431 52 10
453 1434 35 1
454 718 17 10
454 807 40 9
454 898 26 10
454 980 53 7
454 1369 18 11
455 509 43 1
455 547 8 11
455 658 8 15
455 738 43 6
455 952 22 11
455 1280 4 1
455 1388 9 7
455 1395 34 11
456 530 38 4
456 615 20 15
456 717 30 6
456 722 19 10
456 880 60 9
456 889 29 15
456 894 3 4
456 995 35 8
457 635 30 14
457 690 29 3
457 880 28 13
457 1204 30 15
458 484 41 11
458 836 6 5
458 1215 41 10
458 1340 43 9
458 1355 46 10
458 1411 42 12
459 790 41 5
459 845 29 15
459 850 1 7
459 1072 56 4
460 573 29 9
460 1221 37 12
460 1246 38 12
460 1358 2 2
460 1411 48 13
461 478 20 7
461 496 51 4
461 541 3 13
461 941 50 8
461 1357 23 4
462 486 14 10
462 675 7 3
462 749 53 14
462 768 35 1
462 828 3 10
462 896 10 3
462 907 50 9
462 992 60 14
462 1197 37 9
463 466 54 15
463 511 3 13
463 805 29 10
463 1161 45 1
463 1280 33 3
464 695 25 11
464 736 29 11
464 917 7 15
464 1156 40 8
464 1178 1 5
464 1182 9 8
465 489 11 1
465 501 33 6
465 559 43 14
465 992 25 6
465 1051 2 3
465 1304 50 11
465 1345 20 7
466 685 50 13
466 753 20 3
466 891 34 2
466 986 25 13
466 1196 7 15
467 509 25 2
467 540 51 6
467 582 32 2
467 1009 12 6
467 1050 23 11
467 1230 27 11
467 1237 19 12
467 1279 11 10
468 897 28 8
468 1167 37 14
468 1378 47 4
469 724 13 5
469 787 14 11
470 627 38 3
470 1137 4 2
471 582 4 10
471 596 8 7
471 957 15 2
471 1207 33 15
471 1296 27 5
472 713 16 12
472 780 17 8
472 931 59 5
472 1043 20 2
472 1333 50 11
473 643 46 13
473 813 4 7
473 913 47 6
473 991 34 14
473 1157 44 1
474 499 46 6
474 513 51 11
474 762 31 2
474 892 1 12
474 910 53 7
474 1017 44 10
474 1056 51 7
474 1314 47 7
474 1416 23 13
475 584 13 10
475 998 40 10
475 1002 32 4
475 1052 56 15
475 1249 9 10
475 1356 48 4
476 655 57 5
476 1096 21 12
476 1364 44 11
477 820 14 3
477 921 15 1
477 1009 49 1
477 1037 40 15
477 1087 51 10
477 1244 15 13
477 1426 8 14
478 491 5 1
478 492 7 11
478 607 1 15
478 1160 6 5
478 1375 47 9
479 563 55 7
479 597 3 5
479 640 12 13
479 815 8 3
479 1005 9 13
479 1021 11 15
479 1088 21 1
479 1161 49 9
479 1181 48 3
479 1274 38 11
480 486 16 8
480 605 52 1
480 921 32 9
480 977 43 5
480 987 12 15
481 500 13 3
481 612 4 12
481 1177 22 9
482 564 1 10
482 573 12 2
482 628 53 7
482 737 59 10
483 598 20 4
483 633 23 10
483 652 56 1
483 667 23 1
483 1054 36 8
483 1172 51 14
483 1338 26 15
484 1081 16 5
484 1112 53 11
484 1249 60 4
484 1424 32 11
484 1428 21 11
485 749 18 13
485 805 8 13
485 1056 33 9
485 1204 39 13
485 1211 42 6
485 1249 56 9
486 864 38 2
486 1005 18 11
486 1026 22 8
486 1288 45 15
486 1346 48 1
486 1437 54 1
487 678 56 15
487 870 55 10
487 873 46 10
487 1053 26 3
487 1254 56 4
487 1420 10 5
488 677 33 13
488 724 25 12
488 740 43 8
488 914 13 12
488 987 58 13
488 997 33 8
488 1200 42 2
488 1419 8 13
489 717 41 7
489 780 57 8
489 862 44 14
489 892 39 12
490 597 43 10
490 811 55 11
490 812 41 8
490 1009 44 15
490 1040 49 7
490 1079 45 11
490 1146 33 13
491 514 36 15
491 724 50 3
491 805 20 15
491 827 53 6
491 848 33 3
491 964 1 8
491 1349 59 2
492 541 15 7
492 799 40 8
492 807 36 6
492 928 29 15
492 991 7 9
492 1339 9 15
493 629 25 7
493 693 58 2
493 763 3 3
493 970 33 2
493 1017 59 4
493 1209 28 10
493 1274 24 3
493 1425 55 12
494 793 49 10
494 800 10 9
494 908 5 1
494 1124 13 1
494 1268 1 6
494 1279 22 12
494 1319 48 15
495 602 23 14
495 675 11 5
495 690 30 11
495 766 26 14
495 799 38 6
495 862 55 8
495 1024 20 14
495 1054 26 4
495 1187 20 7
496 740 28 1
496 1297 32 14
497 524 21 15
497 633 58 12
497 685 16 4
497 896 51 14
497 974 42 6
497 1054 29 2
497 1140 17 7
498 818 41 14
498 1225 37 7
498 1233 1 11
498 1351 1 13
499 616 6 6
499 719 38 8
499 869 51 11
499 1005 60 14
499 1268 49 2
500 731 33 5
501 1001 25 14
501 1197 48 8
501 1319 26 3
501 1328 22 12
501 1378 40 4
502 649 30 12
502 838 48 4
502 1257 29 13
503 1308 26 2
504 634 18 12
504 741 55 6
504 945 22 2
504 960 27 5
504 1170 41 2
505 691 9 13
505 850 19 7
505 1255 60 4
506 528 59 6
506 554 19 4
506 1407 12 5
507 562 32 4
507 686 13 12
507 784 9 6
507 1294 37 14
508 599 10 5
508 757 46 13
508 832 49 11
508 1002 2 9
509 514 56 3
509 770 31 10
509 1183 36 10
509 1199 44 6
509 1404 34 9
510 646 17 2
510 975 8 2
510 1401 38 10
510 1437 14 4
511 618 16 14
511 670 24 6
511 754 15 9
511 763 31 8
511 989 22 8
511 1114 6 11
511 1194 42 13
512 807 52 2
512 962 16 5
512 1178 16 2
512 1206 36 13
513 559 32 7
513 694 25 13
513 907 58 6
513 971 32 9
514 565 42 10
514 580 51 12
514 617 43 10
514 823 21 2
514 1299 35 3
515 687 18 5
515 723 37 4
515 762 18 5
515 1020 43 5
515 1427 12 4
516 1068 44 9
516 1121 53 6
516 1234 41 8
516 1277 55 11
516 1361 15 7
517 671 47 9
517 785 1 11
517 843 11 14
517 908 31 1
517 978 52 2
517 1254 36 11
517 1355 28 4
518 528 20 10
518 564 2 8
518 658 41 12
518 775 41 9
518 901 14 1
518 941 38 14
518 1084 8 3
518 1340 4 8
519 526 33 8
519 1240 36 12
520 789 8 1
520 998 60 6
520 1067 14 3
520 1154 57 6
520 1332 56 4
521 800 26 14
521 976 38 10
521 1001 2 13
522 884 3 9
522 1129 10 12
522 1245 9 7
522 1256 60 13
523 690 34 1
523 691 58 1
523 795 18 8
523 882 54 14
523 899 52 12
523 1027 26 7
523 1065 46 2
523 1179 4 6
523 1387 59 7
524 757 38 1
524 1151 39 7
524 1383 51 14
525 551 60 11
525 623 55 6
525 1113 20 8
525 1140 33 13
525 1223 55 14
526 875 58 4
526 1012 16 7
526 1176 48 8
526 1239 14 5
526 1366 48 15
526 1398 5 15
526 1441 26 10
527 554 15 10
527 711 13 7
527 811 39 8
527 925 24 4
527 1025 54 14
527 1097 6 15
527 1099 10 2
527 1138 46 7
527 1150 4 13
527 1303 29 14
527 1376 55 11
527 1407 42 15
528 553 11 4
528 736 42 10
528 1119 5 15
529 702 22 9
529 705 28 9
529 801 59 15
530 883 23 15
530 943 13 14
530 1218 40 12
531 902 8 14
531 1035 49 6
531 1431 59 3
531 1440 40 10
532 553 21 8
532 640 24 3
532 721 51 10
533 1032 58 4
534 1048 31 2
534 1094 2 4
534 1331 2 9
535 592 27 12
535 781 42 4
535 808 32 2
535 990 39 8
535 1120 13 14
535 1343 2 10
535 1364 53 5
536 566 34 3
536 740 40 7
536 754 13 3
536 821 12 14
536 1211 17 5
536 1322 54 4
536 1332 40 5
537 644 36 8
537 1263 52 2
538 674 4 1
538 859 53 2
538 889 57 7
538 893 41 11
538 929 23 15
538 963 43 3
538 1127 55 14
538 1438 20 9
539 785 16 2
539 924 38 13
540 669 17 11
540 728 7 9
540 782 39 6
540 815 36 9
540 881 46 7
540 924 38 2
540 1054 38 3
540 1059 4 7
541 1233 58 11
542 613 40 5
542 825 32 3
542 906 30 2
542 1230 55 12
542 1243 3 12
542 1315 31 3
543 581 54 5
543 710 33 9
543 769 11 4
543 890 13 14
543 967 51 2
543 1093 3 7
544 814 50 11
544 992 50 14
545 665 22 14
545 707 15 11
545 924 51 12
546 701 9 10
546 964 12 3
546 1101 45 1
546 1115 15 11
546 1117 20 4
546 1277 16 2
546 1319 59 8
547 747 44 3
547 1092 26 14
547 1307 42 3
547 1379 37 2
547 1425 54 4
548 810 6 7
548 1154 43 1
548 1198 7 8
549 658 32 7
549 808 41 8
549 1084 9 4
550 759 30 5
550 919 38 9
550 960 46 3
550 982 25 15
550 1036 49 9
550 1042 12 7
550 1271 12 5
550 1319 55 6
550 1380 33 9
551 646 22 1
551 728 42 13
551 793 25 13
551 1340 38 5
552 735 42 11
552 785 12 14
552 1011 33 12
552 1231 43 1
553 675 46 3
553 726 58 1
553 900 32 11
554 582 29 14
554 715 36 3
554 734 37 13
554 932 25 12
554 1262 3 4
555 588 13 2
555 732 59 10
555 850 36 4
555 1043 29 13
555 1166 60 4
555 1431 5 13
556 936 28 3
556 1263 8 7
556 1347 19 5
556 1356 19 15
557 774 34 9
557 777 30 9
557 842 14 5
557 938 58 15
557 1103 20 1
557 1188 2 6
557 1303 20 9
558 605 60 4
558 682 29 7
558 798 12 1
558 1208 20 9
559 1120 24 2
559 1190 18 9
559 1241 48 2
560 945 6 15
560 992 17 4
560 1310 47 10
561 689 36 12
561 792 30 4
561 1073 49 2
561 1314 60 14
562 660 32 2
562 835 57 11
562 924 19 12
562 1305 38 10
562 1306 36 6
562 1323 38 11
563 585 36 10
563 787 12 13
563 983 59 15
563 1062 35 4
563 1167 44 6
563 1254 28 3
563 1262 28 7
564 686 19 13
564 729 55 15
564 864 40 13
564 1038 16 7
564 1320 9 15
564 1394 50 9
565 647 12 5
565 1124 35 15
565 1370 28 15
566 656 12 10
566 719 6 10
566 1059 47 3
566 1203 22 2
566 1255 16 7
567 671 29 8
567 860 16 15
567 1081 47 1
567 1110 23 14
567 1225 37 9
567 1304 48 8
568 653 1 1
568 781 29 4
569 1391 27 3
570 577 37 10
570 619 51 5
570 1096 60 8
570 1152 8 2
570 1413 32 10
571 942 18 15
571 962 43 3
571 1195 1 4
571 1315 50 4
571 1350 43 7
572 640 55 11
572 954 29 2
572 1070 15 6
572 1386 55 3
573 973 10 8
573 1095 59 10
573 1164 14 7
573 1275 29 12
574 720 44 13
574 1283 46 4
574 1284 27 9
574 1382 16 8
575 713 56 13
575 766 20 7
575 1052 17 12
575 1155 55 10
575 1195 40 15
575 1226 40 5
575 1286 15 8
575 1425 1 2
576 870 38 12
577 617 13 3
577 630 11 11
577 933 38 10
577 997 55 14
578 1033 56 8
578 1278 21 8
579 671 32 12
579 794 53 13
579 847 9 8
579 1107 51 10
579 1139 46 12
579 1241 2 2
579 1295 26 8
579 1332 7 15
579 1355 16 1
579 1368 46 6
580 626 21 6
580 643 51 10
580 769 40 2
580 907 27 12
580 1198 40 6
580 1300 17 14
580 1320 58 12
581 724 40 1
581 888 60 7
581 1011 48 14
581 1020 1 15
581 1060 54 5
581 1169 22 2
581 1410 19 7
582 635 51 12
582 816 20 6
582 1259 5 11
582 1308 54 6
583 755 46 14
583 837 59 1
583 853 19 14
583 1428 41 11
584 681 49 13
584 705 27 1
584 1021 52 1
584 1108 15 8
584 1130 33 1
584 1225 27 10
584 1325 23 4
584 1348 46 9
585 620 17 11
585 656 52 9
585 867 53 13
585 888 25 1
585 1164 27 14
585 1249 15 1
585 1365 15 5
586 691 59 12
586 884 15 8
586 929 31 14
586 1342 29 3
587 979 59 7
587 996 40 14
587 1021 2 15
588 758 33 9
588 1113 58 3
588 1180 45 15
588 1439 4 4
589 950 58 3
589 990 22 6
589 1125 34 15
589 1294 30 9
589 1376 52 14
590 695 54 11
590 825 59 5
590 885 13 6
590 953 2 6
590 1059 31 12
590 1235 41 6
590 1270 59 12
590 1303 58 10
591 732 4 2
591 757 15 12
591 844 18 5
591 953 56 6
592 756 26 7
592 835 59 14
592 854 41 14
592 898 35 11
592 943 38 2
592 945 35 5
592 1064 32 12
592 1281 23 11
593 598 44 1
593 1175 52 4
593 1196 21 15
593 1258 24 4
593 1290 23 8
593 1312 9 14
593 1391 42 12
594 1095 33 15
595 804 16 4
595 1164 24 10
596 1168 46 5
596 1200 2 6
596 1289 53 3
597 640 56 6
597 888 54 10
597 966 4 7
597 1030 3 8
598 832 41 7
598 1109 58 9
598 1242 14 15
598 1249 52 1
599 618 39 1
599 842 35 5
599 908 59 1
599 1181 26 10
599 1395 57 1
600 1081 20 9
600 1139 33 14
600 1161 19 13
600 1264 22 14
600 1387 32 5
601 671 41 1
601 1066 5 13
602 832 33 2
602 879 23 12
602 1098 11 2
603 1117 24 13
603 1228 41 13
603 1242 50 1
604 643 25 15
604 749 6 12
604 812 38 3
605 635 2 10
605 647 30 4
605 918 51 9
606 614 32 10
606 873 57 2
606 878 50 4
606 1151 53 7
606 1251 23 7
607 661 53 12
607 740 43 6
607 750 19 6
607 995 8 1
607 1245 3 4
608 615 22 14
608 748 3 5
608 940 28 5
608 1037 35 7
608 1061 60 5
608 1116 16 1
608 1338 7 2
609 648 54 3
609 980 60 13
609 1005 48 8
609 1069 49 7
609 1141 22 1
609 1370 9 10
609 1431 11 5
610 654 53 12
610 666 58 11
610 814 18 12
610 1251 9 1
610 1257 51 9
610 1258 2 1
611 686 24 14
611 760 48 11
611 1165 44 15
611 1408 14 6
612 779 2 8
612 1313 29 5
612 1392 50 11
613 1119 33 11
613 1254 50 12
614 978 24 10
614 1033 50 1
614 1122 20 4
614 1269 33 2
615 655 5 14
615 762 28 2
615 878 41 6
616 625 46 13
616 847 8 15
617 656 51 9
617 727 10 2
617 1068 51 8
618 727 10 14
618 748 30 8
618 750 21 13
618 877 15 7
618 924 42 14
618 1207 39 1
618 1323 43 15
618 1331 31 14
619 754 24 2
619 836 33 10
619 878 55 3
619 894 52 1
619 910 10 12
619 1208 3 1
619 1266 39 15
620 634 45 5
620 654 41 6
620 758 57 7
620 810 15 9
620 922 32 3
620 1015 42 12
621 798 15 10
621 857 53 2
621 959 12 9
621 975 19 15
621 984 19 9
621 1006 24 7
621 1116 49 12
621 1151 1 13
622 790 41 10
622 838 12 4
622 946 2 9
622 1440 49 11
623 684 59 6
623 823 22 11
623 1216 29 9
623 1284 29 12
624 711 43 1
624 733 47 1
624 763 22 3
624 974 1 3
624 1370 1 15
624 1385 24 8
625 695 43 2
625 746 27 14
625 904 51 1
625 1099 47 6
625 1126 35 4
625 1131 1 8
625 1345 5 10
625 1346 23 1
626 764 28 10
626 878 57 9
626 963 30 13
626 964 27 15
627 654 2 14
627 709 39 9
627 1009 19 5
627 1016 10 2
627 1081 1 14
627 1367 36 1
628 778 25 7
628 924 50 9
628 1025 12 13
628 1126 47 3
628 1221 59 13
628 1243 50 2
628 1290 25 6
629 739 23 9
629 915 14 7
629 993 21 3
629 1036 24 2
630 901 22 9
630 1437 33 15
631 778 9 1
631 823 38 9
631 1053 14 14
631 1195 26 5
631 1351 25 5
631 1361 23 9
632 662 38 2
632 891 20 12
632 927 22 2
632 995 52 14
632 1068 56 1
632 1427 19 9
633 794 59 1
633 823 18 15
633 1034 28 5
633 1113 29 12
633 1288 29 12
633 1348 3 1
634 1053 38 1
634 1164 36 15
634 1292 41 10
634 1431 51 9
635 989 26 8
635 1024 2 1
635 1031 1 7
635 1066 44 9
635 1210 31 2
635 1288 41 8
636 794 45 11
636 930 44 9
636 1077 39 6
636 1225 45 2
637 730 59 2
637 789 24 9
637 950 6 8
637 1178 21 2
638 1180 57 6
638 1240 32 10
639 875 10 3
639 1045 49 7
639 1211 45 5
640 748 19 4
640 972 14 4
640 1010 1 8
640 1023 56 7
640 1067 8 4
640 1387 25 12
640 1418 39 6
641 857 51 5
641 965 9 14
641 1215 7 13
641 1302 14 14
642 838 48 13
642 1046 1 2
643 796 45 6
643 882 39 3
643 957 35 9
643 1071 45 10
643 1090 24 11
643 1150 41 5
643 1277 59 13
644 856 29 14
644 935 27 1
644 968 1 2
644 1213 60 10
644 1243 25 12
644 1397 20 6
645 789 20 6
645 1053 3 3
645 1317 51 10
646 727 13 14
646 879 58 12
646 1019 47 8
646 1084 9 11
646 1197 50 9
647 748 42 6
647 1183 22 7
647 1430 26 11
648 1123 5 10
648 1199 27 5
648 1201 49 4
649 679 46 15
649 685 21 1
649 976 56 1
649 1071 56 10
649 1254 1 2
649 1346 45 15
650 964 54 12
650 1117 43 15
650 1268 27 1
650 1311 17 5
650 1395 17 13
651 752 11 10
651 768 32 15
651 1048 18 9
651 1237 12 13
651 1254 15 2
651 1369 19 2
652 755 34 1
652 930 26 14
652 952 37 11
652 971 32 14
652 976 52 14
652 1123 32 14
652 1195 20 6
652 1398 2 12
653 914 59 12
653 1021 42 1
653 1214 10 9
653 1244 6 14
653 1293 4 11
654 732 55 15
654 761 13 15
654 819 35 10
654 1184 57 1
654 1243 4 15
654 1372 43 7
655 848 43 8
655 1022 11 7
655 1277 32 6
656 670 22 15
656 761 19 9
656 785 7 14
656 1120 26 11
656 1131 34 7
656 1366 55 15
656 1413 58 15
657 1322 6 2
657 1349 35 7
658 685 4 11
658 713 46 8
658 854 58 8
658 877 20 12
658 951 6 8
658 1024 2 10
658 1036 55 5
658 1066 48 8
658 1195 6 13
658 1219 7 4
658 1259 23 8
658 1272 15 6
659 682 33 13
659 764 2 9
659 868 31 9
659 1196 33 15
659 1372 39 4
659 1415 46 11
660 906 37 7
660 1064 57 3
660 1107 42 1
660 1269 18 9
660 1304 7 12
661 726 47 4
661 762 20 6
661 1023 6 3
661 1149 55 5
661 1392 58 9
662 700 3 11
662 758 34 4
662 945 25 1
663 720 24 5
663 758 21 13
664 1176 8 1
664 1274 17 14
665 834 10 2
665 846 9 9
665 905 12 1
665 1016 57 1
665 1055 13 15
665 1101 22 10
665 1105 41 7
666 876 51 13
666 930 38 4
666 1015 23 2
666 1195 53 3
666 1231 25 1
667 804 44 14
667 838 3 4
667 876 42 9
667 1238 38 13
668 1295 21 6
668 1400 49 6
669 702 33 2
669 780 17 14
669 913 40 12
669 1257 11 1
670 1007 35 6
670 1106 17 6
671 896 34 10
671 1130 25 8
671 1193 7 8
671 1298 38 14
671 1389 8 2
672 679 36 7
672 859 2 11
672 861 25 1
672 1104 4 1
672 1347 51 8
672 1414 39 12
673 686 33 6
673 815 34 12
673 1041 57 7
673 1143 35 13
673 1191 1 11
673 1257 14 7
673 1261 18 14
673 1284 44 12
674 862 42 9
674 1093 36 2
674 1125 1 5
674 1314 21 5
674 1336 42 8
675 974 57 2
675 1016 47 10
675 1148 2 9
676 895 57 6
676 1386 23 15
676 1429 21 1
677 678 52 2
677 686 40 6
677 929 21 11
677 970 30 3
677 1146 36 2
677 1178 52 3
677 1330 17 2
678 734 55 4
678 1220 56 9
679 967 23 6
679 972 52 6
679 1263 56 7
680 1081 15 3
680 1111 36 6
680 1326 36 7
680 1329 37 2
680 1342 53 1
680 1348 18 11
681 907 29 7
681 914 59 2
681 994 4 5
681 1031 27 3
681 1317 43 15
681 1369 29 14
681 1399 15 3
682 770 57 1
682 878 33 8
682 1084 35 1
683 763 26 9
683 955 22 10
683 1123 2 9
683 1437 59 10
684 836 11 10
684 951 7 1
684 1023 25 8
684 1030 39 11
684 1390 36 11
684 1410 52 2
685 1194 14 9
685 1206 25 14
685 1354 52 2
686 699 8 5
686 791 45 9
686 896 17 10
686 912 11 9
686 1214 35 15
686 1243 26 15
688 746 57 5
688 1109 55 13
688 1259 17 1
688 1329 19 15
689 827 18 7
689 874 51 12
689 911 32 10
689 1333 36 4
690 754 10 6
690 869 1 5
690 1408 48 5
691 800 27 1
691 819 51 14
691 918 35 1
691 1125 30 14
692 773 26 14
692 830 8 4
692 1015 9 7
692 1136 17 9
692 1338 55 9
692 1437 24 11
693 703 56 11
693 720 8 2
693 820 12 9
693 916 10 14
693 1050 45 10
693 1104 54 14
693 1238 47 7
693 1368 6 7
694 831 10 8
694 835 43 2
694 855 37 5
694 1044 17 7
695 1026 1 4
695 1070 28 6
695 1204 6 8
695 1413 16 5
696 722 50 6
696 920 14 10
697 1004 5 8
697 1061 17 4
698 1062 59 2
698 1204 30 13
698 1273 18 7
699 758 43 11
699 932 35 8
700 949 47 3
700 957 16 9
700 1113 51 15
700 1118 4 15
700 1332 17 11
701 702 23 13
701 1179 44 8
701 1359 32 8
702 842 33 5
702 1279 39 13
703 709 31 4
703 755 9 6
703 852 54 14
703 910 55 7
703 952 47 10
703 972 43 4
703 1270 30 7
704 942 20 10
704 992 14 15
704 1122 13 11
704 1329 52 13
705 889 53 10
705 1147 36 1
705 1161 44 2
706 771 1 4
706 943 12 7
706 990 55 6
706 1035 20 4
707 791 48 13
707 807 54 7
707 905 56 13
707 955 21 8
707 1090 33 6
707 1131 25 11
707 1209 39 13
707 1389 22 6
708 732 39 3
708 796 35 9
708 820 16 7
708 851 9 2
708 1117 37 14
708 1124 53 9
708 1172 33 4
708 1203 17 7
709 716 7 2
709 731 43 8
709 972 46 12
709 975 54 2
709 1023 37 14
709 1041 21 3
709 1082 46 5
709 1434 14 1
710 785 18 5
710 1110 40 5
710 1237 20 1
711 867 50 11
711 1241 11 3
711 1354 19 2
711 1357 39 7
712 1033 15 14
712 1167 49 7
713 863 18 15
713 895 51 6
713 933 8 4
713 1376 2 13
714 1090 57 7
715 800 28 1
715 1062 54 8
716 840 47 12
716 1098 29 5
717 736 18 4
717 745 18 2
717 976 30 12
717 1050 49 13
717 1090 4 8
717 1200 16 3
717 1255 55 6
717 1421 44 8
718 1134 54 1
719 814 55 14
719 1148 34 13
720 817 29 13
720 823 49 4
720 1142 29 11
720 1304 60 12
721 985 25 6
721 1192 1 13
721 1249 25 1
721 1294 30 2
721 1324 5 6
721 1398 9 10
722 774 57 5
722 819 11 3
722 920 5 1
722 1084 41 14
722 1296 20 1
722 1330 27 11
722 1344 21 5
723 734 5 2
723 1185 12 3
723 1331 42 5
724 790 24 14
724 996 9 6
724 1190 7 4
724 1268 26 4
725 739 52 7
725 1036 58 9
725 1089 50 4
725 1395 50 9
725 1431 38 12
726 821 26 8
726 889 3 3
726 983 28 2
726 1113 14 14
726 1273 25 15
726 1294 11 14
726 1338 28 8
726 1438 53 6
727 780 37 7
727 1121 4 12
728 826 7 3
728 1056 52 5
728 1174 45 8
728 1176 51 1
728 1380 22 4
729 1048 55 9
729 1212 54 13
730 1316 8 13
731 892 24 6
731 917 35 3
731 1161 51 1
731 1340 39 13
732 1177 45 5
733 761 1 10
733 907 52 1
733 1093 42 7
733 1184 48 7
733 1205 1 7
733 1297 28 1
734 763 1 4
734 1023 49 12
734 1175 39 9
735 799 50 9
735 829 24 12
735 1222 57 14
736 930 38 4
736 1030 50 1
736 1094 30 8
737 856 60 8
737 922 25 10
738 793 48 2
738 910 39 13
738 917 54 4
739 1139 54 8
739 1184 2 12
739 1337 10 3
739 1370 2 14
740 855 47 9
740 986 23 3
740 1043 22 11
740 1185 36 10
741 942 12 12
741 981 2 15
741 1172 57 7
741 1310 48 11
742 802 58 14
742 917 16 3
742 1253 55 7
742 1364 51 10
743 925 58 5
743 932 57 14
743 1191 14 2
744 953 45 1
744 1135 56 6
744 1160 22 10
744 1175 17 6
744 1182 12 10
744 1399 16 9
745 788 32 2
745 935 58 3
745 959 22 4
745 1305 37 1
746 887 18 12
746 923 42 11
746 1151 24 8
747 828 14 5
747 1422 19 3
748 930 57 15
748 1001 40 4
748 1106 57 13
748 1194 2 15
748 1253 53 15
748 1265 47 11
749 959 36 7
749 1009 17 4
749 1123 47 3
749 1306 51 6
749 1422 33 9
750 803 53 5
751 846 4 5
751 1118 8 7
752 760 32 6
752 1120 38 7
753 894 10 13
753 964 24 2
753 1010 55 11
753 1370 2 1
754 823 55 11
754 1163 42 5
754 1293 35 6
754 1383 51 3
754 1404 1 6
755 792 58 13
755 808 42 6
755 846 30 15
755 976 10 8
755 978 53 3
755 1371 17 10
756 1112 21 15
756 1124 41 3
756 1137 53 9
756 1221 16 13
757 1077 54 5
757 1200 7 13
757 1435 47 10
758 799 35 9
758 803 22 14
758 833 4 4
758 1060 47 5
758 1195 3 15
758 1421 24 1
759 994 4 1
759 1049 44 6
759 1089 33 4
759 1099 25 3
759 1308 11 14
760 887 38 15
760 910 42 15
760 943 6 5
761 874 28 2
761 942 36 9
761 955 14 7
761 1110 50 1
761 1243 53 8
761 1362 59 13
761 1431 50 1
762 820 60 2
762 836 4 13
762 908 56 10
762 1179 18 13
763 893 22 12
763 896 3 10
763 1138 32 1
763 1201 11 13
764 805 28 8
764 821 13 9
764 989 57 15
764 1079 44 11
764 1327 18 3
765 807 57 9
765 856 51 8
765 1067 29 7
765 1347 27 13
765 1410 2 1
766 831 59 5
766 1096 30 14
766 1132 38 11
766 1235 57 8
767 909 15 8
767 1105 23 12
767 1371 17 9
767 1388 47 8
768 792 30 13
768 1201 43 1
768 1334 13 11
768 1392 25 5
769 843 33 5
769 868 56 9
769 888 43 3
769 1203 39 11
769 1223 47 4
769 1250 15 15
770 789 32 2
770 1225 48 8
771 949 30 12
771 1108 27 4
772 953 10 4
772 955 40 10
772 1048 51 14
772 1168 1 8
772 1272 45 10
772 1297 18 1
772 1361 15 10
772 1398 23 8
773 860 10 15
773 992 33 12
773 1015 45 2
773 1361 26 9
774 858 54 13
774 1130 56 15
774 1136 17 13
774 1201 25 3
774 1220 28 1
774 1253 16 14
774 1418 56 12
775 796 22 13
775 1388 49 8
775 1390 8 3
776 794 13 13
776 1283 6 2
777 807 46 5
777 1148 34 2
777 1157 55 4
778 861 12 4
778 1379 46 13
779 983 57 8
779 1116 40 8
779 1223 31 5
779 1438 58 10
780 786 23 3
780 996 37 1
781 787 18 7
781 979 14 13
781 1080 42 2
781 1187 21 11
782 941 10 3
782 1222 2 1
782 1335 39 14
783 809 36 1
783 820 5 7
783 1059 27 13
783 1061 50 3
783 1266 28 14
784 943 17 7
784 949 34 15
784 1271 26 4
784 1296 24 5
785 815 50 11
785 1041 40 6
785 1103 15 9
785 1132 3 7
785 1383 16 5
786 881 7 1
786 1007 21 5
786 1353 30 10
786 1370 40 4
787 1101 29 13
787 1152 45 8
787 1229 19 7
788 969 12 7
788 1049 35 11
789 794 46 4
789 864 40 5
789 1321 49 8
790 944 39 9
790 990 19 10
790 992 52 3
790 1436 50 8
791 1024 27 8
791 1330 38 10
792 1132 5 4
792 1180 15 5
792 1298 10 10
793 1300 57 1
794 1309 47 15
794 1314 47 12
794 1341 13 14
795 822 7 5
795 939 3 14
795 1036 51 6
795 1111 54 9
795 1243 39 6
796 846 42 12
796 1000 14 5
796 1190 32 15
796 1408 23 8
797 847 17 1
797 922 9 9
797 951 55 5
798 864 54 1
798 948 29 11
798 954 35 6
798 1275 60 14
798 1312 54 12
798 1315 1 14
799 991 59 5
799 1054 4 15
799 1325 20 11
799 1361 32 6
800 1136 45 15
801 1021 20 15
801 1078 26 15
802 900 30 10
802 1419 4 6
803 1107 47 4
803 1170 52 5
803 1231 18 13
803 1242 35 10
803 1419 12 7
804 1117 30 12
804 1207 40 9
804 1237 36 10
805 940 53 6
805 1003 35 8
805 1262 13 14
805 1325 31 10
806 995 20 10
806 1128 28 9
807 987 22 2
807 1072 46 6
807 1335 6 2
807 1339 35 6
808 834 37 2
808 1061 49 10
808 1224 34 11
808 1282 34 3
809 906 27 7
809 1092 20 9
810 902 40 5
810 1064 52 5
810 1378 43 13
811 1080 48 15
812 873 40 1
812 879 4 2
812 1056 54 8
812 1419 58 6
813 950 55 6
813 966 33 7
814 998 10 8
815 1266 2 1
815 1419 15 8
816 838 11 14
816 1026 5 7
817 1156 16 4
817 1376 54 12
818 1143 6 11
818 1271 18 9
818 1406 18 8
819 1223 9 1
820 942 32 2
820 1424 7 4
821 840 8 2
821 875 57 1
821 1267 37 12
822 948 10 2
822 1171 29 4
822 1190 21 7
822 1232 39 5
823 1277 41 9
824 950 13 11
824 1139 24 5
824 1154 60 12
824 1179 4 2
824 1242 20 5
824 1430 42 4
825 869 26 13
825 963 47 5
825 987 11 15
825 1384 59 9
825 1385 12 10
826 978 59 5
826 1134 29 15
826 1175 19 9
826 1244 20 7
826 1268 22 4
826 1364 15 11
826 1434 50 3
827 1242 51 2
827 1359 27 10
828 1175 55 15
828 1321 18 13
828 1335 10 12
829 949 28 14
829 1099 60 12
829 1193 55 4
829 1225 19 3
830 1207 36 7
830 1262 30 3
830 1327 14 15
830 1357 10 5
830 1372 17 6
831 1167 2 7
831 1362 24 10
832 939 1 12
832 1077 4 15
832 1215 51 11
832 1236 59 12
833 1185 57 4
833 1279 11 6
834 887 10 5
834 1227 14 15
834 1409 22 9
834 1410 1 7
835 1131 56 15
836 979 41 15
836 1141 27 9
836 1203 1 9
836 1421 31 1
837 869 56 7
837 1131 6 5
837 1273 10 5
838 1107 58 12
838 1434 8 3
839 1119 55 11
839 1200 13 3
840 920 30 4
840 1216 41 7
841 892 26 15
841 1431 47 12
841 1435 44 13
842 931 38 10
842 966 37 12
842 1107 13 9
842 1186 43 6
842 1274 20 14
843 990 21 15
843 1243 10 14
843 1386 40 10
844 1015 2 2
844 1139 5 6
844 1414 24 13
845 1050 19 1
845 1360 22 2
846 1188 1 13
847 1017 18 15
847 1048 6 12
847 1092 35 1
847 1251 32 7
847 1366 36 1
847 1405 29 10
848 852 4 7
848 934 53 12
848 1094 10 11
848 1334 56 4
848 1375 55 5
848 1410 57 15
849 879 60 3
849 1011 27 10
849 1423 4 5
850 1297 31 1
850 1405 13 13
851 1158 39 15
852 867 43 9
852 956 60 6
852 1126 49 15
852 1287 60 8
852 1432 36 15
853 899 14 1
853 983 8 7
853 1131 20 3
853 1219 31 5
853 1392 4 5
854 876 6 12
854 966 29 5
855 888 42 3
855 1165 19 6
855 1409 30 11
856 992 29 6
856 1013 48 7
856 1082 56 2
856 1170 11 8
858 986 40 11
858 1282 8 2
859 1016 22 9
859 1235 43 2
859 1241 44 2
860 886 8 4
860 1196 16 12
860 1217 21 9
860 1245 31 10
860 1397 52 11
860 1434 42 9
861 974 58 9
861 1408 34 9
862 1020 41 5
863 903 31 6
864 973 6 8
864 1045 39 10
864 1056 22 2
864 1244 54 1
865 939 9 8
865 1073 51 2
865 1210 46 13
865 1244 14 1
865 1433 30 8
866 944 8 2
867 987 17 5
867 1020 51 10
867 1088 50 15
867 1257 32 13
868 888 3 4
868 1051 18 1
868 1130 28 12
868 1217 19 10
868 1291 29 11
868 1420 59 4
869 942 46 14
869 1342 32 2
869 1430 54 11
870 1092 31 11
870 1138 8 12
870 1368 40 7
871 874 57 14
871 1402 45 7
872 932 39 4
872 1148 33 13
872 1409 16 9
872 1413 20 7
873 1163 13 3
873 1221 23 7
873 1309 22 5
874 900 1 5
874 1286 25 14
874 1297 32 1
875 1094 56 11
875 1376 49 13
876 1238 41 8
876 1400 37 13
877 1090 52 2
877 1340 3 15
878 925 28 11
878 934 37 6
878 1011 14 6
878 1210 10 9
878 1229 48 2
878 1235 26 1
878 1379 15 2
879 882 8 2
879 969 20 10
879 1114 5 12
879 1378 27 13
879 1399 11 14
881 896 53 12
881 966 56 15
881 1039 23 13
881 1182 60 13
881 1249 13 6
881 1340 5 15
882 893 58 15
882 1143 3 11
882 1209 50 14
883 899 52 14
883 950 48 4
883 1214 41 6
883 1269 39 15
883 1299 51 13
883 1326 29 4
883 1352 42 13
884 952 26 11
884 1073 13 11
884 1258 9 2
885 1089 19 4
885 1394 51 6
886 1134 31 8
886 1279 35 7
887 1051 26 13
887 1209 11 13
887 1258 53 3
888 916 42 5
888 969 11 12
888 1023 36 10
888 1066 18 3
888 1124 4 7
888 1254 50 5
889 927 32 2
889 1197 9 3
889 1279 31 15
890 1020 26 8
890 1026 60 10
890 1138 32 11
890 1236 7 15
890 1290 53 7
890 1354 10 9
890 1432 41 2
891 951 32 14
891 1070 39 14
891 1105 50 11
891 1437 38 2
892 1169 27 4
892 1231 42 14
892 1401 2 6
893 1149 14 7
893 1287 17 1
893 1304 34 15
893 1338 38 14
893 1377 54 15
894 1391 38 2
894 1409 35 4
895 936 39 11
895 1335 60 7
895 1406 33 6
896 1027 37 6
896 1072 45 10
896 1122 21 10
896 1190 1 12
896 1266 55 6
896 1274 47 5
896 1393 34 7
897 1023 42 14
897 1302 44 7
898 1023 1 13
898 1044 45 7
898 1166 41 2
898 1201 60 4
898 1291 5 12
898 1334 7 7
898 1356 47 13
898 1417 42 15
899 1015 57 10
899 1090 6 6
900 1057 58 6
900 1328 43 2
900 1398 22 12
900 1416 10 15
901 1031 51 4
902 981 26 14
902 1298 46 2
902 1340 43 11
902 1436 53 4
903 1127 35 8
903 1160 39 7
903 1276 36 12
903 1284 45 9
904 979 45 1
904 1413 32 11
905 920 24 13
905 1295 55 1
905 1379 5 6
906 1058 1 13
906 1182 28 3
906 1225 17 9
907 1039 24 8
907 1128 9 13
907 1221 49 13
907 1257 7 13
907 1374 13 13
908 1036 47 15
909 1170 39 5
909 1308 58 2
909 1387 7 8
910 1320 60 4
911 955 20 11
911 1006 13 5
911 1275 13 1
911 1330 19 12
911 1339 57 14
912 929 18 13
912 1066 10 2
912 1124 23 3
912 1131 21 2
912 1145 2 9
912 1196 46 9
912 1361 60 7
913 958 56 11
913 976 10 6
913 1002 29 5
913 1136 34 3
913 1287 22 7
914 1107 4 9
914 1138 11 14
914 1236 6 6
915 925 20 3
915 977 5 4
915 1348 50 2
915 1378 49 14
916 948 51 8
916 1342 36 8
918 947 56 11
918 1126 26 7
918 1190 39 14
918 1303 50 3
920 1195 17 13
920 1273 55 6
921 1086 32 10
921 1213 24 7
921 1214 51 3
921 1399 39 7
922 988 38 6
922 1133 40 8
923 967 27 3
924 955 37 6
924 1086 24 3
924 1161 50 7
925 1030 50 13
925 1032 35 5
925 1303 1 8
925 1304 8 7
926 1071 28 4
926 1164 12 6
926 1201 3 6
926 1295 49 8
926 1430 58 10
927 1158 4 9
927 1329 28 4
928 967 31 3
928 1000 19 15
928 1136 9 15
928 1195 60 12
931 1080 52 6
931 1110 11 4
931 1214 7 11
931 1308 11 1
932 972 2 2
932 1100 55 1
932 1148 44 5
932 1215 8 7
932 1218 52 13
933 981 44 15
933 1001 12 15
933 1073 26 11
933 1121 20 3
933 1310 36 11
934 941 8 3
934 960 11 15
934 980 12 14
934 1101 30 11
934 1189 2 12
934 1220 38 5
934 1260 49 8
934 1287 3 7
935 937 22 8
935 993 4 9
935 1206 37 7
935 1232 2 10
935 1275 41 9
935 1394 40 3
936 1210 15 12
937 988 50 6
937 1023 56 4
937 1229 4 5
937 1331 41 15
937 1351 35 6
938 1125 28 8
939 1015 39 14
939 1067 9 12
939 1303 38 12
939 1370 30 7
940 1419 47 4
941 967 40 15
941 1268 59 11
941 1338 7 12
941 1390 27 13
942 1041 21 7
942 1141 19 8
942 1270 34 7
942 1346 8 10
943 1104 48 11
943 1157 56 13
943 1230 49 7
943 1241 22 1
943 1257 25 6
944 1309 15 11
944 1371 15 9
945 969 39 6
945 1068 46 1
945 1215 50 2
945 1229 5 11
945 1267 60 9
945 1415 15 1
946 1045 47 8
946 1182 20 5
946 1222 52 8
946 1318 41 6
946 1323 51 7
947 1438 36 2
948 949 36 10
948 955 35 14
948 1072 58 13
948 1133 2 2
948 1243 13 6
948 1274 7 13
948 1438 51 3
949 1019 35 2
949 1182 4 10
949 1294 29 5
949 1353 47 2
950 1075 42 3
950 1147 13 11
950 1179 39 15
950 1356 9 11
951 1027 44 11
951 1056 59 13
951 1079 10 6
951 1101 20 9
951 1135 29 2
952 1132 58 12
952 1255 45 1
953 1169 11 6
953 1188 19 7
953 1213 44 10
953 1270 25 4
955 1132 23 14
955 1238 57 5
956 1156 54 4
956 1187 39 6
957 997 42 15
957 1062 46 7
957 1112 43 14
957 1197 16 14
957 1419 39 9
958 1266 47 14
958 1273 51 3
959 1116 14 12
959 1181 11 10
959 1196 46 13
959 1220 30 13
961 1014 36 15
961 1218 26 2
961 1377 47 8
962 1234 14 5
962 1294 31 10
963 1021 22 4
964 981 45 13
964 1155 43 7
964 1343 39 6
965 1022 14 15
965 1220 51 3
966 1095 60 14
966 1297 37 12
966 1333 15 1
967 1200 54 6
967 1241 23 9
968 1061 56 10
968 1152 58 8
968 1218 39 10
969 1111 34 9
969 1318 5 9
969 1414 6 10
970 1056 4 6
971 1120 36 13
971 1333 33 9
972 1071 26 1
972 1134 18 9
974 1302 23 14
974 1308 9 11
974 1330 7 11
974 1342 59 12
974 1408 2 7
974 1413 16 15
974 1421 39 9
974 1429 53 15
975 1169 13 3
976 1027 42 12
977 1331 23 11
977 1395 39 2
978 1270 14 1
979 1021 28 7
979 1131 33 2
979 1151 53 4
979 1184 3 9
979 1245 41 15
979 1384 36 4
979 1428 17 1
980 1093 34 1
980 1103 40 8
980 1234 31 12
981 1042 30 13
981 1125 4 5
981 1200 12 15
981 1306 9 12
981 1330 34 13
982 1280 50 7
984 1195 37 15
984 1339 17 8
984 1380 53 12
985 997 37 7
985 1050 41 1
985 1100 20 14
985 1415 57 4
985 1428 26 2
986 1005 23 14
986 1393 30 11
987 1077 54 15
987 1094 41 1
987 1110 12 13
987 1125 15 3
988 1300 16 7
988 1369 51 8
988 1386 24 6
989 1117 13 13
989 1287 56 13
989 1402 8 3
990 1044 47 5
990 1102 52 13
990 1141 20 1
990 1151 28 6
990 1376 45 2
991 1109 17 5
992 1049 25 5
992 1233 28 8
993 1328 24 11
994 1404 43 8
995 1332 47 6
995 1341 59 12
996 1301 21 4
996 1304 9 7
996 1350 18 5
997 1015 1 7
997 1215 29 7
997 1258 60 5
997 1301 58 7
998 1013 16 5
998 1173 32 13
998 1411 8 13
999 1060 17 10
999 1254 46 15
999 1369 6 13
1001 1238 45 11
1001 1377 39 5
1002 1128 17 8
1002 1434 25 12
1003 1053 35 15
1003 1435 58 8
1004 1006 59 3
1004 1139 34 2
1004 1256 53 6
1004 1338 58 6
1005 1335 58 6
1006 1153 7 12
1006 1197 36 3
1006 1228 59 11
1006 1306 48 6
1007 1066 56 14
1007 1244 59 10
1008 1200 49 8
1008 1353 33 7
1009 1147 40 8
1009 1342 14 10
1009 1343 6 1
1009 1385 34 1
1010 1043 24 15
1010 1206 18 5
1010 1224 51 8
1011 1023 32 2
1011 1136 34 14
1013 1378 42 4
1014 1018 10 1
1014 1047 25 6
1014 1072 58 14
1014 1381 16 3
1015 1166 26 11
1016 1402 28 10
1017 1085 50 7
1017 1123 43 12
1017 1289 2 11
1017 1419 49 13
1018 1200 22 2
1018 1407 16 4
1019 1132 56 13
1019 1147 59 10
1019 1186 40 11
1020 1116 37 14
1020 1358 25 10
1021 1116 12 4
1021 1182 57 11
1021 1300 57 1
1022 1188 42 15
1022 1389 20 2
1023 1256 42 6
1024 1053 15 13
1024 1080 22 6
1024 1166 26 13
1024 1197 58 15
1024 1290 9 5
1025 1175 49 13
1026 1138 58 4
1027 1140 11 6
1028 1161 54 8
1028 1323 30 7
1029 1081 34 1
1029 1104 28 2
1029 1222 42 12
1029 1314 13 2
1030 1210 17 3
1030 1405 29 15
1031 1294 7 14
1032 1064 21 5
1032 1117 29 14
1033 1062 42 3
1033 1110 15 1
1033 1182 54 7
1033 1215 26 15
1035 1216 52 9
1035 1255 36 11
1035 1439 19 12
1036 1356 46 11
1038 1056 17 1
1038 1161 34 6
1038 1209 43 1
1038 1430 45 4
1039 1087 38 8
1039 1194 2 15
1039 1431 59 11
1040 1300 40 10
1040 1431 39 6
1041 1091 22 3
1041 1250 41 7
1042 1045 27 7
1042 1312 38 3
1043 1057 46 3
1043 1216 57 1
1043 1241 30 6
1044 1139 14 8
1044 1227 30 3
1044 1246 60 2
1044 1336 3 8
1045 1098 37 2
1046 1416 42 6
1046 1419 52 12
1047 1169 37 15
1047 1264 59 10
1047 1282 15 14
1049 1389 3 7
1049 1423 34 8
1050 1259 60 1
1050 1312 13 8
1051 1253 50 7
1052 1206 3 2
1052 1294 22 4
1052 1423 60 8
1053 1303 12 2
1053 1324 7 11
1054 1091 29 12
1054 1126 9 10
1054 1415 53 5
1054 1416 46 2
1055 1122 60 1
1055 1250 4 7
1056 1109 41 12
1056 1227 7 14
1056 1277 13 14
1056 1288 11 15
1056 1374 54 9
1056 1394 32 6
1057 1226 21 4
1058 1341 6 10
1059 1061 8 4
1059 1085 29 12
1060 1213 24 4
1060 1237 58 3
1061 1160 53 3
1061 1249 42 2
1061 1344 57 3
1062 1285 27 7
1062 1330 28 7
1063 1091 16 10
1063 1093 2 3
1064 1318 10 6
1064 1403 42 12
1065 1175 41 2
1065 1282 50 9
1066 1157 49 9
1066 1210 5 11
1066 1231 17 10
1066 1414 10 7
1067 1084 17 1
1068 1122 25 7
1068 1335 46 7
1068 1419 38 12
1069 1281 25 12
1069 1336 13 4
1070 1154 49 9
1070 1207 18 14
1070 1268 11 13
1070 1343 19 7
1071 1243 24 15
1071 1415 49 11
1072 1096 40 2
1072 1313 58 1
1073 1264 38 13
1073 1280 38 1
1073 1430 29 14
1074 1357 50 1
1075 1082 12 13
1075 1231 44 13
1075 1298 51 1
1076 1197 11 11
1077 1265 29 12
1077 1338 54 11
1078 1137 54 4
1079 1149 35 15
1079 1219 39 15
1079 1304 49 13
1079 1434 60 7
1081 1175 27 13
1081 1224 11 7
1081 1317 40 10
1081 1327 19 1
1081 1405 46 7
1082 1084 33 6
1082 1317 31 6
1082 1335 20 6
1083 1108 30 5
1083 1266 48 13
1084 1117 22 4
1084 1131 17 15
1084 1161 10 11
1084 1280 15 4
1085 1309 17 13
1086 1107 56 10
1086 1242 25 3
1086 1345 51 2
1087 1262 60 10
1087 1298 48 10
1088 1357 56 6
1088 1410 8 15
1089 1241 36 10
1089 1436 10 9
1091 1160 21 5
1092 1208 38 3
1092 1388 1 12
1092 1412 57 13
1093 1137 14 2
1094 1242 7 15
1094 1263 17 4
1095 1270 21 1
1096 1246 53 9
1097 1429 42 5
1098 1380 42 13
1098 1395 55 8
1099 1361 36 6
1100 1116 51 13
1100 1145 32 10
1100 1188 31 11
1100 1238 38 10
1101 1158 39 9
1102 1215 43 11
1102 1247 19 15
1102 1398 44 7
1103 1327 37 14
1104 1254 19 3
1104 1306 18 12
1105 1128 34 12
1105 1232 43 6
1107 1123 13 4
1107 1278 59 6
1107 1388 3 3
1107 1411 48 6
1108 1122 13 9
1109 1137 4 1
1109 1326 4 11
1109 1412 41 1
1110 1358 7 15
1111 1239 55 15
1112 1229 18 10
1112 1234 46 15
1113 1161 58 3
1113 1235 46 14
1113 1292 21 2
1113 1401 40 15
1114 1213 47 9
1114 1255 46 10
1114 1361 59 6
1114 1390 47 6
1115 1164 16 14
1115 1382 57 11
1115 1409 52 15
1119 1157 50 1
1119 1222 27 9
1120 1129 16 14
1120 1333 44 6
1120 1346 1 10
1120 1421 55 5
1121 1411 26 11
1122 1282 24 12
1123 1194 22 3
1123 1412 39 12
1124 1191 50 9
1124 1357 15 6
1125 1436 51 6
1126 1279 46 10
1128 1206 29 10
1128 1306 41 13
1128 1369 39 8
1129 1285 4 13
1129 1425 37 9
1130 1337 17 12
1131 1245 4 4
1133 1424 54 13
1135 1341 20 1
1136 1216 56 11
1136 1316 22 13
1136 1383 20 14
1136 1394 33 11
1137 1152 38 7
1137 1316 18 15
1138 1272 60 7
1138 1279 8 9
1138 1280 35 1
1138 1392 44 14
1140 1194 20 14
1141 1220 58 15
1141 1278 3 2
1142 1216 46 8
1142 1241 14 7
1143 1209 56 9
1144 1280 58 12
1145 1234 57 4
1146 1174 59 12
1146 1436 56 6
1148 1295 51 8
1150 1187 40 5
1151 1252 21 11
1151 1377 22 15
1153 1275 32 14
1153 1387 33 3
1153 1428 33 13
1154 1321 19 14
1155 1286 40 3
1155 1323 23 1
1155 1327 55 13
1156 1182 46 5
1156 1210 18 2
1156 1309 45 9
1156 1324 8 6
1158 1202 47 11
1160 1180 58 14
1160 1226 29 3
1160 1267 10 11
1161 1334 14 6
1161 1372 43 9
1162 1359 20 13
1163 1253 36 3
1163 1351 40 11
1164 1194 54 11
1164 1356 14 13
1166 1234 15 3
1167 1260 53 7
1167 1385 52 3
1168 1282 49 7
1169 1180 39 13
1170 1200 40 9
1170 1285 7 7
1170 1297 5 3
1171 1231 10 6
1171 1324 45 12
1171 1368 40 13
1172 1418 8 14
1173 1184 29 2
1173 1284 36 6
1173 1378 33 11
1174 1242 31 5
1174 1266 10 10
1174 1304 38 11
1174 1337 36 11
1175 1207 14 13
1175 1307 36 4
1175 1376 2 1
1176 1209 39 4
1176 1431 21 7
1176 1433 13 14
1177 1201 25 13
1177 1243 30 4
1177 1364 51 4
1177 1399 43 15
1179 1238 5 5
1179 1368 44 14
1182 1244 47 9
1183 1188 50 6
1183 1308 8 6
1184 1268 15 11
1184 1438 48 14
1185 1218 28 8
1185 1268 50 10
1185 1370 47 10
1186 1283 53 13
1186 1339 12 1
1186 1396 20 8
1190 1237 14 12
1191 1425 23 14
1192 1269 4 14
1192 1277 8 5
1193 1211 6 15
1193 1409 43 14
1194 1427 1 7
1194 1429 57 1
1196 1253 54 4
1197 1202 41 3
1197 1237 32 1
1197 1357 36 4
1198 1392 6 12
1199 1390 17 11
1200 1314 30 1
1201 1291 41 1
1202 1361 39 12
1203 1210 24 12
1204 1228 9 8
1204 1391 35 2
1205 1311 8 14
1205 1364 20 5
1206 1270 34 4
1206 1374 17 3
1209 1299 50 8
1209 1309 14 6
1210 1402 16 11
1210 1438 34 6
1211 1232 6 3
1214 1414 1 10
1214 1436 15 14
1215 1355 16 14
1215 1386 24 12
1216 1232 27 12
1216 1362 16 10
1217 1302 23 5
1221 1226 35 15
1221 1282 59 3
1221 1290 6 6
1222 1255 16 12
1223 1346 27 5
1225 1319 39 8
1226 1247 3 15
1226 1265 46 5
1226 1377 59 2
1227 1376 34 9
1229 1256 55 4
1230 1305 36 4
1230 1406 11 5
1230 1414 21 7
1231 1317 6 15
1231 1359 2 2
1231 1438 2 1
1232 1345 20 15
1232 1434 17 12
1233 1335 34 10
1234 1291 29 14
1234 1417 43 8
1237 1405 38 8
1238 1289 51 5
1238 1348 31 8
1240 1265 25 15
1242 1372 15 6
1243 1316 57 11
1243 1382 12 1
1245 1334 18 1
1245 1353 14 12
1246 1262 47 8
1251 1327 25 14
1253 1394 51 1
1255 1350 30 4
1255 1414 16 9
1257 1286 43 4
1257 1318 44 4
1257 1382 24 12
1258 1433 7 9
1260 1315 48 10
1261 1271 28 3
1261 1297 39 15
1262 1264 58 5
1263 1399 53 2
1264 1291 5 14
1264 1343 58 1
1265 1304 40 10
1270 1349 44 4
1272 1378 55 3
1272 1432 35 2
1273 1353 47 4
1273 1396 30 12
1275 1325 26 12
1275 1339 54 2
1275 1399 36 4
1275 1413 27 14
1276 1387 23 13
1278 1297 26 3
1279 1320 26 2
1280 1364 17 15
1280 1395 15 4
1285 1320 9 4
1286 1383 40 7
1287 1385 55 6
1288 1345 47 11
1290 1318 54 15
1291 1336 17 6
1292 1323 4 14
1292 1350 17 15
1294 1369 2 11
1296 1361 60 9
1296 1365 52 13
1297 1334 45 2
1298 1313 24 14
1300 1375 45 14
1301 1335 21 14
1301 1405 29 2
1304 1363 4 10
1306 1317 31 10
1306 1400 39 11
1306 1434 37 4
1307 1410 30 8
1307 1436 8 13
1310 1400 10 7
1312 1351 3 3
1317 1345 6 4
1321 1439 26 5
1322 1437 54 10
1323 1333 27 4
1326 1400 10 8
1327 1433 4 14
1328 1436 47 6
1329 1356 54 14
1329 1400 56 15
1329 1437 8 11
1332 1434 13 13
1337 1431 32 6
1339 1361 52 7
1340 1375 3 7
1340 1440 42 6
1341 1413 30 9
1342 1355 14 12
1342 1383 47 10
1346 1372 20 9
1346 1384 16 14
1346 1413 35 8
1347 1367 36 12
1348 1366 20 3
1348 1440 44 14
1349 1372 7 8
1351 1396 15 13
1352 1406 19 12
1356 1429 11 12
1357 1435 14 6
1358 1408 28 12
1359 1438 47 15
1359 1440 46 14
1362 1420 26 5
1363 1373 17 8
1363 1378 22 7
1365 1399 35 5
1367 1374 10 15
1367 1386 5 12
1369 1411 39 5
1372 1393 19 5
1373 1418 46 14
1377 1427 25 10
1379 1382 3 6
1386 1413 15 2
1388 1397 40 2
1392 1438 15 5
1403 1441 22 6
1407 1434 50 7
1408 1416 50 1
1419 1431 6 15
1419 1437 7 10

0 1 37
1 17 5
2 18 15
3 23 30
4 27 2
5 36 30
6 51 50
7 59 14
8 61 44
9 86 8
10 88 18
11 102 50
12 107 13
13 108 34
14 109 27
15 116 30
16 117 15
17 126 4
18 146 44
19 153 48
20 172 29
21 193 26
22 208 17
23 211 32
24 229 19
25 231 31
26 236 23
27 249 17
28 252 23
29 268 21
30 276 24
31 281 33
32 293 18
33 306 7
34 315 23
35 316 22
36 325 19
37 341 31
38 348 13
39 358 28
40 369 11
41 379 38
42 389 1
43 398 30
44 410 35
45 419 14
46 453 31
47 456 39
48 458 18
49 466 50
50 475 27
51 484 6
52 496 43
53 512 28
54 533 27
55 534 39
56 549 25
57 575 6
58 576 5
59 584 32
60 599 8
61 601 24
62 611 13
63 631 20
64 637 50
65 638 49
66 645 25
67 648 44
68 651 27
69 652 11
70 671 13
71 674 14
72 681 32
73 696 42
74 705 49
75 718 32
76 732 4
77 734 26
78 749 15
79 751 40
80 763 34
81 765 10
82 779 26
83 794 14
84 796 6
85 806 4
86 837 13
87 839 27
88 846 49
89 857 35
90 868 31
91 877 4
92 879 33
93 910 22
94 956 21
95 958 4
96 959 19
97 969 7
98 995 5
99 1012 11
100 1024 2
101 1026 31
102 1057 44
103 1058 42
104 1085 5
105 1096 18
106 1115 17
107 1121 47
108 1129 32
109 1134 48
110 1145 33
111 1150 50
112 1155 16
113 1158 44
114 1179 24
115 1184 38
116 1186 12
117 1192 4
118 1196 27
119 1200 30
120 1207 46
121 1214 1
122 1220 12
123 1223 41
124 1230 46
125 1251 46
126 1253 5
127 1263 4
128 1280 5
129 1299 30
130 1308 15
131 1312 6
132 1315 23
133 1319 43
134 1330 30
135 1339 36
136 1344 15
137 1345 3
138 1357 42
139 1368 4
140 1380 10
141 1385 45
142 1415 15
143 1433 46
