1473 4430 147 5

0 30 5967
1 60 12031
2 90 18192
3 120 24451
4 150 30810

0 26434
1 30582
2 28045
3 24917
4 28382
5 30166
6 28020
7 31439
8 26149
9 28446
10 16825
11 24621
12 35222
13 25859
14 35332
15 24709
16 22142
17 29970
18 30014
19 28455
20 30955
21 33248
22 28469
23 28433
24 18207
25 26456
26 23568
27 27557
28 29714
29 20075
30 34125
31 31042
32 27201
33 27722
34 28729
35 26885
36 31022
37 29708
38 28307
39 20346
40 34144
41 32787
42 27401
43 30757
44 35802
45 30157
46 30285
47 25269
48 30897
49 24711
50 28939
51 22326
52 23580
53 31763
54 27329
55 30039
56 27099
57 30091
58 32011
59 27893
60 32879
61 32288
62 29648
63 29354
64 26796
65 35612
66 22673
67 34837
68 24897
69 44142
70 20327
71 28570
72 26024
73 24713
74 25278
75 27222
76 27665
77 25911
78 29248
79 26073
80 21884
81 29338
82 31240
83 28739
84 29059
85 25876
86 25806
87 29196
88 23056
89 30628
90 26026
91 24805
92 28343
93 31292
94 39348
95 33559
96 21275
97 31457
98 22448
99 30453
100 24255
101 18937
102 33338
103 25184
104 30266
105 30358
106 28680
107 32167
108 27686
109 27192
110 35575
111 34208
112 20251
113 20925
114 33490
115 26807
116 33754
117 19185
118 31633
119 32553
120 27384
121 27483
122 28112
123 33155
124 26553
125 23753
126 38858
127 29461
128 24760
129 26201
130 29982
131 20844
132 19982
133 26464
134 31965
135 24986
136 25171
137 26445
138 22559
139 26596
140 24970
141 23666
142 33548
143 26788
144 30657
145 14103
146 28067
147 33873
148 27002
149 25106
150 23039
151 22023
152 22202
153 23313
154 27559
155 29103
156 25457
157 26718
158 20327
159 23660
160 28996
161 32755
162 29542
163 20750
164 26497
165 24844
166 26966
167 32475
168 32110
169 32113
170 32328
171 27100
172 34053
173 28979
174 24702
175 20597
176 27531
177 26265
178 28006
179 28247
180 27856
181 20674
182 40359
183 31168
184 27047
185 40395
186 27100
187 24590
188 28556
189 26828
190 31046
191 29300
192 32913
193 23417
194 21418
195 32079
196 33680
197 40084
198 39477
199 27854
200 27909
201 30766
202 35368
203 32680
204 24732
205 27990
206 19983
207 33648
208 26249
209 28881
210 32543
211 29470
212 29060
213 37558
214 31568
215 25919
216 28835
217 31775
218 25678
219 31722
220 22677
221 21817
222 23900
223 29411
224 31378
225 28070
226 23904
227 27290
228 29067
229 23615
230 22722
231 25229
232 28965
233 26026
234 20633
235 33824
236 19088
237 28739
238 22085
239 31251
240 27309
241 30912
242 33676
243 25617
244 33110
245 27885
246 33206
247 23095
248 33304
249 22572
250 32898
251 38627
252 25372
253 27573
254 33039
255 14103
256 24291
257 25062
258 35309
259 19690
260 22010
261 37489
262 24187
263 34234
264 20335
265 39143
266 35064
267 34093
268 19797
269 33510
270 36859
271 24869
272 24140
273 25620
274 29488
275 38612
276 23251
277 26495
278 31475
279 29212
280 31345
281 24515
282 31669
283 28365
284 28839
285 33598
286 30415
287 33597
288 27191
289 31082
290 36990
291 32762
292 35364
293 27580
294 29150
295 23866
296 31131
297 26515
298 31163
299 29446
300 21062
301 28668
302 28215
303 30566
304 27695
305 29624
306 28965
307 30064
308 23958
309 20631
310 29787
311 32712
312 29177
313 33942
314 26553
315 23431
316 21590
317 27884
318 27890
319 27334
320 31603
321 31676
322 29280
323 27064
324 16217
325 42569
326 28502
327 24352
328 35639
329 32143
330 26542
331 23268
332 33353
333 17752
334 34502
335 31450
336 22507
337 31062
338 24210
339 35749
340 20259
341 28911
342 32743
343 29693
344 23656
345 28136
346 31243
347 28912
348 27177
349 24837
350 30364
351 24288
352 30428
353 30717
354 23067
355 27065
356 27872
357 30658
358 29340
359 32671
360 29626
361 27772
362 30191
363 30301
364 29109
365 17613
366 29261
367 22693
368 25406
369 30979
370 28620
371 35897
372 33301
373 30133
374 38589
375 29743
376 32542
377 26367
378 24053
379 20005
380 27741
381 34464
382 30076
383 25127
384 32363
385 26496
386 25241
387 29790
388 26098
389 22077
390 26154
391 27462
392 24516
393 32703
394 28234
395 24724
396 23345
397 30436
398 26823
399 18606
400 15375
401 24497
402 30908
403 18620
404 20864
405 28223
406 30076
407 33280
408 24449
409 25859
410 27017
411 28583
412 33559
413 28172
414 29329
415 30278
416 18219
417 32525
418 25760
419 29777
420 25130
421 27369
422 25402
423 33649
424 28107
425 33972
426 26091
427 27849
428 33872
429 22352
430 27653
431 26576
432 23963
433 35726
434 22541
435 19314
436 33798
437 27885
438 27447
439 36305
440 29620
441 17314
442 31614
443 25335
444 26795
445 28395
446 30923
447 31367
448 27945
449 29760
450 20392
451 27312
452 22190
453 24299
454 23674
455 33557
456 26328
457 24084
458 25707
459 29479
460 23386
461 23033
462 24920
463 30721
464 24713
465 25358
466 20597
467 22252
468 32465
469 25638
470 34150
471 35677
472 32736
473 28564
474 26667
475 32027
476 33018
477 29613
478 33065
479 24263
480 34140
481 24274
482 39631
483 26406
484 20795
485 28785
486 25336
487 31660
488 28024
489 34303
490 28168
491 26737
492 24205
493 19462
494 25586
495 31889
496 32864
497 25463
498 29979
499 30973
500 27924
501 21784
502 22220
503 23649
504 23016
505 27616
506 21449
507 30644
508 25133
509 27658
510 19884
511 31326
512 27640
513 26899
514 24939
515 29266
516 37579
517 27273
518 29013
519 29849
520 18787
521 22876
522 28700
523 25471
524 27498
525 22721
526 28519
527 32015
528 32165
529 26453
530 23211
531 29416
532 32095
533 23938
534 28541
535 21558
536 28481
537 25814
538 36134
539 26460
540 30461
541 33901
542 25118
543 23957
544 30560
545 23627
546 27211
547 30973
548 23540
549 21682
550 25488
551 22774
552 24732
553 27167
554 32228
555 34846
556 27984
557 28048
558 37639
559 23742
560 30146
561 15163
562 23463
563 32390
564 31310
565 26136
566 28120
567 35020
568 32144
569 27177
570 31308
571 29463
572 20521
573 29508
574 27908
575 24557
576 24999
577 25481
578 17568
579 28968
580 26705
581 34057
582 25994
583 31897
584 25384
585 25836
586 30544
587 22448
588 31853
589 26238
590 33677
591 25592
592 29005
593 33577
594 25371
595 33156
596 35184
597 24443
598 24768
599 31317
600 25635
601 30759
602 29473
603 29207
604 21958
605 25045
606 31329
607 32181
608 32677
609 23086
610 31078
611 20830
612 34749
613 21478
614 22065
615 24945
616 29671
617 29642
618 32417
619 26905
620 18935
621 35284
622 34186
623 26885
624 27718
625 29495
626 34246
627 16766
628 25742
629 35677
630 24299
631 33517
632 14822
633 19367
634 32829
635 31879
636 23677
637 27383
638 20559
639 22209
640 23919
641 25815
642 31696
643 32433
644 32364
645 28697
646 20225
647 29538
648 25903
649 29040
650 21936
651 29993
652 25876
653 22941
654 28196
655 22574
656 30168
657 31965
658 25726
659 24454
660 26648
661 25454
662 31355
663 32559
664 26942
665 30803
666 31142
667 21363
668 22512
669 32112
670 16751
671 26642
672 29346
673 33660
674 24319
675 29796
676 27745
677 27370
678 28353
679 33427
680 24748
681 28521
682 24715
683 32649
684 24540
685 29328
686 32822
687 31567
688 23936
689 26438
690 28386
691 26953
692 24042
693 30766
694 27956
695 22680
696 29137
697 33063
698 25713
699 29708
700 36249
701 32524
702 35009
703 28669
704 18697
705 23186
706 27730
707 27550
708 30251
709 36573
710 28814
711 31278
712 27528
713 31882
714 32869
715 30485
716 23498
717 30195
718 33665
719 22939
720 21951
721 28051
722 26685
723 20469
724 26774
725 27268
726 28883
727 29044
728 30840
729 31737
730 27138
731 36727
732 21922
733 28716
734 30097
735 27672
736 30755
737 30893
738 27519
739 31595
740 34849
741 26851
742 25299
743 25110
744 21516
745 25238
746 31423
747 26269
748 31975
749 35432
750 31286
751 26986
752 26337
753 32000
754 25310
755 26121
756 32514
757 31142
758 25250
759 27235
760 27702
761 31595
762 26247
763 28137
764 23233
765 33256
766 36100
767 26901
768 31186
769 18838
770 33701
771 24879
772 27021
773 20559
774 37539
775 28944
776 32246
777 32107
778 29234
779 32858
780 32454
781 30930
782 27589
783 32178
784 20202
785 28870
786 24731
787 32725
788 31308
789 24066
790 24234
791 27714
792 31393
793 28300
794 29245
795 29917
796 26029
797 24311
798 15259
799 28161
800 27987
801 24732
802 32609
803 32105
804 28317
805 28648
806 33435
807 33689
808 28667
809 22632
810 33407
811 20810
812 31692
813 26865
814 32335
815 35724
816 31489
817 30414
818 17472
819 25548
820 29274
821 36955
822 31478
823 25586
824 30908
825 33095
826 26921
827 26397
828 30115
829 32054
830 20874
831 20366
832 25994
833 27573
834 27951
835 15733
836 29295
837 24346
838 34474
839 24896
840 25041
841 31777
842 31656
843 23332
844 29699
845 37113
846 24961
847 31265
848 29493
849 29063
850 32525
851 25823
852 31486
853 28367
854 22757
855 29544
856 32270
857 32627
858 20170
859 25342
860 35965
861 32597
862 32157
863 33926
864 30981
865 26424
866 40580
867 31782
868 26092
869 31329
870 33596
871 20037
872 31643
873 23963
874 32981
875 32441
876 28915
877 28612
878 26683
879 34325
880 25198
881 25900
882 25289
883 23400
884 24009
885 30284
886 28057
887 25824
888 23930
889 27413
890 28720
891 27684
892 23424
893 29631
894 33858
895 21680
896 26790
897 29684
898 31065
899 27452
900 30613
901 26310
902 25417
903 29318
904 29542
905 34001
906 27386
907 25953
908 38111
909 25528
910 20662
911 24904
912 28206
913 25783
914 35795
915 43123
916 38848
917 29197
918 28453
919 30877
920 24465
921 27696
922 30606
923 28818
924 20077
925 36359
926 25034
927 24993
928 23732
929 19830
930 30841
931 25101
932 31506
933 25902
934 32639
935 29498
936 34743
937 21027
938 18373
939 29270
940 30900
941 39410
942 29552
943 25272
944 23102
945 36971
946 22800
947 24229
948 31907
949 24991
950 25866
951 23072
952 32658
953 32402
954 19205
955 24856
956 33862
957 27420
958 27237
959 29427
960 24980
961 31166
962 22693
963 20983
964 33168
965 27488
966 24037
967 18683
968 30998
969 20394
970 28614
971 33765
972 29808
973 35184
974 29668
975 22392
976 30976
977 17834
978 27787
979 35176
980 24198
981 25513
982 37622
983 28065
984 23235
985 29912
986 27108
987 23330
988 36744
989 31141
990 30366
991 32962
992 31147
993 27257
994 24579
995 30617
996 23897
997 27010
998 32300
999 31139
1000 29805
1001 20287
1002 21392
1003 25272
1004 31739
1005 22158
1006 19749
1007 31330
1008 27206
1009 30005
1010 31824
1011 24595
1012 20253
1013 33791
1014 30560
1015 29200
1016 22106
1017 27625
1018 19380
1019 22398
1020 26519
1021 29116
1022 30199
1023 25197
1024 22659
1025 28487
1026 39098
1027 19048
1028 32801
1029 30674
1030 28103
1031 22520
1032 24180
1033 27585
1034 27575
1035 33629
1036 21679
1037 24822
1038 19461
1039 26703
1040 24976
1041 26317
1042 22191
1043 30494
1044 23946
1045 34623
1046 31102
1047 32978
1048 28829
1049 28688
1050 21673
1051 29797
1052 23146
1053 24870
1054 38940
1055 27545
1056 26328
1057 30380
1058 28226
1059 33128
1060 30954
1061 35464
1062 32347
1063 32902
1064 19525
1065 24438
1066 34825
1067 27815
1068 24277
1069 36006
1070 30187
1071 23178
1072 33427
1073 21549
1074 25504
1075 26184
1076 30780
1077 30069
1078 29831
1079 24338
1080 33875
1081 21797
1082 29564
1083 29075
1084 34010
1085 27624
1086 31297
1087 33606
1088 24151
1089 23988
1090 32966
1091 25302
1092 31118
1093 25641
1094 32040
1095 30633
1096 22173
1097 30707
1098 23542
1099 25017
1100 29538
1101 28849
1102 29604
1103 21649
1104 29470
1105 24796
1106 29333
1107 25209
1108 34291
1109 31363
1110 28935
1111 22573
1112 29823
1113 28946
1114 22055
1115 24452
1116 33478
1117 27083
1118 26391
1119 26198
1120 31429
1121 31498
1122 23170
1123 25791
1124 28412
1125 20793
1126 20124
1127 28322
1128 31530
1129 28064
1130 26796
1131 33914
1132 27012
1133 33013
1134 26084
1135 24961
1136 25037
1137 35442
1138 26042
1139 35030
1140 18013
1141 29624
1142 33050
1143 29987
1144 28134
1145 24843
1146 25081
1147 27606
1148 24748
1149 34154
1150 33968
1151 32989
1152 28232
1153 30758
1154 25007
1155 30125
1156 32973
1157 24763
1158 28947
1159 34940
1160 22444
1161 27731
1162 33666
1163 38617
1164 25424
1165 36663
1166 30816
1167 29369
1168 29770
1169 34950
1170 28451
1171 22030
1172 22616
1173 24262
1174 31638
1175 26471
1176 30870
1177 22966
1178 26945
1179 37180
1180 19238
1181 32790
1182 31771
1183 20762
1184 27517
1185 27703
1186 24266
1187 18449
1188 29796
1189 22071
1190 30353
1191 33023
1192 25027
1193 26450
1194 33947
1195 35855
1196 26441
1197 32948
1198 27834
1199 31603
1200 35347
1201 24373
1202 28402
1203 21137
1204 20614
1205 24803
1206 27595
1207 32141
1208 28543
1209 32687
1210 29365
1211 33011
1212 29768
1213 31566
1214 18610
1215 25643
1216 33002
1217 26128
1218 30069
1219 25539
1220 31764
1221 35410
1222 33232
1223 35738
1224 33978
1225 22198
1226 26560
1227 33703
1228 33425
1229 31729
1230 29234
1231 20623
1232 35691
1233 24694
1234 16674
1235 29363
1236 24908
1237 24442
1238 30192
1239 27776
1240 23724
1241 30230
1242 27184
1243 21703
1244 26057
1245 30616
1246 29152
1247 23152
1248 19009
1249 26702
1250 35214
1251 28835
1252 26240
1253 30759
1254 20412
1255 24759
1256 36875
1257 24705
1258 23271
1259 26085
1260 27442
1261 34685
1262 26424
1263 29030
1264 29077
1265 32327
1266 21990
1267 24087
1268 28808
1269 27765
1270 19899
1271 32343
1272 35446
1273 34603
1274 20510
1275 25696
1276 35023
1277 23544
1278 29210
1279 30603
1280 21023
1281 31971
1282 36536
1283 18198
1284 37841
1285 24792
1286 33183
1287 26689
1288 33289
1289 20376
1290 24143
1291 21403
1292 24358
1293 28612
1294 32098
1295 27072
1296 28536
1297 21775
1298 24285
1299 17216
1300 33069
1301 31535
1302 31290
1303 28181
1304 20508
1305 27693
1306 29675
1307 23278
1308 37797
1309 29554
1310 31236
1311 35491
1312 33051
1313 28100
1314 35039
1315 34715
1316 35042
1317 23949
1318 23123
1319 28155
1320 18841
1321 19316
1322 32509
1323 24780
1324 31364
1325 42389
1326 25434
1327 33348
1328 18565
1329 21413
1330 19410
1331 36661
1332 29653
1333 30314
1334 35280
1335 23652
1336 23795
1337 33609
1338 34055
1339 32339
1340 25989
1341 25784
1342 23021
1343 32055
1344 24062
1345 27774
1346 30393
1347 31052
1348 26633
1349 17220
1350 33762
1351 33237
1352 30244
1353 24739
1354 29225
1355 27920
1356 28639
1357 33156
1358 31529
1359 29293
1360 35570
1361 29016
1362 27593
1363 22259
1364 31880
1365 25559
1366 32141
1367 17436
1368 25822
1369 32437
1370 21768
1371 29365
1372 34607
1373 29788
1374 35066
1375 34522
1376 18939
1377 35679
1378 31033
1379 27100
1380 36862
1381 29900
1382 29832
1383 35510
1384 25255
1385 23184
1386 27661
1387 27704
1388 23633
1389 31267
1390 30259
1391 29374
1392 22234
1393 22551
1394 29806
1395 30050
1396 23274
1397 37843
1398 35091
1399 32771
1400 26606
1401 32519
1402 20324
1403 22132
1404 27140
1405 30744
1406 38825
1407 33927
1408 22713
1409 27432
1410 30842
1411 21855
1412 27587
1413 27603
1414 25332
1415 24144
1416 30754
1417 19140
1418 29462
1419 26956
1420 31875
1421 24345
1422 33129
1423 32629
1424 21690
1425 26134
1426 31054
1427 29142
1428 27898
1429 30405
1430 26004
1431 31526
1432 32021
1433 35581
1434 26809
1435 25867
1436 23962
1437 31030
1438 27308
1439 36293
1440 27599
1441 30172
1442 18957
1443 33990
1444 25579
1445 27048
1446 22522
1447 26893
1448 26776
1449 24245
1450 32621
1451 27947
1452 34007
1453 28044
1454 21528
1455 22662
1456 28994
1457 27770
1458 22761
1459 26827
1460 30838
1461 22706
1462 33513
1463 33692
1464 34433
1465 29172
1466 22122
1467 26256
1468 25527
1469 27652
1470 26512
1471 28176
1472 23998

0 93 31 5
0 111 41 8
0 253 59 1
0 288 41 7
0 900 11 3
0 926 59 4
0 989 4 14
0 1099 59 13
0 1161 32 3
1 54 13 1
1 93 49 2
1 759 36 4
1 900 50 8
1 926 6 15
1 989 22 9
1 1099 60 1
1 1131 16 10
1 1161 19 5
1 1416 38 3
2 93 50 6
2 309 39 6
2 900 34 13
2 926 48 9
2 989 33 11
2 1099 31 1
2 1161 16 3
3 35 23 13
3 752 13 6
3 805 31 10
3 887 51 1
3 1010 53 6
3 1115 10 5
4 129 31 3
4 469 55 9
4 485 43 7
4 694 36 13
4 751 4 10
4 841 20 13
4 1041 15 11
4 1338 38 1
5 187 22 8
5 465 29 2
5 855 49 2
5 990 8 5
5 1126 57 2
5 1452 37 14
6 13 35 13
6 145 51 2
6 229 15 14
6 461 29 14
6 541 14 7
6 553 23 8
6 1169 38 7
6 1263 59 1
6 1317 20 7
6 1343 52 8
7 236 5 12
7 710 11 15
7 798 13 4
7 1042 51 1
7 1316 21 6
7 1451 9 5
8 129 35 15
8 729 4 11
8 1154 35 10
8 1300 43 15
9 202 59 10
9 307 56 3
9 365 51 13
9 992 56 1
10 313 30 7
10 792 55 15
10 1046 32 14
10 1249 18 13
11 105 4 2
11 336 53 6
11 509 9 13
11 520 1 1
11 990 46 8
11 1215 43 13
11 1317 2 5
12 430 11 9
12 507 39 15
12 540 25 2
12 589 20 12
12 1089 13 1
12 1407 58 14
13 353 25 2
13 376 53 5
13 621 47 8
13 1034 18 7
13 1119 1 11
13 1359 52 5
14 106 34 5
14 232 60 2
14 1347 17 12
14 1408 27 5
15 337 43 13
15 662 39 4
15 1006 7 8
15 1023 60 3
16 92 55 2
16 270 58 14
16 271 57 11
16 342 44 11
16 451 58 14
16 630 53 6
16 1123 47 14
16 1460 2 13
17 121 11 11
17 129 20 5
17 349 38 8
17 526 20 3
17 529 8 8
17 688 52 5
17 861 46 4
18 620 45 9
18 700 27 6
18 786 43 1
18 1271 60 1
19 35 6 9
19 61 52 14
19 557 57 4
19 1468 52 11
20 28 16 15
20 158 21 9
20 529 10 7
20 561 55 10
20 651 15 10
20 833 12 1
21 48 55 4
21 226 14 8
21 279 27 6
21 716 33 12
21 841 28 11
22 260 17 6
23 185 9 5
23 447 46 6
23 1104 26 8
23 1208 30 9
24 96 10 4
24 358 53 6
24 597 13 2
24 699 10 14
24 762 8 6
24 778 1 14
24 806 29 10
24 1085 49 1
24 1194 49 9
24 1232 59 9
24 1253 19 5
24 1333 41 5
24 1400 59 15
24 1425 27 4
25 676 3 2
25 683 38 9
25 1394 21 14
26 286 37 13
26 721 60 2
26 889 23 15
26 920 17 8
26 1304 31 14
27 220 17 8
27 958 40 6
28 869 51 9
28 1019 47 1
28 1267 26 10
28 1349 48 11
29 131 57 7
29 370 2 15
29 604 13 10
29 690 31 8
29 829 3 10
29 893 41 5
29 1068 23 15
29 1138 40 7
29 1437 2 3
30 189 46 2
30 381 11 2
30 696 28 14
30 925 42 9
30 1091 8 2
30 1169 49 1
30 1333 41 1
31 708 6 1
31 747 34 8
31 788 23 5
31 853 42 9
31 1095 17 15
31 1152 51 6
32 99 32 3
32 323 3 2
32 1096 32 13
33 43 56 7
33 221 10 5
33 606 33 14
33 782 54 4
33 1313 40 2
34 336 11 7
34 479 16 15
34 510 30 14
34 843 58 3
34 1376 23 1
34 1429 10 2
35 380 16 14
35 513 37 12
35 648 21 13
35 1308 13 2
35 1461 1 15
36 208 43 11
36 313 17 13
36 660 3 8
36 1074 34 13
36 1357 56 6
36 1392 60 2
36 1430 10 9
37 922 53 1
37 942 18 13
37 967 51 5
37 1018 20 15
37 1173 27 1
38 148 31 12
38 232 17 9
38 1248 57 6
38 1313 57 15
38 1357 47 10
39 416 52 9
39 666 38 2
39 729 22 12
39 1110 14 10
39 1216 42 2
39 1319 39 2
39 1368 41 7
40 226 50 8
40 303 53 13
40 471 28 6
40 725 54 12
40 836 42 15
40 967 19 2
40 1454 12 7
41 327 36 10
41 400 2 12
41 831 20 1
41 1060 38 12
41 1282 59 13
42 489 48 14
42 554 7 1
42 581 55 6
42 1010 11 10
42 1193 20 2
42 1251 12 12
42 1399 60 15
43 862 6 1
44 74 55 6
44 222 56 12
44 494 22 11
44 590 26 10
44 638 54 9
44 640 43 1
44 728 60 1
44 905 52 9
44 930 25 11
44 1376 53 14
45 105 28 14
45 339 3 9
45 389 22 5
45 450 31 10
45 799 52 4
45 1067 31 7
45 1447 8 11
46 465 46 5
46 586 59 1
46 861 16 13
46 1139 47 14
46 1174 26 8
46 1395 50 13
47 191 41 4
47 553 15 1
47 641 1 11
47 912 8 6
47 1082 34 1
47 1200 48 15
47 1391 46 15
48 161 10 5
48 291 59 9
48 1004 36 8
48 1124 25 4
49 177 38 6
49 618 11 15
49 774 37 7
49 872 19 3
49 874 58 3
49 1055 25 5
49 1391 6 1
50 176 39 5
50 335 39 15
50 380 58 2
50 712 35 11
50 894 45 1
50 941 24 10
50 1000 16 12
50 1209 53 1
51 328 37 2
51 405 9 7
51 530 5 2
51 755 13 15
51 1028 3 3
52 238 32 11
52 589 38 9
52 1073 58 10
52 1081 50 5
53 476 42 3
53 975 41 12
53 1073 41 7
53 1092 9 13
54 61 44 3
54 214 29 13
54 458 1 8
54 586 30 7
54 968 24 8
54 1038 43 2
55 630 40 2
55 830 18 9
55 878 27 3
55 1058 47 2
55 1137 31 4
55 1312 29 10
55 1390 57 6
56 111 59 4
56 182 31 12
56 561 34 2
56 648 21 15
56 1010 53 5
56 1270 59 8
56 1333 36 7
56 1351 22 9
57 377 1 3
57 463 51 5
57 832 35 3
57 869 21 11
57 997 32 13
57 1023 30 7
57 1076 57 10
57 1197 56 2
57 1261 13 3
57 1371 7 7
57 1438 24 1
58 64 16 4
58 284 22 1
58 382 44 11
58 389 18 7
58 525 24 13
58 1357 11 14
58 1365 2 7
59 451 36 5
59 1049 48 11
59 1177 42 11
59 1469 16 1
60 901 45 9
60 957 25 1
60 1244 14 1
60 1336 40 10
60 1341 23 8
61 79 25 1
61 792 3 13
61 880 36 3
61 1019 39 11
61 1076 13 15
61 1360 52 7
62 231 54 12
62 698 37 3
62 920 5 15
62 1187 22 14
63 883 9 15
63 929 27 2
63 979 43 2
64 429 34 3
64 686 52 7
64 757 16 2
64 1281 48 1
65 112 7 5
65 399 20 4
65 606 49 5
65 773 10 3
66 92 35 1
66 772 3 5
66 1355 14 1
66 1395 6 2
67 381 20 12
67 418 22 9
67 1173 14 14
68 436 12 3
68 558 42 5
68 861 2 11
69 368 6 2
69 1468 2 2
70 265 26 11
70 369 42 8
70 373 28 10
70 394 10 6
70 792 24 2
70 794 47 7
70 968 3 14
70 1129 56 4
70 1263 39 14
71 480 22 10
71 547 46 15
71 690 8 14
71 743 25 7
71 1062 1 11
72 587 27 10
72 1121 44 11
72 1327 24 2
73 240 38 2
73 444 37 11
73 526 35 2
73 655 10 14
73 665 36 7
73 1205 30 7
73 1343 25 6
74 239 22 9
74 395 49 12
74 811 28 9
74 1144 15 4
74 1357 28 8
74 1368 12 10
74 1394 47 12
74 1435 18 6
75 178 2 14
75 423 13 14
75 765 23 6
75 1134 39 4
75 1145 8 2
75 1320 36 11
75 1323 41 6
76 165 23 3
76 417 54 6
76 591 39 5
76 713 35 7
76 1144 15 3
76 1250 57 1
77 139 48 14
77 252 55 9
77 316 29 2
77 351 43 3
77 517 17 2
77 697 43 6
77 927 6 9
77 1038 30 2
77 1104 12 5
78 341 44 15
78 696 20 15
78 736 56 14
78 965 7 14
78 1142 57 2
78 1456 36 7
79 209 11 10
79 886 28 2
79 1210 59 10
79 1291 1 4
79 1364 23 6
79 1469 4 10
80 165 12 5
80 178 57 12
80 438 49 5
80 548 2 11
80 630 19 3
80 896 23 4
81 172 3 6
81 674 40 15
81 1130 34 1
82 141 38 3
82 381 5 13
82 546 18 11
82 800 7 7
82 1098 44 13
82 1283 22 14
82 1468 59 9
83 410 4 2
83 605 37 6
83 836 31 11
83 901 57 15
83 1049 8 15
83 1089 57 3
83 1421 36 3
84 94 54 12
84 991 39 13
84 1268 38 5
85 320 20 10
85 334 57 2
85 342 32 12
85 841 29 8
85 1086 60 12
85 1203 25 13
86 118 29 10
86 138 39 9
86 383 38 12
86 598 37 10
86 837 6 10
86 931 22 2
86 1471 14 7
87 291 23 6
87 1088 59 15
87 1344 53 8
88 374 13 8
88 746 25 5
89 96 11 14
89 925 30 4
89 968 18 3
89 1154 25 1
89 1191 56 4
90 341 39 15
90 824 48 15
90 982 15 9
91 333 2 15
91 529 46 6
91 945 36 10
91 1276 35 2
91 1456 45 8
92 178 39 1
92 240 17 9
92 270 26 12
92 912 21 11
92 1164 17 2
92 1236 50 1
92 1241 24 8
94 97 60 15
94 660 45 3
94 1200 7 6
94 1293 9 15
95 155 18 9
95 948 7 5
95 1130 28 10
95 1186 14 12
95 1426 16 3
96 429 57 13
96 489 32 4
96 555 19 10
96 944 17 10
96 956 29 11
96 1046 42 10
96 1441 2 15
97 697 49 8
97 770 19 8
97 888 23 1
97 1222 39 14
98 478 44 4
98 629 57 9
98 660 17 6
98 897 38 14
98 1076 51 12
98 1189 44 7
98 1447 23 8
99 429 9 3
99 953 6 6
99 1103 25 10
99 1124 31 14
99 1127 13 3
100 653 19 10
100 1254 37 13
100 1398 39 1
100 1404 23 8
101 327 41 5
101 478 23 10
101 549 50 13
101 915 14 5
101 1026 48 3
101 1091 56 5
102 294 35 6
102 485 32 5
102 743 2 7
102 981 48 2
102 1307 53 14
102 1390 53 15
102 1398 41 15
103 175 17 12
103 260 52 4
103 418 47 6
103 754 26 3
103 1347 44 6
103 1446 50 13
104 155 16 9
104 212 50 4
104 386 49 2
104 487 22 3
104 546 59 10
104 1229 3 5
104 1378 49 15
105 286 42 15
105 1337 14 8
106 303 28 9
106 662 4 1
106 707 45 8
106 816 23 11
106 887 13 4
106 1144 15 5
107 261 38 1
107 367 45 2
107 570 15 14
107 1424 54 13
108 220 22 9
108 226 50 2
108 819 36 7
108 964 2 1
108 1070 25 7
108 1130 25 14
108 1132 4 8
108 1399 45 2
108 1400 46 3
109 286 53 4
109 348 25 13
109 482 50 6
109 488 16 8
109 503 11 10
109 942 32 8
109 965 48 14
109 1140 20 6
109 1309 23 10
110 375 26 5
110 639 11 3
110 681 47 12
110 1045 8 8
111 347 42 4
111 475 56 3
111 479 14 13
111 531 50 9
111 546 19 12
111 701 5 8
111 1218 32 15
112 326 48 5
112 329 16 9
112 464 49 5
112 493 6 4
112 670 24 13
112 709 1 11
112 1025 34 15
112 1085 55 8
112 1176 9 8
112 1252 56 15
113 890 24 3
113 1047 29 15
113 1084 48 10
114 282 4 14
114 907 55 7
114 1039 59 9
115 256 51 7
115 264 45 14
115 360 46 15
115 370 34 12
115 497 15 12
115 819 11 1
115 1102 35 2
115 1375 28 2
115 1397 5 4
116 392 42 7
116 448 44 13
116 585 9 13
116 762 16 6
117 485 50 6
117 958 26 9
117 1310 15 1
117 1350 29 10
118 196 17 15
118 260 57 8
118 644 5 2
118 1119 1 6
118 1434 2 13
119 1158 16 8
119 1190 36 8
119 1308 10 8
120 314 47 4
120 704 36 1
120 710 25 12
120 747 10 3
120 773 44 6
121 148 4 2
121 431 8 2
121 574 54 10
121 795 34 11
121 844 24 15
121 1100 12 3
121 1223 25 5
121 1440 41 15
122 151 39 7
122 198 21 10
122 435 27 9
122 920 32 14
123 198 37 4
123 215 53 6
123 503 49 7
123 1124 30 11
124 199 55 11
124 736 56 13
124 1075 31 3
124 1316 49 15
125 162 24 6
125 838 18 10
125 1310 17 2
126 835 18 3
126 945 45 6
126 1031 10 1
126 1397 19 12
127 249 8 6
127 382 42 10
127 503 16 15
127 767 14 3
127 884 30 13
128 427 54 8
128 814 34 7
128 967 49 4
129 348 2 1
129 535 8 15
129 577 43 14
129 624 37 4
129 674 53 12
129 805 10 14
129 813 47 10
129 968 53 14
130 262 24 6
130 395 29 4
130 605 43 12
130 723 36 10
130 742 15 1
130 852 13 9
131 250 29 9
131 255 23 2
131 481 58 8
131 766 52 15
131 1115 53 10
131 1158 46 9
131 1169 54 9
131 1231 58 8
131 1261 4 4
131 1350 36 12
131 1409 27 10
132 209 60 4
132 276 19 3
132 357 51 7
132 442 15 2
132 517 33 8
132 706 53 13
132 1008 27 11
132 1089 1 12
132 1177 39 13
132 1331 57 13
133 164 34 11
133 311 18 3
133 316 11 7
133 389 1 2
133 433 14 2
133 967 29 2
133 1191 1 2
134 184 6 10
134 284 9 9
134 748 55 5
134 954 36 1
134 985 21 4
134 1146 25 13
134 1217 6 10
135 237 48 1
135 323 52 12
135 836 25 7
136 391 57 8
136 686 59 11
136 800 8 7
136 890 36 10
136 1055 43 12
136 1120 17 11
136 1341 12 15
137 484 45 1
137 667 4 6
137 963 46 14
138 214 4 11
138 317 37 10
138 350 26 11
138 352 36 6
138 617 30 10
138 737 14 13
138 988 13 10
139 176 49 12
139 661 11 5
139 674 2 6
140 1129 26 11
140 1394 48 12
141 246 37 13
141 612 18 4
141 857 11 13
141 892 34 5
141 991 13 12
141 1204 29 11
141 1230 17 8
142 313 4 15
142 622 4 4
142 734 11 14
142 855 4 12
142 1073 49 13
143 174 46 11
143 333 45 2
143 467 46 9
143 825 48 5
143 1428 38 9
144 330 49 3
144 423 38 8
144 509 17 5
144 589 36 6
144 913 10 1
144 970 30 3
144 972 14 3
144 1446 10 7
145 148 25 11
145 1305 53 14
145 1429 18 8
146 655 11 15
146 758 16 15
146 945 2 13
147 247 30 10
147 561 26 14
147 602 56 10
147 1109 7 12
148 613 3 14
148 651 47 9
148 896 7 7
148 1209 47 12
148 1268 46 5
148 1316 28 7
148 1357 4 10
149 321 32 9
149 614 22 14
149 1014 25 15
149 1081 60 5
150 364 20 9
150 559 6 6
150 860 38 3
150 876 3 7
150 887 23 9
150 1076 30 13
150 1427 1 2
151 1003 38 13
151 1093 5 10
151 1367 12 2
152 1219 36 12
152 1404 55 7
153 517 4 2
153 886 39 4
153 893 59 1
153 994 41 8
153 1316 23 7
153 1357 45 15
153 1374 19 3
154 382 17 1
154 1431 10 1
154 1457 10 14
155 220 34 6
155 335 36 14
155 546 15 2
155 933 7 3
155 1053 20 14
155 1131 27 9
155 1403 16 11
155 1423 5 2
156 230 31 3
156 478 16 1
156 672 35 12
156 694 26 8
156 1282 33 11
156 1419 11 14
157 215 60 6
157 990 8 4
157 1015 28 9
157 1463 38 8
158 266 53 10
158 444 40 10
158 690 54 13
158 871 15 3
158 930 33 8
158 1336 21 15
158 1460 49 7
159 396 1 2
159 415 48 12
159 446 30 12
159 479 49 15
159 615 16 3
159 787 8 6
159 897 7 1
159 925 15 4
159 1074 53 2
159 1085 53 4
159 1362 55 13
159 1403 40 2
160 299 18 2
160 425 7 6
160 660 15 11
160 788 6 15
160 1065 35 4
160 1112 23 12
161 261 5 4
161 386 5 4
161 438 6 7
161 616 34 4
161 664 3 14
161 680 36 15
161 994 1 14
161 1210 57 1
161 1321 12 9
161 1420 52 4
162 251 16 1
162 417 53 6
163 694 32 7
163 849 19 14
163 1114 16 2
163 1209 41 11
163 1248 47 5
164 283 36 12
164 687 12 4
164 970 33 14
164 1109 28 1
164 1442 4 8
165 184 47 10
165 450 4 1
165 624 54 9
165 1100 20 12
165 1266 3 4
165 1384 23 11
166 440 39 13
166 765 41 14
166 792 14 1
166 1185 47 15
166 1240 53 3
166 1266 40 14
167 777 52 6
167 1116 45 12
167 1141 48 6
167 1320 57 8
168 858 31 12
168 866 35 2
168 884 28 14
168 1061 18 3
168 1440 40 6
169 800 43 10
169 1009 24 2
169 1036 9 7
169 1413 11 4
170 191 12 3
170 842 19 12
170 991 8 8
170 1157 5 3
170 1181 51 14
170 1471 47 5
171 260 53 8
171 857 4 6
171 1293 42 3
172 200 47 12
172 242 29 13
172 265 46 1
172 442 29 12
172 854 33 6
172 988 39 5
172 1022 45 8
172 1121 34 10
172 1236 19 15
172 1261 17 10
172 1405 10 10
173 240 1 4
173 253 9 2
173 285 25 8
173 315 31 8
173 416 57 6
173 492 8 9
173 780 59 2
173 1219 59 10
173 1225 42 4
174 248 1 6
174 257 14 8
174 289 19 13
174 447 13 5
174 685 4 11
174 1137 27 6
174 1471 19 6
175 231 9 14
175 233 25 2
175 244 17 2
175 247 60 7
175 353 37 3
175 379 30 3
175 505 27 10
175 527 11 9
175 754 9 6
175 1241 7 15
175 1298 32 12
176 488 48 4
176 1118 52 12
176 1133 13 8
177 365 39 9
177 786 29 10
177 1105 7 11
177 1268 41 4
177 1299 48 12
178 500 7 12
178 730 44 14
178 797 4 12
178 849 40 15
178 960 51 11
178 1026 4 3
178 1409 20 1
178 1425 4 6
179 267 38 7
179 312 9 7
179 629 54 10
179 933 22 14
179 1065 27 7
179 1168 40 1
180 647 15 15
180 693 5 13
180 1118 32 5
180 1119 52 9
181 405 35 14
181 659 16 11
181 867 29 4
181 1200 42 15
181 1465 36 6
182 549 58 11
182 661 36 14
182 943 4 2
182 1078 23 10
183 256 58 15
183 538 2 11
183 771 24 8
184 220 48 14
184 269 43 15
184 348 3 1
184 380 51 7
184 383 36 1
184 418 14 9
184 453 1 9
184 528 11 2
184 769 46 11
184 896 30 3
184 955 5 2
184 1113 12 10
184 1297 1 14
184 1372 9 12
184 1430 53 3
184 1467 34 9
185 375 8 10
185 534 51 3
185 573 49 9
185 681 21 12
185 1012 53 14
185 1016 2 1
186 285 23 8
186 326 11 4
186 790 51 11
186 834 51 7
186 1189 43 9
186 1296 24 12
186 1360 6 12
187 239 51 9
187 650 56 11
187 673 6 8
187 691 51 5
187 1298 16 14
188 739 6 14
188 921 45 13
188 1286 21 8
188 1290 40 14
188 1352 55 4
189 471 14 4
189 639 10 1
189 642 48 7
190 351 47 12
190 409 26 12
190 821 51 9
190 921 18 1
190 952 22 2
191 308 31 9
191 325 4 7
191 575 58 10
191 633 28 11
191 653 16 3
191 940 8 11
191 1042 56 14
191 1065 53 1
192 458 28 11
192 500 3 3
192 1151 19 11
193 292 21 1
193 410 50 14
193 423 29 11
193 441 16 12
193 993 24 11
193 1079 1 7
193 1164 12 12
193 1195 46 6
193 1206 57 3
193 1316 57 14
194 203 33 7
194 452 41 11
194 650 9 11
194 651 13 3
194 907 44 3
194 930 47 15
194 969 20 2
194 1274 8 3
194 1429 13 12
195 259 21 6
195 539 20 3
195 870 37 10
195 996 54 12
195 1090 38 3
195 1118 24 3
195 1189 52 4
195 1287 49 3
196 330 50 7
196 634 21 14
196 778 40 14
197 676 46 12
197 1242 42 14
198 214 42 4
198 623 17 10
198 1012 33 13
198 1058 24 7
199 273 25 13
199 374 35 3
199 395 50 1
199 1125 17 2
199 1258 4 1
200 561 24 3
200 639 31 15
200 763 41 1
200 1132 15 1
201 272 58 12
201 681 52 10
201 743 14 14
201 1002 48 9
201 1425 59 5
202 425 40 8
202 492 5 5
202 985 10 6
202 1114 14 7
202 1458 21 1
203 351 9 5
203 611 31 15
203 848 5 2
203 851 58 9
204 931 27 10
204 950 59 14
204 1138 26 5
204 1309 20 3
205 358 30 14
205 385 33 1
205 448 3 8
205 741 16 10
205 1001 33 5
205 1002 11 12
205 1177 37 11
205 1225 27 9
206 566 57 5
206 594 44 10
206 595 43 10
206 709 33 4
206 1460 24 9
207 257 8 1
207 271 57 3
207 316 31 13
207 928 48 8
207 1052 25 3
207 1111 41 7
207 1320 51 12
207 1349 57 1
207 1366 7 8
208 224 32 9
208 360 50 12
208 456 1 11
208 561 43 4
208 937 45 3
208 1112 18 5
208 1400 58 12
209 530 21 10
209 1220 26 3
209 1230 17 3
210 358 8 4
210 407 46 9
210 474 40 4
210 569 58 13
210 1000 54 4
211 635 14 1
211 648 4 1
211 1055 41 8
211 1112 4 5
211 1290 14 3
212 479 4 12
212 729 59 8
212 927 56 15
212 955 8 11
212 1256 60 8
212 1340 57 5
212 1410 53 14
212 1446 28 9
213 360 41 8
213 719 60 3
213 737 44 3
213 842 39 13
213 896 44 12
213 993 18 12
213 1012 57 6
213 1052 5 13
213 1236 23 15
213 1330 53 8
214 414 25 4
214 547 21 10
214 841 33 10
214 998 10 5
214 1275 4 6
214 1348 48 13
214 1349 57 15
214 1369 54 2
215 1140 47 10
216 406 50 4
216 528 24 9
216 638 11 15
216 855 60 3
216 1084 48 3
216 1125 55 4
216 1126 15 7
216 1218 7 5
217 401 46 9
217 502 25 7
217 605 23 2
217 889 32 6
217 1397 18 2
218 226 19 5
218 758 37 13
218 1187 23 4
218 1261 53 7
218 1369 17 10
218 1423 53 4
219 432 6 4
219 664 39 8
219 1359 3 12
219 1453 41 4
220 289 49 3
220 703 55 5
220 871 11 9
220 997 44 10
221 436 18 12
221 594 23 6
222 1130 39 9
223 262 29 2
223 311 58 4
223 349 28 2
223 1257 11 3
223 1466 20 6
224 569 42 7
224 783 39 8
224 1226 2 13
225 352 42 9
225 665 49 3
225 901 55 4
225 1163 33 10
225 1465 37 12
225 1466 30 6
226 341 23 10
226 347 37 8
226 500 15 11
226 609 35 1
226 623 7 12
226 899 10 3
226 924 31 9
226 984 24 1
226 1404 30 11
226 1423 47 8
227 279 39 4
227 583 25 4
227 587 4 11
227 941 36 13
227 1015 26 9
227 1243 44 2
228 940 28 14
228 1055 44 1
229 720 47 1
229 756 49 8
229 1175 3 4
229 1216 55 4
229 1225 31 13
230 581 32 13
230 682 32 14
230 856 45 6
230 959 18 8
230 1087 15 5
230 1312 21 11
230 1359 6 15
231 393 28 7
231 442 35 6
231 445 44 13
231 750 47 3
231 809 24 13
231 1016 10 2
231 1020 54 5
231 1300 3 1
231 1321 3 4
231 1362 38 8
231 1394 52 4
232 423 9 8
232 477 53 13
232 764 52 6
232 1437 52 2
233 1020 27 13
234 258 32 15
234 484 57 12
234 545 31 5
234 608 55 6
234 1301 12 11
234 1396 54 1
235 241 37 12
235 565 37 4
235 1375 40 13
236 511 4 14
236 685 28 10
236 800 29 6
236 916 31 12
236 1322 27 12
237 1096 9 8
237 1349 25 15
238 288 38 9
238 923 5 13
238 1359 53 12
239 270 31 8
239 342 42 15
239 640 21 7
239 1314 50 8
239 1357 8 14
240 259 45 9
240 1042 50 8
240 1051 36 2
240 1082 22 14
240 1130 28 15
241 942 45 1
241 952 60 2
241 1102 15 12
241 1206 59 14
241 1324 2 7
242 322 37 15
242 501 33 15
242 839 25 1
242 1124 51 5
242 1389 51 13
243 265 33 8
243 388 14 12
243 426 60 12
243 1062 7 6
244 954 40 11
244 1358 39 14
244 1430 42 9
245 299 33 9
245 412 4 8
245 501 42 15
245 638 52 1
245 1176 41 13
246 258 51 2
246 269 5 9
246 286 5 13
246 1139 28 8
246 1156 8 10
247 340 43 6
247 597 12 3
247 897 24 7
247 971 57 15
247 1015 57 5
248 475 43 1
248 897 54 12
248 1040 37 9
248 1154 13 6
248 1173 39 2
248 1175 31 7
248 1337 59 5
249 1148 24 11
249 1345 51 5
250 397 11 13
250 480 39 14
250 640 2 3
250 715 18 10
250 727 10 7
250 776 45 3
250 1056 30 11
250 1370 52 10
251 429 3 3
251 558 8 12
251 586 24 14
251 755 10 8
251 924 8 6
251 981 13 4
251 1073 36 6
252 303 23 15
252 405 26 3
252 421 5 15
252 462 12 11
252 599 30 11
252 617 44 7
252 665 21 3
252 708 36 9
252 991 60 3
252 1125 39 5
253 312 24 15
253 320 34 10
253 516 49 8
253 804 10 1
253 1384 20 12
253 1427 24 14
254 268 2 13
254 402 53 13
254 439 29 2
254 1263 56 4
255 1024 55 7
255 1076 54 13
255 1094 34 6
255 1164 52 11
256 338 40 2
256 360 49 12
256 615 48 14
256 711 21 14
256 1017 49 8
256 1031 36 2
256 1262 42 15
256 1433 38 9
257 417 15 7
257 468 9 8
257 1143 13 15
257 1339 32 14
257 1353 46 5
258 665 26 6
258 831 34 6
258 866 42 7
258 1050 11 2
258 1279 4 7
258 1420 7 7
259 725 1 3
259 942 31 3
259 984 19 7
259 1290 31 15
260 716 37 1
260 810 25 7
260 886 45 1
260 1192 48 6
260 1214 55 7
261 479 12 7
261 504 23 10
261 585 55 14
261 820 8 10
261 921 28 10
261 979 59 4
261 1018 22 7
261 1351 48 1
261 1355 34 4
261 1415 58 8
262 509 36 5
262 750 53 12
262 1107 52 12
262 1148 32 3
262 1246 28 15
263 863 5 2
263 1063 49 12
264 530 20 8
264 795 15 5
264 882 14 15
264 886 1 12
265 590 33 2
265 635 6 14
265 788 9 13
265 909 41 3
265 1120 5 6
265 1408 47 10
266 317 16 9
266 482 8 14
266 483 23 3
266 903 47 12
266 1429 50 4
266 1469 54 11
267 372 7 14
267 666 51 12
267 677 33 9
267 1040 28 2
267 1203 26 12
267 1231 1 15
267 1263 36 15
268 322 50 9
268 396 47 7
268 662 15 15
268 1113 13 10
268 1226 51 10
268 1421 49 8
269 430 16 13
269 818 25 15
269 968 35 3
269 1182 8 3
269 1207 12 14
269 1339 25 2
269 1361 52 1
269 1465 4 7
270 323 17 5
270 1275 16 13
271 597 46 5
271 1147 35 11
271 1309 50 15
271 1416 38 10
271 1472 39 4
272 513 30 3
272 723 9 11
272 994 22 8
272 1428 2 3
273 362 1 6
273 424 20 9
273 446 54 3
273 512 49 6
273 607 2 5
273 826 49 8
273 1234 19 2
273 1436 57 11
274 544 28 8
274 992 6 1
274 1375 41 9
274 1455 45 10
275 335 4 8
275 744 47 1
275 768 32 12
275 999 53 4
275 1056 36 9
275 1057 57 12
275 1415 19 13
276 776 59 14
276 780 21 7
276 1203 43 4
276 1305 49 7
277 802 44 11
277 942 21 11
277 1246 49 3
277 1348 44 12
277 1383 29 8
277 1469 16 13
278 354 43 13
278 499 49 9
278 955 52 13
278 1186 44 5
279 363 26 13
279 416 46 8
279 510 33 1
279 528 1 4
279 534 32 7
279 642 18 11
279 1054 12 7
279 1224 34 2
280 668 20 15
280 782 33 4
280 816 36 3
280 922 4 11
280 1067 31 14
280 1248 28 12
280 1265 36 10
280 1449 20 1
281 442 37 5
281 699 36 9
281 1211 25 9
281 1268 24 15
281 1434 60 8
282 560 40 1
282 586 8 12
282 619 57 9
282 824 42 1
282 962 2 4
282 1199 58 9
283 439 41 3
283 741 48 7
283 986 60 6
283 1054 43 15
283 1282 31 5
283 1391 29 2
283 1436 28 8
284 707 22 12
284 780 46 8
284 1274 59 15
284 1323 18 3
285 847 29 6
285 854 26 14
285 1432 44 15
286 567 16 5
286 696 23 2
286 906 25 6
286 1087 14 7
286 1235 7 6
286 1394 31 7
287 381 25 12
287 391 21 11
287 862 22 5
287 878 36 8
287 1057 28 12
288 1004 17 8
288 1264 28 10
289 1124 11 14
290 491 56 13
290 626 7 5
290 990 19 5
290 1269 1 11
291 342 35 8
291 376 26 1
291 483 24 10
291 760 54 13
291 992 51 14
292 500 33 15
292 687 53 5
292 744 25 5
292 920 13 8
293 389 32 5
293 543 32 4
293 791 41 2
293 1114 36 12
293 1188 34 9
293 1219 59 7
293 1401 14 13
294 442 19 4
294 614 17 8
294 1275 31 15
295 302 46 7
295 415 9 7
295 653 55 12
295 1103 38 2
296 476 3 5
296 1140 32 5
296 1401 2 15
297 382 9 5
297 492 56 12
297 536 30 7
297 1464 2 2
298 658 4 4
298 991 47 12
298 1404 33 12
299 346 41 15
299 480 59 5
299 544 30 12
299 789 26 15
299 1040 14 10
300 833 22 5
301 437 40 2
301 1138 16 2
301 1359 13 13
301 1373 58 11
302 318 8 15
302 335 19 15
302 524 40 4
302 1327 28 13
303 620 28 11
303 705 18 10
303 715 6 6
303 775 46 6
303 832 11 14
303 861 57 7
304 438 9 13
304 472 33 8
304 525 10 8
304 819 35 12
304 881 19 10
304 1059 48 10
304 1364 38 11
304 1372 55 4
304 1392 38 6
305 861 52 12
305 1074 13 8
305 1360 11 6
306 351 50 15
306 472 17 2
306 710 23 1
306 820 8 14
307 921 39 14
308 347 36 3
308 464 59 10
308 1007 33 8
308 1176 45 14
308 1268 13 1
309 776 52 1
309 786 29 9
309 1237 39 7
310 456 49 1
310 919 5 7
310 945 59 5
310 988 16 10
310 1198 21 4
310 1282 4 8
310 1357 15 15
310 1380 15 9
310 1403 59 5
311 316 30 13
311 371 2 12
311 469 58 12
311 498 19 9
311 640 21 2
312 765 38 14
313 446 49 9
313 605 18 5
313 1262 31 13
313 1381 29 11
314 503 29 6
314 584 14 1
314 944 14 10
314 948 7 15
314 1194 21 1
314 1249 6 7
314 1399 51 7
315 765 42 6
315 833 41 5
315 925 22 3
315 983 56 13
315 1199 40 6
315 1360 51 10
316 414 29 4
316 543 10 13
316 641 17 9
317 729 52 5
317 777 57 1
317 877 58 2
318 871 29 4
318 906 6 9
318 962 43 1
318 1163 39 7
318 1290 29 6
318 1394 56 11
318 1422 6 14
319 523 50 14
319 592 37 14
319 693 3 4
319 799 46 15
319 932 49 6
319 995 47 1
319 1026 31 3
319 1200 54 10
319 1238 47 14
319 1317 15 5
319 1408 40 10
320 407 9 4
320 1179 45 13
321 480 39 10
321 754 26 2
321 848 11 4
321 1221 19 7
322 592 36 14
322 970 51 6
323 464 2 1
323 775 3 2
323 776 55 15
323 936 35 9
323 982 59 5
323 1001 16 10
323 1296 37 6
323 1361 16 13
324 420 36 3
324 684 51 6
324 838 58 7
324 990 59 2
324 1153 17 10
324 1163 43 9
325 761 57 14
325 973 35 8
326 404 41 2
326 459 57 7
326 642 22 3
326 1001 41 4
326 1417 60 10
327 520 5 2
327 529 50 6
327 532 30 4
327 1035 22 4
327 1404 50 5
328 925 30 5
328 931 43 12
328 1264 52 13
328 1406 48 6
328 1443 16 10
329 711 32 9
329 1244 54 1
329 1370 3 3
330 362 17 5
330 489 8 8
330 545 18 7
330 564 25 1
330 759 28 5
330 760 52 4
330 1435 33 9
330 1443 34 9
330 1445 37 7
331 355 17 8
331 360 3 4
331 369 27 5
331 438 34 12
331 1151 27 12
332 461 33 13
332 591 59 7
332 755 58 6
332 1166 4 10
332 1183 47 4
332 1201 23 8
333 432 28 11
333 593 15 14
333 658 30 10
333 774 55 8
333 996 17 3
333 1328 46 6
334 904 19 4
334 919 4 2
334 964 5 13
334 1009 9 3
334 1324 53 7
335 362 12 8
335 399 4 12
335 713 39 3
335 881 23 4
335 1032 8 13
335 1035 19 2
335 1044 24 10
335 1057 49 6
336 741 10 2
336 743 29 9
336 1057 49 1
336 1255 31 12
337 344 24 5
337 519 41 6
337 625 34 4
337 653 59 2
337 1268 55 11
337 1298 10 6
337 1376 28 12
338 715 33 7
338 738 42 14
338 799 28 12
338 862 35 8
338 1018 57 10
338 1154 6 7
338 1159 57 4
338 1349 4 8
338 1419 1 4
339 515 23 11
339 735 35 15
339 1072 58 3
339 1158 52 1
339 1391 3 10
339 1400 27 4
340 497 1 2
340 574 31 8
340 886 28 1
340 941 4 12
340 1009 25 13
340 1267 52 6
340 1342 47 12
341 344 5 14
341 348 43 8
341 413 16 2
341 415 5 12
341 517 34 3
341 603 37 12
341 820 27 1
341 830 50 10
341 905 54 13
341 956 21 10
341 988 47 8
341 1336 15 4
342 428 26 11
343 689 8 4
343 787 25 4
343 887 5 5
343 1420 7 4
344 933 45 9
345 557 18 8
345 684 37 8
345 1024 37 2
345 1064 25 4
345 1191 13 6
345 1206 25 4
346 530 52 6
346 1279 55 13
346 1447 45 10
347 422 20 9
347 783 43 14
347 867 39 11
347 920 60 15
347 1112 55 14
347 1381 18 9
347 1391 26 7
347 1459 32 9
348 564 54 7
348 630 59 14
349 353 32 6
349 441 44 4
349 714 28 11
349 735 41 13
349 796 23 2
349 879 55 12
349 1282 38 7
349 1416 44 4
350 714 43 2
350 974 31 5
350 1292 20 14
351 524 47 6
351 853 53 11
351 860 19 13
352 513 17 9
352 1010 3 5
352 1054 59 5
352 1129 46 10
352 1146 33 10
352 1226 32 12
352 1381 39 9
353 507 11 1
353 1236 16 2
353 1407 44 15
353 1420 31 11
354 421 26 8
354 583 54 12
354 721 15 14
354 896 51 6
354 939 40 2
354 1130 32 1
355 627 20 3
355 950 57 9
355 985 34 10
355 1240 18 2
355 1302 15 12
355 1317 50 12
355 1363 22 11
355 1449 26 10
356 497 5 12
356 601 19 14
356 629 31 9
356 851 49 4
356 852 28 1
356 907 28 14
356 1312 48 13
356 1372 35 4
357 580 7 7
357 741 53 4
357 771 18 1
357 898 14 2
357 1031 41 1
357 1211 30 5
357 1241 22 9
358 413 34 10
358 540 15 10
358 684 57 11
359 1251 16 2
359 1291 18 4
359 1341 10 11
360 368 46 8
360 516 10 1
360 551 32 2
360 610 43 6
360 807 27 5
360 1436 38 15
361 751 43 5
361 1126 1 12
361 1471 16 10
362 475 43 8
362 822 28 15
362 918 25 8
362 1092 43 12
362 1160 50 8
362 1212 54 13
362 1253 36 2
363 1177 16 15
363 1271 43 9
364 406 8 7
364 435 58 4
364 550 30 11
364 936 37 7
364 971 51 13
364 1014 20 9
364 1310 13 15
365 967 7 12
365 1172 4 10
365 1318 43 12
366 1028 3 11
366 1291 23 8
367 459 11 12
367 837 30 1
367 1198 40 15
368 687 38 15
368 1026 55 9
368 1029 17 11
368 1184 54 3
368 1442 9 13
369 978 57 9
370 440 8 10
370 556 21 15
370 783 28 14
370 924 57 7
370 999 51 11
370 1260 49 9
370 1312 17 9
370 1435 44 13
371 404 49 8
371 405 55 7
371 707 14 15
371 720 17 12
371 888 7 6
371 933 24 3
371 1060 6 11
371 1228 35 9
372 1148 42 7
372 1162 12 4
373 999 37 10
375 558 44 12
375 649 46 5
375 719 31 15
375 1231 17 12
375 1351 33 9
376 619 55 13
377 724 44 1
377 738 58 9
377 1009 19 11
377 1068 56 5
377 1290 14 9
378 841 13 4
378 1220 49 1
379 469 10 15
379 609 38 5
379 971 5 3
379 1019 55 6
379 1228 60 10
379 1278 9 12
379 1304 46 9
379 1350 41 13
379 1394 60 6
379 1471 31 1
380 446 28 3
380 525 3 11
380 885 27 14
380 1215 39 1
380 1223 33 3
380 1322 5 3
381 609 57 6
381 835 53 11
381 1097 3 15
381 1146 34 1
381 1384 6 1
382 448 21 12
382 818 37 8
382 866 43 13
382 1232 59 13
382 1293 24 1
383 558 24 13
383 1138 46 9
383 1267 2 3
383 1402 13 4
384 593 29 12
384 785 26 7
384 822 48 15
384 1004 31 14
384 1226 2 5
384 1277 30 6
384 1410 35 8
384 1418 32 13
384 1455 55 3
385 748 22 9
385 766 15 10
385 971 1 11
385 994 4 12
385 1196 25 6
385 1331 49 3
386 722 8 1
387 442 29 12
387 777 51 11
387 975 47 14
387 1186 51 5
387 1361 52 5
388 951 60 12
388 1094 40 8
388 1218 28 8
388 1238 31 9
388 1271 35 12
388 1319 6 14
389 478 30 14
389 631 19 1
389 1279 49 10
390 426 20 7
390 474 17 5
390 920 40 1
390 1121 20 11
390 1186 3 5
391 558 30 7
391 996 11 2
391 1029 50 6
391 1221 30 3
391 1381 9 8
392 777 7 8
392 884 56 9
392 940 47 5
392 1009 24 7
392 1045 14 5
392 1130 31 15
392 1298 29 12
392 1393 54 9
392 1415 24 14
393 1219 16 12
393 1272 52 3
393 1434 49 10
394 797 48 4
395 500 23 14
395 859 22 13
395 906 7 2
395 945 26 7
395 1191 2 7
395 1241 36 13
395 1448 24 12
396 430 43 12
396 621 50 2
396 854 59 15
396 881 55 9
396 883 48 6
396 1419 1 15
396 1429 3 10
397 527 53 13
397 724 28 5
397 727 44 1
397 759 46 1
397 933 28 3
397 1440 19 9
398 632 33 10
398 895 55 14
398 906 38 5
399 436 10 10
399 483 52 8
399 622 19 5
399 813 20 9
399 947 37 7
399 1251 43 11
400 436 29 8
400 570 6 1
400 758 14 10
400 820 45 1
400 825 34 4
400 905 13 10
400 913 18 9
400 1039 56 10
400 1262 56 3
401 660 47 13
401 1052 21 7
401 1152 34 11
402 459 1 4
402 743 24 15
402 1129 18 4
402 1277 52 3
402 1443 25 14
403 655 7 3
403 785 12 9
403 1104 57 12
404 853 60 9
404 872 58 13
404 1142 16 11
405 657 56 10
405 816 1 15
405 1217 3 14
405 1256 3 4
406 1149 33 11
406 1348 28 15
407 492 52 15
407 517 22 5
407 633 47 12
407 675 20 11
407 816 18 7
407 841 41 11
407 1200 29 15
407 1383 4 2
408 594 57 6
408 770 23 10
408 771 12 2
408 775 56 2
408 988 47 6
408 1029 33 5
409 1139 3 2
409 1406 22 8
410 449 25 3
410 736 58 3
410 947 14 12
410 1347 14 5
410 1381 49 1
411 664 23 13
411 1020 32 14
411 1070 57 5
411 1187 2 2
411 1437 50 3
412 517 32 14
412 570 26 8
412 877 4 6
412 1205 27 14
414 438 40 6
414 657 59 5
414 864 5 15
414 927 54 9
414 952 17 14
414 1018 16 12
415 795 50 2
415 820 44 11
415 841 53 7
415 864 9 2
415 887 44 3
415 1061 52 9
415 1083 51 11
416 958 31 13
416 1267 19 3
416 1405 47 6
417 445 34 5
417 990 38 4
417 1199 58 10
418 450 44 15
418 611 19 15
418 613 17 4
418 1119 26 9
419 441 25 9
419 1224 14 2
420 576 12 1
420 722 4 10
420 929 28 1
420 1020 2 9
420 1079 18 7
420 1088 26 1
420 1089 30 13
420 1108 12 14
421 436 45 13
421 461 3 11
421 966 48 1
421 1188 43 2
421 1382 59 5
422 473 54 11
422 979 9 14
422 1176 46 11
422 1220 21 7
423 795 25 15
423 815 58 5
423 940 27 11
423 1023 52 4
423 1059 48 4
423 1234 1 15
423 1327 24 13
424 672 47 13
424 676 40 6
424 718 34 2
424 761 59 4
424 765 39 1
424 1092 44 1
424 1125 52 5
424 1399 40 5
425 884 14 1
426 550 12 4
426 943 42 4
426 1146 31 9
427 468 52 6
427 1330 12 12
428 991 54 14
428 1325 32 9
429 487 19 14
429 944 17 10
429 1196 40 8
429 1267 42 1
429 1314 20 12
430 502 14 13
431 716 25 10
431 730 14 9
431 1016 14 11
431 1229 22 2
431 1250 34 1
431 1353 13 11
432 1447 56 13
433 774 19 6
433 983 45 10
434 515 40 1
434 761 48 4
434 1151 8 6
435 473 4 2
435 484 11 5
435 632 13 15
435 733 18 15
435 788 35 13
435 1179 23 13
435 1201 3 15
435 1263 57 6
435 1399 25 4
435 1422 41 10
436 854 5 15
436 1143 23 8
436 1182 11 1
436 1398 4 4
437 505 54 11
437 659 27 14
437 684 35 15
437 930 58 4
437 991 39 9
437 1010 37 11
437 1201 29 15
438 559 31 5
438 777 15 2
438 800 21 9
438 829 43 11
438 1091 39 2
439 465 53 6
439 1164 15 10
439 1210 50 7
439 1218 41 15
440 748 52 5
440 953 52 13
440 1128 10 5
440 1308 56 6
441 858 22 8
441 862 44 8
441 1074 21 1
442 569 44 14
442 608 5 11
442 643 29 14
442 823 39 4
442 988 52 8
442 1085 44 6
442 1133 12 1
443 761 27 4
443 873 51 7
444 568 5 15
444 698 29 6
444 760 27 3
444 1225 21 1
445 1257 18 5
446 996 24 14
446 1102 52 14
446 1103 44 15
446 1352 28 15
446 1388 57 4
447 520 41 12
447 1460 30 6
448 454 29 6
448 519 13 1
448 592 55 6
448 931 52 10
448 1154 10 13
448 1305 55 12
449 745 18 9
449 1083 49 7
450 1249 59 12
451 650 17 15
451 745 4 4
451 749 44 2
451 987 46 9
451 1179 50 3
451 1427 58 12
451 1448 46 11
452 834 4 15
452 1224 12 12
452 1352 43 7
452 1410 14 9
453 641 57 11
453 743 13 7
453 842 12 8
453 864 38 15
453 891 60 12
453 1337 26 8
453 1353 22 1
454 871 2 15
454 1295 58 14
454 1354 2 10
454 1452 11 15
455 464 5 2
455 526 41 4
455 616 43 7
455 750 34 5
455 919 27 2
455 1041 31 11
456 623 1 7
456 803 43 5
456 922 33 2
456 1036 42 14
456 1146 19 1
456 1187 60 14
456 1234 24 12
456 1351 29 2
456 1455 47 14
457 1340 38 5
457 1430 51 12
458 527 30 9
458 622 32 2
458 841 11 12
458 1018 34 11
458 1062 39 1
458 1089 45 6
458 1350 41 3
458 1402 50 8
459 795 20 6
460 477 42 6
460 615 35 9
460 1113 13 2
460 1334 59 7
461 598 33 12
461 1141 49 15
461 1213 30 12
461 1354 47 11
462 463 43 5
462 1027 18 10
462 1110 37 3
462 1131 20 14
463 610 38 12
463 793 33 10
463 819 33 10
463 901 42 6
463 1031 22 13
464 704 22 5
464 802 21 10
464 999 22 15
464 1185 46 11
465 1250 22 4
465 1466 12 7
466 599 48 9
466 813 7 4
467 931 9 3
467 1035 7 4
468 579 52 3
468 902 11 2
468 1005 14 2
468 1028 16 3
468 1396 19 10
469 632 58 5
469 1149 4 14
470 528 29 9
470 605 12 8
471 1141 49 8
471 1349 42 9
472 586 22 10
472 1033 17 13
472 1141 45 2
472 1355 1 12
473 498 52 14
473 783 11 14
473 1358 8 6
474 488 20 1
474 601 23 13
474 908 9 6
474 1034 11 8
474 1165 18 4
474 1174 21 11
474 1176 59 1
474 1238 22 14
475 835 53 10
475 866 58 2
475 1058 57 9
475 1065 44 1
475 1201 54 3
475 1422 18 14
477 554 3 1
477 633 60 10
477 782 35 9
477 1233 47 12
477 1264 33 14
477 1318 30 8
478 1304 51 6
478 1437 55 2
479 595 26 11
479 1132 39 5
479 1294 17 4
479 1316 40 6
479 1382 27 6
480 596 56 15
480 675 20 6
480 689 55 8
480 1070 12 8
480 1197 3 9
480 1404 51 1
481 486 28 3
481 655 6 12
481 928 47 3
481 1135 26 10
481 1173 60 3
481 1242 8 13
482 692 50 3
482 866 57 7
482 869 55 15
482 1091 27 10
482 1354 52 12
483 1180 58 14
483 1307 22 2
484 986 49 14
484 1031 40 5
484 1198 16 10
484 1406 5 8
484 1467 60 3
485 566 34 12
485 858 55 14
485 958 19 6
485 966 14 15
485 1050 26 9
485 1123 21 9
485 1205 57 7
485 1211 1 7
485 1278 41 10
485 1435 1 10
486 801 52 14
486 1164 28 8
486 1454 51 4
487 788 36 4
487 837 10 11
487 860 3 6
487 1045 44 9
487 1142 33 6
487 1170 22 15
487 1236 25 1
488 630 5 13
488 1071 23 10
488 1244 51 11
488 1299 3 3
488 1386 6 9
489 1115 32 15
489 1272 3 8
489 1388 22 15
490 993 10 5
490 1169 53 5
491 727 7 8
491 1118 45 6
491 1278 21 2
492 938 8 5
492 1011 5 7
492 1439 4 7
493 533 42 1
493 742 28 10
493 826 8 3
493 982 41 10
493 1141 58 3
493 1191 29 4
493 1295 18 1
493 1375 14 15
493 1430 12 9
494 588 33 8
494 641 17 1
494 1071 14 8
494 1250 27 10
495 1223 26 2
495 1324 36 12
496 650 50 3
496 759 41 11
496 1216 4 1
496 1417 16 3
497 661 34 3
497 738 47 15
497 1313 26 4
497 1327 46 9
498 894 23 11
498 937 44 9
498 1067 37 13
498 1319 52 10
499 726 36 12
499 895 11 11
500 585 30 1
500 1145 30 2
500 1188 53 15
500 1305 37 6
501 830 20 5
501 1415 50 5
502 802 3 12
502 1147 38 2
502 1322 12 5
503 1175 34 7
504 962 26 6
504 991 40 5
505 895 45 11
505 1027 11 14
505 1278 18 13
506 690 39 12
506 1085 35 8
506 1141 17 15
506 1297 28 3
506 1328 42 10
506 1378 39 8
507 545 13 10
507 599 31 10
507 678 57 2
507 970 27 3
507 1009 55 10
507 1217 50 11
507 1229 58 12
507 1293 35 13
507 1401 50 2
508 810 17 10
508 815 18 7
508 1057 25 12
508 1112 27 11
508 1167 32 10
508 1281 11 5
509 536 49 9
509 552 43 15
509 610 24 6
509 647 1 5
509 896 8 6
509 1395 13 12
510 1044 57 6
510 1112 38 3
510 1238 56 15
511 1149 46 2
511 1436 8 7
512 654 7 6
512 825 55 12
512 1015 15 8
513 608 20 4
513 710 47 2
513 774 10 11
513 808 20 3
513 902 50 3
513 936 6 2
513 1004 26 12
513 1046 57 5
513 1299 8 9
513 1350 34 12
513 1460 10 10
514 666 21 2
514 1124 11 12
514 1126 49 3
515 968 53 1
515 1382 46 13
516 858 50 12
516 933 48 12
516 1201 54 9
516 1460 49 15
517 585 41 5
517 829 42 2
517 1045 45 1
517 1119 57 12
517 1260 5 10
517 1426 9 9
518 659 48 8
518 1371 20 11
518 1386 48 14
518 1422 46 13
519 668 41 9
519 796 59 12
519 844 40 14
520 592 29 13
520 749 16 1
521 943 40 13
521 981 20 12
521 1185 45 3
522 1174 25 14
522 1209 21 4
522 1389 18 5
523 662 43 15
523 846 40 4
523 968 10 8
523 1209 11 7
523 1346 16 8
524 740 56 5
524 1007 9 8
525 655 31 7
525 1272 45 15
525 1412 20 9
525 1413 30 14
526 959 29 3
526 1138 41 2
527 932 13 6
528 869 50 2
528 965 32 2
529 805 57 1
529 807 6 2
529 854 58 7
529 1446 18 8
530 764 58 4
530 834 35 6
530 1010 7 9
531 864 11 10
531 1253 36 1
532 646 48 8
532 712 50 13
532 1084 30 15
532 1220 19 12
532 1442 18 12
533 558 18 3
533 1044 60 10
534 538 40 3
534 887 44 4
534 1292 19 9
535 589 52 10
535 591 20 11
535 742 3 11
535 817 18 14
535 1131 15 3
535 1152 40 13
536 794 49 11
536 1005 56 14
536 1409 29 13
537 730 9 11
537 797 11 2
537 1030 11 5
538 964 48 10
538 1374 24 3
538 1441 8 9
539 807 54 8
539 944 22 6
539 1194 38 8
539 1356 59 12
540 576 45 13
540 964 15 15
540 969 16 7
540 1190 34 4
541 955 17 2
541 996 34 6
541 1309 27 2
542 598 6 1
542 655 22 10
542 973 6 10
542 1377 55 14
543 597 38 5
543 745 6 8
543 770 54 3
543 1278 26 15
544 975 59 10
544 1085 26 15
544 1298 17 14
544 1415 27 3
545 850 4 15
545 1432 44 15
546 592 50 13
546 620 32 9
546 663 25 1
546 840 5 12
546 1120 21 9
546 1142 47 11
546 1218 52 13
547 688 1 5
547 1264 14 15
547 1291 46 5
547 1344 58 6
547 1424 60 15
547 1446 23 15
548 808 30 13
548 1150 6 8
548 1360 24 9
548 1406 5 6
549 569 11 4
549 576 51 6
549 804 54 11
549 1088 7 3
549 1369 1 1
549 1399 48 6
550 888 40 11
550 1050 59 15
551 611 9 9
551 622 35 12
551 967 32 14
551 1076 59 11
551 1166 10 13
551 1466 4 11
552 597 51 14
552 625 3 5
552 1322 6 14
552 1383 18 2
553 927 42 3
553 1065 29 2
553 1199 28 15
553 1426 39 15
553 1459 38 5
554 611 17 5
554 633 22 6
554 981 56 1
554 1280 28 3
555 691 3 10
555 780 10 2
555 1218 16 14
556 708 32 8
556 764 2 8
556 1330 27 13
556 1370 30 15
557 731 46 2
557 745 36 15
557 978 52 7
557 1094 14 11
557 1185 40 14
557 1416 58 12
558 1390 42 9
559 1139 38 3
560 571 36 10
560 714 58 11
560 772 40 4
560 1141 8 15
561 1029 47 13
561 1315 9 14
561 1317 59 15
561 1343 19 6
561 1375 6 3
561 1451 42 5
562 704 9 2
562 801 50 14
562 897 28 10
562 1038 19 12
562 1176 56 12
562 1186 44 3
563 993 8 14
563 1072 21 13
564 728 7 13
564 837 51 2
564 899 8 10
564 1026 25 2
564 1141 11 13
565 742 57 1
565 877 41 8
566 751 48 6
566 877 14 10
566 937 15 15
566 1216 28 4
566 1376 32 5
567 942 17 8
567 1055 10 11
567 1072 53 2
568 624 36 3
568 628 36 4
568 851 17 2
568 1230 42 6
568 1327 17 1
568 1374 1 2
570 762 23 9
570 978 19 5
570 1220 32 15
570 1279 47 12
571 637 5 13
571 755 21 2
571 830 39 8
571 925 48 6
571 1015 25 10
571 1458 30 6
572 597 11 11
572 645 54 2
572 649 37 6
572 679 43 6
572 750 38 8
572 863 3 8
572 1175 44 10
573 821 36 5
573 837 4 3
573 889 37 15
573 1057 53 15
574 649 55 5
574 987 22 9
574 1280 9 1
574 1462 14 15
575 800 26 11
575 879 49 7
575 1074 19 6
575 1319 16 1
575 1444 49 14
576 640 58 10
576 770 9 15
576 878 32 2
576 1179 7 8
577 728 24 12
577 1033 34 6
578 1088 50 6
579 981 29 15
580 1151 47 10
580 1470 5 12
581 1105 53 4
581 1422 37 2
581 1436 34 3
582 895 41 13
582 1399 17 9
583 665 56 9
583 727 8 7
583 896 35 1
584 1015 52 7
584 1144 40 14
584 1261 57 10
584 1328 38 14
585 1302 54 1
585 1305 48 14
585 1444 25 10
586 645 7 15
586 923 22 12
586 1091 17 6
586 1463 55 14
587 650 11 2
587 710 47 2
587 774 44 13
588 1122 49 14
588 1177 11 11
589 633 56 6
589 946 34 7
589 961 56 6
589 1064 24 9
589 1130 10 15
590 754 35 3
590 805 5 7
590 842 30 4
590 895 57 1
590 942 56 11
590 1310 46 3
591 721 38 4
591 798 22 5
591 1192 32 5
592 606 6 4
592 677 27 13
592 791 14 9
592 916 29 4
592 1151 55 9
593 912 58 6
593 932 55 10
593 1125 29 14
593 1134 36 9
593 1205 23 15
593 1243 50 8
594 746 25 14
594 1147 4 4
594 1315 8 6
595 624 37 8
595 1059 24 8
595 1064 31 2
595 1376 51 15
596 1150 49 15
596 1154 42 12
597 917 47 10
597 1380 33 5
597 1463 22 4
598 834 3 9
598 886 8 6
598 1329 23 11
599 909 39 2
599 935 42 14
599 1358 18 14
599 1428 53 5
600 685 34 2
600 738 54 1
600 760 6 2
601 1318 45 11
602 766 55 1
602 1050 35 8
602 1182 33 3
602 1398 14 13
603 727 40 5
603 1172 32 10
604 816 51 2
604 1198 57 8
604 1258 27 5
604 1453 24 11
605 638 51 11
605 706 16 9
605 1072 44 1
605 1140 29 5
606 807 15 10
606 1025 59 12
606 1469 4 2
607 670 60 3
607 945 47 3
607 1341 50 9
608 1007 53 6
608 1085 5 13
609 651 8 4
609 988 9 6
609 1046 50 12
609 1062 41 1
609 1355 54 10
610 844 57 2
610 1061 46 11
610 1214 48 7
610 1323 44 14
611 622 6 14
611 834 14 5
611 1028 42 14
611 1438 5 8
612 1060 30 4
612 1148 6 9
612 1200 2 3
612 1367 39 8
613 804 41 15
613 1095 29 9
613 1241 55 1
614 1060 32 7
614 1385 48 11
615 621 25 9
615 1462 21 8
616 861 48 14
616 908 50 14
616 947 32 7
617 656 34 15
617 898 49 2
617 943 1 14
617 1304 21 4
617 1344 56 4
617 1401 35 5
618 659 14 5
618 766 6 15
618 906 60 12
618 930 6 8
618 1202 51 1
619 717 30 8
619 759 59 15
619 862 59 7
619 1056 26 7
619 1226 16 4
619 1444 44 15
620 645 54 7
620 890 16 8
620 974 29 12
620 1105 18 13
621 774 10 15
621 776 47 8
621 1027 6 7
621 1116 24 14
621 1274 50 3
621 1311 8 6
621 1364 8 10
622 639 5 7
622 940 4 14
622 1231 53 7
622 1429 56 3
623 1412 26 12
624 1067 57 1
624 1116 49 9
624 1249 9 11
625 787 45 14
625 1033 41 14
625 1062 22 4
625 1363 28 15
626 665 60 2
626 753 39 7
626 930 52 3
627 688 53 9
627 720 4 2
627 728 37 2
627 907 38 6
627 1057 38 15
627 1084 33 5
627 1146 19 7
627 1258 15 14
627 1273 24 1
627 1372 22 8
628 841 24 10
628 856 33 13
628 1169 6 6
628 1267 39 12
629 797 5 8
629 896 47 10
629 1212 27 8
629 1305 47 5
630 897 23 7
630 1112 10 9
630 1272 45 5
631 799 56 14
631 1189 6 12
631 1285 10 7
632 1206 52 12
632 1274 55 15
633 874 5 5
633 1154 31 7
634 1125 29 4
634 1275 30 6
635 919 28 14
635 1384 11 13
636 831 53 14
636 1131 11 9
636 1190 33 4
637 666 20 9
637 668 27 7
637 795 10 11
637 832 11 6
637 838 50 5
637 1027 17 5
637 1076 5 4
637 1139 55 7
637 1294 30 9
637 1382 58 2
638 666 45 15
638 875 5 9
638 1071 55 12
638 1085 40 4
638 1116 14 9
638 1275 35 13
638 1388 2 10
638 1413 50 4
640 829 56 9
640 1071 24 9
640 1433 50 6
641 710 54 10
641 875 26 14
641 1204 35 13
642 1155 13 13
643 787 54 10
643 833 28 1
643 1048 12 10
643 1301 12 12
644 679 51 1
644 734 21 3
644 897 44 11
644 968 56 8
644 1239 30 2
644 1299 6 1
645 1074 13 5
645 1164 59 15
645 1471 8 8
646 756 44 10
646 815 8 5
646 1007 38 3
646 1096 27 15
646 1376 44 4
646 1406 17 4
647 716 26 10
647 787 38 10
647 799 2 6
648 962 32 3
648 1469 41 4
648 1471 17 4
649 685 53 10
649 750 31 12
649 1022 28 8
649 1131 50 13
649 1335 20 4
649 1465 15 9
651 749 13 7
651 1396 41 7
652 683 54 5
653 687 44 13
653 777 50 15
654 795 13 10
654 801 40 7
654 905 34 2
654 976 38 5
654 1220 47 8
655 668 16 10
655 881 33 4
656 957 2 3
656 1208 12 12
656 1327 9 10
656 1413 32 4
657 901 27 9
657 1020 3 4
657 1065 23 3
657 1160 10 7
657 1162 27 1
657 1185 29 7
657 1199 31 2
657 1231 39 2
658 837 35 8
658 933 52 9
658 1069 54 8
658 1122 6 9
658 1262 8 6
659 873 54 15
659 1043 47 12
659 1373 22 4
660 697 33 1
660 710 6 14
660 1114 55 6
660 1134 60 1
660 1294 37 12
661 813 41 10
661 823 31 7
661 1050 27 3
662 1065 6 15
662 1279 49 11
663 1075 28 5
663 1158 9 2
663 1320 42 13
664 955 1 9
665 752 19 7
665 929 5 14
665 1392 25 4
665 1458 2 4
666 1238 56 8
666 1289 16 8
666 1441 39 15
667 703 18 3
667 771 27 5
667 1115 48 13
667 1195 3 1
667 1296 35 8
668 714 1 8
668 1092 11 2
668 1434 50 6
669 709 18 15
669 754 29 7
670 739 37 3
670 792 56 6
670 897 37 3
670 919 45 6
670 985 19 14
671 758 57 5
672 675 31 2
672 691 48 13
672 700 58 11
672 811 2 9
673 681 35 11
673 710 49 13
673 861 29 13
673 939 56 3
673 1048 33 13
673 1051 42 11
674 676 44 2
674 696 30 15
674 1095 24 11
675 897 44 4
675 1196 60 6
675 1360 11 12
675 1460 16 9
676 692 51 4
676 886 12 1
677 789 27 8
677 1072 45 3
678 779 43 13
678 914 9 3
678 1034 5 12
678 1249 9 8
679 836 12 3
679 919 52 1
679 1374 57 12
679 1396 52 2
680 1216 19 8
680 1407 24 11
681 1219 48 15
681 1384 34 2
681 1437 9 6
682 891 8 15
682 1413 47 3
682 1428 44 6
683 791 44 6
683 1428 49 4
683 1453 21 7
684 814 10 3
684 863 43 5
685 909 57 11
685 1254 46 10
686 835 6 9
686 1422 55 5
686 1427 5 4
687 905 57 3
687 933 8 13
688 764 23 4
688 921 11 1
688 1010 31 11
689 845 42 12
689 1135 16 10
689 1334 10 9
689 1372 50 2
689 1420 38 3
690 894 17 12
690 1154 54 5
690 1463 25 9
691 850 59 15
691 1056 16 5
691 1358 53 3
692 792 26 5
693 822 4 9
693 853 3 15
693 1151 54 6
693 1470 21 10
694 922 19 1
694 1022 16 9
694 1144 58 15
694 1350 45 13
694 1420 51 5
695 1107 38 1
695 1306 23 2
696 922 15 1
696 1389 16 13
696 1469 29 9
697 787 36 11
697 1367 31 13
697 1387 53 7
698 755 11 8
698 799 30 8
698 879 25 3
698 939 43 9
698 1438 6 3
699 823 4 4
700 739 30 13
700 986 34 14
700 1169 50 10
700 1182 23 15
701 1372 24 15
702 776 32 7
704 759 4 9
704 1147 27 13
704 1317 3 2
706 1166 48 14
706 1167 12 7
706 1369 23 5
707 1423 44 6
708 922 30 12
708 1222 10 9
708 1465 29 11
709 1032 7 1
709 1052 47 9
709 1100 53 9
709 1458 9 6
711 846 47 2
711 1001 15 4
712 746 10 11
712 859 23 6
713 1308 38 14
713 1360 54 6
713 1364 42 14
714 1034 42 1
714 1470 4 15
715 726 13 4
715 747 47 12
715 1108 53 9
715 1298 34 1
715 1362 28 6
715 1388 54 4
715 1445 59 2
716 866 16 9
716 1267 10 8
716 1281 19 12
717 847 34 13
717 1113 17 10
717 1220 20 15
718 924 17 9
718 1088 37 11
718 1210 42 3
719 1042 57 15
719 1203 44 14
719 1461 11 4
720 1060 57 9
720 1318 42 2
721 743 37 4
721 910 16 11
721 1048 24 10
721 1110 49 8
721 1206 20 3
721 1219 20 7
721 1260 33 10
721 1461 35 4
722 1281 52 10
722 1315 35 4
722 1431 55 7
723 1192 25 10
725 967 57 2
725 1275 36 2
725 1337 20 10
726 962 34 1
726 1035 14 10
726 1123 41 3
726 1186 44 4
726 1271 1 9
726 1293 41 11
727 1007 38 12
727 1140 49 7
727 1167 53 11
727 1278 48 12
727 1306 56 12
728 1394 5 9
729 894 28 13
729 1053 26 11
729 1191 55 10
729 1223 54 2
730 843 12 9
730 933 1 3
730 1418 6 9
730 1424 45 11
731 868 6 11
731 1317 60 13
732 741 50 3
732 1468 38 8
734 992 49 9
734 1204 3 2
734 1229 27 5
734 1396 30 1
735 1315 28 12
735 1374 23 9
736 1015 57 4
736 1056 43 14
736 1143 31 13
736 1455 49 3
738 908 35 5
738 1295 24 8
739 996 6 3
739 1371 12 2
739 1382 21 15
739 1395 25 8
740 905 51 8
740 908 59 13
740 982 43 1
740 990 32 8
741 813 31 5
742 769 60 9
742 893 33 15
742 905 20 2
742 1151 11 12
742 1387 6 13
742 1414 25 4
743 893 17 12
743 970 26 1
743 1178 42 4
743 1314 13 9
743 1471 50 4
744 922 19 14
745 859 48 9
745 927 43 14
745 1152 56 10
746 987 30 15
746 1153 31 5
746 1468 51 9
747 939 12 6
747 1313 41 6
747 1322 38 6
747 1382 3 5
747 1463 16 11
748 1063 53 8
748 1084 3 7
749 1054 15 4
749 1401 52 7
749 1408 14 13
749 1463 55 10
750 1192 13 10
751 883 30 9
751 1158 28 13
751 1255 25 7
752 906 32 15
753 942 22 6
753 1067 53 4
753 1148 1 3
753 1189 30 9
753 1417 46 13
754 1042 10 9
755 850 43 11
756 833 26 14
757 1032 50 14
757 1085 52 11
757 1340 48 1
757 1372 42 15
757 1432 51 15
758 1021 60 12
758 1232 23 2
759 1416 14 5
760 953 12 10
760 1283 43 7
761 1003 35 10
762 802 41 15
762 1073 60 7
762 1177 20 12
762 1235 45 11
762 1281 36 15
762 1472 41 4
763 885 8 10
763 1026 40 14
763 1317 8 7
764 1049 2 10
764 1364 5 3
765 948 49 5
765 1186 53 2
765 1392 2 12
766 962 3 2
766 1034 13 7
766 1170 59 1
767 829 60 1
767 947 20 14
768 908 21 11
768 1062 27 6
768 1255 36 8
768 1322 26 14
770 1002 47 10
770 1247 47 1
771 1087 15 14
772 916 20 5
772 1040 28 9
772 1292 12 2
772 1420 44 7
773 1239 22 14
773 1405 19 11
774 1365 16 11
775 1049 20 8
775 1236 28 13
775 1396 5 4
776 992 35 5
776 1433 14 3
777 840 50 13
777 867 33 1
777 1266 51 13
777 1298 7 2
778 966 49 4
778 1095 35 7
778 1159 45 14
778 1318 55 1
778 1417 60 8
779 835 22 2
779 964 24 2
780 944 6 10
780 979 46 3
781 859 18 12
781 863 27 14
781 1283 12 3
781 1378 48 5
781 1395 45 2
782 916 28 1
782 1454 20 1
783 1142 41 6
783 1248 11 11
783 1421 48 9
783 1423 3 5
784 1005 57 1
784 1301 59 12
786 894 51 8
786 971 37 14
786 1209 58 3
786 1404 2 7
787 859 58 8
787 1272 45 5
788 1067 2 1
788 1342 16 7
789 808 52 15
789 963 7 11
789 1128 60 12
789 1411 21 3
790 1352 46 15
790 1439 19 3
791 1145 2 1
791 1252 19 1
791 1382 39 9
791 1451 31 3
792 929 56 6
792 1197 8 14
793 848 57 1
794 901 12 9
794 975 39 7
794 1167 42 15
794 1172 36 4
795 886 34 9
795 1201 38 9
795 1293 42 10
796 1129 18 6
797 809 55 1
797 1052 41 13
798 1114 35 15
799 930 1 2
799 1007 12 12
799 1022 36 2
799 1072 16 2
799 1079 5 9
799 1128 39 5
799 1193 25 3
800 924 51 4
800 997 25 5
800 1006 6 13
800 1309 17 14
801 874 2 4
801 968 49 11
801 1464 55 13
802 972 39 2
802 990 41 4
802 1362 43 6
803 1218 15 15
803 1342 8 1
804 1084 19 1
804 1443 15 13
805 1166 8 15
805 1466 26 8
806 984 16 7
807 1216 35 6
807 1424 22 8
808 901 54 6
808 988 22 1
808 1051 5 6
808 1059 4 6
808 1102 47 6
810 835 19 10
810 1110 9 6
811 1266 23 15
811 1389 36 5
812 887 45 4
812 1188 23 5
812 1349 49 12
813 1356 44 9
814 980 8 5
814 1086 11 2
815 981 23 6
815 1281 32 11
815 1402 14 8
816 1073 11 12
816 1388 9 15
817 822 28 15
817 823 51 6
818 910 12 13
818 1001 40 8
818 1230 50 9
818 1398 38 4
819 1428 29 8
821 1102 7 11
821 1251 33 3
822 1457 15 10
823 839 27 5
823 994 23 3
823 1138 14 7
824 1126 30 8
824 1243 41 11
825 1056 34 5
825 1243 16 3
825 1246 24 3
825 1355 32 10
827 958 4 13
827 1071 6 1
827 1152 53 5
827 1417 52 15
828 1108 34 14
828 1200 52 1
828 1378 28 9
828 1430 40 5
829 1100 53 6
829 1118 2 12
829 1144 14 15
829 1248 21 12
829 1291 20 9
830 1085 14 7
830 1229 22 2
830 1444 30 10
831 1290 29 11
831 1323 59 1
832 954 27 7
832 992 20 12
832 1116 46 5
832 1195 20 3
832 1413 52 5
833 1158 11 9
833 1184 56 13
833 1338 21 2
833 1433 29 7
834 1205 50 10
834 1327 14 7
835 894 38 3
835 987 7 7
835 1051 51 3
835 1280 25 7
837 1240 38 7
838 955 50 5
838 1133 20 3
838 1387 31 11
838 1451 6 11
839 1071 28 14
839 1075 1 8
840 1206 41 13
840 1342 33 2
841 844 20 14
841 847 47 5
841 903 26 3
842 858 32 2
842 1237 58 1
843 1214 20 2
844 1125 47 8
845 1275 4 14
845 1436 17 9
846 1057 52 13
847 1028 1 9
847 1192 39 9
847 1242 19 10
847 1339 18 13
848 1026 57 4
848 1091 14 10
848 1428 9 2
849 880 36 15
849 911 17 13
849 913 13 15
850 1072 49 14
850 1446 18 3
851 1022 9 12
851 1034 37 1
851 1148 22 13
851 1249 52 2
852 1136 16 14
852 1239 24 7
853 861 51 11
853 870 16 11
853 1130 58 15
853 1276 6 5
854 1212 9 3
854 1238 18 1
855 985 58 4
855 1002 5 5
855 1093 3 11
855 1109 37 12
855 1159 44 4
855 1185 1 3
855 1260 25 2
855 1305 50 3
857 938 7 11
857 1213 32 7
857 1279 31 12
859 1134 54 14
859 1369 14 6
859 1376 17 8
860 1082 30 15
860 1102 33 14
861 1223 16 6
861 1242 54 11
862 892 26 15
862 943 56 15
862 1079 7 8
862 1114 31 8
862 1420 48 1
863 1271 15 11
863 1393 41 4
864 1065 13 10
865 1013 14 4
866 1035 50 8
868 1433 20 11
870 999 27 1
870 1031 7 6
870 1177 58 14
871 1082 43 2
871 1312 57 8
871 1342 40 8
872 961 13 15
872 1316 55 9
873 918 17 5
873 1095 20 2
874 1467 36 1
875 955 42 3
876 1169 14 2
876 1331 6 8
876 1334 24 15
877 1151 27 12
877 1265 12 2
877 1365 51 4
878 982 45 14
878 1033 52 10
878 1193 2 8
879 927 24 3
879 971 24 1
879 1313 3 2
880 1195 21 2
880 1304 9 1
881 934 53 3
881 1237 45 1
881 1341 16 15
883 1194 2 8
883 1420 43 5
884 982 50 8
884 1047 34 1
884 1095 42 9
885 897 8 7
886 1238 13 14
887 959 30 10
887 984 10 9
887 1042 59 4
887 1064 16 1
887 1114 26 12
887 1315 48 12
888 1027 43 10
888 1343 25 4
889 921 36 1
889 938 18 5
890 970 60 11
890 1414 38 11
891 944 26 11
891 1071 24 1
892 1016 29 1
892 1046 5 14
892 1182 4 1
892 1214 12 12
893 909 37 5
894 1026 3 2
894 1176 30 11
895 1130 19 15
896 920 3 4
896 1197 51 14
896 1308 23 5
896 1424 3 11
897 956 15 3
897 981 6 12
897 1321 38 11
898 902 40 14
899 1068 2 11
899 1427 53 1
899 1432 39 11
903 907 39 7
903 1098 10 1
903 1196 45 9
903 1449 19 1
904 1083 52 11
905 1274 41 9
906 1240 2 9
907 1068 47 11
907 1100 2 3
908 1154 33 2
908 1174 26 10
908 1220 13 3
908 1316 40 6
908 1382 32 12
909 1240 36 15
910 1112 9 6
910 1342 2 15
910 1395 48 13
910 1431 53 3
911 1220 28 5
911 1275 13 1
911 1469 24 2
912 962 28 13
912 1206 29 4
913 1126 60 6
913 1374 19 3
914 998 15 11
916 944 35 7
916 1060 29 4
916 1332 15 12
916 1364 5 3
917 957 13 9
917 1046 46 15
917 1205 47 1
917 1414 56 9
918 1176 28 11
918 1213 51 4
919 1083 48 12
919 1205 52 6
919 1457 58 4
920 1270 59 2
921 1208 6 8
922 1175 3 3
923 1292 11 9
924 1127 34 3
924 1163 19 9
924 1355 7 15
925 1079 41 11
925 1265 22 2
925 1337 42 10
927 1274 4 13
928 1467 37 15
929 1187 44 2
929 1391 13 1
929 1413 19 8
931 944 47 7
931 1074 25 7
931 1213 22 2
931 1243 58 7
932 1200 17 1
933 939 6 8
933 1119 13 15
933 1264 20 8
933 1316 33 14
933 1354 58 6
934 1083 21 3
934 1212 21 13
935 1230 49 14
935 1281 39 7
936 958 38 4
936 1110 30 3
936 1117 45 5
936 1173 22 12
937 951 24 6
937 1128 16 6
937 1327 59 10
939 960 42 10
939 988 45 3
939 1010 13 7
939 1066 56 3
939 1296 17 2
939 1463 20 15
941 1034 32 13
941 1128 53 10
941 1208 45 5
941 1342 23 13
941 1379 20 3
942 1339 44 8
942 1385 18 3
942 1400 52 4
943 1428 60 6
944 980 28 15
944 1472 20 2
945 1030 6 7
946 1054 47 11
948 1036 38 10
948 1255 26 14
948 1280 7 15
949 1158 16 10
951 1035 8 4
951 1052 42 3
951 1346 18 4
951 1431 31 2
953 1012 19 15
954 1071 1 13
954 1198 40 13
954 1412 19 2
955 1197 6 2
956 1271 57 1
956 1344 21 7
957 1093 34 12
957 1432 3 6
959 1170 51 14
960 1302 32 12
960 1459 48 11
962 1086 10 13
962 1122 17 1
962 1245 43 6
963 1337 32 3
963 1353 59 9
964 1066 56 13
964 1209 58 6
965 1182 1 9
965 1186 57 3
967 1060 22 2
967 1074 54 10
967 1121 25 7
967 1184 56 15
967 1198 54 12
968 1291 53 8
969 1449 44 6
970 1146 42 9
970 1441 16 9
971 1189 45 11
972 1049 52 4
972 1282 30 13
972 1415 51 2
973 987 42 15
973 1200 22 1
973 1411 46 6
974 1033 7 14
974 1151 51 6
974 1199 40 8
974 1211 20 4
975 1008 56 4
975 1361 60 5
976 1028 44 7
976 1123 48 9
976 1253 23 13
976 1316 39 12
977 1056 41 6
977 1388 50 6
978 1377 29 14
978 1406 22 15
979 1070 31 3
980 1076 9 5
981 1276 46 3
983 1170 33 11
984 1000 5 3
984 1031 59 4
984 1037 23 9
984 1326 15 14
985 1426 6 3
986 990 24 10
986 1042 27 10
986 1212 29 12
986 1448 54 1
987 1223 40 15
987 1381 50 12
987 1414 19 15
987 1430 38 9
990 1348 32 9
990 1466 31 11
991 1262 17 5
992 1043 21 15
992 1103 9 11
992 1295 55 2
993 1418 44 11
993 1450 56 12
994 1356 42 11
995 1010 32 8
995 1011 41 11
995 1187 10 9
995 1265 21 7
995 1315 33 3
996 1254 41 1
996 1290 59 8
997 1391 5 9
997 1453 42 4
998 1091 7 11
998 1364 39 13
999 1237 4 12
1000 1013 47 12
1000 1186 53 14
1001 1038 48 2
1001 1218 36 14
1002 1105 34 2
1002 1166 40 13
1002 1449 41 12
1003 1116 26 10
1004 1403 59 6
1004 1410 25 13
1005 1050 3 14
1005 1237 20 3
1005 1355 55 14
1005 1412 50 11
1007 1092 33 8
1008 1018 48 4
1008 1116 52 9
1008 1237 49 10
1008 1337 3 14
1009 1071 3 15
1010 1034 38 3
1012 1162 31 12
1012 1418 49 8
1012 1431 39 2
1012 1438 3 13
1013 1380 49 15
1013 1382 59 14
1014 1250 55 11
1014 1291 31 11
1014 1324 44 6
1014 1426 10 5
1015 1018 20 6
1015 1152 24 15
1015 1165 18 12
1015 1206 23 15
1016 1174 39 3
1016 1314 59 6
1017 1390 24 6
1018 1064 52 8
1018 1362 56 2
1019 1360 24 2
1020 1192 21 3
1020 1244 38 5
1020 1452 47 11
1021 1331 4 9
1022 1250 31 15
1022 1251 14 5
1022 1413 52 15
1024 1287 59 13
1024 1308 12 6
1025 1314 59 10
1028 1143 4 11
1028 1200 36 7
1029 1194 26 1
1029 1291 23 1
1031 1276 16 11
1031 1362 39 12
1032 1430 50 13
1032 1446 13 6
1033 1223 14 6
1033 1468 55 7
1034 1361 29 5
1034 1403 10 8
1034 1462 26 13
1036 1140 29 11
1036 1168 46 11
1037 1388 11 4
1038 1175 29 2
1038 1178 53 10
1039 1045 57 11
1039 1385 57 15
1040 1053 50 9
1040 1255 41 8
1041 1202 54 7
1041 1324 2 2
1042 1316 19 13
1043 1050 3 15
1043 1056 6 9
1043 1353 16 6
1044 1367 40 7
1045 1361 25 13
1046 1208 31 3
1046 1304 43 10
1047 1291 22 3
1047 1470 37 9
1048 1344 40 9
1048 1398 49 15
1048 1421 43 15
1049 1196 15 1
1049 1425 59 5
1050 1076 21 13
1050 1134 54 6
1050 1354 6 2
1050 1425 12 12
1054 1436 23 2
1055 1081 2 9
1055 1142 42 9
1055 1150 28 3
1055 1315 8 9
1055 1401 55 6
1057 1152 51 6
1058 1228 41 7
1059 1305 51 11
1059 1388 53 5
1060 1076 40 3
1060 1124 29 2
1060 1312 14 11
1061 1314 16 12
1061 1355 3 6
1061 1411 36 14
1061 1414 18 12
1062 1288 18 2
1062 1310 18 1
1064 1110 35 5
1064 1405 52 3
1065 1121 42 3
1065 1412 48 11
1066 1271 8 4
1066 1334 54 15
1066 1421 30 9
1066 1434 38 1
1067 1386 14 11
1068 1459 41 7
1070 1146 45 2
1070 1269 11 9
1070 1411 54 13
1071 1270 54 10
1072 1145 25 14
1072 1149 15 9
1073 1350 17 12
1074 1260 54 10
1075 1168 49 11
1075 1242 16 6
1075 1444 14 11
1076 1096 19 8
1076 1268 15 7
1077 1257 17 3
1078 1151 18 10
1078 1190 60 8
1079 1093 59 11
1079 1146 4 8
1079 1205 51 15
1079 1439 6 12
1080 1456 51 10
1081 1303 44 6
1082 1168 36 3
1082 1341 49 3
1084 1119 25 8
1084 1228 17 4
1084 1337 1 6
1084 1349 42 10
1084 1371 5 8
1085 1154 26 13
1085 1230 51 13
1085 1330 26 7
1086 1172 55 10
1086 1199 41 15
1086 1427 29 15
1086 1435 43 13
1087 1114 26 3
1087 1352 38 4
1088 1137 59 11
1088 1198 19 11
1088 1225 29 13
1089 1188 8 4
1090 1409 19 9
1091 1143 47 10
1091 1324 43 12
1091 1390 25 4
1092 1443 55 7
1093 1263 44 9
1093 1362 28 4
1094 1145 23 1
1094 1190 59 5
1094 1360 51 11
1094 1395 44 6
1095 1205 46 12
1095 1253 16 7
1095 1270 52 7
1096 1214 37 7
1097 1182 49 7
1097 1215 21 8
1098 1170 26 6
1098 1352 41 8
1100 1389 26 6
1101 1138 54 4
1101 1152 13 13
1101 1259 8 12
1101 1382 60 3
1101 1414 31 5
1102 1277 15 10
1103 1309 55 12
1105 1112 36 6
1106 1165 45 13
1107 1239 18 6
1107 1296 1 8
1107 1310 35 14
1108 1170 33 6
1108 1240 16 14
1109 1123 1 7
1109 1159 47 13
1109 1203 49 2
1110 1240 11 4
1110 1353 30 15
1111 1202 31 10
1112 1301 28 14
1113 1155 29 1
1113 1217 3 8
1113 1274 31 15
1114 1217 27 11
1115 1366 33 5
1117 1154 55 7
1118 1472 7 11
1119 1410 54 10
1119 1464 52 9
1120 1344 48 5
1121 1235 17 6
1121 1392 25 1
1122 1187 56 2
1122 1472 16 8
1123 1255 58 7
1124 1443 47 9
1126 1247 52 1
1126 1276 16 13
1126 1395 21 6
1127 1146 44 5
1127 1325 16 8
1128 1319 1 4
1129 1133 21 12
1129 1202 20 8
1130 1166 28 3
1134 1162 9 13
1134 1313 2 5
1135 1337 9 4
1135 1376 12 9
1136 1313 37 6
1137 1430 12 13
1139 1380 58 1
1139 1455 40 9
1141 1307 29 4
1141 1445 21 6
1142 1156 59 15
1143 1415 27 14
1144 1469 47 4
1145 1286 51 1
1146 1209 44 14
1148 1177 41 7
1149 1185 34 9
1149 1337 18 13
1150 1171 46 14
1150 1179 2 4
1150 1379 56 15
1152 1327 27 9
1152 1330 30 2
1153 1169 18 5
1153 1179 49 15
1154 1198 27 7
1154 1245 23 2
1154 1381 13 7
1154 1387 59 13
1156 1181 27 11
1156 1224 24 12
1156 1369 6 1
1157 1235 59 13
1157 1335 39 14
1158 1175 8 5
1159 1192 12 5
1159 1218 54 6
1159 1251 58 7
1159 1282 41 1
1159 1330 22 12
1159 1393 42 8
1160 1344 56 9
1162 1299 50 5
1164 1378 6 9
1165 1261 34 3
1165 1438 31 14
1166 1366 7 11
1166 1404 49 10
1166 1447 5 7
1167 1304 29 5
1168 1283 11 8
1168 1291 21 3
1168 1463 27 4
1171 1233 41 3
1171 1247 49 15
1171 1398 16 1
1173 1448 45 15
1174 1245 25 7
1174 1264 51 13
1175 1216 28 5
1175 1300 42 10
1177 1245 18 7
1177 1392 39 5
1178 1403 53 12
1179 1271 17 12
1181 1296 16 9
1181 1403 16 1
1182 1192 56 3
1182 1413 1 5
1182 1419 60 8
1183 1218 44 2
1184 1402 24 1
1185 1275 42 13
1185 1419 60 8
1185 1436 59 4
1186 1446 33 10
1187 1314 15 1
1187 1365 40 11
1187 1426 27 1
1189 1255 18 2
1191 1240 41 6
1192 1278 38 8
1192 1411 21 5
1193 1285 22 12
1193 1295 32 10
1196 1198 27 7
1196 1404 52 2
1196 1437 8 2
1197 1363 15 15
1199 1382 38 2
1200 1267 12 5
1201 1302 4 4
1201 1415 17 9
1202 1367 46 12
1207 1208 28 15
1209 1272 30 6
1211 1291 2 10
1212 1220 37 11
1214 1229 47 1
1217 1297 25 13
1217 1454 22 13
1218 1268 15 4
1218 1281 40 15
1218 1378 18 8
1218 1433 1 8
1218 1465 50 7
1219 1345 48 3
1220 1231 32 15
1220 1404 20 5
1222 1275 53 3
1222 1293 42 6
1222 1329 59 3
1222 1411 29 4
1222 1415 47 4
1225 1395 18 2
1226 1234 56 13
1227 1284 27 10
1227 1346 6 15
1227 1396 41 11
1227 1412 25 5
1228 1426 40 2
1229 1333 49 10
1230 1337 2 12
1230 1380 41 7
1230 1444 46 15
1232 1249 55 15
1232 1333 47 8
1233 1269 35 6
1233 1437 43 12
1234 1268 40 10
1235 1268 18 13
1235 1285 46 7
1236 1284 14 4
1236 1358 40 12
1237 1252 46 10
1237 1317 41 8
1239 1313 60 7
1241 1325 36 11
1241 1368 44 7
1242 1347 1 4
1243 1337 52 8
1243 1411 28 11
1244 1353 24 14
1246 1397 36 6
1246 1441 24 15
1247 1373 42 9
1247 1424 25 15
1248 1314 27 4
1248 1323 41 15
1248 1415 22 1
1248 1430 20 3
1249 1341 18 15
1250 1354 27 11
1250 1380 36 3
1252 1452 60 1
1257 1286 41 1
1257 1332 27 9
1257 1372 40 4
1258 1455 35 8
1260 1395 60 11
1262 1429 12 11
1263 1307 22 8
1264 1468 47 14
1265 1315 60 13
1266 1275 27 14
1266 1368 48 11
1271 1420 1 8
1272 1276 35 4
1272 1449 21 9
1274 1335 20 9
1274 1453 45 9
1276 1414 43 10
1277 1370 21 11
1277 1390 40 14
1282 1392 34 12
1283 1365 44 9
1285 1309 25 13
1285 1472 4 9
1286 1291 15 1
1287 1309 19 4
1288 1300 23 3
1294 1424 20 7
1294 1436 53 3
1296 1297 48 4
1299 1434 3 15
1300 1304 39 2
1300 1449 16 5
1300 1462 47 14
1300 1468 36 12
1302 1423 21 12
1302 1451 52 15
1305 1356 54 6
1305 1375 10 5
1305 1389 41 11
1306 1411 35 10
1308 1450 7 10
1309 1384 35 11
1310 1339 29 6
1311 1467 1 1
1316 1364 40 13
1317 1348 53 1
1317 1459 28 10
1318 1323 2 1
1319 1361 14 6
1319 1382 15 15
1319 1427 26 7
1323 1340 46 1
1323 1352 8 9
1327 1329 21 7
1329 1367 50 1
1330 1389 57 10
1334 1413 25 9
1340 1446 56 6
1340 1472 5 13
1342 1410 60 3
1345 1402 29 7
1345 1416 8 7
1349 1410 46 10
1352 1449 22 11
1357 1422 46 4
1361 1419 27 8
1362 1414 42 11
1362 1429 38 6
1362 1448 34 4
1364 1389 2 7
1367 1442 17 13
1370 1415 31 11
1372 1426 38 1
1372 1472 58 10
1374 1434 18 7
1378 1410 16 9
1379 1403 38 15
1385 1420 41 4
1389 1405 29 8
1392 1419 52 1
1394 1450 35 2
1401 1460 16 12
1402 1408 57 1
1405 1470 27 7
1407 1421 27 12
1407 1458 13 13
1415 1462 44 13
1418 1440 15 4
1420 1428 5 13
1423 1436 10 13
1435 1470 27 9
1441 1469 44 4

0 4 8
1 8 43
2 21 21
3 24 34
4 28 20
5 34 8
6 53 35
7 70 47
8 79 26
9 80 48
10 81 29
11 91 10
12 99 46
13 100 3
14 150 23
15 153 18
16 162 44
17 177 44
18 182 33
19 194 22
20 195 18
21 217 6
22 223 22
23 230 39
24 240 6
25 242 18
26 246 10
27 255 33
28 276 36
29 286 44
30 294 33
31 304 21
32 313 28
33 318 6
34 321 11
35 338 23
36 360 27
37 395 13
38 400 28
39 414 25
40 445 12
41 449 30
42 462 42
43 465 5
44 472 33
45 476 8
46 478 13
47 479 39
48 491 43
49 497 17
50 534 40
51 536 17
52 538 22
53 542 38
54 548 28
55 550 26
56 558 10
57 567 20
58 580 43
59 606 9
60 607 50
61 612 12
62 624 24
63 643 35
64 649 7
65 650 45
66 652 12
67 657 50
68 659 27
69 667 32
70 677 14
71 679 10
72 704 15
73 712 25
74 723 19
75 730 23
76 748 42
77 757 31
78 758 48
79 769 28
80 774 38
81 779 41
82 791 32
83 798 24
84 821 25
85 824 16
86 838 15
87 839 30
88 842 50
89 848 10
90 854 16
91 875 41
92 889 22
93 891 25
94 897 38
95 900 27
96 927 30
97 942 44
98 948 39
99 965 34
100 969 17
101 971 4
102 976 37
103 1011 37
104 1020 2
105 1025 30
106 1033 26
107 1043 27
108 1045 10
109 1051 40
110 1056 7
111 1079 43
112 1087 36
113 1091 9
114 1094 25
115 1103 39
116 1112 16
117 1142 7
118 1146 40
119 1153 1
120 1189 10
121 1201 32
122 1216 49
123 1233 49
124 1237 32
125 1239 37
126 1266 31
127 1281 26
128 1285 33
129 1287 50
130 1299 31
131 1341 4
132 1349 19
133 1360 32
134 1376 39
135 1383 32
136 1386 45
137 1388 26
138 1412 39
139 1417 32
140 1423 40
141 1432 4
142 1450 23
143 1462 23
144 1465 24
145 1467 34
146 1471 5
