632 2514 63 9

0 30 739
1 60 1519
2 90 2341
3 120 3207
4 150 4119
5 180 5077
6 210 6085
7 240 7145
8 270 8257

0 2310
1 2540
2 2627
3 2836
4 2114
5 2906
6 3131
7 2560
8 3003
9 3642
10 3062
11 2873
12 2685
13 3197
14 2314
15 1887
16 1512
17 2853
18 3041
19 2627
20 1762
21 2280
22 2142
23 3112
24 2883
25 2588
26 2249
27 2157
28 2306
29 2278
30 2228
31 2652
32 2951
33 2239
34 2431
35 2718
36 2706
37 2335
38 3057
39 1902
40 2716
41 2652
42 3526
43 3081
44 2800
45 3021
46 3299
47 2601
48 2990
49 3327
50 2788
51 3587
52 2935
53 2085
54 1750
55 3189
56 3438
57 2544
58 3436
59 2895
60 3599
61 2355
62 2520
63 2373
64 3071
65 3718
66 2881
67 2577
68 3025
69 3462
70 2796
71 2871
72 2364
73 3533
74 2841
75 3332
76 3312
77 2763
78 3874
79 2886
80 2249
81 2603
82 1930
83 3229
84 1926
85 3167
86 2745
87 3080
88 3581
89 2942
90 2655
91 2647
92 3204
93 2587
94 2256
95 2538
96 2058
97 2814
98 2154
99 2315
100 2393
101 2773
102 2931
103 3202
104 2429
105 2482
106 3314
107 2951
108 2528
109 2348
110 2722
111 2835
112 2935
113 2610
114 3143
115 2659
116 2389
117 1913
118 3084
119 2623
120 2349
121 2306
122 3258
123 2295
124 3342
125 3169
126 2578
127 2553
128 2514
129 3017
130 3455
131 2619
132 2178
133 2419
134 3447
135 2634
136 2579
137 3265
138 3219
139 2376
140 2442
141 2285
142 2077
143 2615
144 2820
145 2235
146 2897
147 1843
148 2649
149 2836
150 2653
151 3249
152 2604
153 1889
154 2713
155 2784
156 2510
157 2801
158 2496
159 3102
160 2179
161 2750
162 3010
163 2763
164 2902
165 3277
166 2262
167 2532
168 2744
169 2854
170 2317
171 2882
172 2876
173 2926
174 2812
175 2479
176 2669
177 2820
178 2571
179 3908
180 3204
181 3451
182 3448
183 3266
184 2783
185 2646
186 1934
187 2457
188 2076
189 3367
190 3033
191 2561
192 2736
193 2534
194 2831
195 3810
196 2539
197 3433
198 3181
199 2264
200 2330
201 2789
202 1983
203 2348
204 3625
205 2516
206 2459
207 2932
208 2710
209 2995
210 3229
211 2125
212 1882
213 1764
214 2648
215 2316
216 2346
217 2573
218 2395
219 2660
220 2938
221 2778
222 1732
223 2681
224 2266
225 2192
226 2572
227 2730
228 3363
229 3484
230 2748
231 3213
232 2907
233 2897
234 3436
235 3179
236 2184
237 2024
238 2988
239 2369
240 3138
241 3029
242 3180
243 3167
244 1928
245 3041
246 2277
247 3003
248 2842
249 2566
250 2470
251 1663
252 2700
253 3158
254 2872
255 3265
256 2698
257 2724
258 3206
259 2818
260 2756
261 2826
262 2980
263 2102
264 2188
265 4164
266 2513
267 2598
268 2635
269 2337
270 2227
271 3241
272 2518
273 2299
274 2630
275 2969
276 2200
277 2809
278 2222
279 3129
280 2940
281 2916
282 2949
283 2622
284 2569
285 2492
286 2788
287 2070
288 2759
289 2661
290 2957
291 2501
292 2695
293 2865
294 2293
295 2810
296 2891
297 3589
298 2425
299 2825
300 3026
301 3288
302 2897
303 2008
304 3593
305 2868
306 2423
307 2451
308 2514
309 3204
310 3145
311 2059
312 2194
313 2836
314 1604
315 2787
316 3412
317 2660
318 2063
319 3413
320 2388
321 2766
322 2951
323 2982
324 3495
325 2594
326 1691
327 2920
328 2244
329 3334
330 2886
331 3259
332 2484
333 3091
334 2050
335 2333
336 1990
337 3802
338 3181
339 1974
340 3164
341 3534
342 3398
343 2981
344 3169
345 2560
346 3427
347 2855
348 2613
349 2182
350 2879
351 2982
352 2116
353 2121
354 2679
355 2698
356 2901
357 2440
358 2580
359 2680
360 2464
361 2779
362 2614
363 2243
364 3405
365 2548
366 3673
367 2310
368 2912
369 2367
370 2355
371 2654
372 2426
373 3715
374 2727
375 2610
376 2585
377 2973
378 2989
379 2424
380 2739
381 3203
382 3398
383 2929
384 2589
385 2936
386 3316
387 2923
388 3187
389 2938
390 2182
391 2759
392 3060
393 2366
394 2387
395 2896
396 2216
397 3290
398 2937
399 2670
400 2149
401 2992
402 3186
403 2825
404 3597
405 3510
406 3368
407 3150
408 2692
409 2550
410 3032
411 2574
412 2710
413 1981
414 3061
415 3361
416 2195
417 3622
418 2354
419 2068
420 3187
421 2140
422 2066
423 2637
424 1838
425 2728
426 2911
427 2899
428 3672
429 2820
430 3180
431 3171
432 2629
433 2313
434 3293
435 2774
436 2443
437 2912
438 1852
439 3091
440 2598
441 2567
442 2693
443 3332
444 2413
445 2819
446 2722
447 1895
448 2312
449 2272
450 3133
451 2477
452 3209
453 2388
454 2299
455 2150
456 2270
457 2859
458 2605
459 3010
460 2624
461 2183
462 2825
463 2646
464 2924
465 2927
466 3218
467 3209
468 2341
469 2624
470 3415
471 3002
472 2585
473 2601
474 2206
475 3038
476 3207
477 2834
478 2202
479 2783
480 2649
481 2584
482 3044
483 3175
484 3754
485 2707
486 3667
487 3258
488 3644
489 2747
490 1958
491 3186
492 2373
493 2377
494 2303
495 2882
496 1856
497 2001
498 3256
499 2835
500 2622
501 2455
502 2404
503 3015
504 3476
505 2809
506 2682
507 3029
508 3049
509 2617
510 3102
511 2509
512 2576
513 2423
514 2793
515 2397
516 2727
517 2901
518 2661
519 1731
520 2134
521 3131
522 3480
523 3067
524 2472
525 3094
526 2907
527 3190
528 4714
529 3054
530 2782
531 1953
532 2774
533 3155
534 3554
535 2286
536 2842
537 2952
538 3240
539 3485
540 3309
541 2459
542 3302
543 3245
544 3800
545 1794
546 1853
547 1934
548 1925
549 2336
550 2448
551 2834
552 2477
553 2908
554 2482
555 2052
556 3164
557 2857
558 2626
559 2585
560 2823
561 2275
562 3526
563 2505
564 2475
565 3050
566 2584
567 3386
568 2967
569 2331
570 2600
571 2991
572 2706
573 2797
574 2810
575 2300
576 3055
577 2417
578 2956
579 3106
580 4316
581 2635
582 2205
583 3413
584 3456
585 1821
586 3007
587 2156
588 2170
589 2487
590 2411
591 2252
592 2347
593 2910
594 2941
595 3237
596 2566
597 3479
598 3178
599 2358
600 2732
601 2059
602 3170
603 3229
604 2533
605 2470
606 3116
607 2339
608 2691
609 2373
610 3127
611 3104
612 3210
613 2872
614 2661
615 2384
616 2927
617 2073
618 2514
619 3475
620 3070
621 2673
622 2911
623 2218
624 2426
625 3590
626 3111
627 2310
628 2576
629 2861
630 3038
631 2627

0 4 52 6
0 59 52 6
0 60 7 6
0 93 55 11
0 135 6 4
0 222 19 13
0 263 26 1
0 350 39 2
0 597 27 11
1 12 11 10
1 25 33 7
1 161 16 5
1 197 60 1
1 263 10 4
1 420 57 15
1 432 49 6
1 436 20 12
1 437 48 12
1 584 4 12
1 593 3 6
2 227 23 4
2 263 33 10
2 267 3 3
2 274 47 10
2 282 20 2
2 365 23 1
2 410 37 8
2 447 45 1
2 485 45 13
2 550 10 13
3 230 50 15
3 271 13 2
3 322 2 3
3 399 35 7
3 593 22 7
3 626 4 8
3 631 53 15
4 303 53 9
4 408 60 14
4 449 31 12
4 503 56 9
4 509 22 4
4 551 49 14
4 600 35 4
5 20 51 7
5 93 35 9
5 116 20 7
5 169 54 14
5 171 31 10
5 181 45 6
5 237 25 9
5 271 49 11
5 334 20 14
5 409 30 15
5 429 40 4
5 436 22 7
5 477 35 6
5 576 5 6
6 110 55 6
6 255 38 15
6 290 9 10
6 504 1 15
7 157 5 1
7 224 51 3
7 259 2 7
7 399 26 3
7 581 45 15
7 602 53 2
8 28 11 10
8 65 7 5
8 117 47 1
8 278 36 14
8 455 3 5
8 586 31 2
9 142 35 12
9 191 28 8
9 274 30 13
9 292 13 1
9 314 12 1
9 481 9 10
9 530 8 6
10 88 1 7
10 122 22 11
10 483 23 1
10 495 23 10
10 516 31 15
10 615 5 1
11 211 12 10
11 259 3 5
11 282 9 13
11 298 37 1
11 310 1 14
11 487 12 9
11 502 46 6
11 616 53 13
11 621 40 11
12 20 46 7
12 101 30 11
12 187 24 10
12 419 45 12
12 430 43 4
12 512 52 12
12 610 20 15
13 25 26 2
13 103 60 3
13 221 3 12
13 224 8 12
13 252 47 3
13 266 21 6
13 288 48 15
13 555 57 9
14 33 27 8
14 70 52 10
14 143 6 5
14 309 58 3
14 415 7 15
14 440 57 3
14 494 37 15
15 250 32 2
15 272 28 15
15 351 8 5
15 388 3 4
15 394 6 3
15 450 59 12
15 453 49 1
15 552 58 13
16 82 26 15
16 135 31 5
16 226 9 5
16 335 40 14
16 363 20 13
16 416 2 2
16 419 54 2
16 460 14 5
16 574 2 3
16 584 13 13
16 593 44 8
17 127 29 6
17 186 9 12
17 195 20 7
17 199 29 12
17 335 5 10
17 352 6 15
17 474 55 15
17 544 19 9
17 627 15 1
18 66 24 15
18 68 4 15
18 154 17 14
18 244 13 9
18 256 25 9
18 366 43 7
18 375 3 6
18 564 4 14
18 572 23 15
18 607 25 3
18 620 10 6
19 75 41 3
19 124 60 14
19 186 51 10
19 266 58 6
19 279 41 5
19 380 6 9
19 401 17 3
19 408 29 10
19 417 46 6
20 282 10 8
21 39 48 8
21 116 7 2
21 131 51 11
21 176 31 12
21 237 26 1
21 299 30 9
21 408 54 6
21 433 36 7
21 436 21 11
22 27 47 3
22 365 4 14
22 387 45 7
22 448 20 8
22 497 4 12
23 89 41 13
23 133 20 11
23 138 43 7
23 237 50 8
23 271 49 9
23 295 23 3
23 301 35 13
23 331 48 6
23 332 35 14
23 365 42 14
23 417 44 6
23 443 15 6
23 587 44 3
24 85 32 6
24 91 58 7
24 155 53 2
24 164 46 13
24 168 53 3
24 331 12 8
24 388 24 2
24 416 49 1
24 466 3 10
24 569 13 12
24 578 55 12
24 594 42 12
25 180 2 12
25 195 7 2
25 210 16 1
25 369 3 6
25 609 35 10
26 105 39 8
26 116 5 5
26 120 10 14
26 124 1 6
26 300 44 9
26 319 54 8
26 419 10 4
26 518 48 8
26 607 40 13
26 628 57 5
27 125 11 8
27 378 7 1
27 381 14 6
27 475 47 6
27 514 2 2
27 600 49 3
28 72 39 6
28 106 17 2
28 132 33 15
28 186 48 8
28 203 48 8
28 207 4 15
28 253 44 12
28 300 9 12
28 388 33 7
28 457 54 2
28 564 13 9
28 631 16 15
29 98 14 1
29 186 9 7
29 255 26 10
29 282 39 14
29 496 24 3
29 515 4 5
30 136 54 7
30 156 49 9
30 170 58 3
30 284 29 13
30 332 5 1
30 454 23 3
30 505 1 7
30 566 49 6
30 588 21 12
30 595 53 8
31 41 43 5
31 60 42 15
31 215 33 11
31 487 43 5
31 537 55 3
31 566 10 9
32 60 50 15
32 159 48 15
32 247 55 6
32 308 54 14
32 311 43 10
32 381 51 5
32 460 24 13
32 470 1 12
32 497 26 9
32 601 24 1
32 616 2 1
33 288 25 8
33 391 17 2
33 537 26 6
34 38 5 5
34 152 51 14
34 169 43 4
34 299 11 2
34 432 18 5
34 581 48 13
34 628 16 8
35 157 15 11
35 194 26 15
35 347 31 5
35 421 29 1
35 489 59 14
35 491 23 11
35 497 7 12
35 578 40 9
36 97 1 14
36 174 39 10
36 327 42 2
36 334 24 11
36 402 25 8
36 534 8 2
36 625 34 12
37 75 12 3
37 141 13 14
37 290 41 15
37 304 34 15
37 360 51 11
37 487 59 12
37 493 5 2
37 521 39 7
37 585 41 12
38 107 1 9
38 199 24 1
38 241 54 5
38 261 50 6
38 348 32 15
38 365 53 5
38 403 56 8
38 533 41 15
38 541 7 3
38 562 6 14
38 569 49 11
39 48 25 3
39 103 43 3
39 211 19 5
39 280 36 1
39 352 38 14
39 404 35 14
39 442 54 5
40 140 24 5
40 186 23 9
40 189 6 2
40 322 54 11
40 382 29 3
40 503 41 13
40 546 34 2
40 552 31 13
40 597 32 6
41 47 58 3
41 205 30 3
41 250 32 10
41 329 12 6
41 338 16 15
41 456 10 14
41 469 14 13
41 471 16 10
41 567 12 1
42 120 42 9
42 129 57 1
42 136 19 14
42 253 6 9
42 332 10 11
42 358 47 7
42 430 9 12
42 502 34 15
42 560 59 3
42 595 33 10
43 94 32 2
43 155 23 5
43 214 15 8
43 222 58 10
43 405 27 1
43 445 11 15
44 57 12 15
44 115 28 14
44 165 2 11
44 285 52 11
44 398 45 10
44 443 55 3
44 467 3 13
44 565 52 3
45 139 14 7
45 262 22 8
45 355 54 1
45 429 2 8
45 559 40 6
45 622 3 10
46 160 47 5
46 236 56 8
46 238 10 8
46 275 6 6
46 421 11 9
46 573 53 7
47 79 54 10
47 92 33 9
47 144 53 3
47 199 57 10
47 278 48 2
47 363 51 10
47 431 36 7
47 482 8 10
47 525 46 4
48 49 24 11
48 98 28 3
48 109 2 14
48 178 50 7
48 321 6 14
48 383 38 1
48 439 6 5
48 550 47 5
48 592 53 14
49 229 7 10
49 281 4 11
49 295 1 2
49 438 5 3
49 445 31 9
50 144 33 14
50 329 26 15
50 359 42 14
50 380 21 6
50 385 40 13
50 484 45 7
50 535 43 2
50 589 47 10
51 70 27 2
51 85 54 7
51 140 17 2
51 148 60 8
51 155 55 10
51 201 37 11
51 231 9 12
51 234 27 11
51 262 28 11
51 271 60 12
51 322 18 7
51 416 33 15
51 593 54 4
51 604 8 14
52 55 53 11
52 108 57 5
52 182 1 15
52 224 13 7
52 260 50 1
52 321 19 11
52 360 44 5
52 370 22 4
52 387 53 5
52 463 28 12
52 505 40 3
52 596 21 7
53 91 49 9
53 172 53 12
53 326 34 14
53 416 13 3
53 470 27 9
53 545 50 9
53 560 19 2
54 76 50 6
54 206 22 14
54 261 23 14
54 566 51 2
55 79 15 6
55 178 44 5
55 198 32 12
55 210 58 4
55 258 25 3
55 358 14 14
55 562 8 5
56 301 42 8
56 361 19 9
56 419 1 9
56 444 26 11
56 497 28 1
57 175 17 1
57 305 38 4
57 360 51 8
57 589 11 8
57 591 15 8
58 146 55 7
58 208 21 9
58 236 36 2
58 254 19 13
58 287 16 11
58 298 44 6
58 320 42 15
58 575 17 3
58 586 51 15
58 597 60 9
59 93 5 2
59 168 18 12
59 181 5 13
59 201 46 1
59 397 9 6
59 488 14 4
59 550 12 14
59 623 20 5
60 85 57 15
60 128 18 10
60 147 34 11
60 288 41 14
60 554 25 15
60 592 8 6
61 115 8 5
61 181 21 1
61 215 4 1
61 477 50 13
62 140 4 15
62 208 55 3
62 211 11 3
62 220 11 12
63 110 60 4
63 124 57 5
63 139 15 15
63 188 45 9
63 198 37 13
63 284 29 10
63 342 41 13
63 572 18 11
64 74 11 8
64 160 4 13
64 161 44 13
64 217 45 1
64 327 49 1
64 341 57 6
64 469 60 11
64 577 45 3
65 120 34 7
65 204 38 8
65 292 23 5
65 296 44 7
65 347 41 15
65 455 52 13
65 456 50 8
65 492 37 1
65 521 30 2
65 572 47 1
65 586 32 12
65 595 39 13
66 73 44 10
66 113 40 12
66 149 58 12
66 254 49 10
66 269 59 5
66 295 21 15
66 298 10 5
66 365 45 15
66 445 2 4
66 491 41 3
67 197 37 14
67 274 7 13
67 332 28 11
67 489 48 11
67 508 44 2
67 529 4 13
67 595 47 6
68 148 58 1
68 221 40 14
68 283 12 14
68 394 11 6
68 405 19 10
68 417 7 10
68 523 44 9
68 525 27 4
68 582 10 11
69 395 8 3
69 430 34 10
69 459 19 3
69 563 35 13
70 113 27 12
70 162 16 14
70 213 25 6
70 284 35 6
70 334 25 5
70 362 22 8
70 400 45 10
70 451 23 14
70 452 14 7
71 218 56 4
71 395 57 6
72 85 16 4
72 108 41 7
72 351 2 5
72 446 55 6
72 473 48 14
72 489 34 10
72 494 46 10
72 507 47 14
72 525 6 6
72 553 40 7
72 572 3 5
72 583 41 5
73 76 53 8
73 150 15 15
73 231 37 6
73 362 9 4
73 384 3 15
73 425 58 5
73 435 16 10
73 618 17 15
74 108 24 11
74 156 29 4
74 192 1 10
74 401 26 7
74 495 9 1
74 538 7 15
74 546 32 10
75 138 30 4
75 177 35 5
75 224 3 13
75 230 44 3
75 247 16 1
75 328 6 13
75 334 53 12
75 361 60 11
75 409 18 2
75 488 54 3
75 509 37 9
75 569 20 11
76 489 21 7
76 538 5 15
76 551 8 14
77 452 40 9
77 516 14 3
77 525 32 11
78 202 57 10
78 460 39 7
78 597 21 10
78 618 44 8
79 86 34 6
79 156 2 12
79 366 19 5
79 387 20 7
79 425 18 14
79 621 22 3
80 83 8 10
80 96 50 5
80 136 32 3
80 159 31 9
80 204 43 3
80 313 28 7
80 372 15 8
80 389 34 4
80 472 58 10
80 576 14 13
81 219 7 1
81 262 56 8
81 501 41 14
81 614 43 11
82 91 5 8
82 106 2 15
82 120 12 4
82 237 56 11
82 274 35 3
82 328 13 7
82 469 49 10
82 478 22 13
82 489 36 6
82 622 20 5
83 98 13 12
83 113 51 12
83 148 27 15
83 337 47 11
83 485 19 15
83 631 20 8
84 140 29 5
84 219 10 2
84 259 36 14
84 363 46 10
84 370 52 5
84 404 39 4
84 526 31 3
84 551 41 2
84 585 35 3
84 606 9 3
85 164 29 14
85 281 17 12
85 355 60 15
85 371 16 4
85 597 41 9
85 620 51 15
86 133 49 8
86 173 31 1
86 196 10 13
86 203 5 5
86 258 39 2
86 387 41 12
86 417 33 15
86 536 52 12
87 136 54 6
87 188 6 5
87 264 31 12
87 352 15 10
87 363 37 13
87 526 49 5
87 571 42 12
87 589 48 1
88 112 42 11
88 128 22 15
88 157 58 5
88 247 38 12
88 365 30 6
88 379 23 7
89 102 9 11
89 275 40 15
89 357 42 5
89 435 58 8
89 454 3 13
89 565 38 7
89 588 20 3
89 605 21 8
90 115 44 10
90 553 54 2
91 109 24 14
91 347 17 14
91 383 23 9
91 492 20 8
91 501 49 12
91 516 38 8
91 584 52 15
92 200 31 10
92 215 53 12
92 324 39 1
92 374 60 15
92 541 28 14
92 590 21 9
92 600 27 2
93 106 24 5
93 119 32 15
93 174 23 8
93 201 19 12
93 309 17 6
93 411 24 13
93 436 48 6
93 523 43 14
93 601 43 10
94 285 25 10
94 349 17 2
94 373 3 13
94 437 25 6
94 499 47 10
94 513 51 12
94 529 27 12
94 541 41 1
95 362 15 15
95 374 42 13
95 576 20 12
96 100 50 7
96 119 14 12
96 180 58 14
96 259 10 11
96 439 16 14
97 101 28 3
97 160 53 3
97 229 58 1
97 245 28 11
97 324 30 8
97 495 34 11
97 568 21 11
97 607 38 3
98 219 22 12
98 246 58 15
98 250 21 4
98 258 43 11
98 407 11 13
98 484 51 13
98 569 54 10
99 188 9 3
99 243 40 6
99 273 56 8
99 358 59 8
99 461 52 13
99 462 28 12
99 514 45 12
99 593 21 15
99 624 56 8
100 129 34 11
100 266 32 7
100 267 12 8
100 435 56 14
100 550 33 5
100 628 33 9
101 227 14 14
101 313 3 13
101 368 38 1
101 597 1 4
101 617 43 2
102 112 35 1
102 209 32 8
102 210 46 8
102 252 51 1
102 272 19 6
102 387 14 10
102 402 60 15
102 588 2 11
102 616 22 15
103 154 27 5
103 166 46 4
103 175 23 14
103 454 46 5
103 471 6 1
103 601 44 10
103 628 56 11
104 246 45 1
104 380 44 5
104 471 60 12
104 473 13 14
104 507 52 15
104 598 16 11
104 603 3 14
104 630 36 7
105 228 5 13
105 254 41 12
105 271 33 5
105 295 34 7
105 345 31 14
105 573 53 13
106 161 45 5
106 178 19 2
106 226 6 5
106 301 27 13
106 302 22 4
106 369 11 14
106 469 6 2
106 531 32 11
106 549 41 7
106 604 41 6
106 609 31 2
107 203 6 13
107 332 60 6
107 363 57 12
107 424 49 13
107 439 18 14
107 451 42 2
107 509 50 12
108 125 42 9
108 432 5 15
108 508 55 4
109 119 21 4
109 152 37 9
109 175 21 14
109 217 54 6
109 410 38 9
109 452 22 1
109 500 13 11
109 590 3 13
110 520 23 12
111 243 43 11
111 346 2 11
111 457 36 7
112 189 28 10
112 441 33 3
113 174 48 15
113 214 50 13
113 489 32 15
113 536 30 4
114 528 56 15
114 631 45 1
115 164 32 4
115 243 21 10
115 276 5 3
115 314 46 6
115 454 42 10
115 486 26 6
115 560 39 8
115 581 29 3
116 218 14 1
116 272 4 10
116 288 28 6
116 347 38 12
116 368 24 12
116 378 7 8
117 124 42 14
117 195 23 4
117 283 50 7
117 426 48 2
117 429 21 9
117 441 15 7
117 462 5 4
117 510 22 8
117 555 51 11
117 563 2 2
117 565 7 11
117 601 56 7
117 622 41 10
118 171 17 8
118 174 34 13
118 213 8 4
118 215 34 4
118 231 26 4
118 243 33 8
118 274 38 5
118 460 3 7
118 496 4 15
118 601 13 1
118 608 20 6
119 200 4 3
119 244 46 6
119 265 49 1
119 338 18 14
119 397 54 5
119 401 58 15
119 414 31 14
119 590 47 13
119 609 39 13
120 212 32 8
120 285 24 14
120 317 3 12
120 368 49 14
120 417 32 1
120 421 9 5
120 532 11 10
121 151 6 10
121 186 56 4
121 288 52 11
121 316 20 4
121 465 54 5
121 541 28 7
121 554 42 11
122 157 55 14
122 175 58 6
122 273 47 15
122 430 12 15
122 465 45 11
122 506 32 6
122 545 40 3
122 595 28 12
122 628 7 15
123 218 32 14
123 294 31 6
123 476 24 11
123 567 50 13
124 228 33 3
124 230 18 1
124 268 16 14
124 275 25 4
124 341 25 6
124 423 2 12
124 430 35 10
124 452 11 9
124 475 11 5
124 505 21 9
124 540 37 10
124 628 35 4
125 269 30 6
125 318 19 5
125 571 3 11
125 628 14 13
126 162 31 15
126 210 22 6
126 468 53 8
126 514 10 9
126 584 4 10
126 606 16 15
127 170 36 8
127 177 20 9
127 188 50 1
127 241 11 14
127 311 37 11
127 335 12 11
127 351 46 14
127 364 57 7
127 403 47 2
127 418 58 8
127 424 17 11
127 464 55 10
127 494 3 15
128 463 17 5
128 553 59 2
128 616 59 9
129 130 51 3
129 167 5 5
129 175 41 6
129 283 40 15
129 303 57 15
129 385 6 5
129 489 17 11
129 500 48 7
129 581 10 7
130 156 24 11
130 161 25 14
130 172 50 7
130 311 40 6
130 394 3 8
130 401 4 3
130 448 23 2
130 483 45 7
130 587 44 10
131 220 52 13
131 256 32 4
131 345 53 1
131 462 1 3
131 464 18 6
131 476 26 3
131 521 18 11
131 538 58 11
132 354 31 12
132 377 14 15
132 379 5 13
132 426 60 13
132 474 18 6
132 553 50 14
133 279 6 2
133 307 26 11
133 366 25 2
133 497 5 8
133 596 21 1
134 147 19 15
134 159 10 1
134 201 52 9
134 240 42 10
134 419 1 3
134 526 13 11
135 190 47 6
135 409 28 10
135 464 42 14
135 469 4 7
135 590 34 9
136 235 45 3
136 259 27 12
136 386 57 14
136 392 41 15
136 402 45 11
136 403 14 4
136 483 14 5
136 499 42 3
137 291 22 1
137 306 45 9
137 315 11 7
137 366 53 8
137 401 27 5
137 440 5 5
137 501 22 1
137 556 21 4
138 173 54 9
138 232 6 5
138 469 13 15
138 521 46 9
138 546 57 2
138 566 29 2
138 583 30 2
138 591 21 1
139 260 33 13
139 292 58 7
139 303 14 7
139 420 23 4
139 451 39 3
139 607 54 3
139 609 22 3
139 616 15 1
140 176 40 8
140 199 25 8
140 268 24 8
140 370 26 4
140 376 55 4
140 414 6 14
140 522 50 5
140 584 51 14
140 596 54 3
141 152 25 12
141 171 22 1
141 269 15 15
141 303 48 13
141 309 42 9
141 409 4 10
141 419 44 15
141 429 22 7
141 438 18 5
141 449 1 3
141 454 45 15
142 195 8 8
142 204 28 8
142 249 40 4
142 333 20 7
142 386 47 13
142 494 50 11
142 604 44 5
143 225 44 10
143 317 39 6
143 322 14 15
143 334 44 15
143 473 19 11
143 490 56 3
143 493 30 3
144 182 50 6
144 189 46 7
144 377 25 4
144 608 59 14
144 609 8 6
144 624 8 11
145 252 27 7
145 345 48 3
145 575 16 11
146 252 1 13
146 349 20 2
146 415 57 15
146 433 8 2
146 455 10 6
146 490 34 13
146 586 4 1
147 244 26 8
147 438 18 7
147 509 58 15
147 529 50 1
147 533 9 5
147 617 47 14
147 627 19 8
148 154 52 1
148 286 17 3
148 397 6 12
148 495 23 12
148 596 43 10
148 601 29 4
149 300 21 10
149 330 7 15
149 598 2 11
149 621 27 15
150 226 54 9
150 233 37 12
150 284 3 6
150 345 46 2
150 420 32 2
150 552 22 12
151 232 19 8
151 257 50 2
151 302 26 12
151 341 42 13
151 528 7 3
152 413 10 15
153 156 46 3
153 286 44 3
153 452 28 13
153 594 50 4
154 157 13 3
154 325 20 6
154 376 6 11
154 540 47 2
154 613 56 2
155 222 34 5
155 503 29 3
155 588 30 10
156 466 56 2
156 544 57 11
156 606 1 1
157 189 9 15
157 217 42 13
157 518 4 1
158 246 8 4
158 297 19 5
158 333 53 12
158 525 31 14
159 336 36 5
159 456 18 9
159 532 41 7
160 169 2 7
160 187 25 14
160 196 7 12
161 180 36 8
161 314 44 3
161 387 13 4
161 443 23 9
161 479 43 14
161 582 50 5
162 393 13 8
162 482 48 6
162 618 9 12
163 233 28 3
163 300 3 12
163 341 16 9
163 436 53 13
163 445 1 13
163 554 11 9
163 571 10 5
164 314 14 13
164 379 26 10
164 442 17 8
164 492 23 1
164 530 5 8
164 618 3 15
165 321 53 5
165 430 9 1
165 533 29 13
165 570 34 8
166 211 37 11
166 301 23 4
166 354 42 9
166 365 21 6
166 390 16 1
166 450 35 6
166 455 11 5
166 493 28 13
166 504 48 11
166 542 3 10
166 564 43 15
166 569 4 13
166 603 9 2
167 191 34 5
167 277 51 11
167 306 12 2
167 317 57 12
167 406 18 9
167 421 44 10
167 537 56 6
168 219 13 8
168 275 24 4
168 302 51 4
168 384 20 2
168 576 55 12
169 189 33 2
169 214 19 4
169 299 8 4
169 303 35 14
169 401 15 13
169 428 35 13
169 496 13 13
169 527 23 8
169 631 8 2
170 226 11 10
170 379 15 14
171 249 23 6
171 252 37 6
171 256 45 5
171 301 47 15
171 400 26 3
171 499 9 12
171 564 59 4
171 601 32 15
172 257 48 10
172 281 35 4
172 334 16 8
172 342 24 9
172 355 42 2
172 431 53 3
172 442 15 1
172 478 10 7
172 547 12 6
173 189 56 14
173 230 43 7
173 278 25 4
173 442 15 15
173 564 41 5
174 218 9 11
174 237 48 11
174 308 52 1
174 347 37 12
174 372 15 7
174 385 56 1
175 178 40 15
175 183 56 3
175 521 30 9
175 523 33 10
175 554 12 5
175 592 7 14
176 187 50 2
176 268 59 2
176 297 49 3
176 327 20 13
176 359 48 10
176 481 9 8
176 551 2 1
176 619 44 5
177 220 34 3
177 224 58 10
177 464 22 5
177 476 26 9
178 269 23 3
178 335 18 14
178 415 16 7
178 444 18 6
178 485 24 2
178 530 60 8
178 535 42 7
178 578 59 1
178 584 57 4
179 205 25 2
179 212 48 10
179 262 9 2
179 281 17 4
179 303 15 2
179 329 60 14
179 462 23 7
179 491 30 14
180 181 28 1
180 239 8 11
180 255 21 3
180 291 16 4
180 362 2 4
180 503 12 6
180 542 28 14
180 543 28 3
181 423 22 3
181 547 22 3
181 567 13 4
181 614 11 14
182 209 56 12
182 246 59 11
182 315 36 8
182 318 54 12
182 432 22 4
182 557 30 1
183 283 53 11
183 501 3 8
183 505 6 1
183 511 43 10
183 518 59 7
183 534 16 6
183 556 28 13
184 288 3 14
184 333 52 1
184 376 28 9
184 415 59 5
184 438 30 10
184 484 46 15
185 276 6 9
185 284 21 10
185 328 44 14
185 358 53 3
185 548 53 15
185 624 45 9
186 340 20 1
186 389 24 2
186 506 39 15
186 510 26 6
186 596 30 6
186 601 41 11
187 478 36 7
188 200 58 3
188 275 41 2
188 448 58 11
188 454 10 12
188 483 29 7
188 596 52 12
189 242 15 11
189 402 20 6
189 454 54 11
189 548 13 7
189 555 41 1
189 623 43 10
190 216 21 3
190 395 33 14
190 454 3 8
190 467 41 4
190 510 26 14
191 231 60 4
191 370 43 11
191 588 46 14
191 616 59 14
192 212 28 12
192 255 20 12
192 277 54 6
193 227 14 1
193 230 58 1
193 276 12 7
193 315 55 15
193 545 38 11
193 575 1 13
194 303 12 13
194 345 32 8
194 382 44 6
194 485 42 13
194 505 8 12
195 207 9 6
195 284 47 4
195 463 17 7
195 479 7 8
195 491 42 8
195 536 54 15
195 553 43 5
195 557 46 1
196 414 11 4
196 470 57 1
196 503 30 2
197 258 50 7
197 441 9 3
197 558 12 13
197 594 7 9
197 600 42 14
197 610 60 6
198 345 45 3
198 360 39 7
198 471 26 6
198 565 44 8
198 577 40 14
198 600 19 1
199 244 43 13
199 252 17 6
199 322 39 8
199 518 21 9
199 538 32 9
200 235 16 4
200 239 56 10
200 259 54 10
200 380 45 11
200 491 32 6
200 598 56 3
201 202 13 6
201 223 27 9
201 310 7 5
201 412 51 14
201 609 45 4
201 624 55 3
202 239 28 3
202 306 15 13
202 338 5 4
202 369 15 1
202 409 34 13
202 430 2 8
202 619 29 14
202 626 18 4
203 307 45 3
203 343 16 9
203 347 46 12
203 626 26 10
204 223 36 9
204 234 39 11
204 308 27 1
204 314 42 14
204 382 58 1
204 406 23 1
204 429 18 10
204 446 60 14
204 599 15 10
205 208 6 6
205 232 23 15
205 357 15 8
205 446 39 10
205 450 20 2
205 486 26 3
205 506 1 13
205 521 27 3
205 619 21 5
206 398 50 8
206 404 42 15
206 436 48 1
206 526 33 5
206 602 10 5
207 310 22 3
207 323 60 11
207 326 15 12
207 448 48 14
207 450 53 11
208 304 56 12
208 540 21 8
208 584 60 3
208 623 40 4
209 283 36 8
209 437 56 9
210 227 13 5
210 296 10 14
210 371 21 7
210 568 34 8
210 625 58 5
211 237 59 13
211 319 15 15
211 322 33 3
211 378 31 13
211 393 23 9
211 441 43 9
211 624 44 1
212 249 24 14
212 251 39 8
212 428 47 12
212 625 23 6
213 321 54 11
213 343 51 3
213 455 9 5
213 473 43 6
213 558 14 4
213 582 4 11
214 349 19 6
214 378 36 15
214 511 50 3
215 220 49 13
215 276 53 13
215 341 51 9
215 366 54 6
215 451 52 2
215 458 45 3
215 526 42 6
215 621 53 7
216 369 26 2
216 372 12 11
217 392 31 12
217 629 6 5
218 568 42 10
218 574 15 14
218 615 28 2
219 284 19 7
219 411 15 8
219 446 53 3
219 520 35 8
219 547 47 15
220 386 58 5
220 447 5 8
220 462 37 14
220 574 53 14
220 597 4 6
221 375 48 7
221 545 29 5
222 228 1 7
222 291 50 4
222 305 41 12
222 330 16 4
222 335 38 7
222 393 27 9
222 477 12 4
222 623 38 5
223 257 42 12
223 325 29 2
223 441 3 8
223 461 36 7
224 270 39 13
224 288 20 5
224 324 42 9
224 428 30 15
225 338 56 3
225 492 4 5
225 542 29 4
225 548 10 4
225 551 47 5
225 619 2 10
226 261 28 15
226 364 39 13
226 407 22 5
226 478 38 12
226 613 2 11
227 240 23 9
227 301 47 2
227 372 1 14
227 580 15 5
227 582 27 9
227 590 19 9
227 624 3 13
228 278 19 1
228 288 13 11
228 364 12 12
228 388 22 15
228 422 24 5
228 585 50 13
228 612 54 3
229 266 37 3
229 311 55 4
229 343 16 5
229 345 5 1
229 421 50 10
229 426 24 14
229 442 2 8
229 478 54 7
229 526 45 1
230 273 29 4
230 335 28 2
230 349 13 13
231 248 1 2
231 361 56 5
231 510 53 12
231 552 48 7
231 574 52 5
231 587 25 10
231 621 37 2
232 287 4 2
232 348 16 12
232 440 6 6
232 491 3 5
232 515 15 5
233 326 12 3
233 474 29 2
233 513 41 6
234 396 33 6
234 408 52 2
234 524 19 10
234 540 30 13
235 241 35 13
235 288 50 4
235 340 50 8
235 346 18 14
235 364 30 2
235 592 53 10
236 287 56 6
236 304 11 3
236 349 51 15
236 433 52 4
237 320 44 12
237 333 3 10
237 482 53 1
237 546 49 5
237 589 46 15
237 594 24 7
238 294 44 2
238 327 50 10
238 417 46 15
238 505 26 12
238 545 20 1
238 558 51 14
239 247 27 11
239 254 7 4
239 295 36 15
239 347 5 6
239 350 21 11
239 404 59 15
239 419 26 8
239 492 53 3
239 506 57 15
239 543 30 3
239 589 10 8
239 629 27 13
240 390 28 1
240 439 27 2
240 505 31 5
240 600 3 3
240 631 30 14
241 279 58 10
241 283 24 8
241 403 27 9
241 601 32 5
242 342 60 1
242 507 38 12
242 628 21 3
242 631 52 2
243 439 16 2
244 247 2 6
244 410 40 6
244 412 18 9
244 437 6 10
244 473 19 13
244 496 17 1
245 341 10 1
246 291 34 12
246 351 28 14
246 373 53 15
246 414 53 13
246 536 52 13
246 620 58 14
247 264 58 3
247 364 10 15
247 479 50 11
247 588 36 8
248 303 41 6
248 363 59 4
248 543 40 5
248 555 28 7
248 595 1 13
249 429 54 10
249 479 47 13
250 259 45 15
250 379 3 10
250 430 5 9
250 481 50 6
250 530 59 8
250 583 26 2
250 608 54 14
251 317 54 5
251 391 3 9
251 422 58 12
251 502 54 11
252 338 7 10
252 345 34 8
252 471 51 8
253 261 31 5
253 281 56 13
253 331 14 8
253 395 18 14
253 415 38 15
253 585 53 14
253 607 28 10
254 275 38 11
254 314 38 8
254 545 4 7
254 588 32 3
254 594 19 15
254 618 12 6
255 264 42 3
255 314 18 13
255 323 13 9
255 350 54 15
255 354 14 8
255 491 58 8
255 529 34 5
255 590 15 1
256 397 6 12
256 420 25 5
256 461 42 10
256 629 11 3
257 394 34 14
257 457 45 3
258 452 43 9
258 526 36 9
258 552 4 3
258 556 15 15
259 340 21 4
260 275 4 7
260 348 20 3
260 350 59 2
260 408 35 5
260 455 39 13
260 486 2 9
260 630 36 8
261 400 57 6
261 461 39 13
262 331 28 12
262 379 3 5
262 536 45 11
264 335 6 15
264 409 50 1
264 495 30 7
264 577 54 2
264 630 53 5
265 372 4 14
265 404 32 9
265 563 29 6
266 303 3 13
266 587 59 8
267 322 58 3
267 410 31 7
267 418 57 5
267 630 53 12
268 284 55 12
268 347 28 9
268 583 49 12
269 555 11 9
270 324 5 10
270 404 51 8
270 432 50 6
270 533 45 14
270 542 17 3
271 431 9 9
272 318 5 13
272 328 56 3
272 405 24 14
272 451 54 7
272 508 19 4
272 550 7 3
272 585 3 3
272 597 9 13
273 436 34 14
273 445 29 9
273 576 18 6
273 630 25 10
274 358 56 13
275 454 27 15
275 485 19 5
275 624 6 1
276 298 49 3
276 315 34 4
276 323 57 4
276 455 19 12
276 547 28 9
276 551 6 3
277 357 11 13
277 374 39 12
277 435 6 14
277 474 57 4
277 586 40 11
278 282 33 3
278 319 42 14
278 342 7 2
278 344 20 12
278 367 24 4
278 447 55 1
278 477 41 2
278 544 16 10
279 447 21 5
280 317 50 14
281 337 41 6
281 363 15 6
281 443 21 14
281 578 15 2
282 388 41 11
282 421 58 15
282 484 12 11
282 570 28 5
283 422 58 15
283 485 56 5
283 503 6 8
283 533 19 2
284 321 2 13
284 436 2 14
284 486 57 10
284 630 41 2
286 317 55 15
286 347 5 1
286 364 3 6
286 421 13 6
286 458 15 9
286 506 58 11
286 577 38 13
287 309 31 11
287 512 43 14
287 606 43 13
288 464 3 2
288 522 22 10
288 555 40 13
288 604 54 7
289 313 37 15
289 460 13 15
289 625 57 11
290 394 10 10
290 488 54 5
290 521 6 4
290 590 28 1
291 318 27 5
291 332 47 4
291 371 9 2
291 444 46 6
291 473 23 1
292 296 40 14
292 334 12 3
292 447 37 13
292 471 23 5
292 565 7 14
293 563 2 10
294 467 21 6
294 480 36 9
294 611 60 13
294 615 42 2
295 300 18 2
295 345 31 12
295 379 22 10
295 526 56 3
295 571 52 9
296 335 1 6
296 438 33 4
296 596 60 14
296 612 2 8
297 435 7 5
297 513 45 4
297 589 29 13
297 617 2 4
298 398 6 8
298 436 18 6
298 462 30 15
298 469 7 11
299 380 19 2
299 394 29 2
299 512 18 8
299 516 56 6
299 526 60 11
300 365 10 13
300 379 47 13
300 509 15 3
300 534 56 12
300 630 32 14
301 326 2 9
301 376 23 10
301 401 53 14
301 456 52 5
301 524 27 5
302 320 52 10
303 471 44 13
303 491 26 7
303 554 48 13
304 316 58 7
304 333 28 15
304 366 18 6
304 545 11 14
305 345 41 11
305 537 57 11
305 557 25 7
305 566 5 15
306 349 6 6
306 368 44 2
306 408 18 7
306 444 5 13
306 510 36 5
306 576 14 7
307 348 33 9
307 553 26 7
307 554 19 7
308 392 47 9
308 457 16 1
308 482 6 12
308 577 51 8
309 359 18 14
309 461 3 4
309 573 41 1
310 343 46 10
310 355 39 12
310 443 18 13
310 562 11 8
310 615 53 6
310 621 13 4
311 369 18 8
311 391 60 13
311 424 35 10
311 520 11 5
312 487 34 15
312 566 38 14
313 379 53 7
313 383 52 12
313 417 14 13
313 578 41 3
314 351 34 4
314 478 53 8
314 547 57 15
314 558 47 3
314 573 32 10
315 317 2 3
315 402 10 10
315 433 31 1
315 541 36 7
315 567 13 9
316 383 32 12
316 411 30 5
316 548 4 15
316 596 45 5
317 411 2 3
317 423 20 14
317 627 13 11
318 364 27 14
318 461 47 2
318 582 12 3
319 411 38 10
319 478 50 2
319 512 40 3
319 546 26 2
319 590 16 6
319 620 11 3
320 376 37 3
320 442 51 8
321 458 45 3
321 498 56 13
321 584 28 11
322 365 16 14
322 529 11 14
323 578 45 1
323 619 27 14
324 331 9 6
324 617 58 9
325 373 37 11
325 471 17 10
325 482 57 8
325 491 36 2
325 492 56 12
325 577 11 13
326 516 32 7
326 586 21 8
327 457 42 13
327 461 13 7
327 485 7 7
327 499 30 11
327 559 10 9
327 569 17 10
328 331 42 14
328 341 10 13
328 607 18 8
328 615 39 15
329 340 56 6
329 343 2 10
329 392 34 8
329 429 23 7
329 455 35 3
329 467 30 7
330 594 16 9
331 342 45 10
331 391 11 10
331 475 50 13
331 481 37 1
331 603 18 6
332 354 36 8
332 366 2 12
332 498 12 12
332 521 30 15
332 547 55 7
332 606 56 8
333 392 24 3
333 572 45 12
334 335 33 2
334 338 56 14
334 379 56 1
334 450 17 8
334 592 20 5
335 349 35 5
335 382 2 6
335 416 27 9
335 445 44 12
335 563 3 11
336 381 26 6
336 476 13 3
336 510 47 6
336 556 47 12
337 361 41 6
337 617 45 13
338 394 32 4
338 450 37 12
338 479 50 11
338 497 4 4
338 574 43 15
338 598 5 8
339 417 46 4
339 421 58 3
340 497 58 12
340 542 32 8
340 579 14 12
341 370 48 9
341 407 4 6
341 474 6 13
341 575 56 8
341 603 27 10
342 407 29 11
342 443 4 6
342 538 60 1
342 583 49 12
343 380 48 8
343 399 13 10
343 425 56 11
343 577 16 10
343 602 34 7
344 517 4 5
344 590 9 2
344 609 10 10
345 485 60 12
345 503 46 6
345 523 15 9
345 570 44 15
345 592 57 3
346 391 44 11
346 417 38 4
346 437 31 2
346 451 28 9
346 507 2 5
346 591 16 7
347 492 47 9
347 536 32 13
347 586 28 13
347 616 60 3
348 401 39 12
348 405 24 10
348 452 23 11
348 522 60 2
348 585 17 10
349 364 24 3
349 376 35 8
349 498 51 10
349 552 7 8
349 589 15 2
349 621 47 13
350 468 8 14
350 527 18 15
351 377 3 2
351 444 51 5
351 465 3 15
351 552 8 5
352 362 30 5
352 591 40 3
353 399 7 9
353 419 43 7
353 581 45 2
354 363 10 14
354 422 16 14
354 444 29 10
354 582 7 8
355 499 38 10
355 626 50 1
356 414 37 7
356 483 9 7
358 362 51 13
358 385 39 9
358 432 13 5
358 611 50 8
359 402 17 14
359 529 41 14
360 389 8 15
360 476 21 1
361 486 4 5
361 547 58 7
361 551 39 8
362 415 2 12
362 432 60 5
362 539 32 7
362 597 48 6
363 394 10 1
363 496 54 8
363 568 21 14
364 371 47 12
364 506 19 13
364 522 13 11
364 533 34 10
364 558 7 10
365 495 5 9
365 628 10 15
366 470 4 13
366 509 29 11
366 518 5 3
367 573 50 5
368 397 48 12
368 563 34 15
369 379 14 8
369 431 1 1
369 481 48 14
370 384 15 13
370 402 42 12
370 434 24 6
370 490 35 14
370 557 3 13
371 428 38 7
371 466 19 2
371 504 14 1
371 544 42 10
371 576 15 2
371 607 19 4
372 457 6 4
372 497 20 2
372 586 33 4
373 383 5 3
373 432 25 1
374 549 60 11
375 383 17 9
375 459 12 3
375 571 20 15
376 397 27 9
376 450 37 7
376 543 23 14
377 448 27 12
377 450 44 6
377 602 1 12
378 495 39 10
378 498 60 5
378 537 54 11
378 558 50 6
378 624 21 11
380 389 14 8
380 419 26 6
380 422 4 12
380 461 39 5
380 555 59 2
380 596 4 6
380 606 17 13
381 402 25 6
381 457 21 2
382 434 12 12
382 574 52 8
383 395 7 12
383 427 33 10
383 464 7 2
383 494 44 2
383 623 23 15
384 483 31 11
384 598 59 7
384 631 54 12
385 488 25 13
385 510 24 10
385 529 36 11
386 411 29 13
387 533 29 6
387 553 22 4
388 608 37 7
389 501 25 3
389 523 27 2
389 592 14 8
389 613 46 4
390 441 26 8
390 467 35 12
390 591 9 4
390 610 31 12
390 630 33 6
391 565 27 4
392 394 42 14
392 430 41 3
392 439 1 6
392 529 9 5
392 618 29 11
393 426 51 9
393 436 40 6
393 458 34 14
394 474 7 13
394 515 34 5
394 527 55 7
395 511 3 11
395 547 37 14
396 538 22 12
396 621 10 12
397 628 17 6
398 416 25 5
398 465 27 4
398 490 17 14
399 462 49 9
399 581 55 4
399 604 29 11
399 621 32 11
400 491 4 4
401 421 45 11
401 482 13 7
401 491 29 7
402 416 6 2
402 492 17 15
402 527 55 9
403 408 60 1
403 624 54 13
404 461 58 5
404 567 35 10
405 428 43 6
405 502 9 14
405 588 9 12
405 601 8 9
405 605 25 13
405 609 31 4
406 490 54 6
406 511 39 2
406 512 34 6
406 607 29 12
408 421 52 6
408 464 57 4
408 474 25 15
408 587 17 3
408 601 24 2
408 609 12 13
409 489 27 5
410 475 9 14
410 501 26 15
410 528 45 12
410 593 54 1
410 606 29 13
411 450 37 5
411 573 19 8
411 600 6 4
412 613 48 13
412 621 34 8
413 607 42 14
414 508 31 6
414 526 9 13
415 458 7 4
415 478 46 10
415 480 58 6
415 524 44 4
415 630 31 12
416 617 41 10
417 552 8 12
417 565 28 3
418 475 6 11
418 523 17 9
418 529 52 7
418 619 54 12
421 476 58 6
421 480 53 8
421 532 11 15
421 578 10 3
422 526 58 13
422 566 5 6
423 520 10 1
423 566 53 5
423 616 45 2
424 456 27 10
425 625 1 2
426 581 34 6
427 434 1 1
427 479 18 15
427 597 43 7
428 594 11 10
429 483 46 6
429 484 2 11
429 604 47 12
430 484 57 13
430 495 60 13
430 503 35 4
430 525 33 12
431 478 32 15
431 485 3 9
431 553 39 8
431 558 16 5
431 567 37 8
431 630 45 11
433 462 59 13
433 499 51 10
433 540 40 15
433 549 40 8
433 561 14 3
434 619 8 3
435 455 54 12
435 503 24 4
435 514 32 5
435 580 57 15
436 462 39 9
436 515 11 7
437 567 2 5
438 608 43 10
439 443 44 8
439 610 39 7
441 477 5 4
441 489 21 2
442 443 54 3
442 600 45 5
442 613 25 8
443 480 47 5
443 540 26 9
444 496 58 4
445 498 24 7
445 629 12 11
446 499 44 2
446 527 35 2
446 591 23 3
447 552 51 9
447 570 19 10
448 467 54 12
448 509 39 5
448 544 1 1
449 453 20 11
449 484 19 6
449 604 44 10
450 451 15 13
450 529 17 11
450 609 60 3
451 455 32 3
451 521 32 14
451 594 31 12
452 513 42 8
452 576 4 11
453 584 37 11
453 612 56 2
454 548 32 6
454 629 3 1
455 551 60 4
455 623 41 7
456 582 18 4
456 583 50 1
457 543 37 4
457 555 49 15
457 585 1 3
458 479 16 11
458 517 58 8
458 555 53 7
458 571 52 7
459 464 15 7
459 493 1 1
459 523 7 4
459 542 58 6
460 566 23 14
460 617 23 12
461 489 23 5
461 550 55 7
461 593 1 8
462 534 46 9
463 521 45 10
463 530 9 4
463 612 13 3
463 622 59 1
463 626 19 7
464 472 6 14
464 544 38 8
464 612 45 5
465 564 30 10
465 566 24 2
466 484 27 12
466 512 32 15
466 542 40 3
467 492 39 14
467 623 42 14
468 499 14 9
468 577 39 7
468 619 38 3
469 523 28 13
470 502 51 3
470 561 21 15
470 591 8 7
470 620 54 5
471 515 11 6
471 557 59 7
471 562 22 8
471 579 4 1
472 621 4 15
473 480 35 12
473 538 22 5
473 561 40 2
473 573 22 8
473 580 19 15
473 582 28 10
473 606 31 12
474 541 7 14
474 556 2 3
475 613 35 14
476 494 37 3
476 524 18 5
476 529 7 10
477 479 50 13
477 502 41 15
478 485 17 2
478 570 10 11
480 484 12 2
481 507 8 6
481 542 47 13
481 569 52 13
482 488 59 1
482 502 35 2
482 545 32 1
482 576 37 2
483 568 26 14
483 594 23 6
483 623 25 10
485 519 33 9
487 559 41 4
488 596 54 4
488 605 1 4
488 609 27 5
489 507 14 3
489 510 46 13
489 531 12 9
489 620 37 4
490 494 6 13
490 613 3 12
490 616 44 1
491 504 53 13
491 581 30 14
493 528 49 7
494 582 24 10
495 535 33 14
495 549 44 5
495 557 11 5
495 568 26 5
496 534 40 11
496 540 16 14
496 565 36 9
499 551 3 8
499 573 39 15
500 556 19 2
500 576 8 1
500 627 1 11
501 509 42 9
501 537 21 11
501 553 47 7
501 575 55 3
502 511 13 13
502 559 26 4
506 516 58 6
506 576 2 1
506 621 50 4
507 511 24 5
508 526 31 10
508 588 15 2
508 603 10 3
509 576 18 15
510 513 5 5
511 574 14 3
511 582 58 14
512 631 23 6
513 531 37 11
515 590 10 1
516 587 50 8
516 615 59 2
517 553 44 13
517 568 55 11
517 590 7 3
517 617 35 5
519 546 25 6
519 590 13 2
520 571 46 14
520 610 3 2
521 566 17 3
521 625 51 10
522 537 25 5
522 569 46 6
523 548 54 8
523 569 4 7
524 530 46 11
524 579 21 9
525 582 16 14
526 537 41 9
526 620 51 2
527 533 10 7
527 586 1 14
527 603 43 12
528 616 60 8
529 599 4 4
529 612 38 13
531 548 51 8
531 563 51 13
531 610 4 14
532 550 26 9
532 553 26 1
532 588 2 11
533 570 42 12
533 626 25 11
534 574 31 12
534 587 21 3
534 594 16 7
536 544 55 11
536 553 35 12
536 627 14 14
537 590 60 13
537 624 44 7
540 631 38 9
542 561 35 15
544 592 34 2
544 594 35 1
545 616 37 3
546 627 15 5
550 593 45 6
550 615 1 7
552 563 10 12
552 606 26 8
552 620 5 5
553 627 39 4
554 625 16 6
555 572 12 13
557 599 29 7
557 623 18 9
558 567 45 1
558 587 44 8
559 611 23 14
559 612 57 12
561 569 49 10
562 608 43 13
565 573 2 2
566 577 42 5
566 593 25 8
566 599 22 1
568 611 37 13
568 628 1 14
569 598 60 10
569 602 55 3
570 594 22 8
571 620 55 3
572 576 51 3
572 594 40 15
572 614 50 13
575 618 59 14
578 591 56 12
583 617 3 6
584 620 54 13
587 602 9 5
591 616 2 12
593 622 48 3
595 603 41 9
596 630 17 11
598 603 56 4
599 610 19 4
601 621 32 7
602 622 5 8
602 631 36 10
604 624 41 14
616 624 49 6
618 619 14 14
624 627 9 1

0 1 4
1 11 5
2 42 48
3 51 13
4 55 40
5 72 8
6 78 38
7 87 15
8 89 38
9 107 41
10 115 48
11 124 29
12 130 25
13 146 28
14 161 35
15 162 35
16 193 18
17 196 15
18 201 37
19 216 35
20 219 44
21 222 31
22 231 18
23 243 12
24 244 8
25 252 15
26 259 31
27 260 44
28 271 20
29 288 32
30 291 25
31 304 22
32 325 31
33 329 38
34 339 35
35 351 49
36 354 18
37 358 21
38 361 23
39 370 22
40 371 27
41 375 3
42 397 34
43 406 8
44 415 46
45 416 23
46 428 47
47 432 22
48 444 2
49 450 2
50 462 47
51 477 25
52 492 38
53 495 18
54 496 12
55 511 44
56 516 38
57 521 22
58 525 2
59 526 1
60 535 44
61 564 11
62 627 14
