977 3902 98 12

0 30 4616
1 60 8880
2 90 12812
3 120 16431
4 150 19754
5 180 22800
6 210 25584
7 240 28122
8 270 30429
9 300 32519
10 330 34405
11 360 36100

0 29362
1 19915
2 25678
3 21985
4 30357
5 31017
6 33222
7 27796
8 28411
9 33430
10 24107
11 22531
12 29502
13 26265
14 18120
15 25744
16 31629
17 29472
18 30403
19 25493
20 26200
21 22021
22 26776
23 22778
24 19270
25 28925
26 25457
27 19845
28 25577
29 23972
30 25513
31 33963
32 21178
33 28801
34 27153
35 23308
36 28602
37 30632
38 19419
39 20165
40 31428
41 27578
42 17549
43 30831
44 25787
45 29980
46 26710
47 23556
48 20413
49 34722
50 25802
51 29272
52 20103
53 29811
54 25152
55 25176
56 23638
57 22927
58 24604
59 24652
60 25285
61 19664
62 29324
63 25733
64 23839
65 21092
66 23229
67 30557
68 37099
69 26343
70 29108
71 31047
72 30372
73 25698
74 25162
75 28973
76 27214
77 20693
78 24811
79 30985
80 29948
81 29101
82 28369
83 16464
84 21602
85 30045
86 21488
87 20333
88 28487
89 29761
90 33754
91 24169
92 20284
93 24669
94 24979
95 27760
96 20833
97 34956
98 34108
99 30746
100 18639
101 20370
102 26209
103 25213
104 32158
105 26468
106 20989
107 30623
108 27147
109 24657
110 23229
111 33343
112 21755
113 23433
114 25110
115 14655
116 23637
117 25923
118 28712
119 28182
120 25484
121 26351
122 23189
123 26623
124 22750
125 21198
126 22393
127 18067
128 23389
129 31645
130 29187
131 24141
132 35344
133 24235
134 30726
135 24264
136 25791
137 26478
138 24477
139 21794
140 34366
141 26290
142 33537
143 26209
144 25584
145 25693
146 32049
147 24681
148 27962
149 25053
150 36698
151 24745
152 26791
153 20860
154 26344
155 23210
156 26130
157 21106
158 16225
159 26982
160 24278
161 22815
162 30994
163 28315
164 27429
165 22758
166 20692
167 20541
168 31456
169 18110
170 21804
171 33111
172 27893
173 35422
174 25438
175 22858
176 31829
177 26203
178 25607
179 19030
180 29048
181 26533
182 29183
183 31735
184 25320
185 23047
186 22235
187 24367
188 21148
189 26445
190 18073
191 27514
192 15138
193 30328
194 31641
195 21765
196 23359
197 28150
198 27742
199 24201
200 21915
201 23118
202 26872
203 22193
204 26167
205 23186
206 26628
207 21615
208 22759
209 26997
210 21594
211 25598
212 26541
213 32474
214 24149
215 24387
216 32849
217 26245
218 28227
219 21218
220 28749
221 21037
222 17958
223 25728
224 36551
225 22125
226 21756
227 22589
228 30024
229 28538
230 23486
231 23067
232 28065
233 18743
234 24426
235 28136
236 32923
237 26804
238 23087
239 27749
240 24572
241 20749
242 28148
243 28995
244 31048
245 27545
246 17551
247 19588
248 27180
249 26247
250 35892
251 22947
252 26893
253 26157
254 19551
255 26315
256 26006
257 23459
258 24046
259 28428
260 24548
261 30108
262 28427
263 29399
264 27587
265 24251
266 20272
267 22844
268 23907
269 28886
270 30948
271 31585
272 23017
273 25015
274 27704
275 28976
276 32164
277 22921
278 23946
279 25338
280 28415
281 26322
282 25702
283 36669
284 26456
285 20763
286 29159
287 23270
288 32735
289 26850
290 30420
291 14498
292 29886
293 23240
294 23108
295 29302
296 26987
297 28502
298 24878
299 32611
300 28059
301 24182
302 24247
303 24078
304 26083
305 31494
306 29320
307 24403
308 34042
309 33545
310 25759
311 25233
312 21642
313 28823
314 21970
315 27633
316 25282
317 20472
318 33289
319 26564
320 26928
321 25114
322 20068
323 20737
324 19925
325 24837
326 28324
327 29173
328 27665
329 32648
330 18421
331 27070
332 27213
333 25786
334 30390
335 27830
336 27625
337 20021
338 16581
339 28409
340 20640
341 32672
342 39455
343 30268
344 24249
345 24184
346 24755
347 27627
348 25665
349 31649
350 27674
351 38037
352 29238
353 26104
354 27819
355 23641
356 24711
357 24250
358 27742
359 25576
360 29915
361 18131
362 26372
363 22155
364 24520
365 36878
366 24252
367 28251
368 26944
369 24725
370 23931
371 33449
372 26666
373 23558
374 26667
375 27299
376 18250
377 22759
378 25888
379 21811
380 33996
381 27893
382 28816
383 18309
384 27725
385 19747
386 28112
387 21512
388 25452
389 20500
390 27347
391 17061
392 26053
393 26391
394 32031
395 30957
396 32675
397 22162
398 23267
399 27609
400 27732
401 24988
402 27695
403 20607
404 30484
405 21932
406 28007
407 23571
408 21505
409 19669
410 25219
411 16975
412 20325
413 23495
414 26197
415 26227
416 23364
417 31110
418 24807
419 17913
420 20654
421 24790
422 22230
423 26543
424 28681
425 29169
426 28093
427 31220
428 26767
429 29300
430 31778
431 25488
432 29588
433 21642
434 24656
435 15390
436 27462
437 23898
438 31284
439 23452
440 18221
441 21336
442 22364
443 28251
444 23337
445 23579
446 25615
447 22738
448 36442
449 19762
450 30540
451 22413
452 23554
453 25055
454 25684
455 26656
456 23345
457 25488
458 19928
459 23052
460 30190
461 14851
462 27689
463 21897
464 29884
465 27626
466 24001
467 30086
468 26647
469 28701
470 20751
471 21388
472 31215
473 15597
474 20438
475 28476
476 31533
477 37864
478 34885
479 28239
480 21727
481 29999
482 29947
483 22324
484 27418
485 30482
486 18377
487 23288
488 24999
489 28514
490 18766
491 26672
492 21812
493 30733
494 30873
495 31702
496 24119
497 23895
498 23135
499 27070
500 25611
501 29734
502 30387
503 29213
504 22729
505 24202
506 12930
507 31693
508 24142
509 28011
510 25894
511 24176
512 32165
513 31931
514 23855
515 25838
516 30424
517 34979
518 21847
519 21573
520 27473
521 26256
522 26955
523 31290
524 28215
525 24596
526 29399
527 23611
528 29948
529 21837
530 26669
531 26044
532 17728
533 17528
534 22631
535 25763
536 23367
537 25829
538 26826
539 21879
540 20587
541 27609
542 24235
543 24202
544 23986
545 25979
546 27995
547 24526
548 34447
549 15171
550 25904
551 23445
552 17651
553 27299
554 26142
555 32135
556 31412
557 35021
558 32065
559 20094
560 32292
561 25421
562 20582
563 19827
564 29034
565 30221
566 26816
567 32750
568 22830
569 28638
570 23937
571 29086
572 25111
573 23958
574 22683
575 32449
576 19495
577 25168
578 24735
579 24388
580 26361
581 25065
582 32491
583 24449
584 30675
585 29508
586 22265
587 19890
588 29885
589 19796
590 24806
591 25402
592 20897
593 23945
594 27740
595 27891
596 23781
597 26704
598 27011
599 18545
600 29597
601 19080
602 23504
603 25184
604 30210
605 26136
606 27613
607 25884
608 24503
609 19658
610 23028
611 21212
612 25307
613 19981
614 29270
615 16329
616 23117
617 27028
618 29867
619 25915
620 28063
621 29457
622 31523
623 32997
624 17777
625 19081
626 30182
627 21119
628 19264
629 18598
630 22879
631 29266
632 19727
633 18989
634 26712
635 25013
636 27682
637 25121
638 30011
639 29957
640 31466
641 29669
642 26656
643 23232
644 19178
645 23170
646 29142
647 28031
648 20966
649 22881
650 24188
651 23416
652 25090
653 22984
654 24755
655 29022
656 21142
657 27318
658 30851
659 25889
660 32406
661 24076
662 21604
663 24231
664 21564
665 31055
666 25485
667 31425
668 28843
669 31791
670 25875
671 24136
672 27059
673 17901
674 29481
675 22361
676 26294
677 28406
678 25734
679 23047
680 21620
681 27285
682 25772
683 20854
684 23177
685 26840
686 22100
687 28147
688 21758
689 23252
690 28713
691 23244
692 25889
693 24920
694 25534
695 30087
696 22131
697 26128
698 28516
699 25933
700 29790
701 26124
702 25161
703 31714
704 28256
705 29827
706 29031
707 21435
708 23097
709 25716
710 18720
711 23229
712 24188
713 32776
714 34065
715 22429
716 25561
717 21111
718 27425
719 29757
720 35001
721 28318
722 24578
723 22053
724 26090
725 31521
726 22945
727 30705
728 25840
729 27731
730 24183
731 19364
732 23346
733 28364
734 18605
735 29863
736 23163
737 33188
738 25147
739 24099
740 30838
741 26275
742 24028
743 29152
744 23080
745 29938
746 20113
747 18822
748 24781
749 28868
750 27477
751 29431
752 17834
753 25596
754 29635
755 29217
756 31102
757 24961
758 30404
759 20457
760 23291
761 28886
762 19060
763 27727
764 26624
765 24158
766 30344
767 22694
768 22579
769 20522
770 28308
771 24340
772 33792
773 27037
774 32828
775 22582
776 22806
777 26689
778 26155
779 25328
780 24961
781 17282
782 32054
783 25683
784 19641
785 21239
786 28810
787 27755
788 23357
789 27494
790 27559
791 24133
792 24194
793 33170
794 25056
795 24225
796 26859
797 26709
798 24030
799 31681
800 29099
801 31356
802 26264
803 27841
804 22813
805 22424
806 29095
807 27877
808 29329
809 29673
810 34737
811 25296
812 27641
813 32973
814 24210
815 19708
816 29931
817 21651
818 28420
819 30491
820 29845
821 23101
822 25503
823 26567
824 31163
825 20575
826 25118
827 29712
828 23792
829 23483
830 33833
831 25519
832 18472
833 22443
834 27080
835 20902
836 37106
837 23842
838 21291
839 25739
840 29550
841 23359
842 25463
843 23426
844 21322
845 23413
846 22906
847 18759
848 30613
849 25282
850 27162
851 28490
852 26160
853 21407
854 32275
855 26175
856 25378
857 33008
858 19670
859 27539
860 22800
861 30428
862 23664
863 31338
864 19731
865 22112
866 23634
867 23705
868 32298
869 25699
870 26244
871 25399
872 27314
873 31224
874 33021
875 28390
876 21222
877 31903
878 30422
879 28038
880 26594
881 22740
882 30354
883 29719
884 25465
885 30446
886 30587
887 22155
888 23258
889 25357
890 30709
891 20051
892 25235
893 25738
894 22564
895 26599
896 30775
897 30867
898 29777
899 22701
900 27020
901 26107
902 21225
903 31599
904 29254
905 29997
906 29835
907 25263
908 22533
909 25985
910 18272
911 25042
912 29433
913 23535
914 31537
915 26411
916 29360
917 24313
918 31511
919 28936
920 25169
921 26459
922 28051
923 37508
924 28510
925 29646
926 31452
927 25100
928 17673
929 32036
930 25196
931 22192
932 28868
933 27738
934 29237
935 26329
936 19454
937 22552
938 28627
939 21919
940 23684
941 31436
942 16390
943 26859
944 22148
945 26593
946 24099
947 15858
948 22462
949 24449
950 23543
951 27809
952 28600
953 29005
954 26453
955 21825
956 20986
957 28569
958 15552
959 27570
960 27491
961 26263
962 24758
963 27276
964 32464
965 25930
966 18775
967 28016
968 24883
969 26181
970 21709
971 22977
972 21772
973 24863
974 31712
975 29789
976 26278

0 51 33 3
0 94 15 10
0 283 36 2
0 317 58 13
0 399 34 11
0 431 49 12
0 853 13 15
0 969 4 13
1 242 40 3
1 274 27 8
1 473 58 10
1 580 49 2
1 743 25 2
1 949 28 5
2 46 31 8
2 583 9 13
2 684 40 6
3 89 51 8
3 343 28 5
3 436 38 14
3 598 10 3
3 767 51 8
3 967 17 14
4 28 55 5
4 100 60 12
4 200 37 9
4 374 49 10
4 396 44 15
4 514 15 14
4 515 18 9
4 583 23 13
4 788 26 1
5 96 13 5
5 133 54 10
5 243 42 14
5 265 33 14
5 293 53 8
5 761 21 7
5 856 29 10
6 70 9 5
6 91 51 9
6 101 1 11
6 114 31 15
6 136 44 13
6 402 31 4
6 427 34 5
6 726 30 3
6 760 4 8
6 814 21 12
7 268 33 10
7 284 15 12
7 450 24 12
7 518 16 6
7 652 24 1
7 677 51 6
7 757 60 2
8 358 59 5
8 402 30 13
8 473 35 6
8 567 38 12
8 634 38 14
8 650 11 12
8 676 10 9
8 686 28 12
8 807 60 6
8 901 7 6
8 966 8 2
9 29 57 6
9 153 21 9
9 261 26 9
9 278 46 8
9 544 30 13
9 591 9 14
9 857 48 7
9 898 21 11
9 927 13 12
10 71 60 10
10 230 38 9
10 277 16 2
10 305 28 15
10 392 24 2
10 593 38 8
10 737 37 2
10 843 49 4
10 871 22 8
11 63 24 12
11 84 44 13
11 301 43 7
11 391 11 4
11 581 18 2
11 677 50 11
11 786 9 7
11 843 32 15
11 893 56 8
11 897 43 8
11 911 35 7
11 943 8 13
12 212 18 6
12 273 23 5
12 298 48 13
12 316 40 10
12 412 7 4
12 443 39 11
12 557 36 10
12 704 30 2
12 909 41 9
13 264 53 9
13 302 3 8
13 342 57 10
13 395 30 5
13 508 27 10
13 599 20 15
13 672 53 10
13 691 22 11
13 708 14 4
13 969 34 13
14 134 12 5
14 422 30 7
14 657 58 11
15 138 17 6
15 197 17 8
15 208 39 7
15 384 19 3
15 390 55 12
15 691 30 12
15 849 32 10
15 974 43 10
16 20 42 11
16 129 52 11
16 185 30 6
16 222 3 4
16 230 23 8
16 275 41 11
16 421 60 1
16 509 60 9
16 545 14 5
16 573 51 2
16 720 35 1
16 822 36 5
16 852 6 10
16 965 3 6
17 34 39 11
17 59 50 10
17 67 11 9
17 130 55 12
17 318 38 7
17 380 39 5
17 470 28 6
17 493 37 11
17 882 54 14
17 921 17 14
18 162 25 13
18 265 23 2
18 315 7 11
18 362 11 6
18 440 29 4
18 445 15 13
18 593 1 1
18 811 55 13
18 863 41 11
18 895 2 1
19 50 13 14
19 450 21 1
19 456 46 12
19 663 34 1
19 754 50 1
19 814 37 7
19 913 36 13
19 919 17 12
20 23 8 1
20 104 6 12
20 306 17 4
20 322 22 4
20 537 28 9
20 606 3 6
20 656 57 7
20 675 40 14
20 812 17 9
20 816 49 13
20 911 41 15
21 59 37 11
21 167 38 4
21 327 15 4
21 472 49 8
22 116 55 13
22 216 4 7
22 255 29 11
22 308 44 4
22 674 9 15
22 751 24 8
22 760 2 15
22 825 25 4
23 332 13 11
23 375 54 7
23 417 1 4
23 626 43 12
23 660 2 14
23 672 7 3
24 146 9 7
24 288 42 15
24 702 27 9
24 888 11 8
24 960 46 10
25 29 53 5
25 211 39 12
25 218 46 6
25 323 1 9
25 386 15 6
25 665 22 9
25 679 15 10
25 729 48 6
25 792 38 12
26 88 41 13
26 195 48 14
26 415 21 6
26 469 53 14
26 741 50 14
26 813 21 11
27 106 55 15
27 147 36 2
27 457 2 9
27 468 37 9
27 613 3 10
27 694 8 2
27 751 53 5
27 895 58 10
28 244 58 15
28 333 28 5
28 394 15 12
28 432 12 10
28 502 45 14
28 600 29 2
28 825 19 13
29 110 24 12
29 128 27 2
29 166 22 15
29 393 57 4
29 480 5 13
29 742 29 14
29 824 30 1
29 851 41 3
30 176 60 15
30 267 53 3
30 319 40 7
30 379 57 14
30 525 1 7
30 839 19 15
30 845 37 4
31 73 34 1
31 90 46 8
31 224 41 5
31 385 44 1
31 400 56 1
31 537 59 7
31 617 34 6
31 666 11 8
31 709 50 5
31 748 37 6
31 901 18 10
31 963 50 13
32 48 8 4
32 280 25 14
32 293 55 1
32 457 25 6
32 555 9 11
32 557 54 2
32 611 15 11
32 961 36 6
33 119 20 12
33 235 9 6
33 400 26 1
33 537 52 15
33 670 58 9
33 723 6 10
33 818 34 10
33 929 13 11
34 68 32 13
34 142 2 14
34 225 37 4
34 264 15 9
34 315 4 7
34 540 18 5
34 809 3 10
34 846 11 3
35 118 26 3
35 355 16 15
35 522 17 5
36 134 43 6
36 192 59 7
36 271 59 3
36 401 8 13
36 419 3 3
36 466 1 12
36 682 15 6
36 730 57 9
36 814 56 4
36 963 50 1
37 247 35 15
37 291 50 14
37 345 38 14
37 388 10 14
37 513 40 9
37 867 8 3
38 57 13 9
38 79 25 3
38 196 28 7
38 310 18 14
38 523 57 15
38 714 17 11
38 745 55 2
38 783 22 15
38 902 2 1
39 191 12 11
39 202 42 5
39 468 41 14
39 643 10 10
39 765 45 12
39 827 46 11
40 56 18 3
40 115 29 15
40 123 1 7
40 249 36 10
40 361 26 1
40 725 4 3
40 727 46 15
40 893 51 6
41 52 40 10
41 638 44 11
41 647 12 10
41 781 6 4
41 862 17 15
41 956 15 15
42 65 12 10
42 88 52 5
42 189 25 8
42 285 30 4
42 514 58 2
42 835 42 15
42 872 3 6
42 932 11 3
43 184 22 2
43 750 17 5
44 91 52 14
44 153 27 3
44 211 52 14
44 824 49 11
45 215 31 13
45 380 7 2
45 388 28 5
45 665 58 7
45 852 19 7
45 948 52 3
45 976 43 14
46 49 20 1
46 124 39 3
46 276 50 10
46 341 43 10
46 393 58 1
46 438 17 1
46 705 10 8
46 743 47 12
46 976 54 2
47 157 33 9
47 183 45 13
47 517 17 9
47 683 51 1
47 906 46 10
47 968 54 4
48 73 30 2
48 182 33 5
48 225 32 3
48 241 6 6
48 346 39 2
48 431 20 14
48 443 34 12
48 525 48 10
48 576 37 9
48 599 50 2
48 651 18 6
48 804 40 15
48 865 18 14
49 108 15 7
49 286 40 15
49 334 48 3
49 415 9 10
49 418 32 12
49 495 16 14
49 564 15 13
49 590 47 10
49 661 13 12
50 140 36 12
50 183 41 2
50 227 49 13
50 229 58 4
50 337 41 15
50 529 59 3
50 598 33 10
50 835 3 12
50 900 58 1
51 133 20 5
51 274 26 1
51 882 4 9
51 899 15 7
52 234 44 6
52 245 16 6
52 362 57 8
52 558 6 3
52 582 54 10
52 607 6 8
52 703 27 8
52 954 2 14
52 955 21 2
53 96 54 6
53 428 23 1
53 545 46 4
53 583 12 13
53 701 32 15
53 976 45 9
54 209 45 10
54 211 10 1
54 215 27 10
54 239 51 14
54 617 53 13
54 641 41 6
54 660 18 10
54 675 59 13
54 700 44 10
55 160 40 15
55 181 36 14
55 422 9 6
55 441 32 1
55 523 32 4
55 525 16 12
55 643 18 5
55 822 47 12
55 934 9 1
56 117 21 13
56 178 52 12
56 201 21 12
56 239 29 4
56 584 9 4
56 599 13 7
56 807 30 13
56 894 25 1
56 921 53 1
56 973 18 3
57 78 47 15
57 88 44 13
57 140 58 5
57 293 50 14
57 401 50 10
57 450 8 11
57 466 11 11
57 489 4 1
57 705 40 5
57 750 2 10
57 758 59 2
57 776 5 14
57 927 38 14
58 113 39 12
58 291 53 5
58 314 31 2
58 316 12 8
58 319 55 1
58 393 4 15
58 434 33 5
58 691 17 7
59 128 2 10
59 141 5 14
59 168 8 3
59 177 41 2
59 230 59 6
59 282 56 13
59 319 46 7
59 371 52 10
59 600 28 6
59 735 59 3
60 73 33 2
60 75 48 5
60 194 19 5
60 250 1 9
60 333 34 3
60 442 20 5
60 511 24 5
60 643 44 5
60 710 60 10
60 828 31 7
60 847 21 15
61 326 15 7
61 560 23 5
61 678 38 7
62 84 29 5
62 90 37 11
62 348 16 7
62 448 30 1
62 495 49 1
62 711 10 6
63 216 46 11
63 295 18 1
63 300 40 6
63 331 5 14
63 404 48 14
64 113 8 7
64 262 36 8
64 767 35 13
64 861 1 7
64 886 32 4
65 184 27 14
65 291 40 14
65 379 16 10
65 444 7 5
65 955 19 13
66 448 13 6
66 698 34 7
66 754 25 8
66 928 44 3
67 339 28 13
67 356 7 8
67 793 58 6
67 814 49 6
67 901 39 7
68 71 25 10
68 100 35 11
68 124 31 14
68 131 39 13
68 442 17 5
68 558 42 13
69 192 1 14
69 238 17 14
69 290 59 4
69 401 58 3
69 418 32 1
69 420 9 9
69 484 47 5
69 633 15 5
69 707 24 4
69 768 5 6
70 128 19 9
70 301 2 11
70 375 57 1
70 537 34 3
70 911 28 6
71 138 60 3
71 193 24 11
71 306 16 8
71 368 51 2
71 505 44 15
71 537 3 5
71 542 46 5
71 765 31 10
71 815 23 9
71 866 34 12
71 945 55 2
72 265 34 7
72 315 48 2
72 392 45 4
72 511 19 15
72 609 47 13
72 729 42 13
72 888 26 7
73 137 58 5
73 184 40 8
73 279 60 11
73 414 19 11
73 628 42 1
73 647 32 3
73 717 37 8
73 854 4 11
74 171 22 10
74 421 12 3
74 478 3 3
74 487 32 5
74 550 32 1
74 620 7 7
74 743 58 3
74 757 53 8
74 855 40 12
75 241 34 10
75 926 16 6
76 160 16 14
76 165 21 8
76 193 4 12
76 216 48 7
76 244 45 6
76 300 8 4
76 349 11 4
76 390 48 1
76 453 39 14
76 839 14 15
77 424 9 5
77 494 47 12
77 674 6 15
77 743 18 4
77 926 9 4
77 961 28 3
78 251 52 13
78 288 13 3
79 139 55 5
79 156 28 11
79 371 50 15
79 478 24 15
79 510 32 7
79 756 57 8
79 861 35 13
79 863 60 5
79 878 54 5
79 923 30 4
80 216 55 12
80 394 55 1
80 550 13 15
80 644 16 7
80 791 42 8
80 863 8 4
81 95 45 6
81 171 29 6
81 361 40 2
81 580 59 2
82 244 3 7
82 759 47 10
82 831 49 11
83 267 50 8
83 321 6 4
83 684 58 14
83 750 34 12
83 849 19 1
83 888 17 6
84 445 56 2
84 449 1 3
84 454 7 13
84 469 50 14
84 487 21 5
84 523 40 11
84 586 50 12
84 604 34 12
84 862 46 3
84 941 8 15
85 209 46 12
85 221 29 15
85 260 41 14
85 322 28 4
85 374 48 3
85 399 40 11
85 513 47 15
86 171 26 13
86 330 23 10
86 532 44 2
86 577 4 5
86 735 13 5
86 916 60 14
86 974 22 8
87 206 55 11
87 208 15 10
87 265 39 15
87 407 38 4
87 420 56 14
87 495 13 8
87 526 49 10
87 595 46 8
88 451 60 15
88 474 26 4
88 644 22 14
88 693 53 2
88 698 3 9
88 768 20 13
88 934 52 12
89 236 24 1
89 350 41 15
89 390 23 9
89 604 35 9
89 674 59 9
89 833 60 12
89 885 29 4
90 98 60 15
90 160 55 2
90 227 34 11
90 355 40 13
90 367 14 3
90 376 14 4
90 552 1 14
90 598 55 12
90 653 23 9
90 671 33 11
90 865 5 1
90 883 45 11
91 187 45 8
91 423 54 1
91 430 51 6
91 441 43 13
91 488 3 11
91 637 59 2
91 721 34 4
91 838 11 14
92 308 18 7
92 366 27 1
92 434 38 9
92 437 47 8
92 468 11 4
92 502 44 5
92 531 17 12
92 925 15 1
92 953 39 7
92 974 52 4
93 117 8 10
93 118 35 5
93 152 23 5
93 270 6 11
93 598 43 8
94 102 41 15
94 173 54 6
94 622 3 10
94 685 16 3
94 700 3 14
94 750 22 9
94 753 14 7
94 813 1 5
95 309 9 15
95 567 57 15
95 605 3 7
95 609 19 9
96 331 60 5
96 459 3 1
96 472 26 9
96 708 6 7
96 748 9 10
96 837 10 3
97 205 12 9
97 210 36 5
97 352 20 15
97 395 8 11
97 456 1 9
97 694 59 10
97 915 23 1
97 917 12 15
99 204 22 12
99 262 19 2
99 418 58 15
99 778 36 14
99 904 59 3
99 944 36 9
99 964 40 12
100 147 35 10
100 387 14 14
100 433 28 1
100 449 26 2
100 545 22 8
100 599 39 8
100 675 33 2
100 729 50 9
101 249 29 12
101 364 28 8
101 398 26 7
101 435 17 2
101 550 41 15
101 751 59 9
101 787 59 3
101 874 27 15
102 163 27 6
102 189 32 3
102 269 3 13
102 294 15 2
102 314 40 13
102 405 15 15
102 541 46 1
102 653 48 12
102 680 34 7
102 822 32 14
102 848 28 7
103 306 26 6
103 497 12 1
103 519 18 13
103 702 45 5
103 792 14 6
103 810 38 4
103 843 22 6
104 135 19 13
104 227 23 4
104 242 24 10
104 320 47 3
104 432 24 12
104 504 57 15
104 674 47 9
104 841 21 2
105 184 43 1
105 230 55 11
105 504 58 3
105 517 27 5
105 568 1 11
105 569 53 13
105 618 36 12
105 741 2 3
105 964 55 13
106 267 44 14
106 310 41 2
106 333 24 10
106 401 7 8
106 432 49 12
106 457 8 8
106 464 60 5
106 513 14 4
106 583 34 13
106 593 42 7
106 664 7 14
106 694 47 12
106 790 52 5
106 907 52 15
106 963 53 13
107 474 14 2
107 499 2 13
107 747 58 5
107 749 45 2
107 928 7 15
108 320 16 12
108 346 18 13
108 504 39 7
108 657 44 2
108 710 49 12
108 731 48 14
109 130 32 14
109 208 23 4
109 385 1 13
109 714 27 9
110 371 9 11
110 514 28 11
110 555 43 9
110 591 49 1
110 914 25 5
110 974 49 4
111 443 41 8
111 508 11 9
111 523 1 1
111 906 43 13
111 908 40 1
112 314 15 4
112 382 19 2
112 913 18 5
113 134 59 2
113 209 9 14
113 235 45 13
113 340 43 6
113 370 3 14
113 521 27 3
113 696 11 7
113 782 54 7
113 840 14 13
113 907 4 9
113 932 42 7
114 182 35 7
114 355 36 15
114 502 26 2
114 504 31 5
114 560 41 11
114 647 5 9
114 719 30 3
114 750 8 12
115 132 57 9
115 139 9 12
115 209 25 10
115 391 27 2
115 399 2 2
115 409 42 8
115 464 17 14
115 753 30 12
116 228 26 10
116 475 2 10
116 502 59 11
116 817 15 8
117 259 25 8
117 306 26 13
117 355 18 14
117 559 14 12
117 614 41 13
117 631 54 7
117 763 12 13
117 826 18 13
117 948 2 15
118 348 38 4
118 403 57 6
118 435 46 9
118 574 26 10
118 635 32 12
118 785 30 10
118 801 1 8
119 239 44 10
119 259 37 14
119 264 19 13
119 266 24 12
119 413 56 12
119 465 7 4
119 479 7 5
119 493 60 7
119 570 21 1
120 196 51 8
120 252 43 14
120 553 5 1
120 716 5 14
121 243 44 14
121 265 3 14
121 328 19 5
121 567 39 6
121 867 32 15
122 134 46 15
122 323 44 1
122 494 2 11
122 642 58 2
122 695 40 10
122 744 54 12
122 819 11 8
122 843 22 14
122 938 19 13
122 943 18 7
122 961 27 1
123 321 3 11
123 350 34 8
123 404 11 8
123 609 49 4
123 639 30 1
123 809 56 9
123 868 2 5
124 301 44 15
124 456 18 2
124 476 58 10
124 690 5 1
124 723 52 14
124 766 28 7
124 933 54 3
125 255 56 14
125 370 1 13
125 435 6 3
125 599 38 11
125 729 18 1
125 753 58 6
125 893 7 13
126 201 54 8
126 355 20 10
126 434 8 3
126 651 16 3
126 769 43 11
126 800 14 15
126 912 43 7
126 920 36 3
126 959 15 9
127 217 9 13
127 285 9 9
127 326 56 10
127 421 23 8
127 464 20 13
127 512 14 9
127 564 9 11
127 636 39 13
127 811 53 5
127 966 24 10
127 968 38 7
128 277 29 9
128 394 27 2
128 609 19 1
128 853 24 6
129 332 19 14
129 558 7 3
129 761 9 9
129 854 15 11
129 936 56 15
130 210 42 14
130 744 52 3
131 154 3 2
131 248 33 15
131 272 4 6
131 325 43 1
131 449 47 2
131 543 42 2
131 860 48 15
131 912 52 12
132 220 36 7
132 330 39 14
132 334 9 3
132 474 24 1
132 508 22 14
132 541 24 11
132 781 38 13
132 790 56 9
133 347 48 3
133 430 14 7
133 862 28 6
134 166 30 4
134 242 24 4
134 412 41 15
134 447 23 3
134 469 43 10
134 518 8 3
134 657 60 8
134 764 60 3
134 905 43 9
135 183 13 15
135 366 45 1
135 719 54 7
135 854 3 1
136 288 4 12
136 344 52 9
136 353 44 7
136 459 41 6
136 583 35 7
136 614 3 2
136 831 33 2
137 294 59 1
137 425 17 3
137 633 12 13
137 640 56 7
137 795 20 5
138 182 34 1
138 423 29 2
138 505 27 12
138 794 33 2
138 798 6 11
138 815 3 4
139 297 43 8
139 341 39 10
139 390 46 9
139 627 47 9
139 822 10 14
139 885 49 11
140 605 29 14
140 833 30 6
140 876 50 12
140 968 33 10
141 155 54 2
141 191 32 15
141 267 51 2
141 448 19 10
141 501 31 11
141 649 4 7
141 748 23 6
142 681 35 4
142 684 47 14
142 707 5 12
143 163 1 12
143 245 48 12
143 632 50 9
144 194 9 13
144 437 42 15
144 502 18 3
144 558 29 12
144 640 45 11
144 661 26 13
144 742 36 6
144 748 29 15
144 861 57 11
144 863 7 3
145 370 7 12
145 388 57 10
145 452 32 3
145 617 18 14
145 663 3 9
145 702 45 7
145 890 33 13
145 926 18 10
146 203 7 3
146 366 16 2
146 435 7 1
146 569 45 5
146 663 52 14
146 736 31 3
146 770 44 8
146 788 40 12
147 253 22 12
147 296 60 15
147 399 53 13
147 551 2 2
147 751 24 11
147 868 32 1
147 891 32 1
147 901 22 13
147 969 30 2
148 195 57 13
148 411 47 6
148 435 9 13
148 538 27 11
148 585 49 5
148 715 16 1
148 771 55 15
148 774 37 8
148 793 8 13
148 833 50 11
148 935 6 1
149 161 51 10
149 450 49 1
149 653 4 14
149 696 57 12
149 880 11 1
149 968 17 10
150 268 35 15
150 294 35 10
150 365 42 2
150 605 16 5
150 899 9 9
150 901 53 10
151 155 34 9
151 227 32 3
151 285 32 14
151 365 3 5
151 438 16 12
151 499 26 10
151 554 31 1
151 674 25 13
151 884 42 15
151 889 12 12
151 943 11 12
152 243 3 1
152 305 15 6
152 370 11 7
152 408 54 3
152 666 11 2
152 793 28 3
152 795 27 8
152 949 9 2
153 388 19 13
153 403 12 1
153 502 58 10
153 605 42 3
153 726 54 15
153 755 17 4
153 833 22 11
153 856 5 10
154 198 51 1
154 235 29 9
154 335 14 6
154 342 28 2
154 533 5 11
154 944 22 2
155 180 44 8
155 373 52 13
155 492 17 13
155 495 17 2
155 575 24 10
155 659 16 2
155 705 3 15
155 828 50 10
156 209 45 6
156 230 60 4
156 321 45 9
156 338 30 10
156 349 8 4
156 641 20 7
156 651 27 8
156 693 2 9
157 198 55 14
157 730 34 10
158 206 23 9
158 257 4 10
158 531 3 5
158 582 24 9
158 641 7 11
158 922 9 7
159 390 59 12
159 454 56 6
159 721 58 14
160 176 45 7
160 196 55 15
160 210 27 15
160 268 12 12
160 301 48 14
160 405 6 13
160 427 45 12
160 429 54 4
160 433 35 5
160 438 16 6
160 509 35 3
160 791 33 14
161 263 34 14
161 306 6 4
161 379 26 15
161 398 39 5
161 489 5 15
161 517 60 2
161 530 60 9
161 712 10 5
161 839 29 5
162 213 13 12
162 215 10 9
163 322 40 4
163 411 57 2
163 425 55 11
163 466 7 13
163 540 45 10
163 734 31 1
163 772 7 6
164 243 8 9
164 260 5 14
164 273 60 4
164 402 36 10
164 483 49 3
164 624 34 15
164 799 22 14
164 930 6 6
165 364 50 1
165 562 12 9
165 583 57 4
166 191 20 12
166 606 23 12
166 645 36 5
166 668 37 8
166 775 60 8
166 789 47 1
166 795 35 8
166 847 57 6
167 222 11 3
167 470 28 6
167 493 9 14
167 620 58 15
167 961 41 1
168 321 36 4
168 951 26 15
169 258 16 1
169 320 17 5
169 376 43 13
169 506 30 4
169 571 3 1
169 643 51 4
169 708 38 1
169 768 26 10
169 944 51 12
170 279 50 6
170 457 14 11
170 508 59 1
170 613 48 15
170 661 28 6
170 775 23 12
170 920 55 14
171 215 34 7
171 217 32 6
171 437 18 8
171 447 56 10
171 814 42 13
171 941 3 5
172 206 20 12
172 208 33 11
172 345 55 15
172 357 22 4
172 395 40 6
172 561 7 13
172 812 35 8
173 240 7 3
173 352 27 8
173 367 32 3
173 539 37 5
173 747 2 9
173 974 59 10
174 222 12 4
174 328 48 1
174 497 18 11
174 610 9 8
174 776 38 11
174 898 5 4
174 919 19 9
174 931 22 12
175 276 44 8
175 535 25 5
175 779 23 6
176 322 35 13
176 389 23 7
176 455 60 6
176 781 26 11
176 876 52 9
176 901 54 14
177 372 30 10
177 510 4 14
177 560 25 10
177 605 15 1
177 608 11 13
177 633 6 14
177 649 46 1
177 868 1 2
177 881 47 10
177 893 18 6
177 961 9 10
178 311 40 6
178 384 34 11
178 391 37 5
178 453 31 13
178 727 49 12
178 773 13 8
178 868 49 5
178 873 34 3
178 962 16 12
179 201 22 12
179 256 26 11
179 303 7 3
179 366 36 15
179 403 4 14
179 532 54 2
179 614 14 2
179 706 19 11
179 738 57 7
179 899 45 2
180 199 57 4
180 265 36 14
180 586 57 11
180 760 57 6
181 194 34 6
181 236 4 15
181 456 43 14
181 463 18 7
181 472 5 15
181 477 1 13
181 642 28 14
181 710 58 14
181 771 52 1
181 854 3 4
182 222 13 1
182 262 9 3
182 494 60 1
182 616 12 10
182 650 3 12
182 804 52 9
183 330 25 13
183 393 26 8
183 396 28 15
183 401 44 10
183 749 9 9
183 833 14 6
183 879 12 15
184 423 11 13
184 820 21 10
184 883 36 3
185 201 15 9
185 285 30 15
185 297 40 15
185 305 13 4
185 405 13 5
185 613 22 12
185 792 32 7
185 828 33 14
186 221 35 3
186 288 42 9
186 491 28 1
186 708 45 5
186 710 44 6
186 928 9 8
186 973 47 9
187 503 37 14
187 762 21 4
187 789 7 3
187 907 45 4
187 933 38 12
187 965 35 15
188 373 28 15
188 415 19 8
188 703 25 6
188 723 22 3
188 727 6 7
188 729 50 15
188 816 18 8
188 883 40 7
189 193 8 13
189 480 32 11
189 704 45 13
189 800 7 3
189 841 42 14
189 905 34 11
189 906 11 13
190 386 58 13
190 410 16 12
190 741 8 5
190 780 3 7
190 892 32 2
190 908 19 10
190 964 52 6
190 968 55 13
191 214 27 13
191 342 25 13
191 589 50 1
191 782 55 15
191 818 51 9
191 890 40 9
192 255 2 13
192 489 25 10
192 771 20 8
192 788 37 12
192 846 30 13
193 232 45 7
193 280 29 6
193 291 14 6
193 360 14 8
193 395 34 1
193 474 19 5
193 489 59 9
193 515 36 1
193 594 23 3
193 814 7 3
193 826 54 12
193 857 40 5
193 893 51 12
194 316 28 9
194 329 25 13
194 417 22 10
194 552 10 12
194 728 5 13
194 750 37 12
194 804 46 1
194 807 44 6
195 201 13 4
195 259 18 5
195 267 4 15
195 359 29 15
195 421 50 9
195 458 52 13
195 519 7 1
195 554 44 3
195 797 31 13
196 282 42 2
196 410 8 13
196 428 24 6
196 530 52 4
196 556 25 2
196 678 51 6
196 701 39 6
196 734 22 7
196 905 22 13
197 428 12 12
197 502 20 7
197 664 31 5
197 768 22 15
197 780 47 2
197 836 39 3
197 899 8 3
198 379 19 7
198 424 58 15
198 553 36 7
198 792 46 2
199 244 5 5
199 554 36 1
199 615 8 4
199 648 51 1
199 745 57 3
199 767 53 11
199 775 50 14
199 804 31 8
199 938 5 14
200 277 2 6
200 366 2 7
200 482 42 13
200 622 36 11
200 797 42 14
200 866 53 12
201 326 56 4
201 514 5 6
201 629 25 10
201 711 27 2
201 747 14 5
201 840 55 4
202 244 33 9
202 287 9 3
202 352 31 2
202 410 44 11
202 648 40 11
202 909 29 10
203 281 8 3
203 765 51 9
204 412 53 15
204 415 34 7
204 650 11 7
204 810 17 7
204 872 30 6
205 247 27 10
205 405 35 8
205 448 52 3
205 548 7 11
205 565 20 7
205 849 48 14
205 931 49 2
206 256 4 13
206 457 58 7
206 827 51 11
206 856 10 8
207 471 47 9
207 839 48 12
207 888 47 14
207 961 37 6
207 975 30 8
208 325 9 4
208 521 32 1
208 569 18 7
208 574 46 9
208 588 2 4
208 590 29 10
208 607 5 7
209 244 25 4
209 579 5 6
209 740 56 8
209 938 6 7
209 976 60 3
210 592 4 5
210 643 57 10
210 647 44 9
210 715 8 13
210 848 5 12
211 471 49 13
211 531 1 3
211 722 21 5
211 806 52 13
211 925 34 11
212 478 22 2
212 587 45 8
212 609 51 9
212 627 51 8
212 678 42 10
212 845 1 12
213 604 13 6
213 653 45 12
213 753 60 15
213 797 42 8
214 322 44 14
214 478 29 2
214 547 12 15
214 570 34 14
214 594 39 13
214 648 54 5
214 753 21 2
214 855 6 3
215 336 16 10
215 513 40 15
215 866 54 8
216 442 37 1
216 452 38 7
216 455 47 4
216 468 48 15
216 686 41 8
216 890 32 2
216 934 25 5
217 235 45 14
217 562 30 3
217 609 37 9
217 689 6 2
217 698 46 3
217 708 41 12
217 972 9 1
218 283 25 5
218 583 35 14
218 692 53 11
218 716 4 3
218 749 24 9
218 875 10 11
218 918 32 13
219 251 43 11
219 539 22 4
219 559 38 8
219 616 15 12
219 757 26 10
219 936 11 6
219 963 17 12
219 972 29 13
220 567 22 14
220 659 28 11
220 935 37 15
220 936 25 5
221 245 9 3
221 331 43 6
221 747 17 4
221 815 29 3
221 953 11 7
222 232 3 5
222 266 24 7
222 446 11 13
222 461 5 3
222 632 6 8
223 268 42 14
223 309 39 11
223 340 36 3
223 355 56 2
223 623 16 10
223 724 8 14
223 905 19 5
224 269 40 1
224 270 44 11
224 366 60 12
224 490 59 8
224 725 55 3
225 282 1 12
225 330 56 7
225 333 21 5
225 504 46 9
225 639 13 10
226 339 3 10
226 392 31 4
226 614 37 3
226 637 36 2
226 665 26 9
226 675 56 9
226 711 22 9
226 763 1 6
226 879 16 12
227 252 57 4
227 282 11 8
227 289 43 14
227 309 10 6
227 737 46 11
227 758 25 15
227 833 13 7
227 890 49 9
228 272 57 7
228 398 13 9
228 481 49 4
228 588 20 7
228 829 15 3
229 504 26 14
229 544 2 3
229 653 50 5
229 805 30 6
230 321 14 4
230 329 60 10
230 409 3 7
230 544 48 2
230 698 35 3
230 717 19 8
230 729 8 11
230 763 35 7
230 889 43 5
231 305 11 15
231 325 54 5
231 350 11 7
231 361 1 4
231 575 39 1
231 786 47 3
231 838 10 6
231 874 23 4
232 432 38 5
232 581 50 5
232 692 8 13
232 926 25 7
232 942 32 10
233 235 43 7
233 403 29 14
233 467 26 14
233 527 7 8
233 641 9 1
233 915 38 10
233 916 6 6
233 961 16 5
234 351 18 11
234 532 26 9
234 689 53 5
235 287 30 1
235 324 10 7
235 491 57 7
235 500 41 14
235 613 53 3
235 661 57 7
235 806 35 6
235 814 42 12
235 939 33 5
236 395 43 6
236 624 20 9
236 695 15 13
236 736 35 14
236 824 50 1
236 972 42 5
237 302 5 9
237 328 55 7
237 343 33 11
237 349 40 11
237 399 59 2
237 535 54 7
237 610 54 9
238 426 21 9
238 726 50 6
238 799 51 2
238 801 20 13
239 382 7 2
239 446 48 7
239 715 32 2
239 927 36 1
239 968 49 14
240 310 23 8
240 579 37 10
241 284 56 14
241 487 20 13
241 697 26 3
241 724 43 7
241 743 22 10
241 758 29 8
241 788 25 12
241 800 34 7
242 368 48 13
242 461 38 2
242 740 9 7
242 886 57 13
243 344 27 10
243 369 30 15
243 482 33 14
243 503 41 8
243 654 43 10
243 705 52 10
243 733 27 7
243 895 18 5
243 934 27 1
244 421 13 5
244 476 29 12
244 517 32 1
244 524 40 14
244 606 48 4
245 568 13 11
245 577 47 11
245 661 28 4
245 692 17 8
246 442 2 10
246 659 21 7
246 876 5 10
246 891 50 9
246 897 17 8
246 972 5 1
247 327 23 2
247 439 28 2
247 512 20 6
247 860 36 13
248 451 14 5
248 587 1 5
248 651 11 15
249 297 7 15
249 319 41 13
249 520 10 2
249 532 39 9
249 646 53 12
249 736 2 5
249 861 52 14
249 951 55 9
250 275 59 7
250 684 56 9
250 763 55 5
250 886 29 3
250 971 31 12
251 266 3 8
251 313 37 3
251 474 59 10
251 716 58 11
251 743 49 12
251 889 47 1
251 898 56 13
252 488 57 11
252 645 44 3
252 689 48 6
252 815 4 10
253 301 38 3
253 305 45 3
253 358 47 12
253 480 17 1
253 490 34 9
253 509 3 4
253 743 43 4
254 390 31 4
254 399 51 12
254 615 56 14
254 693 1 4
254 755 17 12
254 877 51 12
254 894 47 9
254 909 39 10
255 259 39 14
255 284 27 9
255 298 54 1
255 311 1 5
255 514 53 1
255 707 36 7
255 912 45 10
255 974 58 3
256 302 48 7
256 350 43 1
256 358 26 8
256 442 40 7
256 448 22 2
256 586 7 11
256 661 19 4
256 779 17 4
256 872 51 9
257 315 36 9
257 403 3 13
257 643 36 4
257 682 17 12
257 739 24 12
257 942 27 13
258 299 23 5
258 339 46 1
258 355 1 10
258 393 13 6
258 510 7 1
258 667 60 8
258 703 30 4
258 899 4 3
258 959 10 13
258 962 34 15
259 395 53 8
259 648 60 13
259 867 11 14
259 874 4 2
259 911 41 14
260 321 5 6
260 360 2 11
260 418 38 3
260 463 40 13
260 494 17 10
260 513 18 15
260 575 32 4
260 583 14 1
260 797 21 2
261 506 22 2
261 544 41 12
261 620 55 2
261 639 24 1
261 665 22 1
261 827 11 10
261 957 30 15
262 283 48 13
262 446 18 10
262 492 23 8
262 847 2 6
263 392 33 14
263 437 15 3
263 484 11 9
263 629 47 3
263 669 32 14
263 683 49 14
263 731 39 7
263 763 22 13
263 910 32 1
263 945 13 7
264 287 5 12
264 306 44 11
264 347 11 10
264 362 43 15
264 409 46 12
264 419 10 15
265 583 38 15
265 803 24 9
265 901 5 7
266 285 30 13
266 317 15 14
266 349 42 12
266 417 38 10
266 422 36 7
266 624 30 5
267 338 4 8
267 367 55 2
267 453 52 9
267 562 35 6
267 566 22 13
267 751 1 5
267 948 51 4
268 331 53 11
268 395 12 13
268 412 50 6
268 414 16 4
268 427 47 5
268 484 60 4
268 562 8 4
268 569 42 9
268 791 28 3
268 810 30 12
269 277 60 1
269 330 21 9
269 438 36 2
269 447 2 11
269 772 10 4
269 910 39 2
270 408 47 8
270 547 59 14
270 588 31 8
270 768 40 13
270 805 15 1
270 893 47 6
270 976 23 4
271 481 8 11
271 563 5 12
271 717 46 10
271 873 5 6
272 324 37 4
272 580 41 7
272 846 52 9
272 871 40 6
272 895 23 3
272 976 10 9
273 379 46 14
273 577 32 6
273 734 19 4
273 963 26 13
274 296 38 9
274 396 33 3
274 451 1 4
274 528 13 4
274 710 51 4
274 719 36 4
274 871 41 12
275 300 21 1
275 469 56 1
275 806 9 10
275 831 13 8
275 862 52 15
275 910 32 15
276 420 50 14
276 648 46 8
276 751 41 12
277 530 34 10
278 357 32 8
278 385 46 10
278 586 16 2
278 874 40 14
278 936 32 3
279 327 38 15
279 385 2 10
279 451 27 3
279 460 43 13
279 707 34 5
280 535 19 5
280 674 25 7
281 488 10 2
281 567 43 10
281 597 32 5
281 697 4 4
281 707 38 13
281 975 12 1
282 690 21 4
282 744 54 12
283 454 31 8
283 519 17 11
283 789 11 11
283 853 11 11
284 429 37 5
284 488 21 2
284 643 56 8
284 707 9 1
284 792 21 12
284 831 41 9
285 298 45 3
285 305 44 5
285 609 37 7
285 795 1 4
285 849 19 2
285 862 22 7
286 340 28 14
286 539 40 10
286 557 53 7
286 639 47 11
286 761 4 5
287 407 39 3
287 674 23 9
287 791 19 2
287 801 19 15
287 884 33 11
287 925 58 2
288 640 27 4
288 667 49 4
288 897 28 1
288 927 44 2
288 939 33 8
289 296 16 5
289 449 41 10
289 550 51 1
289 714 12 15
290 323 58 10
290 358 5 15
290 419 13 4
290 482 26 5
290 483 20 2
290 530 25 1
290 818 60 6
291 518 15 14
291 642 60 3
291 678 17 8
292 464 32 1
292 645 36 12
292 734 19 4
292 739 4 6
292 848 29 1
292 924 20 14
293 320 45 15
293 349 29 10
293 419 24 1
293 651 21 3
293 656 50 6
293 742 15 14
293 789 22 1
293 863 33 15
294 391 34 14
294 445 51 5
294 564 44 11
294 643 57 11
294 650 37 12
294 677 30 3
295 340 54 13
295 372 8 4
295 449 20 2
295 579 34 6
295 648 59 13
295 683 37 7
295 714 1 7
295 734 55 5
295 794 43 2
296 370 47 10
296 415 46 5
296 482 24 9
296 664 57 11
296 676 35 6
297 308 33 1
297 406 4 4
297 708 54 13
298 317 29 7
298 321 14 11
298 400 8 1
298 526 39 3
298 617 6 5
298 873 26 11
298 922 56 5
298 932 50 14
299 543 51 3
299 584 53 2
299 728 21 11
299 889 6 13
300 324 32 7
300 347 14 14
300 378 53 3
300 593 58 14
300 671 13 7
300 814 36 14
300 822 44 1
300 893 20 15
300 895 20 9
301 316 45 10
301 354 22 12
301 521 50 14
301 665 39 9
301 813 25 14
302 385 60 6
302 399 29 4
302 656 58 9
302 660 52 15
302 710 60 13
302 880 56 8
302 927 40 2
302 955 20 3
303 413 36 12
303 737 48 14
303 881 57 2
304 331 20 6
304 727 10 4
304 869 6 12
306 521 50 7
306 607 33 1
306 616 21 11
306 709 12 13
307 578 33 10
307 600 28 6
307 626 39 1
307 727 24 6
307 793 42 7
307 804 2 10
307 904 41 9
307 934 9 3
308 321 35 4
308 487 6 13
309 498 3 13
309 676 45 2
310 315 31 10
310 522 38 8
310 636 39 8
310 757 1 7
310 857 13 9
310 898 52 6
310 937 1 6
310 955 48 15
311 339 37 1
311 539 36 9
311 560 13 13
311 618 36 10
311 669 47 15
311 789 38 12
311 812 59 1
312 355 47 11
312 377 39 15
312 540 49 15
312 574 24 3
312 729 49 3
312 765 31 3
312 891 43 11
312 902 58 12
313 357 18 6
313 359 56 14
313 361 34 13
313 497 9 7
313 604 48 2
313 636 16 11
313 701 55 13
313 814 47 7
313 873 58 14
313 888 57 15
313 905 4 10
313 927 2 10
314 371 14 6
314 747 55 2
314 907 18 15
315 404 17 3
315 555 58 5
315 626 9 14
315 675 19 15
315 743 35 10
315 824 59 14
315 846 51 14
315 970 58 6
316 369 6 8
316 399 36 10
316 624 47 6
316 699 14 1
316 759 23 4
316 789 11 15
316 849 9 10
317 474 59 5
317 523 10 14
318 330 42 12
318 357 37 3
318 552 12 7
318 780 51 6
318 828 39 2
318 857 41 2
319 391 23 1
319 399 28 7
319 472 21 2
319 532 2 3
319 533 43 7
319 558 56 7
319 668 60 9
319 731 20 9
319 914 36 6
319 919 22 2
319 935 1 14
319 948 60 4
320 381 2 12
320 494 39 12
320 598 43 6
320 695 5 5
320 726 49 15
320 859 30 11
320 881 52 3
320 939 6 6
321 407 57 5
321 491 13 7
321 515 5 10
321 724 18 2
321 838 53 8
322 490 6 13
322 588 35 13
322 590 54 6
322 889 33 6
323 535 37 13
323 689 23 14
323 765 39 13
323 772 38 3
324 608 1 10
324 646 37 11
324 838 25 13
324 971 7 14
325 356 44 12
325 440 53 1
325 601 16 15
325 928 12 13
326 414 1 11
326 432 33 11
326 898 9 13
327 441 25 15
327 448 24 14
327 528 10 5
327 549 59 15
327 615 22 6
327 704 9 15
327 784 48 10
327 806 36 14
327 843 11 6
327 856 59 12
327 883 16 13
327 918 42 8
328 391 42 3
328 688 3 14
328 936 47 15
328 972 1 14
329 542 29 14
329 675 30 10
329 815 52 15
329 837 32 3
329 893 18 7
330 410 9 11
330 534 57 11
330 544 44 3
330 824 36 9
331 673 38 7
331 720 15 11
331 937 23 8
332 442 57 2
332 517 56 8
332 717 17 13
332 739 8 13
332 877 46 8
332 964 38 3
333 545 43 1
333 743 9 15
333 787 33 2
334 363 10 7
334 447 56 3
334 518 59 8
334 716 13 5
334 814 36 4
334 923 19 10
335 377 17 2
335 478 8 9
335 741 38 4
335 765 41 15
335 816 50 6
336 369 4 9
336 559 11 12
336 566 2 14
336 623 23 12
336 914 23 14
336 944 23 4
337 432 28 10
337 517 36 10
337 599 55 3
337 607 14 11
337 785 30 5
338 353 11 10
338 549 53 12
338 652 57 10
338 668 1 4
338 799 60 8
338 907 7 11
339 423 38 3
339 426 16 3
339 610 21 4
339 857 6 11
340 361 18 9
340 393 36 10
340 452 17 5
340 686 27 14
340 807 54 11
341 375 27 11
341 484 51 8
341 553 43 9
341 956 26 6
342 390 23 3
342 632 23 6
342 966 23 8
343 354 9 3
343 415 42 10
343 459 28 14
343 563 14 8
343 681 7 1
343 812 60 7
343 950 22 12
344 502 9 14
344 653 22 7
344 867 30 14
345 415 58 13
345 471 50 7
345 486 39 13
345 536 33 2
345 558 50 10
345 600 31 8
345 680 12 9
346 355 15 9
346 392 15 11
346 446 34 14
346 512 25 7
346 714 17 5
346 783 49 5
347 509 15 5
347 559 19 5
347 563 4 2
347 582 40 2
347 722 35 13
347 800 5 15
347 885 48 9
348 383 48 7
348 737 36 5
348 771 4 10
348 808 12 13
348 903 56 8
349 471 40 4
349 480 43 2
349 516 58 11
349 590 16 11
349 644 13 4
349 688 26 5
349 747 17 11
350 549 53 8
350 757 13 1
350 890 55 2
350 971 10 3
351 358 15 15
351 508 14 15
351 537 11 5
351 667 53 2
351 749 15 14
351 830 44 12
351 877 7 12
351 884 43 4
351 889 52 13
352 460 5 7
352 678 30 10
352 693 28 10
352 740 4 5
352 795 43 11
352 941 9 2
353 551 15 7
353 610 8 8
353 630 49 9
353 789 45 14
353 848 35 3
354 447 31 11
354 580 13 8
354 693 50 14
354 714 58 10
354 744 38 10
354 898 19 1
355 576 51 3
355 606 51 5
355 668 34 15
355 733 46 5
355 746 21 13
355 801 50 11
356 358 43 7
356 410 42 10
356 440 15 10
356 565 40 3
356 830 18 3
356 850 30 12
357 439 14 8
357 574 30 1
357 589 45 12
357 670 32 6
357 925 57 12
358 451 21 13
358 597 60 3
358 637 21 9
358 655 2 4
358 961 31 15
359 438 53 7
359 454 25 2
359 727 60 8
359 755 26 11
359 785 1 3
359 916 25 7
359 959 6 13
360 375 42 1
360 563 45 11
360 600 8 8
360 654 20 2
360 741 10 15
360 870 4 5
361 506 25 6
361 586 40 15
361 849 23 9
362 778 39 15
362 814 22 12
362 842 57 9
362 844 15 4
362 940 5 12
362 943 41 4
363 460 32 12
363 474 32 15
363 498 29 10
363 532 14 9
363 631 30 9
363 700 7 7
363 747 20 5
363 888 59 9
363 913 54 7
364 383 2 4
364 474 22 6
364 524 47 15
364 555 45 7
364 733 41 5
364 894 11 1
365 399 20 7
365 409 54 12
366 723 4 5
366 782 56 7
366 797 53 12
366 904 22 15
367 391 4 9
367 419 33 12
367 567 25 4
367 675 4 8
367 694 12 11
367 810 39 7
367 914 20 3
367 916 29 6
367 948 43 3
368 377 58 2
368 386 17 4
368 420 19 8
368 446 33 10
368 561 16 9
368 602 42 3
368 692 27 6
368 697 18 15
368 777 58 2
368 972 14 6
369 556 27 4
369 649 44 15
369 682 39 9
369 944 58 2
369 947 20 4
369 950 57 9
370 522 18 12
370 523 33 4
370 572 38 12
370 576 31 3
370 733 16 11
370 756 10 9
370 796 54 4
370 875 22 6
371 402 54 12
371 414 30 8
371 435 18 3
371 519 57 8
371 534 7 6
371 731 40 2
371 787 2 8
371 950 6 11
371 966 58 12
372 379 42 10
372 395 17 12
372 418 20 10
372 493 16 2
372 546 10 6
372 576 17 7
372 584 60 2
372 840 47 8
372 875 47 6
372 877 52 2
373 417 28 8
373 446 24 5
373 477 34 2
373 593 35 6
373 866 35 10
374 400 35 14
375 384 1 1
375 423 6 13
375 504 19 3
375 860 47 3
375 950 17 8
376 389 6 1
376 552 7 4
376 714 25 6
376 826 36 15
377 476 3 3
377 769 48 9
377 847 12 7
378 437 52 2
378 585 32 12
378 604 20 3
378 691 23 2
379 410 49 13
379 537 60 6
379 586 33 1
379 699 21 4
379 903 7 13
380 425 39 4
380 436 18 9
380 548 36 4
380 712 14 7
380 778 22 7
380 964 27 15
381 564 47 2
381 602 40 6
381 672 5 7
381 805 58 6
381 817 33 7
381 937 37 1
382 489 53 7
382 807 18 14
383 392 27 3
383 448 12 12
383 619 59 9
384 418 30 4
384 499 13 6
384 576 37 12
384 589 59 14
384 600 58 9
384 679 54 12
384 794 52 8
384 931 50 15
385 425 43 9
385 462 11 1
385 479 11 1
385 742 56 7
385 879 56 2
385 909 51 13
385 975 25 6
386 443 12 10
386 480 21 4
386 483 20 4
386 586 20 1
386 726 53 10
386 740 33 15
386 766 55 3
386 811 3 13
386 866 58 2
386 877 14 9
386 929 59 5
387 520 47 7
387 687 7 7
387 747 54 9
387 851 13 4
387 883 3 15
388 796 50 8
388 936 23 6
389 402 2 2
389 762 8 10
390 480 2 11
390 679 49 13
390 746 14 9
390 876 18 2
391 433 31 7
391 494 50 9
391 587 57 9
391 644 44 12
391 870 38 5
391 918 36 11
391 950 25 6
392 525 11 5
392 536 5 5
392 580 20 4
392 599 23 3
392 668 27 8
392 746 42 12
392 810 9 5
393 407 50 15
393 484 8 11
393 691 34 5
393 813 60 15
393 832 42 15
393 845 34 5
395 760 38 8
395 823 14 4
396 491 28 7
396 645 18 3
396 779 57 15
396 839 45 4
397 531 43 1
397 543 44 7
397 580 60 13
397 763 59 1
397 871 38 1
398 432 34 12
398 434 3 14
398 476 52 5
398 543 11 5
398 727 22 5
398 888 49 11
398 954 35 8
398 955 60 9
399 501 46 10
399 502 1 1
399 589 29 10
399 646 59 7
399 658 60 13
399 729 58 3
399 843 59 12
399 965 16 8
400 457 39 4
400 497 56 4
400 759 41 8
400 906 30 1
401 439 55 11
401 812 5 9
402 442 43 10
402 774 55 2
402 937 30 7
403 468 35 11
403 787 44 11
403 788 21 5
404 566 11 12
404 776 12 14
404 944 38 12
404 956 1 11
405 517 52 12
405 764 19 12
405 842 47 4
405 854 51 9
406 717 43 8
406 871 33 3
406 874 17 9
406 878 58 12
407 577 56 6
407 595 18 5
407 698 52 2
408 432 26 10
408 461 39 3
408 530 8 7
408 821 56 11
408 866 21 15
408 939 52 13
409 438 48 14
409 559 6 3
409 573 40 15
409 636 32 13
409 742 9 2
409 851 10 9
410 652 34 14
410 658 58 5
410 665 30 15
410 749 43 11
410 764 59 2
410 770 9 5
411 466 26 2
411 803 57 3
411 896 31 6
411 913 1 7
412 628 15 13
412 645 60 6
412 773 44 14
412 887 19 3
413 424 28 10
413 587 19 14
413 687 28 1
413 709 58 3
413 711 25 1
413 886 21 2
414 478 24 10
414 618 25 12
414 673 27 11
414 706 37 6
414 824 1 12
414 895 51 10
414 911 59 5
415 808 46 6
416 536 33 14
416 727 52 14
416 781 18 11
416 887 60 11
416 893 5 7
416 969 60 11
417 443 9 11
417 516 50 5
417 517 34 13
417 564 22 15
417 628 57 8
417 659 36 4
417 680 26 13
417 970 26 14
418 506 34 11
418 631 23 6
419 449 29 4
419 474 42 3
419 605 23 10
419 659 10 1
419 718 8 3
420 562 22 2
420 822 1 14
420 882 44 2
421 633 30 10
421 797 55 3
421 817 22 9
421 867 10 4
421 899 53 1
422 483 37 4
422 559 28 7
422 585 42 1
422 961 9 5
423 641 55 10
423 960 12 14
424 790 47 1
424 903 60 5
424 958 33 5
424 960 13 6
425 464 9 14
425 955 10 1
426 888 44 4
427 443 43 7
427 491 6 4
427 597 17 9
427 610 59 5
427 683 52 9
427 839 53 11
427 945 60 15
427 971 43 1
428 456 43 1
428 462 22 12
429 474 57 4
429 748 43 1
429 950 24 7
430 622 26 7
430 736 32 15
430 768 48 5
430 850 2 1
430 930 22 6
431 681 31 9
431 839 13 15
432 503 52 11
432 551 1 9
432 911 45 4
432 938 46 6
433 786 53 14
433 826 54 11
433 860 49 8
433 875 36 15
433 966 24 4
434 593 40 8
435 515 28 11
435 574 30 3
435 715 54 13
436 475 59 13
436 666 29 8
436 684 45 6
436 811 42 7
436 957 36 14
437 488 51 10
437 556 23 10
437 584 19 13
437 647 53 3
437 880 37 6
437 938 38 4
438 476 30 5
438 641 27 14
438 668 3 5
438 929 13 3
439 489 59 5
439 631 8 7
439 948 10 12
440 516 39 13
440 533 9 15
440 591 28 5
440 688 49 11
440 889 2 4
441 648 42 10
441 688 21 14
441 759 23 8
441 770 31 15
441 791 21 1
442 621 56 3
442 900 58 13
442 915 42 15
443 807 56 5
443 826 51 2
443 939 24 7
444 521 24 3
444 586 43 3
444 616 24 5
444 684 38 9
444 747 29 15
444 761 27 12
445 455 22 1
446 668 39 10
446 896 42 7
446 941 55 9
447 513 48 6
447 519 20 5
447 852 3 5
447 857 28 6
447 859 43 5
448 501 24 6
448 610 51 2
448 883 53 4
448 888 48 2
449 468 25 7
449 874 47 2
449 928 13 14
450 569 14 5
450 654 5 9
450 673 12 6
450 778 44 9
451 640 49 2
451 661 14 15
451 829 29 15
451 886 57 2
451 927 52 11
451 929 46 12
452 460 59 9
452 579 57 10
452 659 54 9
452 756 6 4
453 469 60 8
453 512 45 4
453 619 18 4
453 845 40 7
453 883 59 11
454 599 2 8
454 693 21 4
455 614 19 8
455 780 10 13
455 812 56 8
455 868 45 5
456 474 42 13
456 739 10 15
457 496 11 3
457 557 49 13
457 573 43 9
457 605 33 13
457 717 21 10
457 762 47 12
458 828 36 12
459 720 17 6
459 920 9 15
459 926 7 6
459 930 29 15
460 462 12 7
460 545 22 11
461 497 29 14
461 526 48 8
461 539 30 3
461 804 46 15
461 852 1 5
461 863 53 15
461 884 5 6
461 923 17 14
461 952 3 7
462 628 34 14
462 730 60 4
462 744 22 15
462 759 13 3
462 905 45 2
463 475 54 13
463 573 30 2
463 902 23 13
464 618 50 2
464 669 50 13
464 733 15 1
464 883 49 10
465 709 52 9
465 802 38 6
466 500 10 12
466 531 28 5
466 552 29 15
466 837 44 9
467 508 4 8
467 559 20 12
467 633 10 10
467 662 1 11
468 974 23 1
469 518 14 3
469 881 57 13
469 947 54 11
470 829 49 4
470 840 53 10
471 602 38 8
471 715 20 4
471 745 50 7
471 957 43 11
471 975 9 3
472 533 38 8
472 553 15 3
472 617 53 10
472 846 32 6
472 957 43 5
473 593 16 12
473 681 33 7
473 721 53 14
473 777 60 12
474 611 60 4
474 717 47 6
474 807 46 1
475 943 16 8
476 613 49 15
476 797 21 14
476 863 11 13
476 907 49 6
477 508 14 4
477 641 37 10
477 865 30 12
478 520 53 6
478 720 31 2
479 561 30 4
479 566 58 5
479 587 26 13
479 667 54 8
479 738 45 14
479 788 55 14
480 508 40 1
480 654 1 12
480 732 60 10
481 561 16 5
481 678 56 14
482 918 37 6
483 516 33 7
483 815 9 15
483 842 59 15
483 892 60 2
483 920 5 5
483 926 14 13
484 857 16 9
484 947 18 3
485 793 59 12
485 802 16 9
486 888 57 14
487 740 15 5
487 755 17 11
487 810 13 11
487 826 12 15
487 872 19 3
487 896 4 9
487 909 24 11
487 958 2 11
487 968 40 12
488 493 50 9
488 563 22 8
488 666 45 10
489 681 45 8
489 764 22 8
489 792 20 10
489 965 49 15
490 630 28 15
490 676 3 9
490 688 32 4
490 861 57 9
490 901 56 6
490 906 10 7
490 957 46 2
490 960 42 13
490 974 36 5
491 692 52 11
491 754 11 8
492 546 11 9
492 547 25 9
492 706 5 12
492 864 28 13
492 953 32 10
493 500 58 6
493 517 33 15
493 709 2 3
493 712 7 5
493 762 44 13
493 895 58 6
493 935 25 15
494 504 23 3
494 627 43 14
494 829 53 8
494 834 47 2
495 553 22 15
495 780 3 15
495 788 13 11
495 810 48 4
495 952 5 2
496 568 33 3
496 592 52 4
496 633 47 12
496 659 39 15
496 688 34 8
496 705 2 6
497 614 46 11
497 747 15 2
497 865 55 8
498 582 11 3
498 734 40 4
499 636 1 13
499 652 42 11
500 505 51 7
500 511 38 13
500 682 5 4
500 698 59 14
500 741 57 10
501 705 40 5
501 795 45 9
501 838 48 4
502 624 41 11
502 742 26 13
502 867 50 15
502 932 29 5
502 950 16 4
503 515 29 12
503 543 9 10
503 726 6 2
503 743 39 8
503 753 1 6
503 784 34 2
504 525 50 6
504 618 54 4
504 673 1 8
504 894 25 14
504 895 16 11
505 519 10 5
505 627 32 11
505 681 49 14
505 694 3 5
505 699 12 12
505 815 48 13
505 856 16 10
505 904 16 3
506 571 10 9
506 604 17 6
506 612 51 3
507 511 55 14
507 513 11 14
507 515 13 6
507 530 1 2
507 896 35 10
508 755 35 13
509 512 8 15
509 578 48 4
509 617 25 5
509 633 31 10
510 514 11 5
510 564 44 9
510 714 31 7
510 848 21 1
510 870 18 1
510 948 21 6
511 611 20 2
512 549 38 5
512 615 56 2
512 803 11 9
512 925 3 11
513 550 34 4
513 577 38 6
513 578 49 8
513 608 4 8
514 605 32 4
514 713 16 11
514 751 53 6
514 891 7 13
514 911 33 7
515 520 39 5
515 569 25 13
515 581 54 13
515 602 13 2
515 610 26 11
515 666 36 12
515 668 19 10
515 712 39 13
515 726 53 9
516 552 22 9
516 683 60 3
516 751 41 2
516 966 4 6
517 580 3 14
517 645 46 9
518 531 20 9
518 588 17 3
518 696 48 14
518 769 60 5
518 830 42 4
519 584 42 1
519 700 22 4
519 823 1 8
519 839 34 13
520 551 54 9
520 658 40 2
520 699 45 5
521 569 7 5
521 701 30 5
521 707 2 15
521 738 8 7
521 894 51 13
521 908 8 9
521 944 4 6
522 647 52 4
522 791 34 14
523 525 8 14
523 702 19 13
523 705 27 2
523 711 36 5
523 721 58 4
523 889 12 3
523 921 19 13
524 571 11 2
524 664 17 8
524 676 4 1
524 727 36 9
524 895 28 9
525 762 21 11
525 778 30 8
525 877 6 13
526 746 5 2
526 974 49 7
527 563 41 10
527 619 41 1
527 858 19 13
527 934 13 6
528 844 36 2
528 904 10 3
528 921 44 15
529 550 53 4
529 591 23 7
529 645 29 2
529 780 53 13
529 820 1 5
529 850 15 7
529 913 51 12
529 947 51 12
530 567 38 8
530 681 32 7
530 728 21 9
530 798 31 4
530 805 50 12
530 862 26 6
530 871 4 14
531 578 45 1
532 641 34 4
532 745 2 4
532 909 46 4
533 566 17 12
533 894 34 11
533 904 39 13
533 925 43 5
533 970 3 5
533 973 21 5
534 585 4 15
534 596 52 13
535 614 26 6
535 766 14 12
535 890 53 5
536 946 3 11
537 578 21 12
537 691 16 11
537 776 37 4
537 838 59 10
537 911 31 13
538 549 20 6
538 775 40 11
538 895 28 13
539 710 36 12
539 801 47 11
540 650 32 10
540 662 21 11
540 684 8 13
540 695 27 8
540 806 42 1
540 808 42 7
540 903 22 6
541 802 9 3
541 861 39 9
542 561 42 3
542 567 38 9
542 822 29 11
542 888 57 5
542 931 36 5
542 975 12 11
543 559 41 8
543 632 13 2
543 781 42 14
543 787 24 5
543 873 33 8
544 603 41 5
544 630 11 3
544 712 51 2
544 908 2 13
544 922 41 2
544 967 30 15
545 567 49 5
545 721 11 3
545 830 56 1
546 703 51 2
546 856 52 5
546 942 17 11
547 821 24 15
548 679 11 6
548 685 30 6
548 699 53 8
548 753 49 9
548 779 34 12
549 589 49 15
549 742 26 6
549 755 13 5
549 839 23 9
549 844 6 8
549 879 54 9
549 898 22 4
550 558 36 4
550 871 29 3
551 588 38 1
551 759 36 11
551 823 15 5
551 851 45 14
552 592 11 4
552 615 57 9
552 718 52 2
552 725 35 6
552 742 52 2
552 811 55 6
552 819 16 8
552 964 5 4
553 783 43 7
553 852 55 7
554 859 23 8
555 586 19 4
555 644 47 7
555 739 44 14
555 773 4 11
555 907 52 14
555 961 6 6
555 968 15 4
556 769 49 1
556 879 40 4
557 779 41 3
557 895 56 8
558 610 7 11
558 856 41 3
558 896 30 7
558 920 49 4
559 688 28 11
559 754 30 15
559 818 54 15
559 830 7 2
560 599 10 14
560 857 22 9
560 928 58 5
561 650 31 15
561 717 48 2
561 841 41 3
561 923 5 2
562 632 7 1
562 651 47 4
562 673 48 12
562 840 3 9
562 841 56 13
562 975 38 5
564 605 4 14
565 652 21 1
565 720 36 1
565 920 8 12
565 931 26 1
566 583 54 8
566 599 46 14
566 641 22 11
566 785 11 5
566 853 58 2
566 855 39 11
566 857 54 2
566 943 47 3
567 623 28 3
567 670 42 6
567 839 32 4
568 648 59 2
568 799 57 13
568 855 2 3
568 901 27 4
568 961 48 5
569 708 42 15
569 752 8 13
569 852 22 1
569 897 36 2
569 902 42 11
569 909 33 4
569 934 16 1
570 579 26 8
570 765 51 15
570 823 5 13
570 963 9 8
571 574 35 3
571 625 24 14
571 674 22 9
571 946 37 2
572 605 1 11
572 659 2 15
572 662 43 3
572 926 16 5
573 653 12 14
573 655 1 12
573 657 10 4
573 774 33 11
573 780 1 1
574 938 6 5
575 765 50 12
575 947 13 4
576 599 28 9
576 691 46 12
576 841 47 5
576 954 10 6
577 595 16 15
578 603 29 7
578 918 11 9
579 661 52 2
579 731 56 11
579 811 11 4
579 821 1 15
579 887 22 13
579 891 38 2
580 644 47 12
580 722 31 6
580 787 46 11
580 885 34 8
580 911 41 10
580 971 58 5
581 782 15 15
582 705 28 3
582 723 52 10
582 803 37 2
582 849 53 7
583 686 37 13
583 777 18 14
583 873 2 1
583 951 13 6
584 662 57 5
584 768 11 2
584 932 27 5
585 722 35 9
585 760 23 10
585 887 32 6
585 953 48 2
586 609 34 1
586 702 6 9
586 746 7 5
586 762 11 14
586 823 23 10
586 923 31 10
587 686 40 3
587 712 10 2
587 720 50 1
587 725 12 6
587 875 59 10
588 600 43 5
588 664 47 15
588 742 24 10
588 764 16 13
588 861 27 10
588 913 40 5
589 599 39 1
589 708 22 11
589 868 31 9
590 688 49 14
590 692 25 11
590 738 2 7
590 856 38 3
590 915 46 5
590 946 48 2
591 827 9 1
592 711 46 5
593 646 20 10
593 714 49 11
593 894 39 3
594 611 15 11
596 625 1 4
596 912 28 15
597 707 17 12
597 783 18 3
597 955 21 1
598 828 26 4
598 870 46 3
599 651 7 7
600 731 31 12
601 661 37 9
602 637 9 8
602 763 44 5
602 800 37 12
602 842 31 10
602 959 53 4
603 633 49 10
603 637 26 11
603 792 53 5
603 829 14 7
604 755 45 6
604 798 11 4
605 808 10 11
605 824 21 2
605 912 10 7
605 914 1 3
605 931 33 1
606 618 40 14
606 632 26 10
606 672 13 11
606 702 26 5
606 747 53 11
606 751 23 11
607 929 9 9
608 664 54 13
608 723 20 4
608 763 44 7
609 617 57 10
609 627 22 5
609 653 31 5
610 675 31 14
610 744 56 1
610 857 53 14
610 919 52 9
610 949 28 6
611 620 18 11
611 819 17 6
611 890 4 13
612 623 4 6
612 805 21 8
612 860 15 6
613 679 14 13
613 775 2 9
613 796 36 10
613 875 7 1
614 809 39 8
614 848 35 12
614 872 58 11
614 976 54 4
615 633 35 14
615 764 41 9
615 830 38 7
616 624 37 12
616 654 52 15
616 733 33 9
616 847 9 3
617 685 47 15
617 727 50 2
617 948 59 12
617 961 1 7
618 625 7 7
618 847 26 6
618 939 48 11
620 700 54 8
620 772 24 14
620 845 7 5
621 731 9 15
621 743 40 11
621 796 18 8
622 706 43 1
622 747 34 4
622 818 22 3
622 848 2 12
623 819 19 9
623 885 53 14
624 668 34 5
624 738 46 11
624 788 15 15
624 806 58 4
625 773 32 1
625 840 27 12
625 913 39 7
626 678 42 4
626 852 2 14
626 930 27 1
626 958 32 9
627 775 7 14
627 792 47 1
627 894 44 15
628 689 52 12
628 772 7 9
628 831 21 7
628 897 13 11
629 745 9 2
629 878 38 15
630 689 17 3
630 769 59 14
630 773 12 1
630 784 35 5
631 673 53 13
631 705 33 4
631 781 50 10
631 849 14 5
632 755 49 4
632 836 36 1
633 654 24 15
633 701 40 6
633 783 5 1
634 637 46 14
634 720 18 3
634 849 16 14
634 860 13 1
635 733 18 15
636 708 11 1
636 730 39 14
636 767 38 11
636 786 55 9
636 836 60 13
637 642 17 12
637 744 35 9
637 973 23 6
638 701 40 14
638 717 39 15
638 750 3 8
640 699 45 9
640 824 36 1
640 921 26 7
640 938 38 11
641 854 11 11
642 781 26 5
643 879 16 14
643 952 60 4
644 899 9 12
644 934 6 6
645 676 15 5
645 808 44 1
645 816 39 9
647 665 14 4
647 774 14 8
647 847 41 1
649 744 45 2
649 816 29 15
649 819 32 5
649 861 31 12
649 937 42 14
650 747 31 15
650 828 23 15
651 878 16 8
651 884 33 15
652 963 13 10
653 683 15 12
654 817 50 13
654 854 59 1
654 895 15 5
655 790 27 15
655 833 20 3
655 840 21 5
655 853 51 5
656 723 34 2
656 820 49 11
656 963 20 7
657 670 16 2
657 769 42 12
657 838 16 1
657 886 53 3
657 898 25 9
657 916 46 1
658 684 8 15
658 837 51 3
659 693 25 4
659 798 2 1
659 889 45 2
659 894 12 15
660 673 8 9
660 734 13 14
660 780 28 1
660 934 46 12
661 824 57 13
661 874 44 8
662 691 33 14
662 692 30 4
662 695 28 7
662 875 50 14
663 714 42 5
663 768 44 1
663 952 25 3
665 667 16 11
665 699 28 7
665 724 47 10
665 797 14 12
665 827 10 6
667 800 37 15
667 855 7 1
667 863 23 8
667 922 57 14
667 942 41 5
668 740 19 4
668 939 27 4
668 955 1 4
669 827 32 7
669 834 24 11
669 885 6 8
670 878 36 8
670 953 32 15
671 702 57 4
671 703 34 1
671 722 21 6
671 805 35 11
671 817 39 2
672 693 24 14
672 894 22 15
673 708 25 6
673 922 18 7
674 739 55 6
674 764 19 7
674 796 29 11
674 826 16 7
675 682 43 6
675 695 49 7
676 739 57 10
676 800 15 8
676 865 53 13
677 854 10 13
677 882 20 11
678 714 37 12
678 877 40 11
678 909 35 12
678 949 41 4
679 707 6 13
679 739 49 1
679 857 49 13
680 777 31 7
681 876 52 7
681 892 25 8
683 885 9 14
686 729 59 15
686 834 57 14
686 907 27 11
686 925 23 15
686 926 24 11
686 931 56 4
688 738 24 12
688 793 48 10
689 837 26 8
689 907 36 5
690 696 45 10
690 933 37 7
691 955 13 9
692 715 24 5
692 954 9 11
693 716 12 14
693 914 14 12
695 826 29 14
695 860 47 5
696 736 19 1
698 734 45 6
698 841 28 8
698 846 9 4
698 855 14 11
698 949 20 14
699 813 19 2
699 843 34 4
699 884 11 13
699 891 25 13
700 792 12 14
700 796 29 1
700 944 36 4
701 716 34 5
701 903 26 13
701 961 47 9
701 962 56 15
704 721 49 6
707 950 38 8
708 969 43 3
709 739 45 12
709 866 26 8
710 711 22 10
710 892 55 1
711 808 6 10
711 961 53 4
712 727 3 4
712 771 32 5
712 852 21 2
712 882 48 5
715 956 42 3
717 737 28 10
719 771 41 13
719 974 34 8
720 728 42 11
720 761 18 14
720 818 48 10
721 790 49 1
722 743 44 12
722 791 58 9
722 976 50 2
723 785 37 15
723 868 10 3
724 780 50 10
725 933 4 11
726 880 20 10
726 961 47 5
728 930 14 7
729 785 7 3
729 811 3 8
729 871 28 14
730 838 47 13
730 881 60 3
730 948 26 15
731 780 13 12
731 792 24 12
731 834 2 12
731 878 5 1
732 936 13 11
734 912 13 14
735 783 46 4
735 815 35 2
735 869 37 4
735 932 37 2
736 794 39 11
736 798 36 10
736 848 15 1
736 913 35 12
739 964 57 13
740 764 30 7
740 942 3 5
741 957 55 9
741 966 51 2
742 744 55 13
743 788 39 13
743 819 44 7
743 854 52 10
743 911 32 2
745 919 7 15
746 922 28 10
747 778 36 11
749 941 46 8
751 849 3 10
751 887 25 2
751 888 25 6
751 921 25 4
751 923 60 12
751 931 50 4
752 773 43 8
752 795 2 10
752 850 10 7
752 911 11 8
752 965 22 12
753 760 14 1
754 774 18 8
754 816 40 12
754 819 18 8
754 906 57 8
755 851 35 15
755 865 44 11
755 900 29 5
755 940 6 9
756 894 10 11
756 928 13 9
757 822 17 5
758 871 40 3
758 953 22 2
759 764 47 14
759 850 15 7
760 763 54 3
760 880 56 9
761 770 1 2
761 885 15 1
761 948 1 2
762 824 26 11
762 930 43 5
763 793 37 15
763 840 41 11
763 864 6 14
763 901 30 11
763 924 6 7
765 867 9 15
765 910 22 2
766 811 38 7
766 853 53 5
766 875 37 2
766 902 59 10
768 884 20 2
770 905 33 7
770 915 8 9
771 801 36 7
772 866 51 1
775 853 3 11
775 889 37 14
775 899 11 13
775 973 3 1
777 894 50 13
777 925 53 15
778 902 60 12
779 782 48 8
779 934 47 14
780 909 24 12
780 935 16 15
780 963 14 13
782 803 26 13
783 813 44 3
783 850 46 5
783 917 55 7
783 938 16 1
783 957 58 10
784 962 57 12
786 903 48 1
787 863 30 12
787 899 17 13
787 906 35 7
787 930 11 12
788 824 13 12
788 892 2 14
789 840 31 1
789 862 35 9
789 925 25 13
790 842 10 5
790 888 50 10
790 930 27 3
791 792 58 11
791 818 55 5
791 866 16 3
792 820 21 13
792 874 20 4
792 947 51 6
793 827 33 8
793 872 4 2
794 809 55 5
794 851 59 1
795 815 13 15
795 905 45 10
796 854 26 4
797 804 27 1
797 843 59 14
798 969 16 7
800 804 6 2
800 819 35 9
800 837 43 11
801 810 44 10
801 816 51 13
802 840 12 15
803 900 29 7
805 831 37 8
807 878 35 13
807 885 58 15
808 814 37 8
808 866 15 3
809 840 55 14
810 875 42 15
811 845 24 13
811 942 40 15
811 954 57 6
811 961 20 4
812 827 28 6
812 859 59 9
812 927 18 12
812 959 44 10
813 821 31 1
813 946 11 11
815 824 60 3
815 961 51 9
816 914 31 3
816 922 21 6
817 823 9 6
817 900 53 15
818 919 9 9
818 963 46 11
819 876 25 10
820 823 42 1
820 830 48 12
820 956 48 14
821 937 10 6
821 942 4 14
822 886 54 12
822 919 50 4
822 973 19 9
824 867 5 11
827 889 39 15
828 973 44 7
830 833 4 10
831 935 45 8
832 871 27 3
832 922 23 4
835 839 9 1
837 846 33 9
838 856 9 4
838 914 41 11
841 871 15 4
841 881 12 10
841 936 56 14
842 869 50 4
843 850 39 3
843 972 47 14
844 911 18 15
848 910 30 12
849 972 37 14
853 934 4 12
853 970 19 13
855 967 25 10
855 970 5 5
857 928 40 9
858 860 2 4
861 892 21 14
861 911 47 2
861 952 2 11
861 968 17 9
862 946 55 4
862 956 48 9
862 974 24 8
864 962 28 8
865 896 41 4
866 905 27 14
868 892 42 10
868 901 50 3
868 911 57 1
870 913 39 6
872 901 48 3
873 907 48 15
874 926 6 10
874 935 6 6
875 885 56 4
876 890 20 12
877 921 44 13
879 896 25 14
881 903 60 9
884 920 40 12
886 971 44 10
888 900 14 14
888 907 55 1
888 939 49 1
890 976 44 12
891 906 4 3
893 907 20 7
893 910 14 6
894 966 37 5
895 901 14 9
895 914 7 1
900 972 1 14
904 925 53 5
904 943 34 14
904 970 1 15
905 926 21 2
906 923 20 1
908 948 57 11
910 955 8 8
911 920 13 2
912 947 56 1
913 960 20 15
913 966 16 15
919 924 60 10
919 947 24 12
920 975 26 12
923 937 14 13
925 955 30 4
925 964 57 5
927 957 34 3
930 948 7 7
932 962 55 14
935 949 46 11
936 952 49 11
936 960 4 5
938 971 60 5
941 954 55 15
942 952 32 11
944 959 55 2
945 959 32 15
946 953 2 6
946 965 44 13
951 970 17 3
957 972 52 14
964 966 11 9

0 1 2
1 16 43
2 17 9
3 25 6
4 29 42
5 31 5
6 34 44
7 40 8
8 49 22
9 59 17
10 60 35
11 84 46
12 86 3
13 98 16
14 112 26
15 113 18
16 120 38
17 122 33
18 156 9
19 180 6
20 191 24
21 193 2
22 196 18
23 203 47
24 206 49
25 214 26
26 220 12
27 228 43
28 253 42
29 258 38
30 285 13
31 288 40
32 296 10
33 301 4
34 336 19
35 337 17
36 340 13
37 349 9
38 351 35
39 355 22
40 382 7
41 408 37
42 414 22
43 415 33
44 416 41
45 429 33
46 435 50
47 450 2
48 454 49
49 462 22
50 466 27
51 472 20
52 477 12
53 499 38
54 503 25
55 524 41
56 536 17
57 549 36
58 573 46
59 584 39
60 588 32
61 591 5
62 602 22
63 631 18
64 637 45
65 641 13
66 645 20
67 654 5
68 671 39
69 678 43
70 686 29
71 695 28
72 701 42
73 722 30
74 725 1
75 739 45
76 746 14
77 761 15
78 781 17
79 782 49
80 786 16
81 794 49
82 795 33
83 796 18
84 799 31
85 801 29
86 807 16
87 812 20
88 815 38
89 834 45
90 835 45
91 854 31
92 862 38
93 863 33
94 875 16
95 915 20
96 969 13
97 976 41
