1040 5179 104 13

0 30 3002
1 60 6225
2 90 9682
3 120 13384
4 150 17345
5 180 21579
6 210 26102
7 240 30927
8 270 36073
9 300 41555
10 330 47391
11 360 53600
12 390 60202

0 16290
1 15742
2 12421
3 16011
4 18041
5 16164
6 14362
7 19066
8 15860
9 12241
10 15506
11 13116
12 18529
13 14992
14 17901
15 19211
16 9481
17 16077
18 14626
19 13793
20 19328
21 12244
22 10365
23 15663
24 13905
25 15901
26 15228
27 13963
28 11940
29 12899
30 21261
31 14075
32 16576
33 14413
34 16415
35 18138
36 15548
37 12836
38 13707
39 19738
40 14225
41 16202
42 19602
43 10332
44 15586
45 14185
46 19494
47 19653
48 14772
49 16351
50 18607
51 9354
52 13677
53 18475
54 15538
55 12397
56 15740
57 16921
58 12237
59 13081
60 14800
61 10516
62 13242
63 13303
64 14125
65 15438
66 11781
67 11627
68 13797
69 14737
70 18545
71 15685
72 13274
73 18627
74 16149
75 12294
76 13186
77 12169
78 15712
79 17152
80 17290
81 16690
82 18272
83 18166
84 15546
85 12889
86 17028
87 16251
88 16930
89 12551
90 19747
91 16301
92 13783
93 16331
94 9280
95 14332
96 16646
97 10390
98 11999
99 17662
100 11006
101 13768
102 17765
103 15113
104 14407
105 16854
106 13065
107 15265
108 14987
109 18343
110 15759
111 14765
112 18872
113 12629
114 15169
115 21297
116 15208
117 16625
118 14385
119 19151
120 15441
121 16655
122 13565
123 18864
124 13044
125 14238
126 18033
127 10777
128 20851
129 15033
130 16677
131 12458
132 14659
133 19405
134 12777
135 13810
136 12936
137 15488
138 15550
139 21557
140 10284
141 14058
142 13988
143 17291
144 16047
145 13110
146 13065
147 21014
148 16760
149 13830
150 15109
151 20382
152 9477
153 13330
154 14733
155 16552
156 14457
157 14359
158 17039
159 14840
160 15217
161 15844
162 17166
163 13452
164 16898
165 14216
166 17623
167 14297
168 17976
169 12259
170 16407
171 13356
172 17864
173 10190
174 18765
175 12636
176 14778
177 16163
178 12361
179 14620
180 16853
181 15692
182 16924
183 10482
184 13219
185 12272
186 16255
187 15030
188 14483
189 14570
190 8477
191 17352
192 19153
193 12444
194 11790
195 12797
196 15370
197 12996
198 16518
199 13180
200 13982
201 14720
202 15589
203 15118
204 17111
205 17576
206 16129
207 11317
208 17121
209 13733
210 17657
211 15214
212 14669
213 17905
214 18020
215 15919
216 12545
217 16450
218 15577
219 15772
220 16253
221 12651
222 10163
223 16674
224 17249
225 19602
226 15100
227 15336
228 18650
229 13300
230 16007
231 13645
232 11040
233 13626
234 19420
235 13016
236 13880
237 16237
238 11849
239 19480
240 12126
241 13338
242 13782
243 18006
244 20630
245 16775
246 17696
247 15288
248 13539
249 15005
250 19165
251 16053
252 17505
253 13154
254 13246
255 12555
256 13736
257 18412
258 15518
259 14688
260 17210
261 15938
262 17750
263 13835
264 13202
265 15275
266 13250
267 13744
268 15520
269 16886
270 15071
271 15723
272 10530
273 10778
274 21642
275 17797
276 15030
277 10386
278 19458
279 14333
280 14955
281 14535
282 15289
283 17574
284 17888
285 17404
286 16270
287 14108
288 13188
289 16979
290 16210
291 19018
292 13288
293 14312
294 13816
295 16364
296 16697
297 13522
298 13470
299 11313
300 12589
301 21097
302 14183
303 16956
304 10262
305 17697
306 12805
307 11530
308 12910
309 16231
310 11503
311 15712
312 14795
313 11377
314 15646
315 11940
316 13673
317 9739
318 19548
319 13077
320 15521
321 13549
322 14873
323 17610
324 15344
325 15940
326 14535
327 11825
328 17573
329 21651
330 15840
331 14775
332 15261
333 9755
334 13865
335 16566
336 11368
337 15492
338 21111
339 15552
340 14638
341 15283
342 12343
343 15821
344 19408
345 16254
346 17985
347 15415
348 12970
349 10528
350 10936
351 15481
352 14033
353 18528
354 15289
355 13395
356 17173
357 15859
358 12603
359 14559
360 15174
361 12147
362 17256
363 14608
364 14509
365 21576
366 13990
367 14493
368 19786
369 15279
370 14690
371 14495
372 12260
373 15953
374 15284
375 15680
376 14368
377 15570
378 12799
379 16680
380 14695
381 18859
382 13289
383 15045
384 13922
385 19142
386 15839
387 13007
388 14699
389 16501
390 15336
391 15753
392 16982
393 15415
394 17765
395 20424
396 12721
397 14430
398 11724
399 17478
400 13185
401 17059
402 18344
403 14358
404 18323
405 11884
406 8440
407 14181
408 18525
409 14495
410 15377
411 18000
412 14704
413 14832
414 16265
415 14416
416 16355
417 16103
418 14495
419 12805
420 15841
421 15510
422 11905
423 17277
424 15925
425 15843
426 15996
427 16822
428 15336
429 16561
430 14813
431 19046
432 13622
433 13950
434 15474
435 15887
436 15673
437 18002
438 13054
439 15445
440 10826
441 12028
442 14645
443 17031
444 15963
445 17640
446 14298
447 15049
448 14028
449 15488
450 14999
451 14837
452 15099
453 15044
454 17102
455 19976
456 12369
457 19002
458 12217
459 15884
460 19513
461 15272
462 13766
463 17085
464 14368
465 12002
466 11037
467 16528
468 18336
469 13438
470 16277
471 16754
472 12295
473 9794
474 15344
475 12114
476 18591
477 16371
478 16196
479 12179
480 15727
481 16408
482 17267
483 14992
484 12283
485 11546
486 15852
487 12616
488 15155
489 17998
490 18512
491 12377
492 13545
493 15313
494 16431
495 12438
496 19784
497 17329
498 18281
499 14443
500 17164
501 16704
502 16875
503 14078
504 12333
505 13600
506 15839
507 20161
508 18129
509 13347
510 12277
511 14422
512 14226
513 16944
514 13645
515 17120
516 12497
517 15006
518 14921
519 12289
520 12955
521 16437
522 15990
523 19637
524 12126
525 18343
526 18432
527 14736
528 19520
529 11228
530 15241
531 9989
532 17906
533 18440
534 15622
535 12004
536 16428
537 17470
538 16700
539 11412
540 13220
541 14235
542 16052
543 18903
544 14562
545 15016
546 15410
547 16740
548 14518
549 10538
550 17075
551 16833
552 9285
553 13038
554 16108
555 15372
556 14587
557 13520
558 13745
559 14013
560 15853
561 16978
562 17284
563 16691
564 16417
565 16505
566 14614
567 17130
568 14384
569 13160
570 16552
571 17688
572 11879
573 16497
574 18126
575 16596
576 13729
577 11461
578 17774
579 15029
580 16097
581 14181
582 12959
583 16640
584 12999
585 14455
586 11643
587 12928
588 14181
589 15245
590 12270
591 18077
592 17482
593 16764
594 15357
595 19221
596 11539
597 17104
598 19812
599 13938
600 20775
601 15306
602 18369
603 18351
604 12077
605 18493
606 16693
607 14861
608 12454
609 11259
610 13425
611 14773
612 14615
613 14202
614 13554
615 17052
616 15263
617 19016
618 13192
619 12516
620 17262
621 14744
622 15077
623 19982
624 17012
625 15128
626 12633
627 15320
628 18798
629 12549
630 13305
631 18367
632 12415
633 18288
634 17659
635 12420
636 16837
637 15945
638 16214
639 19011
640 15558
641 13095
642 18390
643 17823
644 16067
645 14608
646 13706
647 15646
648 11458
649 15541
650 11763
651 14919
652 11747
653 14664
654 17661
655 14970
656 16524
657 16059
658 17488
659 10195
660 15751
661 15498
662 15964
663 14696
664 15849
665 15469
666 13148
667 13517
668 14814
669 19654
670 20795
671 14148
672 14426
673 18383
674 16114
675 18370
676 11166
677 15146
678 14882
679 15285
680 12044
681 17710
682 17286
683 10213
684 13903
685 11817
686 12137
687 20936
688 13523
689 10224
690 12992
691 14595
692 15607
693 13484
694 17701
695 14515
696 16965
697 16432
698 10748
699 16794
700 11925
701 14756
702 14572
703 15588
704 14638
705 8273
706 16086
707 11771
708 16157
709 17257
710 15432
711 10565
712 15073
713 13188
714 15005
715 15859
716 11683
717 16864
718 16327
719 15151
720 14387
721 16403
722 13018
723 12940
724 14802
725 12151
726 16315
727 12486
728 19317
729 12385
730 16816
731 15349
732 15107
733 12025
734 14439
735 14291
736 14896
737 15928
738 16579
739 18700
740 18475
741 14866
742 12597
743 19816
744 15237
745 15097
746 18380
747 20073
748 15213
749 13912
750 12190
751 14097
752 16624
753 17912
754 18437
755 16290
756 14252
757 17379
758 19216
759 11915
760 19376
761 15573
762 10629
763 17091
764 15382
765 19683
766 16891
767 10759
768 11669
769 16824
770 16684
771 12850
772 18257
773 13188
774 15051
775 10159
776 14231
777 12765
778 15687
779 9408
780 15708
781 15880
782 11829
783 20046
784 16764
785 12867
786 14560
787 19639
788 12848
789 14341
790 19243
791 14832
792 17857
793 13862
794 12985
795 12945
796 18848
797 12394
798 16995
799 12416
800 13035
801 14322
802 17635
803 16454
804 16027
805 14466
806 16898
807 11633
808 17606
809 15028
810 12375
811 12135
812 17485
813 13057
814 14094
815 15844
816 16139
817 19209
818 12280
819 19226
820 12980
821 12002
822 17270
823 16575
824 16671
825 16598
826 10565
827 14308
828 18305
829 16948
830 16627
831 13499
832 12135
833 18141
834 17183
835 17919
836 14568
837 15529
838 14113
839 12802
840 14317
841 12085
842 15119
843 13993
844 14317
845 16655
846 16507
847 17034
848 20093
849 13704
850 15231
851 15295
852 10274
853 15842
854 16701
855 17765
856 17446
857 19351
858 17962
859 15619
860 11113
861 17758
862 16529
863 11998
864 14720
865 14753
866 17425
867 19728
868 15955
869 13995
870 13929
871 12170
872 15991
873 18443
874 17091
875 15682
876 14130
877 14334
878 18493
879 19762
880 15588
881 15271
882 17300
883 16616
884 13364
885 13245
886 13389
887 19100
888 18974
889 15160
890 18688
891 14837
892 12135
893 16781
894 16230
895 13218
896 15565
897 12768
898 13100
899 19696
900 13108
901 15839
902 15045
903 16621
904 17759
905 12055
906 12036
907 14963
908 17276
909 20692
910 19790
911 18986
912 18591
913 17102
914 17838
915 15967
916 15580
917 12705
918 13297
919 10167
920 9902
921 9999
922 18106
923 18902
924 14114
925 16121
926 17336
927 13303
928 12615
929 16159
930 13205
931 19557
932 17899
933 16415
934 16450
935 11711
936 14449
937 14932
938 16669
939 12122
940 12418
941 17127
942 16202
943 11098
944 8213
945 14360
946 11619
947 12601
948 16203
949 11938
950 13613
951 17322
952 16031
953 16806
954 11654
955 15267
956 16916
957 17461
958 14067
959 18872
960 18141
961 16428
962 13315
963 16901
964 15279
965 15048
966 20401
967 12541
968 12570
969 14718
970 19099
971 16989
972 15191
973 13684
974 17604
975 17715
976 11460
977 20142
978 18182
979 12402
980 13792
981 16515
982 13257
983 16911
984 18669
985 17627
986 9673
987 16296
988 12147
989 11478
990 14218
991 13185
992 14939
993 14859
994 16879
995 14712
996 18107
997 12590
998 16652
999 12919
1000 16347
1001 19517
1002 12684
1003 11512
1004 11338
1005 15086
1006 17807
1007 15911
1008 12809
1009 11891
1010 14792
1011 14160
1012 14458
1013 17122
1014 13967
1015 15653
1016 13877
1017 15542
1018 16719
1019 17002
1020 15949
1021 10471
1022 16450
1023 12244
1024 14447
1025 14556
1026 11982
1027 13049
1028 16402
1029 13401
1030 13646
1031 21852
1032 13644
1033 19222
1034 11827
1035 12664
1036 17181
1037 19044
1038 17170
1039 14773

0 16 57 8
0 88 21 1
0 232 1 14
0 247 58 6
0 293 20 1
0 311 56 11
0 404 56 8
0 567 20 15
0 614 18 4
0 636 36 8
0 771 50 15
0 860 26 1
0 908 2 8
0 932 52 11
0 999 5 10
1 92 48 12
1 125 28 13
1 263 7 5
1 514 39 11
1 546 35 5
1 556 55 12
1 658 7 13
1 788 45 4
1 800 4 5
1 1009 21 12
2 49 51 2
2 79 33 2
2 110 15 15
2 124 53 6
2 252 2 1
2 279 29 15
2 356 2 4
2 858 59 3
2 878 21 9
2 903 42 8
2 924 36 13
2 1004 10 14
3 160 55 2
3 303 53 5
3 388 2 15
3 467 24 14
3 520 59 8
3 799 50 14
3 828 4 11
3 940 53 10
3 950 45 8
3 1021 33 11
4 123 57 12
4 355 49 9
4 563 31 1
4 608 35 6
4 633 38 2
4 852 6 11
4 900 28 7
4 1023 32 9
5 13 16 15
5 127 52 7
5 237 45 9
5 411 52 11
5 585 21 6
5 864 42 12
5 989 47 3
6 21 29 2
6 195 48 10
6 312 52 12
6 425 7 5
6 543 8 15
6 715 19 10
6 794 2 11
6 808 48 5
6 864 51 4
6 951 34 12
6 996 33 6
7 141 24 4
7 161 24 1
7 356 58 7
7 407 34 9
7 423 2 4
7 449 54 9
7 581 17 6
7 651 22 14
7 659 36 3
7 709 14 2
7 724 29 6
7 931 11 6
7 991 3 1
8 68 48 6
8 144 30 11
8 511 56 5
8 654 14 5
8 720 16 8
8 905 51 7
9 86 25 9
9 175 9 2
9 275 41 6
9 338 47 12
9 351 36 4
9 428 56 11
9 468 2 13
9 600 58 3
9 612 1 12
9 693 47 10
9 775 17 3
9 846 40 6
9 894 18 6
9 913 59 8
9 1016 42 3
10 204 42 12
10 265 23 15
10 267 14 15
10 357 9 5
10 361 27 7
10 753 26 7
10 768 49 8
10 813 17 15
11 233 37 15
11 259 50 2
11 460 33 4
11 514 25 4
11 529 46 4
11 876 24 15
11 1039 51 13
12 40 50 8
12 281 27 6
12 295 5 4
12 328 55 10
12 516 44 13
12 560 19 1
12 852 56 12
12 924 30 1
12 939 4 5
12 969 17 8
13 205 23 2
13 325 60 13
13 465 2 12
13 600 38 4
13 720 18 10
13 726 37 2
13 790 3 13
13 797 48 8
13 820 48 15
13 978 51 8
14 353 27 9
14 578 36 4
14 600 28 8
14 906 49 7
15 232 55 2
15 272 16 3
15 366 26 5
15 608 41 15
15 616 25 13
15 646 15 9
15 657 55 11
15 666 41 11
15 712 55 6
15 766 40 12
15 793 20 14
15 869 25 7
15 930 41 15
15 1033 21 13
16 56 47 11
16 90 57 4
16 184 55 2
16 367 18 11
16 538 56 14
16 724 37 11
16 991 15 2
17 19 36 10
17 22 39 6
17 95 5 6
17 143 26 15
17 206 22 10
17 249 50 3
17 370 47 1
17 438 46 2
17 842 2 4
17 865 18 4
17 996 45 15
17 1035 56 9
18 285 29 13
18 367 57 3
18 426 12 15
18 452 32 5
18 527 35 11
18 543 19 15
18 642 6 14
18 741 30 5
18 784 11 3
18 831 58 9
18 853 14 4
18 876 44 15
18 916 20 13
18 949 25 11
18 988 21 12
18 999 16 11
19 25 32 5
19 231 3 9
19 626 24 2
19 730 40 8
19 742 20 3
19 973 52 12
20 46 29 6
20 88 50 2
20 266 50 7
20 328 20 13
20 355 6 11
20 559 34 4
20 622 60 6
20 895 18 12
20 990 35 14
21 238 2 9
21 279 36 7
21 290 5 10
21 427 35 6
21 471 5 9
21 682 40 11
21 848 17 9
21 917 49 4
21 949 53 7
22 34 41 6
22 41 29 10
22 170 39 13
22 206 52 5
22 542 14 11
22 545 50 10
22 577 56 15
22 866 60 9
22 951 53 10
23 38 53 4
23 64 27 11
23 191 35 4
23 438 39 8
23 488 52 1
23 743 54 3
23 907 11 7
24 159 3 8
24 420 50 15
24 429 43 4
24 520 24 10
24 536 28 7
24 552 12 2
24 584 32 12
24 631 49 5
24 702 18 1
24 729 50 12
24 793 22 9
24 950 32 8
25 102 35 1
25 213 33 1
25 250 30 1
25 333 42 2
25 373 42 1
25 466 40 8
25 523 14 4
25 630 32 11
25 669 50 7
25 670 12 9
25 764 14 11
25 826 24 7
25 927 7 10
25 976 55 3
25 998 52 14
25 1006 56 9
25 1022 50 13
26 27 31 12
26 130 49 9
26 154 13 11
26 157 11 9
26 246 44 1
26 392 1 11
26 446 51 1
26 569 32 3
26 686 56 9
27 28 15 14
27 217 38 3
27 287 49 10
27 327 37 3
27 437 38 7
27 460 12 11
27 702 25 7
27 832 24 11
27 864 30 11
27 937 53 12
27 949 47 14
28 189 15 7
28 394 20 3
28 614 16 3
28 670 6 14
28 728 1 5
28 747 46 13
28 828 54 13
28 979 48 1
28 1012 60 15
29 43 34 5
29 64 51 1
29 218 15 8
29 328 29 7
29 352 11 15
29 497 23 4
29 693 32 14
29 717 51 7
29 757 47 11
29 838 7 5
29 867 5 13
29 889 37 6
29 961 25 6
30 122 50 3
30 221 59 6
30 373 56 4
30 719 5 8
30 822 29 9
31 242 33 9
31 518 4 9
31 593 20 3
31 613 9 7
31 663 44 5
31 669 19 12
31 965 56 12
31 986 30 6
32 41 38 3
32 93 7 6
32 209 32 6
32 328 52 15
32 471 32 3
32 473 3 8
32 523 13 14
32 688 43 1
33 34 49 3
33 65 23 3
33 283 24 13
33 345 23 7
33 357 24 4
33 488 9 3
33 868 59 9
33 888 49 12
33 1022 40 15
34 90 27 3
34 224 50 3
34 285 32 10
34 421 15 12
34 592 42 11
34 791 4 8
34 826 57 7
34 975 2 4
35 74 34 4
35 103 46 2
35 180 42 8
35 187 26 3
35 332 27 15
35 348 28 6
35 396 1 1
35 633 30 10
36 110 7 12
36 246 58 3
36 294 32 9
36 350 38 12
36 583 17 2
36 614 47 4
36 766 49 14
36 850 6 5
36 946 47 15
36 971 13 2
36 999 12 12
37 203 23 6
37 471 22 1
37 540 23 14
37 553 40 10
37 850 45 2
37 959 15 13
38 170 37 1
38 268 17 11
38 461 2 15
38 591 49 11
38 867 1 15
38 964 50 12
38 1027 11 13
39 88 41 7
39 293 30 7
39 306 57 11
39 663 54 14
39 811 46 1
39 873 49 10
39 1020 32 9
40 65 60 7
40 312 55 10
40 383 21 10
40 567 29 6
40 674 21 14
40 816 51 14
40 857 42 13
40 874 10 5
40 1024 15 15
41 165 49 11
41 258 13 10
41 325 6 9
41 497 46 9
41 529 19 8
41 607 19 13
41 617 3 1
41 700 41 4
41 735 32 8
41 998 11 9
42 114 56 4
42 261 40 4
42 384 37 11
42 438 6 1
42 472 19 7
42 504 47 13
42 513 55 7
42 733 13 2
42 893 3 13
42 1010 58 1
43 61 31 4
43 360 17 11
43 396 49 10
43 581 32 2
44 75 10 6
44 115 14 9
44 209 43 2
44 240 4 3
44 370 60 10
44 451 3 15
44 491 42 14
44 692 15 10
44 1035 29 14
45 150 36 7
45 167 54 7
45 315 14 5
45 335 53 15
45 665 44 12
45 832 45 5
45 867 5 2
45 927 51 10
46 137 11 8
46 151 46 15
46 336 25 13
46 437 12 3
46 475 28 14
46 746 54 15
46 795 20 1
46 992 26 5
46 1030 2 12
47 251 8 9
47 446 9 1
47 478 60 3
47 605 32 7
47 652 48 15
47 741 14 1
47 960 5 10
47 978 9 5
47 1020 33 11
48 65 5 8
48 183 26 3
48 293 53 10
48 546 60 15
48 572 42 9
48 618 43 10
48 641 24 9
48 687 23 12
48 865 55 13
48 895 6 2
48 954 38 13
48 957 57 8
48 1030 13 10
49 128 21 5
49 162 19 6
49 178 32 11
49 229 43 3
49 662 13 10
49 724 32 3
49 918 13 15
49 994 35 3
50 144 27 8
50 320 60 7
50 354 53 1
50 382 14 11
50 609 34 12
50 635 8 5
50 698 32 9
50 749 57 4
50 952 55 9
50 958 59 15
51 56 26 2
51 127 43 12
51 299 5 6
51 306 5 2
51 344 39 15
51 804 24 4
51 805 45 6
51 863 18 5
51 995 41 6
52 65 16 14
52 79 56 1
52 121 13 2
52 538 33 5
52 591 57 6
52 833 18 8
52 848 18 4
52 881 22 8
52 943 22 8
52 1010 40 14
53 56 46 12
53 95 38 5
53 295 54 1
53 344 49 3
53 480 9 12
53 526 58 2
53 579 36 1
53 719 2 1
53 885 4 5
54 71 34 11
54 200 2 5
54 243 2 13
54 258 32 2
54 455 42 8
54 543 45 10
54 707 51 2
54 746 39 5
54 782 39 2
55 70 24 7
55 167 49 9
55 377 22 13
55 380 39 9
55 653 15 15
55 715 29 11
55 739 28 10
55 752 55 10
55 795 49 7
55 883 10 3
56 127 22 7
56 241 33 15
56 265 32 3
56 497 22 3
56 1029 49 5
57 333 28 2
57 459 23 11
57 713 3 10
57 857 22 9
57 903 16 14
58 444 35 9
58 479 57 10
58 664 56 1
58 840 40 13
58 946 46 12
58 999 29 6
59 270 27 10
59 352 6 4
59 433 23 4
59 529 49 3
59 615 11 3
59 660 7 14
59 688 32 2
59 738 43 13
59 883 15 13
60 122 24 4
60 125 49 3
60 133 22 14
60 143 12 13
60 165 39 2
60 200 27 2
60 248 46 15
60 363 19 2
60 438 55 3
60 506 8 3
60 573 34 4
60 593 19 1
60 637 38 11
60 789 49 9
60 795 18 10
60 863 42 15
60 940 20 7
60 991 44 5
60 1015 60 9
61 112 57 9
61 172 28 9
61 243 46 8
61 321 45 15
61 448 18 5
61 564 28 13
61 699 18 10
61 900 57 3
61 909 15 10
62 119 4 9
62 124 3 10
62 284 2 14
62 305 13 10
62 446 32 6
62 498 59 5
62 541 11 10
62 559 47 12
62 621 31 5
62 638 36 11
62 684 17 7
62 853 55 11
63 92 4 14
63 215 4 14
63 220 9 7
63 388 26 9
63 504 13 2
63 633 34 8
63 707 58 13
63 897 23 14
63 916 51 9
63 918 2 1
63 1020 14 8
64 176 1 13
64 199 38 4
64 306 46 4
64 619 41 13
64 855 15 6
64 962 2 13
65 181 48 15
65 223 57 2
65 271 3 4
65 465 10 4
65 528 40 3
65 545 43 5
65 549 26 15
65 608 45 5
65 627 59 8
65 786 58 9
65 813 60 5
65 842 36 4
66 67 6 15
66 69 37 9
66 130 49 3
66 137 45 13
66 267 34 8
66 323 21 14
66 348 20 2
66 509 52 1
66 550 49 8
66 580 29 11
67 156 5 2
67 323 39 15
67 331 13 15
67 450 28 9
67 468 53 1
67 470 39 7
67 475 60 5
67 536 51 12
67 546 18 13
67 603 29 4
67 800 57 9
67 804 7 5
67 840 19 12
67 859 3 14
67 978 20 12
68 92 4 14
68 166 51 11
68 198 33 11
68 206 24 5
68 324 35 5
68 420 33 9
68 427 57 14
68 521 36 10
68 671 13 10
68 791 40 3
68 862 15 15
68 985 30 9
68 1016 4 6
69 286 42 14
69 503 59 9
69 678 50 3
69 776 33 14
69 829 58 6
69 859 27 12
69 860 16 9
70 121 7 6
70 172 12 7
70 250 11 11
70 367 34 11
70 549 5 15
70 565 55 9
70 602 28 15
70 810 18 10
70 825 42 9
70 828 11 12
70 900 39 6
71 80 31 2
71 98 38 13
71 116 34 9
71 124 8 3
71 215 37 6
71 430 45 3
71 591 54 3
71 621 21 7
71 687 5 8
71 701 24 3
71 709 32 11
71 721 56 10
71 768 45 7
71 794 59 15
72 86 37 4
72 191 25 11
72 604 20 11
72 714 42 11
72 867 46 15
72 1038 18 13
73 87 10 14
73 107 45 14
73 710 26 2
73 796 31 10
74 169 25 7
74 348 56 15
74 672 25 9
74 713 43 13
74 836 44 6
74 1029 12 14
75 275 39 9
75 294 42 2
75 678 27 2
75 800 27 14
75 874 14 3
75 939 12 1
75 950 1 15
76 384 24 14
76 387 9 12
76 623 56 10
76 638 16 4
76 653 23 13
76 656 42 10
76 802 48 13
76 975 17 13
77 290 1 6
77 372 54 6
77 657 56 11
77 678 14 6
77 734 5 5
77 937 1 6
77 973 37 7
77 996 22 10
78 332 37 10
78 407 23 13
78 442 51 4
78 521 31 7
78 534 36 11
78 571 16 7
78 650 56 11
78 671 49 13
78 677 34 5
78 708 48 14
78 756 17 8
78 763 2 6
78 919 45 11
78 965 34 2
79 455 30 10
79 496 44 5
79 591 54 14
79 615 18 8
79 631 49 4
79 702 34 1
79 798 15 2
79 839 12 5
79 875 48 3
79 985 36 15
80 111 47 6
80 112 25 15
80 216 45 9
80 631 11 11
80 650 38 1
80 773 56 1
81 114 55 14
81 331 7 12
81 514 49 10
81 584 47 11
81 777 30 5
81 923 37 5
81 1034 12 8
82 262 13 6
82 304 8 5
82 331 43 5
82 336 51 4
82 520 53 9
82 532 35 3
82 598 15 5
82 615 28 5
82 657 59 3
82 785 19 6
82 845 41 3
82 964 57 12
83 88 55 10
83 374 30 9
83 388 46 14
83 421 25 3
83 552 46 1
83 857 45 9
83 1003 36 14
84 247 44 11
84 288 54 8
84 405 48 11
84 861 48 13
84 971 48 12
84 981 29 13
84 1027 37 3
85 120 39 1
85 132 48 3
85 155 37 13
85 330 11 4
85 589 14 12
85 620 1 15
85 690 60 10
85 780 53 4
85 840 11 7
85 902 35 13
85 1003 7 8
86 95 48 1
86 129 36 2
86 263 8 8
86 288 56 4
86 334 9 8
86 384 33 10
86 535 59 9
86 544 37 4
86 587 49 14
86 626 45 4
86 846 31 2
87 161 14 4
87 237 51 12
87 244 50 1
87 269 34 9
87 642 9 3
88 250 15 14
88 427 19 13
88 515 25 8
88 562 36 11
88 572 52 13
88 602 13 15
88 637 51 7
88 726 32 12
88 734 56 7
88 753 43 11
88 788 7 11
88 844 16 4
88 1016 47 4
89 180 19 15
89 222 56 8
89 392 21 3
89 431 44 6
89 608 19 10
89 640 28 15
89 1009 15 14
89 1015 45 14
90 156 51 5
90 198 56 2
90 250 53 8
90 320 26 15
90 434 3 13
90 468 49 9
90 858 45 5
90 900 59 10
90 913 1 2
91 195 14 6
91 204 48 4
91 332 59 2
91 339 22 12
91 467 42 1
91 501 39 9
91 515 39 1
91 663 42 1
91 760 23 15
92 368 39 4
92 624 16 4
92 805 42 1
92 1023 40 14
93 204 6 10
93 516 23 2
93 547 10 1
93 600 10 12
93 626 55 14
93 691 31 5
93 701 41 2
93 991 39 14
94 143 22 13
94 195 59 10
94 379 49 12
94 555 43 5
94 914 8 11
94 982 46 1
95 176 28 8
95 458 23 9
95 500 25 13
95 714 17 9
95 778 38 12
96 120 32 4
96 127 38 15
96 239 20 6
96 382 18 11
96 423 9 15
96 651 26 12
96 676 46 4
96 711 55 14
96 719 7 10
96 872 33 12
96 1036 55 14
97 133 16 9
97 426 38 9
97 473 29 10
97 639 31 3
97 645 20 5
97 687 36 12
97 695 9 11
97 869 13 13
97 909 9 1
97 992 54 2
98 188 43 10
98 315 52 3
98 353 29 4
98 426 21 1
98 431 2 2
98 533 50 9
98 558 10 8
98 677 5 8
98 722 10 15
98 854 51 8
99 142 59 9
99 222 42 12
99 422 46 7
99 530 3 13
99 545 19 15
99 607 42 12
99 646 21 14
99 745 35 6
99 769 1 15
99 880 58 5
99 916 27 9
99 1024 57 2
100 169 27 4
100 235 10 1
100 241 33 12
100 310 29 6
100 677 45 2
100 711 55 15
100 787 57 15
100 938 15 5
100 1033 7 10
101 220 6 1
101 355 44 4
101 381 32 10
101 398 24 3
101 602 53 5
101 612 41 11
101 624 5 4
101 657 37 10
101 723 53 12
101 883 35 11
101 901 7 1
102 293 50 3
102 375 47 3
102 387 37 9
102 400 42 8
102 420 8 9
102 487 15 6
102 607 21 14
102 612 21 2
102 622 42 10
102 694 60 6
102 743 38 9
102 770 6 9
102 832 26 1
102 877 46 10
102 953 28 14
102 1015 9 13
102 1032 1 11
103 241 40 4
103 269 46 10
103 393 31 11
103 512 10 15
103 537 56 1
103 674 31 15
103 825 24 5
103 860 28 4
104 274 26 4
104 503 44 3
104 777 50 7
104 838 19 3
104 962 45 12
104 1027 50 15
105 143 40 12
105 441 32 2
105 476 1 4
105 527 20 4
105 531 42 1
105 539 46 9
105 874 60 15
106 278 14 14
106 292 28 11
106 391 2 11
106 459 5 1
106 462 50 2
106 540 46 10
106 568 30 1
106 594 5 13
106 709 52 6
106 733 17 4
106 909 2 1
106 969 54 8
106 975 20 6
106 989 35 4
107 140 45 5
107 186 7 14
107 245 21 8
107 250 39 10
107 364 55 4
107 552 9 11
107 607 8 3
107 625 49 7
107 636 37 14
107 711 50 4
107 723 6 2
107 744 27 6
107 747 51 8
107 826 13 4
108 123 20 14
108 361 30 15
108 484 35 1
108 641 13 13
108 656 2 15
108 701 34 9
108 939 5 1
108 1011 15 8
109 200 44 1
109 493 55 7
109 1006 31 9
109 1031 37 5
110 180 23 1
110 207 18 6
110 272 17 10
110 349 9 14
110 350 39 11
110 412 37 10
110 431 25 5
110 596 21 12
110 665 44 5
110 711 24 1
110 721 29 9
110 766 46 11
110 797 36 8
110 836 19 10
110 906 37 4
110 945 26 4
111 135 18 7
111 149 22 13
111 258 12 10
111 288 44 7
111 322 5 10
111 379 59 9
111 412 15 1
111 433 37 12
111 489 25 14
111 564 1 4
111 577 50 2
111 610 37 2
111 660 21 7
111 665 29 10
111 702 7 14
111 735 22 13
111 882 44 12
111 964 38 4
111 1020 50 10
112 174 47 11
112 366 7 15
112 381 51 3
112 394 36 3
112 427 46 10
112 469 14 7
112 624 46 2
112 688 49 5
112 735 19 4
112 844 15 15
112 953 50 10
113 194 11 5
113 202 55 4
113 211 47 2
113 312 10 6
113 428 4 3
113 444 49 13
113 509 23 8
113 589 21 12
113 616 52 12
113 685 51 6
113 706 23 1
113 748 14 3
113 777 9 4
113 887 43 7
114 431 47 12
114 441 25 15
114 457 11 4
114 820 10 1
114 836 20 12
114 950 53 14
115 184 51 9
115 203 1 4
115 374 10 6
115 562 34 14
115 602 31 13
115 707 56 9
115 998 9 3
116 491 5 6
116 524 23 13
116 548 45 6
116 708 21 6
116 896 44 8
116 977 2 11
116 979 57 2
117 177 28 6
117 277 35 14
117 302 11 5
117 369 54 15
117 488 30 9
117 519 16 2
117 580 31 3
117 587 14 14
117 695 46 7
117 985 27 6
117 1033 5 14
118 215 17 5
118 367 36 14
118 405 58 12
118 553 2 14
118 714 24 5
118 794 39 12
118 807 28 3
119 209 34 1
119 346 50 12
119 419 58 12
119 525 48 14
119 572 10 15
119 603 22 12
119 645 18 1
119 770 23 3
119 840 19 3
119 920 21 7
120 334 34 1
120 517 9 15
120 624 14 5
120 639 39 5
120 689 44 12
120 793 53 1
120 823 13 10
120 966 35 14
121 144 37 9
121 556 28 12
121 557 25 14
121 654 22 5
121 768 32 3
121 927 21 6
122 392 1 14
122 427 41 8
122 484 37 8
122 564 33 2
122 643 14 4
122 690 4 13
122 855 45 4
122 1014 4 2
123 285 6 1
123 347 37 10
123 604 52 12
123 796 42 3
123 884 33 9
124 379 60 10
124 397 10 10
124 407 33 8
124 420 35 9
124 429 21 1
124 487 14 1
124 669 32 11
124 853 13 9
124 952 45 6
124 977 29 2
124 1018 8 11
125 365 24 14
125 462 46 4
125 571 37 14
125 659 43 1
125 781 11 13
125 948 15 14
126 152 58 6
126 190 45 7
126 450 14 13
126 599 9 4
126 696 11 6
126 706 23 11
126 746 20 13
126 777 32 5
126 936 51 14
127 352 50 4
127 410 2 10
127 607 60 11
127 870 47 2
127 1008 9 6
128 142 42 6
128 302 44 12
128 317 4 11
128 323 41 4
128 413 15 10
128 535 10 3
128 596 57 3
128 671 46 3
128 686 44 8
128 943 27 7
129 308 31 7
129 354 35 4
129 459 52 14
129 588 39 6
129 631 9 15
129 730 40 9
129 857 60 13
129 952 55 10
129 977 19 3
129 984 28 5
130 198 2 11
130 325 32 9
130 327 49 11
130 415 46 6
130 435 41 1
130 512 35 6
130 520 38 2
130 521 35 2
130 564 26 8
130 758 3 7
130 811 19 3
131 134 38 11
131 402 14 6
131 442 29 14
131 448 31 15
131 495 43 9
131 690 47 14
131 714 56 2
131 720 19 8
131 721 29 6
131 733 38 11
131 897 33 13
131 926 7 15
131 1027 1 1
132 195 23 2
132 242 12 14
132 251 57 6
132 743 22 5
132 747 59 8
132 922 9 5
132 1004 43 4
133 246 2 3
133 335 7 15
133 492 20 1
133 590 50 11
133 610 57 15
133 766 12 5
133 847 42 13
133 862 56 12
133 885 9 13
133 903 54 4
133 956 13 12
134 189 49 3
134 256 42 10
134 496 49 13
134 561 53 10
134 660 16 8
134 803 46 11
134 1030 10 12
135 292 21 4
135 508 36 8
135 561 9 1
135 624 26 14
135 626 9 8
135 822 3 2
135 890 60 6
136 137 7 1
136 184 31 9
136 284 27 5
136 526 30 6
136 540 28 9
136 624 26 12
136 672 8 13
136 679 60 10
136 891 10 3
137 160 56 15
137 355 50 11
137 583 53 11
137 824 11 7
137 861 39 4
137 926 20 13
137 979 28 3
137 1030 9 8
138 180 42 5
138 400 16 2
138 470 50 4
138 532 39 14
138 561 41 3
138 562 32 7
138 643 5 10
139 289 11 14
139 424 43 1
139 530 26 2
139 615 30 9
139 637 3 9
139 638 27 6
139 666 39 12
139 1001 6 6
140 148 10 2
140 190 43 3
140 534 33 6
141 210 25 14
141 258 58 13
141 308 10 11
141 629 28 15
141 938 25 14
141 948 9 9
141 1019 17 7
142 212 42 4
142 225 2 2
142 241 55 1
142 373 9 6
142 398 19 13
142 490 11 10
142 676 35 12
142 761 20 9
142 870 34 7
142 903 50 15
142 949 13 15
143 221 26 6
143 368 28 15
143 397 31 13
143 504 31 1
143 520 59 8
143 528 27 1
143 645 5 9
143 766 15 6
143 929 10 9
144 336 4 15
144 459 42 12
144 629 31 9
144 908 54 9
145 232 52 2
145 258 25 11
145 266 51 6
145 390 43 13
145 424 13 12
145 430 49 5
145 481 53 2
145 598 60 3
145 734 19 10
145 807 16 13
146 243 3 6
146 537 32 7
146 641 44 8
146 761 31 6
146 804 3 12
146 807 1 9
146 857 8 2
146 862 45 1
146 884 52 11
146 893 22 7
146 927 53 5
146 964 44 15
146 999 50 3
147 284 44 13
147 330 33 13
147 386 31 5
147 391 55 12
147 399 26 4
147 400 14 1
147 692 13 11
147 765 29 12
147 873 42 12
147 963 58 7
147 967 51 14
148 168 6 1
148 390 3 7
148 428 39 1
148 721 30 9
148 751 2 7
148 820 16 13
148 950 20 9
148 971 48 11
148 1021 48 7
149 454 24 5
149 577 18 4
149 593 35 11
150 570 47 12
150 768 57 1
150 811 36 6
150 964 1 11
150 1037 18 13
151 180 31 14
151 219 27 15
151 243 2 7
151 293 37 9
151 468 6 13
151 660 15 9
151 881 34 6
151 996 22 6
152 186 22 10
152 536 17 6
152 633 14 5
152 661 56 2
152 674 6 1
152 843 1 14
152 930 27 13
153 182 60 4
153 403 7 7
153 408 28 14
153 536 56 2
153 583 35 12
153 803 22 13
153 849 19 4
153 904 38 1
153 997 47 13
154 156 3 13
154 164 56 8
154 307 58 8
154 311 16 15
154 398 59 6
154 578 60 14
154 647 37 6
154 743 54 2
155 157 56 4
155 158 43 4
155 198 10 14
155 199 48 12
155 410 8 7
155 416 23 12
155 434 37 4
155 458 23 13
155 468 39 12
155 618 7 3
155 695 14 14
155 770 13 9
155 849 51 8
155 870 35 5
156 250 23 4
156 849 60 2
156 881 33 4
156 959 59 9
156 1031 42 5
157 199 27 15
157 599 40 3
157 603 12 8
157 884 6 4
157 1027 53 14
158 171 58 12
158 190 43 6
158 440 56 5
158 497 5 10
158 530 30 3
158 531 14 6
158 538 56 14
158 689 33 14
158 747 46 1
158 847 14 2
158 874 51 12
158 888 4 14
158 951 25 12
158 978 23 8
158 1013 33 8
159 165 25 1
159 219 55 5
159 260 48 6
159 406 36 3
159 464 57 13
159 601 19 10
159 830 51 3
159 839 52 13
159 993 31 2
160 163 4 11
160 221 4 9
160 235 46 11
160 317 51 12
160 318 27 12
160 320 48 8
160 541 14 5
160 601 40 5
160 606 32 2
160 616 26 14
160 779 46 9
160 892 28 9
160 911 5 3
160 959 23 6
160 986 39 10
161 242 23 4
161 272 58 15
161 350 39 11
161 819 58 2
161 843 23 3
161 943 55 4
162 279 42 14
162 362 35 13
162 498 50 6
162 735 56 11
162 867 44 1
162 941 19 14
163 405 14 15
163 456 9 10
163 502 32 1
163 537 53 13
163 684 55 5
163 807 17 15
163 854 51 2
164 167 11 11
164 290 5 15
164 487 15 15
164 559 50 10
164 591 58 9
164 632 6 11
164 686 15 11
164 748 18 4
164 772 33 15
164 797 55 11
164 906 38 13
164 909 7 6
164 992 53 7
165 668 36 5
165 795 13 3
165 914 52 12
165 983 54 2
166 199 37 6
166 292 53 2
166 347 9 15
166 459 17 15
166 569 40 7
166 698 47 9
166 806 47 6
166 887 48 5
167 253 20 1
167 391 16 1
167 493 9 1
167 726 18 4
167 790 17 1
167 839 50 6
167 924 42 9
167 948 16 12
167 960 58 15
168 170 36 7
168 323 60 1
168 386 52 8
168 671 1 12
168 767 43 3
168 885 1 6
168 1039 16 7
169 341 11 7
169 466 30 5
169 716 46 5
169 727 50 9
169 864 31 2
169 980 23 5
169 982 35 1
170 214 56 7
170 237 47 6
170 286 18 12
170 815 56 13
171 192 6 5
171 295 45 3
171 616 23 13
171 677 44 12
171 744 5 5
172 278 7 3
172 559 26 13
172 642 15 12
172 695 34 11
172 774 52 7
172 842 7 7
173 220 36 9
173 499 53 2
173 553 39 1
173 556 51 14
173 577 60 4
173 621 31 13
173 801 6 14
174 248 9 15
174 281 19 12
174 382 29 6
174 439 32 12
174 563 44 15
174 631 4 13
174 846 51 15
174 867 23 7
174 897 32 10
175 236 60 5
175 317 41 13
175 386 16 4
175 473 37 5
175 538 13 4
175 591 16 15
175 907 41 3
176 249 47 3
176 440 12 4
176 624 38 5
176 722 20 12
176 746 43 13
176 784 24 5
176 918 24 8
177 291 44 6
177 377 1 9
177 393 22 11
177 438 52 10
177 486 28 13
177 598 25 2
177 670 54 7
177 735 57 11
177 792 54 3
178 189 25 9
178 289 52 14
178 366 52 12
178 367 47 1
178 378 39 11
178 513 49 8
178 582 31 6
178 644 9 4
178 728 5 3
178 853 36 6
178 941 52 10
178 947 31 13
179 203 20 3
179 307 16 5
179 323 26 4
179 419 15 12
179 426 37 9
179 583 49 1
179 678 38 4
179 752 15 9
179 896 51 13
179 939 12 6
179 1037 24 3
180 300 51 13
180 465 15 2
180 572 44 11
180 633 42 12
180 655 52 10
180 696 29 10
180 878 2 9
180 912 50 12
180 931 16 11
180 957 55 6
181 311 57 15
181 406 55 9
181 493 43 3
181 684 53 12
181 802 34 8
181 867 29 14
182 297 25 13
182 335 45 9
182 429 24 1
182 473 11 6
182 618 53 8
182 645 21 2
182 701 20 13
182 771 41 2
182 795 47 2
182 805 9 5
182 868 12 6
182 897 9 2
182 931 55 5
182 959 31 6
182 994 45 11
182 1029 26 13
183 229 8 8
183 458 40 8
183 634 11 15
183 668 20 6
183 839 18 1
183 914 7 6
183 955 13 4
183 1008 39 3
184 334 55 15
184 354 3 12
184 514 55 6
184 540 32 14
184 745 41 10
184 760 60 10
184 984 43 5
185 191 44 4
185 375 17 3
185 452 31 14
185 657 47 11
185 702 24 7
186 313 54 10
186 543 4 7
186 715 59 6
186 996 46 3
187 361 53 15
187 448 6 15
187 482 23 1
187 504 25 15
187 642 31 13
187 698 14 2
187 718 43 15
187 914 21 11
187 989 57 7
188 300 59 15
188 671 20 8
188 776 33 1
188 787 12 1
188 819 59 8
188 903 24 11
188 925 25 1
188 975 47 5
188 1007 52 15
189 382 2 11
189 437 34 6
189 459 40 7
189 599 51 10
189 854 38 12
190 224 44 13
190 333 48 14
190 354 56 11
190 442 46 15
190 571 45 1
190 614 28 11
190 625 25 13
190 638 9 11
190 734 26 7
190 811 6 10
190 835 10 8
190 854 5 12
190 865 24 4
190 1012 35 3
191 324 28 4
191 346 54 10
191 619 49 15
191 682 10 12
191 811 42 11
192 296 15 10
192 310 2 5
192 312 7 11
192 539 36 3
192 574 43 13
192 623 10 13
192 670 58 12
192 937 11 11
192 956 33 13
192 980 12 9
193 228 38 4
193 240 51 11
193 300 51 2
193 731 45 4
193 909 24 13
193 933 44 3
193 943 56 7
193 1014 43 9
194 217 29 4
194 277 42 11
194 332 40 2
194 769 16 7
194 878 52 10
194 904 13 14
195 309 6 5
195 431 29 7
195 455 38 11
195 482 23 1
195 539 17 11
195 670 36 6
195 734 58 7
195 885 13 5
195 930 50 9
195 941 44 9
196 294 46 1
196 298 5 11
196 316 19 5
196 475 38 15
196 479 5 5
197 226 60 2
197 234 12 5
197 533 32 7
197 726 28 7
197 778 24 15
197 981 31 11
198 251 45 12
198 378 44 12
198 444 31 15
198 533 7 15
198 709 42 5
198 763 11 10
198 840 13 6
198 882 57 4
199 470 33 10
199 618 6 14
199 801 39 8
199 837 52 11
199 839 21 1
199 862 22 9
199 926 27 12
199 963 9 8
200 337 27 14
200 365 24 12
200 378 53 14
200 434 60 10
200 440 16 1
200 558 55 4
200 651 32 12
200 891 59 5
200 952 46 11
201 243 30 2
201 432 42 13
201 468 26 5
201 654 7 5
201 758 48 14
201 944 22 10
201 986 41 6
202 219 14 1
202 247 9 7
202 773 60 4
202 858 15 8
203 614 14 12
203 637 6 5
203 794 36 6
203 922 45 9
203 948 6 4
204 348 19 8
204 384 6 4
204 538 28 5
204 612 2 13
204 674 48 4
204 780 31 15
204 819 38 6
204 855 49 2
204 1026 51 11
205 1022 60 12
206 229 49 6
206 358 12 5
206 427 33 9
206 510 49 10
206 796 50 1
206 814 58 12
206 866 1 14
206 1016 55 8
207 247 52 3
207 398 33 14
207 405 33 8
207 488 6 3
207 618 46 8
207 751 50 14
207 922 41 5
207 1033 38 1
208 374 49 13
208 393 20 13
208 395 43 11
208 450 25 1
208 541 16 1
208 593 54 12
208 745 30 8
208 759 47 14
208 767 20 7
208 795 38 10
208 933 30 10
208 1017 1 10
209 262 48 10
209 479 16 8
209 616 28 11
209 1033 32 10
210 213 60 2
210 305 10 7
210 311 39 11
210 392 42 5
210 398 29 12
210 503 57 4
210 542 40 4
210 639 11 1
210 678 21 13
210 779 30 6
210 789 43 10
210 823 49 7
210 826 18 5
210 976 34 13
211 276 39 4
211 355 60 3
211 528 5 15
211 688 7 15
211 728 42 15
211 1016 46 11
212 264 54 1
212 456 50 11
212 568 10 7
212 679 2 11
212 708 42 10
212 724 11 2
212 728 27 12
212 902 54 15
212 903 56 11
213 222 33 7
213 316 23 13
213 390 19 3
213 409 14 7
213 539 56 1
213 613 5 9
214 319 32 1
214 405 45 3
214 475 34 12
214 875 53 14
214 931 33 14
215 230 20 11
215 253 9 3
215 263 3 3
215 458 12 6
215 791 57 13
215 870 38 8
215 882 39 10
215 884 21 5
215 909 17 2
215 932 38 8
215 993 15 14
216 220 13 14
216 311 7 5
216 455 58 10
216 764 17 4
216 840 33 2
217 242 7 1
217 266 1 12
217 324 36 11
217 440 54 7
217 514 5 7
217 617 58 7
217 710 47 8
217 1030 46 5
218 268 11 14
218 456 2 5
218 546 53 15
218 715 21 13
218 740 39 15
218 742 1 8
218 763 43 12
218 814 5 11
218 856 34 13
218 900 7 3
219 534 37 10
219 548 56 13
219 572 20 14
219 679 28 11
219 685 37 12
219 986 18 12
219 1022 27 11
220 483 27 14
220 511 14 8
220 545 52 9
220 576 11 11
220 600 52 4
220 659 58 4
220 704 51 4
220 777 29 2
220 814 30 4
220 849 47 9
220 905 27 12
220 911 33 3
221 395 2 12
221 408 53 11
221 688 43 7
221 757 6 9
221 798 56 9
221 950 6 2
221 1011 60 10
222 282 24 9
222 324 38 12
222 410 58 2
222 533 29 8
223 354 30 13
223 453 9 12
223 578 16 12
223 652 59 10
223 834 27 4
224 489 31 2
224 663 52 13
224 716 56 4
224 803 12 8
224 853 39 9
224 974 37 6
225 359 10 12
225 455 26 15
225 616 17 5
226 251 1 1
226 361 36 10
226 426 50 7
226 489 8 15
226 596 34 15
226 659 50 9
226 773 26 3
226 808 30 6
226 841 46 13
226 974 34 8
226 996 24 3
227 268 20 13
227 451 40 11
227 505 40 8
227 559 33 14
227 780 27 5
227 813 48 4
228 332 28 8
228 408 46 14
228 545 7 15
228 718 11 12
228 1006 49 7
229 234 1 10
229 363 56 4
229 561 43 2
229 629 50 1
229 676 27 1
229 681 6 6
229 868 11 3
229 921 38 15
229 951 51 4
229 954 6 15
229 972 20 6
229 985 22 7
229 1035 12 10
230 347 18 8
230 573 36 8
230 587 19 11
230 598 32 11
230 759 17 3
230 760 15 4
230 989 21 12
231 240 49 8
231 373 36 3
231 607 1 10
231 672 49 3
231 816 39 6
232 252 2 12
232 319 11 8
232 323 10 9
232 568 15 1
232 770 3 1
232 1023 49 6
233 301 37 5
233 536 40 9
233 562 12 2
233 676 8 6
233 895 41 5
233 928 39 1
234 240 29 15
234 399 2 6
234 571 52 12
234 707 29 12
234 712 38 12
234 782 30 3
234 803 46 7
234 874 52 6
234 992 17 3
234 1032 12 7
235 244 6 3
235 252 22 2
235 537 19 10
235 700 8 7
235 710 30 13
235 725 3 3
235 729 55 12
235 990 46 13
235 996 28 10
236 269 24 13
236 467 1 7
236 513 19 12
236 695 21 10
236 780 36 3
236 806 48 3
236 827 38 3
236 842 59 1
236 864 51 9
237 364 57 6
237 421 24 1
237 430 10 5
237 499 30 7
237 584 50 8
237 590 51 9
237 628 17 8
237 693 23 1
237 708 52 10
237 755 1 7
237 766 2 11
237 900 39 6
237 940 6 2
237 995 39 4
238 478 60 11
238 517 45 7
238 751 10 4
238 798 7 9
239 385 44 5
239 439 47 10
239 535 36 15
239 622 11 11
239 798 27 14
239 879 19 5
239 907 49 13
239 970 10 15
240 660 31 6
240 670 23 7
240 787 60 13
240 898 43 4
240 921 34 2
240 1007 41 3
241 259 14 9
241 266 41 13
241 312 60 13
241 469 48 4
241 493 34 4
241 707 8 8
241 727 6 11
241 738 23 7
241 798 15 12
241 822 24 10
241 882 56 9
242 252 15 14
242 281 25 12
242 390 13 9
242 526 2 4
242 628 18 1
242 798 48 2
242 855 21 11
242 880 48 11
243 328 29 9
243 347 36 2
243 382 12 4
243 387 26 14
243 425 23 10
243 441 45 14
243 465 46 8
243 701 40 14
244 633 31 9
244 706 39 2
244 784 2 2
244 830 50 15
245 326 12 8
245 340 16 12
245 485 19 8
245 499 38 14
245 537 36 10
245 632 35 4
245 734 20 7
245 751 32 8
245 813 21 9
245 919 52 5
245 936 58 13
246 252 45 8
246 562 8 4
246 706 38 8
246 715 25 11
246 740 22 3
246 798 55 9
246 920 7 12
246 1021 47 15
247 796 3 1
247 872 30 3
247 888 56 7
247 945 44 10
248 265 5 10
248 381 2 1
248 406 49 11
248 558 59 2
248 639 44 5
248 683 19 15
248 725 44 9
248 854 6 11
248 973 14 7
248 1016 13 6
249 339 36 14
249 341 10 5
249 428 30 15
249 661 54 12
249 706 1 4
249 804 17 10
249 809 14 3
249 931 51 6
250 335 56 4
250 372 9 13
250 383 15 15
250 476 59 4
250 545 12 10
250 547 35 6
250 597 4 7
250 727 21 15
250 824 6 14
250 1030 8 8
251 303 4 9
251 422 41 11
251 509 47 2
251 519 24 11
251 846 3 6
251 847 19 10
252 278 33 1
252 435 10 11
252 686 2 5
252 760 3 6
252 901 17 14
252 908 49 9
252 985 30 8
253 256 33 7
253 421 6 7
253 493 54 14
253 510 8 15
253 514 8 1
253 703 12 2
253 714 54 5
253 871 52 15
253 940 45 3
253 1004 25 8
254 750 59 2
254 1007 49 6
255 260 37 14
255 432 1 3
255 533 39 3
255 549 24 7
255 661 10 5
255 686 3 9
255 696 5 5
255 780 53 11
255 812 42 2
255 998 54 15
256 287 13 11
256 304 52 9
256 307 56 10
256 383 60 13
256 453 53 8
256 749 29 10
256 752 54 3
256 815 53 2
256 864 30 12
256 935 3 12
256 945 41 10
256 984 8 4
256 1037 46 14
257 290 60 14
257 455 3 2
257 994 6 4
257 999 54 15
258 287 57 2
258 300 10 5
258 481 3 13
258 526 5 11
258 571 28 1
258 662 45 6
258 709 30 7
258 879 25 1
259 400 53 6
259 482 6 9
259 515 54 1
259 562 6 6
259 704 26 6
259 725 44 10
260 376 25 13
260 398 9 7
260 408 7 7
260 741 30 1
260 853 52 5
260 854 3 9
260 915 26 3
261 447 9 14
261 502 59 9
261 511 52 10
261 745 9 14
261 782 37 9
261 839 30 10
262 391 24 2
262 584 13 14
262 597 32 6
262 823 59 11
262 980 32 12
262 1033 27 3
263 446 28 13
263 823 57 4
264 273 51 7
264 291 43 6
264 341 21 2
264 413 20 7
264 473 38 12
264 565 29 1
264 585 28 10
264 917 34 14
265 304 36 2
265 699 39 11
265 750 5 5
265 767 17 15
265 911 18 8
265 980 5 1
265 1030 2 10
265 1032 26 11
266 268 7 9
266 286 59 2
266 495 54 9
266 885 25 12
266 907 53 12
266 926 47 4
266 945 19 15
267 293 30 9
267 340 41 12
267 398 10 13
267 628 2 15
267 669 40 12
267 797 19 7
267 897 27 1
268 353 7 15
268 403 35 13
268 482 38 15
268 888 45 10
268 923 35 8
269 493 32 11
269 527 40 9
269 584 27 7
269 585 30 8
269 813 59 9
269 965 48 14
270 313 57 5
270 490 46 7
270 565 15 14
270 793 54 5
271 426 9 13
271 520 1 13
271 567 12 4
271 623 2 8
271 644 3 15
271 676 56 8
271 733 30 9
271 759 11 10
271 769 31 1
271 786 57 2
271 900 1 15
272 425 7 1
272 527 60 15
272 530 29 11
272 576 11 12
272 600 60 11
272 690 34 2
272 797 16 3
272 823 37 2
272 834 49 10
273 309 56 3
273 320 5 7
273 343 44 4
273 578 28 14
273 716 52 14
273 783 57 15
273 813 12 3
273 831 14 15
273 987 50 14
274 320 31 2
274 358 8 1
274 421 56 5
274 444 4 10
274 658 54 4
274 795 42 8
274 820 20 7
274 1038 28 2
274 1039 38 13
275 305 3 3
275 478 33 14
275 614 60 15
275 718 15 13
275 795 23 6
275 820 60 10
275 845 8 14
275 857 58 13
275 902 33 4
275 989 58 7
276 468 26 14
276 499 56 8
276 514 35 7
276 539 44 3
276 684 40 5
276 745 37 8
276 858 53 10
277 419 50 12
277 464 11 6
277 542 39 3
277 565 14 15
277 715 42 2
277 860 60 5
277 865 43 1
277 934 10 5
278 372 17 8
278 483 20 5
278 488 25 14
278 511 2 15
278 651 9 7
278 661 31 7
278 785 49 2
278 934 35 9
279 340 38 14
279 367 25 9
279 388 11 6
279 418 46 3
279 450 13 4
279 528 32 1
279 558 28 4
279 628 46 8
279 932 25 14
279 1024 37 15
280 319 53 3
280 383 26 1
280 481 40 11
280 783 28 3
280 837 38 3
280 840 7 7
280 916 59 14
280 1014 50 1
281 322 40 6
281 405 52 6
281 469 34 4
281 545 1 2
281 763 4 14
281 787 9 2
282 425 53 14
282 429 39 11
282 556 41 12
282 656 50 11
282 808 24 5
282 955 31 15
282 958 26 4
282 1037 18 12
283 328 40 3
283 412 54 11
283 469 49 8
283 526 46 13
283 716 30 12
283 758 23 1
283 845 21 5
283 906 27 5
283 913 39 5
283 919 15 9
284 336 23 9
284 409 28 9
284 463 50 2
284 489 6 2
284 549 20 11
284 710 51 14
284 766 40 11
284 824 28 11
284 848 42 5
284 929 43 10
284 933 57 11
284 1033 48 2
285 554 31 8
285 664 32 2
285 863 37 4
286 372 39 6
286 556 60 3
286 562 41 8
286 572 60 7
286 589 27 4
286 677 43 1
286 797 19 4
286 894 21 3
286 1017 43 12
287 373 41 8
287 409 19 7
287 411 33 12
287 496 43 2
287 512 36 2
287 513 25 13
287 750 41 5
287 758 38 12
287 878 16 8
287 900 60 8
287 911 14 3
287 927 60 1
287 969 27 6
288 403 28 7
288 419 20 13
288 524 6 12
288 637 53 2
288 688 26 9
288 725 59 7
288 816 3 5
288 821 3 15
288 914 52 8
289 387 52 15
289 416 52 1
289 523 32 3
289 531 48 15
289 751 43 3
289 791 45 7
289 810 29 5
289 847 32 8
289 852 10 14
289 865 19 14
290 293 7 5
290 512 24 7
290 514 46 12
290 557 29 2
290 598 34 10
290 672 60 11
290 792 33 4
290 809 6 15
291 301 7 12
291 383 23 4
291 430 29 13
291 537 3 15
291 578 45 14
291 706 30 5
291 793 32 4
291 795 22 11
291 860 7 2
291 898 53 12
292 312 23 6
292 412 11 5
292 430 13 10
292 440 20 3
292 479 37 3
292 532 52 5
292 546 41 5
292 567 32 8
292 620 31 5
292 684 30 1
292 714 51 14
292 771 1 7
292 794 15 10
292 811 6 2
292 872 20 2
292 913 22 10
292 936 38 8
293 349 57 8
293 447 25 14
293 486 32 9
293 493 27 8
293 515 49 12
293 614 40 7
293 662 44 3
293 679 58 2
293 812 42 10
294 547 22 9
294 579 24 15
294 668 51 13
294 775 41 12
294 897 3 15
295 501 15 14
295 533 19 6
295 642 35 12
295 647 32 14
295 705 40 12
295 766 47 4
295 893 47 13
295 922 6 9
296 332 33 4
296 468 23 4
296 545 31 14
296 644 46 13
296 759 60 6
296 774 49 12
296 809 41 5
296 835 43 11
296 898 19 3
296 968 3 11
297 351 53 13
297 427 28 11
297 520 31 5
297 573 21 12
298 440 58 10
298 563 16 5
298 586 29 4
298 731 60 13
298 803 23 9
299 365 23 3
299 444 11 4
299 534 54 4
299 537 52 8
299 568 35 14
299 570 16 8
299 734 31 8
299 773 30 3
299 947 11 2
299 958 30 14
299 981 39 7
300 325 35 9
300 829 58 5
300 854 49 4
300 886 36 8
300 910 23 13
301 555 34 11
301 604 8 8
301 695 29 7
301 1028 32 13
302 350 27 4
302 378 26 10
302 404 40 5
302 557 30 3
302 611 5 5
302 665 52 10
302 835 50 11
302 895 57 2
302 986 32 10
302 1004 9 4
303 338 27 3
303 398 12 11
303 399 19 11
303 458 13 4
303 626 49 3
303 704 25 8
303 739 11 14
303 844 21 13
304 340 23 15
304 350 45 4
304 380 17 13
304 391 30 9
304 855 32 5
304 870 16 7
304 1002 53 10
305 315 50 10
305 404 15 11
305 419 29 5
305 661 42 1
305 781 57 4
305 1022 7 10
305 1031 42 1
306 331 23 7
306 470 40 15
306 475 51 13
306 609 56 4
306 677 17 11
306 753 25 4
306 854 32 2
307 387 34 2
307 450 20 7
307 495 49 10
307 832 14 13
307 846 6 14
307 941 31 1
308 393 57 4
308 505 12 5
308 604 1 15
308 634 16 14
308 700 30 12
308 735 37 12
308 877 55 9
308 980 18 14
308 1033 45 14
309 341 29 10
309 387 58 1
309 445 54 14
309 483 57 11
309 537 10 4
309 717 36 14
309 846 8 7
309 866 28 6
309 894 22 13
309 898 31 8
309 924 3 9
310 635 20 5
310 710 46 13
310 932 13 10
310 957 9 8
311 342 18 7
311 405 59 11
311 569 12 8
311 583 56 5
311 594 11 14
311 925 1 1
312 372 2 2
312 388 47 2
312 456 26 9
312 457 38 1
312 651 51 15
312 675 29 13
312 728 38 7
312 969 45 8
313 366 27 2
313 377 14 14
313 802 52 11
313 862 57 14
313 1034 4 7
314 450 47 11
314 605 52 14
314 619 27 1
314 769 13 10
314 933 4 4
315 349 7 7
315 409 1 15
315 658 60 15
315 676 30 14
315 689 28 9
315 700 3 3
315 706 5 11
315 885 60 6
315 1005 36 9
315 1029 20 9
316 425 29 12
316 439 19 14
316 599 42 9
316 603 13 3
316 673 35 2
316 793 30 8
316 810 3 7
316 847 20 10
316 887 17 11
316 1015 57 11
317 387 31 2
317 406 21 4
317 424 18 12
317 429 36 13
317 463 58 1
317 474 6 1
317 770 4 13
317 827 14 8
318 326 49 5
318 475 45 5
318 754 24 3
319 452 48 7
319 501 23 6
319 540 59 7
319 631 37 8
319 856 41 15
319 889 8 14
319 893 57 15
320 357 3 11
320 438 52 3
320 446 35 5
320 566 49 5
320 590 15 11
320 909 24 12
320 941 22 12
321 507 30 7
321 575 6 4
321 610 58 15
321 619 19 15
321 791 22 7
321 965 15 3
321 1029 24 6
322 376 48 2
322 436 19 7
322 452 31 15
322 515 30 8
322 614 46 6
322 696 5 6
322 753 43 7
322 919 55 8
322 1025 37 10
323 333 6 2
323 341 33 4
323 368 36 11
323 458 14 11
323 595 22 11
323 841 13 2
323 1009 38 15
323 1010 56 10
324 400 6 6
324 416 10 8
324 427 38 10
324 502 7 5
324 521 60 5
324 546 5 4
324 593 12 2
324 799 14 2
324 919 18 10
324 926 18 6
324 1031 16 12
325 563 52 5
325 595 18 4
325 1017 43 2
326 459 44 9
326 515 59 9
326 625 25 9
326 647 28 3
326 650 11 9
326 768 57 3
326 837 53 6
326 890 46 5
327 449 44 8
327 489 38 8
327 588 14 3
327 761 40 12
327 883 23 3
327 898 35 5
327 910 53 2
327 1024 16 5
327 1030 45 9
328 424 12 12
328 476 58 9
328 583 51 6
328 647 43 14
328 707 20 4
328 826 52 3
328 865 32 11
328 877 10 15
328 880 37 15
329 435 26 10
329 613 12 3
329 704 48 14
329 825 36 14
329 982 44 11
330 476 4 5
330 535 42 5
330 913 40 3
330 1011 20 6
331 508 51 4
331 650 49 12
331 848 8 8
332 354 33 13
332 444 54 5
332 484 54 12
332 491 2 6
332 519 52 4
332 613 21 15
332 808 47 13
332 946 49 8
333 432 3 11
333 744 53 13
333 778 33 5
333 799 8 2
333 819 10 15
333 835 20 7
333 913 9 14
333 954 52 12
334 464 38 9
334 716 51 4
334 749 46 5
334 764 40 12
334 981 32 4
334 1006 31 10
334 1021 30 3
334 1039 54 9
335 392 53 6
335 422 5 5
335 519 56 10
335 587 30 12
335 684 52 15
335 761 55 14
335 786 16 3
335 799 12 2
335 845 20 14
335 872 36 7
335 881 13 10
335 1012 50 12
336 377 14 10
336 532 12 2
336 538 23 7
336 541 6 11
336 888 39 10
336 928 35 10
336 957 30 11
336 974 7 5
337 452 45 9
337 495 4 12
337 538 11 11
337 729 4 8
337 794 17 15
337 849 41 15
337 883 4 7
337 978 45 7
338 652 39 9
338 810 45 13
338 823 33 8
338 881 33 10
338 1022 12 1
339 366 45 8
339 442 5 15
339 594 8 8
339 698 46 14
339 873 5 12
339 965 20 14
339 1037 24 8
340 572 24 5
340 575 43 14
340 586 32 14
340 605 22 13
340 606 50 15
340 682 48 10
340 850 9 15
340 883 24 11
340 904 30 2
340 993 40 3
341 375 6 15
341 475 17 5
341 711 45 15
341 801 10 2
342 750 23 3
342 784 11 15
342 897 38 3
342 902 17 15
343 392 11 10
343 397 43 1
343 444 16 14
343 453 30 4
343 503 26 2
343 599 31 2
343 614 48 10
343 773 59 9
343 777 43 7
344 373 36 9
344 468 52 3
344 547 42 2
344 581 50 8
344 653 27 4
344 971 32 4
344 1004 21 7
345 450 48 6
345 562 30 7
345 680 18 8
345 887 11 12
345 1007 8 14
346 428 19 13
346 493 29 11
346 708 11 10
346 727 32 11
346 816 27 14
347 478 50 14
347 593 42 12
347 599 47 5
347 779 55 12
347 807 25 9
347 872 1 12
348 600 60 8
348 647 9 11
348 701 37 13
349 713 17 11
349 791 14 3
350 351 15 4
350 557 8 9
350 639 45 12
350 677 28 13
350 783 31 2
350 801 57 9
350 1030 13 2
351 439 58 14
351 524 20 4
351 723 7 11
351 770 11 10
351 829 54 4
351 839 11 14
351 929 50 6
351 942 8 11
351 958 35 13
352 595 33 1
352 765 39 4
353 364 48 7
353 416 18 14
353 547 54 13
353 774 50 14
353 832 41 10
353 925 38 4
353 951 51 8
354 522 48 12
354 897 3 9
354 964 60 5
355 374 25 7
355 498 49 7
355 516 28 7
355 519 36 3
355 616 21 7
355 617 25 6
355 653 48 12
355 690 41 6
355 723 24 1
355 939 35 1
355 944 60 3
356 604 38 7
356 812 54 1
356 845 58 6
356 978 24 13
356 985 30 3
357 360 15 10
357 367 11 11
357 410 14 10
357 636 24 12
357 852 2 15
357 1023 43 4
358 431 53 12
358 578 30 1
358 597 12 5
358 630 60 11
358 749 13 5
358 774 27 8
358 978 52 11
359 431 41 1
359 529 31 6
359 540 13 2
359 660 48 7
359 676 46 13
359 755 18 7
359 826 18 7
359 992 24 13
359 1002 59 7
360 424 57 13
360 547 8 2
360 613 15 15
360 827 44 9
360 836 1 10
360 914 59 12
361 429 45 9
361 496 39 4
361 554 25 9
361 804 53 15
361 884 48 9
361 894 10 8
361 960 25 9
361 995 52 11
362 489 6 13
362 688 41 10
362 709 58 15
362 757 30 7
362 798 28 9
362 841 31 9
362 907 36 2
363 498 31 3
363 674 28 6
363 760 18 5
363 778 36 13
363 850 59 4
364 534 56 14
364 747 39 12
364 796 3 7
364 1004 41 9
365 396 31 2
365 473 38 10
365 479 13 9
365 632 21 3
365 675 22 9
365 868 39 1
365 892 60 9
365 964 35 6
365 1010 18 2
366 433 19 11
366 472 55 1
366 702 9 5
366 746 47 7
366 852 53 6
366 872 48 2
366 991 21 13
367 722 50 4
367 748 25 13
367 812 60 13
368 396 41 14
368 451 10 5
368 511 35 3
368 537 18 1
368 579 35 8
368 854 14 4
368 996 28 10
368 1033 1 11
369 574 18 6
369 618 9 3
369 757 20 10
369 814 19 13
369 965 22 14
370 394 5 4
370 398 55 14
370 414 38 14
370 435 18 15
370 488 50 6
370 506 4 7
370 840 27 7
370 907 32 13
370 1026 25 8
371 667 12 11
371 1019 9 9
372 479 21 5
372 515 2 9
372 526 39 14
372 636 1 6
372 755 36 1
372 771 7 3
372 878 15 14
373 411 51 1
373 418 34 2
373 532 3 2
373 579 59 14
373 588 41 10
373 679 21 8
374 419 50 8
374 888 12 9
375 392 52 14
375 701 19 10
375 751 32 4
375 788 2 2
375 801 39 14
375 868 33 13
376 405 27 1
376 565 41 1
376 739 26 14
376 776 47 8
376 783 55 13
376 785 6 2
376 854 24 4
376 975 6 8
376 1027 28 2
377 600 10 13
377 688 10 9
377 801 53 8
378 424 60 2
378 713 1 14
378 782 58 12
378 837 6 8
378 945 24 11
378 968 15 13
379 592 7 4
379 627 31 1
379 646 31 11
379 720 13 3
379 796 48 8
379 882 39 9
379 924 39 5
379 947 54 7
379 963 56 8
380 460 34 13
380 738 19 12
380 756 60 11
380 786 53 1
380 868 51 14
380 989 19 8
380 1019 58 10
381 385 52 9
381 482 25 10
381 665 52 8
381 782 10 11
381 878 50 3
381 883 9 1
381 928 31 9
381 961 50 1
382 430 44 2
382 517 28 7
382 546 10 15
382 751 24 4
382 773 52 7
382 776 39 4
382 904 9 9
383 542 16 15
383 765 12 15
383 919 48 15
384 581 16 10
384 594 22 11
384 1015 50 5
384 1028 56 6
385 431 37 7
385 510 36 1
385 596 44 6
385 630 2 5
385 706 56 8
385 719 45 1
385 831 5 14
385 929 52 8
385 942 45 11
385 955 40 13
385 1026 27 1
386 426 15 13
386 469 15 4
386 516 52 15
386 628 2 1
386 716 35 14
386 883 48 1
386 980 11 1
387 388 44 6
387 414 7 9
387 435 20 11
387 499 43 7
387 667 10 6
387 863 22 12
387 905 30 2
387 1032 2 3
388 407 22 13
388 455 45 12
388 601 42 11
388 716 8 1
388 881 18 13
388 923 39 3
388 924 57 9
389 410 13 8
389 556 10 4
389 687 14 8
389 709 44 9
389 937 12 6
389 1033 53 14
390 442 21 2
390 570 15 13
390 637 19 7
390 947 2 3
390 962 44 7
391 522 14 3
391 708 56 6
391 988 24 14
392 497 18 14
392 669 1 12
392 759 42 5
392 785 60 9
392 807 46 13
392 891 18 8
392 897 35 13
393 456 39 1
393 732 24 14
393 749 28 10
393 905 18 13
393 954 48 8
393 993 44 9
394 409 56 5
394 432 21 8
394 454 36 2
394 688 41 1
394 747 49 12
394 913 28 1
394 933 32 2
394 944 43 3
395 515 41 7
395 531 57 8
395 612 27 11
395 790 35 11
395 907 41 2
395 1005 31 3
396 421 24 13
396 578 30 3
396 734 2 3
396 747 14 13
397 406 11 8
397 454 9 12
397 587 43 2
397 645 4 4
397 684 10 8
397 813 30 1
397 835 27 1
397 879 19 13
397 886 55 8
397 914 10 9
397 1000 5 6
398 439 26 10
398 445 27 2
398 505 4 13
398 529 7 8
398 752 55 5
398 825 12 11
398 875 19 9
398 909 14 7
398 948 57 12
398 1033 48 6
399 438 29 6
399 459 40 5
399 468 27 6
399 499 14 10
399 544 27 8
399 662 17 5
399 739 54 13
399 767 15 12
399 852 49 4
400 452 20 11
400 509 5 12
400 907 43 14
400 973 5 1
400 1004 38 2
401 412 28 15
401 694 45 1
401 727 13 9
401 771 39 2
401 840 56 15
401 845 34 3
401 875 43 2
401 886 29 11
402 564 52 4
402 966 27 15
403 483 60 7
403 491 52 5
403 716 9 10
403 759 60 8
403 848 6 3
403 938 14 2
403 988 4 7
403 1035 45 2
404 534 58 7
404 610 5 13
404 616 49 4
404 646 5 5
404 726 8 13
404 782 6 12
404 974 17 13
405 508 2 15
405 834 2 14
405 922 33 1
406 487 53 6
406 581 22 9
406 712 34 12
406 743 17 14
406 836 33 12
406 842 35 14
407 531 41 4
407 545 51 1
407 853 52 5
407 863 38 15
407 904 27 6
407 972 6 8
408 415 41 14
408 430 16 13
408 593 38 4
408 627 48 12
408 703 3 10
408 812 43 15
408 842 39 11
408 948 36 13
408 1030 54 14
409 557 28 12
409 946 9 12
410 508 30 4
410 554 6 11
410 594 37 8
410 692 13 14
410 868 23 12
410 903 39 12
410 984 30 10
410 1037 38 11
411 623 57 6
411 677 51 14
411 807 39 14
411 1023 47 9
412 485 23 4
412 590 43 9
412 878 35 14
412 932 31 10
412 946 29 1
412 1038 52 6
413 534 60 6
413 694 30 7
413 735 14 12
413 737 34 8
413 853 53 2
413 881 59 2
413 936 43 6
413 989 51 2
414 586 3 7
414 736 36 2
414 887 38 5
414 954 31 6
414 1003 47 4
415 443 36 14
415 497 13 6
415 562 52 3
415 874 59 13
415 954 44 15
416 518 55 3
416 596 25 12
416 774 29 9
416 978 9 2
416 979 19 5
417 435 25 15
417 482 26 15
417 505 44 9
417 530 58 14
417 749 3 9
417 814 25 3
417 862 9 7
417 919 12 4
417 980 18 10
418 420 25 4
418 462 22 9
418 468 29 13
418 703 49 6
418 782 50 12
418 862 15 13
418 867 40 7
419 630 45 3
419 674 30 10
419 920 15 5
420 620 11 10
420 726 24 9
420 994 48 3
421 585 9 5
421 752 49 12
421 928 23 1
422 599 11 3
422 695 2 12
422 714 54 13
422 786 59 4
422 988 11 15
423 428 20 4
423 431 7 1
423 517 43 15
423 540 35 14
423 619 9 13
423 681 3 1
423 878 42 6
423 923 14 6
423 1004 26 14
423 1016 8 2
424 554 53 12
424 583 15 14
424 679 1 2
424 746 13 1
424 764 44 5
424 961 43 14
425 494 59 3
425 628 60 15
425 801 28 9
425 855 58 3
425 892 5 1
425 914 30 15
426 742 2 2
426 744 43 2
426 747 2 11
426 884 23 7
426 905 59 5
426 1001 25 9
427 447 33 10
427 489 28 9
427 587 56 8
427 665 23 15
427 672 14 4
427 699 9 5
428 503 38 11
428 660 19 12
428 700 52 13
428 738 16 4
428 857 52 3
428 959 24 9
429 534 45 7
429 540 9 9
429 568 24 13
429 669 52 7
429 700 50 10
429 852 16 5
429 924 50 12
429 928 13 4
429 1032 37 8
430 508 1 2
430 626 29 8
430 821 39 5
430 877 51 8
430 907 19 2
431 478 29 6
431 554 5 1
431 616 35 3
431 777 53 1
431 889 54 11
432 433 58 4
432 834 49 3
432 857 51 4
432 898 2 12
432 911 32 10
432 967 29 12
432 991 52 11
432 1022 39 14
433 554 29 5
433 564 44 1
433 678 48 4
433 799 20 14
433 846 14 11
434 863 29 15
434 884 56 14
435 450 7 7
435 504 31 6
435 521 57 11
435 613 34 9
435 758 37 9
435 898 4 11
436 468 58 10
436 680 11 15
436 762 56 2
436 861 36 6
436 866 42 9
436 883 15 11
436 1012 17 10
437 724 46 13
437 817 10 9
437 861 28 1
438 460 57 5
438 488 7 8
438 573 57 3
438 576 51 9
438 743 49 1
439 471 43 6
439 509 24 6
439 608 9 14
439 625 38 3
439 745 53 13
439 884 4 9
439 1003 49 5
440 476 38 7
440 610 30 10
440 843 57 1
440 854 55 7
440 947 43 3
441 496 14 13
441 641 11 5
441 650 23 11
441 664 55 13
441 840 29 2
441 877 4 9
441 978 21 9
441 1026 13 12
442 513 38 2
442 823 20 6
442 907 1 5
442 978 37 14
443 444 48 13
443 615 7 7
443 774 6 9
443 782 22 15
444 482 56 12
444 551 59 7
444 572 25 8
444 607 59 2
444 633 20 11
444 750 44 13
444 753 58 13
444 802 33 13
444 902 45 1
445 480 14 9
445 578 60 15
445 677 25 8
445 683 52 10
445 686 33 15
445 738 14 9
445 795 14 3
445 1011 9 5
446 485 10 7
446 526 44 12
446 638 44 14
446 691 37 15
446 885 45 1
447 519 9 13
447 634 54 4
447 763 18 4
447 767 44 10
447 864 40 15
447 923 58 11
447 992 51 1
447 1037 35 11
448 754 38 12
448 835 29 10
448 852 2 12
448 891 18 2
448 892 41 6
448 919 28 3
448 932 9 1
448 985 23 12
449 453 32 5
449 565 28 9
449 738 24 4
449 893 38 15
449 970 7 3
450 463 59 14
450 706 57 12
450 885 28 3
450 1034 28 8
451 717 42 4
451 752 12 4
451 822 40 7
451 874 39 1
451 970 54 6
452 566 3 9
452 713 26 7
452 717 1 7
452 897 20 6
452 956 57 6
452 1013 22 9
453 509 56 6
453 754 52 8
453 877 29 11
454 644 26 13
455 490 9 12
455 494 10 5
455 509 57 10
455 574 2 13
455 622 55 7
455 760 10 2
455 952 40 9
455 1005 28 3
455 1014 40 2
456 954 38 4
458 682 23 1
458 685 56 15
458 744 42 8
458 887 52 4
459 471 14 12
459 790 50 7
460 470 36 3
460 753 28 9
460 972 59 3
460 1029 31 13
461 464 9 15
461 564 13 10
461 573 6 11
461 594 56 11
461 756 5 11
461 839 2 9
461 868 33 10
461 909 1 12
461 953 29 8
461 1018 13 11
462 695 29 9
462 723 22 11
462 762 60 10
462 807 17 3
462 864 29 2
462 881 37 5
462 911 33 11
462 918 51 8
462 996 5 5
463 644 6 12
463 791 32 9
463 835 39 4
463 881 60 11
464 600 57 14
464 721 56 8
465 487 46 8
465 538 41 14
465 576 42 1
465 651 59 12
465 771 6 7
465 890 18 7
465 1022 10 2
466 473 38 6
466 578 48 5
466 709 52 4
466 778 15 2
467 514 49 2
467 551 25 1
467 571 60 5
467 572 8 1
467 583 59 10
467 670 11 7
467 732 21 2
467 769 38 12
467 966 20 13
467 969 5 9
467 972 20 10
468 494 53 6
468 507 59 14
468 518 30 7
468 526 27 15
468 592 24 14
468 620 27 1
468 673 7 12
469 543 41 14
469 559 22 6
469 832 58 15
469 844 27 13
470 523 11 13
470 524 16 3
470 690 58 8
470 777 54 2
470 993 33 12
471 475 41 14
471 684 14 2
471 986 20 9
471 1014 60 14
472 492 42 1
472 532 3 8
472 698 52 2
472 808 4 2
472 847 32 7
472 907 8 9
472 908 50 3
472 1004 21 5
473 507 8 14
473 657 3 11
473 757 5 5
473 758 38 10
473 805 33 7
473 806 20 6
473 857 27 6
473 982 8 13
474 498 42 11
474 611 3 1
474 696 8 1
474 766 43 3
474 881 57 11
474 895 38 14
475 571 47 15
475 593 20 6
475 606 36 4
475 642 53 13
475 651 54 15
475 680 29 1
475 909 53 14
475 987 41 15
475 1014 27 9
475 1024 59 10
476 594 40 12
476 629 27 11
476 749 28 11
476 900 58 1
476 974 8 8
477 483 53 4
477 581 37 1
477 587 11 8
477 610 18 10
477 735 51 15
477 768 6 13
477 781 40 7
477 789 12 9
477 820 56 14
477 918 18 15
477 926 4 8
477 950 47 14
478 484 9 4
478 510 5 7
478 847 16 4
478 954 1 5
478 972 6 2
479 498 40 5
479 506 51 15
479 535 22 14
479 797 17 3
479 974 26 8
480 785 57 8
480 867 11 12
480 978 46 6
480 1034 15 9
481 620 9 1
481 622 27 4
481 644 9 12
481 844 24 15
481 866 17 7
481 961 45 2
481 1011 13 14
481 1013 60 1
482 560 22 12
482 695 45 14
482 887 56 1
482 955 42 6
482 961 3 8
482 976 39 4
483 537 34 7
483 618 11 2
483 739 30 8
483 776 27 9
483 803 44 15
483 886 12 14
484 577 15 11
484 648 36 10
484 671 31 7
484 680 15 9
484 772 51 13
485 550 46 9
485 773 12 15
485 806 45 2
485 1020 9 11
485 1030 7 15
486 594 53 14
486 673 57 12
486 699 12 11
486 881 57 5
486 919 10 7
486 1004 44 6
487 531 22 13
487 566 11 14
487 608 38 14
487 743 18 11
487 786 37 6
487 915 28 1
487 991 52 13
487 1005 27 3
487 1032 26 8
488 527 48 13
488 638 20 12
488 660 30 6
488 718 3 14
488 813 51 13
489 774 36 5
489 860 11 11
489 925 23 4
489 987 7 1
490 544 34 14
490 748 37 6
490 924 6 12
490 973 27 7
490 1033 2 11
491 580 46 11
491 611 20 7
491 615 33 11
491 627 2 13
491 642 39 3
491 800 38 11
492 503 59 11
492 697 18 6
492 893 32 8
492 1013 46 11
492 1038 7 6
493 585 54 6
493 648 16 7
493 652 10 15
493 680 47 12
493 797 59 4
494 513 4 9
494 651 25 15
494 704 5 6
494 951 8 8
495 572 9 7
495 639 37 7
495 647 21 13
495 979 57 6
495 1036 35 15
496 608 11 9
496 719 25 13
496 815 11 11
496 839 45 8
496 1038 49 3
497 715 31 6
497 822 51 1
497 876 40 15
497 885 15 13
497 998 50 7
497 1008 48 6
498 600 20 9
498 703 15 5
498 730 47 3
498 742 21 6
498 864 22 13
498 868 45 1
498 880 36 7
498 885 21 4
498 895 36 2
499 572 21 8
499 710 29 5
499 750 56 8
499 800 27 15
499 868 41 7
499 963 56 3
500 621 2 8
500 645 56 7
500 759 9 9
500 805 20 1
500 816 42 4
500 911 56 13
500 915 22 7
500 1002 41 1
500 1018 13 11
501 606 21 4
501 848 29 12
501 949 45 3
502 535 36 9
502 648 9 8
502 860 30 8
503 814 55 11
503 819 36 3
503 884 9 15
504 657 16 1
504 810 57 2
504 823 10 15
504 998 42 12
505 507 18 15
505 689 20 3
505 725 29 5
505 945 26 3
506 728 23 4
506 802 54 15
506 845 51 3
506 917 18 2
506 939 32 13
506 940 41 7
506 967 60 15
507 896 19 15
507 934 8 11
507 1000 36 8
507 1011 21 2
507 1030 55 10
507 1035 17 14
507 1036 37 11
508 535 26 8
508 610 51 15
508 696 41 9
508 698 18 6
508 742 24 9
508 747 36 1
508 823 17 6
508 842 22 11
508 958 60 1
509 608 17 8
509 656 30 8
509 797 3 5
509 804 16 9
510 602 41 6
510 677 14 11
510 684 58 14
510 726 18 14
510 924 52 12
510 1038 25 8
511 574 56 13
511 627 23 10
511 822 56 7
511 1003 54 3
512 676 47 5
512 783 49 14
512 788 37 4
512 866 55 11
512 947 18 9
512 967 5 3
512 996 14 3
513 514 43 6
513 883 12 3
513 905 26 8
513 920 42 15
514 534 15 10
514 535 14 15
514 544 53 6
514 593 20 15
514 744 25 11
514 750 57 8
514 762 18 1
514 778 27 3
514 798 17 9
514 856 7 2
514 862 20 14
514 905 39 2
515 586 50 9
515 871 41 9
515 902 17 14
515 943 56 10
516 557 8 6
516 728 51 2
516 874 50 11
516 902 39 10
517 753 41 4
517 805 1 3
517 809 19 4
517 867 30 11
517 1019 28 2
518 547 31 8
518 593 48 4
518 623 30 13
518 828 16 10
518 848 13 1
518 873 55 7
518 1025 47 4
519 580 31 12
519 639 38 10
519 716 17 15
519 849 50 1
519 899 47 15
519 1001 12 12
520 700 57 14
520 823 21 11
521 726 28 10
521 823 44 4
521 848 53 10
521 950 51 4
522 584 17 10
522 685 44 12
522 739 52 14
522 908 1 7
522 961 18 9
522 1020 14 7
523 605 15 2
523 621 35 12
523 631 60 7
523 761 18 10
524 600 7 7
524 634 10 7
524 775 40 9
524 842 58 13
524 883 58 14
524 910 57 8
524 1011 37 14
524 1038 45 15
525 555 6 2
525 740 14 13
525 824 21 13
525 856 8 12
525 904 12 6
526 623 57 4
526 674 10 6
526 715 5 7
526 951 15 15
527 551 33 2
527 594 30 10
527 615 35 10
527 623 41 14
527 780 23 15
527 781 38 11
528 566 36 3
528 684 30 2
528 743 21 1
528 783 54 5
528 896 58 1
528 1029 9 7
529 665 3 11
529 834 48 1
530 804 50 12
530 893 44 3
530 903 43 6
530 928 43 6
530 945 31 1
530 969 22 13
531 625 39 12
532 549 20 14
532 691 51 14
532 811 16 13
532 829 25 5
532 854 25 6
532 859 59 1
532 916 25 8
533 595 13 6
533 675 32 1
533 691 3 9
533 952 46 8
533 1032 41 15
534 803 38 13
534 833 24 14
534 898 21 2
535 543 12 7
535 728 43 10
535 780 3 11
535 941 32 3
535 1013 45 8
535 1023 35 8
536 739 35 8
537 594 23 15
537 667 10 7
537 833 50 1
537 1007 8 1
538 744 30 1
538 811 20 15
538 968 53 11
539 588 50 11
539 846 5 2
539 858 40 13
539 920 51 8
539 983 16 15
540 633 33 12
540 668 33 13
540 705 49 2
540 876 58 14
540 877 38 6
541 592 57 1
541 678 15 3
541 719 56 13
541 854 34 1
541 931 58 15
541 1005 21 4
542 558 52 12
542 567 19 9
542 575 10 15
542 690 21 14
542 806 37 6
542 838 56 2
542 864 29 8
542 869 10 10
542 901 46 14
542 934 20 15
542 942 42 7
542 977 9 13
543 621 52 1
543 748 26 8
543 791 46 4
543 898 42 10
543 965 29 2
544 679 55 7
544 742 36 11
545 595 22 13
545 597 2 4
545 618 23 11
545 657 47 13
545 663 37 6
545 742 44 10
545 986 15 14
546 562 54 6
546 576 48 13
546 596 50 11
546 815 40 8
546 928 17 7
546 968 20 7
547 927 12 12
548 710 41 3
548 741 58 5
548 878 9 12
548 978 44 13
549 613 49 12
549 628 20 5
549 763 22 7
549 781 3 3
549 907 48 12
549 927 55 15
550 572 10 14
550 578 30 12
550 811 1 14
550 857 18 12
550 915 17 14
550 981 21 6
551 556 14 10
551 631 1 9
551 802 60 6
551 903 23 13
552 600 16 11
552 605 53 2
552 939 54 2
554 562 15 12
554 770 40 9
554 792 47 13
554 909 8 1
554 939 31 14
554 944 35 5
554 990 21 3
554 996 40 7
554 1004 59 6
555 883 43 8
555 1012 58 6
555 1019 21 9
556 623 47 4
556 634 11 11
556 650 3 6
556 733 32 13
556 824 14 4
556 828 54 9
556 938 53 8
557 864 17 8
557 870 21 4
557 963 13 13
557 1015 19 5
558 578 27 3
558 624 16 12
558 673 2 11
558 732 56 12
558 805 50 3
558 929 10 9
558 950 9 3
558 1017 47 11
559 618 49 6
559 644 3 7
559 797 7 9
559 865 34 12
559 912 15 12
559 923 50 6
559 929 43 2
560 597 4 2
560 640 47 14
560 642 48 14
560 661 4 7
560 706 29 7
560 755 10 7
560 787 49 9
560 1011 37 2
561 567 53 11
561 775 25 1
561 839 46 13
562 738 48 2
562 818 55 7
562 897 56 4
562 977 20 8
563 603 14 13
563 616 21 8
563 642 11 5
563 697 48 4
563 939 19 6
563 958 29 2
563 968 28 15
563 975 27 10
564 667 42 2
564 931 55 6
564 966 37 10
565 655 14 6
565 670 23 6
565 671 8 2
565 814 2 10
565 859 37 10
566 843 52 2
566 978 43 6
567 586 39 13
567 618 32 10
567 670 40 13
567 894 33 3
567 927 36 14
568 634 5 2
568 699 16 12
568 716 11 14
568 724 44 6
568 876 21 14
569 608 28 8
569 657 38 15
569 796 6 6
569 823 60 1
569 897 3 15
570 662 45 14
570 777 11 14
570 986 1 4
571 601 19 1
571 606 14 11
571 624 24 9
571 821 17 9
571 1026 30 7
572 612 57 13
572 879 47 14
572 975 4 2
573 642 10 9
573 821 41 14
573 901 46 8
573 902 14 1
574 738 35 8
574 762 55 3
574 892 60 13
574 919 9 10
575 682 5 2
575 910 50 9
575 914 37 8
575 973 41 6
575 990 40 15
576 588 53 15
576 670 59 14
576 746 8 2
576 777 25 15
576 818 18 1
576 861 49 1
576 882 17 1
577 626 5 8
577 872 52 2
577 951 10 9
578 597 23 7
578 655 15 9
578 711 29 9
578 724 21 12
578 744 41 4
578 757 42 5
579 956 21 5
579 970 8 8
580 665 47 1
580 842 44 7
580 868 33 5
580 971 16 9
581 773 11 13
581 821 42 12
581 837 33 11
581 860 44 13
581 940 5 5
582 583 37 7
582 616 13 14
582 700 21 5
583 643 43 10
583 689 18 15
583 787 6 14
583 818 30 5
583 849 45 1
584 589 60 11
584 672 21 4
584 719 48 14
584 791 17 2
584 956 60 10
584 1032 29 7
585 589 24 3
585 794 35 1
586 725 55 2
586 825 2 12
587 707 28 2
587 826 8 6
587 943 17 1
589 597 18 6
589 625 53 6
589 633 12 7
589 669 4 5
589 845 15 2
589 912 4 15
589 993 15 6
589 1034 9 8
590 896 33 3
590 897 1 3
591 668 48 4
591 683 20 10
591 820 9 5
592 608 28 3
592 913 30 14
592 1022 36 12
593 752 34 11
593 843 39 2
593 950 34 12
594 619 29 6
594 640 56 1
594 868 26 11
594 942 7 12
595 617 41 14
595 691 21 7
595 765 33 2
595 819 40 2
595 954 8 4
595 1029 56 11
595 1036 17 15
596 778 12 5
596 798 30 11
597 730 51 9
597 779 30 4
597 790 46 15
597 865 5 4
597 917 38 5
598 770 19 8
598 941 35 11
598 973 21 14
599 661 26 8
599 689 35 4
599 745 46 2
599 863 9 1
599 886 43 1
599 975 55 8
600 602 1 10
600 834 24 4
600 976 1 14
601 627 20 4
601 730 41 1
601 788 7 8
601 911 32 14
601 964 12 3
601 1006 3 1
602 703 32 15
602 793 29 6
602 1011 54 6
603 631 25 4
603 1006 36 8
604 631 14 2
604 737 14 4
604 749 58 5
604 795 37 10
604 886 58 11
605 632 51 14
605 692 2 1
605 1022 24 10
606 664 53 5
606 978 54 14
606 1002 6 6
607 693 36 2
607 721 24 6
607 929 25 8
608 764 15 8
608 837 52 6
608 919 45 12
608 981 59 14
609 1023 11 9
610 618 42 15
611 619 36 5
611 784 19 7
612 629 5 14
612 670 36 11
612 933 57 8
612 937 22 15
612 961 39 10
613 634 15 13
613 655 5 6
613 834 38 10
613 901 42 6
613 918 20 6
613 994 21 11
613 1024 32 9
614 630 30 6
614 836 40 12
614 985 12 10
614 1020 26 7
615 721 8 13
615 1004 42 11
616 647 39 7
616 650 37 14
616 971 47 15
617 834 51 8
617 855 24 4
617 929 4 6
618 874 27 5
618 897 10 6
619 824 23 8
619 976 39 6
620 630 50 3
620 635 24 14
620 705 28 2
620 884 11 2
620 913 28 11
620 974 27 15
620 1012 9 13
621 821 24 3
621 916 37 3
622 777 23 14
622 1024 27 15
622 1027 52 4
623 750 39 5
623 779 41 15
623 842 3 3
623 847 59 4
623 894 20 9
624 664 6 12
624 669 23 13
624 727 28 11
624 748 14 8
624 760 46 14
624 824 18 8
624 934 21 6
624 1034 59 1
625 819 2 7
626 682 9 11
626 701 53 2
626 978 60 10
626 990 7 3
626 1016 59 11
627 651 15 10
627 1037 60 7
628 716 2 6
628 727 44 13
628 915 45 11
628 950 38 2
629 897 28 3
630 699 57 15
630 977 16 1
632 755 16 7
632 969 20 5
632 1018 6 11
633 649 48 6
633 666 31 6
633 722 2 1
633 735 22 6
633 764 59 2
633 766 56 2
633 781 34 8
633 881 36 3
633 1023 55 2
634 714 4 6
634 778 43 13
634 849 38 4
634 1001 34 3
635 674 22 3
635 786 21 15
635 843 44 5
635 873 12 11
635 913 50 15
635 946 38 6
635 989 22 14
635 1024 49 14
636 650 5 13
636 678 54 3
636 761 30 2
636 768 43 7
636 775 36 1
636 816 2 4
636 965 26 13
637 895 34 7
638 685 43 9
638 759 12 10
638 813 24 13
638 880 44 6
639 675 33 7
639 987 53 15
640 694 46 10
640 762 31 13
640 971 12 7
640 976 13 8
641 699 48 10
641 846 59 13
641 894 51 6
642 671 26 11
642 677 28 14
642 692 18 4
642 822 59 7
642 869 35 11
642 945 60 6
642 960 42 6
642 1024 27 1
643 809 51 5
643 839 45 8
643 892 2 12
643 946 31 12
643 962 44 15
644 660 25 8
644 871 21 5
644 996 21 13
645 712 38 11
646 696 25 11
646 733 36 2
646 828 47 11
646 853 20 14
646 881 41 14
646 996 18 11
646 1021 48 13
647 793 9 4
647 794 58 5
647 878 32 14
647 906 44 7
647 969 33 12
648 654 51 3
648 656 26 5
648 728 51 6
648 766 19 8
648 773 44 1
648 815 35 1
648 856 56 3
648 981 42 8
648 1004 22 2
649 834 54 8
649 864 27 6
649 914 7 13
649 989 25 2
650 763 26 4
651 826 56 6
651 1005 21 1
652 655 3 13
652 708 18 1
652 836 13 4
652 924 60 11
652 952 39 12
652 985 38 14
654 719 46 14
654 769 48 5
655 736 52 2
655 889 5 13
655 945 26 14
656 660 17 2
656 675 41 8
656 688 43 4
656 857 23 6
656 860 41 5
656 941 13 8
657 776 36 12
657 835 16 11
657 962 19 11
658 672 6 6
658 1004 7 7
658 1032 10 3
659 685 10 12
659 811 57 14
659 836 51 4
659 849 6 8
660 715 54 5
660 728 22 4
660 772 13 13
660 1023 5 9
660 1034 27 1
661 667 1 14
661 760 21 11
661 770 38 4
661 780 45 5
662 687 9 10
662 703 36 9
662 786 56 11
662 844 58 8
663 927 40 11
664 696 34 14
664 926 4 9
665 848 36 2
665 996 26 11
665 1034 38 2
667 1034 34 7
668 797 58 15
670 734 12 14
670 791 57 9
670 858 55 15
670 867 24 10
670 1035 9 15
671 764 4 11
671 889 42 12
671 933 2 7
671 941 22 12
671 997 13 13
671 1038 14 14
672 699 47 12
672 758 27 2
672 905 19 12
672 934 58 11
672 954 52 7
672 982 11 7
673 689 21 6
673 839 55 11
673 884 33 15
673 931 30 12
673 951 33 7
673 982 28 9
673 1029 18 10
674 757 17 14
674 792 52 8
674 972 41 1
674 1018 33 13
674 1038 3 6
675 684 34 14
675 687 59 2
675 690 29 12
675 704 34 4
675 762 36 3
675 869 14 14
676 725 50 7
676 817 18 4
676 892 53 6
676 1002 54 3
677 829 31 11
678 804 27 3
679 728 13 9
679 758 49 4
679 788 21 4
679 880 54 12
680 840 5 15
680 967 12 12
680 981 58 6
680 1015 37 6
681 818 36 4
681 937 35 2
681 980 42 10
682 731 25 13
682 735 33 15
682 750 9 12
682 783 49 5
682 1030 18 10
683 704 55 12
683 734 11 4
683 781 1 13
683 877 44 10
684 768 21 10
684 878 56 1
684 909 31 9
684 1031 53 14
685 968 48 9
686 761 44 15
686 805 59 4
686 812 34 3
686 983 8 5
686 984 24 10
686 1014 17 5
686 1017 2 2
687 736 25 12
687 763 3 11
687 773 13 11
687 982 13 6
688 844 3 5
688 948 5 13
689 720 60 13
689 779 31 3
689 916 49 14
690 751 19 3
690 762 31 15
690 840 33 15
691 721 29 15
691 754 11 3
691 780 6 6
692 880 44 4
692 944 54 15
692 973 21 1
693 694 41 6
693 832 60 1
693 924 42 9
693 962 32 1
693 1028 50 8
694 731 56 15
694 870 18 9
694 910 34 13
694 1034 6 3
695 817 58 2
695 845 18 13
695 962 46 13
698 810 12 11
698 837 55 1
698 894 39 3
698 952 16 2
698 958 4 6
698 1035 3 14
699 771 53 5
699 1013 8 6
699 1026 13 7
700 736 8 5
700 797 20 4
700 822 19 13
700 945 26 15
700 978 33 11
700 991 41 5
701 730 45 12
701 963 42 13
702 992 16 13
703 814 31 15
703 817 55 3
703 878 31 15
703 926 40 3
703 934 23 6
703 965 30 13
703 1008 46 6
703 1033 24 1
704 767 48 5
704 780 1 7
704 874 17 4
704 934 59 13
704 955 40 3
704 1012 42 10
705 806 27 13
705 876 38 1
706 847 20 3
706 1023 42 3
707 771 7 6
707 780 9 6
708 857 26 7
708 957 29 1
709 733 47 14
709 823 7 8
709 859 52 11
709 881 32 7
710 839 13 13
710 918 58 8
710 1007 32 11
710 1027 51 8
711 717 59 4
711 743 32 11
711 804 8 9
711 874 31 12
711 886 50 4
711 932 42 1
712 735 8 9
712 895 54 4
713 735 16 5
713 737 8 5
713 741 54 7
713 921 23 5
713 993 19 15
714 887 13 6
714 994 11 5
715 783 14 3
715 815 34 6
715 829 30 7
715 882 4 13
715 916 40 12
715 981 38 2
716 810 39 6
716 900 45 10
716 913 55 13
716 921 9 9
717 788 45 13
718 822 7 15
718 895 21 15
719 817 7 8
719 822 17 6
719 912 29 4
719 923 25 11
719 1008 56 4
720 738 23 6
720 782 37 13
720 787 28 1
720 818 10 2
720 874 49 6
720 970 49 4
721 734 45 8
721 837 25 8
721 858 15 4
721 906 36 14
722 727 33 12
722 764 54 13
722 982 18 13
723 870 39 3
723 948 19 10
723 965 49 7
724 786 58 4
724 794 25 10
724 906 5 14
724 1023 55 1
725 752 43 14
725 780 10 10
726 745 20 13
726 817 52 15
726 833 53 12
727 794 13 15
727 910 45 5
727 1007 12 15
728 862 43 2
729 740 51 7
729 837 12 8
729 846 25 10
729 908 13 12
729 978 48 3
729 1027 60 9
730 765 7 7
730 775 19 5
730 800 28 14
730 801 47 4
730 884 30 11
730 909 17 3
731 862 43 8
731 969 60 11
731 1005 8 2
732 804 59 9
732 816 2 10
732 819 33 15
732 822 20 9
732 1033 51 6
733 746 20 15
734 902 31 9
734 905 55 2
734 972 29 6
734 1025 26 2
735 759 25 1
735 834 29 2
735 848 19 4
735 965 6 13
736 890 50 5
736 929 30 10
736 932 19 9
736 1001 21 5
736 1009 58 9
737 738 43 1
737 769 44 11
737 832 15 12
737 940 55 13
737 1027 27 15
738 838 47 13
738 851 42 3
738 918 11 15
739 756 23 9
739 875 22 6
740 746 34 11
740 772 34 10
741 759 2 10
741 899 7 9
742 745 7 8
742 754 34 1
742 852 6 9
742 867 55 13
742 1025 42 13
744 806 55 4
744 817 44 11
744 824 46 15
744 901 27 5
744 968 13 5
744 1008 28 2
745 843 34 8
746 752 9 8
746 801 5 12
746 842 46 6
748 844 39 13
748 948 57 15
748 992 55 11
749 909 28 6
750 964 37 12
750 967 13 11
750 1003 6 13
751 830 27 8
751 867 39 4
752 882 9 13
753 857 46 13
753 1016 59 7
753 1028 16 3
754 770 38 14
754 915 37 7
755 814 5 15
756 944 41 11
757 781 44 4
757 822 30 9
757 854 24 6
757 1004 35 14
758 781 6 5
758 957 9 8
758 988 58 1
759 833 35 12
760 889 9 1
760 1027 16 5
761 894 23 6
761 946 22 9
761 1007 53 7
762 997 43 1
763 929 3 12
763 937 52 8
764 795 48 11
764 880 57 15
765 936 55 5
766 826 60 15
767 923 48 15
768 775 20 8
768 1025 22 12
768 1037 8 14
769 798 41 9
769 985 32 12
770 807 35 14
770 812 55 7
770 972 45 4
770 1018 50 10
770 1024 48 9
770 1025 3 15
771 784 18 7
771 842 35 8
771 849 22 15
771 1001 14 14
772 957 6 11
772 972 35 2
772 981 39 12
773 840 6 1
773 992 52 15
773 1029 31 1
774 937 18 4
774 981 3 14
774 1016 39 12
776 808 17 4
776 986 47 11
777 826 29 5
777 828 27 2
777 1004 9 4
778 850 20 2
778 981 33 9
779 918 30 1
779 932 17 8
779 938 54 14
779 962 52 12
780 858 50 5
780 862 34 15
780 875 14 5
780 884 10 10
780 972 4 9
781 782 54 3
781 1002 31 5
782 785 30 14
782 832 34 1
782 878 30 10
782 904 10 11
782 999 1 15
782 1013 32 15
782 1018 52 1
783 984 48 14
784 810 14 2
784 931 14 15
784 932 16 3
785 813 18 12
785 912 1 1
786 985 28 15
787 1007 8 12
788 1007 55 3
789 1018 35 3
790 812 19 13
790 856 47 11
790 886 6 13
790 890 4 4
791 932 13 10
792 888 5 6
792 963 59 9
793 876 20 6
793 914 21 2
794 813 46 10
794 824 11 15
794 826 23 2
794 867 36 9
794 996 8 14
795 891 29 15
795 927 10 13
795 968 51 7
796 927 54 11
798 854 49 3
798 856 20 3
799 878 60 15
799 905 45 8
799 914 57 1
799 1007 11 9
800 942 41 11
800 951 32 3
800 993 14 11
800 1010 55 5
801 806 50 6
802 895 46 9
802 927 46 10
802 996 17 15
803 809 49 9
804 838 47 8
804 990 34 9
804 1034 33 7
805 951 22 2
806 834 56 7
806 856 18 11
806 889 49 1
807 902 37 3
808 845 46 8
808 863 8 4
808 872 16 6
808 883 42 2
808 936 23 1
808 969 58 12
809 876 51 11
809 1034 4 3
810 865 52 14
810 988 49 4
811 823 44 4
811 938 28 5
812 962 2 1
812 996 4 6
814 872 4 8
814 946 9 13
815 953 38 6
816 828 11 8
816 863 19 8
816 865 3 10
816 885 18 12
816 891 6 15
816 895 57 4
817 951 3 8
818 910 52 2
818 947 45 11
819 907 25 1
820 982 57 8
821 865 22 3
821 926 42 9
821 990 8 8
822 969 57 6
823 860 13 14
823 955 19 13
823 960 35 5
824 1020 2 11
824 1037 39 12
825 918 26 4
825 1035 31 2
826 855 53 12
826 859 33 5
826 901 53 12
827 946 5 6
827 950 25 8
828 833 50 12
829 916 9 14
830 838 54 4
830 989 4 12
831 911 54 10
832 864 23 4
832 943 1 3
832 970 33 10
832 978 11 12
833 884 10 15
833 944 30 1
833 989 35 6
834 955 27 15
835 879 16 9
835 911 51 6
835 1026 17 6
836 957 12 1
836 979 3 14
837 893 15 5
837 914 50 11
838 939 56 5
839 904 41 7
839 960 54 14
839 970 22 3
840 907 3 6
840 1006 45 11
841 885 46 3
842 857 60 10
843 1020 15 2
844 871 59 9
845 918 38 11
846 937 38 12
846 959 29 4
847 959 34 7
848 938 58 7
848 999 30 8
849 913 8 4
849 964 16 14
849 977 42 13
849 1036 16 5
850 918 12 13
851 965 33 2
851 1010 29 10
851 1019 25 14
852 917 32 4
852 1028 36 13
853 917 56 7
853 1008 37 6
855 1017 9 4
856 899 7 5
856 957 12 10
856 964 15 11
856 996 41 6
856 1019 40 10
857 1000 42 2
857 1022 19 1
858 871 14 4
858 955 46 11
858 995 6 1
858 1012 39 7
859 870 54 3
859 926 47 7
859 952 21 15
861 906 7 8
862 914 39 7
862 919 45 6
863 942 51 10
864 964 52 9
865 902 46 13
866 975 28 6
867 873 54 6
867 1028 3 6
868 892 32 4
868 1005 11 13
868 1036 16 14
869 954 27 15
869 984 37 8
870 908 2 8
870 977 22 2
870 1008 13 3
871 957 7 7
872 900 43 12
872 945 48 13
872 947 41 4
873 986 41 11
874 885 47 6
874 899 59 7
874 981 44 2
875 996 19 8
876 937 2 14
876 964 59 7
876 1014 6 9
876 1016 4 9
877 902 30 6
877 1006 54 4
878 905 13 12
878 947 40 12
878 961 29 10
878 1031 58 7
879 893 37 11
879 1005 53 13
880 921 12 7
880 969 17 1
881 931 48 12
882 889 3 15
882 964 57 1
882 982 50 7
883 936 51 8
883 990 4 13
884 987 46 13
886 956 43 10
886 982 23 11
887 909 47 3
887 942 33 4
887 1034 27 4
888 1028 42 6
889 977 20 11
892 903 8 9
892 986 28 6
893 920 48 14
893 938 13 7
894 986 16 11
895 911 11 6
895 1025 39 7
897 1010 26 4
897 1030 29 2
898 922 41 13
898 967 42 2
900 901 21 11
902 1011 12 7
903 904 38 14
903 1016 35 13
903 1024 37 7
903 1034 53 8
904 913 18 15
904 1030 60 10
905 914 27 14
905 960 15 11
905 965 19 2
905 994 44 14
907 944 59 2
907 948 22 9
908 941 46 3
908 968 28 9
908 973 10 2
909 956 19 12
911 948 9 3
911 990 11 8
912 973 7 13
913 1017 15 3
913 1019 59 13
914 1028 56 9
916 1002 36 3
918 928 55 10
918 945 50 5
918 998 7 7
919 949 2 4
921 1015 58 5
921 1036 53 5
924 934 35 8
924 955 19 1
925 952 22 1
925 1021 7 5
926 951 18 4
926 1039 16 1
927 969 51 7
927 982 42 2
927 1024 48 2
928 976 39 14
928 978 3 2
929 1014 53 5
931 980 8 6
931 992 53 9
934 945 36 1
935 977 7 1
936 1021 17 6
937 979 42 7
940 956 31 12
941 974 31 2
941 988 58 13
942 989 53 1
946 1021 15 13
950 993 48 1
951 972 49 4
951 995 55 12
953 967 32 3
955 1019 15 15
957 1012 6 12
957 1013 52 10
959 1011 42 1
960 997 13 3
961 964 45 8
962 1004 28 1
963 976 19 5
963 978 9 9
964 1034 29 12
966 1015 34 2
968 1026 16 8
969 997 9 8
971 1001 37 9
971 1003 50 14
971 1037 28 7
972 1006 21 11
976 1035 41 10
983 1001 10 8
984 1014 15 2
984 1026 31 10
989 996 36 8
994 1008 9 3
996 1003 48 7
1003 1012 47 9
1011 1019 34 9
1011 1032 24 9
1017 1022 39 3

0 13 13
1 19 18
2 22 4
3 29 50
4 38 47
5 49 45
6 59 39
7 60 13
8 67 47
9 77 32
10 93 21
11 96 5
12 108 12
13 109 15
14 111 34
15 142 6
16 173 11
17 174 27
18 180 41
19 200 26
20 204 34
21 207 43
22 247 2
23 251 17
24 261 10
25 272 38
26 279 43
27 282 18
28 284 31
29 329 27
30 358 37
31 359 30
32 371 4
33 373 29
34 394 39
35 398 46
36 403 3
37 408 35
38 418 17
39 437 2
40 446 12
41 464 11
42 486 24
43 491 39
44 492 4
45 499 16
46 507 46
47 508 40
48 511 10
49 524 38
50 527 47
51 529 15
52 542 29
53 548 46
54 549 6
55 559 9
56 585 26
57 598 8
58 601 25
59 614 17
60 618 43
61 623 18
62 624 47
63 633 9
64 634 7
65 643 4
66 648 22
67 654 2
68 672 26
69 685 28
70 687 41
71 689 23
72 696 21
73 700 40
74 709 12
75 742 34
76 755 11
77 757 33
78 759 21
79 762 25
80 765 44
81 771 33
82 777 37
83 782 43
84 787 2
85 790 1
86 794 27
87 800 38
88 827 7
89 830 46
90 832 43
91 839 9
92 841 7
93 869 38
94 879 25
95 882 11
96 901 32
97 931 37
98 940 44
99 973 26
100 1008 39
101 1024 14
102 1031 15
103 1036 50
